1150.000000 5.240729e-11
1155.000000 3.821633e-10
1160.000000 4.681559e-10
1165.000000 9.802262e-11
1170.000000 5.496270e-11
1175.000000 8.545412e-12
1180.000000 0.000000e+00
1185.000000 0.000000e+00
1190.000000 0.000000e+00
1195.000000 0.000000e+00
1200.000000 8.670048e-12
1205.000000 8.447594e-11
1210.000000 2.500582e-10
1215.000000 3.395227e-10
1220.000000 2.432007e-10
1225.000000 1.208827e-10
1230.000000 9.465835e-11
1235.000000 1.025783e-10
1240.000000 1.157347e-10
1245.000000 8.117831e-11
1250.000000 8.552003e-11
1255.000000 1.216483e-10
1260.000000 1.446698e-10
1265.000000 2.128307e-10
1270.000000 3.915721e-10
1275.000000 4.889380e-10
1280.000000 6.826293e-10
1285.000000 8.504055e-10
1290.000000 8.521031e-10
1295.000000 9.564392e-10
1300.000000 9.656196e-10
1305.000000 7.948178e-10
1310.000000 8.877508e-10
1315.000000 1.333920e-09
1320.000000 1.584691e-09
1325.000000 1.640045e-09
1330.000000 1.634978e-09
1335.000000 1.818680e-09
1340.000000 2.132772e-09
1345.000000 2.215977e-09
1350.000000 2.041424e-09
1355.000000 1.864530e-09
1360.000000 1.821764e-09
1365.000000 1.724563e-09
1370.000000 1.715891e-09
1375.000000 1.840932e-09
1380.000000 1.909095e-09
1385.000000 1.941196e-09
1390.000000 1.984574e-09
1395.000000 1.995207e-09
1400.000000 1.983917e-09
1405.000000 2.097475e-09
1410.000000 2.132008e-09
1415.000000 2.223956e-09
1420.000000 2.430441e-09
1425.000000 2.517343e-09
1430.000000 2.441613e-09
1435.000000 2.379916e-09
1440.000000 2.522208e-09
1445.000000 2.668730e-09
1450.000000 2.860397e-09
1455.000000 2.966607e-09
1460.000000 2.931061e-09
1465.000000 2.791926e-09
1470.000000 2.643732e-09
1475.000000 2.612121e-09
1480.000000 2.726834e-09
1485.000000 2.849836e-09
1490.000000 3.150366e-09
1495.000000 3.414855e-09
1500.000000 3.543053e-09
1505.000000 3.221191e-09
1510.000000 2.804462e-09
1515.000000 2.810229e-09
1520.000000 3.032728e-09
1525.000000 2.879500e-09
1530.000000 2.723793e-09
1535.000000 2.903981e-09
1540.000000 3.331869e-09
1545.000000 3.578620e-09
1550.000000 3.674571e-09
1555.000000 3.573697e-09
1560.000000 3.510532e-09
1565.000000 3.702195e-09
1570.000000 3.690428e-09
1575.000000 3.868142e-09
1580.000000 4.308431e-09
1585.000000 4.423817e-09
1590.000000 4.314270e-09
1595.000000 4.249960e-09
1600.000000 4.378174e-09
1605.000000 4.380191e-09
1610.000000 4.202903e-09
1615.000000 4.164764e-09
1620.000000 4.279755e-09
1625.000000 4.303225e-09
1630.000000 4.146846e-09
1635.000000 4.121632e-09
1640.000000 4.098907e-09
1645.000000 4.168005e-09
1650.000000 4.139070e-09
1655.000000 3.852167e-09
1660.000000 3.905912e-09
1665.000000 4.028645e-09
1670.000000 3.591496e-09
1675.000000 3.687465e-09
1680.000000 4.140175e-09
1685.000000 4.276598e-09
1690.000000 4.358156e-09
1695.000000 4.404459e-09
1700.000000 4.346724e-09
1705.000000 4.327041e-09
1710.000000 4.404276e-09
1715.000000 4.444933e-09
1720.000000 4.327727e-09
1725.000000 4.178525e-09
1730.000000 4.336448e-09
1735.000000 4.427773e-09
1740.000000 4.553796e-09
1745.000000 4.686537e-09
1750.000000 4.810615e-09
1755.000000 4.992929e-09
1760.000000 4.802733e-09
1765.000000 4.555222e-09
1770.000000 4.645603e-09
1775.000000 4.815834e-09
1780.000000 4.883264e-09
1785.000000 4.557489e-09
1790.000000 4.281838e-09
1795.000000 5.004657e-09
1800.000000 5.390769e-09
1805.000000 5.314756e-09
1810.000000 5.257122e-09
1815.000000 5.393287e-09
1820.000000 5.528193e-09
1825.000000 5.541889e-09
1830.000000 5.247537e-09
1835.000000 4.987119e-09
1840.000000 4.789976e-09
1845.000000 4.646336e-09
1850.000000 4.737341e-09
1855.000000 4.804240e-09
1860.000000 4.814424e-09
1865.000000 4.832771e-09
1870.000000 4.973328e-09
1875.000000 5.025615e-09
1880.000000 5.073721e-09
1885.000000 5.182475e-09
1890.000000 5.088425e-09
1895.000000 4.936895e-09
1900.000000 4.788214e-09
1905.000000 4.707163e-09
1910.000000 4.715248e-09
1915.000000 4.819492e-09
1920.000000 4.872173e-09
1925.000000 4.849798e-09
1930.000000 4.802156e-09
1935.000000 4.812249e-09
1940.000000 4.970586e-09
1945.000000 5.138569e-09
1950.000000 5.151761e-09
1955.000000 5.155138e-09
1960.000000 5.219909e-09
1965.000000 5.261614e-09
1970.000000 5.174337e-09
1975.000000 5.285893e-09
1980.000000 5.300132e-09
1985.000000 5.342814e-09
1990.000000 5.219919e-09
1995.000000 5.005503e-09
2000.000000 5.012277e-09
2005.000000 4.926265e-09
2010.000000 4.735243e-09
2015.000000 4.762684e-09
2020.000000 4.699845e-09
2025.000000 4.654243e-09
2030.000000 4.627405e-09
2035.000000 4.604505e-09
2040.000000 4.713985e-09
2045.000000 4.891697e-09
2050.000000 5.101723e-09
2055.000000 5.121721e-09
2060.000000 4.794851e-09
2065.000000 4.655874e-09
2070.000000 4.795804e-09
2075.000000 5.050961e-09
2080.000000 5.195167e-09
2085.000000 5.170282e-09
2090.000000 5.241016e-09
2095.000000 4.951181e-09
2100.000000 4.663510e-09
2105.000000 4.615515e-09
2110.000000 4.734542e-09
2115.000000 4.742309e-09
2120.000000 4.717685e-09
2125.000000 4.657481e-09
2130.000000 4.493238e-09
2135.000000 4.022902e-09
2140.000000 3.856722e-09
2145.000000 4.277227e-09
2150.000000 4.591294e-09
2155.000000 4.648037e-09
2160.000000 4.486878e-09
2165.000000 3.986450e-09
2170.000000 3.732219e-09
2175.000000 3.686309e-09
2180.000000 3.740553e-09
2185.000000 3.935323e-09
2190.000000 4.085358e-09
2195.000000 4.169427e-09
2200.000000 4.306380e-09
2205.000000 4.261682e-09
2210.000000 3.903729e-09
2215.000000 3.664012e-09
2220.000000 3.674136e-09
2225.000000 3.646611e-09
2230.000000 3.516834e-09
2235.000000 3.687445e-09
2240.000000 3.869268e-09
2245.000000 3.668537e-09
2250.000000 3.528392e-09
2255.000000 3.626864e-09
2260.000000 3.605456e-09
2265.000000 3.566403e-09
2270.000000 3.600189e-09
2275.000000 3.740028e-09
2280.000000 3.770279e-09
2285.000000 3.734222e-09
2290.000000 3.864623e-09
2295.000000 3.877552e-09
2300.000000 3.659486e-09
2305.000000 3.492577e-09
2310.000000 3.573775e-09
2315.000000 3.473201e-09
2320.000000 3.389511e-09
2325.000000 3.411912e-09
2330.000000 3.401103e-09
2335.000000 3.374974e-09
2340.000000 3.294563e-09
2345.000000 3.136573e-09
2350.000000 3.109056e-09
2355.000000 3.254118e-09
2360.000000 3.318213e-09
2365.000000 3.270612e-09
2370.000000 3.297433e-09
2375.000000 3.323443e-09
2380.000000 3.269409e-09
2385.000000 3.041713e-09
2390.000000 2.848709e-09
2395.000000 2.923650e-09
2400.000000 2.979368e-09
2405.000000 2.895168e-09
2410.000000 2.753735e-09
2415.000000 2.834994e-09
2420.000000 3.038274e-09
2425.000000 3.321862e-09
2430.000000 3.467785e-09
2435.000000 3.419431e-09
2440.000000 3.397225e-09
2445.000000 3.399757e-09
2450.000000 3.347953e-09
2455.000000 3.428785e-09
2460.000000 3.566343e-09
2465.000000 3.499372e-09
2470.000000 3.300382e-09
2475.000000 3.228957e-09
2480.000000 3.364343e-09
2485.000000 3.334239e-09
2490.000000 3.191120e-09
2495.000000 3.150355e-09
2500.000000 3.501642e-09
2505.000000 3.659853e-09
2510.000000 3.523219e-09
2515.000000 3.457217e-09
2520.000000 3.318524e-09
2525.000000 3.111307e-09
2530.000000 3.070781e-09
2535.000000 3.125505e-09
2540.000000 3.126653e-09
2545.000000 3.081028e-09
2550.000000 3.067420e-09
2555.000000 3.163571e-09
2560.000000 3.310242e-09
2565.000000 3.414073e-09
2570.000000 3.504869e-09
2575.000000 3.517169e-09
2580.000000 3.267544e-09
2585.000000 3.184117e-09
2590.000000 3.423314e-09
2595.000000 3.479662e-09
2600.000000 3.414636e-09
2605.000000 3.320872e-09
2610.000000 3.233654e-09
2615.000000 3.246926e-09
2620.000000 3.355066e-09
2625.000000 3.497123e-09
2630.000000 3.494455e-09
2635.000000 3.584992e-09
2640.000000 3.863287e-09
2645.000000 4.091231e-09
2650.000000 4.208252e-09
2655.000000 4.256266e-09
2660.000000 4.087062e-09
2665.000000 3.845068e-09
2670.000000 3.703436e-09
2675.000000 3.687194e-09
2680.000000 3.808364e-09
2685.000000 3.813231e-09
2690.000000 3.694304e-09
2695.000000 3.496222e-09
2700.000000 3.476166e-09
2705.000000 3.570637e-09
2710.000000 3.545665e-09
2715.000000 3.549839e-09
2720.000000 3.541745e-09
2725.000000 3.496801e-09
2730.000000 3.601917e-09
2735.000000 3.774444e-09
2740.000000 3.682727e-09
2745.000000 3.327499e-09
2750.000000 3.072776e-09
2755.000000 3.016878e-09
2760.000000 3.091256e-09
2765.000000 3.250303e-09
2770.000000 3.377589e-09
2775.000000 3.517319e-09
2780.000000 3.534962e-09
2785.000000 3.504590e-09
2790.000000 3.523701e-09
2795.000000 3.267048e-09
2800.000000 2.809463e-09
2805.000000 2.832884e-09
2810.000000 3.232371e-09
2815.000000 3.683324e-09
2820.000000 3.884133e-09
2825.000000 3.895167e-09
2830.000000 3.745531e-09
2835.000000 3.685610e-09
2840.000000 3.684667e-09
2845.000000 3.614793e-09
2850.000000 3.564534e-09
2855.000000 3.556474e-09
2860.000000 3.609991e-09
2865.000000 3.615374e-09
2870.000000 3.589794e-09
2875.000000 3.556996e-09
2880.000000 3.583608e-09
2885.000000 3.629107e-09
2890.000000 3.568078e-09
2895.000000 3.540130e-09
2900.000000 3.681328e-09
2905.000000 3.858482e-09
2910.000000 3.951857e-09
2915.000000 4.067668e-09
2920.000000 4.068116e-09
2925.000000 3.881249e-09
2930.000000 3.770301e-09
2935.000000 3.774787e-09
2940.000000 3.831155e-09
2945.000000 3.923417e-09
2950.000000 3.932167e-09
2955.000000 3.954240e-09
2960.000000 3.935552e-09
2965.000000 3.847774e-09
2970.000000 3.855607e-09
2975.000000 3.916243e-09
2980.000000 3.942286e-09
2985.000000 3.885470e-09
2990.000000 3.967600e-09
2995.000000 4.036401e-09
3000.000000 4.021805e-09
3005.000000 3.986768e-09
3010.000000 4.039063e-09
3015.000000 4.084013e-09
3020.000000 4.009165e-09
3025.000000 3.974749e-09
3030.000000 3.933295e-09
3035.000000 3.896480e-09
3040.000000 3.968032e-09
3045.000000 3.933285e-09
3050.000000 3.903476e-09
3055.000000 3.873851e-09
3060.000000 3.809648e-09
3065.000000 3.825570e-09
3070.000000 3.853463e-09
3075.000000 3.864255e-09
3080.000000 3.943908e-09
3085.000000 3.954910e-09
3090.000000 3.959570e-09
3095.000000 3.953419e-09
3100.000000 3.888364e-09
3105.000000 3.870446e-09
3110.000000 3.848461e-09
3115.000000 3.838811e-09
3120.000000 3.775426e-09
3125.000000 3.861312e-09
3130.000000 3.948954e-09
3135.000000 3.943057e-09
3140.000000 3.950672e-09
3145.000000 4.022903e-09
3150.000000 3.935019e-09
3155.000000 3.833187e-09
3160.000000 3.790741e-09
3165.000000 3.807056e-09
3170.000000 3.861379e-09
3175.000000 3.872788e-09
3180.000000 3.777530e-09
3185.000000 3.733187e-09
3190.000000 3.820448e-09
3195.000000 3.822319e-09
3200.000000 3.859279e-09
3205.000000 3.830642e-09
3210.000000 3.794068e-09
3215.000000 3.770749e-09
3220.000000 3.753389e-09
3225.000000 3.735825e-09
3230.000000 3.731026e-09
3235.000000 3.746093e-09
3240.000000 3.754604e-09
3245.000000 3.737630e-09
3250.000000 3.727887e-09
3255.000000 3.752878e-09
3260.000000 3.775286e-09
3265.000000 3.754788e-09
3270.000000 3.708843e-09
3275.000000 3.669149e-09
3280.000000 3.645761e-09
3285.000000 3.642248e-09
3290.000000 3.667267e-09
3295.000000 3.716172e-09
3300.000000 3.744880e-09
3305.000000 3.717119e-09
3310.000000 3.656643e-09
3315.000000 3.604084e-09
3320.000000 3.582277e-09
3325.000000 3.589680e-09
3330.000000 3.582125e-09
3335.000000 3.529476e-09
3340.000000 3.478669e-09
3345.000000 3.482378e-09
3350.000000 3.529572e-09
3355.000000 3.579903e-09
3360.000000 3.583926e-09
3365.000000 3.520838e-09
3370.000000 3.450752e-09
3375.000000 3.436034e-09
3380.000000 3.464748e-09
3385.000000 3.502277e-09
3390.000000 3.530472e-09
3395.000000 3.540374e-09
3400.000000 3.529294e-09
3405.000000 3.505481e-09
3410.000000 3.499037e-09
3415.000000 3.527478e-09
3420.000000 3.554633e-09
3425.000000 3.541449e-09
3430.000000 3.495460e-09
3435.000000 3.442256e-09
3440.000000 3.406265e-09
3445.000000 3.401086e-09
3450.000000 3.414229e-09
3455.000000 3.425214e-09
3460.000000 3.418794e-09
3465.000000 3.390389e-09
3470.000000 3.357058e-09
3475.000000 3.336228e-09
3480.000000 3.324931e-09
3485.000000 3.314166e-09
3490.000000 3.300077e-09
3495.000000 3.285095e-09
3500.000000 3.281535e-09
3505.000000 3.295880e-09
3510.000000 3.310527e-09
3515.000000 3.311011e-09
3520.000000 3.314369e-09
3525.000000 3.336929e-09
3530.000000 3.361639e-09
3535.000000 3.368153e-09
3540.000000 3.361565e-09
3545.000000 3.353987e-09
3550.000000 3.349452e-09
3555.000000 3.346419e-09
3560.000000 3.337632e-09
3565.000000 3.316713e-09
3570.000000 3.285276e-09
3575.000000 3.251843e-09
3580.000000 3.234272e-09
3585.000000 3.243196e-09
3590.000000 3.261443e-09
3595.000000 3.268295e-09
3600.000000 3.261588e-09
3605.000000 3.247598e-09
3610.000000 3.235171e-09
3615.000000 3.229144e-09
3620.000000 3.222165e-09
3625.000000 3.207445e-09
3630.000000 3.191620e-09
3635.000000 3.184004e-09
3640.000000 3.186897e-09
3645.000000 3.197209e-09
3650.000000 3.205412e-09
3655.000000 3.205123e-09
3660.000000 3.203710e-09
3665.000000 3.204901e-09
3670.000000 3.190445e-09
3675.000000 3.151436e-09
3680.000000 3.124148e-09
3685.000000 3.137909e-09
3690.000000 3.159662e-09
3695.000000 3.156499e-09
3700.000000 3.158020e-09
3705.000000 3.200066e-09
3710.000000 3.270986e-09
3715.000000 3.346230e-09
3720.000000 3.416827e-09
3725.000000 3.484727e-09
3730.000000 3.563094e-09
3735.000000 3.662640e-09
3740.000000 3.777879e-09
3745.000000 3.903949e-09
3750.000000 4.051574e-09
3755.000000 4.208852e-09
3760.000000 4.296397e-09
3765.000000 4.300409e-09
3770.000000 4.436358e-09
3775.000000 4.855002e-09
3780.000000 5.309952e-09
3785.000000 5.490161e-09
3790.000000 5.328648e-09
3795.000000 4.978615e-09
3800.000000 4.901539e-09
3805.000000 5.422573e-09
3810.000000 6.208054e-09
3815.000000 6.737437e-09
3820.000000 6.677324e-09
3825.000000 5.977173e-09
3830.000000 5.124479e-09
3835.000000 4.691511e-09
3840.000000 4.932626e-09
3845.000000 5.811979e-09
3850.000000 6.865248e-09
3855.000000 7.625382e-09
3860.000000 8.028416e-09
3865.000000 8.119582e-09
3870.000000 7.827929e-09
3875.000000 7.109902e-09
3880.000000 6.133731e-09
3885.000000 5.203039e-09
3890.000000 4.749889e-09
3895.000000 5.060915e-09
3900.000000 5.914259e-09
3905.000000 6.928490e-09
3910.000000 7.811018e-09
3915.000000 8.368341e-09
3920.000000 8.570062e-09
3925.000000 8.489159e-09
3930.000000 8.313471e-09
3935.000000 8.220308e-09
3940.000000 8.242709e-09
3945.000000 8.286740e-09
3950.000000 8.077412e-09
3955.000000 7.395769e-09
3960.000000 6.359154e-09
3965.000000 5.305446e-09
3970.000000 4.796638e-09
3975.000000 5.209107e-09
3980.000000 6.215687e-09
3985.000000 7.298500e-09
3990.000000 8.146431e-09
3995.000000 8.627768e-09
4000.000000 8.855847e-09
4005.000000 8.985688e-09
4010.000000 9.050436e-09
4015.000000 9.047475e-09
4020.000000 9.007906e-09
4025.000000 8.969007e-09
4030.000000 8.945166e-09
4035.000000 8.936412e-09
4040.000000 8.928760e-09
4045.000000 8.908721e-09
4050.000000 8.876316e-09
4055.000000 8.827284e-09
4060.000000 8.734186e-09
4065.000000 8.580012e-09
4070.000000 8.394810e-09
4075.000000 8.177638e-09
4080.000000 7.801814e-09
4085.000000 7.148320e-09
4090.000000 6.255422e-09
4095.000000 5.307686e-09
4100.000000 4.705572e-09
4105.000000 4.769868e-09
4110.000000 5.395126e-09
4115.000000 6.295625e-09
4120.000000 7.143938e-09
4125.000000 7.703479e-09
4130.000000 8.005493e-09
4135.000000 8.165943e-09
4140.000000 8.258446e-09
4145.000000 8.319833e-09
4150.000000 8.341804e-09
4155.000000 8.313942e-09
4160.000000 8.261923e-09
4165.000000 8.212541e-09
4170.000000 8.159857e-09
4175.000000 8.101704e-09
4180.000000 8.077331e-09
4185.000000 8.112938e-09
4190.000000 8.159700e-09
4195.000000 8.168755e-09
4200.000000 8.165284e-09
4205.000000 8.179942e-09
4210.000000 8.183274e-09
4215.000000 8.141843e-09
4220.000000 8.073563e-09
4225.000000 8.010934e-09
4230.000000 7.971186e-09
4235.000000 7.956378e-09
4240.000000 7.946507e-09
4245.000000 7.925703e-09
4250.000000 7.909279e-09
4255.000000 7.909541e-09
4260.000000 7.900773e-09
4265.000000 7.859470e-09
4270.000000 7.805993e-09
4275.000000 7.764415e-09
4280.000000 7.724140e-09
4285.000000 7.664192e-09
4290.000000 7.572944e-09
4295.000000 7.447831e-09
4300.000000 7.300179e-09
4305.000000 7.145827e-09
4310.000000 6.993504e-09
4315.000000 6.794375e-09
4320.000000 6.365493e-09
4325.000000 5.603344e-09
4330.000000 4.746790e-09
4335.000000 4.112358e-09
4340.000000 3.873608e-09
4345.000000 4.099160e-09
4350.000000 4.724929e-09
4355.000000 5.582055e-09
4360.000000 6.357861e-09
4365.000000 6.804290e-09
4370.000000 6.983063e-09
4375.000000 7.040802e-09
4380.000000 7.038858e-09
4385.000000 7.005757e-09
4390.000000 6.977358e-09
4395.000000 6.978142e-09
4400.000000 6.991936e-09
4405.000000 6.996406e-09
4410.000000 6.993553e-09
4415.000000 6.993425e-09
4420.000000 7.001149e-09
4425.000000 7.012570e-09
4430.000000 7.005982e-09
4435.000000 6.966081e-09
4440.000000 6.911398e-09
4445.000000 6.865676e-09
4450.000000 6.831651e-09
4455.000000 6.799799e-09
4460.000000 6.750439e-09
4465.000000 6.670163e-09
4470.000000 6.571650e-09
4475.000000 6.480573e-09
4480.000000 6.429412e-09
4485.000000 6.435775e-09
4490.000000 6.472320e-09
4495.000000 6.505341e-09
4500.000000 6.528624e-09
4505.000000 6.543023e-09
4510.000000 6.540115e-09
4515.000000 6.514143e-09
4520.000000 6.476552e-09
4525.000000 6.441319e-09
4530.000000 6.411305e-09
4535.000000 6.383189e-09
4540.000000 6.349476e-09
4545.000000 6.307320e-09
4550.000000 6.269802e-09
4555.000000 6.251457e-09
4560.000000 6.254147e-09
4565.000000 6.271320e-09
4570.000000 6.287487e-09
4575.000000 6.288343e-09
4580.000000 6.271905e-09
4585.000000 6.245624e-09
4590.000000 6.228545e-09
4595.000000 6.233146e-09
4600.000000 6.243789e-09
4605.000000 6.241426e-09
4610.000000 6.226084e-09
4615.000000 6.203075e-09
4620.000000 6.172115e-09
4625.000000 6.135735e-09
4630.000000 6.109188e-09
4635.000000 6.103692e-09
4640.000000 6.106739e-09
4645.000000 6.098827e-09
4650.000000 6.066790e-09
4655.000000 6.011402e-09
4660.000000 5.962435e-09
4665.000000 5.947154e-09
4670.000000 5.957924e-09
4675.000000 5.975780e-09
4680.000000 5.987929e-09
4685.000000 5.987798e-09
4690.000000 5.977816e-09
4695.000000 5.960969e-09
4700.000000 5.933705e-09
4705.000000 5.897010e-09
4710.000000 5.869546e-09
4715.000000 5.863850e-09
4720.000000 5.859443e-09
4725.000000 5.836332e-09
4730.000000 5.808877e-09
4735.000000 5.795103e-09
4740.000000 5.787980e-09
4745.000000 5.774932e-09
4750.000000 5.754555e-09
4755.000000 5.729433e-09
4760.000000 5.700814e-09
4765.000000 5.670154e-09
4770.000000 5.641208e-09
4775.000000 5.617632e-09
4780.000000 5.600080e-09
4785.000000 5.585292e-09
4790.000000 5.563272e-09
4795.000000 5.528326e-09
4800.000000 5.491981e-09
4805.000000 5.463483e-09
4810.000000 5.429055e-09
4815.000000 5.371651e-09
4820.000000 5.289394e-09
4825.000000 5.188129e-09
4830.000000 5.075620e-09
4835.000000 4.934509e-09
4840.000000 4.683520e-09
4845.000000 4.266778e-09
4850.000000 3.761963e-09
4855.000000 3.308097e-09
4860.000000 3.067244e-09
4865.000000 3.147427e-09
4870.000000 3.491624e-09
4875.000000 3.966855e-09
4880.000000 4.406840e-09
4885.000000 4.692058e-09
4890.000000 4.853844e-09
4895.000000 4.960858e-09
4900.000000 5.030725e-09
4905.000000 5.061630e-09
4910.000000 5.056628e-09
4915.000000 5.027050e-09
4920.000000 4.998243e-09
4925.000000 4.991522e-09
4930.000000 5.003574e-09
4935.000000 5.020981e-09
4940.000000 5.028907e-09
4945.000000 5.017548e-09
4950.000000 4.991360e-09
4955.000000 4.961256e-09
4960.000000 4.940385e-09
4965.000000 4.933517e-09
4970.000000 4.922209e-09
4975.000000 4.891280e-09
4980.000000 4.856700e-09
4985.000000 4.836710e-09
4990.000000 4.824122e-09
4995.000000 4.806550e-09
5000.000000 4.783911e-09
5005.000000 4.759624e-09
5010.000000 4.733589e-09
5015.000000 4.707029e-09
5020.000000 4.688248e-09
5025.000000 4.681882e-09
5030.000000 4.675943e-09
5035.000000 4.657888e-09
5040.000000 4.630438e-09
5045.000000 4.600788e-09
5050.000000 4.572545e-09
5055.000000 4.548973e-09
5060.000000 4.535970e-09
5065.000000 4.534809e-09
5070.000000 4.532134e-09
5075.000000 4.515770e-09
5080.000000 4.491286e-09
5085.000000 4.467889e-09
5090.000000 4.446576e-09
5095.000000 4.426362e-09
5100.000000 4.409703e-09
5105.000000 4.398566e-09
5110.000000 4.389887e-09
5115.000000 4.379804e-09
5120.000000 4.367611e-09
5125.000000 4.354368e-09
5130.000000 4.342493e-09
5135.000000 4.334486e-09
5140.000000 4.331547e-09
5145.000000 4.332370e-09
5150.000000 4.330536e-09
5155.000000 4.319517e-09
5160.000000 4.297795e-09
5165.000000 4.267699e-09
5170.000000 4.236438e-09
5175.000000 4.211282e-09
5180.000000 4.194798e-09
5185.000000 4.186745e-09
5190.000000 4.184275e-09
5195.000000 4.184495e-09
5200.000000 4.186606e-09
5205.000000 4.188541e-09
5210.000000 4.183035e-09
5215.000000 4.164005e-09
5220.000000 4.134037e-09
5225.000000 4.100844e-09
5230.000000 4.076508e-09
5235.000000 4.069560e-09
5240.000000 4.074653e-09
5245.000000 4.080537e-09
5250.000000 4.074588e-09
5255.000000 4.050600e-09
5260.000000 4.019950e-09
5265.000000 3.995727e-09
5270.000000 3.978358e-09
5275.000000 3.966402e-09
5280.000000 3.965926e-09
5285.000000 3.978605e-09
5290.000000 3.987218e-09
5295.000000 3.975992e-09
5300.000000 3.952020e-09
5305.000000 3.927140e-09
5310.000000 3.902575e-09
5315.000000 3.877414e-09
5320.000000 3.856355e-09
5325.000000 3.844020e-09
5330.000000 3.839113e-09
5335.000000 3.838288e-09
5340.000000 3.838975e-09
5345.000000 3.839059e-09
5350.000000 3.836723e-09
5355.000000 3.830031e-09
5360.000000 3.817045e-09
5365.000000 3.798962e-09
5370.000000 3.784989e-09
5375.000000 3.782547e-09
5380.000000 3.786300e-09
5385.000000 3.786599e-09
5390.000000 3.775736e-09
5395.000000 3.751565e-09
5400.000000 3.724131e-09
5405.000000 3.705907e-09
5410.000000 3.703107e-09
5415.000000 3.714577e-09
5420.000000 3.726586e-09
5425.000000 3.726480e-09
5430.000000 3.716819e-09
5435.000000 3.704325e-09
5440.000000 3.691158e-09
5445.000000 3.676877e-09
5450.000000 3.659429e-09
5455.000000 3.638332e-09
5460.000000 3.618582e-09
5465.000000 3.605445e-09
5470.000000 3.599279e-09
5475.000000 3.597310e-09
5480.000000 3.593974e-09
5485.000000 3.586221e-09
5490.000000 3.579935e-09
5495.000000 3.578696e-09
5500.000000 3.571492e-09
5505.000000 3.549852e-09
5510.000000 3.526226e-09
5515.000000 3.515020e-09
5520.000000 3.514328e-09
5525.000000 3.516170e-09
5530.000000 3.513571e-09
5535.000000 3.503921e-09
5540.000000 3.494360e-09
5545.000000 3.491728e-09
5550.000000 3.492579e-09
5555.000000 3.491344e-09
5560.000000 3.487242e-09
5565.000000 3.480483e-09
5570.000000 3.469111e-09
5575.000000 3.452629e-09
5580.000000 3.436552e-09
5585.000000 3.426406e-09
5590.000000 3.421418e-09
5595.000000 3.417635e-09
5600.000000 3.409428e-09
5605.000000 3.394814e-09
5610.000000 3.382546e-09
5615.000000 3.380190e-09
5620.000000 3.381715e-09
5625.000000 3.379064e-09
5630.000000 3.372634e-09
5635.000000 3.365029e-09
5640.000000 3.355936e-09
5645.000000 3.344558e-09
5650.000000 3.331973e-09
5655.000000 3.319494e-09
5660.000000 3.307274e-09
5665.000000 3.296045e-09
5670.000000 3.289047e-09
5675.000000 3.287087e-09
5680.000000 3.282375e-09
5685.000000 3.268961e-09
5690.000000 3.254063e-09
5695.000000 3.245303e-09
5700.000000 3.238277e-09
5705.000000 3.227029e-09
5710.000000 3.213841e-09
5715.000000 3.202725e-09
5720.000000 3.193621e-09
5725.000000 3.184880e-09
5730.000000 3.175208e-09
5735.000000 3.164423e-09
5740.000000 3.154929e-09
5745.000000 3.149064e-09
5750.000000 3.146572e-09
5755.000000 3.146182e-09
5760.000000 3.146504e-09
5765.000000 3.146343e-09
5770.000000 3.144945e-09
5775.000000 3.141741e-09
5780.000000 3.136197e-09
5785.000000 3.128109e-09
5790.000000 3.118073e-09
5795.000000 3.107041e-09
5800.000000 3.095949e-09
5805.000000 3.085469e-09
5810.000000 3.075665e-09
5815.000000 3.066303e-09
5820.000000 3.057155e-09
5825.000000 3.047957e-09
5830.000000 3.038434e-09
5835.000000 3.028272e-09
5840.000000 3.017181e-09
5845.000000 3.005043e-09
5850.000000 2.992152e-09
5855.000000 2.978967e-09
5860.000000 2.965966e-09
5865.000000 2.953534e-09
5870.000000 2.941846e-09
5875.000000 2.931001e-09
5880.000000 2.921074e-09
5885.000000 2.912136e-09
5890.000000 2.904239e-09
5895.000000 2.897401e-09
5900.000000 2.891639e-09
5905.000000 2.886758e-09
5910.000000 2.882070e-09
5915.000000 2.876664e-09
5920.000000 2.869664e-09
5925.000000 2.860546e-09
5930.000000 2.849725e-09
5935.000000 2.837967e-09
5940.000000 2.826060e-09
5945.000000 2.814685e-09
5950.000000 2.804207e-09
5955.000000 2.794909e-09
5960.000000 2.787014e-09
5965.000000 2.780542e-09
5970.000000 2.774988e-09
5975.000000 2.769646e-09
5980.000000 2.763793e-09
5985.000000 2.757037e-09
5990.000000 2.749727e-09
5995.000000 2.742521e-09
6000.000000 2.737568e-09
6005.000000 2.740270e-09
6010.000000 2.731779e-09
6015.000000 2.724683e-09
6020.000000 2.719166e-09
6025.000000 2.732082e-09
6030.000000 2.745877e-09
6035.000000 2.710349e-09
6040.000000 2.697875e-09
6045.000000 2.701005e-09
6050.000000 2.691829e-09
6055.000000 2.678674e-09
6060.000000 2.675107e-09
6065.000000 2.675242e-09
6070.000000 2.675698e-09
6075.000000 2.669426e-09
6080.000000 2.660722e-09
6085.000000 2.658155e-09
6090.000000 2.656688e-09
6095.000000 2.652023e-09
6100.000000 2.641456e-09
6105.000000 2.637645e-09
6110.000000 2.635740e-09
6115.000000 2.627826e-09
6120.000000 2.616234e-09
6125.000000 2.607139e-09
6130.000000 2.601560e-09
6135.000000 2.593920e-09
6140.000000 2.580218e-09
6145.000000 2.567725e-09
6150.000000 2.554236e-09
6155.000000 2.538317e-09
6160.000000 2.534099e-09
6165.000000 2.542458e-09
6170.000000 2.539523e-09
6175.000000 2.535885e-09
6180.000000 2.542425e-09
6185.000000 2.535958e-09
6190.000000 2.525736e-09
6195.000000 2.521123e-09
6200.000000 2.512982e-09
6205.000000 2.511793e-09
6210.000000 2.503301e-09
6215.000000 2.500055e-09
6220.000000 2.500478e-09
6225.000000 2.492826e-09
6230.000000 2.483239e-09
6235.000000 2.476410e-09
6240.000000 2.469695e-09
6245.000000 2.466038e-09
6250.000000 2.461801e-09
6255.000000 2.462870e-09
6260.000000 2.468578e-09
6265.000000 2.454082e-09
6270.000000 2.434805e-09
6275.000000 2.404726e-09
6280.000000 2.375813e-09
6285.000000 2.391858e-09
6290.000000 2.397507e-09
6295.000000 2.388968e-09
6300.000000 2.383359e-09
6305.000000 2.385694e-09
6310.000000 2.387976e-09
6315.000000 2.381352e-09
6320.000000 2.379471e-09
6325.000000 2.374936e-09
6330.000000 2.367282e-09
6335.000000 2.360657e-09
6340.000000 2.349296e-09
6345.000000 2.326973e-09
6350.000000 2.322150e-09
6355.000000 2.332732e-09
6360.000000 2.331670e-09
6365.000000 2.319135e-09
6370.000000 2.308377e-09
6375.000000 2.309847e-09
6380.000000 2.312597e-09
6385.000000 2.307101e-09
6390.000000 2.301176e-09
6395.000000 2.294039e-09
6400.000000 2.298733e-09
6405.000000 2.297678e-09
6410.000000 2.295072e-09
6415.000000 2.285903e-09
6420.000000 2.283415e-09
6425.000000 2.291601e-09
6430.000000 2.279165e-09
6435.000000 2.274428e-09
6440.000000 2.264172e-09
6445.000000 2.249960e-09
6450.000000 2.233521e-09
6455.000000 2.204095e-09
6460.000000 2.204085e-09
6465.000000 2.200156e-09
6470.000000 2.174887e-09
6475.000000 2.152743e-09
6480.000000 2.132108e-09
6485.000000 2.115279e-09
6490.000000 2.105656e-09
6495.000000 2.097977e-09
6500.000000 2.117317e-09
6505.000000 2.132458e-09
6510.000000 2.132060e-09
6515.000000 2.104231e-09
6520.000000 2.109227e-09
6525.000000 2.081660e-09
6530.000000 2.055205e-09
6535.000000 2.018027e-09
6540.000000 1.967168e-09
6545.000000 1.880668e-09
6550.000000 1.759200e-09
6555.000000 1.574054e-09
6560.000000 1.346156e-09
6565.000000 1.309778e-09
6570.000000 1.563668e-09
6575.000000 1.763132e-09
6580.000000 1.884903e-09
6585.000000 1.966846e-09
6590.000000 2.018088e-09
6595.000000 2.052736e-09
6600.000000 2.071562e-09
6605.000000 2.097915e-09
6610.000000 2.114567e-09
6615.000000 2.113167e-09
6620.000000 2.097617e-09
6625.000000 2.076887e-09
6630.000000 2.052765e-09
6635.000000 2.038960e-09
6640.000000 2.039181e-09
6645.000000 2.033095e-09
6650.000000 2.034904e-09
6655.000000 2.022774e-09
6660.000000 2.017671e-09
6665.000000 2.011622e-09
6670.000000 2.016376e-09
6675.000000 2.010148e-09
6680.000000 2.004761e-09
6685.000000 1.991341e-09
6690.000000 1.991203e-09
6695.000000 1.989341e-09
6700.000000 1.983912e-09
6705.000000 1.976699e-09
6710.000000 1.971209e-09
6715.000000 1.966167e-09
6720.000000 1.961453e-09
6725.000000 1.958810e-09
6730.000000 1.956079e-09
6735.000000 1.948878e-09
6740.000000 1.944831e-09
6745.000000 1.947225e-09
6750.000000 1.947682e-09
6755.000000 1.939129e-09
6760.000000 1.932664e-09
6765.000000 1.933661e-09
6770.000000 1.924078e-09
6775.000000 1.925160e-09
6780.000000 1.923688e-09
6785.000000 1.911931e-09
6790.000000 1.913798e-09
6795.000000 1.913753e-09
6800.000000 1.907933e-09
6805.000000 1.900164e-09
6810.000000 1.898336e-09
6815.000000 1.903341e-09
6820.000000 1.894708e-09
6825.000000 1.885781e-09
6830.000000 1.884452e-09
6835.000000 1.883434e-09
6840.000000 1.879511e-09
6845.000000 1.875354e-09
6850.000000 1.870990e-09
6855.000000 1.866880e-09
6860.000000 1.862873e-09
6865.000000 1.858782e-09
6870.000000 1.854577e-09
6875.000000 1.850471e-09
6880.000000 1.846705e-09
6885.000000 1.842727e-09
6890.000000 1.838581e-09
6895.000000 1.834581e-09
6900.000000 1.830685e-09
6905.000000 1.826799e-09
6910.000000 1.822922e-09
6915.000000 1.819021e-09
6920.000000 1.815349e-09
6925.000000 1.811939e-09
6930.000000 1.808709e-09
6935.000000 1.805553e-09
6940.000000 1.802694e-09
6945.000000 1.799853e-09
6950.000000 1.796599e-09
6955.000000 1.793228e-09
6960.000000 1.789710e-09
6965.000000 1.786203e-09
6970.000000 1.782593e-09
6975.000000 1.779492e-09
6980.000000 1.768987e-09
6985.000000 1.758926e-09
6990.000000 1.750666e-09
6995.000000 1.745557e-09
7000.000000 1.732933e-09
7005.000000 1.729322e-09
7010.000000 1.735292e-09
7015.000000 1.731063e-09
7020.000000 1.731803e-09
7025.000000 1.724643e-09
7030.000000 1.723242e-09
7035.000000 1.726498e-09
7040.000000 1.724075e-09
7045.000000 1.720795e-09
7050.000000 1.716145e-09
7055.000000 1.707486e-09
7060.000000 1.708832e-09
7065.000000 1.714352e-09
7070.000000 1.711779e-09
7075.000000 1.703558e-09
7080.000000 1.699244e-09
7085.000000 1.693474e-09
7090.000000 1.690185e-09
7095.000000 1.682085e-09
7100.000000 1.677660e-09
7105.000000 1.678888e-09
7110.000000 1.674884e-09
7115.000000 1.670470e-09
7120.000000 1.666366e-09
7125.000000 1.678807e-09
7130.000000 1.681015e-09
7135.000000 1.681091e-09
7140.000000 1.686387e-09
7145.000000 1.676978e-09
7150.000000 1.675389e-09
7155.000000 1.673691e-09
7160.000000 1.670745e-09
7165.000000 1.648350e-09
7170.000000 1.619667e-09
7175.000000 1.596120e-09
7180.000000 1.584948e-09
7185.000000 1.552171e-09
7190.000000 1.547944e-09
7195.000000 1.565836e-09
7200.000000 1.568961e-09
7205.000000 1.576918e-09
7210.000000 1.616944e-09
7215.000000 1.639700e-09
7220.000000 1.638356e-09
7225.000000 1.633583e-09
7230.000000 1.613546e-09
7235.000000 1.571291e-09
7240.000000 1.570064e-09
7245.000000 1.571125e-09
7250.000000 1.574487e-09
7255.000000 1.567071e-09
7260.000000 1.579971e-09
7265.000000 1.565258e-09
7270.000000 1.560251e-09
7275.000000 1.537613e-09
7280.000000 1.548245e-09
7285.000000 1.562015e-09
7290.000000 1.540746e-09
7295.000000 1.548957e-09
7300.000000 1.549320e-09
7305.000000 1.528500e-09
7310.000000 1.533944e-09
7315.000000 1.535662e-09
7320.000000 1.531813e-09
7325.000000 1.539527e-09
7330.000000 1.534243e-09
7335.000000 1.533296e-09
7340.000000 1.535849e-09
7345.000000 1.525623e-09
7350.000000 1.517727e-09
7355.000000 1.514213e-09
7360.000000 1.508919e-09
7365.000000 1.506590e-09
7370.000000 1.501726e-09
7375.000000 1.500558e-09
7380.000000 1.500795e-09
7385.000000 1.494807e-09
7390.000000 1.490582e-09
7395.000000 1.482526e-09
7400.000000 1.482410e-09
7405.000000 1.482658e-09
7410.000000 1.473722e-09
7415.000000 1.467153e-09
7420.000000 1.464568e-09
7425.000000 1.463669e-09
7430.000000 1.465544e-09
7435.000000 1.458516e-09
7440.000000 1.451473e-09
7445.000000 1.444863e-09
7450.000000 1.449520e-09
7455.000000 1.448813e-09
7460.000000 1.437912e-09
7465.000000 1.428961e-09
7470.000000 1.430929e-09
7475.000000 1.434720e-09
7480.000000 1.428987e-09
7485.000000 1.426349e-09
7490.000000 1.420574e-09
7495.000000 1.416705e-09
7500.000000 1.416630e-09
7505.000000 1.415995e-09
7510.000000 1.406495e-09
7515.000000 1.397884e-09
7520.000000 1.400488e-09
7525.000000 1.400187e-09
7530.000000 1.397097e-09
7535.000000 1.390281e-09
7540.000000 1.396383e-09
7545.000000 1.390761e-09
7550.000000 1.386198e-09
7555.000000 1.383329e-09
7560.000000 1.380562e-09
7565.000000 1.377912e-09
7570.000000 1.375322e-09
7575.000000 1.372468e-09
7580.000000 1.369427e-09
7585.000000 1.366604e-09
7590.000000 1.363890e-09
7595.000000 1.361178e-09
7600.000000 1.358361e-09
7605.000000 1.355879e-09
7610.000000 1.353291e-09
7615.000000 1.350652e-09
7620.000000 1.348004e-09
7625.000000 1.345351e-09
7630.000000 1.342683e-09
7635.000000 1.339994e-09
7640.000000 1.337274e-09
7645.000000 1.334515e-09
7650.000000 1.331717e-09
7655.000000 1.328878e-09
7660.000000 1.326001e-09
7665.000000 1.323089e-09
7670.000000 1.320136e-09
7675.000000 1.317118e-09
7680.000000 1.314017e-09
7685.000000 1.310778e-09
7690.000000 1.307502e-09
7695.000000 1.304241e-09
7700.000000 1.301119e-09
7705.000000 1.298607e-09
7710.000000 1.297487e-09
7715.000000 1.297048e-09
7720.000000 1.295015e-09
7725.000000 1.291985e-09
7730.000000 1.289459e-09
7735.000000 1.287386e-09
7740.000000 1.286276e-09
7745.000000 1.286364e-09
7750.000000 1.284100e-09
7755.000000 1.280741e-09
7760.000000 1.274104e-09
7765.000000 1.254847e-09
7770.000000 1.215867e-09
7775.000000 1.202361e-09
7780.000000 1.241420e-09
7785.000000 1.260143e-09
7790.000000 1.258304e-09
7795.000000 1.255747e-09
7800.000000 1.254447e-09
7805.000000 1.252466e-09
7810.000000 1.248594e-09
7815.000000 1.246124e-09
7820.000000 1.246618e-09
7825.000000 1.244337e-09
7830.000000 1.237206e-09
7835.000000 1.232271e-09
7840.000000 1.230389e-09
7845.000000 1.226491e-09
7850.000000 1.228082e-09
7855.000000 1.222769e-09
7860.000000 1.221512e-09
7865.000000 1.219768e-09
7870.000000 1.213279e-09
7875.000000 1.204275e-09
7880.000000 1.201326e-09
7885.000000 1.206031e-09
7890.000000 1.203122e-09
7895.000000 1.183775e-09
7900.000000 1.188771e-09
7905.000000 1.195183e-09
7910.000000 1.194948e-09
7915.000000 1.196206e-09
7920.000000 1.188878e-09
7925.000000 1.187049e-09
7930.000000 1.180658e-09
7935.000000 1.185937e-09
7940.000000 1.183311e-09
7945.000000 1.172298e-09
7950.000000 1.171696e-09
7955.000000 1.173859e-09
7960.000000 1.169645e-09
7965.000000 1.165093e-09
7970.000000 1.167676e-09
7975.000000 1.167676e-09
7980.000000 1.166394e-09
7985.000000 1.165519e-09
7990.000000 1.167309e-09
7995.000000 1.159229e-09
8000.000000 1.152093e-09
8005.000000 1.152698e-09
8010.000000 1.147241e-09
8015.000000 1.143672e-09
8020.000000 1.145122e-09
8025.000000 1.141688e-09
8030.000000 1.140566e-09
8035.000000 1.137830e-09
8040.000000 1.138193e-09
8045.000000 1.140187e-09
8050.000000 1.137792e-09
8055.000000 1.136208e-09
8060.000000 1.128948e-09
8065.000000 1.127423e-09
8070.000000 1.128606e-09
8075.000000 1.128257e-09
8080.000000 1.127654e-09
8085.000000 1.129443e-09
8090.000000 1.126317e-09
8095.000000 1.122970e-09
8100.000000 1.122694e-09
8105.000000 1.125398e-09
8110.000000 1.123075e-09
8115.000000 1.122253e-09
8120.000000 1.118867e-09
8125.000000 1.119907e-09
8130.000000 1.108394e-09
8135.000000 1.094582e-09
8140.000000 1.096833e-09
8145.000000 1.090067e-09
8150.000000 1.074048e-09
8155.000000 1.062921e-09
8160.000000 1.053196e-09
8165.000000 1.041365e-09
8170.000000 1.064753e-09
8175.000000 1.067547e-09
8180.000000 1.055096e-09
8185.000000 1.067686e-09
8190.000000 1.069494e-09
8195.000000 1.066769e-09
8200.000000 1.065938e-09
8205.000000 1.092566e-09
8210.000000 1.094051e-09
8215.000000 1.080127e-09
8220.000000 1.065513e-09
8225.000000 1.016929e-09
8230.000000 9.888138e-10
8235.000000 1.029398e-09
8240.000000 1.064215e-09
8245.000000 1.065752e-09
8250.000000 1.066989e-09
8255.000000 1.059639e-09
8260.000000 1.061151e-09
8265.000000 1.066900e-09
8270.000000 1.054973e-09
8275.000000 1.036401e-09
8280.000000 1.032171e-09
8285.000000 1.034172e-09
8290.000000 1.029878e-09
8295.000000 1.028845e-09
8300.000000 1.030429e-09
8305.000000 1.027010e-09
8310.000000 1.031665e-09
8315.000000 1.025833e-09
8320.000000 1.013316e-09
8325.000000 1.017507e-09
8330.000000 1.021098e-09
8335.000000 1.013636e-09
8340.000000 1.015354e-09
8345.000000 1.019576e-09
8350.000000 1.022800e-09
8355.000000 1.019062e-09
8360.000000 1.014912e-09
8365.000000 1.012249e-09
8370.000000 1.012349e-09
8375.000000 1.010213e-09
8380.000000 1.010822e-09
8385.000000 1.006168e-09
8390.000000 1.001993e-09
8395.000000 1.002865e-09
8400.000000 1.003895e-09
8405.000000 1.001183e-09
8410.000000 9.897496e-10
8415.000000 9.891609e-10
8420.000000 9.962856e-10
8425.000000 9.915216e-10
8430.000000 9.843912e-10
8435.000000 9.670185e-10
8440.000000 9.621235e-10
8445.000000 9.587127e-10
8450.000000 9.740220e-10
8455.000000 9.882390e-10
8460.000000 9.732802e-10
8465.000000 9.558936e-10
8470.000000 9.602154e-10
8475.000000 9.798432e-10
8480.000000 9.948183e-10
8485.000000 9.986021e-10
8490.000000 9.822769e-10
8495.000000 9.428988e-10
8500.000000 9.118890e-10
8505.000000 9.279520e-10
8510.000000 9.631269e-10
8515.000000 9.837240e-10
8520.000000 9.927847e-10
8525.000000 9.887413e-10
8530.000000 9.729567e-10
8535.000000 9.375657e-10
8540.000000 8.857858e-10
8545.000000 8.706292e-10
8550.000000 9.087081e-10
8555.000000 9.586764e-10
8560.000000 9.905947e-10
8565.000000 1.003892e-09
8570.000000 1.008257e-09
8575.000000 1.000974e-09
8580.000000 9.768081e-10
8585.000000 9.484805e-10
8590.000000 9.046686e-10
8595.000000 8.531494e-10
8600.000000 8.524341e-10
8605.000000 9.092334e-10
8610.000000 9.638369e-10
8615.000000 9.992261e-10
8620.000000 1.023251e-09
8625.000000 1.039281e-09
8630.000000 1.044973e-09
8635.000000 1.047390e-09
8640.000000 1.030600e-09
8645.000000 1.001669e-09
8650.000000 9.606510e-10
8655.000000 8.971351e-10
8660.000000 8.210017e-10
8665.000000 7.799179e-10
8670.000000 8.281381e-10
8675.000000 8.942978e-10
8680.000000 9.360070e-10
8685.000000 9.794379e-10
8690.000000 1.018199e-09
8695.000000 1.052591e-09
8700.000000 1.069964e-09
8705.000000 1.073234e-09
8710.000000 1.072794e-09
8715.000000 1.064936e-09
8720.000000 1.049062e-09
8725.000000 1.017720e-09
8730.000000 9.818512e-10
8735.000000 9.309202e-10
8740.000000 8.667435e-10
8745.000000 7.979636e-10
8750.000000 7.571687e-10
8755.000000 7.888928e-10
8760.000000 8.474698e-10
8765.000000 8.938035e-10
8770.000000 9.289111e-10
8775.000000 9.565015e-10
8780.000000 9.708265e-10
8785.000000 9.794261e-10
8790.000000 9.880061e-10
8795.000000 9.964471e-10
8800.000000 9.953454e-10
8805.000000 9.903118e-10
8810.000000 9.854245e-10
8815.000000 9.807805e-10
8820.000000 9.769077e-10
8825.000000 9.494250e-10
8830.000000 9.284920e-10
8835.000000 9.100036e-10
8840.000000 8.823836e-10
8845.000000 8.407374e-10
8850.000000 7.905843e-10
8855.000000 7.313617e-10
8860.000000 6.780991e-10
8865.000000 6.834798e-10
8870.000000 7.445733e-10
8875.000000 7.970009e-10
8880.000000 8.436907e-10
8885.000000 8.794905e-10
8890.000000 9.075458e-10
8895.000000 9.277235e-10
8900.000000 9.396617e-10
8905.000000 9.554149e-10
8910.000000 9.590161e-10
8915.000000 9.582770e-10
8920.000000 9.572317e-10
8925.000000 9.450400e-10
8930.000000 9.430631e-10
8935.000000 9.461439e-10
8940.000000 9.498065e-10
8945.000000 9.421564e-10
8950.000000 9.404110e-10
8955.000000 9.335916e-10
8960.000000 9.325647e-10
8965.000000 9.136137e-10
8970.000000 9.072211e-10
8975.000000 9.063160e-10
8980.000000 8.910165e-10
8985.000000 8.478427e-10
8990.000000 7.913268e-10
8995.000000 7.931943e-10
9000.000000 7.568832e-10
9005.000000 7.094740e-10
9010.000000 6.549010e-10
9015.000000 6.151401e-10
9020.000000 6.674853e-10
9025.000000 7.331066e-10
9030.000000 7.912841e-10
9035.000000 8.536262e-10
9040.000000 8.908580e-10
9045.000000 9.086028e-10
9050.000000 9.228912e-10
9055.000000 9.225309e-10
9060.000000 9.037222e-10
9065.000000 8.970505e-10
9070.000000 8.881905e-10
9075.000000 8.815180e-10
9080.000000 8.736186e-10
9085.000000 8.649735e-10
9090.000000 8.628541e-10
9095.000000 8.693576e-10
9100.000000 8.814570e-10
9105.000000 8.912024e-10
9110.000000 8.972638e-10
9115.000000 9.077882e-10
9120.000000 9.047771e-10
9125.000000 9.130451e-10
9130.000000 8.843922e-10
9135.000000 8.740338e-10
9140.000000 8.907869e-10
9145.000000 9.061217e-10
9150.000000 8.802928e-10
9155.000000 8.499932e-10
9160.000000 8.708841e-10
9165.000000 8.927123e-10
9170.000000 8.835594e-10
9175.000000 8.599569e-10
9180.000000 8.706975e-10
9185.000000 8.725959e-10
9190.000000 8.695863e-10
9195.000000 8.512623e-10
9200.000000 8.336724e-10
9205.000000 8.113845e-10
9210.000000 7.787240e-10
9215.000000 7.245455e-10
9220.000000 6.748973e-10
9225.000000 6.232890e-10
9230.000000 6.056153e-10
9235.000000 6.446285e-10
9240.000000 7.060183e-10
9245.000000 7.456719e-10
9250.000000 7.812623e-10
9255.000000 8.131275e-10
9260.000000 8.223885e-10
9265.000000 8.488258e-10
9270.000000 8.775553e-10
9275.000000 8.870158e-10
9280.000000 8.847859e-10
9285.000000 8.944219e-10
9290.000000 8.804253e-10
9295.000000 8.651078e-10
9300.000000 8.442841e-10
9305.000000 8.432119e-10
9310.000000 8.284765e-10
9315.000000 8.071884e-10
9320.000000 7.983920e-10
9325.000000 8.046422e-10
9330.000000 8.157884e-10
9335.000000 7.997870e-10
9340.000000 7.830684e-10
9345.000000 7.734350e-10
9350.000000 8.105995e-10
9355.000000 7.828960e-10
9360.000000 7.849982e-10
9365.000000 7.930245e-10
9370.000000 7.825117e-10
9375.000000 7.974168e-10
9380.000000 7.991240e-10
9385.000000 8.322118e-10
9390.000000 8.727322e-10
9395.000000 9.037272e-10
9400.000000 8.872801e-10
9405.000000 8.708461e-10
9410.000000 8.413505e-10
9415.000000 8.296495e-10
9420.000000 8.123482e-10
9425.000000 7.761466e-10
9430.000000 7.402360e-10
9435.000000 7.534722e-10
9440.000000 7.264094e-10
9445.000000 7.505585e-10
9450.000000 7.781736e-10
9455.000000 7.737948e-10
9460.000000 7.716948e-10
9465.000000 7.913277e-10
9470.000000 8.021428e-10
9475.000000 7.935999e-10
9480.000000 7.748447e-10
9485.000000 7.768918e-10
9490.000000 7.900935e-10
9495.000000 7.506061e-10
9500.000000 7.192560e-10
9505.000000 7.462524e-10
9510.000000 7.636105e-10
9515.000000 7.252079e-10
9520.000000 6.827474e-10
9525.000000 6.656496e-10
9530.000000 6.281279e-10
9535.000000 6.110489e-10
9540.000000 5.965817e-10
9545.000000 5.707073e-10
9550.000000 5.843418e-10
9555.000000 6.027757e-10
9560.000000 6.344740e-10
9565.000000 6.601824e-10
9570.000000 6.891376e-10
9575.000000 7.282924e-10
9580.000000 7.327113e-10
9585.000000 7.304229e-10
9590.000000 7.233783e-10
9595.000000 7.263938e-10
9600.000000 7.401444e-10
9605.000000 7.370428e-10
9610.000000 7.384432e-10
9615.000000 7.388352e-10
9620.000000 7.230269e-10
9625.000000 7.210156e-10
9630.000000 7.362317e-10
9635.000000 7.336574e-10
9640.000000 7.266382e-10
9645.000000 7.326830e-10
9650.000000 7.391972e-10
9655.000000 7.444010e-10
9660.000000 7.355037e-10
9665.000000 7.378130e-10
9670.000000 7.427231e-10
9675.000000 7.555307e-10
9680.000000 7.580122e-10
9685.000000 7.479948e-10
9690.000000 7.410850e-10
9695.000000 7.427682e-10
9700.000000 7.368630e-10
9705.000000 7.360752e-10
9710.000000 7.341949e-10
9715.000000 7.257863e-10
9720.000000 7.306470e-10
9725.000000 7.299628e-10
9730.000000 7.326588e-10
9735.000000 7.236691e-10
9740.000000 7.256252e-10
9745.000000 7.224494e-10
9750.000000 7.222203e-10
9755.000000 7.121768e-10
9760.000000 7.122595e-10
9765.000000 7.197800e-10
9770.000000 7.267049e-10
9775.000000 7.193132e-10
9780.000000 7.158830e-10
9785.000000 7.137243e-10
9790.000000 7.105819e-10
9795.000000 7.089377e-10
9800.000000 7.043147e-10
9805.000000 7.029990e-10
9810.000000 7.105041e-10
9815.000000 7.150454e-10
9820.000000 7.150038e-10
9825.000000 7.080639e-10
9830.000000 7.027086e-10
9835.000000 7.155047e-10
9840.000000 7.065983e-10
9845.000000 7.040579e-10
9850.000000 6.947474e-10
9855.000000 6.855860e-10
9860.000000 6.819080e-10
9865.000000 6.861572e-10
9870.000000 6.880289e-10
9875.000000 6.852663e-10
9880.000000 6.889857e-10
9885.000000 6.826041e-10
9890.000000 6.768335e-10
9895.000000 6.781682e-10
9900.000000 6.719849e-10
9905.000000 6.704660e-10
9910.000000 6.766417e-10
9915.000000 6.767552e-10
9920.000000 6.713723e-10
9925.000000 6.778461e-10
9930.000000 6.791633e-10
9935.000000 6.743249e-10
9940.000000 6.806149e-10
9945.000000 6.760196e-10
9950.000000 6.754425e-10
9955.000000 6.716119e-10
9960.000000 6.760460e-10
9965.000000 6.684649e-10
9970.000000 6.608539e-10
9975.000000 6.527607e-10
9980.000000 6.556873e-10
9985.000000 6.443756e-10
9990.000000 6.290329e-10
9995.000000 6.298598e-10
10000.000000 6.368113e-10
10005.000000 6.210694e-10
10010.000000 6.088184e-10
10015.000000 5.945461e-10
10020.000000 5.785526e-10
10025.000000 5.620628e-10
10030.000000 5.469591e-10
10035.000000 5.218342e-10
10040.000000 5.087650e-10
10045.000000 4.933187e-10
10050.000000 4.927257e-10
10055.000000 4.901189e-10
10060.000000 5.080459e-10
10065.000000 5.434271e-10
10070.000000 5.601584e-10
10075.000000 5.515188e-10
10080.000000 5.644408e-10
10085.000000 5.850314e-10
10090.000000 5.988743e-10
10095.000000 6.039031e-10
10100.000000 6.104363e-10
10105.000000 6.033291e-10
10110.000000 6.106142e-10
10115.000000 6.252281e-10
10120.000000 6.045087e-10
10125.000000 6.084604e-10
10130.000000 6.169788e-10
10135.000000 6.189945e-10
10140.000000 6.314416e-10
10145.000000 6.281718e-10
10150.000000 6.215580e-10
10155.000000 6.235331e-10
10160.000000 6.188604e-10
10165.000000 6.260875e-10
10170.000000 6.274107e-10
10175.000000 6.248156e-10
10180.000000 6.116133e-10
10185.000000 5.950876e-10
10190.000000 5.772424e-10
10195.000000 5.671459e-10
10200.000000 6.002275e-10
10205.000000 6.007135e-10
10210.000000 5.961043e-10
10215.000000 5.936809e-10
10220.000000 5.936091e-10
10225.000000 5.957839e-10
10230.000000 5.993943e-10
10235.000000 6.033578e-10
10240.000000 6.065927e-10
10245.000000 6.082795e-10
10250.000000 6.082854e-10
10255.000000 6.067474e-10
10260.000000 6.038299e-10
10265.000000 5.998165e-10
10270.000000 5.952762e-10
10275.000000 5.908835e-10
10280.000000 5.873025e-10
10285.000000 5.849479e-10
10290.000000 5.835799e-10
10295.000000 5.827131e-10
10300.000000 5.818458e-10
10305.000000 5.806293e-10
10310.000000 5.790730e-10
10315.000000 5.773427e-10
10320.000000 5.756132e-10
10325.000000 5.741043e-10
10330.000000 5.731575e-10
10335.000000 5.731539e-10
10340.000000 5.744474e-10
10345.000000 5.770484e-10
10350.000000 5.800820e-10
10355.000000 5.823269e-10
10360.000000 5.825837e-10
10365.000000 5.801973e-10
10370.000000 5.759468e-10
10375.000000 5.711570e-10
10380.000000 5.671572e-10
10385.000000 5.648532e-10
10390.000000 5.640154e-10
10395.000000 5.639895e-10
10400.000000 5.640836e-10
10405.000000 5.637473e-10
10410.000000 5.627810e-10
10415.000000 5.611159e-10
10420.000000 5.587132e-10
10425.000000 5.556313e-10
10430.000000 5.521839e-10
10435.000000 5.487887e-10
10440.000000 5.458539e-10
10445.000000 5.436708e-10
10450.000000 5.421999e-10
10455.000000 5.412844e-10
10460.000000 5.407435e-10
10465.000000 5.403838e-10
10470.000000 5.399394e-10
10475.000000 5.391289e-10
10480.000000 5.376868e-10
10485.000000 5.355794e-10
10490.000000 5.333691e-10
10495.000000 5.318451e-10
10500.000000 5.317750e-10
10505.000000 5.334730e-10
10510.000000 5.360817e-10
10515.000000 5.382957e-10
10520.000000 5.388173e-10
10525.000000 5.369685e-10
10530.000000 5.336564e-10
10535.000000 5.304058e-10
10540.000000 5.287435e-10
10545.000000 5.296066e-10
10550.000000 5.324209e-10
10555.000000 5.360252e-10
10560.000000 5.392071e-10
10565.000000 5.408755e-10
10570.000000 5.402453e-10
10575.000000 5.366382e-10
10580.000000 5.294612e-10
10585.000000 5.188342e-10
10590.000000 5.067165e-10
10595.000000 4.957748e-10
10600.000000 4.886599e-10
10605.000000 4.870978e-10
10610.000000 4.904355e-10
10615.000000 4.971011e-10
10620.000000 3.779744e-10
