1150.000000 0.000000e+00
1155.000000 0.000000e+00
1160.000000 0.000000e+00
1165.000000 0.000000e+00
1170.000000 0.000000e+00
1175.000000 0.000000e+00
1180.000000 0.000000e+00
1185.000000 0.000000e+00
1190.000000 0.000000e+00
1195.000000 0.000000e+00
1200.000000 0.000000e+00
1205.000000 0.000000e+00
1210.000000 0.000000e+00
1215.000000 0.000000e+00
1220.000000 0.000000e+00
1225.000000 0.000000e+00
1230.000000 0.000000e+00
1235.000000 0.000000e+00
1240.000000 0.000000e+00
1245.000000 0.000000e+00
1250.000000 0.000000e+00
1255.000000 0.000000e+00
1260.000000 0.000000e+00
1265.000000 0.000000e+00
1270.000000 0.000000e+00
1275.000000 0.000000e+00
1280.000000 0.000000e+00
1285.000000 0.000000e+00
1290.000000 0.000000e+00
1295.000000 0.000000e+00
1300.000000 0.000000e+00
1305.000000 0.000000e+00
1310.000000 0.000000e+00
1315.000000 0.000000e+00
1320.000000 0.000000e+00
1325.000000 0.000000e+00
1330.000000 0.000000e+00
1335.000000 0.000000e+00
1340.000000 0.000000e+00
1345.000000 0.000000e+00
1350.000000 0.000000e+00
1355.000000 0.000000e+00
1360.000000 0.000000e+00
1365.000000 0.000000e+00
1370.000000 0.000000e+00
1375.000000 0.000000e+00
1380.000000 0.000000e+00
1385.000000 0.000000e+00
1390.000000 0.000000e+00
1395.000000 0.000000e+00
1400.000000 0.000000e+00
1405.000000 0.000000e+00
1410.000000 0.000000e+00
1415.000000 0.000000e+00
1420.000000 0.000000e+00
1425.000000 0.000000e+00
1430.000000 0.000000e+00
1435.000000 0.000000e+00
1440.000000 0.000000e+00
1445.000000 0.000000e+00
1450.000000 0.000000e+00
1455.000000 0.000000e+00
1460.000000 0.000000e+00
1465.000000 0.000000e+00
1470.000000 0.000000e+00
1475.000000 0.000000e+00
1480.000000 0.000000e+00
1485.000000 0.000000e+00
1490.000000 0.000000e+00
1495.000000 0.000000e+00
1500.000000 0.000000e+00
1505.000000 0.000000e+00
1510.000000 0.000000e+00
1515.000000 0.000000e+00
1520.000000 0.000000e+00
1525.000000 0.000000e+00
1530.000000 0.000000e+00
1535.000000 0.000000e+00
1540.000000 0.000000e+00
1545.000000 0.000000e+00
1550.000000 0.000000e+00
1555.000000 0.000000e+00
1560.000000 0.000000e+00
1565.000000 0.000000e+00
1570.000000 0.000000e+00
1575.000000 0.000000e+00
1580.000000 0.000000e+00
1585.000000 0.000000e+00
1590.000000 0.000000e+00
1595.000000 0.000000e+00
1600.000000 0.000000e+00
1605.000000 0.000000e+00
1610.000000 0.000000e+00
1615.000000 0.000000e+00
1620.000000 0.000000e+00
1625.000000 0.000000e+00
1630.000000 0.000000e+00
1635.000000 0.000000e+00
1640.000000 0.000000e+00
1645.000000 0.000000e+00
1650.000000 0.000000e+00
1655.000000 0.000000e+00
1660.000000 0.000000e+00
1665.000000 0.000000e+00
1670.000000 0.000000e+00
1675.000000 0.000000e+00
1680.000000 0.000000e+00
1685.000000 0.000000e+00
1690.000000 0.000000e+00
1695.000000 0.000000e+00
1700.000000 0.000000e+00
1705.000000 0.000000e+00
1710.000000 0.000000e+00
1715.000000 4.570686e-16
1720.000000 3.191503e-15
1725.000000 3.645921e-15
1730.000000 3.645919e-15
1735.000000 3.645921e-15
1740.000000 3.188871e-15
1745.000000 4.544341e-16
1750.000000 0.000000e+00
1755.000000 0.000000e+00
1760.000000 0.000000e+00
1765.000000 0.000000e+00
1770.000000 0.000000e+00
1775.000000 0.000000e+00
1780.000000 0.000000e+00
1785.000000 0.000000e+00
1790.000000 0.000000e+00
1795.000000 0.000000e+00
1800.000000 9.140124e-16
1805.000000 7.296895e-15
1810.000000 1.458870e-14
1815.000000 2.188054e-14
1820.000000 2.871540e-14
1825.000000 3.281579e-14
1830.000000 3.554770e-14
1835.000000 3.281081e-14
1840.000000 2.825092e-14
1845.000000 1.730824e-14
1850.000000 2.272542e-15
1855.000000 0.000000e+00
1860.000000 0.000000e+00
1865.000000 0.000000e+00
1870.000000 0.000000e+00
1875.000000 0.000000e+00
1880.000000 0.000000e+00
1885.000000 0.000000e+00
1890.000000 0.000000e+00
1895.000000 0.000000e+00
1900.000000 1.096654e-14
1905.000000 8.938724e-14
1910.000000 1.896546e-13
1915.000000 2.908265e-13
1920.000000 3.833306e-13
1925.000000 4.507586e-13
1930.000000 4.794432e-13
1935.000000 4.620895e-13
1940.000000 3.813804e-13
1945.000000 2.291118e-13
1950.000000 3.000171e-14
1955.000000 0.000000e+00
1960.000000 0.000000e+00
1965.000000 0.000000e+00
1970.000000 0.000000e+00
1975.000000 0.000000e+00
1980.000000 0.000000e+00
1985.000000 0.000000e+00
1990.000000 0.000000e+00
1995.000000 0.000000e+00
2000.000000 1.557958e-13
2005.000000 1.282412e-12
2010.000000 2.823435e-12
2015.000000 4.602309e-12
2020.000000 6.555698e-12
2025.000000 8.618422e-12
2030.000000 1.072440e-11
2035.000000 1.280618e-11
2040.000000 1.480224e-11
2045.000000 1.664331e-11
2050.000000 1.827062e-11
2055.000000 1.964589e-11
2060.000000 2.079880e-11
2065.000000 2.179042e-11
2070.000000 2.268042e-11
2075.000000 2.353082e-11
2080.000000 2.440497e-11
2085.000000 2.535799e-11
2090.000000 2.645550e-11
2095.000000 2.775771e-11
2100.000000 2.932336e-11
2105.000000 3.118383e-11
2110.000000 3.329723e-11
2115.000000 3.559743e-11
2120.000000 3.801976e-11
2125.000000 4.049120e-11
2130.000000 4.294673e-11
2135.000000 4.531471e-11
2140.000000 4.752399e-11
2145.000000 4.951176e-11
2150.000000 5.120506e-11
2155.000000 5.256390e-11
2160.000000 5.360334e-11
2165.000000 5.435561e-11
2170.000000 5.486033e-11
2175.000000 5.516012e-11
2180.000000 5.529220e-11
2185.000000 5.529358e-11
2190.000000 5.520419e-11
2195.000000 5.506567e-11
2200.000000 5.491016e-11
2205.000000 5.477257e-11
2210.000000 5.466326e-11
2215.000000 5.458257e-11
2220.000000 5.452927e-11
2225.000000 5.451015e-11
2230.000000 5.452160e-11
2235.000000 5.456581e-11
2240.000000 5.464565e-11
2245.000000 5.475954e-11
2250.000000 5.491269e-11
2255.000000 5.510548e-11
2260.000000 5.533519e-11
2265.000000 5.560177e-11
2270.000000 5.590816e-11
2275.000000 5.625453e-11
2280.000000 5.664054e-11
2285.000000 5.706391e-11
2290.000000 5.752690e-11
2295.000000 5.803016e-11
2300.000000 5.857244e-11
2305.000000 5.914353e-11
2310.000000 5.970679e-11
2315.000000 6.021859e-11
2320.000000 6.063233e-11
2325.000000 6.090387e-11
2330.000000 6.098802e-11
2335.000000 6.083436e-11
2340.000000 6.040395e-11
2345.000000 5.964454e-11
2350.000000 5.851909e-11
2355.000000 5.702317e-11
2360.000000 5.525339e-11
2365.000000 5.334240e-11
2370.000000 5.143061e-11
2375.000000 4.965522e-11
2380.000000 4.815875e-11
2385.000000 4.707616e-11
2390.000000 4.654964e-11
2395.000000 4.671367e-11
2400.000000 4.770212e-11
2405.000000 4.958252e-11
2410.000000 5.224713e-11
2415.000000 5.552090e-11
2420.000000 5.922487e-11
2425.000000 6.318040e-11
2430.000000 6.720823e-11
2435.000000 7.112703e-11
2440.000000 7.475730e-11
2445.000000 7.791743e-11
2450.000000 8.043513e-11
2455.000000 8.220076e-11
2460.000000 8.326504e-11
2465.000000 8.373971e-11
2470.000000 8.374627e-11
2475.000000 8.340018e-11
2480.000000 8.282137e-11
2485.000000 8.213179e-11
2490.000000 8.144731e-11
2495.000000 8.088953e-11
2500.000000 8.057344e-11
2505.000000 8.058041e-11
2510.000000 8.089097e-11
2515.000000 8.145338e-11
2520.000000 8.221548e-11
2525.000000 8.312023e-11
2530.000000 8.411183e-11
2535.000000 8.513357e-11
2540.000000 8.613214e-11
2545.000000 8.704824e-11
2550.000000 8.783336e-11
2555.000000 8.848076e-11
2560.000000 8.908667e-11
2565.000000 8.979398e-11
2570.000000 9.075023e-11
2575.000000 9.210631e-11
2580.000000 9.400614e-11
2585.000000 9.659551e-11
2590.000000 1.000232e-10
2595.000000 1.044353e-10
2600.000000 1.099699e-10
2605.000000 1.166820e-10
2610.000000 1.243936e-10
2615.000000 1.328474e-10
2620.000000 1.417723e-10
2625.000000 1.509003e-10
2630.000000 1.599604e-10
2635.000000 1.686877e-10
2640.000000 1.768125e-10
2645.000000 1.840637e-10
2650.000000 1.901842e-10
2655.000000 1.949946e-10
2660.000000 1.985409e-10
2665.000000 2.009556e-10
2670.000000 2.023728e-10
2675.000000 2.029300e-10
2680.000000 2.027670e-10
2685.000000 2.020196e-10
2690.000000 2.008296e-10
2695.000000 1.993332e-10
2700.000000 1.976637e-10
2705.000000 1.959342e-10
2710.000000 1.941971e-10
2715.000000 1.924771e-10
2720.000000 1.908021e-10
2725.000000 1.891944e-10
2730.000000 1.876804e-10
2735.000000 1.862837e-10
2740.000000 1.850294e-10
2745.000000 1.839458e-10
2750.000000 1.830545e-10
2755.000000 1.823687e-10
2760.000000 1.818843e-10
2765.000000 1.815800e-10
2770.000000 1.814397e-10
2775.000000 1.814477e-10
2780.000000 1.815807e-10
2785.000000 1.818233e-10
2790.000000 1.821596e-10
2795.000000 1.825691e-10
2800.000000 1.830394e-10
2805.000000 1.836181e-10
2810.000000 1.845081e-10
2815.000000 1.859680e-10
2820.000000 1.882685e-10
2825.000000 1.916720e-10
2830.000000 1.964493e-10
2835.000000 2.028666e-10
2840.000000 2.111887e-10
2845.000000 2.216837e-10
2850.000000 2.346040e-10
2855.000000 2.500332e-10
2860.000000 2.676295e-10
2865.000000 2.868883e-10
2870.000000 3.072869e-10
2875.000000 3.282997e-10
2880.000000 3.494066e-10
2885.000000 3.700854e-10
2890.000000 3.898099e-10
2895.000000 4.080609e-10
2900.000000 4.243304e-10
2905.000000 4.382362e-10
2910.000000 4.497475e-10
2915.000000 4.589591e-10
2920.000000 4.659830e-10
2925.000000 4.709295e-10
2930.000000 4.739105e-10
2935.000000 4.750346e-10
2940.000000 4.744105e-10
2945.000000 4.721548e-10
2950.000000 4.683794e-10
2955.000000 4.632719e-10
2960.000000 4.571890e-10
2965.000000 4.505562e-10
2970.000000 4.438033e-10
2975.000000 4.373643e-10
2980.000000 4.316721e-10
2985.000000 4.271553e-10
2990.000000 4.242491e-10
2995.000000 4.233821e-10
3000.000000 4.249729e-10
3005.000000 4.292635e-10
3010.000000 4.360517e-10
3015.000000 4.449661e-10
3020.000000 4.556216e-10
3025.000000 4.676274e-10
3030.000000 4.805947e-10
3035.000000 4.941357e-10
3040.000000 5.078642e-10
3045.000000 5.213893e-10
3050.000000 5.343335e-10
3055.000000 5.464140e-10
3060.000000 5.575904e-10
3065.000000 5.679222e-10
3070.000000 5.774761e-10
3075.000000 5.863224e-10
3080.000000 5.945270e-10
3085.000000 6.021545e-10
3090.000000 6.092724e-10
3095.000000 6.159535e-10
3100.000000 6.222605e-10
3105.000000 6.282642e-10
3110.000000 6.340381e-10
3115.000000 6.396540e-10
3120.000000 6.451911e-10
3125.000000 6.507214e-10
3130.000000 6.563226e-10
3135.000000 6.620666e-10
3140.000000 6.680335e-10
3145.000000 6.742925e-10
3150.000000 6.809211e-10
3155.000000 6.879720e-10
3160.000000 6.954492e-10
3165.000000 7.033392e-10
3170.000000 7.116254e-10
3175.000000 7.202905e-10
3180.000000 7.293224e-10
3185.000000 7.386984e-10
3190.000000 7.484082e-10
3195.000000 7.584336e-10
3200.000000 7.687568e-10
3205.000000 7.793801e-10
3210.000000 7.903191e-10
3215.000000 8.016081e-10
3220.000000 8.132795e-10
3225.000000 8.253710e-10
3230.000000 8.379121e-10
3235.000000 8.509365e-10
3240.000000 8.644819e-10
3245.000000 8.785789e-10
3250.000000 8.932521e-10
3255.000000 9.084288e-10
3260.000000 9.237876e-10
3265.000000 9.389165e-10
3270.000000 9.533878e-10
3275.000000 9.667739e-10
3280.000000 9.786479e-10
3285.000000 9.885874e-10
3290.000000 9.961689e-10
3295.000000 1.000959e-09
3300.000000 1.002560e-09
3305.000000 1.000796e-09
3310.000000 9.960754e-10
3315.000000 9.890340e-10
3320.000000 9.803315e-10
3325.000000 9.706294e-10
3330.000000 9.605817e-10
3335.000000 9.508514e-10
3340.000000 9.420960e-10
3345.000000 9.349777e-10
3350.000000 9.301294e-10
3355.000000 9.279797e-10
3360.000000 9.283947e-10
3365.000000 9.310296e-10
3370.000000 9.355192e-10
3375.000000 9.415024e-10
3380.000000 9.486069e-10
3385.000000 9.564675e-10
3390.000000 9.647215e-10
3395.000000 9.730026e-10
3400.000000 9.809550e-10
3405.000000 9.883261e-10
3410.000000 9.951235e-10
3415.000000 1.001462e-09
3420.000000 1.007467e-09
3425.000000 1.013258e-09
3430.000000 1.018957e-09
3435.000000 1.024692e-09
3440.000000 1.030585e-09
3445.000000 1.036756e-09
3450.000000 1.043324e-09
3455.000000 1.050355e-09
3460.000000 1.057781e-09
3465.000000 1.065481e-09
3470.000000 1.073325e-09
3475.000000 1.081188e-09
3480.000000 1.088944e-09
3485.000000 1.096469e-09
3490.000000 1.103634e-09
3495.000000 1.110314e-09
3500.000000 1.116382e-09
3505.000000 1.106260e-09
3510.000000 1.016971e-09
3515.000000 9.944725e-10
3520.000000 9.756060e-10
3525.000000 9.966510e-10
3530.000000 1.081553e-09
3535.000000 1.126005e-09
3540.000000 1.134074e-09
3545.000000 1.107009e-09
3550.000000 1.004078e-09
3555.000000 9.638806e-10
3560.000000 9.433402e-10
3565.000000 9.250260e-10
3570.000000 9.219755e-10
3575.000000 8.935783e-10
3580.000000 7.889494e-10
3585.000000 7.945847e-10
3590.000000 9.012544e-10
3595.000000 1.039557e-09
3600.000000 1.108661e-09
3605.000000 1.069778e-09
3610.000000 9.708492e-10
3615.000000 9.589658e-10
3620.000000 1.031763e-09
3625.000000 1.106057e-09
3630.000000 1.121133e-09
3635.000000 1.171604e-09
3640.000000 1.210370e-09
3645.000000 1.160178e-09
3650.000000 1.189409e-09
3655.000000 1.377605e-09
3660.000000 1.495715e-09
3665.000000 1.471313e-09
3670.000000 1.426866e-09
3675.000000 1.375183e-09
3680.000000 1.299693e-09
3685.000000 1.305652e-09
3690.000000 1.344861e-09
3695.000000 1.436356e-09
3700.000000 1.485388e-09
3705.000000 1.414956e-09
3710.000000 1.394212e-09
3715.000000 1.397042e-09
3720.000000 1.287827e-09
3725.000000 1.243411e-09
3730.000000 1.179191e-09
3735.000000 1.091176e-09
3740.000000 1.060840e-09
3745.000000 1.016280e-09
3750.000000 1.038652e-09
3755.000000 1.139270e-09
3760.000000 1.183343e-09
3765.000000 1.252581e-09
3770.000000 1.351100e-09
3775.000000 1.468297e-09
3780.000000 1.505661e-09
3785.000000 1.392906e-09
3790.000000 1.229577e-09
3795.000000 1.135490e-09
3800.000000 1.154811e-09
3805.000000 1.209578e-09
3810.000000 1.167852e-09
3815.000000 1.003496e-09
3820.000000 8.282243e-10
3825.000000 7.250590e-10
3830.000000 7.100732e-10
3835.000000 7.357776e-10
3840.000000 7.744488e-10
3845.000000 8.430120e-10
3850.000000 8.545697e-10
3855.000000 8.175473e-10
3860.000000 7.533263e-10
3865.000000 7.329728e-10
3870.000000 7.425032e-10
3875.000000 8.053378e-10
3880.000000 9.146525e-10
3885.000000 1.098706e-09
3890.000000 1.306611e-09
3895.000000 1.456655e-09
3900.000000 1.484713e-09
3905.000000 1.481744e-09
3910.000000 1.504501e-09
3915.000000 1.483038e-09
3920.000000 1.348354e-09
3925.000000 1.097597e-09
3930.000000 8.159006e-10
3935.000000 7.001503e-10
3940.000000 8.348568e-10
3945.000000 1.090020e-09
3950.000000 1.336476e-09
3955.000000 1.444086e-09
3960.000000 1.303391e-09
3965.000000 9.813863e-10
3970.000000 8.603822e-10
3975.000000 1.137203e-09
3980.000000 1.538818e-09
3985.000000 1.828048e-09
3990.000000 2.007805e-09
3995.000000 2.107808e-09
4000.000000 2.181761e-09
4005.000000 2.220176e-09
4010.000000 2.281909e-09
4015.000000 2.366511e-09
4020.000000 2.417103e-09
4025.000000 2.402369e-09
4030.000000 2.336415e-09
4035.000000 2.339309e-09
4040.000000 2.346163e-09
4045.000000 2.293790e-09
4050.000000 2.285784e-09
4055.000000 2.227562e-09
4060.000000 2.164767e-09
4065.000000 2.149628e-09
4070.000000 2.175302e-09
4075.000000 2.188534e-09
4080.000000 2.271234e-09
4085.000000 2.441418e-09
4090.000000 2.527576e-09
4095.000000 2.449049e-09
4100.000000 2.345020e-09
4105.000000 2.351006e-09
4110.000000 2.404071e-09
4115.000000 2.425592e-09
4120.000000 2.399666e-09
4125.000000 2.339550e-09
4130.000000 2.275440e-09
4135.000000 2.272888e-09
4140.000000 2.238517e-09
4145.000000 2.163628e-09
4150.000000 2.120089e-09
4155.000000 2.141070e-09
4160.000000 2.206643e-09
4165.000000 2.209399e-09
4170.000000 2.150656e-09
4175.000000 2.067069e-09
4180.000000 2.064718e-09
4185.000000 2.139391e-09
4190.000000 2.182360e-09
4195.000000 2.148732e-09
4200.000000 2.136454e-09
4205.000000 2.231634e-09
4210.000000 2.342456e-09
4215.000000 2.416062e-09
4220.000000 2.448639e-09
4225.000000 2.340448e-09
4230.000000 2.353793e-09
4235.000000 2.395708e-09
4240.000000 2.456129e-09
4245.000000 2.522972e-09
4250.000000 2.519789e-09
4255.000000 2.493981e-09
4260.000000 2.485163e-09
4265.000000 2.505143e-09
4270.000000 2.450442e-09
4275.000000 2.431372e-09
4280.000000 2.432311e-09
4285.000000 2.381990e-09
4290.000000 2.328151e-09
4295.000000 2.212265e-09
4300.000000 1.993953e-09
4305.000000 1.811461e-09
4310.000000 1.893780e-09
4315.000000 2.348852e-09
4320.000000 2.681224e-09
4325.000000 2.714981e-09
4330.000000 2.754578e-09
4335.000000 2.757572e-09
4340.000000 2.730085e-09
4345.000000 2.825345e-09
4350.000000 2.869196e-09
4355.000000 2.909995e-09
4360.000000 3.013673e-09
4365.000000 3.064322e-09
4370.000000 2.997596e-09
4375.000000 2.869034e-09
4380.000000 2.692554e-09
4385.000000 2.532485e-09
4390.000000 2.574877e-09
4395.000000 2.713731e-09
4400.000000 2.800206e-09
4405.000000 2.797977e-09
4410.000000 2.872045e-09
4415.000000 2.950870e-09
4420.000000 3.009839e-09
4425.000000 3.015867e-09
4430.000000 2.980919e-09
4435.000000 2.973574e-09
4440.000000 3.043220e-09
4445.000000 3.133073e-09
4450.000000 3.156025e-09
4455.000000 3.028791e-09
4460.000000 2.920597e-09
4465.000000 2.995306e-09
4470.000000 3.149931e-09
4475.000000 3.311395e-09
4480.000000 3.389189e-09
4485.000000 3.391370e-09
4490.000000 3.321670e-09
4495.000000 3.282111e-09
4500.000000 3.382633e-09
4505.000000 3.533722e-09
4510.000000 3.602272e-09
4515.000000 3.574498e-09
4520.000000 3.456056e-09
4525.000000 3.252209e-09
4530.000000 3.124330e-09
4535.000000 3.163995e-09
4540.000000 3.243223e-09
4545.000000 3.249600e-09
4550.000000 3.258787e-09
4555.000000 3.334018e-09
4560.000000 3.401526e-09
4565.000000 3.411274e-09
4570.000000 3.434765e-09
4575.000000 3.430028e-09
4580.000000 3.383670e-09
4585.000000 3.387647e-09
4590.000000 3.374842e-09
4595.000000 3.341583e-09
4600.000000 3.368200e-09
4605.000000 3.478366e-09
4610.000000 3.601244e-09
4615.000000 3.650355e-09
4620.000000 3.698436e-09
4625.000000 3.725673e-09
4630.000000 3.692519e-09
4635.000000 3.589959e-09
4640.000000 3.479109e-09
4645.000000 3.374716e-09
4650.000000 3.382870e-09
4655.000000 3.469698e-09
4660.000000 3.523463e-09
4665.000000 3.406172e-09
4670.000000 3.341265e-09
4675.000000 3.381967e-09
4680.000000 3.458221e-09
4685.000000 3.507409e-09
4690.000000 3.497443e-09
4695.000000 3.475855e-09
4700.000000 3.414064e-09
4705.000000 3.358750e-09
4710.000000 3.377256e-09
4715.000000 3.493365e-09
4720.000000 3.574923e-09
4725.000000 3.541048e-09
4730.000000 3.467333e-09
4735.000000 3.506010e-09
4740.000000 3.591123e-09
4745.000000 3.681886e-09
4750.000000 3.708252e-09
4755.000000 3.689211e-09
4760.000000 3.652816e-09
4765.000000 3.558295e-09
4770.000000 3.559162e-09
4775.000000 3.671911e-09
4780.000000 3.752919e-09
4785.000000 3.722425e-09
4790.000000 3.676526e-09
4795.000000 3.682511e-09
4800.000000 3.715374e-09
4805.000000 3.724244e-09
4810.000000 3.734153e-09
4815.000000 3.804929e-09
4820.000000 3.828912e-09
4825.000000 3.758902e-09
4830.000000 3.696253e-09
4835.000000 3.702850e-09
4840.000000 3.687549e-09
4845.000000 3.701940e-09
4850.000000 3.634457e-09
4855.000000 3.424310e-09
4860.000000 3.221986e-09
4865.000000 3.240261e-09
4870.000000 3.332194e-09
4875.000000 3.451888e-09
4880.000000 3.534531e-09
4885.000000 3.477828e-09
4890.000000 3.501516e-09
4895.000000 3.674962e-09
4900.000000 3.767902e-09
4905.000000 3.763101e-09
4910.000000 3.658842e-09
4915.000000 3.577477e-09
4920.000000 3.462135e-09
4925.000000 3.558608e-09
4930.000000 3.668714e-09
4935.000000 3.602719e-09
4940.000000 3.604250e-09
4945.000000 3.753474e-09
4950.000000 3.843609e-09
4955.000000 3.797044e-09
4960.000000 3.744299e-09
4965.000000 3.725619e-09
4970.000000 3.704694e-09
4975.000000 3.697794e-09
4980.000000 3.603533e-09
4985.000000 3.552634e-09
4990.000000 3.577167e-09
4995.000000 3.585987e-09
5000.000000 3.539451e-09
5005.000000 3.456696e-09
5010.000000 3.405743e-09
5015.000000 3.334441e-09
5020.000000 3.355355e-09
5025.000000 3.445162e-09
5030.000000 3.519837e-09
5035.000000 3.503592e-09
5040.000000 3.435496e-09
5045.000000 3.508450e-09
5050.000000 3.591331e-09
5055.000000 3.693745e-09
5060.000000 3.759951e-09
5065.000000 3.684871e-09
5070.000000 3.603514e-09
5075.000000 3.544159e-09
5080.000000 3.485106e-09
5085.000000 3.566433e-09
5090.000000 3.671471e-09
5095.000000 3.670326e-09
5100.000000 3.585467e-09
5105.000000 3.562285e-09
5110.000000 3.573992e-09
5115.000000 3.664913e-09
5120.000000 3.646476e-09
5125.000000 3.507830e-09
5130.000000 3.476412e-09
5135.000000 3.491200e-09
5140.000000 3.459045e-09
5145.000000 3.437608e-09
5150.000000 3.442201e-09
5155.000000 3.498800e-09
5160.000000 3.466467e-09
5165.000000 3.180538e-09
5170.000000 3.040083e-09
5175.000000 3.237473e-09
5180.000000 3.352137e-09
5185.000000 3.292041e-09
5190.000000 3.325720e-09
5195.000000 3.390409e-09
5200.000000 3.468430e-09
5205.000000 3.441797e-09
5210.000000 3.462727e-09
5215.000000 3.519705e-09
5220.000000 3.505565e-09
5225.000000 3.410158e-09
5230.000000 3.421229e-09
5235.000000 3.548702e-09
5240.000000 3.647670e-09
5245.000000 3.627307e-09
5250.000000 3.565097e-09
5255.000000 3.567157e-09
5260.000000 3.479067e-09
5265.000000 3.230974e-09
5270.000000 3.155800e-09
5275.000000 3.328762e-09
5280.000000 3.544229e-09
5285.000000 3.693194e-09
5290.000000 3.768332e-09
5295.000000 3.665361e-09
5300.000000 3.620549e-09
5305.000000 3.737534e-09
5310.000000 3.824538e-09
5315.000000 3.810770e-09
5320.000000 3.696989e-09
5325.000000 3.532561e-09
5330.000000 3.498447e-09
5335.000000 3.590570e-09
5340.000000 3.637103e-09
5345.000000 3.679328e-09
5350.000000 3.740167e-09
5355.000000 3.862402e-09
5360.000000 3.860230e-09
5365.000000 3.725968e-09
5370.000000 3.634192e-09
5375.000000 3.711941e-09
5380.000000 3.753359e-09
5385.000000 3.733230e-09
5390.000000 3.641176e-09
5395.000000 3.548862e-09
5400.000000 3.491175e-09
5405.000000 3.455836e-09
5410.000000 3.517346e-09
5415.000000 3.645848e-09
5420.000000 3.688588e-09
5425.000000 3.670462e-09
5430.000000 3.598712e-09
5435.000000 3.593944e-09
5440.000000 3.682570e-09
5445.000000 3.678001e-09
5450.000000 3.712507e-09
5455.000000 3.714839e-09
5460.000000 3.745452e-09
5465.000000 3.709514e-09
5470.000000 3.655251e-09
5475.000000 3.569235e-09
5480.000000 3.541858e-09
5485.000000 3.599652e-09
5490.000000 3.645493e-09
5495.000000 3.688325e-09
5500.000000 3.684633e-09
5505.000000 3.642698e-09
5510.000000 3.608716e-09
5515.000000 3.645989e-09
5520.000000 3.715900e-09
5525.000000 3.687893e-09
5530.000000 3.661529e-09
5535.000000 3.662491e-09
5540.000000 3.693666e-09
5545.000000 3.726048e-09
5550.000000 3.776519e-09
5555.000000 3.751377e-09
5560.000000 3.709546e-09
5565.000000 3.657730e-09
5570.000000 3.633458e-09
5575.000000 3.653684e-09
5580.000000 3.648901e-09
5585.000000 3.546607e-09
5590.000000 3.475063e-09
5595.000000 3.514288e-09
5600.000000 3.552825e-09
5605.000000 3.654951e-09
5610.000000 3.729372e-09
5615.000000 3.646688e-09
5620.000000 3.612833e-09
5625.000000 3.623764e-09
5630.000000 3.669108e-09
5635.000000 3.657113e-09
5640.000000 3.631719e-09
5645.000000 3.648588e-09
5650.000000 3.642767e-09
5655.000000 3.566038e-09
5660.000000 3.502467e-09
5665.000000 3.554853e-09
5670.000000 3.646843e-09
5675.000000 3.712646e-09
5680.000000 3.699927e-09
5685.000000 3.645851e-09
5690.000000 3.627266e-09
5695.000000 3.612681e-09
5700.000000 3.551650e-09
5705.000000 3.480840e-09
5710.000000 3.452127e-09
5715.000000 3.568159e-09
5720.000000 3.693239e-09
5725.000000 3.759029e-09
5730.000000 3.755990e-09
5735.000000 3.763442e-09
5740.000000 3.749476e-09
5745.000000 3.708069e-09
5750.000000 3.661138e-09
5755.000000 3.626880e-09
5760.000000 3.624734e-09
5765.000000 3.679796e-09
5770.000000 3.727919e-09
5775.000000 3.694874e-09
5780.000000 3.585628e-09
5785.000000 3.523275e-09
5790.000000 3.570291e-09
5795.000000 3.633677e-09
5800.000000 3.687069e-09
5805.000000 3.679419e-09
5810.000000 3.685417e-09
5815.000000 3.718164e-09
5820.000000 3.785996e-09
5825.000000 3.829729e-09
5830.000000 3.829639e-09
5835.000000 3.807115e-09
5840.000000 3.808696e-09
5845.000000 3.772798e-09
5850.000000 3.705041e-09
5855.000000 3.640099e-09
5860.000000 3.642884e-09
5865.000000 3.707823e-09
5870.000000 3.775974e-09
5875.000000 3.785909e-09
5880.000000 3.719039e-09
5885.000000 3.562765e-09
5890.000000 3.357170e-09
5895.000000 3.346301e-09
5900.000000 3.465864e-09
5905.000000 3.581796e-09
5910.000000 3.651651e-09
5915.000000 3.661012e-09
5920.000000 3.676364e-09
5925.000000 3.676664e-09
5930.000000 3.670002e-09
5935.000000 3.681861e-09
5940.000000 3.681031e-09
5945.000000 3.651361e-09
5950.000000 3.621757e-09
5955.000000 3.626992e-09
5960.000000 3.668921e-09
5965.000000 3.694706e-09
5970.000000 3.699557e-09
5975.000000 3.655183e-09
5980.000000 3.623026e-09
5985.000000 3.588055e-09
5990.000000 3.603935e-09
5995.000000 3.632942e-09
6000.000000 3.613515e-09
6005.000000 3.567263e-09
6010.000000 3.543574e-09
6015.000000 3.533060e-09
6020.000000 3.537160e-09
6025.000000 3.578230e-09
6030.000000 3.627528e-09
6035.000000 3.661556e-09
6040.000000 3.672372e-09
6045.000000 3.694217e-09
6050.000000 3.681776e-09
6055.000000 3.644667e-09
6060.000000 3.630368e-09
6065.000000 3.626377e-09
6070.000000 3.652013e-09
6075.000000 3.623570e-09
6080.000000 3.562783e-09
6085.000000 3.544856e-09
6090.000000 3.546057e-09
6095.000000 3.546390e-09
6100.000000 3.529574e-09
6105.000000 3.544474e-09
6110.000000 3.583302e-09
6115.000000 3.577084e-09
6120.000000 3.538903e-09
6125.000000 3.536265e-09
6130.000000 3.520686e-09
6135.000000 3.444870e-09
6140.000000 3.455252e-09
6145.000000 3.508770e-09
6150.000000 3.516889e-09
6155.000000 3.480426e-09
6160.000000 3.406191e-09
6165.000000 3.386041e-09
6170.000000 3.426862e-09
6175.000000 3.486988e-09
6180.000000 3.536496e-09
6185.000000 3.523159e-09
6190.000000 3.491544e-09
6195.000000 3.528903e-09
6200.000000 3.568451e-09
6205.000000 3.590097e-09
6210.000000 3.550797e-09
6215.000000 3.480481e-09
6220.000000 3.449857e-09
6225.000000 3.448794e-09
6230.000000 3.435252e-09
6235.000000 3.464746e-09
6240.000000 3.449292e-09
6245.000000 3.421642e-09
6250.000000 3.399695e-09
6255.000000 3.353960e-09
6260.000000 3.399300e-09
6265.000000 3.455339e-09
6270.000000 3.486471e-09
6275.000000 3.453347e-09
6280.000000 3.412336e-09
6285.000000 3.470155e-09
6290.000000 3.491642e-09
6295.000000 3.447374e-09
6300.000000 3.408054e-09
6305.000000 3.442510e-09
6310.000000 3.438469e-09
6315.000000 3.372091e-09
6320.000000 3.374516e-09
6325.000000 3.450426e-09
6330.000000 3.480319e-09
6335.000000 3.447833e-09
6340.000000 3.436808e-09
6345.000000 3.452840e-09
6350.000000 3.471799e-09
6355.000000 3.430555e-09
6360.000000 3.385877e-09
6365.000000 3.422076e-09
6370.000000 3.486981e-09
6375.000000 3.502373e-09
6380.000000 3.500359e-09
6385.000000 3.505148e-09
6390.000000 3.485563e-09
6395.000000 3.465565e-09
6400.000000 3.444047e-09
6405.000000 3.442993e-09
6410.000000 3.432058e-09
6415.000000 3.428943e-09
6420.000000 3.419188e-09
6425.000000 3.454768e-09
6430.000000 3.458913e-09
6435.000000 3.453500e-09
6440.000000 3.452295e-09
6445.000000 3.446150e-09
6450.000000 3.405153e-09
6455.000000 3.406055e-09
6460.000000 3.403479e-09
6465.000000 3.411695e-09
6470.000000 3.418897e-09
6475.000000 3.421669e-09
6480.000000 3.414615e-09
6485.000000 3.410882e-09
6490.000000 3.335715e-09
6495.000000 3.217387e-09
6500.000000 3.290613e-09
6505.000000 3.405794e-09
6510.000000 3.470759e-09
6515.000000 3.458312e-09
6520.000000 3.449197e-09
6525.000000 3.461169e-09
6530.000000 3.451438e-09
6535.000000 3.464202e-09
6540.000000 3.468223e-09
6545.000000 3.441557e-09
6550.000000 3.386424e-09
6555.000000 3.257904e-09
6560.000000 3.055048e-09
6565.000000 3.114831e-09
6570.000000 3.252722e-09
6575.000000 3.322015e-09
6580.000000 3.384784e-09
6585.000000 3.406683e-09
6590.000000 3.389129e-09
6595.000000 3.370410e-09
6600.000000 3.393430e-09
6605.000000 3.386390e-09
6610.000000 3.393533e-09
6615.000000 3.438292e-09
6620.000000 3.455209e-09
6625.000000 3.435600e-09
6630.000000 3.386541e-09
6635.000000 3.358948e-09
6640.000000 3.356527e-09
6645.000000 3.372437e-09
6650.000000 3.403302e-09
6655.000000 3.411712e-09
6660.000000 3.377008e-09
6665.000000 3.354421e-09
6670.000000 3.372789e-09
6675.000000 3.364966e-09
6680.000000 3.376242e-09
6685.000000 3.402600e-09
6690.000000 3.398016e-09
6695.000000 3.364719e-09
6700.000000 3.338085e-09
6705.000000 3.327387e-09
6710.000000 3.316111e-09
6715.000000 3.293598e-09
6720.000000 3.312705e-09
6725.000000 3.331551e-09
6730.000000 3.336687e-09
6735.000000 3.323492e-09
6740.000000 3.307044e-09
6745.000000 3.296714e-09
6750.000000 3.301278e-09
6755.000000 3.328110e-09
6760.000000 3.350859e-09
6765.000000 3.332988e-09
6770.000000 3.312912e-09
6775.000000 3.341663e-09
6780.000000 3.344997e-09
6785.000000 3.317744e-09
6790.000000 3.315248e-09
6795.000000 3.309369e-09
6800.000000 3.311226e-09
6805.000000 3.297036e-09
6810.000000 3.289330e-09
6815.000000 3.298583e-09
6820.000000 3.304181e-09
6825.000000 3.312583e-09
6830.000000 3.305065e-09
6835.000000 3.279804e-09
6840.000000 3.269512e-09
6845.000000 3.283237e-09
6850.000000 3.297003e-09
6855.000000 3.290871e-09
6860.000000 3.292594e-09
6865.000000 3.302613e-09
6870.000000 3.292954e-09
6875.000000 3.272260e-09
6880.000000 3.273504e-09
6885.000000 3.289891e-09
6890.000000 3.310779e-09
6895.000000 3.316107e-09
6900.000000 3.312193e-09
6905.000000 3.301832e-09
6910.000000 3.284623e-09
6915.000000 3.269423e-09
6920.000000 3.271678e-09
6925.000000 3.263847e-09
6930.000000 3.261855e-09
6935.000000 3.256449e-09
6940.000000 3.243739e-09
6945.000000 3.225285e-09
6950.000000 3.217068e-09
6955.000000 3.217960e-09
6960.000000 3.235687e-09
6965.000000 3.251113e-09
6970.000000 3.236095e-09
6975.000000 3.143038e-09
6980.000000 3.103613e-09
6985.000000 3.140129e-09
6990.000000 3.163102e-09
6995.000000 3.161326e-09
7000.000000 3.138298e-09
7005.000000 3.130588e-09
7010.000000 3.128914e-09
7015.000000 3.083862e-09
7020.000000 3.079884e-09
7025.000000 3.079487e-09
7030.000000 3.113219e-09
7035.000000 3.134371e-09
7040.000000 3.152576e-09
7045.000000 3.176994e-09
7050.000000 3.171755e-09
7055.000000 3.148720e-09
7060.000000 3.144267e-09
7065.000000 3.141854e-09
7070.000000 3.154303e-09
7075.000000 3.186485e-09
7080.000000 3.184760e-09
7085.000000 3.137243e-09
7090.000000 3.116705e-09
7095.000000 3.138394e-09
7100.000000 3.146667e-09
7105.000000 3.117782e-09
7110.000000 3.083179e-09
7115.000000 3.087963e-09
7120.000000 3.080913e-09
7125.000000 3.075911e-09
7130.000000 3.066303e-09
7135.000000 3.094051e-09
7140.000000 3.114475e-09
7145.000000 3.085504e-09
7150.000000 3.071591e-09
7155.000000 3.086899e-09
7160.000000 3.082039e-09
7165.000000 3.049511e-09
7170.000000 3.056867e-09
7175.000000 3.037727e-09
7180.000000 2.993353e-09
7185.000000 2.948825e-09
7190.000000 2.942024e-09
7195.000000 2.967619e-09
7200.000000 2.985623e-09
7205.000000 2.989947e-09
7210.000000 3.014169e-09
7215.000000 3.049023e-09
7220.000000 3.050314e-09
7225.000000 3.044342e-09
7230.000000 3.043088e-09
7235.000000 3.025549e-09
7240.000000 3.017975e-09
7245.000000 3.030697e-09
7250.000000 3.043040e-09
7255.000000 3.048896e-09
7260.000000 3.033627e-09
7265.000000 3.043016e-09
7270.000000 3.038028e-09
7275.000000 2.996786e-09
7280.000000 2.979853e-09
7285.000000 2.953993e-09
7290.000000 2.926892e-09
7295.000000 2.961841e-09
7300.000000 2.972512e-09
7305.000000 2.965031e-09
7310.000000 2.978736e-09
7315.000000 3.003102e-09
7320.000000 2.998691e-09
7325.000000 2.978799e-09
7330.000000 2.977867e-09
7335.000000 2.995672e-09
7340.000000 3.018483e-09
7345.000000 3.008982e-09
7350.000000 2.983475e-09
7355.000000 2.957443e-09
7360.000000 2.964072e-09
7365.000000 2.978990e-09
7370.000000 2.997149e-09
7375.000000 3.005363e-09
7380.000000 2.985493e-09
7385.000000 2.925928e-09
7390.000000 2.897794e-09
7395.000000 2.928206e-09
7400.000000 2.942977e-09
7405.000000 2.939311e-09
7410.000000 2.903229e-09
7415.000000 2.887304e-09
7420.000000 2.900685e-09
7425.000000 2.974083e-09
7430.000000 3.007987e-09
7435.000000 3.002159e-09
7440.000000 2.965557e-09
7445.000000 2.937014e-09
7450.000000 2.949279e-09
7455.000000 2.972787e-09
7460.000000 2.968089e-09
7465.000000 2.985641e-09
7470.000000 2.986862e-09
7475.000000 2.960569e-09
7480.000000 2.943734e-09
7485.000000 2.939704e-09
7490.000000 2.929957e-09
7495.000000 2.913316e-09
7500.000000 2.926039e-09
7505.000000 2.915044e-09
7510.000000 2.903055e-09
7515.000000 2.924745e-09
7520.000000 2.937250e-09
7525.000000 2.930454e-09
7530.000000 2.936325e-09
7535.000000 2.955604e-09
7540.000000 2.957729e-09
7545.000000 2.945582e-09
7550.000000 2.939029e-09
7555.000000 2.930084e-09
7560.000000 2.931134e-09
7565.000000 2.933233e-09
7570.000000 2.930859e-09
7575.000000 2.937504e-09
7580.000000 2.936855e-09
7585.000000 2.919706e-09
7590.000000 2.902950e-09
7595.000000 2.873107e-09
7600.000000 2.837140e-09
7605.000000 2.817945e-09
7610.000000 2.823582e-09
7615.000000 2.818466e-09
7620.000000 2.814058e-09
7625.000000 2.835762e-09
7630.000000 2.854902e-09
7635.000000 2.857368e-09
7640.000000 2.854566e-09
7645.000000 2.856771e-09
7650.000000 2.852653e-09
7655.000000 2.842880e-09
7660.000000 2.826561e-09
7665.000000 2.836154e-09
7670.000000 2.861946e-09
7675.000000 2.868602e-09
7680.000000 2.869489e-09
7685.000000 2.875172e-09
7690.000000 2.873873e-09
7695.000000 2.863524e-09
7700.000000 2.854737e-09
7705.000000 2.839103e-09
7710.000000 2.806809e-09
7715.000000 2.789479e-09
7720.000000 2.801293e-09
7725.000000 2.810989e-09
7730.000000 2.823445e-09
7735.000000 2.834897e-09
7740.000000 2.819539e-09
7745.000000 2.767146e-09
7750.000000 2.751534e-09
7755.000000 2.802174e-09
7760.000000 2.837709e-09
7765.000000 2.848791e-09
7770.000000 2.826559e-09
7775.000000 2.797606e-09
7780.000000 2.776705e-09
7785.000000 2.784442e-09
7790.000000 2.799237e-09
7795.000000 2.804883e-09
7800.000000 2.798040e-09
7805.000000 2.792351e-09
7810.000000 2.789156e-09
7815.000000 2.811066e-09
7820.000000 2.826053e-09
7825.000000 2.825541e-09
7830.000000 2.798050e-09
7835.000000 2.772392e-09
7840.000000 2.781040e-09
7845.000000 2.779378e-09
7850.000000 2.775251e-09
7855.000000 2.784291e-09
7860.000000 2.797781e-09
7865.000000 2.786513e-09
7870.000000 2.760309e-09
7875.000000 2.730757e-09
7880.000000 2.712055e-09
7885.000000 2.724266e-09
7890.000000 2.717161e-09
7895.000000 2.687915e-09
7900.000000 2.676505e-09
7905.000000 2.671407e-09
7910.000000 2.643792e-09
7915.000000 2.623616e-09
7920.000000 2.625099e-09
7925.000000 2.634439e-09
7930.000000 2.631698e-09
7935.000000 2.619601e-09
7940.000000 2.610355e-09
7945.000000 2.615119e-09
7950.000000 2.642383e-09
7955.000000 2.661169e-09
7960.000000 2.676557e-09
7965.000000 2.690635e-09
7970.000000 2.699097e-09
7975.000000 2.704713e-09
7980.000000 2.706023e-09
7985.000000 2.702008e-09
7990.000000 2.694738e-09
7995.000000 2.663334e-09
8000.000000 2.644941e-09
8005.000000 2.658777e-09
8010.000000 2.673823e-09
8015.000000 2.690600e-09
8020.000000 2.680647e-09
8025.000000 2.645003e-09
8030.000000 2.642646e-09
8035.000000 2.673618e-09
8040.000000 2.670832e-09
8045.000000 2.627577e-09
8050.000000 2.617636e-09
8055.000000 2.650242e-09
8060.000000 2.668625e-09
8065.000000 2.660591e-09
8070.000000 2.626642e-09
8075.000000 2.605196e-09
8080.000000 2.594010e-09
8085.000000 2.583565e-09
8090.000000 2.566279e-09
8095.000000 2.546375e-09
8100.000000 2.549817e-09
8105.000000 2.553489e-09
8110.000000 2.559682e-09
8115.000000 2.563003e-09
8120.000000 2.574797e-09
8125.000000 2.579786e-09
8130.000000 2.572919e-09
8135.000000 2.564646e-09
8140.000000 2.541773e-09
8145.000000 2.523487e-09
8150.000000 2.526310e-09
8155.000000 2.541524e-09
8160.000000 2.532834e-09
8165.000000 2.513826e-09
8170.000000 2.494724e-09
8175.000000 2.479524e-09
8180.000000 2.474693e-09
8185.000000 2.474950e-09
8190.000000 2.463760e-09
8195.000000 2.433549e-09
8200.000000 2.458946e-09
8205.000000 2.506607e-09
8210.000000 2.533033e-09
8215.000000 2.548906e-09
8220.000000 2.533631e-09
8225.000000 2.483244e-09
8230.000000 2.453695e-09
8235.000000 2.488080e-09
8240.000000 2.522494e-09
8245.000000 2.554947e-09
8250.000000 2.567854e-09
8255.000000 2.557846e-09
8260.000000 2.563769e-09
8265.000000 2.565804e-09
8270.000000 2.543578e-09
8275.000000 2.498222e-09
8280.000000 2.486045e-09
8285.000000 2.474218e-09
8290.000000 2.469240e-09
8295.000000 2.479143e-09
8300.000000 2.481418e-09
8305.000000 2.479984e-09
8310.000000 2.482117e-09
8315.000000 2.490910e-09
8320.000000 2.484075e-09
8325.000000 2.463632e-09
8330.000000 2.438920e-09
8335.000000 2.436026e-09
8340.000000 2.447582e-09
8345.000000 2.461350e-09
8350.000000 2.483981e-09
8355.000000 2.500176e-09
8360.000000 2.505768e-09
8365.000000 2.502489e-09
8370.000000 2.503193e-09
8375.000000 2.494407e-09
8380.000000 2.475132e-09
8385.000000 2.442996e-09
8390.000000 2.459812e-09
8395.000000 2.493345e-09
8400.000000 2.502121e-09
8405.000000 2.502875e-09
8410.000000 2.491337e-09
8415.000000 2.480883e-09
8420.000000 2.464080e-09
8425.000000 2.452642e-09
8430.000000 2.461022e-09
8435.000000 2.438622e-09
8440.000000 2.438941e-09
8445.000000 2.458718e-09
8450.000000 2.487859e-09
8455.000000 2.511240e-09
8460.000000 2.509408e-09
8465.000000 2.485450e-09
8470.000000 2.471465e-09
8475.000000 2.486959e-09
8480.000000 2.500768e-09
8485.000000 2.492054e-09
8490.000000 2.424252e-09
8495.000000 2.250582e-09
8500.000000 2.215330e-09
8505.000000 2.317994e-09
8510.000000 2.370373e-09
8515.000000 2.365943e-09
8520.000000 2.371827e-09
8525.000000 2.358962e-09
8530.000000 2.314893e-09
8535.000000 2.173390e-09
8540.000000 1.942108e-09
8545.000000 1.917410e-09
8550.000000 2.066139e-09
8555.000000 2.222288e-09
8560.000000 2.340260e-09
8565.000000 2.393514e-09
8570.000000 2.382174e-09
8575.000000 2.370874e-09
8580.000000 2.363500e-09
8585.000000 2.359098e-09
8590.000000 2.357434e-09
8595.000000 2.343659e-09
8600.000000 2.351853e-09
8605.000000 2.364730e-09
8610.000000 2.369588e-09
8615.000000 2.376108e-09
8620.000000 2.380158e-09
8625.000000 2.400922e-09
8630.000000 2.423215e-09
8635.000000 2.435506e-09
8640.000000 2.433464e-09
8645.000000 2.399396e-09
8650.000000 2.350856e-09
8655.000000 2.252552e-09
8660.000000 2.050962e-09
8665.000000 2.000939e-09
8670.000000 2.097041e-09
8675.000000 2.211273e-09
8680.000000 2.315337e-09
8685.000000 2.342314e-09
8690.000000 2.361196e-09
8695.000000 2.417975e-09
8700.000000 2.393104e-09
8705.000000 2.411983e-09
8710.000000 2.418503e-09
8715.000000 2.438452e-09
8720.000000 2.453574e-09
8725.000000 2.437178e-09
8730.000000 2.422036e-09
8735.000000 2.420946e-09
8740.000000 2.411688e-09
8745.000000 2.394003e-09
8750.000000 2.362050e-09
8755.000000 2.340596e-09
8760.000000 2.337717e-09
8765.000000 2.331118e-09
8770.000000 2.318251e-09
8775.000000 2.335502e-09
8780.000000 2.352867e-09
8785.000000 2.346037e-09
8790.000000 2.320721e-09
8795.000000 2.320887e-09
8800.000000 2.314549e-09
8805.000000 2.285024e-09
8810.000000 2.335332e-09
8815.000000 2.377389e-09
8820.000000 2.367614e-09
8825.000000 2.363423e-09
8830.000000 2.381155e-09
8835.000000 2.367627e-09
8840.000000 2.359614e-09
8845.000000 2.376644e-09
8850.000000 2.372318e-09
8855.000000 2.344562e-09
8860.000000 2.298262e-09
8865.000000 2.273322e-09
8870.000000 2.291630e-09
8875.000000 2.284269e-09
8880.000000 2.278465e-09
8885.000000 2.295462e-09
8890.000000 2.301951e-09
8895.000000 2.309490e-09
8900.000000 2.326496e-09
8905.000000 2.333902e-09
8910.000000 2.328609e-09
8915.000000 2.305647e-09
8920.000000 2.292283e-09
8925.000000 2.285019e-09
8930.000000 2.292401e-09
8935.000000 2.292113e-09
8940.000000 2.279622e-09
8945.000000 2.263423e-09
8950.000000 2.276612e-09
8955.000000 2.280985e-09
8960.000000 2.284158e-09
8965.000000 2.273826e-09
8970.000000 2.273826e-09
8975.000000 2.265110e-09
8980.000000 2.259628e-09
8985.000000 2.245257e-09
8990.000000 2.235919e-09
8995.000000 2.246118e-09
9000.000000 2.231343e-09
9005.000000 2.210297e-09
9010.000000 2.181973e-09
9015.000000 2.163398e-09
9020.000000 2.173983e-09
9025.000000 2.176702e-09
9030.000000 2.199421e-09
9035.000000 2.211295e-09
9040.000000 2.206525e-09
9045.000000 2.196983e-09
9050.000000 2.185193e-09
9055.000000 2.184217e-09
9060.000000 2.173646e-09
9065.000000 2.165699e-09
9070.000000 2.151021e-09
9075.000000 2.140430e-09
9080.000000 2.113149e-09
9085.000000 2.106548e-09
9090.000000 2.089988e-09
9095.000000 2.087894e-09
9100.000000 2.084269e-09
9105.000000 2.091127e-09
9110.000000 2.089399e-09
9115.000000 2.084094e-09
9120.000000 2.088492e-09
9125.000000 2.101569e-09
9130.000000 2.087190e-09
9135.000000 2.068780e-09
9140.000000 2.060335e-09
9145.000000 2.051504e-09
9150.000000 2.042938e-09
9155.000000 2.041534e-09
9160.000000 2.065007e-09
9165.000000 2.064197e-09
9170.000000 2.044254e-09
9175.000000 2.045044e-09
9180.000000 2.055434e-09
9185.000000 2.054657e-09
9190.000000 2.050615e-09
9195.000000 2.042217e-09
9200.000000 2.044110e-09
9205.000000 2.037140e-09
9210.000000 2.036354e-09
9215.000000 2.043116e-09
9220.000000 2.059860e-09
9225.000000 2.062982e-09
9230.000000 2.048125e-09
9235.000000 2.018046e-09
9240.000000 1.995533e-09
9245.000000 1.972237e-09
9250.000000 1.967333e-09
9255.000000 1.962706e-09
9260.000000 1.984293e-09
9265.000000 2.011597e-09
9270.000000 2.029246e-09
9275.000000 2.034071e-09
9280.000000 2.040320e-09
9285.000000 2.060527e-09
9290.000000 2.072815e-09
9295.000000 2.090226e-09
9300.000000 2.099358e-09
9305.000000 2.090877e-09
9310.000000 2.059675e-09
9315.000000 2.014164e-09
9320.000000 1.998138e-09
9325.000000 1.996632e-09
9330.000000 2.010995e-09
9335.000000 1.999840e-09
9340.000000 1.963196e-09
9345.000000 1.968990e-09
9350.000000 1.993657e-09
9355.000000 1.954839e-09
9360.000000 1.975117e-09
9365.000000 1.994775e-09
9370.000000 1.999611e-09
9375.000000 2.018765e-09
9380.000000 2.018228e-09
9385.000000 2.047319e-09
9390.000000 2.100418e-09
9395.000000 2.138648e-09
9400.000000 2.129396e-09
9405.000000 2.112769e-09
9410.000000 2.080339e-09
9415.000000 2.052727e-09
9420.000000 2.026370e-09
9425.000000 1.967024e-09
9430.000000 1.940847e-09
9435.000000 1.927973e-09
9440.000000 1.891786e-09
9445.000000 1.927619e-09
9450.000000 1.976618e-09
9455.000000 1.965181e-09
9460.000000 1.973911e-09
9465.000000 2.008826e-09
9470.000000 1.995777e-09
9475.000000 1.971665e-09
9480.000000 1.959272e-09
9485.000000 1.989960e-09
9490.000000 1.992846e-09
9495.000000 1.939556e-09
9500.000000 1.931668e-09
9505.000000 1.992089e-09
9510.000000 2.030073e-09
9515.000000 2.004613e-09
9520.000000 2.007692e-09
9525.000000 2.027304e-09
9530.000000 2.041736e-09
9535.000000 2.046889e-09
9540.000000 2.024465e-09
9545.000000 1.988957e-09
9550.000000 1.988047e-09
9555.000000 1.959727e-09
9560.000000 1.930486e-09
9565.000000 1.877933e-09
9570.000000 1.874138e-09
9575.000000 1.893661e-09
9580.000000 1.890687e-09
9585.000000 1.902476e-09
9590.000000 1.896537e-09
9595.000000 1.919585e-09
9600.000000 1.922288e-09
9605.000000 1.918808e-09
9610.000000 1.929210e-09
9615.000000 1.941398e-09
9620.000000 1.934774e-09
9625.000000 1.941646e-09
9630.000000 1.942557e-09
9635.000000 1.923666e-09
9640.000000 1.907743e-09
9645.000000 1.916874e-09
9650.000000 1.904851e-09
9655.000000 1.889541e-09
9660.000000 1.862093e-09
9665.000000 1.854511e-09
9670.000000 1.848730e-09
9675.000000 1.835540e-09
9680.000000 1.840427e-09
9685.000000 1.836646e-09
9690.000000 1.845116e-09
9695.000000 1.858327e-09
9700.000000 1.848628e-09
9705.000000 1.858796e-09
9710.000000 1.888842e-09
9715.000000 1.893258e-09
9720.000000 1.902217e-09
9725.000000 1.899054e-09
9730.000000 1.897946e-09
9735.000000 1.873032e-09
9740.000000 1.864052e-09
9745.000000 1.846460e-09
9750.000000 1.852420e-09
9755.000000 1.842160e-09
9760.000000 1.848333e-09
9765.000000 1.854763e-09
9770.000000 1.849100e-09
9775.000000 1.840122e-09
9780.000000 1.846582e-09
9785.000000 1.833870e-09
9790.000000 1.861408e-09
9795.000000 1.883275e-09
9800.000000 1.890378e-09
9805.000000 1.878284e-09
9810.000000 1.866036e-09
9815.000000 1.858407e-09
9820.000000 1.855307e-09
9825.000000 1.866052e-09
9830.000000 1.870569e-09
9835.000000 1.883770e-09
9840.000000 1.863462e-09
9845.000000 1.844946e-09
9850.000000 1.830072e-09
9855.000000 1.839955e-09
9860.000000 1.860827e-09
9865.000000 1.871837e-09
9870.000000 1.848208e-09
9875.000000 1.818031e-09
9880.000000 1.799336e-09
9885.000000 1.830437e-09
9890.000000 1.819087e-09
9895.000000 1.844086e-09
9900.000000 1.857507e-09
9905.000000 1.869265e-09
9910.000000 1.862134e-09
9915.000000 1.826982e-09
9920.000000 1.840826e-09
9925.000000 1.840702e-09
9930.000000 1.854822e-09
9935.000000 1.847117e-09
9940.000000 1.829960e-09
9945.000000 1.827148e-09
9950.000000 1.834130e-09
9955.000000 1.904751e-09
9960.000000 1.845375e-09
9965.000000 1.819211e-09
9970.000000 1.838593e-09
9975.000000 1.822100e-09
9980.000000 1.839162e-09
9985.000000 1.833462e-09
9990.000000 1.830953e-09
9995.000000 1.840743e-09
10000.000000 1.822118e-09
10005.000000 1.809400e-09
10010.000000 1.806060e-09
10015.000000 1.833442e-09
10020.000000 1.873442e-09
10025.000000 1.822298e-09
10030.000000 1.776148e-09
10035.000000 1.761067e-09
10040.000000 1.804497e-09
10045.000000 1.789669e-09
10050.000000 1.802281e-09
10055.000000 1.794371e-09
10060.000000 1.798987e-09
10065.000000 1.816399e-09
10070.000000 1.763543e-09
10075.000000 1.785554e-09
10080.000000 1.807448e-09
10085.000000 1.799321e-09
10090.000000 1.805427e-09
10095.000000 1.757726e-09
10100.000000 1.752722e-09
10105.000000 1.797180e-09
10110.000000 1.859433e-09
10115.000000 1.832505e-09
10120.000000 1.801389e-09
10125.000000 1.815313e-09
10130.000000 1.781106e-09
10135.000000 1.767943e-09
10140.000000 1.721145e-09
10145.000000 1.748978e-09
10150.000000 1.769045e-09
10155.000000 1.769800e-09
10160.000000 1.767747e-09
10165.000000 1.765559e-09
10170.000000 1.763283e-09
10175.000000 1.760951e-09
10180.000000 1.758602e-09
10185.000000 1.756270e-09
10190.000000 1.753997e-09
10195.000000 1.751818e-09
10200.000000 1.749771e-09
10205.000000 1.747874e-09
10210.000000 1.746123e-09
10215.000000 1.744508e-09
10220.000000 1.743001e-09
10225.000000 1.741574e-09
10230.000000 1.740223e-09
10235.000000 1.738917e-09
10240.000000 1.737643e-09
10245.000000 1.736379e-09
10250.000000 1.735106e-09
10255.000000 1.733804e-09
10260.000000 1.732468e-09
10265.000000 1.731102e-09
10270.000000 1.729697e-09
10275.000000 1.728257e-09
10280.000000 1.726778e-09
10285.000000 1.725260e-09
10290.000000 1.723703e-09
10295.000000 1.722107e-09
10300.000000 1.720460e-09
10305.000000 1.718770e-09
10310.000000 1.717041e-09
10315.000000 1.715276e-09
10320.000000 1.713470e-09
10325.000000 1.711637e-09
10330.000000 1.709782e-09
10335.000000 1.707900e-09
10340.000000 1.706003e-09
10345.000000 1.704085e-09
10350.000000 1.702157e-09
10355.000000 1.700228e-09
10360.000000 1.698297e-09
10365.000000 1.696375e-09
10370.000000 1.694470e-09
10375.000000 1.692587e-09
10380.000000 1.690744e-09
10385.000000 1.688942e-09
10390.000000 1.687189e-09
10395.000000 1.685495e-09
10400.000000 1.683866e-09
10405.000000 1.682313e-09
10410.000000 1.680813e-09
10415.000000 1.679362e-09
10420.000000 1.677939e-09
10425.000000 1.676531e-09
10430.000000 1.675128e-09
10435.000000 1.673707e-09
10440.000000 1.672257e-09
10445.000000 1.670759e-09
10450.000000 1.669207e-09
10455.000000 1.667586e-09
10460.000000 1.665893e-09
10465.000000 1.664145e-09
10470.000000 1.662347e-09
10475.000000 1.660502e-09
10480.000000 1.658623e-09
10485.000000 1.656719e-09
10490.000000 1.654794e-09
10495.000000 1.652856e-09
10500.000000 1.650912e-09
10505.000000 1.648975e-09
10510.000000 1.647041e-09
10515.000000 1.645109e-09
10520.000000 1.643184e-09
10525.000000 1.641263e-09
10530.000000 1.639347e-09
10535.000000 1.637431e-09
10540.000000 1.635519e-09
10545.000000 1.633611e-09
10550.000000 1.631712e-09
10555.000000 1.629814e-09
10560.000000 1.627920e-09
10565.000000 1.626029e-09
10570.000000 1.624146e-09
10575.000000 1.622263e-09
10580.000000 1.620385e-09
10585.000000 1.618517e-09
10590.000000 1.616646e-09
10595.000000 1.614780e-09
10600.000000 1.612919e-09
10605.000000 1.611059e-09
10610.000000 1.609207e-09
10615.000000 1.607358e-09
10620.000000 1.204272e-09
