1150.000000 0.000000e+00
1155.000000 0.000000e+00
1160.000000 0.000000e+00
1165.000000 0.000000e+00
1170.000000 0.000000e+00
1175.000000 0.000000e+00
1180.000000 0.000000e+00
1185.000000 0.000000e+00
1190.000000 0.000000e+00
1195.000000 0.000000e+00
1200.000000 0.000000e+00
1205.000000 0.000000e+00
1210.000000 0.000000e+00
1215.000000 0.000000e+00
1220.000000 0.000000e+00
1225.000000 0.000000e+00
1230.000000 0.000000e+00
1235.000000 0.000000e+00
1240.000000 0.000000e+00
1245.000000 0.000000e+00
1250.000000 0.000000e+00
1255.000000 0.000000e+00
1260.000000 0.000000e+00
1265.000000 0.000000e+00
1270.000000 0.000000e+00
1275.000000 0.000000e+00
1280.000000 0.000000e+00
1285.000000 0.000000e+00
1290.000000 0.000000e+00
1295.000000 0.000000e+00
1300.000000 0.000000e+00
1305.000000 0.000000e+00
1310.000000 0.000000e+00
1315.000000 0.000000e+00
1320.000000 0.000000e+00
1325.000000 0.000000e+00
1330.000000 0.000000e+00
1335.000000 0.000000e+00
1340.000000 0.000000e+00
1345.000000 0.000000e+00
1350.000000 0.000000e+00
1355.000000 0.000000e+00
1360.000000 0.000000e+00
1365.000000 0.000000e+00
1370.000000 0.000000e+00
1375.000000 0.000000e+00
1380.000000 0.000000e+00
1385.000000 0.000000e+00
1390.000000 0.000000e+00
1395.000000 0.000000e+00
1400.000000 0.000000e+00
1405.000000 0.000000e+00
1410.000000 0.000000e+00
1415.000000 0.000000e+00
1420.000000 0.000000e+00
1425.000000 0.000000e+00
1430.000000 0.000000e+00
1435.000000 0.000000e+00
1440.000000 0.000000e+00
1445.000000 0.000000e+00
1450.000000 0.000000e+00
1455.000000 0.000000e+00
1460.000000 0.000000e+00
1465.000000 0.000000e+00
1470.000000 0.000000e+00
1475.000000 0.000000e+00
1480.000000 0.000000e+00
1485.000000 0.000000e+00
1490.000000 0.000000e+00
1495.000000 0.000000e+00
1500.000000 0.000000e+00
1505.000000 0.000000e+00
1510.000000 0.000000e+00
1515.000000 0.000000e+00
1520.000000 0.000000e+00
1525.000000 0.000000e+00
1530.000000 0.000000e+00
1535.000000 0.000000e+00
1540.000000 0.000000e+00
1545.000000 0.000000e+00
1550.000000 0.000000e+00
1555.000000 0.000000e+00
1560.000000 0.000000e+00
1565.000000 0.000000e+00
1570.000000 0.000000e+00
1575.000000 0.000000e+00
1580.000000 0.000000e+00
1585.000000 0.000000e+00
1590.000000 0.000000e+00
1595.000000 0.000000e+00
1600.000000 0.000000e+00
1605.000000 0.000000e+00
1610.000000 0.000000e+00
1615.000000 0.000000e+00
1620.000000 0.000000e+00
1625.000000 0.000000e+00
1630.000000 0.000000e+00
1635.000000 0.000000e+00
1640.000000 0.000000e+00
1645.000000 0.000000e+00
1650.000000 0.000000e+00
1655.000000 0.000000e+00
1660.000000 0.000000e+00
1665.000000 0.000000e+00
1670.000000 0.000000e+00
1675.000000 0.000000e+00
1680.000000 0.000000e+00
1685.000000 0.000000e+00
1690.000000 0.000000e+00
1695.000000 0.000000e+00
1700.000000 0.000000e+00
1705.000000 0.000000e+00
1710.000000 0.000000e+00
1715.000000 0.000000e+00
1720.000000 0.000000e+00
1725.000000 0.000000e+00
1730.000000 0.000000e+00
1735.000000 0.000000e+00
1740.000000 0.000000e+00
1745.000000 0.000000e+00
1750.000000 4.599159e-16
1755.000000 3.671458e-15
1760.000000 7.340297e-15
1765.000000 1.100913e-14
1770.000000 1.467796e-14
1775.000000 1.788690e-14
1780.000000 1.834422e-14
1785.000000 1.788433e-14
1790.000000 1.421293e-14
1795.000000 7.332575e-15
1800.000000 9.146630e-16
1805.000000 0.000000e+00
1810.000000 0.000000e+00
1815.000000 0.000000e+00
1820.000000 0.000000e+00
1825.000000 0.000000e+00
1830.000000 0.000000e+00
1835.000000 0.000000e+00
1840.000000 0.000000e+00
1845.000000 0.000000e+00
1850.000000 5.977987e-15
1855.000000 4.818699e-14
1860.000000 9.955326e-14
1865.000000 1.532086e-13
1870.000000 2.004388e-13
1875.000000 2.362002e-13
1880.000000 2.531526e-13
1885.000000 2.421265e-13
1890.000000 2.003705e-13
1895.000000 1.191697e-13
1900.000000 1.555156e-14
1905.000000 0.000000e+00
1910.000000 0.000000e+00
1915.000000 0.000000e+00
1920.000000 0.000000e+00
1925.000000 0.000000e+00
1930.000000 0.000000e+00
1935.000000 0.000000e+00
1940.000000 0.000000e+00
1945.000000 0.000000e+00
1950.000000 8.184108e-14
1955.000000 6.714036e-13
1960.000000 1.462116e-12
1965.000000 2.351400e-12
1970.000000 3.291554e-12
1975.000000 4.232595e-12
1980.000000 5.128207e-12
1985.000000 5.926104e-12
1990.000000 6.580428e-12
1995.000000 7.043483e-12
2000.000000 7.267581e-12
2005.000000 7.234868e-12
2010.000000 6.998587e-12
2015.000000 6.634866e-12
2020.000000 6.226706e-12
2025.000000 5.854821e-12
2030.000000 5.598097e-12
2035.000000 5.541373e-12
2040.000000 5.761703e-12
2045.000000 6.343914e-12
2050.000000 7.362763e-12
2055.000000 8.852583e-12
2060.000000 1.073811e-11
2065.000000 1.290148e-11
2070.000000 1.521658e-11
2075.000000 1.756371e-11
2080.000000 1.981949e-11
2085.000000 2.186148e-11
2090.000000 2.356360e-11
2095.000000 2.480611e-11
2100.000000 2.547117e-11
2105.000000 2.549834e-11
2110.000000 2.497339e-11
2115.000000 2.403717e-11
2120.000000 2.283461e-11
2125.000000 2.151746e-11
2130.000000 2.023298e-11
2135.000000 1.912558e-11
2140.000000 1.834436e-11
2145.000000 1.803649e-11
2150.000000 1.834278e-11
2155.000000 1.934154e-11
2160.000000 2.094009e-11
2165.000000 2.298613e-11
2170.000000 2.532102e-11
2175.000000 2.778192e-11
2180.000000 3.021198e-11
2185.000000 3.244844e-11
2190.000000 3.433219e-11
2195.000000 3.570257e-11
2200.000000 3.640749e-11
2205.000000 3.635574e-11
2210.000000 3.561796e-11
2215.000000 3.433312e-11
2220.000000 3.264436e-11
2225.000000 3.069197e-11
2230.000000 2.861905e-11
2235.000000 2.657049e-11
2240.000000 2.468484e-11
2245.000000 2.310655e-11
2250.000000 2.197221e-11
2255.000000 2.137587e-11
2260.000000 2.128534e-11
2265.000000 2.162400e-11
2270.000000 2.231117e-11
2275.000000 2.326565e-11
2280.000000 2.440399e-11
2285.000000 2.564500e-11
2290.000000 2.690799e-11
2295.000000 2.811223e-11
2300.000000 2.917886e-11
2305.000000 3.004689e-11
2310.000000 3.070074e-11
2315.000000 3.114640e-11
2320.000000 3.139622e-11
2325.000000 3.145620e-11
2330.000000 3.133547e-11
2335.000000 3.103959e-11
2340.000000 3.057770e-11
2345.000000 2.995574e-11
2350.000000 2.918750e-11
2355.000000 2.829868e-11
2360.000000 2.736359e-11
2365.000000 2.647258e-11
2370.000000 2.571779e-11
2375.000000 2.519423e-11
2380.000000 2.499632e-11
2385.000000 2.521437e-11
2390.000000 2.594431e-11
2395.000000 2.727461e-11
2400.000000 2.929837e-11
2405.000000 3.204393e-11
2410.000000 3.538925e-11
2415.000000 3.915637e-11
2420.000000 4.316196e-11
2425.000000 4.722240e-11
2430.000000 5.115440e-11
2435.000000 5.477483e-11
2440.000000 5.790226e-11
2445.000000 6.034798e-11
2450.000000 6.193666e-11
2455.000000 6.257362e-11
2460.000000 6.235074e-11
2465.000000 6.144474e-11
2470.000000 6.003669e-11
2475.000000 5.830891e-11
2480.000000 5.644193e-11
2485.000000 5.461584e-11
2490.000000 5.301318e-11
2495.000000 5.181460e-11
2500.000000 5.119627e-11
2505.000000 5.126495e-11
2510.000000 5.194492e-11
2515.000000 5.309942e-11
2520.000000 5.457534e-11
2525.000000 5.622908e-11
2530.000000 5.790993e-11
2535.000000 5.947271e-11
2540.000000 6.077037e-11
2545.000000 6.165109e-11
2550.000000 6.197831e-11
2555.000000 6.169731e-11
2560.000000 6.097257e-11
2565.000000 6.004795e-11
2570.000000 5.918406e-11
2575.000000 5.863404e-11
2580.000000 5.865814e-11
2585.000000 5.950888e-11
2590.000000 6.144293e-11
2595.000000 6.472124e-11
2600.000000 6.958097e-11
2605.000000 7.613437e-11
2610.000000 8.413115e-11
2615.000000 9.318826e-11
2620.000000 1.029099e-10
2625.000000 1.129047e-10
2630.000000 1.227724e-10
2635.000000 1.321184e-10
2640.000000 1.405467e-10
2645.000000 1.476589e-10
2650.000000 1.530769e-10
2655.000000 1.565508e-10
2660.000000 1.581886e-10
2665.000000 1.582302e-10
2670.000000 1.569261e-10
2675.000000 1.545327e-10
2680.000000 1.513056e-10
2685.000000 1.474962e-10
2690.000000 1.433605e-10
2695.000000 1.391538e-10
2700.000000 1.351194e-10
2705.000000 1.314553e-10
2710.000000 1.282146e-10
2715.000000 1.253931e-10
2720.000000 1.229861e-10
2725.000000 1.209885e-10
2730.000000 1.193890e-10
2735.000000 1.181845e-10
2740.000000 1.173663e-10
2745.000000 1.169287e-10
2750.000000 1.168648e-10
2755.000000 1.171593e-10
2760.000000 1.177905e-10
2765.000000 1.187297e-10
2770.000000 1.199479e-10
2775.000000 1.214153e-10
2780.000000 1.230993e-10
2785.000000 1.249710e-10
2790.000000 1.270036e-10
2795.000000 1.291677e-10
2800.000000 1.314356e-10
2805.000000 1.338232e-10
2810.000000 1.364560e-10
2815.000000 1.394975e-10
2820.000000 1.431175e-10
2825.000000 1.474827e-10
2830.000000 1.527622e-10
2835.000000 1.591268e-10
2840.000000 1.667430e-10
2845.000000 1.757793e-10
2850.000000 1.863938e-10
2855.000000 1.986419e-10
2860.000000 2.122995e-10
2865.000000 2.270356e-10
2870.000000 2.425133e-10
2875.000000 2.583968e-10
2880.000000 2.743441e-10
2885.000000 2.900180e-10
2890.000000 3.050772e-10
2895.000000 3.191878e-10
2900.000000 3.320141e-10
2905.000000 3.433220e-10
2910.000000 3.530999e-10
2915.000000 3.614312e-10
2920.000000 3.684055e-10
2925.000000 3.741146e-10
2930.000000 3.786517e-10
2935.000000 3.821049e-10
2940.000000 3.845666e-10
2945.000000 3.861262e-10
2950.000000 3.868766e-10
2955.000000 3.869381e-10
2960.000000 3.865015e-10
2965.000000 3.857744e-10
2970.000000 3.849786e-10
2975.000000 3.843270e-10
2980.000000 3.840353e-10
2985.000000 3.843191e-10
2990.000000 3.853967e-10
2995.000000 3.874846e-10
3000.000000 3.907876e-10
3005.000000 3.954229e-10
3010.000000 4.012818e-10
3015.000000 4.081603e-10
3020.000000 4.158471e-10
3025.000000 4.241336e-10
3030.000000 4.328098e-10
3035.000000 4.416633e-10
3040.000000 4.504855e-10
3045.000000 4.590666e-10
3050.000000 4.672021e-10
3055.000000 4.747512e-10
3060.000000 4.817452e-10
3065.000000 4.882759e-10
3070.000000 4.944420e-10
3075.000000 5.003426e-10
3080.000000 5.060817e-10
3085.000000 5.117559e-10
3090.000000 5.174624e-10
3095.000000 5.233040e-10
3100.000000 5.293769e-10
3105.000000 5.357310e-10
3110.000000 5.423153e-10
3115.000000 5.490348e-10
3120.000000 5.557835e-10
3125.000000 5.624630e-10
3130.000000 5.689743e-10
3135.000000 5.752167e-10
3140.000000 5.810853e-10
3145.000000 5.864865e-10
3150.000000 5.913182e-10
3155.000000 5.955300e-10
3160.000000 5.991803e-10
3165.000000 6.023695e-10
3170.000000 6.052016e-10
3175.000000 6.077858e-10
3180.000000 6.102244e-10
3185.000000 6.126255e-10
3190.000000 6.150934e-10
3195.000000 6.252314e-10
3200.000000 6.682821e-10
3205.000000 6.477452e-10
3210.000000 6.309613e-10
3215.000000 6.324323e-10
3220.000000 6.218576e-10
3225.000000 5.797842e-10
3230.000000 5.459977e-10
3235.000000 5.588009e-10
3240.000000 5.939346e-10
3245.000000 6.211576e-10
3250.000000 6.568828e-10
3255.000000 7.163830e-10
3260.000000 7.647151e-10
3265.000000 7.664392e-10
3270.000000 7.366975e-10
3275.000000 7.091494e-10
3280.000000 7.130143e-10
3285.000000 7.577594e-10
3290.000000 8.076108e-10
3295.000000 8.295640e-10
3300.000000 8.402851e-10
3305.000000 7.821057e-10
3310.000000 7.363045e-10
3315.000000 7.395644e-10
3320.000000 7.547172e-10
3325.000000 7.374970e-10
3330.000000 6.912401e-10
3335.000000 6.450132e-10
3340.000000 6.435217e-10
3345.000000 7.016309e-10
3350.000000 7.443702e-10
3355.000000 7.042865e-10
3360.000000 6.232728e-10
3365.000000 5.742398e-10
3370.000000 5.975553e-10
3375.000000 6.872950e-10
3380.000000 7.558625e-10
3385.000000 7.456500e-10
3390.000000 7.519683e-10
3395.000000 8.502954e-10
3400.000000 9.157952e-10
3405.000000 8.327539e-10
3410.000000 7.105628e-10
3415.000000 6.910592e-10
3420.000000 7.696370e-10
3425.000000 8.730004e-10
3430.000000 9.041078e-10
3435.000000 8.180605e-10
3440.000000 7.222768e-10
3445.000000 7.238490e-10
3450.000000 7.793373e-10
3455.000000 8.176176e-10
3460.000000 8.464506e-10
3465.000000 8.784173e-10
3470.000000 8.596873e-10
3475.000000 7.624950e-10
3480.000000 6.920391e-10
3485.000000 7.378146e-10
3490.000000 8.164894e-10
3495.000000 8.266280e-10
3500.000000 7.941864e-10
3505.000000 7.782046e-10
3510.000000 7.916446e-10
3515.000000 8.219452e-10
3520.000000 8.116971e-10
3525.000000 8.063752e-10
3530.000000 8.408971e-10
3535.000000 8.859932e-10
3540.000000 9.241396e-10
3545.000000 9.408800e-10
3550.000000 9.272537e-10
3555.000000 9.037267e-10
3560.000000 8.581549e-10
3565.000000 7.906559e-10
3570.000000 7.375997e-10
3575.000000 6.980273e-10
3580.000000 6.642347e-10
3585.000000 6.429136e-10
3590.000000 7.334721e-10
3595.000000 9.111396e-10
3600.000000 9.891374e-10
3605.000000 9.298429e-10
3610.000000 8.474423e-10
3615.000000 8.624466e-10
3620.000000 9.193899e-10
3625.000000 9.927832e-10
3630.000000 1.021697e-09
3635.000000 1.042756e-09
3640.000000 1.085017e-09
3645.000000 1.067778e-09
3650.000000 1.068717e-09
3655.000000 1.168396e-09
3660.000000 1.252693e-09
3665.000000 1.246703e-09
3670.000000 1.222592e-09
3675.000000 1.222106e-09
3680.000000 1.205265e-09
3685.000000 1.196300e-09
3690.000000 1.242742e-09
3695.000000 1.324725e-09
3700.000000 1.374333e-09
3705.000000 1.294081e-09
3710.000000 1.263182e-09
3715.000000 1.345387e-09
3720.000000 1.340218e-09
3725.000000 1.301395e-09
3730.000000 1.252614e-09
3735.000000 1.197940e-09
3740.000000 1.214929e-09
3745.000000 1.174838e-09
3750.000000 1.156239e-09
3755.000000 1.221521e-09
3760.000000 1.215781e-09
3765.000000 1.254706e-09
3770.000000 1.315604e-09
3775.000000 1.440947e-09
3780.000000 1.514370e-09
3785.000000 1.415168e-09
3790.000000 1.250812e-09
3795.000000 1.180840e-09
3800.000000 1.262530e-09
3805.000000 1.392624e-09
3810.000000 1.418881e-09
3815.000000 1.292067e-09
3820.000000 1.151482e-09
3825.000000 1.046125e-09
3830.000000 9.711724e-10
3835.000000 9.364678e-10
3840.000000 9.981054e-10
3845.000000 1.083016e-09
3850.000000 1.111989e-09
3855.000000 1.119813e-09
3860.000000 1.127576e-09
3865.000000 1.131925e-09
3870.000000 1.098833e-09
3875.000000 1.120409e-09
3880.000000 1.169949e-09
3885.000000 1.255018e-09
3890.000000 1.384804e-09
3895.000000 1.519466e-09
3900.000000 1.577416e-09
3905.000000 1.539810e-09
3910.000000 1.505886e-09
3915.000000 1.430929e-09
3920.000000 1.264617e-09
3925.000000 9.579698e-10
3930.000000 6.335744e-10
3935.000000 5.805849e-10
3940.000000 8.130192e-10
3945.000000 1.121705e-09
3950.000000 1.342927e-09
3955.000000 1.401006e-09
3960.000000 1.194973e-09
3965.000000 8.080500e-10
3970.000000 7.054822e-10
3975.000000 1.076476e-09
3980.000000 1.548771e-09
3985.000000 1.834686e-09
3990.000000 1.951830e-09
3995.000000 1.989189e-09
4000.000000 2.053599e-09
4005.000000 2.097801e-09
4010.000000 2.166086e-09
4015.000000 2.254288e-09
4020.000000 2.289972e-09
4025.000000 2.282007e-09
4030.000000 2.250930e-09
4035.000000 2.288532e-09
4040.000000 2.326394e-09
4045.000000 2.293190e-09
4050.000000 2.258062e-09
4055.000000 2.197328e-09
4060.000000 2.180043e-09
4065.000000 2.205642e-09
4070.000000 2.219765e-09
4075.000000 2.111858e-09
4080.000000 2.115899e-09
4085.000000 2.309682e-09
4090.000000 2.469387e-09
4095.000000 2.365120e-09
4100.000000 2.188852e-09
4105.000000 2.239873e-09
4110.000000 2.366027e-09
4115.000000 2.413346e-09
4120.000000 2.331812e-09
4125.000000 2.235527e-09
4130.000000 2.201738e-09
4135.000000 2.305166e-09
4140.000000 2.374346e-09
4145.000000 2.331830e-09
4150.000000 2.281108e-09
4155.000000 2.284407e-09
4160.000000 2.374728e-09
4165.000000 2.414478e-09
4170.000000 2.276123e-09
4175.000000 2.097784e-09
4180.000000 2.093598e-09
4185.000000 2.243339e-09
4190.000000 2.357002e-09
4195.000000 2.281008e-09
4200.000000 2.191390e-09
4205.000000 2.270210e-09
4210.000000 2.447965e-09
4215.000000 2.534819e-09
4220.000000 2.534054e-09
4225.000000 2.417451e-09
4230.000000 2.412757e-09
4235.000000 2.423115e-09
4240.000000 2.495363e-09
4245.000000 2.534688e-09
4250.000000 2.537286e-09
4255.000000 2.538640e-09
4260.000000 2.540424e-09
4265.000000 2.583640e-09
4270.000000 2.545046e-09
4275.000000 2.559605e-09
4280.000000 2.559085e-09
4285.000000 2.430221e-09
4290.000000 2.267822e-09
4295.000000 2.131172e-09
4300.000000 1.936360e-09
4305.000000 1.880233e-09
4310.000000 2.055299e-09
4315.000000 2.478294e-09
4320.000000 2.849662e-09
4325.000000 2.904724e-09
4330.000000 2.843083e-09
4335.000000 2.625683e-09
4340.000000 2.414355e-09
4345.000000 2.584646e-09
4350.000000 2.793143e-09
4355.000000 2.946378e-09
4360.000000 3.052934e-09
4365.000000 3.076501e-09
4370.000000 2.976652e-09
4375.000000 2.908719e-09
4380.000000 2.806166e-09
4385.000000 2.599293e-09
4390.000000 2.577678e-09
4395.000000 2.647235e-09
4400.000000 2.745186e-09
4405.000000 2.803079e-09
4410.000000 2.815747e-09
4415.000000 2.799322e-09
4420.000000 2.812088e-09
4425.000000 2.861126e-09
4430.000000 2.887885e-09
4435.000000 2.909520e-09
4440.000000 2.928981e-09
4445.000000 2.944783e-09
4450.000000 2.960837e-09
4455.000000 2.823870e-09
4460.000000 2.714501e-09
4465.000000 2.773218e-09
4470.000000 2.972510e-09
4475.000000 3.224359e-09
4480.000000 3.280242e-09
4485.000000 3.262938e-09
4490.000000 3.192276e-09
4495.000000 3.188621e-09
4500.000000 3.328578e-09
4505.000000 3.532778e-09
4510.000000 3.617842e-09
4515.000000 3.495822e-09
4520.000000 3.279910e-09
4525.000000 3.065266e-09
4530.000000 2.983746e-09
4535.000000 3.097460e-09
4540.000000 3.185683e-09
4545.000000 3.131187e-09
4550.000000 3.050767e-09
4555.000000 3.119168e-09
4560.000000 3.241924e-09
4565.000000 3.286167e-09
4570.000000 3.314876e-09
4575.000000 3.305708e-09
4580.000000 3.238930e-09
4585.000000 3.242406e-09
4590.000000 3.255604e-09
4595.000000 3.243595e-09
4600.000000 3.287659e-09
4605.000000 3.428294e-09
4610.000000 3.547146e-09
4615.000000 3.559596e-09
4620.000000 3.580485e-09
4625.000000 3.602959e-09
4630.000000 3.584693e-09
4635.000000 3.541427e-09
4640.000000 3.486279e-09
4645.000000 3.398155e-09
4650.000000 3.404984e-09
4655.000000 3.483348e-09
4660.000000 3.483912e-09
4665.000000 3.274889e-09
4670.000000 3.201987e-09
4675.000000 3.363742e-09
4680.000000 3.475682e-09
4685.000000 3.563623e-09
4690.000000 3.592507e-09
4695.000000 3.575969e-09
4700.000000 3.480973e-09
4705.000000 3.385710e-09
4710.000000 3.378662e-09
4715.000000 3.488765e-09
4720.000000 3.589358e-09
4725.000000 3.570575e-09
4730.000000 3.476511e-09
4735.000000 3.484991e-09
4740.000000 3.564737e-09
4745.000000 3.677400e-09
4750.000000 3.708396e-09
4755.000000 3.616190e-09
4760.000000 3.503831e-09
4765.000000 3.439764e-09
4770.000000 3.560199e-09
4775.000000 3.730126e-09
4780.000000 3.793032e-09
4785.000000 3.693088e-09
4790.000000 3.636890e-09
4795.000000 3.700682e-09
4800.000000 3.729400e-09
4805.000000 3.680880e-09
4810.000000 3.673862e-09
4815.000000 3.775539e-09
4820.000000 3.796034e-09
4825.000000 3.730968e-09
4830.000000 3.670139e-09
4835.000000 3.650829e-09
4840.000000 3.636330e-09
4845.000000 3.653260e-09
4850.000000 3.527831e-09
4855.000000 3.195352e-09
4860.000000 2.889354e-09
4865.000000 2.954198e-09
4870.000000 3.181200e-09
4875.000000 3.346459e-09
4880.000000 3.421453e-09
4885.000000 3.341505e-09
4890.000000 3.367451e-09
4895.000000 3.589223e-09
4900.000000 3.725488e-09
4905.000000 3.711100e-09
4910.000000 3.555370e-09
4915.000000 3.460361e-09
4920.000000 3.330122e-09
4925.000000 3.421822e-09
4930.000000 3.591313e-09
4935.000000 3.534917e-09
4940.000000 3.524171e-09
4945.000000 3.680849e-09
4950.000000 3.799963e-09
4955.000000 3.765226e-09
4960.000000 3.696134e-09
4965.000000 3.675014e-09
4970.000000 3.671057e-09
4975.000000 3.652119e-09
4980.000000 3.496376e-09
4985.000000 3.411532e-09
4990.000000 3.428790e-09
4995.000000 3.465328e-09
5000.000000 3.412142e-09
5005.000000 3.342677e-09
5010.000000 3.299068e-09
5015.000000 3.173736e-09
5020.000000 3.187722e-09
5025.000000 3.371583e-09
5030.000000 3.501224e-09
5035.000000 3.458310e-09
5040.000000 3.353423e-09
5045.000000 3.460144e-09
5050.000000 3.599194e-09
5055.000000 3.760899e-09
5060.000000 3.840925e-09
5065.000000 3.735526e-09
5070.000000 3.594492e-09
5075.000000 3.474632e-09
5080.000000 3.378294e-09
5085.000000 3.483440e-09
5090.000000 3.628536e-09
5095.000000 3.625748e-09
5100.000000 3.521125e-09
5105.000000 3.499298e-09
5110.000000 3.527131e-09
5115.000000 3.624206e-09
5120.000000 3.602554e-09
5125.000000 3.425197e-09
5130.000000 3.359198e-09
5135.000000 3.389324e-09
5140.000000 3.390437e-09
5145.000000 3.371829e-09
5150.000000 3.379277e-09
5155.000000 3.478807e-09
5160.000000 3.479328e-09
5165.000000 3.186253e-09
5170.000000 3.068677e-09
5175.000000 3.359581e-09
5180.000000 3.549922e-09
5185.000000 3.426732e-09
5190.000000 3.302978e-09
5195.000000 3.286903e-09
5200.000000 3.363175e-09
5205.000000 3.377314e-09
5210.000000 3.420875e-09
5215.000000 3.504201e-09
5220.000000 3.530161e-09
5225.000000 3.400670e-09
5230.000000 3.338153e-09
5235.000000 3.454918e-09
5240.000000 3.588194e-09
5245.000000 3.586816e-09
5250.000000 3.513757e-09
5255.000000 3.524872e-09
5260.000000 3.453462e-09
5265.000000 3.202207e-09
5270.000000 3.096517e-09
5275.000000 3.226521e-09
5280.000000 3.457833e-09
5285.000000 3.652949e-09
5290.000000 3.770570e-09
5295.000000 3.666791e-09
5300.000000 3.573969e-09
5305.000000 3.680205e-09
5310.000000 3.783221e-09
5315.000000 3.738383e-09
5320.000000 3.612875e-09
5325.000000 3.468218e-09
5330.000000 3.443128e-09
5335.000000 3.536092e-09
5340.000000 3.576342e-09
5345.000000 3.603146e-09
5350.000000 3.681401e-09
5355.000000 3.835990e-09
5360.000000 3.854815e-09
5365.000000 3.687173e-09
5370.000000 3.573046e-09
5375.000000 3.686188e-09
5380.000000 3.769767e-09
5385.000000 3.773722e-09
5390.000000 3.688871e-09
5395.000000 3.567903e-09
5400.000000 3.470592e-09
5405.000000 3.407805e-09
5410.000000 3.433246e-09
5415.000000 3.563899e-09
5420.000000 3.636025e-09
5425.000000 3.656252e-09
5430.000000 3.626515e-09
5435.000000 3.643516e-09
5440.000000 3.752367e-09
5445.000000 3.747705e-09
5450.000000 3.764270e-09
5455.000000 3.743803e-09
5460.000000 3.770075e-09
5465.000000 3.742793e-09
5470.000000 3.714820e-09
5475.000000 3.590668e-09
5480.000000 3.543470e-09
5485.000000 3.625240e-09
5490.000000 3.702060e-09
5495.000000 3.730007e-09
5500.000000 3.694251e-09
5505.000000 3.631318e-09
5510.000000 3.608482e-09
5515.000000 3.691866e-09
5520.000000 3.761640e-09
5525.000000 3.697961e-09
5530.000000 3.659780e-09
5535.000000 3.661359e-09
5540.000000 3.722621e-09
5545.000000 3.747126e-09
5550.000000 3.799697e-09
5555.000000 3.787666e-09
5560.000000 3.754296e-09
5565.000000 3.696105e-09
5570.000000 3.676050e-09
5575.000000 3.698638e-09
5580.000000 3.699159e-09
5585.000000 3.588805e-09
5590.000000 3.492904e-09
5595.000000 3.514423e-09
5600.000000 3.568275e-09
5605.000000 3.717930e-09
5610.000000 3.814597e-09
5615.000000 3.713378e-09
5620.000000 3.660550e-09
5625.000000 3.664929e-09
5630.000000 3.729997e-09
5635.000000 3.697221e-09
5640.000000 3.655589e-09
5645.000000 3.703752e-09
5650.000000 3.716873e-09
5655.000000 3.599338e-09
5660.000000 3.486677e-09
5665.000000 3.531375e-09
5670.000000 3.666152e-09
5675.000000 3.770268e-09
5680.000000 3.734038e-09
5685.000000 3.657372e-09
5690.000000 3.661202e-09
5695.000000 3.700253e-09
5700.000000 3.667033e-09
5705.000000 3.569259e-09
5710.000000 3.501896e-09
5715.000000 3.647661e-09
5720.000000 3.798427e-09
5725.000000 3.852112e-09
5730.000000 3.840541e-09
5735.000000 3.851935e-09
5740.000000 3.853997e-09
5745.000000 3.829233e-09
5750.000000 3.762496e-09
5755.000000 3.729483e-09
5760.000000 3.743557e-09
5765.000000 3.790642e-09
5770.000000 3.825193e-09
5775.000000 3.773114e-09
5780.000000 3.654044e-09
5785.000000 3.613051e-09
5790.000000 3.673557e-09
5795.000000 3.729135e-09
5800.000000 3.769551e-09
5805.000000 3.749558e-09
5810.000000 3.760635e-09
5815.000000 3.791705e-09
5820.000000 3.851083e-09
5825.000000 3.880045e-09
5830.000000 3.886352e-09
5835.000000 3.893740e-09
5840.000000 3.908752e-09
5845.000000 3.879618e-09
5850.000000 3.786389e-09
5855.000000 3.681354e-09
5860.000000 3.674880e-09
5865.000000 3.769361e-09
5870.000000 3.864626e-09
5875.000000 3.878533e-09
5880.000000 3.828740e-09
5885.000000 3.691833e-09
5890.000000 3.458985e-09
5895.000000 3.406803e-09
5900.000000 3.559808e-09
5905.000000 3.719981e-09
5910.000000 3.792964e-09
5915.000000 3.799842e-09
5920.000000 3.812299e-09
5925.000000 3.793175e-09
5930.000000 3.776392e-09
5935.000000 3.803725e-09
5940.000000 3.816387e-09
5945.000000 3.786830e-09
5950.000000 3.742139e-09
5955.000000 3.746034e-09
5960.000000 3.782529e-09
5965.000000 3.800877e-09
5970.000000 3.797259e-09
5975.000000 3.738319e-09
5980.000000 3.692882e-09
5985.000000 3.634537e-09
5990.000000 3.649539e-09
5995.000000 3.681622e-09
6000.000000 3.668213e-09
6005.000000 3.616505e-09
6010.000000 3.567942e-09
6015.000000 3.560375e-09
6020.000000 3.541319e-09
6025.000000 3.558271e-09
6030.000000 3.622828e-09
6035.000000 3.674237e-09
6040.000000 3.679314e-09
6045.000000 3.685958e-09
6050.000000 3.681103e-09
6055.000000 3.652410e-09
6060.000000 3.652925e-09
6065.000000 3.639473e-09
6070.000000 3.666328e-09
6075.000000 3.654504e-09
6080.000000 3.581270e-09
6085.000000 3.549331e-09
6090.000000 3.549597e-09
6095.000000 3.545381e-09
6100.000000 3.509560e-09
6105.000000 3.502483e-09
6110.000000 3.551117e-09
6115.000000 3.552385e-09
6120.000000 3.525846e-09
6125.000000 3.509425e-09
6130.000000 3.483123e-09
6135.000000 3.354944e-09
6140.000000 3.297054e-09
6145.000000 3.379773e-09
6150.000000 3.438123e-09
6155.000000 3.426873e-09
6160.000000 3.340491e-09
6165.000000 3.296070e-09
6170.000000 3.332766e-09
6175.000000 3.414081e-09
6180.000000 3.482324e-09
6185.000000 3.495915e-09
6190.000000 3.451634e-09
6195.000000 3.478335e-09
6200.000000 3.534946e-09
6205.000000 3.568417e-09
6210.000000 3.541789e-09
6215.000000 3.450613e-09
6220.000000 3.408783e-09
6225.000000 3.418225e-09
6230.000000 3.381823e-09
6235.000000 3.388665e-09
6240.000000 3.350881e-09
6245.000000 3.285223e-09
6250.000000 3.287389e-09
6255.000000 3.267469e-09
6260.000000 3.325392e-09
6265.000000 3.413683e-09
6270.000000 3.448934e-09
6275.000000 3.401692e-09
6280.000000 3.322320e-09
6285.000000 3.384779e-09
6290.000000 3.446763e-09
6295.000000 3.392368e-09
6300.000000 3.322624e-09
6305.000000 3.354672e-09
6310.000000 3.375963e-09
6315.000000 3.296138e-09
6320.000000 3.274589e-09
6325.000000 3.372590e-09
6330.000000 3.413232e-09
6335.000000 3.369553e-09
6340.000000 3.346475e-09
6345.000000 3.369109e-09
6350.000000 3.405048e-09
6355.000000 3.384464e-09
6360.000000 3.332314e-09
6365.000000 3.331703e-09
6370.000000 3.378812e-09
6375.000000 3.418180e-09
6380.000000 3.428467e-09
6385.000000 3.417381e-09
6390.000000 3.384035e-09
6395.000000 3.360981e-09
6400.000000 3.332043e-09
6405.000000 3.318174e-09
6410.000000 3.298756e-09
6415.000000 3.278946e-09
6420.000000 3.277536e-09
6425.000000 3.324397e-09
6430.000000 3.313327e-09
6435.000000 3.306615e-09
6440.000000 3.320792e-09
6445.000000 3.328997e-09
6450.000000 3.285046e-09
6455.000000 3.248550e-09
6460.000000 3.238393e-09
6465.000000 3.274177e-09
6470.000000 3.304795e-09
6475.000000 3.308608e-09
6480.000000 3.303533e-09
6485.000000 3.301359e-09
6490.000000 3.209853e-09
6495.000000 3.027399e-09
6500.000000 3.090400e-09
6505.000000 3.283576e-09
6510.000000 3.371439e-09
6515.000000 3.335621e-09
6520.000000 3.313414e-09
6525.000000 3.326246e-09
6530.000000 3.332057e-09
6535.000000 3.354388e-09
6540.000000 3.360830e-09
6545.000000 3.317506e-09
6550.000000 3.240069e-09
6555.000000 3.062365e-09
6560.000000 2.753038e-09
6565.000000 2.759754e-09
6570.000000 3.043351e-09
6575.000000 3.209832e-09
6580.000000 3.273516e-09
6585.000000 3.271320e-09
6590.000000 3.247137e-09
6595.000000 3.230042e-09
6600.000000 3.262535e-09
6605.000000 3.244518e-09
6610.000000 3.243124e-09
6615.000000 3.299957e-09
6620.000000 3.341807e-09
6625.000000 3.333472e-09
6630.000000 3.276603e-09
6635.000000 3.235152e-09
6640.000000 3.229267e-09
6645.000000 3.239146e-09
6650.000000 3.269693e-09
6655.000000 3.277594e-09
6660.000000 3.248743e-09
6665.000000 3.229923e-09
6670.000000 3.234554e-09
6675.000000 3.206156e-09
6680.000000 3.196737e-09
6685.000000 3.260272e-09
6690.000000 3.293514e-09
6695.000000 3.268450e-09
6700.000000 3.237747e-09
6705.000000 3.221994e-09
6710.000000 3.209829e-09
6715.000000 3.169788e-09
6720.000000 3.166725e-09
6725.000000 3.199528e-09
6730.000000 3.220470e-09
6735.000000 3.222177e-09
6740.000000 3.202177e-09
6745.000000 3.184127e-09
6750.000000 3.169118e-09
6755.000000 3.195302e-09
6760.000000 3.227690e-09
6765.000000 3.207691e-09
6770.000000 3.177706e-09
6775.000000 3.203950e-09
6780.000000 3.230522e-09
6785.000000 3.218265e-09
6790.000000 3.210962e-09
6795.000000 3.193678e-09
6800.000000 3.193764e-09
6805.000000 3.184566e-09
6810.000000 3.182917e-09
6815.000000 3.197128e-09
6820.000000 3.198596e-09
6825.000000 3.176799e-09
6830.000000 3.161180e-09
6835.000000 3.142751e-09
6840.000000 3.104035e-09
6845.000000 3.117723e-09
6850.000000 3.125129e-09
6855.000000 3.100012e-09
6860.000000 3.098688e-09
6865.000000 3.114200e-09
6870.000000 3.115014e-09
6875.000000 3.105984e-09
6880.000000 3.098079e-09
6885.000000 3.099665e-09
6890.000000 3.111585e-09
6895.000000 3.104232e-09
6900.000000 3.098053e-09
6905.000000 3.097201e-09
6910.000000 3.086493e-09
6915.000000 3.072884e-09
6920.000000 3.075939e-09
6925.000000 3.067110e-09
6930.000000 3.063640e-09
6935.000000 3.062352e-09
6940.000000 3.061394e-09
6945.000000 3.048178e-09
6950.000000 3.046523e-09
6955.000000 3.044024e-09
6960.000000 3.059546e-09
6965.000000 3.065574e-09
6970.000000 3.045961e-09
6975.000000 2.990338e-09
6980.000000 2.958041e-09
6985.000000 3.010399e-09
6990.000000 3.039596e-09
6995.000000 3.027548e-09
7000.000000 2.981027e-09
7005.000000 2.964956e-09
7010.000000 2.977910e-09
7015.000000 2.947106e-09
7020.000000 2.940426e-09
7025.000000 2.954420e-09
7030.000000 2.988046e-09
7035.000000 2.994155e-09
7040.000000 3.006191e-09
7045.000000 3.041725e-09
7050.000000 3.054933e-09
7055.000000 3.044212e-09
7060.000000 3.032994e-09
7065.000000 3.002205e-09
7070.000000 2.994847e-09
7075.000000 3.030418e-09
7080.000000 3.030773e-09
7085.000000 2.987149e-09
7090.000000 2.962863e-09
7095.000000 2.984121e-09
7100.000000 3.006851e-09
7105.000000 2.999131e-09
7110.000000 2.967190e-09
7115.000000 2.950984e-09
7120.000000 2.938170e-09
7125.000000 2.940644e-09
7130.000000 2.948197e-09
7135.000000 2.988327e-09
7140.000000 3.000174e-09
7145.000000 2.953684e-09
7150.000000 2.931505e-09
7155.000000 2.969706e-09
7160.000000 2.963686e-09
7165.000000 2.901956e-09
7170.000000 2.874388e-09
7175.000000 2.847847e-09
7180.000000 2.786945e-09
7185.000000 2.712185e-09
7190.000000 2.691503e-09
7195.000000 2.720930e-09
7200.000000 2.754674e-09
7205.000000 2.776565e-09
7210.000000 2.823768e-09
7215.000000 2.863384e-09
7220.000000 2.857976e-09
7225.000000 2.849090e-09
7230.000000 2.872371e-09
7235.000000 2.856985e-09
7240.000000 2.839677e-09
7245.000000 2.846293e-09
7250.000000 2.840412e-09
7255.000000 2.839516e-09
7260.000000 2.836919e-09
7265.000000 2.837233e-09
7270.000000 2.850262e-09
7275.000000 2.814658e-09
7280.000000 2.778913e-09
7285.000000 2.717617e-09
7290.000000 2.666123e-09
7295.000000 2.730413e-09
7300.000000 2.782205e-09
7305.000000 2.754758e-09
7310.000000 2.724702e-09
7315.000000 2.758135e-09
7320.000000 2.770992e-09
7325.000000 2.764241e-09
7330.000000 2.776542e-09
7335.000000 2.833169e-09
7340.000000 2.867555e-09
7345.000000 2.839554e-09
7350.000000 2.784133e-09
7355.000000 2.742770e-09
7360.000000 2.754830e-09
7365.000000 2.777639e-09
7370.000000 2.790925e-09
7375.000000 2.795577e-09
7380.000000 2.774821e-09
7385.000000 2.699929e-09
7390.000000 2.669696e-09
7395.000000 2.705726e-09
7400.000000 2.731148e-09
7405.000000 2.712973e-09
7410.000000 2.665238e-09
7415.000000 2.642116e-09
7420.000000 2.643468e-09
7425.000000 2.692370e-09
7430.000000 2.744309e-09
7435.000000 2.760095e-09
7440.000000 2.736727e-09
7445.000000 2.689282e-09
7450.000000 2.689868e-09
7455.000000 2.719928e-09
7460.000000 2.716938e-09
7465.000000 2.731075e-09
7470.000000 2.743427e-09
7475.000000 2.725116e-09
7480.000000 2.704076e-09
7485.000000 2.696510e-09
7490.000000 2.681957e-09
7495.000000 2.653523e-09
7500.000000 2.666315e-09
7505.000000 2.657472e-09
7510.000000 2.628795e-09
7515.000000 2.637442e-09
7520.000000 2.651055e-09
7525.000000 2.633373e-09
7530.000000 2.620080e-09
7535.000000 2.649519e-09
7540.000000 2.679071e-09
7545.000000 2.671122e-09
7550.000000 2.660376e-09
7555.000000 2.643612e-09
7560.000000 2.642470e-09
7565.000000 2.638214e-09
7570.000000 2.625071e-09
7575.000000 2.623108e-09
7580.000000 2.617029e-09
7585.000000 2.603193e-09
7590.000000 2.612556e-09
7595.000000 2.621782e-09
7600.000000 2.619144e-09
7605.000000 2.620468e-09
7610.000000 2.625341e-09
7615.000000 2.596809e-09
7620.000000 2.576619e-09
7625.000000 2.598628e-09
7630.000000 2.617192e-09
7635.000000 2.617218e-09
7640.000000 2.610773e-09
7645.000000 2.603177e-09
7650.000000 2.584268e-09
7655.000000 2.552891e-09
7660.000000 2.519039e-09
7665.000000 2.522500e-09
7670.000000 2.561174e-09
7675.000000 2.571161e-09
7680.000000 2.567220e-09
7685.000000 2.563053e-09
7690.000000 2.552744e-09
7695.000000 2.538855e-09
7700.000000 2.544278e-09
7705.000000 2.548393e-09
7710.000000 2.520450e-09
7715.000000 2.509553e-09
7720.000000 2.522197e-09
7725.000000 2.524036e-09
7730.000000 2.537907e-09
7735.000000 2.558873e-09
7740.000000 2.548478e-09
7745.000000 2.484088e-09
7750.000000 2.447019e-09
7755.000000 2.495695e-09
7760.000000 2.536867e-09
7765.000000 2.545647e-09
7770.000000 2.499293e-09
7775.000000 2.448070e-09
7780.000000 2.445371e-09
7785.000000 2.469455e-09
7790.000000 2.486610e-09
7795.000000 2.476275e-09
7800.000000 2.460479e-09
7805.000000 2.464071e-09
7810.000000 2.471525e-09
7815.000000 2.495811e-09
7820.000000 2.510218e-09
7825.000000 2.509302e-09
7830.000000 2.483221e-09
7835.000000 2.454462e-09
7840.000000 2.466984e-09
7845.000000 2.475553e-09
7850.000000 2.479261e-09
7855.000000 2.485354e-09
7860.000000 2.492535e-09
7865.000000 2.497939e-09
7870.000000 2.493059e-09
7875.000000 2.474857e-09
7880.000000 2.453433e-09
7885.000000 2.465294e-09
7890.000000 2.475077e-09
7895.000000 2.453190e-09
7900.000000 2.435094e-09
7905.000000 2.434717e-09
7910.000000 2.412395e-09
7915.000000 2.378725e-09
7920.000000 2.362138e-09
7925.000000 2.370126e-09
7930.000000 2.363002e-09
7935.000000 2.342421e-09
7940.000000 2.317723e-09
7945.000000 2.313667e-09
7950.000000 2.344287e-09
7955.000000 2.370678e-09
7960.000000 2.386225e-09
7965.000000 2.392123e-09
7970.000000 2.392323e-09
7975.000000 2.395246e-09
7980.000000 2.395977e-09
7985.000000 2.394595e-09
7990.000000 2.385847e-09
7995.000000 2.345364e-09
8000.000000 2.318434e-09
8005.000000 2.337290e-09
8010.000000 2.359292e-09
8015.000000 2.371361e-09
8020.000000 2.358612e-09
8025.000000 2.315098e-09
8030.000000 2.299253e-09
8035.000000 2.336776e-09
8040.000000 2.345155e-09
8045.000000 2.291639e-09
8050.000000 2.266070e-09
8055.000000 2.303396e-09
8060.000000 2.331555e-09
8065.000000 2.329597e-09
8070.000000 2.304021e-09
8075.000000 2.289440e-09
8080.000000 2.280031e-09
8085.000000 2.266406e-09
8090.000000 2.255869e-09
8095.000000 2.242057e-09
8100.000000 2.249265e-09
8105.000000 2.260849e-09
8110.000000 2.262533e-09
8115.000000 2.259880e-09
8120.000000 2.262622e-09
8125.000000 2.263349e-09
8130.000000 2.258166e-09
8135.000000 2.248348e-09
8140.000000 2.231316e-09
8145.000000 2.216478e-09
8150.000000 2.205220e-09
8155.000000 2.198489e-09
8160.000000 2.185755e-09
8165.000000 2.174162e-09
8170.000000 2.165293e-09
8175.000000 2.159469e-09
8180.000000 2.139997e-09
8185.000000 2.122357e-09
8190.000000 2.117796e-09
8195.000000 2.082182e-09
8200.000000 2.095406e-09
8205.000000 2.146632e-09
8210.000000 2.191044e-09
8215.000000 2.205707e-09
8220.000000 2.177776e-09
8225.000000 2.120216e-09
8230.000000 2.081413e-09
8235.000000 2.119048e-09
8240.000000 2.185107e-09
8245.000000 2.209498e-09
8250.000000 2.197218e-09
8255.000000 2.187663e-09
8260.000000 2.197124e-09
8265.000000 2.212682e-09
8270.000000 2.212172e-09
8275.000000 2.182173e-09
8280.000000 2.168007e-09
8285.000000 2.162148e-09
8290.000000 2.158419e-09
8295.000000 2.155458e-09
8300.000000 2.153157e-09
8305.000000 2.146374e-09
8310.000000 2.146433e-09
8315.000000 2.164373e-09
8320.000000 2.155012e-09
8325.000000 2.117709e-09
8330.000000 2.090667e-09
8335.000000 2.080306e-09
8340.000000 2.090480e-09
8345.000000 2.112270e-09
8350.000000 2.150858e-09
8355.000000 2.169182e-09
8360.000000 2.164511e-09
8365.000000 2.163118e-09
8370.000000 2.173857e-09
8375.000000 2.173420e-09
8380.000000 2.159393e-09
8385.000000 2.125431e-09
8390.000000 2.122990e-09
8395.000000 2.156540e-09
8400.000000 2.181237e-09
8405.000000 2.187206e-09
8410.000000 2.170883e-09
8415.000000 2.157619e-09
8420.000000 2.149158e-09
8425.000000 2.145896e-09
8430.000000 2.145265e-09
8435.000000 2.106968e-09
8440.000000 2.092205e-09
8445.000000 2.103217e-09
8450.000000 2.145567e-09
8455.000000 2.178713e-09
8460.000000 2.175063e-09
8465.000000 2.126948e-09
8470.000000 2.100240e-09
8475.000000 2.137358e-09
8480.000000 2.168515e-09
8485.000000 2.174978e-09
8490.000000 2.093858e-09
8495.000000 1.863555e-09
8500.000000 1.780975e-09
8505.000000 1.928012e-09
8510.000000 2.045118e-09
8515.000000 2.036915e-09
8520.000000 2.027480e-09
8525.000000 2.024773e-09
8530.000000 1.994085e-09
8535.000000 1.841672e-09
8540.000000 1.583226e-09
8545.000000 1.485978e-09
8550.000000 1.635905e-09
8555.000000 1.835829e-09
8560.000000 1.985789e-09
8565.000000 2.042763e-09
8570.000000 2.033346e-09
8575.000000 2.026654e-09
8580.000000 2.012257e-09
8585.000000 1.991703e-09
8590.000000 1.999466e-09
8595.000000 2.023303e-09
8600.000000 1.984261e-09
8605.000000 2.002538e-09
8610.000000 1.990092e-09
8615.000000 1.988625e-09
8620.000000 1.995341e-09
8625.000000 2.014220e-09
8630.000000 2.024971e-09
8635.000000 2.028574e-09
8640.000000 2.024325e-09
8645.000000 1.992342e-09
8650.000000 1.930732e-09
8655.000000 1.785535e-09
8660.000000 1.523272e-09
8665.000000 1.532150e-09
8670.000000 1.755301e-09
8675.000000 1.874837e-09
8680.000000 1.920497e-09
8685.000000 1.928873e-09
8690.000000 1.951088e-09
8695.000000 1.985570e-09
8700.000000 2.003585e-09
8705.000000 2.017197e-09
8710.000000 2.007436e-09
8715.000000 2.020320e-09
8720.000000 2.043745e-09
8725.000000 2.030840e-09
8730.000000 2.010360e-09
8735.000000 2.007716e-09
8740.000000 1.984499e-09
8745.000000 1.966199e-09
8750.000000 1.941415e-09
8755.000000 1.939455e-09
8760.000000 1.968772e-09
8765.000000 1.989665e-09
8770.000000 1.983415e-09
8775.000000 1.997648e-09
8780.000000 2.006977e-09
8785.000000 2.000476e-09
8790.000000 1.973788e-09
8795.000000 1.973478e-09
8800.000000 1.959326e-09
8805.000000 1.915033e-09
8810.000000 1.947678e-09
8815.000000 1.984806e-09
8820.000000 1.974914e-09
8825.000000 1.959471e-09
8830.000000 1.973559e-09
8835.000000 1.960672e-09
8840.000000 1.959078e-09
8845.000000 1.969914e-09
8850.000000 1.974414e-09
8855.000000 1.952822e-09
8860.000000 1.904052e-09
8865.000000 1.880999e-09
8870.000000 1.926362e-09
8875.000000 1.942877e-09
8880.000000 1.951233e-09
8885.000000 1.970010e-09
8890.000000 1.976120e-09
8895.000000 1.978049e-09
8900.000000 1.976574e-09
8905.000000 1.973996e-09
8910.000000 1.957440e-09
8915.000000 1.936331e-09
8920.000000 1.917328e-09
8925.000000 1.904174e-09
8930.000000 1.900268e-09
8935.000000 1.931835e-09
8940.000000 1.947401e-09
8945.000000 1.911915e-09
8950.000000 1.911137e-09
8955.000000 1.930575e-09
8960.000000 1.929657e-09
8965.000000 1.903624e-09
8970.000000 1.883807e-09
8975.000000 1.882139e-09
8980.000000 1.864247e-09
8985.000000 1.850745e-09
8990.000000 1.809633e-09
8995.000000 1.821775e-09
9000.000000 1.826999e-09
9005.000000 1.801381e-09
9010.000000 1.765482e-09
9015.000000 1.715293e-09
9020.000000 1.750361e-09
9025.000000 1.805019e-09
9030.000000 1.861024e-09
9035.000000 1.912959e-09
9040.000000 1.939092e-09
9045.000000 1.942533e-09
9050.000000 1.927142e-09
9055.000000 1.894863e-09
9060.000000 1.854675e-09
9065.000000 1.805366e-09
9070.000000 1.803089e-09
9075.000000 1.777781e-09
9080.000000 1.748453e-09
9085.000000 1.719962e-09
9090.000000 1.697549e-09
9095.000000 1.702960e-09
9100.000000 1.728376e-09
9105.000000 1.747911e-09
9110.000000 1.751488e-09
9115.000000 1.758146e-09
9120.000000 1.760974e-09
9125.000000 1.785192e-09
9130.000000 1.768026e-09
9135.000000 1.733837e-09
9140.000000 1.718812e-09
9145.000000 1.719365e-09
9150.000000 1.695903e-09
9155.000000 1.662528e-09
9160.000000 1.676658e-09
9165.000000 1.690924e-09
9170.000000 1.666900e-09
9175.000000 1.641802e-09
9180.000000 1.668455e-09
9185.000000 1.692053e-09
9190.000000 1.698779e-09
9195.000000 1.694066e-09
9200.000000 1.685193e-09
9205.000000 1.662649e-09
9210.000000 1.644333e-09
9215.000000 1.624879e-09
9220.000000 1.629069e-09
9225.000000 1.634211e-09
9230.000000 1.622117e-09
9235.000000 1.624248e-09
9240.000000 1.635015e-09
9245.000000 1.645364e-09
9250.000000 1.650945e-09
9255.000000 1.661462e-09
9260.000000 1.670088e-09
9265.000000 1.693336e-09
9270.000000 1.713031e-09
9275.000000 1.720353e-09
9280.000000 1.717460e-09
9285.000000 1.715036e-09
9290.000000 1.714249e-09
9295.000000 1.711061e-09
9300.000000 1.696489e-09
9305.000000 1.689900e-09
9310.000000 1.673990e-09
9315.000000 1.648023e-09
9320.000000 1.624980e-09
9325.000000 1.621438e-09
9330.000000 1.628281e-09
9335.000000 1.609001e-09
9340.000000 1.575516e-09
9345.000000 1.565756e-09
9350.000000 1.606795e-09
9355.000000 1.606940e-09
9360.000000 1.609359e-09
9365.000000 1.636828e-09
9370.000000 1.630117e-09
9375.000000 1.635190e-09
9380.000000 1.649081e-09
9385.000000 1.682690e-09
9390.000000 1.735863e-09
9395.000000 1.781557e-09
9400.000000 1.778605e-09
9405.000000 1.740808e-09
9410.000000 1.705078e-09
9415.000000 1.693620e-09
9420.000000 1.700365e-09
9425.000000 1.670987e-09
9430.000000 1.617431e-09
9435.000000 1.621566e-09
9440.000000 1.599838e-09
9445.000000 1.602025e-09
9450.000000 1.648943e-09
9455.000000 1.644525e-09
9460.000000 1.623821e-09
9465.000000 1.653116e-09
9470.000000 1.677656e-09
9475.000000 1.669513e-09
9480.000000 1.652361e-09
9485.000000 1.662928e-09
9490.000000 1.689093e-09
9495.000000 1.640669e-09
9500.000000 1.607289e-09
9505.000000 1.649789e-09
9510.000000 1.693382e-09
9515.000000 1.674014e-09
9520.000000 1.615027e-09
9525.000000 1.616291e-09
9530.000000 1.628506e-09
9535.000000 1.656651e-09
9540.000000 1.640000e-09
9545.000000 1.612614e-09
9550.000000 1.608275e-09
9555.000000 1.621681e-09
9560.000000 1.631717e-09
9565.000000 1.620815e-09
9570.000000 1.619669e-09
9575.000000 1.648867e-09
9580.000000 1.649569e-09
9585.000000 1.625124e-09
9590.000000 1.620951e-09
9595.000000 1.613057e-09
9600.000000 1.625793e-09
9605.000000 1.628144e-09
9610.000000 1.633231e-09
9615.000000 1.629024e-09
9620.000000 1.609573e-09
9625.000000 1.595159e-09
9630.000000 1.616983e-09
9635.000000 1.605985e-09
9640.000000 1.578314e-09
9645.000000 1.599305e-09
9650.000000 1.597987e-09
9655.000000 1.595929e-09
9660.000000 1.589723e-09
9665.000000 1.588552e-09
9670.000000 1.597807e-09
9675.000000 1.612587e-09
9680.000000 1.623363e-09
9685.000000 1.624551e-09
9690.000000 1.625610e-09
9695.000000 1.633558e-09
9700.000000 1.615616e-09
9705.000000 1.609032e-09
9710.000000 1.623609e-09
9715.000000 1.624673e-09
9720.000000 1.612514e-09
9725.000000 1.617790e-09
9730.000000 1.609984e-09
9735.000000 1.593001e-09
9740.000000 1.581414e-09
9745.000000 1.580278e-09
9750.000000 1.584599e-09
9755.000000 1.579773e-09
9760.000000 1.579118e-09
9765.000000 1.589720e-09
9770.000000 1.599517e-09
9775.000000 1.599751e-09
9780.000000 1.605672e-09
9785.000000 1.596385e-09
9790.000000 1.594051e-09
9795.000000 1.589916e-09
9800.000000 1.588519e-09
9805.000000 1.588878e-09
9810.000000 1.603845e-09
9815.000000 1.612209e-09
9820.000000 1.620044e-09
9825.000000 1.606523e-09
9830.000000 1.604439e-09
9835.000000 1.613145e-09
9840.000000 1.604933e-09
9845.000000 1.599076e-09
9850.000000 1.602307e-09
9855.000000 1.601102e-09
9860.000000 1.582359e-09
9865.000000 1.578292e-09
9870.000000 1.593304e-09
9875.000000 1.599411e-09
9880.000000 1.587961e-09
9885.000000 1.586974e-09
9890.000000 1.584434e-09
9895.000000 1.577539e-09
9900.000000 1.588599e-09
9905.000000 1.588655e-09
9910.000000 1.587677e-09
9915.000000 1.577846e-09
9920.000000 1.585527e-09
9925.000000 1.591372e-09
9930.000000 1.568166e-09
9935.000000 1.579483e-09
9940.000000 1.590677e-09
9945.000000 1.574974e-09
9950.000000 1.570732e-09
9955.000000 1.568669e-09
9960.000000 1.573863e-09
9965.000000 1.567656e-09
9970.000000 1.562102e-09
9975.000000 1.563443e-09
9980.000000 1.573267e-09
9985.000000 1.561564e-09
9990.000000 1.567579e-09
9995.000000 1.567184e-09
10000.000000 1.555137e-09
10005.000000 1.559217e-09
10010.000000 1.570707e-09
10015.000000 1.554816e-09
10020.000000 1.560060e-09
10025.000000 1.572880e-09
10030.000000 1.571337e-09
10035.000000 1.532143e-09
10040.000000 1.537198e-09
10045.000000 1.530697e-09
10050.000000 1.504984e-09
10055.000000 1.515084e-09
10060.000000 1.523090e-09
10065.000000 1.542565e-09
10070.000000 1.529858e-09
10075.000000 1.525376e-09
10080.000000 1.540953e-09
10085.000000 1.544161e-09
10090.000000 1.543725e-09
10095.000000 1.539698e-09
10100.000000 1.512870e-09
10105.000000 1.511058e-09
10110.000000 1.547059e-09
10115.000000 1.544084e-09
10120.000000 1.510627e-09
10125.000000 1.508606e-09
10130.000000 1.535596e-09
10135.000000 1.551038e-09
10140.000000 1.522279e-09
10145.000000 1.516118e-09
10150.000000 1.514984e-09
10155.000000 1.513749e-09
10160.000000 1.512423e-09
10165.000000 1.511019e-09
10170.000000 1.509559e-09
10175.000000 1.508052e-09
10180.000000 1.506514e-09
10185.000000 1.504966e-09
10190.000000 1.503417e-09
10195.000000 1.501889e-09
10200.000000 1.500398e-09
10205.000000 1.498948e-09
10210.000000 1.497536e-09
10215.000000 1.496145e-09
10220.000000 1.494758e-09
10225.000000 1.493366e-09
10230.000000 1.491951e-09
10235.000000 1.490499e-09
10240.000000 1.488996e-09
10245.000000 1.487429e-09
10250.000000 1.485780e-09
10255.000000 1.484048e-09
10260.000000 1.482235e-09
10265.000000 1.480374e-09
10270.000000 1.478476e-09
10275.000000 1.476568e-09
10280.000000 1.474670e-09
10285.000000 1.472794e-09
10290.000000 1.470973e-09
10295.000000 1.469217e-09
10300.000000 1.467551e-09
10305.000000 1.465986e-09
10310.000000 1.464504e-09
10315.000000 1.463083e-09
10320.000000 1.461704e-09
10325.000000 1.460343e-09
10330.000000 1.458970e-09
10335.000000 1.457567e-09
10340.000000 1.456104e-09
10345.000000 1.454564e-09
10350.000000 1.452921e-09
10355.000000 1.451163e-09
10360.000000 1.449310e-09
10365.000000 1.447393e-09
10370.000000 1.445438e-09
10375.000000 1.443482e-09
10380.000000 1.441552e-09
10385.000000 1.439677e-09
10390.000000 1.437890e-09
10395.000000 1.436221e-09
10400.000000 1.434703e-09
10405.000000 1.433349e-09
10410.000000 1.432139e-09
10415.000000 1.431046e-09
10420.000000 1.430031e-09
10425.000000 1.429058e-09
10430.000000 1.428100e-09
10435.000000 1.427119e-09
10440.000000 1.426084e-09
10445.000000 1.424958e-09
10450.000000 1.423715e-09
10455.000000 1.422325e-09
10460.000000 1.420793e-09
10465.000000 1.419138e-09
10470.000000 1.417383e-09
10475.000000 1.415531e-09
10480.000000 1.413604e-09
10485.000000 1.411620e-09
10490.000000 1.409593e-09
10495.000000 1.407542e-09
10500.000000 1.405481e-09
10505.000000 1.403418e-09
10510.000000 1.401367e-09
10515.000000 1.399321e-09
10520.000000 1.397283e-09
10525.000000 1.395251e-09
10530.000000 1.393227e-09
10535.000000 1.391210e-09
10540.000000 1.389200e-09
10545.000000 1.387194e-09
10550.000000 1.385200e-09
10555.000000 1.383207e-09
10560.000000 1.381223e-09
10565.000000 1.379248e-09
10570.000000 1.377279e-09
10575.000000 1.375315e-09
10580.000000 1.373355e-09
10585.000000 1.371408e-09
10590.000000 1.369464e-09
10595.000000 1.367528e-09
10600.000000 1.365599e-09
10605.000000 1.363675e-09
10610.000000 1.361758e-09
10615.000000 1.359847e-09
10620.000000 1.018618e-09
