1150.000000 0.000000e+00
1155.000000 0.000000e+00
1160.000000 0.000000e+00
1165.000000 0.000000e+00
1170.000000 0.000000e+00
1175.000000 0.000000e+00
1180.000000 0.000000e+00
1185.000000 0.000000e+00
1190.000000 0.000000e+00
1195.000000 0.000000e+00
1200.000000 0.000000e+00
1205.000000 0.000000e+00
1210.000000 0.000000e+00
1215.000000 0.000000e+00
1220.000000 0.000000e+00
1225.000000 0.000000e+00
1230.000000 0.000000e+00
1235.000000 0.000000e+00
1240.000000 0.000000e+00
1245.000000 0.000000e+00
1250.000000 0.000000e+00
1255.000000 0.000000e+00
1260.000000 0.000000e+00
1265.000000 0.000000e+00
1270.000000 0.000000e+00
1275.000000 0.000000e+00
1280.000000 0.000000e+00
1285.000000 0.000000e+00
1290.000000 0.000000e+00
1295.000000 0.000000e+00
1300.000000 0.000000e+00
1305.000000 0.000000e+00
1310.000000 0.000000e+00
1315.000000 0.000000e+00
1320.000000 0.000000e+00
1325.000000 0.000000e+00
1330.000000 0.000000e+00
1335.000000 0.000000e+00
1340.000000 0.000000e+00
1345.000000 0.000000e+00
1350.000000 0.000000e+00
1355.000000 0.000000e+00
1360.000000 0.000000e+00
1365.000000 0.000000e+00
1370.000000 0.000000e+00
1375.000000 0.000000e+00
1380.000000 0.000000e+00
1385.000000 0.000000e+00
1390.000000 0.000000e+00
1395.000000 0.000000e+00
1400.000000 0.000000e+00
1405.000000 0.000000e+00
1410.000000 0.000000e+00
1415.000000 0.000000e+00
1420.000000 0.000000e+00
1425.000000 0.000000e+00
1430.000000 0.000000e+00
1435.000000 0.000000e+00
1440.000000 0.000000e+00
1445.000000 0.000000e+00
1450.000000 0.000000e+00
1455.000000 0.000000e+00
1460.000000 0.000000e+00
1465.000000 0.000000e+00
1470.000000 0.000000e+00
1475.000000 0.000000e+00
1480.000000 0.000000e+00
1485.000000 0.000000e+00
1490.000000 0.000000e+00
1495.000000 0.000000e+00
1500.000000 0.000000e+00
1505.000000 0.000000e+00
1510.000000 0.000000e+00
1515.000000 0.000000e+00
1520.000000 0.000000e+00
1525.000000 0.000000e+00
1530.000000 0.000000e+00
1535.000000 0.000000e+00
1540.000000 0.000000e+00
1545.000000 0.000000e+00
1550.000000 0.000000e+00
1555.000000 0.000000e+00
1560.000000 0.000000e+00
1565.000000 0.000000e+00
1570.000000 0.000000e+00
1575.000000 0.000000e+00
1580.000000 0.000000e+00
1585.000000 0.000000e+00
1590.000000 0.000000e+00
1595.000000 0.000000e+00
1600.000000 0.000000e+00
1605.000000 0.000000e+00
1610.000000 0.000000e+00
1615.000000 0.000000e+00
1620.000000 0.000000e+00
1625.000000 0.000000e+00
1630.000000 0.000000e+00
1635.000000 0.000000e+00
1640.000000 0.000000e+00
1645.000000 0.000000e+00
1650.000000 0.000000e+00
1655.000000 0.000000e+00
1660.000000 0.000000e+00
1665.000000 0.000000e+00
1670.000000 0.000000e+00
1675.000000 0.000000e+00
1680.000000 0.000000e+00
1685.000000 0.000000e+00
1690.000000 0.000000e+00
1695.000000 0.000000e+00
1700.000000 0.000000e+00
1705.000000 0.000000e+00
1710.000000 0.000000e+00
1715.000000 0.000000e+00
1720.000000 0.000000e+00
1725.000000 0.000000e+00
1730.000000 0.000000e+00
1735.000000 0.000000e+00
1740.000000 0.000000e+00
1745.000000 0.000000e+00
1750.000000 0.000000e+00
1755.000000 0.000000e+00
1760.000000 0.000000e+00
1765.000000 0.000000e+00
1770.000000 0.000000e+00
1775.000000 0.000000e+00
1780.000000 0.000000e+00
1785.000000 0.000000e+00
1790.000000 0.000000e+00
1795.000000 0.000000e+00
1800.000000 0.000000e+00
1805.000000 0.000000e+00
1810.000000 0.000000e+00
1815.000000 0.000000e+00
1820.000000 0.000000e+00
1825.000000 0.000000e+00
1830.000000 0.000000e+00
1835.000000 0.000000e+00
1840.000000 0.000000e+00
1845.000000 0.000000e+00
1850.000000 0.000000e+00
1855.000000 0.000000e+00
1860.000000 0.000000e+00
1865.000000 0.000000e+00
1870.000000 0.000000e+00
1875.000000 0.000000e+00
1880.000000 0.000000e+00
1885.000000 0.000000e+00
1890.000000 0.000000e+00
1895.000000 0.000000e+00
1900.000000 0.000000e+00
1905.000000 0.000000e+00
1910.000000 0.000000e+00
1915.000000 0.000000e+00
1920.000000 0.000000e+00
1925.000000 0.000000e+00
1930.000000 0.000000e+00
1935.000000 0.000000e+00
1940.000000 0.000000e+00
1945.000000 0.000000e+00
1950.000000 0.000000e+00
1955.000000 0.000000e+00
1960.000000 0.000000e+00
1965.000000 0.000000e+00
1970.000000 0.000000e+00
1975.000000 0.000000e+00
1980.000000 0.000000e+00
1985.000000 0.000000e+00
1990.000000 0.000000e+00
1995.000000 0.000000e+00
2000.000000 0.000000e+00
2005.000000 0.000000e+00
2010.000000 0.000000e+00
2015.000000 0.000000e+00
2020.000000 0.000000e+00
2025.000000 0.000000e+00
2030.000000 0.000000e+00
2035.000000 0.000000e+00
2040.000000 0.000000e+00
2045.000000 0.000000e+00
2050.000000 0.000000e+00
2055.000000 0.000000e+00
2060.000000 0.000000e+00
2065.000000 0.000000e+00
2070.000000 0.000000e+00
2075.000000 0.000000e+00
2080.000000 0.000000e+00
2085.000000 0.000000e+00
2090.000000 0.000000e+00
2095.000000 0.000000e+00
2100.000000 0.000000e+00
2105.000000 0.000000e+00
2110.000000 0.000000e+00
2115.000000 0.000000e+00
2120.000000 0.000000e+00
2125.000000 0.000000e+00
2130.000000 0.000000e+00
2135.000000 0.000000e+00
2140.000000 0.000000e+00
2145.000000 0.000000e+00
2150.000000 0.000000e+00
2155.000000 0.000000e+00
2160.000000 0.000000e+00
2165.000000 0.000000e+00
2170.000000 0.000000e+00
2175.000000 0.000000e+00
2180.000000 0.000000e+00
2185.000000 0.000000e+00
2190.000000 0.000000e+00
2195.000000 0.000000e+00
2200.000000 0.000000e+00
2205.000000 0.000000e+00
2210.000000 0.000000e+00
2215.000000 0.000000e+00
2220.000000 0.000000e+00
2225.000000 0.000000e+00
2230.000000 0.000000e+00
2235.000000 0.000000e+00
2240.000000 0.000000e+00
2245.000000 0.000000e+00
2250.000000 0.000000e+00
2255.000000 0.000000e+00
2260.000000 0.000000e+00
2265.000000 0.000000e+00
2270.000000 0.000000e+00
2275.000000 0.000000e+00
2280.000000 0.000000e+00
2285.000000 0.000000e+00
2290.000000 0.000000e+00
2295.000000 0.000000e+00
2300.000000 0.000000e+00
2305.000000 0.000000e+00
2310.000000 0.000000e+00
2315.000000 0.000000e+00
2320.000000 0.000000e+00
2325.000000 0.000000e+00
2330.000000 0.000000e+00
2335.000000 0.000000e+00
2340.000000 0.000000e+00
2345.000000 0.000000e+00
2350.000000 0.000000e+00
2355.000000 0.000000e+00
2360.000000 0.000000e+00
2365.000000 0.000000e+00
2370.000000 0.000000e+00
2375.000000 0.000000e+00
2380.000000 0.000000e+00
2385.000000 0.000000e+00
2390.000000 0.000000e+00
2395.000000 0.000000e+00
2400.000000 0.000000e+00
2405.000000 0.000000e+00
2410.000000 0.000000e+00
2415.000000 0.000000e+00
2420.000000 0.000000e+00
2425.000000 0.000000e+00
2430.000000 0.000000e+00
2435.000000 0.000000e+00
2440.000000 0.000000e+00
2445.000000 0.000000e+00
2450.000000 0.000000e+00
2455.000000 0.000000e+00
2460.000000 0.000000e+00
2465.000000 0.000000e+00
2470.000000 0.000000e+00
2475.000000 0.000000e+00
2480.000000 0.000000e+00
2485.000000 0.000000e+00
2490.000000 0.000000e+00
2495.000000 0.000000e+00
2500.000000 0.000000e+00
2505.000000 4.755117e-16
2510.000000 3.322898e-15
2515.000000 4.272022e-15
2520.000000 7.119407e-15
2525.000000 7.593033e-15
2530.000000 7.593039e-15
2535.000000 7.593032e-15
2540.000000 7.117534e-15
2545.000000 3.794652e-15
2550.000000 4.736338e-16
2555.000000 0.000000e+00
2560.000000 0.000000e+00
2565.000000 0.000000e+00
2570.000000 0.000000e+00
2575.000000 0.000000e+00
2580.000000 0.000000e+00
2585.000000 0.000000e+00
2590.000000 0.000000e+00
2595.000000 0.000000e+00
2600.000000 2.377386e-15
2605.000000 1.994265e-14
2610.000000 4.509545e-14
2615.000000 6.834823e-14
2620.000000 9.017631e-14
2625.000000 1.053588e-13
2630.000000 1.124727e-13
2635.000000 1.081953e-13
2640.000000 8.920551e-14
2645.000000 5.407886e-14
2650.000000 7.105038e-15
2655.000000 0.000000e+00
2660.000000 0.000000e+00
2665.000000 0.000000e+00
2670.000000 0.000000e+00
2675.000000 0.000000e+00
2680.000000 0.000000e+00
2685.000000 0.000000e+00
2690.000000 0.000000e+00
2695.000000 0.000000e+00
2700.000000 3.708459e-14
2705.000000 3.076756e-13
2710.000000 6.954376e-13
2715.000000 1.177164e-12
2720.000000 1.752382e-12
2725.000000 2.431054e-12
2730.000000 3.210334e-12
2735.000000 4.094973e-12
2740.000000 5.086862e-12
2745.000000 6.191699e-12
2750.000000 7.409960e-12
2755.000000 8.734030e-12
2760.000000 1.012927e-11
2765.000000 1.155107e-11
2770.000000 1.295387e-11
2775.000000 1.429258e-11
2780.000000 1.552400e-11
2785.000000 1.660023e-11
2790.000000 1.747571e-11
2795.000000 1.810724e-11
2800.000000 1.844973e-11
2805.000000 1.848567e-11
2810.000000 1.825492e-11
2815.000000 1.782251e-11
2820.000000 1.725489e-11
2825.000000 1.662467e-11
2830.000000 1.599495e-11
2835.000000 1.543120e-11
2840.000000 1.500606e-11
2845.000000 1.478360e-11
2850.000000 1.483119e-11
2855.000000 1.518867e-11
2860.000000 1.583561e-11
2865.000000 1.672598e-11
2870.000000 1.781376e-11
2875.000000 1.905290e-11
2880.000000 2.039548e-11
2885.000000 2.179736e-11
2890.000000 2.320778e-11
2895.000000 2.458017e-11
2900.000000 2.586999e-11
2905.000000 2.704354e-11
2910.000000 2.809941e-11
2915.000000 2.904183e-11
2920.000000 2.987893e-11
2925.000000 3.062395e-11
2930.000000 3.128547e-11
2935.000000 3.187154e-11
2940.000000 3.239255e-11
2945.000000 3.285712e-11
2950.000000 3.327572e-11
2955.000000 3.365674e-11
2960.000000 3.401028e-11
2965.000000 3.434299e-11
2970.000000 3.466947e-11
2975.000000 3.499454e-11
2980.000000 3.533286e-11
2985.000000 3.569123e-11
2990.000000 3.607987e-11
2995.000000 3.650938e-11
3000.000000 3.698637e-11
3005.000000 3.752694e-11
3010.000000 3.814435e-11
3015.000000 3.885720e-11
3020.000000 3.968682e-11
3025.000000 4.064974e-11
3030.000000 4.176412e-11
3035.000000 4.304643e-11
3040.000000 4.451814e-11
3045.000000 4.619815e-11
3050.000000 4.810179e-11
3055.000000 5.023548e-11
3060.000000 5.257321e-11
3065.000000 5.507718e-11
3070.000000 5.770430e-11
3075.000000 6.042123e-11
3080.000000 6.318705e-11
3085.000000 6.595853e-11
3090.000000 6.870196e-11
3095.000000 7.137704e-11
3100.000000 7.394332e-11
3105.000000 7.637637e-11
3110.000000 7.869414e-11
3115.000000 8.091550e-11
3120.000000 8.307200e-11
3125.000000 8.519287e-11
3130.000000 8.729999e-11
3135.000000 8.942218e-11
3140.000000 9.158905e-11
3145.000000 9.382561e-11
3150.000000 9.616104e-11
3155.000000 9.859555e-11
3160.000000 1.010818e-10
3165.000000 1.203400e-10
3170.000000 2.215295e-10
3175.000000 2.283367e-10
3180.000000 2.161179e-10
3185.000000 2.000651e-10
3190.000000 1.873728e-10
3195.000000 1.940327e-10
3200.000000 2.508655e-10
3205.000000 2.572133e-10
3210.000000 2.439721e-10
3215.000000 2.221835e-10
3220.000000 1.994465e-10
3225.000000 1.831468e-10
3230.000000 1.752104e-10
3235.000000 1.746351e-10
3240.000000 1.782820e-10
3245.000000 1.834495e-10
3250.000000 1.904902e-10
3255.000000 2.002953e-10
3260.000000 2.120625e-10
3265.000000 2.241179e-10
3270.000000 2.343594e-10
3275.000000 2.415763e-10
3280.000000 2.473774e-10
3285.000000 2.548929e-10
3290.000000 2.679925e-10
3295.000000 2.854487e-10
3300.000000 2.926958e-10
3305.000000 2.798657e-10
3310.000000 2.622702e-10
3315.000000 2.569096e-10
3320.000000 2.599609e-10
3325.000000 2.622412e-10
3330.000000 2.619873e-10
3335.000000 2.615529e-10
3340.000000 2.657320e-10
3345.000000 2.766141e-10
3350.000000 2.869966e-10
3355.000000 2.868851e-10
3360.000000 2.691014e-10
3365.000000 2.365307e-10
3370.000000 2.145320e-10
3375.000000 2.223140e-10
3380.000000 2.414879e-10
3385.000000 2.514478e-10
3390.000000 2.628886e-10
3395.000000 2.874555e-10
3400.000000 3.078053e-10
3405.000000 3.066941e-10
3410.000000 2.967559e-10
3415.000000 2.964965e-10
3420.000000 3.086724e-10
3425.000000 3.245258e-10
3430.000000 3.226688e-10
3435.000000 2.914769e-10
3440.000000 2.564167e-10
3445.000000 2.456197e-10
3450.000000 2.567828e-10
3455.000000 2.749438e-10
3460.000000 2.838272e-10
3465.000000 2.762956e-10
3470.000000 2.688261e-10
3475.000000 2.760031e-10
3480.000000 2.847946e-10
3485.000000 2.820011e-10
3490.000000 2.815101e-10
3495.000000 2.984757e-10
3500.000000 3.235512e-10
3505.000000 3.401389e-10
3510.000000 3.384402e-10
3515.000000 3.187890e-10
3520.000000 3.003272e-10
3525.000000 3.018895e-10
3530.000000 3.227901e-10
3535.000000 3.527543e-10
3540.000000 3.762989e-10
3545.000000 3.801628e-10
3550.000000 3.618812e-10
3555.000000 3.270114e-10
3560.000000 2.909082e-10
3565.000000 2.644240e-10
3570.000000 2.379824e-10
3575.000000 2.048018e-10
3580.000000 1.852653e-10
3585.000000 1.993055e-10
3590.000000 2.377696e-10
3595.000000 2.811668e-10
3600.000000 3.067734e-10
3605.000000 2.822604e-10
3610.000000 2.821423e-10
3615.000000 2.930820e-10
3620.000000 3.106470e-10
3625.000000 3.317621e-10
3630.000000 3.494671e-10
3635.000000 3.582359e-10
3640.000000 3.611108e-10
3645.000000 3.652989e-10
3650.000000 3.774035e-10
3655.000000 3.999745e-10
3660.000000 4.245171e-10
3665.000000 4.397450e-10
3670.000000 4.419394e-10
3675.000000 4.326773e-10
3680.000000 4.196115e-10
3685.000000 4.109434e-10
3690.000000 4.071190e-10
3695.000000 4.050444e-10
3700.000000 4.038536e-10
3705.000000 4.017287e-10
3710.000000 3.932386e-10
3715.000000 3.749977e-10
3720.000000 3.502427e-10
3725.000000 3.240364e-10
3730.000000 3.014606e-10
3735.000000 2.863002e-10
3740.000000 2.794794e-10
3745.000000 2.808697e-10
3750.000000 2.865474e-10
3755.000000 2.940225e-10
3760.000000 3.093070e-10
3765.000000 3.369744e-10
3770.000000 3.726564e-10
3775.000000 4.060549e-10
3780.000000 4.194407e-10
3785.000000 4.025673e-10
3790.000000 3.697375e-10
3795.000000 3.408947e-10
3800.000000 3.264005e-10
3805.000000 3.256057e-10
3810.000000 3.204491e-10
3815.000000 2.959096e-10
3820.000000 2.626096e-10
3825.000000 2.374832e-10
3830.000000 2.275585e-10
3835.000000 2.337726e-10
3840.000000 2.494308e-10
3845.000000 2.659075e-10
3850.000000 2.788832e-10
3855.000000 2.857835e-10
3860.000000 2.870960e-10
3865.000000 2.856745e-10
3870.000000 2.833981e-10
3875.000000 2.845674e-10
3880.000000 2.992947e-10
3885.000000 3.317897e-10
3890.000000 3.700222e-10
3895.000000 4.012005e-10
3900.000000 4.249756e-10
3905.000000 4.445338e-10
3910.000000 4.569715e-10
3915.000000 4.529680e-10
3920.000000 4.192153e-10
3925.000000 3.541393e-10
3930.000000 2.867789e-10
3935.000000 2.546838e-10
3940.000000 2.787011e-10
3945.000000 3.533547e-10
3950.000000 4.332278e-10
3955.000000 4.687892e-10
3960.000000 4.465695e-10
3965.000000 3.903539e-10
3970.000000 3.645323e-10
3975.000000 4.197475e-10
3980.000000 5.332512e-10
3985.000000 6.554047e-10
3990.000000 7.566764e-10
3995.000000 8.255862e-10
4000.000000 8.681508e-10
4005.000000 8.997788e-10
4010.000000 9.346808e-10
4015.000000 9.740710e-10
4020.000000 9.974831e-10
4025.000000 9.876168e-10
4030.000000 9.560457e-10
4035.000000 9.280296e-10
4040.000000 9.251149e-10
4045.000000 9.525803e-10
4050.000000 9.873854e-10
4055.000000 1.001509e-09
4060.000000 9.874834e-10
4065.000000 9.582388e-10
4070.000000 9.440335e-10
4075.000000 9.679457e-10
4080.000000 1.021225e-09
4085.000000 1.077006e-09
4090.000000 1.104580e-09
4095.000000 1.089646e-09
4100.000000 1.054576e-09
4105.000000 1.030689e-09
4110.000000 1.029222e-09
4115.000000 1.044035e-09
4120.000000 1.057857e-09
4125.000000 1.055192e-09
4130.000000 1.035546e-09
4135.000000 1.009070e-09
4140.000000 9.870581e-10
4145.000000 9.780473e-10
4150.000000 9.885296e-10
4155.000000 1.015161e-09
4160.000000 1.037388e-09
4165.000000 1.040042e-09
4170.000000 1.030546e-09
4175.000000 1.023437e-09
4180.000000 1.029573e-09
4185.000000 1.048623e-09
4190.000000 1.062261e-09
4195.000000 1.059544e-09
4200.000000 1.059715e-09
4205.000000 1.082381e-09
4210.000000 1.117256e-09
4215.000000 1.144364e-09
4220.000000 1.157039e-09
4225.000000 1.162436e-09
4230.000000 1.184022e-09
4235.000000 1.236213e-09
4240.000000 1.290072e-09
4245.000000 1.314200e-09
4250.000000 1.321033e-09
4255.000000 1.330589e-09
4260.000000 1.338331e-09
4265.000000 1.336119e-09
4270.000000 1.326138e-09
4275.000000 1.315362e-09
4280.000000 1.314971e-09
4285.000000 1.321747e-09
4290.000000 1.296385e-09
4295.000000 1.219900e-09
4300.000000 1.153554e-09
4305.000000 1.163666e-09
4310.000000 1.246432e-09
4315.000000 1.366471e-09
4320.000000 1.487657e-09
4325.000000 1.581922e-09
4330.000000 1.644526e-09
4335.000000 1.683832e-09
4340.000000 1.707006e-09
4345.000000 1.724492e-09
4350.000000 1.755282e-09
4355.000000 1.805378e-09
4360.000000 1.853375e-09
4365.000000 1.871262e-09
4370.000000 1.836825e-09
4375.000000 1.754548e-09
4380.000000 1.678890e-09
4385.000000 1.656315e-09
4390.000000 1.673894e-09
4395.000000 1.701095e-09
4400.000000 1.724914e-09
4405.000000 1.747099e-09
4410.000000 1.780641e-09
4415.000000 1.830454e-09
4420.000000 1.875389e-09
4425.000000 1.897152e-09
4430.000000 1.910075e-09
4435.000000 1.933900e-09
4440.000000 1.965603e-09
4445.000000 1.990587e-09
4450.000000 1.993841e-09
4455.000000 1.975928e-09
4460.000000 1.973600e-09
4465.000000 2.019939e-09
4470.000000 2.100350e-09
4475.000000 2.180502e-09
4480.000000 2.231748e-09
4485.000000 2.245643e-09
4490.000000 2.252673e-09
4495.000000 2.288322e-09
4500.000000 2.357244e-09
4505.000000 2.436858e-09
4510.000000 2.478573e-09
4515.000000 2.449209e-09
4520.000000 2.376527e-09
4525.000000 2.307550e-09
4530.000000 2.267340e-09
4535.000000 2.263170e-09
4540.000000 2.288388e-09
4545.000000 2.330249e-09
4550.000000 2.376585e-09
4555.000000 2.421174e-09
4560.000000 2.465559e-09
4565.000000 2.508078e-09
4570.000000 2.535596e-09
4575.000000 2.536908e-09
4580.000000 2.519215e-09
4585.000000 2.498351e-09
4590.000000 2.486809e-09
4595.000000 2.495387e-09
4600.000000 2.534452e-09
4605.000000 2.603696e-09
4610.000000 2.683046e-09
4615.000000 2.748062e-09
4620.000000 2.782738e-09
4625.000000 2.780811e-09
4630.000000 2.745198e-09
4635.000000 2.689301e-09
4640.000000 2.644099e-09
4645.000000 2.633003e-09
4650.000000 2.649791e-09
4655.000000 2.675829e-09
4660.000000 2.690616e-09
4665.000000 2.685230e-09
4670.000000 2.673941e-09
4675.000000 2.673652e-09
4680.000000 2.686265e-09
4685.000000 2.703419e-09
4690.000000 2.713555e-09
4695.000000 2.710032e-09
4700.000000 2.698424e-09
4705.000000 2.692235e-09
4710.000000 2.707192e-09
4715.000000 2.746869e-09
4720.000000 2.786896e-09
4725.000000 2.803071e-09
4730.000000 2.800590e-09
4735.000000 2.797579e-09
4740.000000 2.810479e-09
4745.000000 2.841583e-09
4750.000000 2.863471e-09
4755.000000 2.853586e-09
4760.000000 2.832507e-09
4765.000000 2.830031e-09
4770.000000 2.850166e-09
4775.000000 2.882817e-09
4780.000000 2.911577e-09
4785.000000 2.925388e-09
4790.000000 2.936274e-09
4795.000000 2.958684e-09
4800.000000 2.985811e-09
4805.000000 3.006821e-09
4810.000000 3.023106e-09
4815.000000 3.036519e-09
4820.000000 3.040248e-09
4825.000000 3.031429e-09
4830.000000 3.020509e-09
4835.000000 3.015737e-09
4840.000000 3.010914e-09
4845.000000 2.993001e-09
4850.000000 2.951728e-09
4855.000000 2.888267e-09
4860.000000 2.818214e-09
4865.000000 2.765252e-09
4870.000000 2.756578e-09
4875.000000 2.799236e-09
4880.000000 2.860123e-09
4885.000000 2.907203e-09
4890.000000 2.948763e-09
4895.000000 2.999283e-09
4900.000000 3.040572e-09
4905.000000 3.048019e-09
4910.000000 3.018690e-09
4915.000000 2.967069e-09
4920.000000 2.927783e-09
4925.000000 2.929445e-09
4930.000000 2.965195e-09
4935.000000 3.013989e-09
4940.000000 3.059756e-09
4945.000000 3.092981e-09
4950.000000 3.109828e-09
4955.000000 3.113072e-09
4960.000000 3.116061e-09
4965.000000 3.122368e-09
4970.000000 3.108908e-09
4975.000000 3.061694e-09
4980.000000 3.007329e-09
4985.000000 2.976671e-09
4990.000000 2.969873e-09
4995.000000 2.967509e-09
5000.000000 2.945196e-09
5005.000000 2.894796e-09
5010.000000 2.841708e-09
5015.000000 2.818575e-09
5020.000000 2.838127e-09
5025.000000 2.886567e-09
5030.000000 2.922239e-09
5035.000000 2.915531e-09
5040.000000 2.883403e-09
5045.000000 2.862867e-09
5050.000000 2.882224e-09
5055.000000 2.939871e-09
5060.000000 2.991392e-09
5065.000000 2.992970e-09
5070.000000 2.941684e-09
5075.000000 2.867526e-09
5080.000000 2.819271e-09
5085.000000 2.825592e-09
5090.000000 2.864003e-09
5095.000000 2.894896e-09
5100.000000 2.896155e-09
5105.000000 2.870669e-09
5110.000000 2.845104e-09
5115.000000 2.840130e-09
5120.000000 2.844600e-09
5125.000000 2.839289e-09
5130.000000 2.826701e-09
5135.000000 2.817115e-09
5140.000000 2.805937e-09
5145.000000 2.788439e-09
5150.000000 2.777557e-09
5155.000000 2.775449e-09
5160.000000 2.748941e-09
5165.000000 2.676127e-09
5170.000000 2.587950e-09
5175.000000 2.532523e-09
5180.000000 2.546112e-09
5185.000000 2.633179e-09
5190.000000 2.741471e-09
5195.000000 2.817016e-09
5200.000000 2.852975e-09
5205.000000 2.866454e-09
5210.000000 2.882386e-09
5215.000000 2.915188e-09
5220.000000 2.952971e-09
5225.000000 2.985169e-09
5230.000000 3.025785e-09
5235.000000 3.088571e-09
5240.000000 3.157559e-09
5245.000000 3.202222e-09
5250.000000 3.198807e-09
5255.000000 3.141335e-09
5260.000000 3.057933e-09
5265.000000 2.993352e-09
5270.000000 2.982986e-09
5275.000000 3.043577e-09
5280.000000 3.166581e-09
5285.000000 3.315670e-09
5290.000000 3.423958e-09
5295.000000 3.453905e-09
5300.000000 3.452173e-09
5305.000000 3.473984e-09
5310.000000 3.510326e-09
5315.000000 3.524868e-09
5320.000000 3.496197e-09
5325.000000 3.429858e-09
5330.000000 3.369468e-09
5335.000000 3.360681e-09
5340.000000 3.409591e-09
5345.000000 3.493422e-09
5350.000000 3.578353e-09
5355.000000 3.634786e-09
5360.000000 3.646636e-09
5365.000000 3.621272e-09
5370.000000 3.592993e-09
5375.000000 3.587687e-09
5380.000000 3.601247e-09
5385.000000 3.611250e-09
5390.000000 3.586169e-09
5395.000000 3.517258e-09
5400.000000 3.443246e-09
5405.000000 3.410860e-09
5410.000000 3.443031e-09
5415.000000 3.528651e-09
5420.000000 3.610254e-09
5425.000000 3.638977e-09
5430.000000 3.623948e-09
5435.000000 3.601142e-09
5440.000000 3.605890e-09
5445.000000 3.649572e-09
5450.000000 3.698472e-09
5455.000000 3.717797e-09
5460.000000 3.718050e-09
5465.000000 3.720112e-09
5470.000000 3.712191e-09
5475.000000 3.682220e-09
5480.000000 3.654554e-09
5485.000000 3.654461e-09
5490.000000 3.680104e-09
5495.000000 3.718401e-09
5500.000000 3.747273e-09
5505.000000 3.751734e-09
5510.000000 3.744623e-09
5515.000000 3.741612e-09
5520.000000 3.744807e-09
5525.000000 3.752737e-09
5530.000000 3.759402e-09
5535.000000 3.764514e-09
5540.000000 3.784677e-09
5545.000000 3.827958e-09
5550.000000 3.874756e-09
5555.000000 3.901282e-09
5560.000000 3.897212e-09
5565.000000 3.867902e-09
5570.000000 3.838375e-09
5575.000000 3.826620e-09
5580.000000 3.818825e-09
5585.000000 3.796657e-09
5590.000000 3.761707e-09
5595.000000 3.732685e-09
5600.000000 3.748531e-09
5605.000000 3.824621e-09
5610.000000 3.903208e-09
5615.000000 3.928534e-09
5620.000000 3.919109e-09
5625.000000 3.913148e-09
5630.000000 3.919614e-09
5635.000000 3.931606e-09
5640.000000 3.940579e-09
5645.000000 3.939989e-09
5650.000000 3.927564e-09
5655.000000 3.908299e-09
5660.000000 3.893591e-09
5665.000000 3.892572e-09
5670.000000 3.909011e-09
5675.000000 3.938906e-09
5680.000000 3.967848e-09
5685.000000 3.982793e-09
5690.000000 3.976996e-09
5695.000000 3.950352e-09
5700.000000 3.913936e-09
5705.000000 3.882957e-09
5710.000000 3.874140e-09
5715.000000 3.900962e-09
5720.000000 3.965948e-09
5725.000000 4.052596e-09
5730.000000 4.112557e-09
5735.000000 4.110776e-09
5740.000000 4.073355e-09
5745.000000 4.041471e-09
5750.000000 4.027554e-09
5755.000000 4.027253e-09
5760.000000 4.030255e-09
5765.000000 4.028273e-09
5770.000000 4.022418e-09
5775.000000 4.018828e-09
5780.000000 4.022887e-09
5785.000000 4.035408e-09
5790.000000 4.052471e-09
5795.000000 4.071427e-09
5800.000000 4.093554e-09
5805.000000 4.121390e-09
5810.000000 4.154262e-09
5815.000000 4.186723e-09
5820.000000 4.211695e-09
5825.000000 4.225487e-09
5830.000000 4.229672e-09
5835.000000 4.226642e-09
5840.000000 4.216374e-09
5845.000000 4.197788e-09
5850.000000 4.173339e-09
5855.000000 4.152161e-09
5860.000000 4.143630e-09
5865.000000 4.146383e-09
5870.000000 4.143739e-09
5875.000000 4.111448e-09
5880.000000 4.036941e-09
5885.000000 3.935329e-09
5890.000000 3.845557e-09
5895.000000 3.806534e-09
5900.000000 3.832736e-09
5905.000000 3.904847e-09
5910.000000 3.982260e-09
5915.000000 4.033377e-09
5920.000000 4.052996e-09
5925.000000 4.057551e-09
5930.000000 4.067497e-09
5935.000000 4.089819e-09
5940.000000 4.115698e-09
5945.000000 4.133503e-09
5950.000000 4.141702e-09
5955.000000 4.148469e-09
5960.000000 4.162835e-09
5965.000000 4.185358e-09
5970.000000 4.206253e-09
5975.000000 4.215190e-09
5980.000000 4.209875e-09
5985.000000 4.196995e-09
5990.000000 4.186691e-09
5995.000000 4.183767e-09
6000.000000 4.185590e-09
6005.000000 4.187522e-09
6010.000000 4.188290e-09
6015.000000 4.191988e-09
6020.000000 4.204446e-09
6025.000000 4.227661e-09
6030.000000 4.257600e-09
6035.000000 4.287405e-09
6040.000000 4.311309e-09
6045.000000 4.326430e-09
6050.000000 4.332848e-09
6055.000000 4.331847e-09
6060.000000 4.325994e-09
6065.000000 4.319925e-09
6070.000000 4.318627e-09
6075.000000 4.324330e-09
6080.000000 4.333995e-09
6085.000000 4.340270e-09
6090.000000 4.336747e-09
6095.000000 4.323302e-09
6100.000000 4.306266e-09
6105.000000 4.292942e-09
6110.000000 4.285134e-09
6115.000000 4.276939e-09
6120.000000 4.259695e-09
6125.000000 4.230341e-09
6130.000000 4.194978e-09
6135.000000 4.164177e-09
6140.000000 4.145105e-09
6145.000000 4.136501e-09
6150.000000 4.130676e-09
6155.000000 4.122008e-09
6160.000000 4.111971e-09
6165.000000 4.106734e-09
6170.000000 4.110447e-09
6175.000000 4.120452e-09
6180.000000 4.129076e-09
6185.000000 4.130493e-09
6190.000000 4.125923e-09
6195.000000 4.121326e-09
6200.000000 4.121304e-09
6205.000000 4.124277e-09
6210.000000 4.122954e-09
6215.000000 4.111449e-09
6220.000000 4.089991e-09
6225.000000 4.064174e-09
6230.000000 4.040557e-09
6235.000000 4.020720e-09
6240.000000 4.001598e-09
6245.000000 3.980813e-09
6250.000000 3.960361e-09
6255.000000 3.946459e-09
6260.000000 3.944551e-09
6265.000000 3.954080e-09
6270.000000 3.968470e-09
6275.000000 3.980444e-09
6280.000000 3.987971e-09
6285.000000 3.995168e-09
6290.000000 4.007454e-09
6295.000000 4.026330e-09
6300.000000 4.046731e-09
6305.000000 4.060591e-09
6310.000000 4.064533e-09
6315.000000 4.062403e-09
6320.000000 4.063725e-09
6325.000000 4.077542e-09
6330.000000 4.104417e-09
6335.000000 4.136248e-09
6340.000000 4.161414e-09
6345.000000 4.172396e-09
6350.000000 4.172132e-09
6355.000000 4.171613e-09
6360.000000 4.182243e-09
6365.000000 4.207657e-09
6370.000000 4.240451e-09
6375.000000 4.268022e-09
6380.000000 4.281258e-09
6385.000000 4.280365e-09
6390.000000 4.274071e-09
6395.000000 4.271915e-09
6400.000000 4.277228e-09
6405.000000 4.286050e-09
6410.000000 4.291859e-09
6415.000000 4.291220e-09
6420.000000 4.286822e-09
6425.000000 4.284585e-09
6430.000000 4.288195e-09
6435.000000 4.296826e-09
6440.000000 4.306230e-09
6445.000000 4.311989e-09
6450.000000 4.312531e-09
6455.000000 4.308825e-09
6460.000000 4.302149e-09
6465.000000 4.292791e-09
6470.000000 4.280791e-09
6475.000000 4.267053e-09
6480.000000 4.254383e-09
6485.000000 4.246724e-09
6490.000000 4.246719e-09
6495.000000 4.253860e-09
6500.000000 4.264884e-09
6505.000000 4.275780e-09
6510.000000 4.283995e-09
6515.000000 4.291106e-09
6520.000000 4.300967e-09
6525.000000 4.315728e-09
6530.000000 4.332992e-09
6535.000000 4.345144e-09
6540.000000 4.343527e-09
6545.000000 4.324717e-09
6550.000000 4.294903e-09
6555.000000 4.266110e-09
6560.000000 4.250021e-09
6565.000000 4.252155e-09
6570.000000 4.268686e-09
6575.000000 4.291727e-09
6580.000000 4.314786e-09
6585.000000 4.334912e-09
6590.000000 4.352488e-09
6595.000000 4.368454e-09
6600.000000 4.382255e-09
6605.000000 4.392273e-09
6610.000000 4.397449e-09
6615.000000 4.397403e-09
6620.000000 4.392607e-09
6625.000000 4.384407e-09
6630.000000 4.374727e-09
6635.000000 4.366082e-09
6640.000000 4.360076e-09
6645.000000 4.356377e-09
6650.000000 4.353325e-09
6655.000000 4.349181e-09
6660.000000 4.344631e-09
6665.000000 4.343049e-09
6670.000000 4.346962e-09
6675.000000 4.355893e-09
6680.000000 4.365270e-09
6685.000000 4.368935e-09
6690.000000 4.364721e-09
6695.000000 4.356138e-09
6700.000000 4.349953e-09
6705.000000 4.351151e-09
6710.000000 4.358937e-09
6715.000000 4.367517e-09
6720.000000 4.370999e-09
6725.000000 4.368046e-09
6730.000000 4.362201e-09
6735.000000 4.358329e-09
6740.000000 4.358351e-09
6745.000000 4.359792e-09
6750.000000 4.358816e-09
6755.000000 4.353894e-09
6760.000000 4.347525e-09
6765.000000 4.344310e-09
6770.000000 4.347569e-09
6775.000000 4.357034e-09
6780.000000 4.369349e-09
6785.000000 4.380633e-09
6790.000000 4.388155e-09
6795.000000 4.391685e-09
6800.000000 4.392752e-09
6805.000000 4.393796e-09
6810.000000 4.398461e-09
6815.000000 4.409625e-09
6820.000000 4.428599e-09
6825.000000 4.454047e-09
6830.000000 4.479940e-09
6835.000000 4.499347e-09
6840.000000 4.506704e-09
6845.000000 4.499707e-09
6850.000000 4.482033e-09
6855.000000 4.459378e-09
6860.000000 4.436903e-09
6865.000000 4.418139e-09
6870.000000 4.403848e-09
6875.000000 4.393111e-09
6880.000000 4.384794e-09
6885.000000 4.378448e-09
6890.000000 4.374217e-09
6895.000000 4.373490e-09
6900.000000 4.377747e-09
6905.000000 4.386303e-09
6910.000000 4.395731e-09
6915.000000 4.400922e-09
6920.000000 4.397534e-09
6925.000000 4.384519e-09
6930.000000 4.365416e-09
6935.000000 4.345261e-09
6940.000000 4.328111e-09
6945.000000 4.315943e-09
6950.000000 4.308223e-09
6955.000000 4.303691e-09
6960.000000 4.301144e-09
6965.000000 4.298943e-09
6970.000000 4.294952e-09
6975.000000 4.287293e-09
6980.000000 4.275369e-09
6985.000000 4.260376e-09
6990.000000 4.245444e-09
6995.000000 4.233128e-09
7000.000000 4.224357e-09
7005.000000 4.218822e-09
7010.000000 4.215064e-09
7015.000000 4.212334e-09
7020.000000 4.210759e-09
7025.000000 4.210402e-09
7030.000000 4.211395e-09
7035.000000 4.213672e-09
7040.000000 4.217438e-09
7045.000000 4.223207e-09
7050.000000 4.230295e-09
7055.000000 4.237038e-09
7060.000000 4.240803e-09
7065.000000 4.239305e-09
7070.000000 4.232393e-09
7075.000000 4.221397e-09
7080.000000 4.208489e-09
7085.000000 4.195615e-09
7090.000000 4.183832e-09
7095.000000 4.173523e-09
7100.000000 4.164797e-09
7105.000000 4.157556e-09
7110.000000 4.151053e-09
7115.000000 4.144266e-09
7120.000000 4.136163e-09
7125.000000 4.126562e-09
7130.000000 4.117410e-09
7135.000000 4.111570e-09
7140.000000 4.111883e-09
7145.000000 4.119649e-09
7150.000000 4.132017e-09
7155.000000 4.144527e-09
7160.000000 4.152611e-09
7165.000000 4.152532e-09
7170.000000 4.143105e-09
7175.000000 4.124027e-09
7180.000000 4.095211e-09
7185.000000 4.058596e-09
7190.000000 4.021178e-09
7195.000000 3.991946e-09
7200.000000 3.979832e-09
7205.000000 3.989876e-09
7210.000000 4.016848e-09
7215.000000 4.051506e-09
7220.000000 4.084336e-09
7225.000000 4.107904e-09
7230.000000 4.120644e-09
7235.000000 4.123378e-09
7240.000000 4.117263e-09
7245.000000 4.104002e-09
7250.000000 4.086689e-09
7255.000000 4.068877e-09
7260.000000 4.054101e-09
7265.000000 4.044888e-09
7270.000000 4.041246e-09
7275.000000 4.042179e-09
7280.000000 4.046489e-09
7285.000000 4.052944e-09
7290.000000 4.060438e-09
7295.000000 4.067968e-09
7300.000000 4.074708e-09
7305.000000 4.080228e-09
7310.000000 4.084883e-09
7315.000000 4.089286e-09
7320.000000 4.093932e-09
7325.000000 4.099058e-09
7330.000000 4.104345e-09
7335.000000 4.109270e-09
7340.000000 4.113279e-09
7345.000000 4.116050e-09
7350.000000 4.117612e-09
7355.000000 4.118260e-09
7360.000000 4.118408e-09
7365.000000 4.118427e-09
7370.000000 4.118748e-09
7375.000000 4.119848e-09
7380.000000 4.122150e-09
7385.000000 4.125947e-09
7390.000000 4.131016e-09
7395.000000 4.136884e-09
7400.000000 4.143010e-09
7405.000000 4.149014e-09
7410.000000 4.155149e-09
7415.000000 4.161905e-09
7420.000000 4.169679e-09
7425.000000 4.178628e-09
7430.000000 4.188143e-09
7435.000000 4.197290e-09
7440.000000 4.205181e-09
7445.000000 4.211264e-09
7450.000000 4.215809e-09
7455.000000 4.219411e-09
7460.000000 4.222688e-09
7465.000000 4.225918e-09
7470.000000 4.228760e-09
7475.000000 4.230476e-09
7480.000000 4.230453e-09
7485.000000 4.228648e-09
7490.000000 4.226535e-09
7495.000000 4.226199e-09
7500.000000 4.229732e-09
7505.000000 4.238597e-09
7510.000000 4.252507e-09
7515.000000 4.270506e-09
7520.000000 4.291500e-09
7525.000000 4.313885e-09
7530.000000 4.334908e-09
7535.000000 4.351322e-09
7540.000000 4.360136e-09
7545.000000 4.360906e-09
7550.000000 4.359659e-09
7555.000000 4.364900e-09
7560.000000 4.384897e-09
7565.000000 4.421885e-09
7570.000000 4.462738e-09
7575.000000 4.488395e-09
7580.000000 4.480102e-09
7585.000000 4.429060e-09
7590.000000 4.352060e-09
7595.000000 4.275708e-09
7600.000000 4.226502e-09
7605.000000 4.220327e-09
7610.000000 4.245301e-09
7615.000000 4.278887e-09
7620.000000 4.298210e-09
7625.000000 4.288447e-09
7630.000000 4.255690e-09
7635.000000 4.214085e-09
7640.000000 4.178124e-09
7645.000000 4.157254e-09
7650.000000 4.147908e-09
7655.000000 4.141438e-09
7660.000000 4.129169e-09
7665.000000 4.106625e-09
7670.000000 4.080515e-09
7675.000000 4.061779e-09
7680.000000 4.061193e-09
7685.000000 4.084599e-09
7690.000000 4.124667e-09
7695.000000 4.169035e-09
7700.000000 4.205296e-09
7705.000000 4.225074e-09
7710.000000 4.230428e-09
7715.000000 4.227363e-09
7720.000000 4.222144e-09
7725.000000 4.219578e-09
7730.000000 4.220659e-09
7735.000000 4.224942e-09
7740.000000 4.231841e-09
7745.000000 4.240435e-09
7750.000000 4.249146e-09
7755.000000 4.256119e-09
7760.000000 4.259554e-09
7765.000000 4.258556e-09
7770.000000 4.254572e-09
7775.000000 4.249919e-09
7780.000000 4.246898e-09
7785.000000 4.246979e-09
7790.000000 4.249343e-09
7795.000000 4.252278e-09
7800.000000 4.254096e-09
7805.000000 4.253599e-09
7810.000000 4.250934e-09
7815.000000 4.246772e-09
7820.000000 4.241862e-09
7825.000000 4.236806e-09
7830.000000 4.231558e-09
7835.000000 4.225891e-09
7840.000000 4.219480e-09
7845.000000 4.211947e-09
7850.000000 4.203077e-09
7855.000000 4.192620e-09
7860.000000 4.180408e-09
7865.000000 4.166439e-09
7870.000000 4.151153e-09
7875.000000 4.135176e-09
7880.000000 4.119217e-09
7885.000000 4.103741e-09
7890.000000 4.088827e-09
7895.000000 4.074284e-09
7900.000000 4.059890e-09
7905.000000 4.045608e-09
7910.000000 4.032020e-09
7915.000000 4.020140e-09
7920.000000 4.010982e-09
7925.000000 4.005262e-09
7930.000000 4.002782e-09
7935.000000 4.002911e-09
7940.000000 4.004868e-09
7945.000000 4.008077e-09
7950.000000 4.012579e-09
7955.000000 4.018580e-09
7960.000000 4.026232e-09
7965.000000 4.035318e-09
7970.000000 4.044513e-09
7975.000000 4.052060e-09
7980.000000 4.056387e-09
7985.000000 4.056648e-09
7990.000000 4.054081e-09
7995.000000 4.045638e-09
8000.000000 4.013408e-09
8005.000000 4.009843e-09
8010.000000 4.015174e-09
8015.000000 4.022591e-09
8020.000000 4.030020e-09
8025.000000 4.036029e-09
8030.000000 4.040701e-09
8035.000000 4.044719e-09
8040.000000 4.048797e-09
8045.000000 4.053119e-09
8050.000000 4.056532e-09
8055.000000 4.057394e-09
8060.000000 4.054009e-09
8065.000000 4.044979e-09
8070.000000 4.029609e-09
8075.000000 4.007471e-09
8080.000000 3.978359e-09
8085.000000 3.943943e-09
8090.000000 3.910768e-09
8095.000000 3.887281e-09
8100.000000 3.881712e-09
8105.000000 3.898306e-09
8110.000000 3.931004e-09
8115.000000 3.969799e-09
8120.000000 4.004464e-09
8125.000000 4.026812e-09
8130.000000 4.033856e-09
8135.000000 4.024673e-09
8140.000000 3.998727e-09
8145.000000 3.957545e-09
8150.000000 3.908080e-09
8155.000000 3.859338e-09
8160.000000 3.820311e-09
8165.000000 3.797674e-09
8170.000000 3.792087e-09
8175.000000 3.801906e-09
8180.000000 3.825138e-09
8185.000000 3.858629e-09
8190.000000 3.896245e-09
8195.000000 3.930714e-09
8200.000000 3.954887e-09
8205.000000 3.964214e-09
8210.000000 3.960920e-09
8215.000000 3.949773e-09
8220.000000 3.935854e-09
8225.000000 3.924300e-09
8230.000000 3.920473e-09
8235.000000 3.929788e-09
8240.000000 3.957293e-09
8245.000000 4.003870e-09
8250.000000 4.059692e-09
8255.000000 4.110827e-09
8260.000000 4.143377e-09
8265.000000 4.148486e-09
8270.000000 4.130223e-09
8275.000000 4.097658e-09
8280.000000 4.060110e-09
8285.000000 4.024571e-09
8290.000000 3.991902e-09
8295.000000 3.960640e-09
8300.000000 3.929185e-09
8305.000000 3.896786e-09
8310.000000 3.865061e-09
8315.000000 3.836506e-09
8320.000000 3.813604e-09
8325.000000 3.797781e-09
8330.000000 3.787715e-09
8335.000000 3.781047e-09
8340.000000 3.775432e-09
8345.000000 3.769574e-09
8350.000000 3.764974e-09
8355.000000 3.764235e-09
8360.000000 3.769905e-09
8365.000000 3.783283e-09
8370.000000 3.802333e-09
8375.000000 3.823760e-09
8380.000000 3.844203e-09
8385.000000 3.861157e-09
8390.000000 3.874317e-09
8395.000000 3.884209e-09
8400.000000 3.891462e-09
8405.000000 3.896588e-09
8410.000000 3.899986e-09
8415.000000 3.901913e-09
8420.000000 3.902703e-09
8425.000000 3.902831e-09
8430.000000 3.903287e-09
8435.000000 3.905237e-09
8440.000000 3.909804e-09
8445.000000 3.917183e-09
8450.000000 3.925348e-09
8455.000000 3.931362e-09
8460.000000 3.932327e-09
8465.000000 3.926433e-09
8470.000000 3.914773e-09
8475.000000 3.899552e-09
8480.000000 3.882989e-09
8485.000000 3.866719e-09
8490.000000 3.850736e-09
8495.000000 3.834420e-09
8500.000000 3.817049e-09
8505.000000 3.797812e-09
8510.000000 3.775544e-09
8515.000000 3.748950e-09
8520.000000 3.716884e-09
8525.000000 3.679643e-09
8530.000000 3.641299e-09
8535.000000 3.607370e-09
8540.000000 3.583399e-09
8545.000000 3.573790e-09
8550.000000 3.579940e-09
8555.000000 3.602097e-09
8560.000000 3.640199e-09
8565.000000 3.692063e-09
8570.000000 3.750095e-09
8575.000000 3.804623e-09
8580.000000 3.846158e-09
8585.000000 3.869342e-09
8590.000000 3.879539e-09
8595.000000 3.886218e-09
8600.000000 3.898887e-09
8605.000000 3.922750e-09
8610.000000 3.952099e-09
8615.000000 3.976985e-09
8620.000000 3.987375e-09
8625.000000 3.976718e-09
8630.000000 3.947472e-09
8635.000000 3.905603e-09
8640.000000 3.857350e-09
8645.000000 3.808710e-09
8650.000000 3.764985e-09
8655.000000 3.731210e-09
8660.000000 3.712205e-09
8665.000000 3.710812e-09
8670.000000 3.724830e-09
8675.000000 3.750069e-09
8680.000000 3.782252e-09
8685.000000 3.817606e-09
8690.000000 3.853787e-09
8695.000000 3.889025e-09
8700.000000 3.921588e-09
8705.000000 3.949819e-09
8710.000000 3.972181e-09
8715.000000 3.987199e-09
8720.000000 3.993523e-09
8725.000000 3.991028e-09
8730.000000 3.982724e-09
8735.000000 3.972821e-09
8740.000000 3.965541e-09
8745.000000 3.963857e-09
8750.000000 3.967440e-09
8755.000000 3.974765e-09
8760.000000 3.984108e-09
8765.000000 3.993308e-09
8770.000000 3.999094e-09
8775.000000 3.997767e-09
8780.000000 3.985797e-09
8785.000000 3.961742e-09
8790.000000 3.929690e-09
8795.000000 3.895815e-09
8800.000000 3.866369e-09
8805.000000 3.846182e-09
8810.000000 3.836362e-09
8815.000000 3.836597e-09
8820.000000 3.846354e-09
8825.000000 3.864312e-09
8830.000000 3.887107e-09
8835.000000 3.910612e-09
8840.000000 3.930724e-09
8845.000000 3.944620e-09
8850.000000 3.952811e-09
8855.000000 3.957061e-09
8860.000000 3.959238e-09
8865.000000 3.960679e-09
8870.000000 3.961431e-09
8875.000000 3.961031e-09
8880.000000 3.959012e-09
8885.000000 3.955527e-09
8890.000000 3.952240e-09
8895.000000 3.951402e-09
8900.000000 3.955225e-09
8905.000000 3.964400e-09
8910.000000 3.975864e-09
8915.000000 3.985123e-09
8920.000000 3.987677e-09
8925.000000 3.980856e-09
8930.000000 3.966747e-09
8935.000000 3.949187e-09
8940.000000 3.932112e-09
8945.000000 3.918317e-09
8950.000000 3.907521e-09
8955.000000 3.898328e-09
8960.000000 3.889145e-09
8965.000000 3.878053e-09
8970.000000 3.862239e-09
8975.000000 3.838530e-09
8980.000000 3.804030e-09
8985.000000 3.759169e-09
8990.000000 3.712969e-09
8995.000000 3.677762e-09
9000.000000 3.665771e-09
9005.000000 3.685107e-09
9010.000000 3.733137e-09
9015.000000 3.803106e-09
9020.000000 3.887756e-09
9025.000000 3.979211e-09
9030.000000 4.067897e-09
9035.000000 4.143569e-09
9040.000000 4.196200e-09
9045.000000 4.218188e-09
9050.000000 4.208307e-09
9055.000000 4.167804e-09
9060.000000 4.098466e-09
9065.000000 4.005119e-09
9070.000000 3.900505e-09
9075.000000 3.800444e-09
9080.000000 3.720499e-09
9085.000000 3.671258e-09
9090.000000 3.650246e-09
9095.000000 3.649927e-09
9100.000000 3.662335e-09
9105.000000 3.679586e-09
9110.000000 3.694220e-09
9115.000000 3.698889e-09
9120.000000 3.686575e-09
9125.000000 3.653258e-09
9130.000000 3.602667e-09
9135.000000 3.541569e-09
9140.000000 3.476919e-09
9145.000000 3.414902e-09
9150.000000 3.359606e-09
9155.000000 3.314326e-09
9160.000000 3.282235e-09
9165.000000 3.265710e-09
9170.000000 3.265202e-09
9175.000000 3.280410e-09
9180.000000 3.310802e-09
9185.000000 3.354399e-09
9190.000000 3.405469e-09
9195.000000 3.456792e-09
9200.000000 3.501250e-09
9205.000000 3.533911e-09
9210.000000 3.555567e-09
9215.000000 3.569185e-09
9220.000000 3.577824e-09
9225.000000 3.583082e-09
9230.000000 3.582797e-09
9235.000000 3.573381e-09
9240.000000 3.551596e-09
9245.000000 3.519199e-09
9250.000000 3.491039e-09
9255.000000 3.486948e-09
9260.000000 3.526179e-09
9265.000000 3.617029e-09
9270.000000 3.739332e-09
9275.000000 3.861994e-09
9280.000000 3.953631e-09
9285.000000 3.991273e-09
9290.000000 3.973835e-09
9295.000000 3.908604e-09
9300.000000 3.804083e-09
9305.000000 3.672501e-09
9310.000000 3.535734e-09
9315.000000 3.419366e-09
9320.000000 3.348006e-09
9325.000000 3.332725e-09
9330.000000 3.349412e-09
9335.000000 3.360402e-09
9340.000000 3.328398e-09
9345.000000 3.232906e-09
9350.000000 3.097148e-09
9355.000000 2.961162e-09
9360.000000 2.865553e-09
9365.000000 2.839729e-09
9370.000000 2.883972e-09
9375.000000 2.987387e-09
9380.000000 3.137463e-09
9385.000000 3.316799e-09
9390.000000 3.495237e-09
9395.000000 3.637740e-09
9400.000000 3.710250e-09
9405.000000 3.693490e-09
9410.000000 3.606627e-09
9415.000000 3.483577e-09
9420.000000 3.358990e-09
9425.000000 3.259758e-09
9430.000000 3.192727e-09
9435.000000 3.156985e-09
9440.000000 3.150648e-09
9445.000000 3.169742e-09
9450.000000 3.204819e-09
9455.000000 3.244329e-09
9460.000000 3.276944e-09
9465.000000 3.295806e-09
9470.000000 3.305478e-09
9475.000000 3.314997e-09
9480.000000 3.333374e-09
9485.000000 3.365020e-09
9490.000000 3.402421e-09
9495.000000 3.433488e-09
9500.000000 3.446318e-09
9505.000000 3.435398e-09
9510.000000 3.411899e-09
9515.000000 3.393403e-09
9520.000000 3.397357e-09
9525.000000 3.433387e-09
9530.000000 3.490855e-09
9535.000000 3.551330e-09
9540.000000 3.596153e-09
9545.000000 3.612363e-09
9550.000000 3.601790e-09
9555.000000 3.571953e-09
9560.000000 3.530828e-09
9565.000000 3.485305e-09
9570.000000 3.439429e-09
9575.000000 3.396170e-09
9580.000000 3.358297e-09
9585.000000 3.327726e-09
9590.000000 3.304164e-09
9595.000000 3.286439e-09
9600.000000 3.273297e-09
9605.000000 3.263217e-09
9610.000000 3.254061e-09
9615.000000 3.243441e-09
9620.000000 3.229042e-09
9625.000000 3.209464e-09
9630.000000 3.185721e-09
9635.000000 3.159731e-09
9640.000000 3.133626e-09
9645.000000 3.110420e-09
9650.000000 3.095472e-09
9655.000000 3.095071e-09
9660.000000 3.115152e-09
9665.000000 3.157518e-09
9670.000000 3.213199e-09
9675.000000 3.269061e-09
9680.000000 3.312055e-09
9685.000000 3.333923e-09
9690.000000 3.338870e-09
9695.000000 3.335936e-09
9700.000000 3.334274e-09
9705.000000 3.339667e-09
9710.000000 3.349103e-09
9715.000000 3.356200e-09
9720.000000 3.354482e-09
9725.000000 3.339839e-09
9730.000000 3.314388e-09
9735.000000 3.282630e-09
9740.000000 3.249242e-09
9745.000000 3.218259e-09
9750.000000 3.192085e-09
9755.000000 3.172449e-09
9760.000000 3.160967e-09
9765.000000 3.158363e-09
9770.000000 3.163057e-09
9775.000000 3.172614e-09
9780.000000 3.184547e-09
9785.000000 3.196990e-09
9790.000000 3.209631e-09
9795.000000 3.222769e-09
9800.000000 3.236736e-09
9805.000000 3.251643e-09
9810.000000 3.266941e-09
9815.000000 3.281885e-09
9820.000000 3.295670e-09
9825.000000 3.307332e-09
9830.000000 3.315501e-09
9835.000000 3.318645e-09
9840.000000 3.315328e-09
9845.000000 3.305423e-09
9850.000000 3.292101e-09
9855.000000 3.279821e-09
9860.000000 3.272960e-09
9865.000000 3.273771e-09
9870.000000 3.279053e-09
9875.000000 3.283473e-09
9880.000000 3.281722e-09
9885.000000 3.270982e-09
9890.000000 3.254819e-09
9895.000000 3.239261e-09
9900.000000 3.230362e-09
9905.000000 3.231882e-09
9910.000000 3.241727e-09
9915.000000 3.255518e-09
9920.000000 3.268780e-09
9925.000000 3.278393e-09
9930.000000 3.284717e-09
9935.000000 3.289476e-09
9940.000000 3.294457e-09
9945.000000 3.300775e-09
9950.000000 3.307885e-09
9955.000000 3.314560e-09
9960.000000 3.319588e-09
9965.000000 3.322281e-09
9970.000000 3.323376e-09
9975.000000 3.324186e-09
9980.000000 3.326011e-09
9985.000000 3.329759e-09
9990.000000 3.335311e-09
9995.000000 3.342131e-09
10000.000000 3.349636e-09
10005.000000 3.356975e-09
10010.000000 3.362607e-09
10015.000000 3.364732e-09
10020.000000 3.361621e-09
10025.000000 3.352504e-09
10030.000000 3.339057e-09
10035.000000 3.323923e-09
10040.000000 3.309787e-09
10045.000000 3.298797e-09
10050.000000 3.291760e-09
10055.000000 3.288930e-09
10060.000000 3.290486e-09
10065.000000 3.296071e-09
10070.000000 3.303999e-09
10075.000000 3.312047e-09
10080.000000 3.318030e-09
10085.000000 3.320344e-09
10090.000000 3.318941e-09
10095.000000 3.314408e-09
10100.000000 3.307353e-09
10105.000000 3.298612e-09
10110.000000 3.289407e-09
10115.000000 3.281167e-09
10120.000000 3.275231e-09
10125.000000 3.272144e-09
10130.000000 3.270379e-09
10135.000000 3.267621e-09
10140.000000 3.261559e-09
10145.000000 3.251106e-09
10150.000000 3.238292e-09
10155.000000 3.226333e-09
10160.000000 3.218454e-09
10165.000000 3.216775e-09
10170.000000 3.220495e-09
10175.000000 3.227720e-09
10180.000000 3.236442e-09
10185.000000 3.244712e-09
10190.000000 3.250746e-09
10195.000000 3.252805e-09
10200.000000 3.249301e-09
10205.000000 3.239838e-09
10210.000000 3.227196e-09
10215.000000 3.215358e-09
10220.000000 3.208282e-09
10225.000000 3.208382e-09
10230.000000 3.214008e-09
10235.000000 3.221993e-09
10240.000000 3.229093e-09
10245.000000 3.232963e-09
10250.000000 3.233613e-09
10255.000000 3.231937e-09
10260.000000 3.228948e-09
10265.000000 3.225715e-09
10270.000000 3.223465e-09
10275.000000 3.223469e-09
10280.000000 3.226947e-09
10285.000000 3.234156e-09
10290.000000 3.242952e-09
10295.000000 3.250264e-09
10300.000000 3.253017e-09
10305.000000 3.249263e-09
10310.000000 3.239984e-09
10315.000000 3.227218e-09
10320.000000 3.213173e-09
10325.000000 3.200001e-09
10330.000000 3.189890e-09
10335.000000 3.184975e-09
10340.000000 3.187294e-09
10345.000000 3.197381e-09
10350.000000 3.212017e-09
10355.000000 3.226493e-09
10360.000000 3.236160e-09
10365.000000 3.238147e-09
10370.000000 3.234165e-09
10375.000000 3.227769e-09
10380.000000 3.222537e-09
10385.000000 3.221087e-09
10390.000000 3.223460e-09
10395.000000 3.228684e-09
10400.000000 3.235713e-09
10405.000000 3.243678e-09
10410.000000 3.252189e-09
10415.000000 3.260989e-09
10420.000000 3.269842e-09
10425.000000 3.278241e-09
10430.000000 3.285016e-09
10435.000000 3.288694e-09
10440.000000 3.287913e-09
10445.000000 3.282199e-09
10450.000000 3.273474e-09
10455.000000 3.264579e-09
10460.000000 3.258321e-09
10465.000000 3.256492e-09
10470.000000 3.258149e-09
10475.000000 3.261303e-09
10480.000000 3.263908e-09
10485.000000 3.264466e-09
10490.000000 3.262884e-09
10495.000000 3.259591e-09
10500.000000 3.255053e-09
10505.000000 3.249681e-09
10510.000000 3.243622e-09
10515.000000 3.236929e-09
10520.000000 3.229711e-09
10525.000000 3.222330e-09
10530.000000 3.215889e-09
10535.000000 3.211795e-09
10540.000000 3.211374e-09
10545.000000 3.215000e-09
10550.000000 3.220544e-09
10555.000000 3.224929e-09
10560.000000 3.225066e-09
10565.000000 3.219171e-09
10570.000000 3.208666e-09
10575.000000 3.196231e-09
10580.000000 3.184610e-09
10585.000000 3.175891e-09
10590.000000 3.170503e-09
10595.000000 3.168207e-09
10600.000000 3.168700e-09
10605.000000 3.171615e-09
10610.000000 3.176406e-09
10615.000000 3.182446e-09
10620.000000 2.390801e-09
