1150.000000 1.409264e-11
1155.000000 1.993512e-11
1160.000000 1.546569e-11
1165.000000 3.086668e-12
1170.000000 1.617173e-13
1175.000000 5.692692e-13
1180.000000 3.780950e-12
1185.000000 2.833697e-12
1190.000000 3.766170e-13
1195.000000 4.442981e-13
1200.000000 4.211513e-12
1205.000000 1.636438e-11
1210.000000 5.276233e-11
1215.000000 8.337209e-11
1220.000000 5.566102e-11
1225.000000 1.470253e-11
1230.000000 2.369400e-12
1235.000000 1.327287e-12
1240.000000 1.157400e-12
1245.000000 8.099555e-13
1250.000000 6.296639e-13
1255.000000 6.238608e-13
1260.000000 5.344239e-13
1265.000000 7.570266e-14
1270.000000 3.724281e-14
1275.000000 3.606494e-13
1280.000000 9.888403e-13
1285.000000 9.192897e-13
1290.000000 2.995462e-13
1295.000000 2.472056e-13
1300.000000 4.776398e-13
1305.000000 1.324821e-13
1310.000000 4.609952e-13
1315.000000 8.583270e-13
1320.000000 7.145549e-13
1325.000000 5.134614e-13
1330.000000 6.510690e-13
1335.000000 5.553193e-13
1340.000000 2.345335e-13
1345.000000 8.327508e-14
1350.000000 2.852560e-13
1355.000000 5.344521e-13
1360.000000 6.601788e-13
1365.000000 7.690063e-13
1370.000000 5.668250e-13
1375.000000 7.620738e-13
1380.000000 9.591432e-13
1385.000000 8.234777e-13
1390.000000 3.880901e-13
1395.000000 7.165097e-13
1400.000000 1.060731e-12
1405.000000 1.349567e-12
1410.000000 1.106071e-12
1415.000000 3.758720e-13
1420.000000 9.597869e-14
1425.000000 4.727427e-13
1430.000000 8.976742e-13
1435.000000 8.230194e-13
1440.000000 1.343977e-12
1445.000000 2.341060e-12
1450.000000 1.979019e-12
1455.000000 1.059292e-12
1460.000000 5.526830e-13
1465.000000 6.929333e-13
1470.000000 1.146691e-12
1475.000000 1.355469e-12
1480.000000 1.330797e-12
1485.000000 1.051242e-12
1490.000000 1.068649e-12
1495.000000 1.172667e-12
1500.000000 1.171687e-12
1505.000000 1.130520e-12
1510.000000 1.115157e-12
1515.000000 1.093851e-12
1520.000000 1.012443e-12
1525.000000 1.064610e-12
1530.000000 1.276425e-12
1535.000000 1.527918e-12
1540.000000 1.767466e-12
1545.000000 2.402098e-12
1550.000000 2.323535e-12
1555.000000 1.595358e-12
1560.000000 1.771788e-12
1565.000000 1.884272e-12
1570.000000 1.930521e-12
1575.000000 2.123036e-12
1580.000000 1.764137e-12
1585.000000 1.690643e-12
1590.000000 1.692258e-12
1595.000000 1.281352e-12
1600.000000 1.112125e-12
1605.000000 1.492202e-12
1610.000000 1.423866e-12
1615.000000 8.958854e-13
1620.000000 7.429241e-13
1625.000000 1.077989e-12
1630.000000 1.604536e-12
1635.000000 1.777741e-12
1640.000000 1.295532e-12
1645.000000 1.537097e-12
1650.000000 1.852180e-12
1655.000000 1.812960e-12
1660.000000 2.368185e-12
1665.000000 2.487620e-12
1670.000000 2.118708e-12
1675.000000 1.819656e-12
1680.000000 2.306587e-12
1685.000000 2.351969e-12
1690.000000 2.307768e-12
1695.000000 2.588456e-12
1700.000000 2.890348e-12
1705.000000 2.495539e-12
1710.000000 2.138415e-12
1715.000000 2.297520e-12
1720.000000 2.686161e-12
1725.000000 2.954257e-12
1730.000000 3.016759e-12
1735.000000 3.397754e-12
1740.000000 3.665188e-12
1745.000000 4.192635e-12
1750.000000 4.260169e-12
1755.000000 4.128641e-12
1760.000000 4.457414e-12
1765.000000 5.059080e-12
1770.000000 5.473101e-12
1775.000000 6.107908e-12
1780.000000 5.592090e-12
1785.000000 4.855331e-12
1790.000000 3.754608e-12
1795.000000 4.160896e-12
1800.000000 5.226744e-12
1805.000000 5.923338e-12
1810.000000 6.801496e-12
1815.000000 7.539237e-12
1820.000000 8.017489e-12
1825.000000 7.790172e-12
1830.000000 7.744243e-12
1835.000000 7.888065e-12
1840.000000 7.733965e-12
1845.000000 7.258536e-12
1850.000000 7.237241e-12
1855.000000 7.852421e-12
1860.000000 8.809684e-12
1865.000000 9.463226e-12
1870.000000 9.983392e-12
1875.000000 1.035476e-11
1880.000000 1.076158e-11
1885.000000 1.137869e-11
1890.000000 1.186482e-11
1895.000000 1.183668e-11
1900.000000 1.100884e-11
1905.000000 1.120051e-11
1910.000000 1.214608e-11
1915.000000 1.273865e-11
1920.000000 1.342055e-11
1925.000000 1.301097e-11
1930.000000 1.219035e-11
1935.000000 1.188485e-11
1940.000000 1.336409e-11
1945.000000 1.630337e-11
1950.000000 1.974469e-11
1955.000000 3.123812e-11
1960.000000 3.357959e-11
1965.000000 1.800149e-11
1970.000000 3.016842e-12
1975.000000 1.603059e-12
1980.000000 1.562951e-11
1985.000000 4.942876e-11
1990.000000 5.325820e-11
1995.000000 3.513573e-11
2000.000000 2.509657e-11
2005.000000 3.492842e-12
2010.000000 3.174671e-13
2015.000000 1.900078e-12
2020.000000 3.158957e-13
2025.000000 0.000000e+00
2030.000000 0.000000e+00
2035.000000 0.000000e+00
2040.000000 1.546463e-13
2045.000000 3.332818e-12
2050.000000 1.754098e-11
2055.000000 2.470514e-11
2060.000000 3.195328e-11
2065.000000 1.937718e-11
2070.000000 1.871851e-11
2075.000000 4.325871e-11
2080.000000 6.713347e-11
2085.000000 5.714759e-11
2090.000000 4.415034e-11
2095.000000 3.912506e-11
2100.000000 7.693608e-11
2105.000000 1.098776e-10
2110.000000 1.125869e-10
2115.000000 9.896756e-11
2120.000000 1.051617e-10
2125.000000 9.707031e-11
2130.000000 5.115464e-11
2135.000000 8.518536e-11
2140.000000 1.037442e-10
2145.000000 1.121175e-10
2150.000000 1.178311e-10
2155.000000 1.053837e-10
2160.000000 8.900452e-11
2165.000000 3.746769e-11
2170.000000 9.829589e-12
2175.000000 4.778735e-11
2180.000000 1.069992e-10
2185.000000 1.178271e-10
2190.000000 9.154190e-11
2195.000000 7.838188e-11
2200.000000 1.016753e-10
2205.000000 1.033593e-10
2210.000000 1.162703e-10
2215.000000 7.379931e-11
2220.000000 8.707991e-11
2225.000000 9.318016e-11
2230.000000 7.517647e-11
2235.000000 9.610782e-11
2240.000000 1.207958e-10
2245.000000 1.156312e-10
2250.000000 8.149706e-11
2255.000000 1.198501e-10
2260.000000 1.218762e-10
2265.000000 8.021551e-11
2270.000000 5.945515e-11
2275.000000 5.939009e-11
2280.000000 6.103856e-11
2285.000000 5.520802e-11
2290.000000 8.114934e-11
2295.000000 9.240270e-11
2300.000000 9.526223e-11
2305.000000 9.089224e-11
2310.000000 9.781338e-11
2315.000000 8.578404e-11
2320.000000 1.132266e-10
2325.000000 1.490516e-10
2330.000000 1.249253e-10
2335.000000 9.979919e-11
2340.000000 1.047713e-10
2345.000000 9.329456e-11
2350.000000 9.226465e-11
2355.000000 1.017910e-10
2360.000000 1.116259e-10
2365.000000 1.094673e-10
2370.000000 1.181378e-10
2375.000000 1.099579e-10
2380.000000 1.032453e-10
2385.000000 9.401035e-11
2390.000000 1.019291e-10
2395.000000 9.931872e-11
2400.000000 8.787205e-11
2405.000000 8.535660e-11
2410.000000 9.112877e-11
2415.000000 1.062015e-10
2420.000000 1.444699e-10
2425.000000 1.766849e-10
2430.000000 1.935747e-10
2435.000000 1.950924e-10
2440.000000 1.901658e-10
2445.000000 1.591619e-10
2450.000000 1.017336e-10
2455.000000 7.655569e-11
2460.000000 9.948693e-11
2465.000000 1.153267e-10
2470.000000 1.138025e-10
2475.000000 1.153669e-10
2480.000000 1.170816e-10
2485.000000 9.800798e-11
2490.000000 8.324434e-11
2495.000000 1.196517e-10
2500.000000 1.648720e-10
2505.000000 1.697243e-10
2510.000000 1.487853e-10
2515.000000 1.169166e-10
2520.000000 9.777389e-11
2525.000000 9.621937e-11
2530.000000 1.159174e-10
2535.000000 1.276897e-10
2540.000000 1.281725e-10
2545.000000 1.376303e-10
2550.000000 1.553885e-10
2555.000000 1.809264e-10
2560.000000 1.941453e-10
2565.000000 2.252312e-10
2570.000000 2.667835e-10
2575.000000 2.862067e-10
2580.000000 3.044651e-10
2585.000000 2.920380e-10
2590.000000 2.703232e-10
2595.000000 2.305229e-10
2600.000000 2.082945e-10
2605.000000 1.996502e-10
2610.000000 1.943012e-10
2615.000000 2.141625e-10
2620.000000 2.427397e-10
2625.000000 2.357947e-10
2630.000000 2.664029e-10
2635.000000 4.165088e-10
2640.000000 5.507939e-10
2645.000000 5.586286e-10
2650.000000 5.430618e-10
2655.000000 5.928222e-10
2660.000000 5.864647e-10
2665.000000 5.554591e-10
2670.000000 5.687061e-10
2675.000000 5.578034e-10
2680.000000 5.549656e-10
2685.000000 5.504748e-10
2690.000000 5.187067e-10
2695.000000 5.054384e-10
2700.000000 5.475371e-10
2705.000000 5.748940e-10
2710.000000 5.519314e-10
2715.000000 5.070181e-10
2720.000000 4.230038e-10
2725.000000 4.407202e-10
2730.000000 4.608524e-10
2735.000000 4.023367e-10
2740.000000 3.173903e-10
2745.000000 2.859308e-10
2750.000000 3.142858e-10
2755.000000 3.567891e-10
2760.000000 4.275091e-10
2765.000000 5.025774e-10
2770.000000 5.352789e-10
2775.000000 4.784401e-10
2780.000000 4.000146e-10
2785.000000 3.352885e-10
2790.000000 2.373227e-10
2795.000000 1.712286e-10
2800.000000 1.699509e-10
2805.000000 2.161412e-10
2810.000000 3.109185e-10
2815.000000 4.681829e-10
2820.000000 5.745414e-10
2825.000000 6.235452e-10
2830.000000 6.591400e-10
2835.000000 6.559273e-10
2840.000000 6.100246e-10
2845.000000 4.970819e-10
2850.000000 3.661930e-10
2855.000000 4.204984e-10
2860.000000 6.137395e-10
2865.000000 7.034672e-10
2870.000000 6.994270e-10
2875.000000 6.836219e-10
2880.000000 6.472984e-10
2885.000000 7.377057e-10
2890.000000 8.085104e-10
2895.000000 8.391212e-10
2900.000000 8.975269e-10
2905.000000 9.324275e-10
2910.000000 9.649028e-10
2915.000000 9.841640e-10
2920.000000 9.543174e-10
2925.000000 9.172689e-10
2930.000000 9.256883e-10
2935.000000 9.514790e-10
2940.000000 9.686589e-10
2945.000000 9.844277e-10
2950.000000 9.918870e-10
2955.000000 1.021833e-09
2960.000000 1.014643e-09
2965.000000 9.486576e-10
2970.000000 9.649607e-10
2975.000000 1.015492e-09
2980.000000 9.557503e-10
2985.000000 9.081151e-10
2990.000000 9.682359e-10
2995.000000 9.733839e-10
3000.000000 9.127024e-10
3005.000000 9.404094e-10
3010.000000 1.005459e-09
3015.000000 9.895812e-10
3020.000000 9.916183e-10
3025.000000 1.097206e-09
3030.000000 1.201270e-09
3035.000000 1.204193e-09
3040.000000 1.174679e-09
3045.000000 1.200256e-09
3050.000000 1.211680e-09
3055.000000 1.147485e-09
3060.000000 1.135312e-09
3065.000000 1.194976e-09
3070.000000 1.273649e-09
3075.000000 1.296463e-09
3080.000000 1.329882e-09
3085.000000 1.347078e-09
3090.000000 1.173569e-09
3095.000000 1.066267e-09
3100.000000 1.112871e-09
3105.000000 1.272487e-09
3110.000000 1.350791e-09
3115.000000 1.285352e-09
3120.000000 1.167799e-09
3125.000000 1.162513e-09
3130.000000 1.254678e-09
3135.000000 1.248116e-09
3140.000000 1.152382e-09
3145.000000 1.061376e-09
3150.000000 1.040456e-09
3155.000000 1.015352e-09
3160.000000 1.139285e-09
3165.000000 1.254345e-09
3170.000000 1.350280e-09
3175.000000 1.341514e-09
3180.000000 1.253983e-09
3185.000000 1.226793e-09
3190.000000 1.241604e-09
3195.000000 1.333446e-09
3200.000000 1.623595e-09
3205.000000 1.641279e-09
3210.000000 1.560851e-09
3215.000000 1.467276e-09
3220.000000 1.387229e-09
3225.000000 1.339011e-09
3230.000000 1.339418e-09
3235.000000 1.392208e-09
3240.000000 1.468171e-09
3245.000000 1.540515e-09
3250.000000 1.620450e-09
3255.000000 1.720995e-09
3260.000000 1.820940e-09
3265.000000 1.887258e-09
3270.000000 1.893278e-09
3275.000000 1.838023e-09
3280.000000 1.780176e-09
3285.000000 1.780756e-09
3290.000000 1.846139e-09
3295.000000 1.945298e-09
3300.000000 2.007182e-09
3305.000000 1.983906e-09
3310.000000 1.925276e-09
3315.000000 1.892719e-09
3320.000000 1.880817e-09
3325.000000 1.866690e-09
3330.000000 1.851119e-09
3335.000000 1.846637e-09
3340.000000 1.868965e-09
3345.000000 1.915052e-09
3350.000000 1.932044e-09
3355.000000 1.876825e-09
3360.000000 1.781702e-09
3365.000000 1.700830e-09
3370.000000 1.668344e-09
3375.000000 1.693021e-09
3380.000000 1.740272e-09
3385.000000 1.777852e-09
3390.000000 1.820274e-09
3395.000000 1.880960e-09
3400.000000 1.924237e-09
3405.000000 1.916330e-09
3410.000000 1.879195e-09
3415.000000 1.853266e-09
3420.000000 1.867959e-09
3425.000000 1.917502e-09
3430.000000 1.919910e-09
3435.000000 1.817215e-09
3440.000000 1.688645e-09
3445.000000 1.635315e-09
3450.000000 1.675158e-09
3455.000000 1.771609e-09
3460.000000 1.835045e-09
3465.000000 1.807421e-09
3470.000000 1.760601e-09
3475.000000 1.768817e-09
3480.000000 1.785256e-09
3485.000000 1.757663e-09
3490.000000 1.741539e-09
3495.000000 1.800538e-09
3500.000000 1.907845e-09
3505.000000 1.996649e-09
3510.000000 1.999749e-09
3515.000000 1.999708e-09
3520.000000 1.949239e-09
3525.000000 1.929433e-09
3530.000000 2.040769e-09
3535.000000 2.180081e-09
3540.000000 2.287214e-09
3545.000000 2.304084e-09
3550.000000 2.256919e-09
3555.000000 2.158451e-09
3560.000000 2.018174e-09
3565.000000 1.864139e-09
3570.000000 1.779667e-09
3575.000000 1.713331e-09
3580.000000 1.577705e-09
3585.000000 1.586088e-09
3590.000000 1.807084e-09
3595.000000 2.043708e-09
3600.000000 2.119218e-09
3605.000000 1.966701e-09
3610.000000 1.859404e-09
3615.000000 1.879435e-09
3620.000000 1.983497e-09
3625.000000 2.128980e-09
3630.000000 2.068019e-09
3635.000000 2.059550e-09
3640.000000 2.123204e-09
3645.000000 2.065510e-09
3650.000000 2.161678e-09
3655.000000 2.413250e-09
3660.000000 2.547920e-09
3665.000000 2.537501e-09
3670.000000 2.502984e-09
3675.000000 2.407917e-09
3680.000000 2.252562e-09
3685.000000 2.233169e-09
3690.000000 2.357736e-09
3695.000000 2.510531e-09
3700.000000 2.501942e-09
3705.000000 2.312170e-09
3710.000000 2.360114e-09
3715.000000 2.394392e-09
3720.000000 2.153878e-09
3725.000000 2.100421e-09
3730.000000 2.003897e-09
3735.000000 1.788393e-09
3740.000000 1.834944e-09
3745.000000 1.825904e-09
3750.000000 1.937895e-09
3755.000000 2.133547e-09
3760.000000 2.127771e-09
3765.000000 2.226406e-09
3770.000000 2.446374e-09
3775.000000 2.702159e-09
3780.000000 2.838485e-09
3785.000000 2.708313e-09
3790.000000 2.459827e-09
3795.000000 2.315190e-09
3800.000000 2.464482e-09
3805.000000 2.635422e-09
3810.000000 2.563251e-09
3815.000000 2.252713e-09
3820.000000 1.955412e-09
3825.000000 1.674270e-09
3830.000000 1.522290e-09
3835.000000 1.541827e-09
3840.000000 1.819417e-09
3845.000000 2.261548e-09
3850.000000 2.397664e-09
3855.000000 2.246518e-09
3860.000000 2.205065e-09
3865.000000 2.391392e-09
3870.000000 2.379389e-09
3875.000000 2.303946e-09
3880.000000 2.204733e-09
3885.000000 2.112314e-09
3890.000000 2.220420e-09
3895.000000 2.424245e-09
3900.000000 2.507135e-09
3905.000000 2.580025e-09
3910.000000 2.711921e-09
3915.000000 2.643263e-09
3920.000000 2.338151e-09
3925.000000 1.868543e-09
3930.000000 1.357491e-09
3935.000000 1.323837e-09
3940.000000 1.791500e-09
3945.000000 2.264077e-09
3950.000000 2.585879e-09
3955.000000 2.560043e-09
3960.000000 2.128159e-09
3965.000000 1.606307e-09
3970.000000 1.641777e-09
3975.000000 2.271958e-09
3980.000000 2.844552e-09
3985.000000 3.164687e-09
3990.000000 3.351804e-09
3995.000000 3.410862e-09
4000.000000 3.427005e-09
4005.000000 3.437432e-09
4010.000000 3.529415e-09
4015.000000 3.603636e-09
4020.000000 3.650642e-09
4025.000000 3.643142e-09
4030.000000 3.563425e-09
4035.000000 3.597976e-09
4040.000000 3.568901e-09
4045.000000 3.434373e-09
4050.000000 3.511583e-09
4055.000000 3.455521e-09
4060.000000 3.328964e-09
4065.000000 3.292661e-09
4070.000000 3.347610e-09
4075.000000 3.411635e-09
4080.000000 3.542626e-09
4085.000000 3.713191e-09
4090.000000 3.710766e-09
4095.000000 3.448113e-09
4100.000000 3.222607e-09
4105.000000 3.343862e-09
4110.000000 3.579752e-09
4115.000000 3.704623e-09
4120.000000 3.709285e-09
4125.000000 3.666308e-09
4130.000000 3.607268e-09
4135.000000 3.627413e-09
4140.000000 3.642912e-09
4145.000000 3.626601e-09
4150.000000 3.632527e-09
4155.000000 3.639384e-09
4160.000000 3.727455e-09
4165.000000 3.722732e-09
4170.000000 3.590177e-09
4175.000000 3.535548e-09
4180.000000 3.542573e-09
4185.000000 3.515208e-09
4190.000000 3.534488e-09
4195.000000 3.501759e-09
4200.000000 3.446068e-09
4205.000000 3.576099e-09
4210.000000 3.705538e-09
4215.000000 3.673718e-09
4220.000000 3.511243e-09
4225.000000 3.270101e-09
4230.000000 3.342672e-09
4235.000000 3.441915e-09
4240.000000 3.517359e-09
4245.000000 3.516869e-09
4250.000000 3.421396e-09
4255.000000 3.399121e-09
4260.000000 3.401604e-09
4265.000000 3.415264e-09
4270.000000 3.273525e-09
4275.000000 3.265971e-09
4280.000000 3.343463e-09
4285.000000 3.249246e-09
4290.000000 3.080382e-09
4295.000000 2.900604e-09
4300.000000 2.644799e-09
4305.000000 2.535782e-09
4310.000000 2.728874e-09
4315.000000 3.262191e-09
4320.000000 3.495686e-09
4325.000000 3.427591e-09
4330.000000 3.553061e-09
4335.000000 3.507272e-09
4340.000000 3.330795e-09
4345.000000 3.466659e-09
4350.000000 3.591198e-09
4355.000000 3.694100e-09
4360.000000 3.835411e-09
4365.000000 3.892703e-09
4370.000000 3.805143e-09
4375.000000 3.660561e-09
4380.000000 3.442994e-09
4385.000000 3.329338e-09
4390.000000 3.521337e-09
4395.000000 3.665950e-09
4400.000000 3.609131e-09
4405.000000 3.564762e-09
4410.000000 3.718768e-09
4415.000000 3.872602e-09
4420.000000 3.994068e-09
4425.000000 3.998947e-09
4430.000000 3.945232e-09
4435.000000 3.878176e-09
4440.000000 3.910899e-09
4445.000000 3.941542e-09
4450.000000 3.927110e-09
4455.000000 3.762412e-09
4460.000000 3.755338e-09
4465.000000 3.934123e-09
4470.000000 4.083993e-09
4475.000000 4.175594e-09
4480.000000 4.127615e-09
4485.000000 4.193085e-09
4490.000000 4.202518e-09
4495.000000 4.193454e-09
4500.000000 4.336947e-09
4505.000000 4.431392e-09
4510.000000 4.344367e-09
4515.000000 4.273058e-09
4520.000000 4.187684e-09
4525.000000 3.977916e-09
4530.000000 3.890800e-09
4535.000000 4.021263e-09
4540.000000 4.100400e-09
4545.000000 4.012891e-09
4550.000000 3.995607e-09
4555.000000 4.138879e-09
4560.000000 4.265988e-09
4565.000000 4.323949e-09
4570.000000 4.373011e-09
4575.000000 4.333051e-09
4580.000000 4.191222e-09
4585.000000 4.164777e-09
4590.000000 4.210602e-09
4595.000000 4.210419e-09
4600.000000 4.244919e-09
4605.000000 4.337263e-09
4610.000000 4.322013e-09
4615.000000 4.290396e-09
4620.000000 4.328740e-09
4625.000000 4.339550e-09
4630.000000 4.323424e-09
4635.000000 4.264269e-09
4640.000000 4.219529e-09
4645.000000 4.170728e-09
4650.000000 4.192743e-09
4655.000000 4.235073e-09
4660.000000 4.258859e-09
4665.000000 4.110966e-09
4670.000000 4.074077e-09
4675.000000 4.157486e-09
4680.000000 4.201961e-09
4685.000000 4.276788e-09
4690.000000 4.252793e-09
4695.000000 4.209255e-09
4700.000000 4.067735e-09
4705.000000 4.023196e-09
4710.000000 4.070806e-09
4715.000000 4.191202e-09
4720.000000 4.249034e-09
4725.000000 4.248843e-09
4730.000000 4.098688e-09
4735.000000 4.102705e-09
4740.000000 4.193528e-09
4745.000000 4.256357e-09
4750.000000 4.250363e-09
4755.000000 4.224640e-09
4760.000000 4.158514e-09
4765.000000 4.062965e-09
4770.000000 4.123464e-09
4775.000000 4.250369e-09
4780.000000 4.242401e-09
4785.000000 4.129521e-09
4790.000000 4.138543e-09
4795.000000 4.209744e-09
4800.000000 4.214570e-09
4805.000000 4.202634e-09
4810.000000 4.233180e-09
4815.000000 4.261595e-09
4820.000000 4.238597e-09
4825.000000 4.185450e-09
4830.000000 4.167143e-09
4835.000000 4.162812e-09
4840.000000 4.159259e-09
4845.000000 4.142605e-09
4850.000000 4.088013e-09
4855.000000 3.825551e-09
4860.000000 3.492163e-09
4865.000000 3.528464e-09
4870.000000 3.719987e-09
4875.000000 3.878713e-09
4880.000000 4.000664e-09
4885.000000 3.941790e-09
4890.000000 3.856019e-09
4895.000000 4.035347e-09
4900.000000 4.192885e-09
4905.000000 4.218436e-09
4910.000000 4.107936e-09
4915.000000 3.972656e-09
4920.000000 3.824283e-09
4925.000000 3.897266e-09
4930.000000 4.094843e-09
4935.000000 4.063720e-09
4940.000000 4.009606e-09
4945.000000 4.150913e-09
4950.000000 4.191083e-09
4955.000000 4.041631e-09
4960.000000 3.932210e-09
4965.000000 4.031493e-09
4970.000000 4.029841e-09
4975.000000 4.038480e-09
4980.000000 3.910765e-09
4985.000000 3.787181e-09
4990.000000 3.911202e-09
4995.000000 3.980482e-09
5000.000000 3.965773e-09
5005.000000 3.835546e-09
5010.000000 3.763830e-09
5015.000000 3.693450e-09
5020.000000 3.701759e-09
5025.000000 3.754860e-09
5030.000000 3.839672e-09
5035.000000 3.843213e-09
5040.000000 3.763760e-09
5045.000000 3.790928e-09
5050.000000 3.846000e-09
5055.000000 3.856981e-09
5060.000000 3.921356e-09
5065.000000 3.886313e-09
5070.000000 3.825924e-09
5075.000000 3.767629e-09
5080.000000 3.703719e-09
5085.000000 3.756613e-09
5090.000000 3.877620e-09
5095.000000 3.896298e-09
5100.000000 3.822659e-09
5105.000000 3.824409e-09
5110.000000 3.834673e-09
5115.000000 3.877179e-09
5120.000000 3.876560e-09
5125.000000 3.746291e-09
5130.000000 3.698792e-09
5135.000000 3.711800e-09
5140.000000 3.650637e-09
5145.000000 3.669631e-09
5150.000000 3.699269e-09
5155.000000 3.706827e-09
5160.000000 3.688166e-09
5165.000000 3.362942e-09
5170.000000 3.028138e-09
5175.000000 3.101355e-09
5180.000000 3.254176e-09
5185.000000 3.172561e-09
5190.000000 3.394360e-09
5195.000000 3.558196e-09
5200.000000 3.641281e-09
5205.000000 3.546496e-09
5210.000000 3.563040e-09
5215.000000 3.723110e-09
5220.000000 3.775422e-09
5225.000000 3.667603e-09
5230.000000 3.618497e-09
5235.000000 3.736656e-09
5240.000000 3.884177e-09
5245.000000 3.890490e-09
5250.000000 3.786666e-09
5255.000000 3.766164e-09
5260.000000 3.708908e-09
5265.000000 3.413757e-09
5270.000000 3.313716e-09
5275.000000 3.527522e-09
5280.000000 3.717022e-09
5285.000000 3.762214e-09
5290.000000 3.841171e-09
5295.000000 3.773174e-09
5300.000000 3.731707e-09
5305.000000 3.845078e-09
5310.000000 3.876385e-09
5315.000000 3.840833e-09
5320.000000 3.760131e-09
5325.000000 3.583087e-09
5330.000000 3.516902e-09
5335.000000 3.656452e-09
5340.000000 3.663774e-09
5345.000000 3.689580e-09
5350.000000 3.756511e-09
5355.000000 3.859811e-09
5360.000000 3.849977e-09
5365.000000 3.692877e-09
5370.000000 3.577990e-09
5375.000000 3.661631e-09
5380.000000 3.752410e-09
5385.000000 3.721934e-09
5390.000000 3.671197e-09
5395.000000 3.604892e-09
5400.000000 3.585357e-09
5405.000000 3.532271e-09
5410.000000 3.597859e-09
5415.000000 3.718436e-09
5420.000000 3.760890e-09
5425.000000 3.705493e-09
5430.000000 3.630576e-09
5435.000000 3.649371e-09
5440.000000 3.757670e-09
5445.000000 3.726251e-09
5450.000000 3.710375e-09
5455.000000 3.704699e-09
5460.000000 3.731018e-09
5465.000000 3.704058e-09
5470.000000 3.687622e-09
5475.000000 3.637523e-09
5480.000000 3.622276e-09
5485.000000 3.667543e-09
5490.000000 3.680809e-09
5495.000000 3.716160e-09
5500.000000 3.714901e-09
5505.000000 3.658030e-09
5510.000000 3.649320e-09
5515.000000 3.663677e-09
5520.000000 3.705848e-09
5525.000000 3.675772e-09
5530.000000 3.623271e-09
5535.000000 3.645659e-09
5540.000000 3.675709e-09
5545.000000 3.695112e-09
5550.000000 3.718377e-09
5555.000000 3.686187e-09
5560.000000 3.644577e-09
5565.000000 3.611712e-09
5570.000000 3.578844e-09
5575.000000 3.585849e-09
5580.000000 3.607763e-09
5585.000000 3.533336e-09
5590.000000 3.448082e-09
5595.000000 3.478638e-09
5600.000000 3.495461e-09
5605.000000 3.547075e-09
5610.000000 3.610156e-09
5615.000000 3.558288e-09
5620.000000 3.526623e-09
5625.000000 3.559209e-09
5630.000000 3.596795e-09
5635.000000 3.623438e-09
5640.000000 3.609598e-09
5645.000000 3.592258e-09
5650.000000 3.580074e-09
5655.000000 3.531774e-09
5660.000000 3.482484e-09
5665.000000 3.504399e-09
5670.000000 3.571842e-09
5675.000000 3.610043e-09
5680.000000 3.577275e-09
5685.000000 3.518935e-09
5690.000000 3.517277e-09
5695.000000 3.537829e-09
5700.000000 3.521858e-09
5705.000000 3.469198e-09
5710.000000 3.411265e-09
5715.000000 3.450093e-09
5720.000000 3.552202e-09
5725.000000 3.610643e-09
5730.000000 3.593296e-09
5735.000000 3.578331e-09
5740.000000 3.557106e-09
5745.000000 3.549570e-09
5750.000000 3.522880e-09
5755.000000 3.480700e-09
5760.000000 3.478904e-09
5765.000000 3.520989e-09
5770.000000 3.554994e-09
5775.000000 3.538325e-09
5780.000000 3.471093e-09
5785.000000 3.427748e-09
5790.000000 3.453131e-09
5795.000000 3.483323e-09
5800.000000 3.501190e-09
5805.000000 3.508959e-09
5810.000000 3.500348e-09
5815.000000 3.518174e-09
5820.000000 3.560067e-09
5825.000000 3.583175e-09
5830.000000 3.576261e-09
5835.000000 3.568153e-09
5840.000000 3.578438e-09
5845.000000 3.548872e-09
5850.000000 3.497495e-09
5855.000000 3.435908e-09
5860.000000 3.424442e-09
5865.000000 3.477018e-09
5870.000000 3.522048e-09
5875.000000 3.525990e-09
5880.000000 3.475889e-09
5885.000000 3.333953e-09
5890.000000 3.133091e-09
5895.000000 3.102301e-09
5900.000000 3.264007e-09
5905.000000 3.407199e-09
5910.000000 3.436177e-09
5915.000000 3.427486e-09
5920.000000 3.428413e-09
5925.000000 3.425526e-09
5930.000000 3.394243e-09
5935.000000 3.411054e-09
5940.000000 3.424995e-09
5945.000000 3.397598e-09
5950.000000 3.374061e-09
5955.000000 3.388057e-09
5960.000000 3.425400e-09
5965.000000 3.425758e-09
5970.000000 3.401028e-09
5975.000000 3.373952e-09
5980.000000 3.361498e-09
5985.000000 3.346166e-09
5990.000000 3.393059e-09
5995.000000 3.427785e-09
6000.000000 3.401295e-09
6005.000000 3.356933e-09
6010.000000 3.343441e-09
6015.000000 3.328096e-09
6020.000000 3.300174e-09
6025.000000 3.299336e-09
6030.000000 3.341362e-09
6035.000000 3.377383e-09
6040.000000 3.386450e-09
6045.000000 3.399993e-09
6050.000000 3.401629e-09
6055.000000 3.387398e-09
6060.000000 3.384087e-09
6065.000000 3.366327e-09
6070.000000 3.383996e-09
6075.000000 3.382446e-09
6080.000000 3.354091e-09
6085.000000 3.353776e-09
6090.000000 3.351030e-09
6095.000000 3.335469e-09
6100.000000 3.292264e-09
6105.000000 3.292854e-09
6110.000000 3.352889e-09
6115.000000 3.366507e-09
6120.000000 3.315564e-09
6125.000000 3.297868e-09
6130.000000 3.311846e-09
6135.000000 3.243466e-09
6140.000000 3.234260e-09
6145.000000 3.285134e-09
6150.000000 3.314516e-09
6155.000000 3.287738e-09
6160.000000 3.201909e-09
6165.000000 3.168118e-09
6170.000000 3.200318e-09
6175.000000 3.274188e-09
6180.000000 3.325924e-09
6185.000000 3.324295e-09
6190.000000 3.293631e-09
6195.000000 3.320882e-09
6200.000000 3.366191e-09
6205.000000 3.375248e-09
6210.000000 3.349537e-09
6215.000000 3.297767e-09
6220.000000 3.291178e-09
6225.000000 3.297413e-09
6230.000000 3.252792e-09
6235.000000 3.242720e-09
6240.000000 3.244037e-09
6245.000000 3.221392e-09
6250.000000 3.213688e-09
6255.000000 3.185356e-09
6260.000000 3.176386e-09
6265.000000 3.197860e-09
6270.000000 3.226355e-09
6275.000000 3.200135e-09
6280.000000 3.161332e-09
6285.000000 3.206589e-09
6290.000000 3.229625e-09
6295.000000 3.203019e-09
6300.000000 3.169106e-09
6305.000000 3.190087e-09
6310.000000 3.204907e-09
6315.000000 3.154793e-09
6320.000000 3.151664e-09
6325.000000 3.204964e-09
6330.000000 3.209226e-09
6335.000000 3.172073e-09
6340.000000 3.158433e-09
6345.000000 3.180689e-09
6350.000000 3.200076e-09
6355.000000 3.190070e-09
6360.000000 3.157446e-09
6365.000000 3.160646e-09
6370.000000 3.183909e-09
6375.000000 3.198536e-09
6380.000000 3.184573e-09
6385.000000 3.178990e-09
6390.000000 3.165690e-09
6395.000000 3.132980e-09
6400.000000 3.107140e-09
6405.000000 3.119806e-09
6410.000000 3.118015e-09
6415.000000 3.116752e-09
6420.000000 3.124262e-09
6425.000000 3.149844e-09
6430.000000 3.151225e-09
6435.000000 3.146062e-09
6440.000000 3.139262e-09
6445.000000 3.144361e-09
6450.000000 3.117293e-09
6455.000000 3.101663e-09
6460.000000 3.085703e-09
6465.000000 3.073284e-09
6470.000000 3.084949e-09
6475.000000 3.080927e-09
6480.000000 3.088032e-09
6485.000000 3.088576e-09
6490.000000 3.032848e-09
6495.000000 2.960111e-09
6500.000000 3.018511e-09
6505.000000 3.110489e-09
6510.000000 3.125292e-09
6515.000000 3.104145e-09
6520.000000 3.104372e-09
6525.000000 3.111525e-09
6530.000000 3.106138e-09
6535.000000 3.097753e-09
6540.000000 3.081569e-09
6545.000000 3.047605e-09
6550.000000 3.001815e-09
6555.000000 2.871057e-09
6560.000000 2.598401e-09
6565.000000 2.537805e-09
6570.000000 2.787691e-09
6575.000000 2.943950e-09
6580.000000 3.009757e-09
6585.000000 3.025066e-09
6590.000000 3.007016e-09
6595.000000 2.989305e-09
6600.000000 3.030008e-09
6605.000000 3.046264e-09
6610.000000 3.042993e-09
6615.000000 3.071539e-09
6620.000000 3.084574e-09
6625.000000 3.071852e-09
6630.000000 3.031047e-09
6635.000000 3.002551e-09
6640.000000 2.994952e-09
6645.000000 2.990309e-09
6650.000000 3.008651e-09
6655.000000 3.010184e-09
6660.000000 2.988251e-09
6665.000000 2.973524e-09
6670.000000 2.984805e-09
6675.000000 2.967324e-09
6680.000000 2.961768e-09
6685.000000 3.001971e-09
6690.000000 3.020387e-09
6695.000000 3.001612e-09
6700.000000 2.981905e-09
6705.000000 2.982637e-09
6710.000000 2.974760e-09
6715.000000 2.936975e-09
6720.000000 2.930387e-09
6725.000000 2.965459e-09
6730.000000 2.967745e-09
6735.000000 2.962986e-09
6740.000000 2.951271e-09
6745.000000 2.935821e-09
6750.000000 2.930372e-09
6755.000000 2.945520e-09
6760.000000 2.951045e-09
6765.000000 2.948417e-09
6770.000000 2.935589e-09
6775.000000 2.942036e-09
6780.000000 2.942437e-09
6785.000000 2.934989e-09
6790.000000 2.942561e-09
6795.000000 2.942931e-09
6800.000000 2.941460e-09
6805.000000 2.927676e-09
6810.000000 2.921393e-09
6815.000000 2.914463e-09
6820.000000 2.914208e-09
6825.000000 2.912578e-09
6830.000000 2.910617e-09
6835.000000 2.913592e-09
6840.000000 2.911638e-09
6845.000000 2.904182e-09
6850.000000 2.892740e-09
6855.000000 2.879377e-09
6860.000000 2.866199e-09
6865.000000 2.854915e-09
6870.000000 2.846085e-09
6875.000000 2.839880e-09
6880.000000 2.836377e-09
6885.000000 2.835527e-09
6890.000000 2.836856e-09
6895.000000 2.839754e-09
6900.000000 2.843573e-09
6905.000000 2.847729e-09
6910.000000 2.851696e-09
6915.000000 2.854978e-09
6920.000000 2.857102e-09
6925.000000 2.857784e-09
6930.000000 2.857205e-09
6935.000000 2.855728e-09
6940.000000 2.853716e-09
6945.000000 2.851433e-09
6950.000000 2.848854e-09
6955.000000 2.845827e-09
6960.000000 2.842235e-09
6965.000000 2.838002e-09
6970.000000 2.833301e-09
6975.000000 2.827329e-09
6980.000000 2.817921e-09
6985.000000 2.822144e-09
6990.000000 2.815940e-09
6995.000000 2.816134e-09
7000.000000 2.811420e-09
7005.000000 2.795447e-09
7010.000000 2.800189e-09
7015.000000 2.792958e-09
7020.000000 2.784616e-09
7025.000000 2.782472e-09
7030.000000 2.786891e-09
7035.000000 2.789696e-09
7040.000000 2.798387e-09
7045.000000 2.811237e-09
7050.000000 2.813740e-09
7055.000000 2.806777e-09
7060.000000 2.798794e-09
7065.000000 2.789708e-09
7070.000000 2.788116e-09
7075.000000 2.802082e-09
7080.000000 2.804326e-09
7085.000000 2.789443e-09
7090.000000 2.785722e-09
7095.000000 2.795790e-09
7100.000000 2.798549e-09
7105.000000 2.795093e-09
7110.000000 2.791334e-09
7115.000000 2.793260e-09
7120.000000 2.786104e-09
7125.000000 2.779046e-09
7130.000000 2.777133e-09
7135.000000 2.782926e-09
7140.000000 2.776691e-09
7145.000000 2.759865e-09
7150.000000 2.758782e-09
7155.000000 2.772189e-09
7160.000000 2.773505e-09
7165.000000 2.766421e-09
7170.000000 2.771034e-09
7175.000000 2.763153e-09
7180.000000 2.744901e-09
7185.000000 2.704568e-09
7190.000000 2.692837e-09
7195.000000 2.696988e-09
7200.000000 2.695269e-09
7205.000000 2.691819e-09
7210.000000 2.719305e-09
7215.000000 2.749000e-09
7220.000000 2.752320e-09
7225.000000 2.740193e-09
7230.000000 2.728068e-09
7235.000000 2.714422e-09
7240.000000 2.707408e-09
7245.000000 2.712319e-09
7250.000000 2.717277e-09
7255.000000 2.718425e-09
7260.000000 2.717680e-09
7265.000000 2.703111e-09
7270.000000 2.697016e-09
7275.000000 2.685993e-09
7280.000000 2.685358e-09
7285.000000 2.673249e-09
7290.000000 2.649329e-09
7295.000000 2.656780e-09
7300.000000 2.665552e-09
7305.000000 2.658096e-09
7310.000000 2.652470e-09
7315.000000 2.649873e-09
7320.000000 2.646042e-09
7325.000000 2.646750e-09
7330.000000 2.648958e-09
7335.000000 2.655498e-09
7340.000000 2.660948e-09
7345.000000 2.661446e-09
7350.000000 2.656116e-09
7355.000000 2.651223e-09
7360.000000 2.646768e-09
7365.000000 2.646720e-09
7370.000000 2.650844e-09
7375.000000 2.647995e-09
7380.000000 2.630793e-09
7385.000000 2.588634e-09
7390.000000 2.568084e-09
7395.000000 2.586712e-09
7400.000000 2.602196e-09
7405.000000 2.588428e-09
7410.000000 2.563701e-09
7415.000000 2.560942e-09
7420.000000 2.560259e-09
7425.000000 2.577903e-09
7430.000000 2.596586e-09
7435.000000 2.606933e-09
7440.000000 2.602853e-09
7445.000000 2.595090e-09
7450.000000 2.604407e-09
7455.000000 2.615554e-09
7460.000000 2.612468e-09
7465.000000 2.610496e-09
7470.000000 2.614074e-09
7475.000000 2.611577e-09
7480.000000 2.606755e-09
7485.000000 2.603048e-09
7490.000000 2.589073e-09
7495.000000 2.575603e-09
7500.000000 2.580515e-09
7505.000000 2.578284e-09
7510.000000 2.568429e-09
7515.000000 2.575674e-09
7520.000000 2.583190e-09
7525.000000 2.578590e-09
7530.000000 2.577291e-09
7535.000000 2.581235e-09
7540.000000 2.576994e-09
7545.000000 2.563248e-09
7550.000000 2.548956e-09
7555.000000 2.541564e-09
7560.000000 2.544633e-09
7565.000000 2.559480e-09
7570.000000 2.578787e-09
7575.000000 2.591827e-09
7580.000000 2.587984e-09
7585.000000 2.561175e-09
7590.000000 2.517113e-09
7595.000000 2.466047e-09
7600.000000 2.418463e-09
7605.000000 2.382680e-09
7610.000000 2.361372e-09
7615.000000 2.355049e-09
7620.000000 2.363857e-09
7625.000000 2.386424e-09
7630.000000 2.417442e-09
7635.000000 2.450109e-09
7640.000000 2.477626e-09
7645.000000 2.495012e-09
7650.000000 2.501907e-09
7655.000000 2.499761e-09
7660.000000 2.490267e-09
7665.000000 2.475810e-09
7670.000000 2.460557e-09
7675.000000 2.449384e-09
7680.000000 2.446984e-09
7685.000000 2.455744e-09
7690.000000 2.472005e-09
7695.000000 2.489819e-09
7700.000000 2.503158e-09
7705.000000 2.507890e-09
7710.000000 2.504723e-09
7715.000000 2.496248e-09
7720.000000 2.485181e-09
7725.000000 2.473842e-09
7730.000000 2.464360e-09
7735.000000 2.460852e-09
7740.000000 2.451583e-09
7745.000000 2.435284e-09
7750.000000 2.433775e-09
7755.000000 2.447828e-09
7760.000000 2.453546e-09
7765.000000 2.452144e-09
7770.000000 2.442133e-09
7775.000000 2.429147e-09
7780.000000 2.424126e-09
7785.000000 2.427663e-09
7790.000000 2.429215e-09
7795.000000 2.426327e-09
7800.000000 2.418079e-09
7805.000000 2.415970e-09
7810.000000 2.412456e-09
7815.000000 2.416588e-09
7820.000000 2.423039e-09
7825.000000 2.421406e-09
7830.000000 2.408608e-09
7835.000000 2.404161e-09
7840.000000 2.415752e-09
7845.000000 2.420768e-09
7850.000000 2.419076e-09
7855.000000 2.415412e-09
7860.000000 2.410492e-09
7865.000000 2.405749e-09
7870.000000 2.402361e-09
7875.000000 2.394792e-09
7880.000000 2.388297e-09
7885.000000 2.385438e-09
7890.000000 2.378741e-09
7895.000000 2.368245e-09
7900.000000 2.362948e-09
7905.000000 2.358655e-09
7910.000000 2.349813e-09
7915.000000 2.340491e-09
7920.000000 2.335385e-09
7925.000000 2.330715e-09
7930.000000 2.318946e-09
7935.000000 2.306313e-09
7940.000000 2.300552e-09
7945.000000 2.296727e-09
7950.000000 2.305289e-09
7955.000000 2.310692e-09
7960.000000 2.308777e-09
7965.000000 2.311618e-09
7970.000000 2.317806e-09
7975.000000 2.323040e-09
7980.000000 2.330855e-09
7985.000000 2.335739e-09
7990.000000 2.339125e-09
7995.000000 2.328970e-09
8000.000000 2.317078e-09
8005.000000 2.316215e-09
8010.000000 2.309370e-09
8015.000000 2.301989e-09
8020.000000 2.292708e-09
8025.000000 2.278183e-09
8030.000000 2.276780e-09
8035.000000 2.285933e-09
8040.000000 2.288535e-09
8045.000000 2.279649e-09
8050.000000 2.282507e-09
8055.000000 2.297282e-09
8060.000000 2.307567e-09
8065.000000 2.308211e-09
8070.000000 2.301275e-09
8075.000000 2.296239e-09
8080.000000 2.287079e-09
8085.000000 2.271743e-09
8090.000000 2.256840e-09
8095.000000 2.246051e-09
8100.000000 2.244244e-09
8105.000000 2.251828e-09
8110.000000 2.264859e-09
8115.000000 2.277548e-09
8120.000000 2.284108e-09
8125.000000 2.280944e-09
8130.000000 2.270182e-09
8135.000000 2.256138e-09
8140.000000 2.243228e-09
8145.000000 2.234603e-09
8150.000000 2.230122e-09
8155.000000 2.228387e-09
8160.000000 2.227867e-09
8165.000000 2.227143e-09
8170.000000 2.225004e-09
8175.000000 2.220330e-09
8180.000000 2.212095e-09
8185.000000 2.200074e-09
8190.000000 2.186175e-09
8195.000000 2.173094e-09
8200.000000 2.163530e-09
8205.000000 2.159344e-09
8210.000000 2.160167e-09
8215.000000 2.164763e-09
8220.000000 2.171854e-09
8225.000000 2.180212e-09
8230.000000 2.188826e-09
8235.000000 2.196760e-09
8240.000000 2.203100e-09
8245.000000 2.207108e-09
8250.000000 2.208471e-09
8255.000000 2.207033e-09
8260.000000 2.202698e-09
8265.000000 2.195668e-09
8270.000000 2.186886e-09
8275.000000 2.177616e-09
8280.000000 2.169120e-09
8285.000000 2.162289e-09
8290.000000 2.157115e-09
8295.000000 2.153252e-09
8300.000000 2.150296e-09
8305.000000 2.147645e-09
8310.000000 2.144225e-09
8315.000000 2.138755e-09
8320.000000 2.130061e-09
8325.000000 2.118077e-09
8330.000000 2.105594e-09
8335.000000 2.096548e-09
8340.000000 2.094755e-09
8345.000000 2.102091e-09
8350.000000 2.115319e-09
8355.000000 2.129249e-09
8360.000000 2.138692e-09
8365.000000 2.140377e-09
8370.000000 2.136043e-09
8375.000000 2.129365e-09
8380.000000 2.124065e-09
8385.000000 2.122506e-09
8390.000000 2.123504e-09
8395.000000 2.124499e-09
8400.000000 2.122917e-09
8405.000000 2.117402e-09
8410.000000 2.110391e-09
8415.000000 2.116507e-09
8420.000000 2.167421e-09
8425.000000 2.121558e-09
8430.000000 2.178925e-09
8435.000000 2.159677e-09
8440.000000 2.076012e-09
8445.000000 2.068681e-09
8450.000000 2.082625e-09
8455.000000 2.093687e-09
8460.000000 2.092153e-09
8465.000000 2.082733e-09
8470.000000 2.075176e-09
8475.000000 2.090178e-09
8480.000000 2.088197e-09
8485.000000 2.081224e-09
8490.000000 2.055831e-09
8495.000000 2.001761e-09
8500.000000 1.902766e-09
8505.000000 1.985852e-09
8510.000000 2.034025e-09
8515.000000 2.027529e-09
8520.000000 2.037778e-09
8525.000000 2.042364e-09
8530.000000 2.017882e-09
8535.000000 1.945073e-09
8540.000000 1.692006e-09
8545.000000 1.676965e-09
8550.000000 1.871334e-09
8555.000000 1.977717e-09
8560.000000 2.013070e-09
8565.000000 2.035202e-09
8570.000000 2.043975e-09
8575.000000 2.035409e-09
8580.000000 2.018867e-09
8585.000000 2.019342e-09
8590.000000 2.024952e-09
8595.000000 2.015991e-09
8600.000000 2.016382e-09
8605.000000 2.025009e-09
8610.000000 2.021661e-09
8615.000000 2.021946e-09
8620.000000 2.024403e-09
8625.000000 2.026540e-09
8630.000000 2.023417e-09
8635.000000 2.021293e-09
8640.000000 2.013688e-09
8645.000000 2.001002e-09
8650.000000 1.972156e-09
8655.000000 1.892694e-09
8660.000000 1.725684e-09
8665.000000 1.711874e-09
8670.000000 1.859375e-09
8675.000000 1.944757e-09
8680.000000 1.966056e-09
8685.000000 1.959227e-09
8690.000000 1.959142e-09
8695.000000 1.983053e-09
8700.000000 1.987662e-09
8705.000000 1.982306e-09
8710.000000 1.972492e-09
8715.000000 1.974784e-09
8720.000000 1.987857e-09
8725.000000 1.990259e-09
8730.000000 1.982353e-09
8735.000000 1.966747e-09
8740.000000 1.958441e-09
8745.000000 1.953429e-09
8750.000000 1.939928e-09
8755.000000 1.936159e-09
8760.000000 1.950993e-09
8765.000000 1.968247e-09
8770.000000 2.013170e-09
8775.000000 1.959106e-09
8780.000000 1.957868e-09
8785.000000 1.952369e-09
8790.000000 1.929769e-09
8795.000000 1.930703e-09
8800.000000 1.930080e-09
8805.000000 1.940837e-09
8810.000000 1.891465e-09
8815.000000 1.926573e-09
8820.000000 1.935168e-09
8825.000000 1.947935e-09
8830.000000 2.005327e-09
8835.000000 1.939504e-09
8840.000000 1.917656e-09
8845.000000 1.913979e-09
8850.000000 1.913985e-09
8855.000000 1.906274e-09
8860.000000 1.875950e-09
8865.000000 1.856379e-09
8870.000000 1.875525e-09
8875.000000 1.898619e-09
8880.000000 1.916453e-09
8885.000000 1.930122e-09
8890.000000 1.923267e-09
8895.000000 1.911235e-09
8900.000000 1.912613e-09
8905.000000 1.915454e-09
8910.000000 1.910140e-09
8915.000000 1.922003e-09
8920.000000 1.983878e-09
8925.000000 1.931053e-09
8930.000000 1.883352e-09
8935.000000 1.866486e-09
8940.000000 1.863951e-09
8945.000000 1.876286e-09
8950.000000 1.898505e-09
8955.000000 1.921976e-09
8960.000000 1.937991e-09
8965.000000 1.940802e-09
8970.000000 1.932406e-09
8975.000000 1.917759e-09
8980.000000 1.901988e-09
8985.000000 1.889036e-09
8990.000000 1.879712e-09
8995.000000 1.873629e-09
9000.000000 1.870271e-09
9005.000000 1.869091e-09
9010.000000 1.869450e-09
9015.000000 1.870666e-09
9020.000000 1.872107e-09
9025.000000 1.873474e-09
9030.000000 1.875379e-09
9035.000000 1.878795e-09
9040.000000 1.884583e-09
9045.000000 1.892273e-09
9050.000000 1.897912e-09
9055.000000 1.896218e-09
9060.000000 1.882102e-09
9065.000000 1.853868e-09
9070.000000 1.818607e-09
9075.000000 1.786798e-09
9080.000000 1.768818e-09
9085.000000 1.770435e-09
9090.000000 1.785573e-09
9095.000000 1.803556e-09
9100.000000 1.813707e-09
9105.000000 1.809712e-09
9110.000000 1.796578e-09
9115.000000 1.783687e-09
9120.000000 1.780453e-09
9125.000000 1.792325e-09
9130.000000 1.814473e-09
9135.000000 1.838093e-09
9140.000000 1.854295e-09
9145.000000 1.857223e-09
9150.000000 1.848871e-09
9155.000000 1.834263e-09
9160.000000 1.818665e-09
9165.000000 1.806532e-09
9170.000000 1.800295e-09
9175.000000 1.801587e-09
9180.000000 1.811770e-09
9185.000000 1.830141e-09
9190.000000 1.850662e-09
9195.000000 1.865241e-09
9200.000000 1.865934e-09
9205.000000 1.848370e-09
9210.000000 1.817436e-09
9215.000000 1.781586e-09
9220.000000 1.749369e-09
9225.000000 1.726808e-09
9230.000000 1.713288e-09
9235.000000 1.705666e-09
9240.000000 1.700625e-09
9245.000000 1.695725e-09
9250.000000 1.690784e-09
9255.000000 1.686499e-09
9260.000000 1.683629e-09
9265.000000 1.682838e-09
9270.000000 1.684475e-09
9275.000000 1.688777e-09
9280.000000 1.695963e-09
9285.000000 1.706072e-09
9290.000000 1.718703e-09
9295.000000 1.733300e-09
9300.000000 1.749331e-09
9305.000000 1.766826e-09
9310.000000 1.787218e-09
9315.000000 1.812506e-09
9320.000000 1.844446e-09
9325.000000 1.881862e-09
9330.000000 1.916015e-09
9335.000000 1.935232e-09
9340.000000 1.928185e-09
9345.000000 1.889810e-09
9350.000000 1.831363e-09
9355.000000 1.770349e-09
9360.000000 1.724352e-09
9365.000000 1.705309e-09
9370.000000 1.710486e-09
9375.000000 1.731497e-09
9380.000000 1.759487e-09
9385.000000 1.786373e-09
9390.000000 1.806103e-09
9395.000000 1.813430e-09
9400.000000 1.803492e-09
9405.000000 1.774678e-09
9410.000000 1.733840e-09
9415.000000 1.691084e-09
9420.000000 1.656505e-09
9425.000000 1.636828e-09
9430.000000 1.630064e-09
9435.000000 1.630856e-09
9440.000000 1.633742e-09
9445.000000 1.635509e-09
9450.000000 1.638844e-09
9455.000000 1.648676e-09
9460.000000 1.669791e-09
9465.000000 1.703272e-09
9470.000000 1.740538e-09
9475.000000 1.769314e-09
9480.000000 1.777556e-09
9485.000000 1.759413e-09
9490.000000 1.725106e-09
9495.000000 1.691050e-09
9500.000000 1.673564e-09
9505.000000 1.682042e-09
9510.000000 1.707884e-09
9515.000000 1.735533e-09
9520.000000 1.749408e-09
9525.000000 1.740379e-09
9530.000000 1.716133e-09
9535.000000 1.690804e-09
9540.000000 1.678571e-09
9545.000000 1.687438e-09
9550.000000 1.709409e-09
9555.000000 1.730325e-09
9560.000000 1.736004e-09
9565.000000 1.718300e-09
9570.000000 1.684672e-09
9575.000000 1.648600e-09
9580.000000 1.623691e-09
9585.000000 1.618819e-09
9590.000000 1.630547e-09
9595.000000 1.650702e-09
9600.000000 1.670829e-09
9605.000000 1.684254e-09
9610.000000 1.688952e-09
9615.000000 1.684688e-09
9620.000000 1.671567e-09
9625.000000 1.651284e-09
9630.000000 1.629710e-09
9635.000000 1.614315e-09
9640.000000 1.612321e-09
9645.000000 1.626980e-09
9650.000000 1.651221e-09
9655.000000 1.673980e-09
9660.000000 1.684254e-09
9665.000000 1.675447e-09
9670.000000 1.652413e-09
9675.000000 1.624426e-09
9680.000000 1.600869e-09
9685.000000 1.587899e-09
9690.000000 1.583297e-09
9695.000000 1.581594e-09
9700.000000 1.577292e-09
9705.000000 1.567453e-09
9710.000000 1.555878e-09
9715.000000 1.548957e-09
9720.000000 1.553010e-09
9725.000000 1.571062e-09
9730.000000 1.597593e-09
9735.000000 1.623803e-09
9740.000000 1.640895e-09
9745.000000 1.643444e-09
9750.000000 1.634763e-09
9755.000000 1.621550e-09
9760.000000 1.610606e-09
9765.000000 1.606545e-09
9770.000000 1.608283e-09
9775.000000 1.612533e-09
9780.000000 1.615910e-09
9785.000000 1.616109e-09
9790.000000 1.613653e-09
9795.000000 1.610145e-09
9800.000000 1.607236e-09
9805.000000 1.605861e-09
9810.000000 1.605116e-09
9815.000000 1.603385e-09
9820.000000 1.599087e-09
9825.000000 1.591542e-09
9830.000000 1.582493e-09
9835.000000 1.574588e-09
9840.000000 1.570458e-09
9845.000000 1.571553e-09
9850.000000 1.576229e-09
9855.000000 1.581664e-09
9860.000000 1.585005e-09
9865.000000 1.584292e-09
9870.000000 1.579892e-09
9875.000000 1.573067e-09
9880.000000 1.565168e-09
9885.000000 1.557573e-09
9890.000000 1.551716e-09
9895.000000 1.549064e-09
9900.000000 1.550951e-09
9905.000000 1.557432e-09
9910.000000 1.565179e-09
9915.000000 1.569605e-09
9920.000000 1.566226e-09
9925.000000 1.553202e-09
9930.000000 1.535491e-09
9935.000000 1.520671e-09
9940.000000 1.516230e-09
9945.000000 1.526074e-09
9950.000000 1.544828e-09
9955.000000 1.563540e-09
9960.000000 1.573285e-09
9965.000000 1.568929e-09
9970.000000 1.555210e-09
9975.000000 1.540658e-09
9980.000000 1.533838e-09
9985.000000 1.539907e-09
9990.000000 1.555143e-09
9995.000000 1.572400e-09
10000.000000 1.584439e-09
10005.000000 1.586341e-09
10010.000000 1.579279e-09
10015.000000 1.566751e-09
10020.000000 1.552391e-09
10025.000000 1.538826e-09
10030.000000 1.526042e-09
10035.000000 1.513031e-09
10040.000000 1.498780e-09
10045.000000 1.483370e-09
10050.000000 1.469683e-09
10055.000000 1.461705e-09
10060.000000 1.463280e-09
10065.000000 1.475952e-09
10070.000000 1.495229e-09
10075.000000 1.514320e-09
10080.000000 1.526455e-09
10085.000000 1.527366e-09
10090.000000 1.519331e-09
10095.000000 1.507140e-09
10100.000000 1.495698e-09
10105.000000 1.488617e-09
10110.000000 1.486117e-09
10115.000000 1.487118e-09
10120.000000 1.490401e-09
10125.000000 1.494696e-09
10130.000000 1.498551e-09
10135.000000 1.500467e-09
10140.000000 1.499034e-09
10145.000000 1.493920e-09
10150.000000 1.487533e-09
10155.000000 1.483375e-09
10160.000000 1.484810e-09
10165.000000 1.493083e-09
10170.000000 1.503850e-09
10175.000000 1.510630e-09
10180.000000 1.507067e-09
10185.000000 1.490113e-09
10190.000000 1.465362e-09
10195.000000 1.441729e-09
10200.000000 1.428095e-09
10205.000000 1.429610e-09
10210.000000 1.441756e-09
10215.000000 1.456291e-09
10220.000000 1.464912e-09
10225.000000 1.462338e-09
10230.000000 1.451145e-09
10235.000000 1.436933e-09
10240.000000 1.425412e-09
10245.000000 1.420250e-09
10250.000000 1.419838e-09
10255.000000 1.420546e-09
10260.000000 1.418706e-09
10265.000000 1.412432e-09
10270.000000 1.404429e-09
10275.000000 1.399171e-09
10280.000000 1.401097e-09
10285.000000 1.412483e-09
10290.000000 1.429952e-09
10295.000000 1.447978e-09
10300.000000 1.460994e-09
10305.000000 1.465252e-09
10310.000000 1.461751e-09
10315.000000 1.453298e-09
10320.000000 1.442878e-09
10325.000000 1.433175e-09
10330.000000 1.426169e-09
10335.000000 1.423561e-09
10340.000000 1.426872e-09
10345.000000 1.436085e-09
10350.000000 1.447210e-09
10355.000000 1.454731e-09
10360.000000 1.453262e-09
10365.000000 1.440438e-09
10370.000000 1.421660e-09
10375.000000 1.405344e-09
10380.000000 1.399826e-09
10385.000000 1.409769e-09
10390.000000 1.430302e-09
10395.000000 1.452860e-09
10400.000000 1.468820e-09
10405.000000 1.472471e-09
10410.000000 1.465670e-09
10415.000000 1.453200e-09
10420.000000 1.439974e-09
10425.000000 1.429347e-09
10430.000000 1.420626e-09
10435.000000 1.411558e-09
10440.000000 1.399884e-09
10445.000000 1.384773e-09
10450.000000 1.369105e-09
10455.000000 1.357199e-09
10460.000000 1.353311e-09
10465.000000 1.359648e-09
10470.000000 1.373108e-09
10475.000000 1.388550e-09
10480.000000 1.400764e-09
10485.000000 1.406024e-09
10490.000000 1.404399e-09
10495.000000 1.397428e-09
10500.000000 1.386799e-09
10505.000000 1.374270e-09
10510.000000 1.361744e-09
10515.000000 1.351188e-09
10520.000000 1.344514e-09
10525.000000 1.343016e-09
10530.000000 1.346389e-09
10535.000000 1.353706e-09
10540.000000 1.363942e-09
10545.000000 1.375667e-09
10550.000000 1.386388e-09
10555.000000 1.393211e-09
10560.000000 1.393363e-09
10565.000000 1.385541e-09
10570.000000 1.372359e-09
10575.000000 1.357897e-09
10580.000000 1.346274e-09
10585.000000 1.340279e-09
10590.000000 1.339268e-09
10595.000000 1.341285e-09
10600.000000 1.344291e-09
10605.000000 1.346732e-09
10610.000000 1.348356e-09
10615.000000 1.349402e-09
10620.000000 1.012449e-09
