1150.000000 0.000000e+00
1155.000000 0.000000e+00
1160.000000 0.000000e+00
1165.000000 0.000000e+00
1170.000000 0.000000e+00
1175.000000 0.000000e+00
1180.000000 0.000000e+00
1185.000000 0.000000e+00
1190.000000 0.000000e+00
1195.000000 0.000000e+00
1200.000000 0.000000e+00
1205.000000 0.000000e+00
1210.000000 0.000000e+00
1215.000000 0.000000e+00
1220.000000 0.000000e+00
1225.000000 0.000000e+00
1230.000000 0.000000e+00
1235.000000 0.000000e+00
1240.000000 0.000000e+00
1245.000000 0.000000e+00
1250.000000 0.000000e+00
1255.000000 0.000000e+00
1260.000000 0.000000e+00
1265.000000 0.000000e+00
1270.000000 0.000000e+00
1275.000000 0.000000e+00
1280.000000 0.000000e+00
1285.000000 0.000000e+00
1290.000000 0.000000e+00
1295.000000 0.000000e+00
1300.000000 0.000000e+00
1305.000000 0.000000e+00
1310.000000 0.000000e+00
1315.000000 0.000000e+00
1320.000000 0.000000e+00
1325.000000 0.000000e+00
1330.000000 0.000000e+00
1335.000000 0.000000e+00
1340.000000 0.000000e+00
1345.000000 0.000000e+00
1350.000000 0.000000e+00
1355.000000 0.000000e+00
1360.000000 0.000000e+00
1365.000000 0.000000e+00
1370.000000 0.000000e+00
1375.000000 0.000000e+00
1380.000000 0.000000e+00
1385.000000 0.000000e+00
1390.000000 0.000000e+00
1395.000000 0.000000e+00
1400.000000 0.000000e+00
1405.000000 0.000000e+00
1410.000000 0.000000e+00
1415.000000 0.000000e+00
1420.000000 0.000000e+00
1425.000000 0.000000e+00
1430.000000 0.000000e+00
1435.000000 0.000000e+00
1440.000000 0.000000e+00
1445.000000 0.000000e+00
1450.000000 0.000000e+00
1455.000000 0.000000e+00
1460.000000 0.000000e+00
1465.000000 0.000000e+00
1470.000000 0.000000e+00
1475.000000 0.000000e+00
1480.000000 0.000000e+00
1485.000000 0.000000e+00
1490.000000 0.000000e+00
1495.000000 0.000000e+00
1500.000000 0.000000e+00
1505.000000 0.000000e+00
1510.000000 0.000000e+00
1515.000000 0.000000e+00
1520.000000 0.000000e+00
1525.000000 0.000000e+00
1530.000000 0.000000e+00
1535.000000 0.000000e+00
1540.000000 0.000000e+00
1545.000000 0.000000e+00
1550.000000 0.000000e+00
1555.000000 0.000000e+00
1560.000000 0.000000e+00
1565.000000 0.000000e+00
1570.000000 0.000000e+00
1575.000000 0.000000e+00
1580.000000 0.000000e+00
1585.000000 0.000000e+00
1590.000000 0.000000e+00
1595.000000 0.000000e+00
1600.000000 0.000000e+00
1605.000000 0.000000e+00
1610.000000 0.000000e+00
1615.000000 0.000000e+00
1620.000000 0.000000e+00
1625.000000 0.000000e+00
1630.000000 0.000000e+00
1635.000000 0.000000e+00
1640.000000 0.000000e+00
1645.000000 0.000000e+00
1650.000000 0.000000e+00
1655.000000 0.000000e+00
1660.000000 0.000000e+00
1665.000000 0.000000e+00
1670.000000 0.000000e+00
1675.000000 0.000000e+00
1680.000000 0.000000e+00
1685.000000 0.000000e+00
1690.000000 0.000000e+00
1695.000000 0.000000e+00
1700.000000 0.000000e+00
1705.000000 0.000000e+00
1710.000000 0.000000e+00
1715.000000 0.000000e+00
1720.000000 0.000000e+00
1725.000000 0.000000e+00
1730.000000 0.000000e+00
1735.000000 0.000000e+00
1740.000000 0.000000e+00
1745.000000 0.000000e+00
1750.000000 0.000000e+00
1755.000000 0.000000e+00
1760.000000 0.000000e+00
1765.000000 0.000000e+00
1770.000000 0.000000e+00
1775.000000 0.000000e+00
1780.000000 0.000000e+00
1785.000000 0.000000e+00
1790.000000 0.000000e+00
1795.000000 0.000000e+00
1800.000000 0.000000e+00
1805.000000 0.000000e+00
1810.000000 0.000000e+00
1815.000000 0.000000e+00
1820.000000 0.000000e+00
1825.000000 0.000000e+00
1830.000000 0.000000e+00
1835.000000 0.000000e+00
1840.000000 0.000000e+00
1845.000000 0.000000e+00
1850.000000 0.000000e+00
1855.000000 0.000000e+00
1860.000000 0.000000e+00
1865.000000 0.000000e+00
1870.000000 0.000000e+00
1875.000000 0.000000e+00
1880.000000 0.000000e+00
1885.000000 0.000000e+00
1890.000000 0.000000e+00
1895.000000 0.000000e+00
1900.000000 0.000000e+00
1905.000000 0.000000e+00
1910.000000 0.000000e+00
1915.000000 0.000000e+00
1920.000000 0.000000e+00
1925.000000 0.000000e+00
1930.000000 0.000000e+00
1935.000000 0.000000e+00
1940.000000 0.000000e+00
1945.000000 0.000000e+00
1950.000000 0.000000e+00
1955.000000 0.000000e+00
1960.000000 0.000000e+00
1965.000000 0.000000e+00
1970.000000 0.000000e+00
1975.000000 0.000000e+00
1980.000000 0.000000e+00
1985.000000 0.000000e+00
1990.000000 0.000000e+00
1995.000000 0.000000e+00
2000.000000 0.000000e+00
2005.000000 0.000000e+00
2010.000000 0.000000e+00
2015.000000 0.000000e+00
2020.000000 0.000000e+00
2025.000000 0.000000e+00
2030.000000 0.000000e+00
2035.000000 0.000000e+00
2040.000000 0.000000e+00
2045.000000 0.000000e+00
2050.000000 0.000000e+00
2055.000000 0.000000e+00
2060.000000 0.000000e+00
2065.000000 0.000000e+00
2070.000000 0.000000e+00
2075.000000 0.000000e+00
2080.000000 0.000000e+00
2085.000000 0.000000e+00
2090.000000 0.000000e+00
2095.000000 0.000000e+00
2100.000000 0.000000e+00
2105.000000 0.000000e+00
2110.000000 0.000000e+00
2115.000000 0.000000e+00
2120.000000 0.000000e+00
2125.000000 0.000000e+00
2130.000000 0.000000e+00
2135.000000 0.000000e+00
2140.000000 0.000000e+00
2145.000000 0.000000e+00
2150.000000 0.000000e+00
2155.000000 0.000000e+00
2160.000000 0.000000e+00
2165.000000 0.000000e+00
2170.000000 0.000000e+00
2175.000000 0.000000e+00
2180.000000 0.000000e+00
2185.000000 0.000000e+00
2190.000000 0.000000e+00
2195.000000 0.000000e+00
2200.000000 0.000000e+00
2205.000000 0.000000e+00
2210.000000 0.000000e+00
2215.000000 0.000000e+00
2220.000000 0.000000e+00
2225.000000 0.000000e+00
2230.000000 0.000000e+00
2235.000000 0.000000e+00
2240.000000 0.000000e+00
2245.000000 0.000000e+00
2250.000000 0.000000e+00
2255.000000 0.000000e+00
2260.000000 0.000000e+00
2265.000000 0.000000e+00
2270.000000 0.000000e+00
2275.000000 0.000000e+00
2280.000000 0.000000e+00
2285.000000 0.000000e+00
2290.000000 0.000000e+00
2295.000000 0.000000e+00
2300.000000 0.000000e+00
2305.000000 0.000000e+00
2310.000000 0.000000e+00
2315.000000 0.000000e+00
2320.000000 0.000000e+00
2325.000000 0.000000e+00
2330.000000 0.000000e+00
2335.000000 0.000000e+00
2340.000000 0.000000e+00
2345.000000 0.000000e+00
2350.000000 0.000000e+00
2355.000000 0.000000e+00
2360.000000 0.000000e+00
2365.000000 0.000000e+00
2370.000000 0.000000e+00
2375.000000 0.000000e+00
2380.000000 0.000000e+00
2385.000000 0.000000e+00
2390.000000 0.000000e+00
2395.000000 0.000000e+00
2400.000000 0.000000e+00
2405.000000 0.000000e+00
2410.000000 0.000000e+00
2415.000000 0.000000e+00
2420.000000 0.000000e+00
2425.000000 0.000000e+00
2430.000000 0.000000e+00
2435.000000 0.000000e+00
2440.000000 0.000000e+00
2445.000000 0.000000e+00
2450.000000 0.000000e+00
2455.000000 0.000000e+00
2460.000000 0.000000e+00
2465.000000 0.000000e+00
2470.000000 0.000000e+00
2475.000000 0.000000e+00
2480.000000 0.000000e+00
2485.000000 0.000000e+00
2490.000000 0.000000e+00
2495.000000 0.000000e+00
2500.000000 0.000000e+00
2505.000000 0.000000e+00
2510.000000 0.000000e+00
2515.000000 0.000000e+00
2520.000000 0.000000e+00
2525.000000 0.000000e+00
2530.000000 0.000000e+00
2535.000000 0.000000e+00
2540.000000 0.000000e+00
2545.000000 0.000000e+00
2550.000000 0.000000e+00
2555.000000 0.000000e+00
2560.000000 0.000000e+00
2565.000000 0.000000e+00
2570.000000 0.000000e+00
2575.000000 0.000000e+00
2580.000000 0.000000e+00
2585.000000 0.000000e+00
2590.000000 0.000000e+00
2595.000000 0.000000e+00
2600.000000 0.000000e+00
2605.000000 0.000000e+00
2610.000000 0.000000e+00
2615.000000 0.000000e+00
2620.000000 0.000000e+00
2625.000000 0.000000e+00
2630.000000 0.000000e+00
2635.000000 0.000000e+00
2640.000000 0.000000e+00
2645.000000 0.000000e+00
2650.000000 0.000000e+00
2655.000000 0.000000e+00
2660.000000 0.000000e+00
2665.000000 0.000000e+00
2670.000000 0.000000e+00
2675.000000 0.000000e+00
2680.000000 0.000000e+00
2685.000000 0.000000e+00
2690.000000 0.000000e+00
2695.000000 0.000000e+00
2700.000000 0.000000e+00
2705.000000 0.000000e+00
2710.000000 0.000000e+00
2715.000000 0.000000e+00
2720.000000 0.000000e+00
2725.000000 0.000000e+00
2730.000000 0.000000e+00
2735.000000 0.000000e+00
2740.000000 0.000000e+00
2745.000000 0.000000e+00
2750.000000 4.733004e-16
2755.000000 3.781250e-15
2760.000000 8.034080e-15
2765.000000 1.464824e-14
2770.000000 1.889938e-14
2775.000000 2.220562e-14
2780.000000 2.267719e-14
2785.000000 2.220392e-14
2790.000000 1.842268e-14
2795.000000 1.086192e-14
2800.000000 1.414794e-15
2805.000000 0.000000e+00
2810.000000 0.000000e+00
2815.000000 0.000000e+00
2820.000000 0.000000e+00
2825.000000 0.000000e+00
2830.000000 0.000000e+00
2835.000000 0.000000e+00
2840.000000 0.000000e+00
2845.000000 0.000000e+00
2850.000000 7.572329e-15
2855.000000 6.144559e-14
2860.000000 1.285339e-13
2865.000000 1.956190e-13
2870.000000 2.556150e-13
2875.000000 3.023777e-13
2880.000000 3.212619e-13
2885.000000 3.084908e-13
2890.000000 2.546125e-13
2895.000000 1.515974e-13
2900.000000 1.980834e-14
2905.000000 0.000000e+00
2910.000000 0.000000e+00
2915.000000 0.000000e+00
2920.000000 0.000000e+00
2925.000000 0.000000e+00
2930.000000 0.000000e+00
2935.000000 0.000000e+00
2940.000000 0.000000e+00
2945.000000 0.000000e+00
2950.000000 1.045866e-13
2955.000000 8.635519e-13
2960.000000 1.917655e-12
2965.000000 3.161196e-12
2970.000000 4.563936e-12
2975.000000 6.098474e-12
2980.000000 7.735519e-12
2985.000000 9.447201e-12
2990.000000 1.120092e-11
2995.000000 1.296690e-11
3000.000000 1.472061e-11
3005.000000 1.643601e-11
3010.000000 1.810606e-11
3015.000000 1.972699e-11
3020.000000 2.129500e-11
3025.000000 2.280678e-11
3030.000000 2.426142e-11
3035.000000 2.565556e-11
3040.000000 2.698546e-11
3045.000000 2.824780e-11
3050.000000 2.944259e-11
3055.000000 3.057690e-11
3060.000000 3.168145e-11
3065.000000 3.279406e-11
3070.000000 3.395581e-11
3075.000000 3.520782e-11
3080.000000 3.658889e-11
3085.000000 3.813997e-11
3090.000000 3.990223e-11
3095.000000 4.191449e-11
3100.000000 4.421633e-11
3105.000000 4.683384e-11
3110.000000 4.975550e-11
3115.000000 5.295454e-11
3120.000000 5.640902e-11
3125.000000 6.009090e-11
3130.000000 6.397344e-11
3135.000000 6.803277e-11
3140.000000 7.224043e-11
3145.000000 7.657224e-11
3150.000000 8.100103e-11
3155.000000 8.924443e-11
3160.000000 1.152148e-10
3165.000000 1.163317e-10
3170.000000 1.133482e-10
3175.000000 1.118208e-10
3180.000000 1.126517e-10
3185.000000 1.161668e-10
3190.000000 1.209378e-10
3195.000000 1.256470e-10
3200.000000 1.306306e-10
3205.000000 1.178406e-10
3210.000000 1.066116e-10
3215.000000 1.095330e-10
3220.000000 1.162848e-10
3225.000000 1.153451e-10
3230.000000 1.134387e-10
3235.000000 1.194725e-10
3240.000000 1.294582e-10
3245.000000 1.373762e-10
3250.000000 1.451357e-10
3255.000000 1.558750e-10
3260.000000 1.677017e-10
3265.000000 1.779347e-10
3270.000000 1.869300e-10
3275.000000 1.946012e-10
3280.000000 1.967745e-10
3285.000000 1.912646e-10
3290.000000 1.851989e-10
3295.000000 1.870606e-10
3300.000000 1.992059e-10
3305.000000 2.187636e-10
3310.000000 2.357623e-10
3315.000000 2.424732e-10
3320.000000 2.438607e-10
3325.000000 2.476073e-10
3330.000000 2.556055e-10
3335.000000 2.656483e-10
3340.000000 2.711203e-10
3345.000000 2.674506e-10
3350.000000 2.594649e-10
3355.000000 2.530853e-10
3360.000000 2.478953e-10
3365.000000 2.433955e-10
3370.000000 2.452060e-10
3375.000000 2.577672e-10
3380.000000 2.760282e-10
3385.000000 2.920556e-10
3390.000000 3.001486e-10
3395.000000 2.985344e-10
3400.000000 2.933449e-10
3405.000000 2.931725e-10
3410.000000 3.047642e-10
3415.000000 3.276534e-10
3420.000000 3.448894e-10
3425.000000 3.413594e-10
3430.000000 3.231647e-10
3435.000000 3.033289e-10
3440.000000 2.914012e-10
3445.000000 2.921683e-10
3450.000000 3.019091e-10
3455.000000 3.135067e-10
3460.000000 3.195662e-10
3465.000000 3.176066e-10
3470.000000 3.176496e-10
3475.000000 3.277596e-10
3480.000000 3.389200e-10
3485.000000 3.422760e-10
3490.000000 3.463028e-10
3495.000000 3.597464e-10
3500.000000 3.745182e-10
3505.000000 3.813177e-10
3510.000000 3.842099e-10
3515.000000 3.655181e-10
3520.000000 3.506481e-10
3525.000000 3.482187e-10
3530.000000 3.773318e-10
3535.000000 4.313787e-10
3540.000000 4.753370e-10
3545.000000 4.893747e-10
3550.000000 4.763024e-10
3555.000000 4.474242e-10
3560.000000 4.105573e-10
3565.000000 3.653308e-10
3570.000000 3.225651e-10
3575.000000 2.939980e-10
3580.000000 2.773789e-10
3585.000000 2.840151e-10
3590.000000 3.125537e-10
3595.000000 3.455604e-10
3600.000000 3.630733e-10
3605.000000 3.515244e-10
3610.000000 3.469134e-10
3615.000000 3.754421e-10
3620.000000 4.026427e-10
3625.000000 4.217291e-10
3630.000000 4.166411e-10
3635.000000 4.061487e-10
3640.000000 4.084426e-10
3645.000000 3.982487e-10
3650.000000 4.043684e-10
3655.000000 4.485005e-10
3660.000000 4.995416e-10
3665.000000 5.228069e-10
3670.000000 5.118854e-10
3675.000000 4.879233e-10
3680.000000 4.683355e-10
3685.000000 4.665043e-10
3690.000000 4.884239e-10
3695.000000 5.174348e-10
3700.000000 5.128837e-10
3705.000000 4.696936e-10
3710.000000 4.449337e-10
3715.000000 4.264815e-10
3720.000000 3.749230e-10
3725.000000 3.491247e-10
3730.000000 3.390664e-10
3735.000000 3.101028e-10
3740.000000 2.984751e-10
3745.000000 3.035870e-10
3750.000000 3.346153e-10
3755.000000 3.971501e-10
3760.000000 4.462103e-10
3765.000000 4.881744e-10
3770.000000 5.488441e-10
3775.000000 6.017921e-10
3780.000000 6.151872e-10
3785.000000 5.895491e-10
3790.000000 5.542096e-10
3795.000000 5.405532e-10
3800.000000 5.556076e-10
3805.000000 5.784770e-10
3810.000000 5.618758e-10
3815.000000 4.965151e-10
3820.000000 4.193125e-10
3825.000000 3.773534e-10
3830.000000 3.861182e-10
3835.000000 4.203777e-10
3840.000000 4.694194e-10
3845.000000 5.267947e-10
3850.000000 5.356622e-10
3855.000000 4.837768e-10
3860.000000 4.544302e-10
3865.000000 5.001556e-10
3870.000000 5.460792e-10
3875.000000 5.413986e-10
3880.000000 5.244233e-10
3885.000000 5.185911e-10
3890.000000 5.341085e-10
3895.000000 5.528624e-10
3900.000000 5.634204e-10
3905.000000 5.951808e-10
3910.000000 6.354431e-10
3915.000000 6.360118e-10
3920.000000 5.751139e-10
3925.000000 4.922247e-10
3930.000000 4.262878e-10
3935.000000 4.069031e-10
3940.000000 4.275042e-10
3945.000000 4.726178e-10
3950.000000 5.401886e-10
3955.000000 5.386561e-10
3960.000000 4.537156e-10
3965.000000 4.169171e-10
3970.000000 4.914628e-10
3975.000000 6.327388e-10
3980.000000 7.563786e-10
3985.000000 8.299803e-10
3990.000000 8.724588e-10
3995.000000 8.987756e-10
4000.000000 9.270190e-10
4005.000000 9.679629e-10
4010.000000 1.012257e-09
4015.000000 1.041846e-09
4020.000000 1.033170e-09
4025.000000 9.915578e-10
4030.000000 9.396712e-10
4035.000000 9.469837e-10
4040.000000 1.000756e-09
4045.000000 1.019600e-09
4050.000000 1.059350e-09
4055.000000 1.096692e-09
4060.000000 1.068229e-09
4065.000000 1.021172e-09
4070.000000 1.005523e-09
4075.000000 1.018151e-09
4080.000000 1.061744e-09
4085.000000 1.117379e-09
4090.000000 1.125282e-09
4095.000000 1.073411e-09
4100.000000 1.026769e-09
4105.000000 1.021085e-09
4110.000000 1.027495e-09
4115.000000 1.046082e-09
4120.000000 1.087146e-09
4125.000000 1.115147e-09
4130.000000 1.100699e-09
4135.000000 1.082515e-09
4140.000000 1.076439e-09
4145.000000 1.088056e-09
4150.000000 1.143847e-09
4155.000000 1.202949e-09
4160.000000 1.230474e-09
4165.000000 1.211622e-09
4170.000000 1.171034e-09
4175.000000 1.164215e-09
4180.000000 1.190182e-09
4185.000000 1.199371e-09
4190.000000 1.189765e-09
4195.000000 1.162943e-09
4200.000000 1.120126e-09
4205.000000 1.097033e-09
4210.000000 1.054689e-09
4215.000000 9.226777e-10
4220.000000 7.061540e-10
4225.000000 5.175200e-10
4230.000000 5.157960e-10
4235.000000 6.824840e-10
4240.000000 8.493583e-10
4245.000000 9.242016e-10
4250.000000 9.116213e-10
4255.000000 8.974017e-10
4260.000000 9.508895e-10
4265.000000 1.007310e-09
4270.000000 9.947565e-10
4275.000000 9.813289e-10
4280.000000 1.023307e-09
4285.000000 1.032772e-09
4290.000000 1.009446e-09
4295.000000 1.014370e-09
4300.000000 1.020292e-09
4305.000000 1.045243e-09
4310.000000 1.125106e-09
4315.000000 1.217284e-09
4320.000000 1.271409e-09
4325.000000 1.311997e-09
4330.000000 1.373382e-09
4335.000000 1.413489e-09
4340.000000 1.416182e-09
4345.000000 1.419252e-09
4350.000000 1.401239e-09
4355.000000 1.378410e-09
4360.000000 1.403383e-09
4365.000000 1.449439e-09
4370.000000 1.461610e-09
4375.000000 1.424217e-09
4380.000000 1.368818e-09
4385.000000 1.369972e-09
4390.000000 1.453479e-09
4395.000000 1.528318e-09
4400.000000 1.528243e-09
4405.000000 1.500968e-09
4410.000000 1.547450e-09
4415.000000 1.630706e-09
4420.000000 1.657072e-09
4425.000000 1.624596e-09
4430.000000 1.608254e-09
4435.000000 1.646335e-09
4440.000000 1.744309e-09
4445.000000 1.823885e-09
4450.000000 1.777522e-09
4455.000000 1.667125e-09
4460.000000 1.691602e-09
4465.000000 1.852035e-09
4470.000000 2.000679e-09
4475.000000 2.075758e-09
4480.000000 2.098060e-09
4485.000000 2.119536e-09
4490.000000 2.147074e-09
4495.000000 2.172746e-09
4500.000000 2.226926e-09
4505.000000 2.273368e-09
4510.000000 2.256612e-09
4515.000000 2.232465e-09
4520.000000 2.219590e-09
4525.000000 2.149100e-09
4530.000000 2.029464e-09
4535.000000 2.011066e-09
4540.000000 2.153628e-09
4545.000000 2.251878e-09
4550.000000 2.269292e-09
4555.000000 2.351580e-09
4560.000000 2.510304e-09
4565.000000 2.633703e-09
4570.000000 2.667736e-09
4575.000000 2.624821e-09
4580.000000 2.537207e-09
4585.000000 2.480551e-09
4590.000000 2.490744e-09
4595.000000 2.530469e-09
4600.000000 2.550370e-09
4605.000000 2.592218e-09
4610.000000 2.676639e-09
4615.000000 2.740590e-09
4620.000000 2.734697e-09
4625.000000 2.660979e-09
4630.000000 2.584314e-09
4635.000000 2.540720e-09
4640.000000 2.519165e-09
4645.000000 2.501485e-09
4650.000000 2.484222e-09
4655.000000 2.544092e-09
4660.000000 2.667433e-09
4665.000000 2.633121e-09
4670.000000 2.490993e-09
4675.000000 2.460992e-09
4680.000000 2.457869e-09
4685.000000 2.464663e-09
4690.000000 2.527191e-09
4695.000000 2.583810e-09
4700.000000 2.603798e-09
4705.000000 2.595568e-09
4710.000000 2.587595e-09
4715.000000 2.575601e-09
4720.000000 2.570005e-09
4725.000000 2.568942e-09
4730.000000 2.569573e-09
4735.000000 2.564772e-09
4740.000000 2.555229e-09
4745.000000 2.589961e-09
4750.000000 2.625786e-09
4755.000000 2.559680e-09
4760.000000 2.342357e-09
4765.000000 2.083766e-09
4770.000000 1.940958e-09
4775.000000 1.882231e-09
4780.000000 1.862773e-09
4785.000000 1.938666e-09
4790.000000 2.104687e-09
4795.000000 2.272570e-09
4800.000000 2.353907e-09
4805.000000 2.323311e-09
4810.000000 2.257836e-09
4815.000000 2.255391e-09
4820.000000 2.281628e-09
4825.000000 2.283614e-09
4830.000000 2.291707e-09
4835.000000 2.336936e-09
4840.000000 2.367405e-09
4845.000000 2.364089e-09
4850.000000 2.378088e-09
4855.000000 2.394295e-09
4860.000000 2.413802e-09
4865.000000 2.437129e-09
4870.000000 2.452727e-09
4875.000000 2.469726e-09
4880.000000 2.501092e-09
4885.000000 2.535100e-09
4890.000000 2.593292e-09
4895.000000 2.677776e-09
4900.000000 2.745868e-09
4905.000000 2.827496e-09
4910.000000 2.907097e-09
4915.000000 2.880579e-09
4920.000000 2.826221e-09
4925.000000 2.900049e-09
4930.000000 3.012973e-09
4935.000000 3.010883e-09
4940.000000 2.984751e-09
4945.000000 3.061051e-09
4950.000000 3.051168e-09
4955.000000 2.723106e-09
4960.000000 2.348222e-09
4965.000000 2.259834e-09
4970.000000 2.370016e-09
4975.000000 2.462220e-09
4980.000000 2.429293e-09
4985.000000 2.387045e-09
4990.000000 2.407742e-09
4995.000000 2.399183e-09
5000.000000 2.322475e-09
5005.000000 2.229733e-09
5010.000000 2.176686e-09
5015.000000 2.178343e-09
5020.000000 2.227619e-09
5025.000000 2.290321e-09
5030.000000 2.341120e-09
5035.000000 2.339154e-09
5040.000000 2.317811e-09
5045.000000 2.369385e-09
5050.000000 2.420816e-09
5055.000000 2.420692e-09
5060.000000 2.412539e-09
5065.000000 2.376303e-09
5070.000000 2.347620e-09
5075.000000 2.361106e-09
5080.000000 2.362755e-09
5085.000000 2.368323e-09
5090.000000 2.408831e-09
5095.000000 2.420047e-09
5100.000000 2.354166e-09
5105.000000 2.290287e-09
5110.000000 2.338693e-09
5115.000000 2.431314e-09
5120.000000 2.429615e-09
5125.000000 2.349678e-09
5130.000000 2.347637e-09
5135.000000 2.454092e-09
5140.000000 2.517819e-09
5145.000000 2.467628e-09
5150.000000 2.388322e-09
5155.000000 2.433973e-09
5160.000000 2.565148e-09
5165.000000 2.417931e-09
5170.000000 1.997421e-09
5175.000000 1.747252e-09
5180.000000 1.764611e-09
5185.000000 1.957922e-09
5190.000000 2.247911e-09
5195.000000 2.457523e-09
5200.000000 2.443872e-09
5205.000000 2.241217e-09
5210.000000 2.267278e-09
5215.000000 2.692860e-09
5220.000000 3.079248e-09
5225.000000 3.194036e-09
5230.000000 3.258394e-09
5235.000000 3.367456e-09
5240.000000 3.388849e-09
5245.000000 3.303601e-09
5250.000000 3.242844e-09
5255.000000 3.265911e-09
5260.000000 3.181648e-09
5265.000000 2.948355e-09
5270.000000 2.882019e-09
5275.000000 3.118368e-09
5280.000000 3.377154e-09
5285.000000 3.514339e-09
5290.000000 3.580324e-09
5295.000000 3.531810e-09
5300.000000 3.486829e-09
5305.000000 3.579059e-09
5310.000000 3.677931e-09
5315.000000 3.708458e-09
5320.000000 3.650555e-09
5325.000000 3.489167e-09
5330.000000 3.394892e-09
5335.000000 3.470056e-09
5340.000000 3.542738e-09
5345.000000 3.572608e-09
5350.000000 3.670203e-09
5355.000000 3.813380e-09
5360.000000 3.870810e-09
5365.000000 3.809174e-09
5370.000000 3.734626e-09
5375.000000 3.811845e-09
5380.000000 3.983101e-09
5385.000000 4.066622e-09
5390.000000 4.008573e-09
5395.000000 3.892872e-09
5400.000000 3.827360e-09
5405.000000 3.782088e-09
5410.000000 3.803407e-09
5415.000000 3.968947e-09
5420.000000 4.130449e-09
5425.000000 4.117812e-09
5430.000000 3.984326e-09
5435.000000 3.949977e-09
5440.000000 4.023463e-09
5445.000000 3.893255e-09
5450.000000 3.525092e-09
5455.000000 3.275346e-09
5460.000000 3.280815e-09
5465.000000 3.410919e-09
5470.000000 3.531039e-09
5475.000000 3.575392e-09
5480.000000 3.616356e-09
5485.000000 3.703801e-09
5490.000000 3.774241e-09
5495.000000 3.737662e-09
5500.000000 3.589299e-09
5505.000000 3.481387e-09
5510.000000 3.449189e-09
5515.000000 3.486552e-09
5520.000000 3.641353e-09
5525.000000 3.774676e-09
5530.000000 3.803291e-09
5535.000000 3.808710e-09
5540.000000 3.837985e-09
5545.000000 3.881959e-09
5550.000000 3.939992e-09
5555.000000 3.980382e-09
5560.000000 3.962394e-09
5565.000000 3.904995e-09
5570.000000 3.901073e-09
5575.000000 3.961905e-09
5580.000000 3.988191e-09
5585.000000 3.890535e-09
5590.000000 3.745690e-09
5595.000000 3.607882e-09
5600.000000 3.500949e-09
5605.000000 3.545425e-09
5610.000000 3.666902e-09
5615.000000 3.692211e-09
5620.000000 3.673201e-09
5625.000000 3.687805e-09
5630.000000 3.712080e-09
5635.000000 3.751110e-09
5640.000000 3.797000e-09
5645.000000 3.859509e-09
5650.000000 3.969432e-09
5655.000000 4.047517e-09
5660.000000 4.010694e-09
5665.000000 3.928087e-09
5670.000000 3.898985e-09
5675.000000 3.948841e-09
5680.000000 4.026890e-09
5685.000000 4.065023e-09
5690.000000 4.100157e-09
5695.000000 4.155408e-09
5700.000000 4.172228e-09
5705.000000 4.190433e-09
5710.000000 4.225984e-09
5715.000000 4.270894e-09
5720.000000 4.317170e-09
5725.000000 4.329884e-09
5730.000000 4.350818e-09
5735.000000 4.420250e-09
5740.000000 4.492796e-09
5745.000000 4.576564e-09
5750.000000 4.666382e-09
5755.000000 4.681995e-09
5760.000000 4.553701e-09
5765.000000 4.396663e-09
5770.000000 4.358903e-09
5775.000000 4.390942e-09
5780.000000 4.421592e-09
5785.000000 4.463602e-09
5790.000000 4.556134e-09
5795.000000 4.693399e-09
5800.000000 4.810340e-09
5805.000000 4.793980e-09
5810.000000 4.688219e-09
5815.000000 4.500279e-09
5820.000000 4.405638e-09
5825.000000 4.412678e-09
5830.000000 4.484997e-09
5835.000000 4.524907e-09
5840.000000 4.541068e-09
5845.000000 4.503097e-09
5850.000000 4.320501e-09
5855.000000 4.119524e-09
5860.000000 3.996014e-09
5865.000000 3.937563e-09
5870.000000 3.870115e-09
5875.000000 3.749776e-09
5880.000000 3.471941e-09
5885.000000 2.925416e-09
5890.000000 2.173767e-09
5895.000000 1.915907e-09
5900.000000 2.302728e-09
5905.000000 2.996617e-09
5910.000000 3.381694e-09
5915.000000 3.567843e-09
5920.000000 3.622379e-09
5925.000000 3.658520e-09
5930.000000 3.759387e-09
5935.000000 3.861479e-09
5940.000000 3.969356e-09
5945.000000 4.024709e-09
5950.000000 3.974682e-09
5955.000000 3.893885e-09
5960.000000 3.875063e-09
5965.000000 3.933634e-09
5970.000000 3.990630e-09
5975.000000 4.019845e-09
5980.000000 4.059935e-09
5985.000000 4.141492e-09
5990.000000 4.225201e-09
5995.000000 4.338990e-09
6000.000000 4.374586e-09
6005.000000 4.277164e-09
6010.000000 4.313697e-09
6015.000000 4.378788e-09
6020.000000 4.430104e-09
6025.000000 4.517531e-09
6030.000000 4.610007e-09
6035.000000 4.642743e-09
6040.000000 4.639205e-09
6045.000000 4.727798e-09
6050.000000 4.803047e-09
6055.000000 4.790714e-09
6060.000000 4.767922e-09
6065.000000 4.761449e-09
6070.000000 4.823761e-09
6075.000000 4.869680e-09
6080.000000 4.863344e-09
6085.000000 4.830941e-09
6090.000000 4.867723e-09
6095.000000 4.915790e-09
6100.000000 4.813951e-09
6105.000000 4.705862e-09
6110.000000 4.863463e-09
6115.000000 4.895327e-09
6120.000000 4.656025e-09
6125.000000 4.543953e-09
6130.000000 4.868780e-09
6135.000000 4.993296e-09
6140.000000 5.005055e-09
6145.000000 5.083569e-09
6150.000000 5.000854e-09
6155.000000 4.730378e-09
6160.000000 4.273431e-09
6165.000000 3.885516e-09
6170.000000 3.922630e-09
6175.000000 4.083156e-09
6180.000000 4.183141e-09
6185.000000 4.100814e-09
6190.000000 3.928969e-09
6195.000000 3.871480e-09
6200.000000 3.927647e-09
6205.000000 3.984491e-09
6210.000000 3.952765e-09
6215.000000 3.770260e-09
6220.000000 3.619880e-09
6225.000000 3.532692e-09
6230.000000 3.512577e-09
6235.000000 3.575592e-09
6240.000000 3.621087e-09
6245.000000 3.664156e-09
6250.000000 3.765148e-09
6255.000000 3.826482e-09
6260.000000 3.870064e-09
6265.000000 3.975805e-09
6270.000000 4.052888e-09
6275.000000 4.069804e-09
6280.000000 4.089675e-09
6285.000000 4.220308e-09
6290.000000 4.353458e-09
6295.000000 4.421662e-09
6300.000000 4.516435e-09
6305.000000 4.637447e-09
6310.000000 4.777134e-09
6315.000000 4.882191e-09
6320.000000 4.957932e-09
6325.000000 5.024527e-09
6330.000000 5.093407e-09
6335.000000 5.154812e-09
6340.000000 5.218206e-09
6345.000000 5.286589e-09
6350.000000 5.308030e-09
6355.000000 5.245406e-09
6360.000000 5.121100e-09
6365.000000 5.073512e-09
6370.000000 5.087125e-09
6375.000000 5.060191e-09
6380.000000 4.928484e-09
6385.000000 4.856677e-09
6390.000000 4.936973e-09
6395.000000 5.118896e-09
6400.000000 5.302396e-09
6405.000000 5.451698e-09
6410.000000 5.565635e-09
6415.000000 5.591627e-09
6420.000000 5.594292e-09
6425.000000 5.626274e-09
6430.000000 5.663564e-09
6435.000000 5.639910e-09
6440.000000 5.614705e-09
6445.000000 5.736791e-09
6450.000000 5.794743e-09
6455.000000 5.855678e-09
6460.000000 5.880413e-09
6465.000000 5.861656e-09
6470.000000 5.986111e-09
6475.000000 6.067328e-09
6480.000000 6.104397e-09
6485.000000 6.040916e-09
6490.000000 5.974419e-09
6495.000000 5.846478e-09
6500.000000 5.896342e-09
6505.000000 6.136682e-09
6510.000000 6.280259e-09
6515.000000 6.338738e-09
6520.000000 6.384542e-09
6525.000000 6.457516e-09
6530.000000 6.500980e-09
6535.000000 6.529482e-09
6540.000000 6.544540e-09
6545.000000 6.462615e-09
6550.000000 6.353750e-09
6555.000000 6.268855e-09
6560.000000 6.214406e-09
6565.000000 6.148942e-09
6570.000000 6.150635e-09
6575.000000 6.147473e-09
6580.000000 6.216951e-09
6585.000000 6.269981e-09
6590.000000 6.260013e-09
6595.000000 6.193346e-09
6600.000000 6.184264e-09
6605.000000 6.174307e-09
6610.000000 6.149944e-09
6615.000000 6.124285e-09
6620.000000 6.068198e-09
6625.000000 5.978840e-09
6630.000000 5.931208e-09
6635.000000 5.918832e-09
6640.000000 5.887705e-09
6645.000000 5.846045e-09
6650.000000 5.724639e-09
6655.000000 5.577796e-09
6660.000000 5.502903e-09
6665.000000 5.503114e-09
6670.000000 5.543971e-09
6675.000000 5.490009e-09
6680.000000 5.327140e-09
6685.000000 5.186409e-09
6690.000000 5.158935e-09
6695.000000 5.155469e-09
6700.000000 5.168368e-09
6705.000000 5.192745e-09
6710.000000 5.133082e-09
6715.000000 4.957304e-09
6720.000000 4.787430e-09
6725.000000 4.766705e-09
6730.000000 4.802754e-09
6735.000000 4.852882e-09
6740.000000 4.875010e-09
6745.000000 4.832057e-09
6750.000000 4.753399e-09
6755.000000 4.745922e-09
6760.000000 4.797127e-09
6765.000000 4.826162e-09
6770.000000 4.824855e-09
6775.000000 4.825158e-09
6780.000000 4.767230e-09
6785.000000 4.637088e-09
6790.000000 4.570373e-09
6795.000000 4.561564e-09
6800.000000 4.570124e-09
6805.000000 4.603760e-09
6810.000000 4.586696e-09
6815.000000 4.576867e-09
6820.000000 4.557396e-09
6825.000000 4.581950e-09
6830.000000 4.610059e-09
6835.000000 4.650557e-09
6840.000000 4.782633e-09
6845.000000 4.816405e-09
6850.000000 4.827720e-09
6855.000000 4.837783e-09
6860.000000 4.849158e-09
6865.000000 4.864477e-09
6870.000000 4.886444e-09
6875.000000 4.917838e-09
6880.000000 4.961246e-09
6885.000000 5.017759e-09
6890.000000 5.084430e-09
6895.000000 5.156801e-09
6900.000000 5.230363e-09
6905.000000 5.301794e-09
6910.000000 5.370830e-09
6915.000000 5.438389e-09
6920.000000 5.505422e-09
6925.000000 5.571954e-09
6930.000000 5.635552e-09
6935.000000 5.692914e-09
6940.000000 5.740756e-09
6945.000000 5.777404e-09
6950.000000 5.805280e-09
6955.000000 5.828433e-09
6960.000000 5.850871e-09
6965.000000 5.875400e-09
6970.000000 5.892212e-09
6975.000000 5.859685e-09
6980.000000 5.863222e-09
6985.000000 5.906668e-09
6990.000000 5.926211e-09
6995.000000 5.938907e-09
7000.000000 5.997708e-09
7005.000000 6.048844e-09
7010.000000 6.112313e-09
7015.000000 6.198865e-09
7020.000000 6.264938e-09
7025.000000 6.320760e-09
7030.000000 6.423603e-09
7035.000000 6.537578e-09
7040.000000 6.638889e-09
7045.000000 6.748410e-09
7050.000000 6.679747e-09
7055.000000 6.316174e-09
7060.000000 5.995652e-09
7065.000000 5.920231e-09
7070.000000 5.979748e-09
7075.000000 6.029201e-09
7080.000000 5.998138e-09
7085.000000 5.844547e-09
7090.000000 5.530215e-09
7095.000000 5.390950e-09
7100.000000 5.415112e-09
7105.000000 5.489741e-09
7110.000000 5.568866e-09
7115.000000 5.613839e-09
7120.000000 5.592478e-09
7125.000000 5.339053e-09
7130.000000 4.993549e-09
7135.000000 4.961433e-09
7140.000000 5.144045e-09
7145.000000 5.234375e-09
7150.000000 5.296930e-09
7155.000000 5.472067e-09
7160.000000 5.567609e-09
7165.000000 5.588563e-09
7170.000000 5.630941e-09
7175.000000 5.648930e-09
7180.000000 5.679355e-09
7185.000000 5.719460e-09
7190.000000 5.733196e-09
7195.000000 5.780961e-09
7200.000000 5.724651e-09
7205.000000 5.683345e-09
7210.000000 5.786975e-09
7215.000000 5.952113e-09
7220.000000 6.071472e-09
7225.000000 6.141785e-09
7230.000000 6.176479e-09
7235.000000 6.182261e-09
7240.000000 6.230978e-09
7245.000000 6.273558e-09
7250.000000 6.376599e-09
7255.000000 6.448170e-09
7260.000000 6.548040e-09
7265.000000 6.602864e-09
7270.000000 6.669842e-09
7275.000000 6.706966e-09
7280.000000 6.781100e-09
7285.000000 6.879735e-09
7290.000000 6.905194e-09
7295.000000 6.957048e-09
7300.000000 7.047067e-09
7305.000000 7.061884e-09
7310.000000 7.109398e-09
7315.000000 7.168143e-09
7320.000000 7.191127e-09
7325.000000 7.161682e-09
7330.000000 7.163994e-09
7335.000000 7.259143e-09
7340.000000 7.301554e-09
7345.000000 7.147289e-09
7350.000000 7.146108e-09
7355.000000 7.118150e-09
7360.000000 7.105498e-09
7365.000000 7.199189e-09
7370.000000 7.323628e-09
7375.000000 7.407331e-09
7380.000000 7.441110e-09
7385.000000 7.456880e-09
7390.000000 7.451615e-09
7395.000000 7.450883e-09
7400.000000 7.444148e-09
7405.000000 7.474751e-09
7410.000000 7.532607e-09
7415.000000 7.536498e-09
7420.000000 7.544131e-09
7425.000000 7.556245e-09
7430.000000 7.600307e-09
7435.000000 7.639822e-09
7440.000000 7.648554e-09
7445.000000 7.613255e-09
7450.000000 7.614901e-09
7455.000000 7.669908e-09
7460.000000 7.663157e-09
7465.000000 7.625413e-09
7470.000000 7.688751e-09
7475.000000 7.727056e-09
7480.000000 7.753803e-09
7485.000000 7.757428e-09
7490.000000 7.727418e-09
7495.000000 7.703925e-09
7500.000000 7.753203e-09
7505.000000 7.779601e-09
7510.000000 7.751852e-09
7515.000000 7.760305e-09
7520.000000 7.787216e-09
7525.000000 7.787715e-09
7530.000000 7.783943e-09
7535.000000 7.820860e-09
7540.000000 7.874959e-09
7545.000000 7.885736e-09
7550.000000 7.820511e-09
7555.000000 7.793751e-09
7560.000000 7.776109e-09
7565.000000 7.765180e-09
7570.000000 7.784890e-09
7575.000000 7.773674e-09
7580.000000 7.757553e-09
7585.000000 7.743140e-09
7590.000000 7.730700e-09
7595.000000 7.720491e-09
7600.000000 7.712790e-09
7605.000000 7.707598e-09
7610.000000 7.704452e-09
7615.000000 7.702607e-09
7620.000000 7.701320e-09
7625.000000 7.699895e-09
7630.000000 7.697555e-09
7635.000000 7.693604e-09
7640.000000 7.687234e-09
7645.000000 7.677794e-09
7650.000000 7.664519e-09
7655.000000 7.647067e-09
7660.000000 7.625992e-09
7665.000000 7.602138e-09
7670.000000 7.576450e-09
7675.000000 7.549802e-09
7680.000000 7.523108e-09
7685.000000 7.497279e-09
7690.000000 7.473252e-09
7695.000000 7.451889e-09
7700.000000 7.434115e-09
7705.000000 7.420466e-09
7710.000000 7.410720e-09
7715.000000 7.404324e-09
7720.000000 7.400095e-09
7725.000000 7.394479e-09
7730.000000 7.398155e-09
7735.000000 7.447853e-09
7740.000000 7.452224e-09
7745.000000 7.374602e-09
7750.000000 7.259169e-09
7755.000000 7.251575e-09
7760.000000 7.303548e-09
7765.000000 7.339879e-09
7770.000000 7.389485e-09
7775.000000 7.443229e-09
7780.000000 7.456660e-09
7785.000000 7.408048e-09
7790.000000 7.401397e-09
7795.000000 7.452727e-09
7800.000000 7.483470e-09
7805.000000 7.540445e-09
7810.000000 7.593021e-09
7815.000000 7.622480e-09
7820.000000 7.605716e-09
7825.000000 7.551968e-09
7830.000000 7.485444e-09
7835.000000 7.440699e-09
7840.000000 7.487350e-09
7845.000000 7.561448e-09
7850.000000 7.608071e-09
7855.000000 7.632006e-09
7860.000000 7.657031e-09
7865.000000 7.683451e-09
7870.000000 7.703099e-09
7875.000000 7.723379e-09
7880.000000 7.766278e-09
7885.000000 7.807278e-09
7890.000000 7.824147e-09
7895.000000 7.847808e-09
7900.000000 7.852653e-09
7905.000000 7.817677e-09
7910.000000 7.773662e-09
7915.000000 7.769187e-09
7920.000000 7.805545e-09
7925.000000 7.843918e-09
7930.000000 7.878836e-09
7935.000000 7.918987e-09
7940.000000 7.889261e-09
7945.000000 7.865776e-09
7950.000000 7.884605e-09
7955.000000 7.967334e-09
7960.000000 7.979533e-09
7965.000000 8.033010e-09
7970.000000 8.078404e-09
7975.000000 8.073737e-09
7980.000000 8.050829e-09
7985.000000 8.070991e-09
7990.000000 8.073921e-09
7995.000000 8.051701e-09
8000.000000 8.026013e-09
8005.000000 8.064782e-09
8010.000000 8.110449e-09
8015.000000 8.137402e-09
8020.000000 8.144629e-09
8025.000000 8.106534e-09
8030.000000 8.115431e-09
8035.000000 8.169585e-09
8040.000000 8.187207e-09
8045.000000 8.158697e-09
8050.000000 8.163619e-09
8055.000000 8.229608e-09
8060.000000 8.254163e-09
8065.000000 8.241263e-09
8070.000000 8.217943e-09
8075.000000 8.222954e-09
8080.000000 8.242590e-09
8085.000000 8.228529e-09
8090.000000 8.202731e-09
8095.000000 8.175095e-09
8100.000000 8.123572e-09
8105.000000 8.143622e-09
8110.000000 8.178571e-09
8115.000000 8.147685e-09
8120.000000 8.164496e-09
8125.000000 8.206872e-09
8130.000000 8.184942e-09
8135.000000 8.128595e-09
8140.000000 8.100562e-09
8145.000000 8.041945e-09
8150.000000 7.973780e-09
8155.000000 7.909517e-09
8160.000000 7.837488e-09
8165.000000 7.764114e-09
8170.000000 7.802920e-09
8175.000000 7.765657e-09
8180.000000 7.599202e-09
8185.000000 7.416503e-09
8190.000000 7.462144e-09
8195.000000 7.389584e-09
8200.000000 7.474474e-09
8205.000000 7.752422e-09
8210.000000 7.881472e-09
8215.000000 7.894164e-09
8220.000000 7.868778e-09
8225.000000 7.818406e-09
8230.000000 7.794895e-09
8235.000000 7.926074e-09
8240.000000 8.059098e-09
8245.000000 8.126226e-09
8250.000000 8.193864e-09
8255.000000 8.187206e-09
8260.000000 8.176879e-09
8265.000000 8.187667e-09
8270.000000 8.090378e-09
8275.000000 7.971421e-09
8280.000000 7.910885e-09
8285.000000 7.885058e-09
8290.000000 7.875581e-09
8295.000000 7.887745e-09
8300.000000 7.933243e-09
8305.000000 7.928448e-09
8310.000000 7.928136e-09
8315.000000 7.941252e-09
8320.000000 7.935530e-09
8325.000000 7.902674e-09
8330.000000 7.865573e-09
8335.000000 7.890457e-09
8340.000000 7.911749e-09
8345.000000 7.938953e-09
8350.000000 7.948067e-09
8355.000000 7.927084e-09
8360.000000 7.932235e-09
8365.000000 7.924513e-09
8370.000000 7.981447e-09
8375.000000 8.000603e-09
8380.000000 7.952334e-09
8385.000000 7.922702e-09
8390.000000 7.947582e-09
8395.000000 8.057313e-09
8400.000000 8.089664e-09
8405.000000 8.149250e-09
8410.000000 8.101445e-09
8415.000000 8.037275e-09
8420.000000 8.037888e-09
8425.000000 7.975320e-09
8430.000000 7.841912e-09
8435.000000 7.665785e-09
8440.000000 7.698840e-09
8445.000000 7.943780e-09
8450.000000 7.982660e-09
8455.000000 7.940458e-09
8460.000000 7.941541e-09
8465.000000 7.919420e-09
8470.000000 7.847886e-09
8475.000000 7.931510e-09
8480.000000 8.020272e-09
8485.000000 8.042239e-09
8490.000000 7.968115e-09
8495.000000 7.735042e-09
8500.000000 7.509385e-09
8505.000000 7.740374e-09
8510.000000 7.886602e-09
8515.000000 7.786208e-09
8520.000000 7.780344e-09
8525.000000 7.877175e-09
8530.000000 7.870884e-09
8535.000000 7.650032e-09
8540.000000 7.105109e-09
8545.000000 6.849758e-09
8550.000000 7.429524e-09
8555.000000 7.869422e-09
8560.000000 8.014359e-09
8565.000000 8.057121e-09
8570.000000 8.071792e-09
8575.000000 8.088447e-09
8580.000000 8.093234e-09
8585.000000 8.089408e-09
8590.000000 8.116645e-09
8595.000000 8.121468e-09
8600.000000 8.131255e-09
8605.000000 8.169200e-09
8610.000000 8.173021e-09
8615.000000 8.147434e-09
8620.000000 8.153338e-09
8625.000000 8.170550e-09
8630.000000 8.176829e-09
8635.000000 8.176039e-09
8640.000000 8.188537e-09
8645.000000 8.181627e-09
8650.000000 8.133622e-09
8655.000000 7.920956e-09
8660.000000 7.450724e-09
8665.000000 7.219815e-09
8670.000000 7.698047e-09
8675.000000 7.954408e-09
8680.000000 7.977488e-09
8685.000000 7.919125e-09
8690.000000 7.751746e-09
8695.000000 7.864264e-09
8700.000000 8.051439e-09
8705.000000 8.130924e-09
8710.000000 8.123966e-09
8715.000000 8.101336e-09
8720.000000 8.106719e-09
8725.000000 8.139831e-09
8730.000000 8.146059e-09
8735.000000 8.122692e-09
8740.000000 8.111940e-09
8745.000000 8.169521e-09
8750.000000 8.182536e-09
8755.000000 8.160702e-09
8760.000000 8.129903e-09
8765.000000 8.108435e-09
8770.000000 8.075300e-09
8775.000000 8.069221e-09
8780.000000 8.116563e-09
8785.000000 8.180366e-09
8790.000000 8.187985e-09
8795.000000 8.149449e-09
8800.000000 8.069078e-09
8805.000000 7.840761e-09
8810.000000 7.831727e-09
8815.000000 8.071229e-09
8820.000000 8.085645e-09
8825.000000 7.965699e-09
8830.000000 8.036244e-09
8835.000000 8.143194e-09
8840.000000 8.152843e-09
8845.000000 8.152382e-09
8850.000000 8.171735e-09
8855.000000 8.170599e-09
8860.000000 8.093544e-09
8865.000000 8.006293e-09
8870.000000 7.960361e-09
8875.000000 7.953534e-09
8880.000000 8.023658e-09
8885.000000 8.069311e-09
8890.000000 8.078485e-09
8895.000000 8.072758e-09
8900.000000 8.088009e-09
8905.000000 8.150053e-09
8910.000000 8.131257e-09
8915.000000 8.118098e-09
8920.000000 8.102879e-09
8925.000000 8.022574e-09
8930.000000 7.989059e-09
8935.000000 7.977272e-09
8940.000000 7.957053e-09
8945.000000 7.914191e-09
8950.000000 7.869294e-09
8955.000000 7.861629e-09
8960.000000 7.873728e-09
8965.000000 7.835770e-09
8970.000000 7.834064e-09
8975.000000 7.836870e-09
8980.000000 7.804017e-09
8985.000000 7.765180e-09
8990.000000 7.657172e-09
8995.000000 7.738522e-09
9000.000000 7.720001e-09
9005.000000 7.748230e-09
9010.000000 7.812049e-09
9015.000000 7.844065e-09
9020.000000 7.899828e-09
9025.000000 7.970482e-09
9030.000000 8.071065e-09
9035.000000 8.229428e-09
9040.000000 8.292217e-09
9045.000000 8.291155e-09
9050.000000 8.250675e-09
9055.000000 8.172211e-09
9060.000000 8.091193e-09
9065.000000 7.987012e-09
9070.000000 7.890265e-09
9075.000000 7.893363e-09
9080.000000 7.930140e-09
9085.000000 7.924832e-09
9090.000000 7.936711e-09
9095.000000 8.054999e-09
9100.000000 8.125106e-09
9105.000000 8.150036e-09
9110.000000 8.196261e-09
9115.000000 8.194374e-09
9120.000000 8.111317e-09
9125.000000 8.121314e-09
9130.000000 8.085299e-09
9135.000000 8.013260e-09
9140.000000 8.029446e-09
9145.000000 8.078856e-09
9150.000000 8.013427e-09
9155.000000 7.944420e-09
9160.000000 8.015612e-09
9165.000000 8.111564e-09
9170.000000 8.150584e-09
9175.000000 8.151386e-09
9180.000000 8.262740e-09
9185.000000 8.344191e-09
9190.000000 8.416464e-09
9195.000000 8.480919e-09
9200.000000 8.509475e-09
9205.000000 8.493190e-09
9210.000000 8.473928e-09
9215.000000 8.467233e-09
9220.000000 8.476283e-09
9225.000000 8.488501e-09
9230.000000 8.483635e-09
9235.000000 8.454269e-09
9240.000000 8.470323e-09
9245.000000 8.452468e-09
9250.000000 8.427038e-09
9255.000000 8.397519e-09
9260.000000 8.358981e-09
9265.000000 8.309630e-09
9270.000000 8.252468e-09
9275.000000 8.192306e-09
9280.000000 8.133926e-09
9285.000000 8.080490e-09
9290.000000 8.031096e-09
9295.000000 7.983217e-09
9300.000000 7.934553e-09
9305.000000 7.886745e-09
9310.000000 7.851580e-09
9315.000000 7.844824e-09
9320.000000 7.881563e-09
9325.000000 7.966785e-09
9330.000000 8.079016e-09
9335.000000 8.186678e-09
9340.000000 8.258449e-09
9345.000000 8.275423e-09
9350.000000 8.251249e-09
9355.000000 8.212063e-09
9360.000000 8.184402e-09
9365.000000 8.187806e-09
9370.000000 8.223388e-09
9375.000000 8.285271e-09
9380.000000 8.366499e-09
9385.000000 8.456287e-09
9390.000000 8.534124e-09
9395.000000 8.575719e-09
9400.000000 8.557583e-09
9405.000000 8.468790e-09
9410.000000 8.330688e-09
9415.000000 8.177092e-09
9420.000000 8.042219e-09
9425.000000 7.951870e-09
9430.000000 7.909916e-09
9435.000000 7.911829e-09
9440.000000 7.951908e-09
9445.000000 8.021333e-09
9450.000000 8.103106e-09
9455.000000 8.177063e-09
9460.000000 8.223508e-09
9465.000000 8.230345e-09
9470.000000 8.204880e-09
9475.000000 8.161969e-09
9480.000000 8.116852e-09
9485.000000 8.080854e-09
9490.000000 8.055212e-09
9495.000000 8.037261e-09
9500.000000 8.024116e-09
9505.000000 8.014331e-09
9510.000000 8.010135e-09
9515.000000 8.015282e-09
9520.000000 8.033337e-09
9525.000000 8.064919e-09
9530.000000 8.103047e-09
9535.000000 8.137781e-09
9540.000000 8.159307e-09
9545.000000 8.161860e-09
9550.000000 8.150204e-09
9555.000000 8.133169e-09
9560.000000 8.119723e-09
9565.000000 8.115459e-09
9570.000000 8.117077e-09
9575.000000 8.117964e-09
9580.000000 8.111426e-09
9585.000000 8.094308e-09
9590.000000 8.072471e-09
9595.000000 8.055246e-09
9600.000000 8.051908e-09
9605.000000 8.066949e-09
9610.000000 8.092704e-09
9615.000000 8.116841e-09
9620.000000 8.127073e-09
9625.000000 8.116691e-09
9630.000000 8.093625e-09
9635.000000 8.071306e-09
9640.000000 8.063322e-09
9645.000000 8.078434e-09
9650.000000 8.113031e-09
9655.000000 8.158755e-09
9660.000000 8.206832e-09
9665.000000 8.249379e-09
9670.000000 8.280446e-09
9675.000000 8.294937e-09
9680.000000 8.288112e-09
9685.000000 8.258482e-09
9690.000000 8.212951e-09
9695.000000 8.161596e-09
9700.000000 8.114566e-09
9705.000000 8.079292e-09
9710.000000 8.056004e-09
9715.000000 8.042205e-09
9720.000000 8.035196e-09
9725.000000 8.032848e-09
9730.000000 8.034648e-09
9735.000000 8.040667e-09
9740.000000 8.051047e-09
9745.000000 8.065505e-09
9750.000000 8.082985e-09
9755.000000 8.101985e-09
9760.000000 8.120969e-09
9765.000000 8.138617e-09
9770.000000 8.154093e-09
9775.000000 8.166899e-09
9780.000000 8.176575e-09
9785.000000 8.183716e-09
9790.000000 8.191472e-09
9795.000000 8.203961e-09
9800.000000 8.225214e-09
9805.000000 8.256422e-09
9810.000000 8.291698e-09
9815.000000 8.322401e-09
9820.000000 8.339962e-09
9825.000000 8.339154e-09
9830.000000 8.323513e-09
9835.000000 8.299967e-09
9840.000000 8.275518e-09
9845.000000 8.254896e-09
9850.000000 8.236791e-09
9855.000000 8.217912e-09
9860.000000 8.195580e-09
9865.000000 8.167796e-09
9870.000000 8.133814e-09
9875.000000 8.093387e-09
9880.000000 8.046411e-09
9885.000000 7.993576e-09
9890.000000 7.937874e-09
9895.000000 7.883167e-09
9900.000000 7.833362e-09
9905.000000 7.792199e-09
9910.000000 7.762908e-09
9915.000000 7.748528e-09
9920.000000 7.751811e-09
9925.000000 7.772795e-09
9930.000000 7.804551e-09
9935.000000 7.837405e-09
9940.000000 7.861813e-09
9945.000000 7.871649e-09
9950.000000 7.869808e-09
9955.000000 7.862823e-09
9960.000000 7.857547e-09
9965.000000 7.858795e-09
9970.000000 7.865337e-09
9975.000000 7.873711e-09
9980.000000 7.880387e-09
9985.000000 7.883516e-09
9990.000000 7.885586e-09
9995.000000 7.890764e-09
10000.000000 7.903139e-09
10005.000000 7.924157e-09
10010.000000 7.948459e-09
10015.000000 7.968028e-09
10020.000000 7.975053e-09
10025.000000 7.965571e-09
10030.000000 7.945841e-09
10035.000000 7.926101e-09
10040.000000 7.916527e-09
10045.000000 7.923773e-09
10050.000000 7.945006e-09
10055.000000 7.973773e-09
10060.000000 8.003431e-09
10065.000000 8.028669e-09
10070.000000 8.047811e-09
10075.000000 8.060431e-09
10080.000000 8.066372e-09
10085.000000 8.065945e-09
10090.000000 8.060806e-09
10095.000000 8.053050e-09
10100.000000 8.044838e-09
10105.000000 8.037444e-09
10110.000000 8.030107e-09
10115.000000 8.021216e-09
10120.000000 8.009250e-09
10125.000000 7.993916e-09
10130.000000 7.978090e-09
10135.000000 7.965945e-09
10140.000000 7.961511e-09
10145.000000 7.966598e-09
10150.000000 7.977143e-09
10155.000000 7.986902e-09
10160.000000 7.989598e-09
10165.000000 7.981420e-09
10170.000000 7.964777e-09
10175.000000 7.944552e-09
10180.000000 7.925705e-09
10185.000000 7.911943e-09
10190.000000 7.903717e-09
10195.000000 7.900127e-09
10200.000000 7.900216e-09
10205.000000 7.903099e-09
10210.000000 7.908175e-09
10215.000000 7.914916e-09
10220.000000 7.922722e-09
10225.000000 7.930322e-09
10230.000000 7.934545e-09
10235.000000 7.931558e-09
10240.000000 7.917703e-09
10245.000000 7.891718e-09
10250.000000 7.858814e-09
10255.000000 7.826642e-09
10260.000000 7.802798e-09
10265.000000 7.792083e-09
10270.000000 7.791985e-09
10275.000000 7.797268e-09
10280.000000 7.802473e-09
10285.000000 7.803354e-09
10290.000000 7.798709e-09
10295.000000 7.788453e-09
10300.000000 7.772750e-09
10305.000000 7.752329e-09
10310.000000 7.729569e-09
10315.000000 7.707394e-09
10320.000000 7.688802e-09
10325.000000 7.675924e-09
10330.000000 7.668814e-09
10335.000000 7.666758e-09
10340.000000 7.668929e-09
10345.000000 7.674529e-09
10350.000000 7.682729e-09
10355.000000 7.692784e-09
10360.000000 7.703658e-09
10365.000000 7.714309e-09
10370.000000 7.723523e-09
10375.000000 7.729999e-09
10380.000000 7.732575e-09
10385.000000 7.731351e-09
10390.000000 7.729694e-09
10395.000000 7.732329e-09
10400.000000 7.743746e-09
10405.000000 7.766081e-09
10410.000000 7.795146e-09
10415.000000 7.824262e-09
10420.000000 7.846802e-09
10425.000000 7.858752e-09
10430.000000 7.862816e-09
10435.000000 7.864349e-09
10440.000000 7.868685e-09
10445.000000 7.878890e-09
10450.000000 7.892131e-09
10455.000000 7.903329e-09
10460.000000 7.907463e-09
10465.000000 7.901400e-09
10470.000000 7.886819e-09
10475.000000 7.867236e-09
10480.000000 7.846347e-09
10485.000000 7.827587e-09
10490.000000 7.813820e-09
10495.000000 7.807635e-09
10500.000000 7.811461e-09
10505.000000 7.825868e-09
10510.000000 7.846761e-09
10515.000000 7.868229e-09
10520.000000 7.884377e-09
10525.000000 7.891202e-09
10530.000000 7.889803e-09
10535.000000 7.883169e-09
10540.000000 7.874422e-09
10545.000000 7.866229e-09
10550.000000 7.859845e-09
10555.000000 7.856058e-09
10560.000000 7.855562e-09
10565.000000 7.858688e-09
10570.000000 7.864703e-09
10575.000000 7.872493e-09
10580.000000 7.880942e-09
10585.000000 7.888565e-09
10590.000000 7.893203e-09
10595.000000 7.892432e-09
10600.000000 7.883822e-09
10605.000000 7.866135e-09
10610.000000 7.840711e-09
10615.000000 7.810130e-09
10620.000000 5.836429e-09
