1150.000000 0.000000e+00
1155.000000 0.000000e+00
1160.000000 0.000000e+00
1165.000000 0.000000e+00
1170.000000 0.000000e+00
1175.000000 0.000000e+00
1180.000000 0.000000e+00
1185.000000 0.000000e+00
1190.000000 0.000000e+00
1195.000000 0.000000e+00
1200.000000 0.000000e+00
1205.000000 0.000000e+00
1210.000000 0.000000e+00
1215.000000 0.000000e+00
1220.000000 0.000000e+00
1225.000000 0.000000e+00
1230.000000 0.000000e+00
1235.000000 0.000000e+00
1240.000000 0.000000e+00
1245.000000 0.000000e+00
1250.000000 0.000000e+00
1255.000000 0.000000e+00
1260.000000 0.000000e+00
1265.000000 0.000000e+00
1270.000000 0.000000e+00
1275.000000 0.000000e+00
1280.000000 0.000000e+00
1285.000000 0.000000e+00
1290.000000 0.000000e+00
1295.000000 0.000000e+00
1300.000000 0.000000e+00
1305.000000 0.000000e+00
1310.000000 0.000000e+00
1315.000000 0.000000e+00
1320.000000 0.000000e+00
1325.000000 0.000000e+00
1330.000000 0.000000e+00
1335.000000 0.000000e+00
1340.000000 0.000000e+00
1345.000000 0.000000e+00
1350.000000 0.000000e+00
1355.000000 0.000000e+00
1360.000000 0.000000e+00
1365.000000 0.000000e+00
1370.000000 0.000000e+00
1375.000000 0.000000e+00
1380.000000 0.000000e+00
1385.000000 0.000000e+00
1390.000000 0.000000e+00
1395.000000 0.000000e+00
1400.000000 0.000000e+00
1405.000000 0.000000e+00
1410.000000 0.000000e+00
1415.000000 0.000000e+00
1420.000000 0.000000e+00
1425.000000 0.000000e+00
1430.000000 0.000000e+00
1435.000000 0.000000e+00
1440.000000 0.000000e+00
1445.000000 0.000000e+00
1450.000000 0.000000e+00
1455.000000 0.000000e+00
1460.000000 0.000000e+00
1465.000000 0.000000e+00
1470.000000 0.000000e+00
1475.000000 0.000000e+00
1480.000000 0.000000e+00
1485.000000 0.000000e+00
1490.000000 0.000000e+00
1495.000000 0.000000e+00
1500.000000 0.000000e+00
1505.000000 0.000000e+00
1510.000000 0.000000e+00
1515.000000 0.000000e+00
1520.000000 0.000000e+00
1525.000000 0.000000e+00
1530.000000 0.000000e+00
1535.000000 0.000000e+00
1540.000000 0.000000e+00
1545.000000 0.000000e+00
1550.000000 0.000000e+00
1555.000000 0.000000e+00
1560.000000 0.000000e+00
1565.000000 0.000000e+00
1570.000000 0.000000e+00
1575.000000 0.000000e+00
1580.000000 0.000000e+00
1585.000000 0.000000e+00
1590.000000 0.000000e+00
1595.000000 0.000000e+00
1600.000000 0.000000e+00
1605.000000 0.000000e+00
1610.000000 0.000000e+00
1615.000000 0.000000e+00
1620.000000 0.000000e+00
1625.000000 0.000000e+00
1630.000000 0.000000e+00
1635.000000 0.000000e+00
1640.000000 0.000000e+00
1645.000000 0.000000e+00
1650.000000 0.000000e+00
1655.000000 0.000000e+00
1660.000000 0.000000e+00
1665.000000 0.000000e+00
1670.000000 0.000000e+00
1675.000000 0.000000e+00
1680.000000 0.000000e+00
1685.000000 0.000000e+00
1690.000000 0.000000e+00
1695.000000 0.000000e+00
1700.000000 0.000000e+00
1705.000000 0.000000e+00
1710.000000 0.000000e+00
1715.000000 0.000000e+00
1720.000000 0.000000e+00
1725.000000 0.000000e+00
1730.000000 0.000000e+00
1735.000000 0.000000e+00
1740.000000 0.000000e+00
1745.000000 0.000000e+00
1750.000000 0.000000e+00
1755.000000 0.000000e+00
1760.000000 0.000000e+00
1765.000000 0.000000e+00
1770.000000 0.000000e+00
1775.000000 0.000000e+00
1780.000000 0.000000e+00
1785.000000 0.000000e+00
1790.000000 0.000000e+00
1795.000000 0.000000e+00
1800.000000 0.000000e+00
1805.000000 0.000000e+00
1810.000000 0.000000e+00
1815.000000 0.000000e+00
1820.000000 0.000000e+00
1825.000000 0.000000e+00
1830.000000 0.000000e+00
1835.000000 0.000000e+00
1840.000000 0.000000e+00
1845.000000 0.000000e+00
1850.000000 0.000000e+00
1855.000000 0.000000e+00
1860.000000 0.000000e+00
1865.000000 0.000000e+00
1870.000000 0.000000e+00
1875.000000 0.000000e+00
1880.000000 0.000000e+00
1885.000000 0.000000e+00
1890.000000 0.000000e+00
1895.000000 0.000000e+00
1900.000000 0.000000e+00
1905.000000 0.000000e+00
1910.000000 0.000000e+00
1915.000000 0.000000e+00
1920.000000 0.000000e+00
1925.000000 0.000000e+00
1930.000000 0.000000e+00
1935.000000 0.000000e+00
1940.000000 0.000000e+00
1945.000000 0.000000e+00
1950.000000 0.000000e+00
1955.000000 0.000000e+00
1960.000000 0.000000e+00
1965.000000 0.000000e+00
1970.000000 0.000000e+00
1975.000000 0.000000e+00
1980.000000 0.000000e+00
1985.000000 0.000000e+00
1990.000000 0.000000e+00
1995.000000 0.000000e+00
2000.000000 0.000000e+00
2005.000000 0.000000e+00
2010.000000 0.000000e+00
2015.000000 0.000000e+00
2020.000000 0.000000e+00
2025.000000 0.000000e+00
2030.000000 0.000000e+00
2035.000000 0.000000e+00
2040.000000 0.000000e+00
2045.000000 0.000000e+00
2050.000000 0.000000e+00
2055.000000 0.000000e+00
2060.000000 0.000000e+00
2065.000000 0.000000e+00
2070.000000 0.000000e+00
2075.000000 0.000000e+00
2080.000000 0.000000e+00
2085.000000 0.000000e+00
2090.000000 0.000000e+00
2095.000000 0.000000e+00
2100.000000 0.000000e+00
2105.000000 0.000000e+00
2110.000000 0.000000e+00
2115.000000 0.000000e+00
2120.000000 0.000000e+00
2125.000000 0.000000e+00
2130.000000 0.000000e+00
2135.000000 0.000000e+00
2140.000000 0.000000e+00
2145.000000 0.000000e+00
2150.000000 4.625523e-16
2155.000000 3.693976e-15
2160.000000 6.923256e-15
2165.000000 7.846218e-15
2170.000000 1.107763e-14
2175.000000 1.430693e-14
2180.000000 1.476733e-14
2185.000000 1.430480e-14
2190.000000 1.107340e-14
2195.000000 6.919041e-15
2200.000000 9.208613e-16
2205.000000 0.000000e+00
2210.000000 0.000000e+00
2215.000000 0.000000e+00
2220.000000 0.000000e+00
2225.000000 0.000000e+00
2230.000000 0.000000e+00
2235.000000 0.000000e+00
2240.000000 0.000000e+00
2245.000000 0.000000e+00
2250.000000 4.625048e-15
2255.000000 3.786384e-14
2260.000000 8.124487e-14
2265.000000 1.250843e-13
2270.000000 1.643050e-13
2275.000000 1.906023e-13
2280.000000 2.039758e-13
2285.000000 1.961176e-13
2290.000000 1.624145e-13
2295.000000 9.824995e-14
2300.000000 1.289334e-14
2305.000000 0.000000e+00
2310.000000 0.000000e+00
2315.000000 0.000000e+00
2320.000000 0.000000e+00
2325.000000 0.000000e+00
2330.000000 0.000000e+00
2335.000000 0.000000e+00
2340.000000 0.000000e+00
2345.000000 0.000000e+00
2350.000000 6.659441e-14
2355.000000 5.476299e-13
2360.000000 1.201143e-12
2365.000000 1.950627e-12
2370.000000 2.766088e-12
2375.000000 3.615220e-12
2380.000000 4.468030e-12
2385.000000 5.294973e-12
2390.000000 6.065606e-12
2395.000000 6.744851e-12
2400.000000 7.303630e-12
2405.000000 7.725349e-12
2410.000000 8.014635e-12
2415.000000 8.183011e-12
2420.000000 8.247569e-12
2425.000000 8.223529e-12
2430.000000 8.126128e-12
2435.000000 7.972429e-12
2440.000000 7.775823e-12
2445.000000 7.555223e-12
2450.000000 7.321708e-12
2455.000000 7.094208e-12
2460.000000 6.885174e-12
2465.000000 6.705679e-12
2470.000000 6.567255e-12
2475.000000 6.484223e-12
2480.000000 6.470414e-12
2485.000000 6.535065e-12
2490.000000 6.692018e-12
2495.000000 6.955587e-12
2500.000000 7.336826e-12
2505.000000 7.840359e-12
2510.000000 8.450941e-12
2515.000000 9.149655e-12
2520.000000 9.914352e-12
2525.000000 1.072058e-11
2530.000000 1.154801e-11
2535.000000 1.237313e-11
2540.000000 1.317840e-11
2545.000000 1.393980e-11
2550.000000 1.463614e-11
2555.000000 1.525865e-11
2560.000000 1.582395e-11
2565.000000 1.636295e-11
2570.000000 1.690611e-11
2575.000000 1.748576e-11
2580.000000 1.813233e-11
2585.000000 1.887768e-11
2590.000000 1.974900e-11
2595.000000 2.077635e-11
2600.000000 2.199337e-11
2605.000000 2.341527e-11
2610.000000 2.502039e-11
2615.000000 2.677361e-11
2620.000000 2.864076e-11
2625.000000 3.058595e-11
2630.000000 3.257543e-11
2635.000000 3.457452e-11
2640.000000 3.654271e-11
2645.000000 3.844996e-11
2650.000000 4.025931e-11
2655.000000 4.194509e-11
2660.000000 4.349650e-11
2665.000000 4.491736e-11
2670.000000 4.620667e-11
2675.000000 4.736859e-11
2680.000000 4.839906e-11
2685.000000 4.930019e-11
2690.000000 5.007502e-11
2695.000000 5.072146e-11
2700.000000 5.124292e-11
2705.000000 5.164848e-11
2710.000000 5.196227e-11
2715.000000 5.221380e-11
2720.000000 5.243573e-11
2725.000000 5.266092e-11
2730.000000 5.291987e-11
2735.000000 5.324523e-11
2740.000000 5.367028e-11
2745.000000 5.422733e-11
2750.000000 5.494277e-11
2755.000000 5.582976e-11
2760.000000 5.684505e-11
2765.000000 5.792999e-11
2770.000000 5.902232e-11
2775.000000 6.005878e-11
2780.000000 6.097432e-11
2785.000000 6.170794e-11
2790.000000 6.219558e-11
2795.000000 6.237870e-11
2800.000000 6.219582e-11
2805.000000 6.164872e-11
2810.000000 6.089379e-11
2815.000000 6.014528e-11
2820.000000 5.961978e-11
2825.000000 5.953967e-11
2830.000000 6.012103e-11
2835.000000 6.158214e-11
2840.000000 6.414567e-11
2845.000000 6.802832e-11
2850.000000 7.344022e-11
2855.000000 8.049386e-11
2860.000000 8.905193e-11
2865.000000 9.888573e-11
2870.000000 1.097476e-10
2875.000000 1.213983e-10
2880.000000 1.335953e-10
2885.000000 1.460950e-10
2890.000000 1.586541e-10
2895.000000 1.710324e-10
2900.000000 1.829902e-10
2905.000000 1.942972e-10
2910.000000 2.047672e-10
2915.000000 2.142262e-10
2920.000000 2.225034e-10
2925.000000 2.294257e-10
2930.000000 2.348224e-10
2935.000000 2.385180e-10
2940.000000 2.403415e-10
2945.000000 2.401208e-10
2950.000000 2.377012e-10
2955.000000 2.330682e-10
2960.000000 2.265994e-10
2965.000000 2.188139e-10
2970.000000 2.102485e-10
2975.000000 2.014373e-10
2980.000000 1.929170e-10
2985.000000 1.852238e-10
2990.000000 1.788902e-10
2995.000000 1.744545e-10
3000.000000 1.724356e-10
3005.000000 1.731624e-10
3010.000000 1.764947e-10
3015.000000 1.821076e-10
3020.000000 1.896528e-10
3025.000000 1.987878e-10
3030.000000 2.091676e-10
3035.000000 2.204476e-10
3040.000000 2.322839e-10
3045.000000 2.443286e-10
3050.000000 2.562429e-10
3055.000000 2.677637e-10
3060.000000 2.788002e-10
3065.000000 2.893279e-10
3070.000000 2.993380e-10
3075.000000 3.088163e-10
3080.000000 3.177486e-10
3085.000000 3.261204e-10
3090.000000 3.339221e-10
3095.000000 3.411357e-10
3100.000000 3.477546e-10
3105.000000 3.537976e-10
3110.000000 3.593667e-10
3115.000000 3.645923e-10
3120.000000 3.696085e-10
3125.000000 3.745496e-10
3130.000000 3.795511e-10
3135.000000 3.847473e-10
3140.000000 3.902717e-10
3145.000000 3.962561e-10
3150.000000 4.028317e-10
3155.000000 4.095556e-10
3160.000000 4.156568e-10
3165.000000 4.331761e-10
3170.000000 4.588774e-10
3175.000000 4.876579e-10
3180.000000 4.936236e-10
3185.000000 4.642836e-10
3190.000000 4.430455e-10
3195.000000 4.742002e-10
3200.000000 5.528530e-10
3205.000000 5.794759e-10
3210.000000 5.592563e-10
3215.000000 5.228922e-10
3220.000000 4.726889e-10
3225.000000 4.068977e-10
3230.000000 3.442218e-10
3235.000000 3.123820e-10
3240.000000 3.393428e-10
3245.000000 4.293928e-10
3250.000000 5.260631e-10
3255.000000 5.740696e-10
3260.000000 5.814245e-10
3265.000000 5.750049e-10
3270.000000 5.671323e-10
3275.000000 5.652482e-10
3280.000000 5.799058e-10
3285.000000 6.154494e-10
3290.000000 6.559663e-10
3295.000000 6.803045e-10
3300.000000 6.747113e-10
3305.000000 6.392715e-10
3310.000000 6.019184e-10
3315.000000 5.886656e-10
3320.000000 5.931919e-10
3325.000000 5.998180e-10
3330.000000 6.015176e-10
3335.000000 5.999950e-10
3340.000000 6.089235e-10
3345.000000 6.308615e-10
3350.000000 6.294972e-10
3355.000000 5.791760e-10
3360.000000 5.202848e-10
3365.000000 4.992670e-10
3370.000000 5.119793e-10
3375.000000 5.400048e-10
3380.000000 5.790757e-10
3385.000000 6.262004e-10
3390.000000 6.662541e-10
3395.000000 6.849017e-10
3400.000000 6.831228e-10
3405.000000 6.716603e-10
3410.000000 6.706106e-10
3415.000000 6.918548e-10
3420.000000 7.168797e-10
3425.000000 7.203006e-10
3430.000000 6.901415e-10
3435.000000 6.316771e-10
3440.000000 5.807603e-10
3445.000000 5.718008e-10
3450.000000 6.042840e-10
3455.000000 6.546836e-10
3460.000000 6.764730e-10
3465.000000 6.438550e-10
3470.000000 6.055096e-10
3475.000000 6.093501e-10
3480.000000 6.282641e-10
3485.000000 6.278403e-10
3490.000000 6.300401e-10
3495.000000 6.613732e-10
3500.000000 7.021004e-10
3505.000000 7.222380e-10
3510.000000 7.133860e-10
3515.000000 6.827888e-10
3520.000000 6.557335e-10
3525.000000 6.571513e-10
3530.000000 6.928029e-10
3535.000000 7.501326e-10
3540.000000 7.889138e-10
3545.000000 7.768912e-10
3550.000000 7.295077e-10
3555.000000 6.737855e-10
3560.000000 6.191855e-10
3565.000000 5.671672e-10
3570.000000 5.175703e-10
3575.000000 4.752376e-10
3580.000000 4.587542e-10
3585.000000 4.865228e-10
3590.000000 5.610887e-10
3595.000000 6.636875e-10
3600.000000 7.268652e-10
3605.000000 6.619975e-10
3610.000000 5.962878e-10
3615.000000 5.951872e-10
3620.000000 6.113892e-10
3625.000000 6.436495e-10
3630.000000 6.951065e-10
3635.000000 7.618134e-10
3640.000000 8.373144e-10
3645.000000 9.164778e-10
3650.000000 9.943595e-10
3655.000000 1.062222e-09
3660.000000 1.107373e-09
3665.000000 1.120461e-09
3670.000000 1.105606e-09
3675.000000 1.082800e-09
3680.000000 1.077492e-09
3685.000000 1.103042e-09
3690.000000 1.147000e-09
3695.000000 1.171724e-09
3700.000000 1.148266e-09
3705.000000 1.071006e-09
3710.000000 9.589771e-10
3715.000000 8.490983e-10
3720.000000 7.710197e-10
3725.000000 7.309380e-10
3730.000000 7.146885e-10
3735.000000 7.034880e-10
3740.000000 6.903411e-10
3745.000000 6.860887e-10
3750.000000 7.098843e-10
3755.000000 7.705572e-10
3760.000000 8.551878e-10
3765.000000 9.327815e-10
3770.000000 9.707862e-10
3775.000000 9.553996e-10
3780.000000 9.023160e-10
3785.000000 8.467496e-10
3790.000000 8.190058e-10
3795.000000 8.231766e-10
3800.000000 8.338590e-10
3805.000000 8.149545e-10
3810.000000 7.496249e-10
3815.000000 6.573549e-10
3820.000000 5.818405e-10
3825.000000 5.607724e-10
3830.000000 6.005352e-10
3835.000000 6.731279e-10
3840.000000 7.366381e-10
3845.000000 7.621230e-10
3850.000000 7.476488e-10
3855.000000 7.135819e-10
3860.000000 6.865010e-10
3865.000000 6.837228e-10
3870.000000 7.077516e-10
3875.000000 7.508283e-10
3880.000000 8.002002e-10
3885.000000 8.430145e-10
3890.000000 8.714805e-10
3895.000000 8.873702e-10
3900.000000 9.017020e-10
3905.000000 9.235411e-10
3910.000000 9.455776e-10
3915.000000 9.420064e-10
3920.000000 8.856769e-10
3925.000000 7.759958e-10
3930.000000 6.555126e-10
3935.000000 5.927395e-10
3940.000000 6.370623e-10
3945.000000 7.772147e-10
3950.000000 9.378140e-10
3955.000000 1.025643e-09
3960.000000 9.999396e-10
3965.000000 9.071648e-10
3970.000000 8.482720e-10
3975.000000 9.085067e-10
3980.000000 1.100618e-09
3985.000000 1.359182e-09
3990.000000 1.590475e-09
3995.000000 1.737419e-09
4000.000000 1.805563e-09
4005.000000 1.840041e-09
4010.000000 1.881241e-09
4015.000000 1.934327e-09
4020.000000 1.973994e-09
4025.000000 1.975487e-09
4030.000000 1.938598e-09
4035.000000 1.886181e-09
4040.000000 1.844699e-09
4045.000000 1.825476e-09
4050.000000 1.821707e-09
4055.000000 1.820245e-09
4060.000000 1.813911e-09
4065.000000 1.805531e-09
4070.000000 1.803883e-09
4075.000000 1.816744e-09
4080.000000 1.846267e-09
4085.000000 1.887290e-09
4090.000000 1.927041e-09
4095.000000 1.949225e-09
4100.000000 1.942459e-09
4105.000000 1.908818e-09
4110.000000 1.865573e-09
4115.000000 1.834804e-09
4120.000000 1.827222e-09
4125.000000 1.833876e-09
4130.000000 1.832722e-09
4135.000000 1.806498e-09
4140.000000 1.758472e-09
4145.000000 1.711259e-09
4150.000000 1.690119e-09
4155.000000 1.704954e-09
4160.000000 1.744716e-09
4165.000000 1.787299e-09
4170.000000 1.815382e-09
4175.000000 1.824605e-09
4180.000000 1.820340e-09
4185.000000 1.811102e-09
4190.000000 1.805557e-09
4195.000000 1.813630e-09
4200.000000 1.846019e-09
4205.000000 1.906195e-09
4210.000000 1.981805e-09
4215.000000 2.046490e-09
4220.000000 2.075148e-09
4225.000000 2.064179e-09
4230.000000 2.039304e-09
4235.000000 2.037064e-09
4240.000000 2.073575e-09
4245.000000 2.129132e-09
4250.000000 2.161324e-09
4255.000000 2.138944e-09
4260.000000 2.072135e-09
4265.000000 2.008739e-09
4270.000000 1.996221e-09
4275.000000 2.041150e-09
4280.000000 2.097845e-09
4285.000000 2.097778e-09
4290.000000 2.003270e-09
4295.000000 1.844233e-09
4300.000000 1.704852e-09
4305.000000 1.672318e-09
4310.000000 1.782190e-09
4315.000000 1.994947e-09
4320.000000 2.221459e-09
4325.000000 2.381484e-09
4330.000000 2.449682e-09
4335.000000 2.458664e-09
4340.000000 2.465272e-09
4345.000000 2.506638e-09
4350.000000 2.576577e-09
4355.000000 2.638360e-09
4360.000000 2.658449e-09
4365.000000 2.630207e-09
4370.000000 2.573349e-09
4375.000000 2.513914e-09
4380.000000 2.463748e-09
4385.000000 2.419590e-09
4390.000000 2.379037e-09
4395.000000 2.353171e-09
4400.000000 2.361603e-09
4405.000000 2.413110e-09
4410.000000 2.490376e-09
4415.000000 2.558097e-09
4420.000000 2.590437e-09
4425.000000 2.592430e-09
4430.000000 2.595479e-09
4435.000000 2.628145e-09
4440.000000 2.685844e-09
4445.000000 2.731034e-09
4450.000000 2.728113e-09
4455.000000 2.680195e-09
4460.000000 2.635090e-09
4465.000000 2.651580e-09
4470.000000 2.748841e-09
4475.000000 2.886534e-09
4480.000000 2.996796e-09
4485.000000 3.038149e-09
4490.000000 3.027175e-09
4495.000000 3.022344e-09
4500.000000 3.070410e-09
4505.000000 3.162256e-09
4510.000000 3.238700e-09
4515.000000 3.237579e-09
4520.000000 3.143278e-09
4525.000000 3.000939e-09
4530.000000 2.882804e-09
4535.000000 2.836543e-09
4540.000000 2.861023e-09
4545.000000 2.920600e-09
4550.000000 2.978215e-09
4555.000000 3.019898e-09
4560.000000 3.052819e-09
4565.000000 3.084636e-09
4570.000000 3.109393e-09
4575.000000 3.112271e-09
4580.000000 3.086110e-09
4585.000000 3.044383e-09
4590.000000 3.017760e-09
4595.000000 3.035814e-09
4600.000000 3.109105e-09
4605.000000 3.223218e-09
4610.000000 3.345159e-09
4615.000000 3.437192e-09
4620.000000 3.471921e-09
4625.000000 3.442894e-09
4630.000000 3.366363e-09
4635.000000 3.273851e-09
4640.000000 3.198189e-09
4645.000000 3.158641e-09
4650.000000 3.152947e-09
4655.000000 3.162778e-09
4660.000000 3.169019e-09
4665.000000 3.164771e-09
4670.000000 3.157118e-09
4675.000000 3.157293e-09
4680.000000 3.167555e-09
4685.000000 3.178209e-09
4690.000000 3.177747e-09
4695.000000 3.165631e-09
4700.000000 3.155745e-09
4705.000000 3.166912e-09
4710.000000 3.207323e-09
4715.000000 3.266398e-09
4720.000000 3.322133e-09
4725.000000 3.356599e-09
4730.000000 3.366833e-09
4735.000000 3.363219e-09
4740.000000 3.357711e-09
4745.000000 3.353992e-09
4750.000000 3.348381e-09
4755.000000 3.338587e-09
4760.000000 3.330541e-09
4765.000000 3.336240e-09
4770.000000 3.363810e-09
4775.000000 3.409417e-09
4780.000000 3.459115e-09
4785.000000 3.498581e-09
4790.000000 3.522276e-09
4795.000000 3.534884e-09
4800.000000 3.543858e-09
4805.000000 3.550691e-09
4810.000000 3.550445e-09
4815.000000 3.538472e-09
4820.000000 3.517269e-09
4825.000000 3.496491e-09
4830.000000 3.484826e-09
4835.000000 3.479651e-09
4840.000000 3.466161e-09
4845.000000 3.427001e-09
4850.000000 3.355652e-09
4855.000000 3.264075e-09
4860.000000 3.178283e-09
4865.000000 3.124153e-09
4870.000000 3.115403e-09
4875.000000 3.150493e-09
4880.000000 3.217510e-09
4885.000000 3.301280e-09
4890.000000 3.387029e-09
4895.000000 3.459455e-09
4900.000000 3.502542e-09
4905.000000 3.504693e-09
4910.000000 3.466473e-09
4915.000000 3.405112e-09
4920.000000 3.350013e-09
4925.000000 3.328934e-09
4930.000000 3.353862e-09
4935.000000 3.416325e-09
4940.000000 3.493628e-09
4945.000000 3.560899e-09
4950.000000 3.601420e-09
4955.000000 3.609880e-09
4960.000000 3.590207e-09
4965.000000 3.552626e-09
4970.000000 3.510660e-09
4975.000000 3.476903e-09
4980.000000 3.456424e-09
4985.000000 3.442004e-09
4990.000000 3.417587e-09
4995.000000 3.370590e-09
5000.000000 3.304558e-09
5005.000000 3.241357e-09
5010.000000 3.207381e-09
5015.000000 3.212062e-09
5020.000000 3.239438e-09
5025.000000 3.260921e-09
5030.000000 3.259756e-09
5035.000000 3.247597e-09
5040.000000 3.256769e-09
5045.000000 3.310753e-09
5050.000000 3.399572e-09
5055.000000 3.482162e-09
5060.000000 3.514645e-09
5065.000000 3.484234e-09
5070.000000 3.421499e-09
5075.000000 3.376601e-09
5080.000000 3.381441e-09
5085.000000 3.428677e-09
5090.000000 3.480724e-09
5095.000000 3.501112e-09
5100.000000 3.483385e-09
5105.000000 3.450834e-09
5110.000000 3.430312e-09
5115.000000 3.427210e-09
5120.000000 3.422067e-09
5125.000000 3.390695e-09
5130.000000 3.330693e-09
5135.000000 3.268305e-09
5140.000000 3.236508e-09
5145.000000 3.244969e-09
5150.000000 3.266882e-09
5155.000000 3.255039e-09
5160.000000 3.179048e-09
5165.000000 3.054612e-09
5170.000000 2.937643e-09
5175.000000 2.889037e-09
5180.000000 2.935389e-09
5185.000000 3.051852e-09
5190.000000 3.180484e-09
5195.000000 3.270907e-09
5200.000000 3.309065e-09
5205.000000 3.314842e-09
5210.000000 3.317552e-09
5215.000000 3.331238e-09
5220.000000 3.350485e-09
5225.000000 3.366995e-09
5230.000000 3.385214e-09
5235.000000 3.418765e-09
5240.000000 3.471422e-09
5245.000000 3.521466e-09
5250.000000 3.528901e-09
5255.000000 3.467009e-09
5260.000000 3.351651e-09
5265.000000 3.239192e-09
5270.000000 3.192995e-09
5275.000000 3.241372e-09
5280.000000 3.358447e-09
5285.000000 3.485619e-09
5290.000000 3.574443e-09
5295.000000 3.615180e-09
5300.000000 3.632685e-09
5305.000000 3.655720e-09
5310.000000 3.685654e-09
5315.000000 3.695074e-09
5320.000000 3.656986e-09
5325.000000 3.576044e-09
5330.000000 3.494823e-09
5335.000000 3.467563e-09
5340.000000 3.519327e-09
5345.000000 3.624515e-09
5350.000000 3.724300e-09
5355.000000 3.767330e-09
5360.000000 3.743243e-09
5365.000000 3.685470e-09
5370.000000 3.640480e-09
5375.000000 3.629450e-09
5380.000000 3.635828e-09
5385.000000 3.623922e-09
5390.000000 3.571583e-09
5395.000000 3.492605e-09
5400.000000 3.429994e-09
5405.000000 3.423298e-09
5410.000000 3.478767e-09
5415.000000 3.564550e-09
5420.000000 3.632303e-09
5425.000000 3.650457e-09
5430.000000 3.625630e-09
5435.000000 3.594916e-09
5440.000000 3.596160e-09
5445.000000 3.640518e-09
5450.000000 3.704629e-09
5455.000000 3.746810e-09
5460.000000 3.737545e-09
5465.000000 3.681340e-09
5470.000000 3.612836e-09
5475.000000 3.572780e-09
5480.000000 3.581287e-09
5485.000000 3.625940e-09
5490.000000 3.673496e-09
5495.000000 3.696088e-09
5500.000000 3.689147e-09
5505.000000 3.669719e-09
5510.000000 3.659630e-09
5515.000000 3.667586e-09
5520.000000 3.685191e-09
5525.000000 3.698949e-09
5530.000000 3.704639e-09
5535.000000 3.710244e-09
5540.000000 3.726789e-09
5545.000000 3.756122e-09
5550.000000 3.787408e-09
5555.000000 3.806504e-09
5560.000000 3.806970e-09
5565.000000 3.792097e-09
5570.000000 3.767931e-09
5575.000000 3.735302e-09
5580.000000 3.690779e-09
5585.000000 3.637150e-09
5590.000000 3.590557e-09
5595.000000 3.573925e-09
5600.000000 3.600369e-09
5605.000000 3.659815e-09
5610.000000 3.722218e-09
5615.000000 3.758828e-09
5620.000000 3.762817e-09
5625.000000 3.751580e-09
5630.000000 3.749490e-09
5635.000000 3.764868e-09
5640.000000 3.780765e-09
5645.000000 3.770485e-09
5650.000000 3.722800e-09
5655.000000 3.654759e-09
5660.000000 3.602500e-09
5665.000000 3.596385e-09
5670.000000 3.638525e-09
5675.000000 3.701406e-09
5680.000000 3.747681e-09
5685.000000 3.753386e-09
5690.000000 3.719901e-09
5695.000000 3.669486e-09
5700.000000 3.630217e-09
5705.000000 3.622714e-09
5710.000000 3.654270e-09
5715.000000 3.718828e-09
5720.000000 3.799281e-09
5725.000000 3.871351e-09
5730.000000 3.910748e-09
5735.000000 3.904133e-09
5740.000000 3.858000e-09
5745.000000 3.797680e-09
5750.000000 3.754572e-09
5755.000000 3.748083e-09
5760.000000 3.773812e-09
5765.000000 3.807199e-09
5770.000000 3.820674e-09
5775.000000 3.801330e-09
5780.000000 3.757931e-09
5785.000000 3.714298e-09
5790.000000 3.694020e-09
5795.000000 3.707396e-09
5800.000000 3.749125e-09
5805.000000 3.805138e-09
5810.000000 3.861958e-09
5815.000000 3.912598e-09
5820.000000 3.955913e-09
5825.000000 3.990792e-09
5830.000000 4.011405e-09
5835.000000 4.008946e-09
5840.000000 3.979717e-09
5845.000000 3.933738e-09
5850.000000 3.895734e-09
5855.000000 3.892144e-09
5860.000000 3.929657e-09
5865.000000 3.982720e-09
5870.000000 4.001542e-09
5875.000000 3.941283e-09
5880.000000 3.797290e-09
5885.000000 3.617679e-09
5890.000000 3.479120e-09
5895.000000 3.441729e-09
5900.000000 3.513034e-09
5905.000000 3.644590e-09
5910.000000 3.765359e-09
5915.000000 3.828042e-09
5920.000000 3.831636e-09
5925.000000 3.809235e-09
5930.000000 3.796353e-09
5935.000000 3.804621e-09
5940.000000 3.820861e-09
5945.000000 3.828079e-09
5950.000000 3.824341e-09
5955.000000 3.822846e-09
5960.000000 3.836401e-09
5965.000000 3.861700e-09
5970.000000 3.879180e-09
5975.000000 3.870332e-09
5980.000000 3.834685e-09
5985.000000 3.790965e-09
5990.000000 3.762157e-09
5995.000000 3.756565e-09
6000.000000 3.761180e-09
6005.000000 3.754221e-09
6010.000000 3.725415e-09
6015.000000 3.686848e-09
6020.000000 3.665802e-09
6025.000000 3.684592e-09
6030.000000 3.742338e-09
6035.000000 3.814111e-09
6040.000000 3.868120e-09
6045.000000 3.886346e-09
6050.000000 3.874308e-09
6055.000000 3.853784e-09
6060.000000 3.843968e-09
6065.000000 3.846824e-09
6070.000000 3.848250e-09
6075.000000 3.831745e-09
6080.000000 3.792660e-09
6085.000000 3.742844e-09
6090.000000 3.701848e-09
6095.000000 3.682703e-09
6100.000000 3.684428e-09
6105.000000 3.695402e-09
6110.000000 3.702516e-09
6115.000000 3.699002e-09
6120.000000 3.685991e-09
6125.000000 3.668476e-09
6130.000000 3.651006e-09
6135.000000 3.636372e-09
6140.000000 3.626197e-09
6145.000000 3.621367e-09
6150.000000 3.621486e-09
6155.000000 3.623958e-09
6160.000000 3.625525e-09
6165.000000 3.625357e-09
6170.000000 3.626971e-09
6175.000000 3.637263e-09
6180.000000 3.662224e-09
6185.000000 3.701552e-09
6190.000000 3.746475e-09
6195.000000 3.782001e-09
6200.000000 3.793025e-09
6205.000000 3.771972e-09
6210.000000 3.723956e-09
6215.000000 3.666406e-09
6220.000000 3.621197e-09
6225.000000 3.603577e-09
6230.000000 3.613761e-09
6235.000000 3.636602e-09
6240.000000 3.650987e-09
6245.000000 3.643859e-09
6250.000000 3.618140e-09
6255.000000 3.589885e-09
6260.000000 3.576796e-09
6265.000000 3.586004e-09
6270.000000 3.609685e-09
6275.000000 3.631597e-09
6280.000000 3.638721e-09
6285.000000 3.629185e-09
6290.000000 3.611599e-09
6295.000000 3.597573e-09
6300.000000 3.593833e-09
6305.000000 3.599079e-09
6310.000000 3.607905e-09
6315.000000 3.616705e-09
6320.000000 3.626721e-09
6325.000000 3.641968e-09
6330.000000 3.663339e-09
6335.000000 3.684849e-09
6340.000000 3.696168e-09
6345.000000 3.690686e-09
6350.000000 3.673061e-09
6355.000000 3.659814e-09
6360.000000 3.670467e-09
6365.000000 3.712755e-09
6370.000000 3.774244e-09
6375.000000 3.827366e-09
6380.000000 3.845344e-09
6385.000000 3.819735e-09
6390.000000 3.766960e-09
6395.000000 3.716156e-09
6400.000000 3.688726e-09
6405.000000 3.685194e-09
6410.000000 3.688265e-09
6415.000000 3.679601e-09
6420.000000 3.657291e-09
6425.000000 3.637933e-09
6430.000000 3.641062e-09
6435.000000 3.670002e-09
6440.000000 3.705291e-09
6445.000000 3.716823e-09
6450.000000 3.687547e-09
6455.000000 3.629388e-09
6460.000000 3.575378e-09
6465.000000 3.555475e-09
6470.000000 3.574191e-09
6475.000000 3.606093e-09
6480.000000 3.614930e-09
6485.000000 3.583407e-09
6490.000000 3.527360e-09
6495.000000 3.484025e-09
6500.000000 3.484161e-09
6505.000000 3.528568e-09
6510.000000 3.587697e-09
6515.000000 3.625515e-09
6520.000000 3.626991e-09
6525.000000 3.606470e-09
6530.000000 3.592386e-09
6535.000000 3.600418e-09
6540.000000 3.617009e-09
6545.000000 3.609496e-09
6550.000000 3.554913e-09
6555.000000 3.462674e-09
6560.000000 3.374003e-09
6565.000000 3.337235e-09
6570.000000 3.374384e-09
6575.000000 3.465187e-09
6580.000000 3.560796e-09
6585.000000 3.614702e-09
6590.000000 3.609672e-09
6595.000000 3.564868e-09
6600.000000 3.519083e-09
6605.000000 3.503045e-09
6610.000000 3.522139e-09
6615.000000 3.557728e-09
6620.000000 3.582727e-09
6625.000000 3.580275e-09
6630.000000 3.553550e-09
6635.000000 3.521792e-09
6640.000000 3.506412e-09
6645.000000 3.517652e-09
6650.000000 3.548886e-09
6655.000000 3.581301e-09
6660.000000 3.596357e-09
6665.000000 3.587598e-09
6670.000000 3.563813e-09
6675.000000 3.542219e-09
6680.000000 3.536748e-09
6685.000000 3.548964e-09
6690.000000 3.568147e-09
6695.000000 3.580513e-09
6700.000000 3.579723e-09
6705.000000 3.569611e-09
6710.000000 3.558677e-09
6715.000000 3.551659e-09
6720.000000 3.545865e-09
6725.000000 3.536132e-09
6730.000000 3.522726e-09
6735.000000 3.513045e-09
6740.000000 3.515489e-09
6745.000000 3.530529e-09
6750.000000 3.547536e-09
6755.000000 3.552524e-09
6760.000000 3.540430e-09
6765.000000 3.520409e-09
6770.000000 3.509522e-09
6775.000000 3.518751e-09
6780.000000 3.542802e-09
6785.000000 3.564090e-09
6790.000000 3.567088e-09
6795.000000 3.551111e-09
6800.000000 3.531790e-09
6805.000000 3.529763e-09
6810.000000 3.554518e-09
6815.000000 3.596620e-09
6820.000000 3.633761e-09
6825.000000 3.644993e-09
6830.000000 3.623168e-09
6835.000000 3.578765e-09
6840.000000 3.532816e-09
6845.000000 3.503616e-09
6850.000000 3.496359e-09
6855.000000 3.501285e-09
6860.000000 3.500773e-09
6865.000000 3.481555e-09
6870.000000 3.445092e-09
6875.000000 3.407793e-09
6880.000000 3.389794e-09
6885.000000 3.400646e-09
6890.000000 3.431653e-09
6895.000000 3.460616e-09
6900.000000 3.467230e-09
6905.000000 3.447584e-09
6910.000000 3.415372e-09
6915.000000 3.390246e-09
6920.000000 3.383376e-09
6925.000000 3.391225e-09
6930.000000 3.401639e-09
6935.000000 3.406589e-09
6940.000000 3.408833e-09
6945.000000 3.417151e-09
6950.000000 3.436149e-09
6955.000000 3.459777e-09
6960.000000 3.474572e-09
6965.000000 3.470226e-09
6970.000000 3.446946e-09
6975.000000 3.415079e-09
6980.000000 3.388602e-09
6985.000000 3.377521e-09
6990.000000 3.384098e-09
6995.000000 3.403206e-09
7000.000000 3.424667e-09
7005.000000 3.436767e-09
7010.000000 3.431041e-09
7015.000000 3.407716e-09
7020.000000 3.378456e-09
7025.000000 3.361606e-09
7030.000000 3.370773e-09
7035.000000 3.404723e-09
7040.000000 3.445952e-09
7045.000000 3.470252e-09
7050.000000 3.462235e-09
7055.000000 3.425054e-09
7060.000000 3.376973e-09
7065.000000 3.339306e-09
7070.000000 3.324737e-09
7075.000000 3.332797e-09
7080.000000 3.354204e-09
7085.000000 3.378100e-09
7090.000000 3.396387e-09
7095.000000 3.404156e-09
7100.000000 3.399271e-09
7105.000000 3.383123e-09
7110.000000 3.361694e-09
7115.000000 3.344075e-09
7120.000000 3.337354e-09
7125.000000 3.341943e-09
7130.000000 3.351097e-09
7135.000000 3.355374e-09
7140.000000 3.349392e-09
7145.000000 3.335934e-09
7150.000000 3.323758e-09
7155.000000 3.321258e-09
7160.000000 3.330549e-09
7165.000000 3.345709e-09
7170.000000 3.355942e-09
7175.000000 3.352205e-09
7180.000000 3.332585e-09
7185.000000 3.303740e-09
7190.000000 3.277671e-09
7195.000000 3.265016e-09
7200.000000 3.268614e-09
7205.000000 3.281639e-09
7210.000000 3.292230e-09
7215.000000 3.290989e-09
7220.000000 3.276591e-09
7225.000000 3.255959e-09
7230.000000 3.238688e-09
7235.000000 3.230072e-09
7240.000000 3.228450e-09
7245.000000 3.228250e-09
7250.000000 3.225351e-09
7255.000000 3.220711e-09
7260.000000 3.219359e-09
7265.000000 3.226023e-09
7270.000000 3.241242e-09
7275.000000 3.260903e-09
7280.000000 3.278949e-09
7285.000000 3.291110e-09
7290.000000 3.297207e-09
7295.000000 3.300219e-09
7300.000000 3.302958e-09
7305.000000 3.304912e-09
7310.000000 3.301778e-09
7315.000000 3.288362e-09
7320.000000 3.263853e-09
7325.000000 3.235545e-09
7330.000000 3.216733e-09
7335.000000 3.218986e-09
7340.000000 3.243532e-09
7345.000000 3.278041e-09
7350.000000 3.302526e-09
7355.000000 3.302285e-09
7360.000000 3.277333e-09
7365.000000 3.241641e-09
7370.000000 3.213435e-09
7375.000000 3.203419e-09
7380.000000 3.209102e-09
7385.000000 3.220148e-09
7390.000000 3.227908e-09
7395.000000 3.231011e-09
7400.000000 3.233336e-09
7405.000000 3.237492e-09
7410.000000 3.240707e-09
7415.000000 3.237321e-09
7420.000000 3.225707e-09
7425.000000 3.211681e-09
7430.000000 3.205248e-09
7435.000000 3.212564e-09
7440.000000 3.229003e-09
7445.000000 3.240713e-09
7450.000000 3.234668e-09
7455.000000 3.209334e-09
7460.000000 3.178295e-09
7465.000000 3.163207e-09
7470.000000 3.178764e-09
7475.000000 3.220124e-09
7480.000000 3.263886e-09
7485.000000 3.282546e-09
7490.000000 3.263133e-09
7495.000000 3.217130e-09
7500.000000 3.173094e-09
7505.000000 3.155860e-09
7510.000000 3.169428e-09
7515.000000 3.197256e-09
7520.000000 3.218392e-09
7525.000000 3.225793e-09
7530.000000 3.230739e-09
7535.000000 3.247533e-09
7540.000000 3.274820e-09
7545.000000 3.292810e-09
7550.000000 3.280392e-09
7555.000000 3.238028e-09
7560.000000 3.194287e-09
7565.000000 3.184440e-09
7570.000000 3.219195e-09
7575.000000 3.272326e-09
7580.000000 3.298171e-09
7585.000000 3.267068e-09
7590.000000 3.190323e-09
7595.000000 3.109885e-09
7600.000000 3.062835e-09
7605.000000 3.054285e-09
7610.000000 3.059626e-09
7615.000000 3.052216e-09
7620.000000 3.031577e-09
7625.000000 3.023209e-09
7630.000000 3.050836e-09
7635.000000 3.109908e-09
7640.000000 3.166166e-09
7645.000000 3.181782e-09
7650.000000 3.148321e-09
7655.000000 3.095901e-09
7660.000000 3.068988e-09
7665.000000 3.092458e-09
7670.000000 3.154401e-09
7675.000000 3.217330e-09
7680.000000 3.248298e-09
7685.000000 3.241533e-09
7690.000000 3.215623e-09
7695.000000 3.193159e-09
7700.000000 3.182634e-09
7705.000000 3.176071e-09
7710.000000 3.161847e-09
7715.000000 3.138943e-09
7720.000000 3.117734e-09
7725.000000 3.108557e-09
7730.000000 3.109965e-09
7735.000000 3.107361e-09
7740.000000 3.085303e-09
7745.000000 3.044148e-09
7750.000000 3.004685e-09
7755.000000 2.995768e-09
7760.000000 3.033433e-09
7765.000000 3.105866e-09
7770.000000 3.176771e-09
7775.000000 3.208476e-09
7780.000000 3.187819e-09
7785.000000 3.134552e-09
7790.000000 3.086731e-09
7795.000000 3.072703e-09
7800.000000 3.089647e-09
7805.000000 3.108322e-09
7810.000000 3.099507e-09
7815.000000 3.059019e-09
7820.000000 3.011980e-09
7825.000000 2.992566e-09
7830.000000 3.014597e-09
7835.000000 3.059262e-09
7840.000000 3.091243e-09
7845.000000 3.087156e-09
7850.000000 3.053016e-09
7855.000000 3.017478e-09
7860.000000 3.006343e-09
7865.000000 3.021267e-09
7870.000000 3.042068e-09
7875.000000 3.046152e-09
7880.000000 3.027513e-09
7885.000000 3.000131e-09
7890.000000 2.983169e-09
7895.000000 2.983571e-09
7900.000000 2.993417e-09
7905.000000 3.001146e-09
7910.000000 3.003900e-09
7915.000000 3.009198e-09
7920.000000 3.023977e-09
7925.000000 3.042972e-09
7930.000000 3.050130e-09
7935.000000 3.031223e-09
7940.000000 2.986229e-09
7945.000000 2.930863e-09
7950.000000 2.885264e-09
7955.000000 2.860512e-09
7960.000000 2.855366e-09
7965.000000 2.863202e-09
7970.000000 2.879832e-09
7975.000000 2.904189e-09
7980.000000 2.931754e-09
7985.000000 2.950099e-09
7990.000000 2.945312e-09
7995.000000 2.914682e-09
8000.000000 2.874077e-09
8005.000000 2.851416e-09
8010.000000 2.867618e-09
8015.000000 2.919560e-09
8020.000000 2.981186e-09
8025.000000 3.021209e-09
8030.000000 3.023892e-09
8035.000000 2.998374e-09
8040.000000 2.969186e-09
8045.000000 2.955787e-09
8050.000000 2.959196e-09
8055.000000 2.964686e-09
8060.000000 2.955355e-09
8065.000000 2.925611e-09
8070.000000 2.884483e-09
8075.000000 2.846912e-09
8080.000000 2.822629e-09
8085.000000 2.811293e-09
8090.000000 2.805414e-09
8095.000000 2.797545e-09
8100.000000 2.786431e-09
8105.000000 2.777151e-09
8110.000000 2.776921e-09
8115.000000 2.790237e-09
8120.000000 2.815933e-09
8125.000000 2.847221e-09
8130.000000 2.874672e-09
8135.000000 2.891053e-09
8140.000000 2.894715e-09
8145.000000 2.890344e-09
8150.000000 2.885927e-09
8155.000000 2.887260e-09
8160.000000 2.893868e-09
8165.000000 2.899282e-09
8170.000000 2.896090e-09
8175.000000 2.881617e-09
8180.000000 2.860081e-09
8185.000000 2.839825e-09
8190.000000 2.827392e-09
8195.000000 2.823684e-09
8200.000000 2.824909e-09
8205.000000 2.826636e-09
8210.000000 2.827285e-09
8215.000000 2.828845e-09
8220.000000 2.834573e-09
8225.000000 2.845846e-09
8230.000000 2.861209e-09
8235.000000 2.877019e-09
8240.000000 2.888978e-09
8245.000000 2.893747e-09
8250.000000 2.890528e-09
8255.000000 2.882852e-09
8260.000000 2.878305e-09
8265.000000 2.885020e-09
8270.000000 2.906148e-09
8275.000000 2.935797e-09
8280.000000 2.959839e-09
8285.000000 2.964166e-09
8290.000000 2.943930e-09
8295.000000 2.907150e-09
8300.000000 2.870011e-09
8305.000000 2.846471e-09
8310.000000 2.839287e-09
8315.000000 2.839931e-09
8320.000000 2.836364e-09
8325.000000 2.822051e-09
8330.000000 2.799811e-09
8335.000000 2.778786e-09
8340.000000 2.767785e-09
8345.000000 2.769974e-09
8350.000000 2.782308e-09
8355.000000 2.798519e-09
8360.000000 2.812551e-09
8365.000000 2.820752e-09
8370.000000 2.822542e-09
8375.000000 2.820042e-09
8380.000000 2.817132e-09
8385.000000 2.817597e-09
8390.000000 2.823036e-09
8395.000000 2.831458e-09
8400.000000 2.837643e-09
8405.000000 2.835691e-09
8410.000000 2.821702e-09
8415.000000 2.795986e-09
8420.000000 2.764009e-09
8425.000000 2.735863e-09
8430.000000 2.723589e-09
8435.000000 2.736227e-09
8440.000000 2.774457e-09
8445.000000 2.827864e-09
8450.000000 2.878149e-09
8455.000000 2.908670e-09
8460.000000 2.915400e-09
8465.000000 2.910090e-09
8470.000000 2.909164e-09
8475.000000 2.917119e-09
8480.000000 2.918421e-09
8485.000000 2.886974e-09
8490.000000 2.810832e-09
8495.000000 2.712721e-09
8500.000000 2.643232e-09
8505.000000 2.647037e-09
8510.000000 2.724488e-09
8515.000000 2.817575e-09
8520.000000 2.839369e-09
8525.000000 2.734380e-09
8530.000000 2.523616e-09
8535.000000 2.298995e-09
8540.000000 2.170279e-09
8545.000000 2.197346e-09
8550.000000 2.353437e-09
8555.000000 2.549914e-09
8560.000000 2.698908e-09
8565.000000 2.762613e-09
8570.000000 2.761321e-09
8575.000000 2.742686e-09
8580.000000 2.739444e-09
8585.000000 2.751032e-09
8590.000000 2.758074e-09
8595.000000 2.747002e-09
8600.000000 2.721499e-09
8605.000000 2.694882e-09
8610.000000 2.675899e-09
8615.000000 2.665765e-09
8620.000000 2.666783e-09
8625.000000 2.686025e-09
8630.000000 2.725942e-09
8635.000000 2.769154e-09
8640.000000 2.776088e-09
8645.000000 2.709304e-09
8650.000000 2.567883e-09
8655.000000 2.401402e-09
8660.000000 2.288466e-09
8665.000000 2.288893e-09
8670.000000 2.401443e-09
8675.000000 2.564021e-09
8680.000000 2.697492e-09
8685.000000 2.755537e-09
8690.000000 2.746840e-09
8695.000000 2.717931e-09
8700.000000 2.711853e-09
8705.000000 2.738264e-09
8710.000000 2.776759e-09
8715.000000 2.801143e-09
8720.000000 2.801661e-09
8725.000000 2.789336e-09
8730.000000 2.781332e-09
8735.000000 2.783546e-09
8740.000000 2.786055e-09
8745.000000 2.772479e-09
8750.000000 2.733913e-09
8755.000000 2.676818e-09
8760.000000 2.619568e-09
8765.000000 2.581033e-09
8770.000000 2.570237e-09
8775.000000 2.582839e-09
8780.000000 2.604775e-09
8785.000000 2.620951e-09
8790.000000 2.624651e-09
8795.000000 2.621511e-09
8800.000000 2.624359e-09
8805.000000 2.643112e-09
8810.000000 2.676811e-09
8815.000000 2.713432e-09
8820.000000 2.738722e-09
8825.000000 2.747002e-09
8830.000000 2.744272e-09
8835.000000 2.741727e-09
8840.000000 2.745597e-09
8845.000000 2.751120e-09
8850.000000 2.745928e-09
8855.000000 2.720345e-09
8860.000000 2.675234e-09
8865.000000 2.622080e-09
8870.000000 2.576401e-09
8875.000000 2.549578e-09
8880.000000 2.544606e-09
8885.000000 2.557305e-09
8890.000000 2.579888e-09
8895.000000 2.604315e-09
8900.000000 2.624511e-09
8905.000000 2.637309e-09
8910.000000 2.642520e-09
8915.000000 2.641565e-09
8920.000000 2.633589e-09
8925.000000 2.610344e-09
8930.000000 2.588498e-09
8935.000000 2.568529e-09
8940.000000 2.555380e-09
8945.000000 2.554134e-09
8950.000000 2.564035e-09
8955.000000 2.578677e-09
8960.000000 2.588673e-09
8965.000000 2.586697e-09
8970.000000 2.573123e-09
8975.000000 2.554911e-09
8980.000000 2.540918e-09
8985.000000 2.536365e-09
8990.000000 2.539650e-09
8995.000000 2.534282e-09
9000.000000 2.477718e-09
9005.000000 2.481707e-09
9010.000000 2.505033e-09
9015.000000 2.535334e-09
9020.000000 2.570428e-09
9025.000000 2.607438e-09
9030.000000 2.641664e-09
9035.000000 2.667705e-09
9040.000000 2.680255e-09
9045.000000 2.675631e-09
9050.000000 2.654348e-09
9055.000000 2.618536e-09
9060.000000 2.570639e-09
9065.000000 2.514461e-09
9070.000000 2.457367e-09
9075.000000 2.408091e-09
9080.000000 2.375186e-09
9085.000000 2.363867e-09
9090.000000 2.370723e-09
9095.000000 2.389028e-09
9100.000000 2.411794e-09
9105.000000 2.432734e-09
9110.000000 2.447383e-09
9115.000000 2.451988e-09
9120.000000 2.443082e-09
9125.000000 2.419523e-09
9130.000000 2.386160e-09
9135.000000 2.350156e-09
9140.000000 2.318660e-09
9145.000000 2.296470e-09
9150.000000 2.282297e-09
9155.000000 2.272491e-09
9160.000000 2.263349e-09
9165.000000 2.252990e-09
9170.000000 2.244254e-09
9175.000000 2.241788e-09
9180.000000 2.250151e-09
9185.000000 2.271187e-09
9190.000000 2.299685e-09
9195.000000 2.327696e-09
9200.000000 2.347335e-09
9205.000000 2.353940e-09
9210.000000 2.351215e-09
9215.000000 2.346099e-09
9220.000000 2.345526e-09
9225.000000 2.353269e-09
9230.000000 2.364863e-09
9235.000000 2.372699e-09
9240.000000 2.369255e-09
9245.000000 2.351395e-09
9250.000000 2.327283e-09
9255.000000 2.309439e-09
9260.000000 2.310220e-09
9265.000000 2.335911e-09
9270.000000 2.377041e-09
9275.000000 2.418059e-09
9280.000000 2.443355e-09
9285.000000 2.442565e-09
9290.000000 2.418954e-09
9295.000000 2.381057e-09
9300.000000 2.337821e-09
9305.000000 2.297173e-09
9310.000000 2.264404e-09
9315.000000 2.243805e-09
9320.000000 2.239181e-09
9325.000000 2.250771e-09
9330.000000 2.269496e-09
9335.000000 2.282686e-09
9340.000000 2.277865e-09
9345.000000 2.248278e-09
9350.000000 2.201888e-09
9355.000000 2.152378e-09
9360.000000 2.113613e-09
9365.000000 2.095875e-09
9370.000000 2.100081e-09
9375.000000 2.123568e-09
9380.000000 2.163092e-09
9385.000000 2.213427e-09
9390.000000 2.264091e-09
9395.000000 2.302605e-09
9400.000000 2.316838e-09
9405.000000 2.300057e-09
9410.000000 2.259638e-09
9415.000000 2.208373e-09
9420.000000 2.159249e-09
9425.000000 2.121990e-09
9430.000000 2.097735e-09
9435.000000 2.084351e-09
9440.000000 2.079451e-09
9445.000000 2.081371e-09
9450.000000 2.090414e-09
9455.000000 2.107607e-09
9460.000000 2.133880e-09
9465.000000 2.168309e-09
9470.000000 2.205148e-09
9475.000000 2.236826e-09
9480.000000 2.255837e-09
9485.000000 2.257517e-09
9490.000000 2.244518e-09
9495.000000 2.222304e-09
9500.000000 2.196602e-09
9505.000000 2.172923e-09
9510.000000 2.156253e-09
9515.000000 2.151359e-09
9520.000000 2.162670e-09
9525.000000 2.191565e-09
9530.000000 2.231413e-09
9535.000000 2.272527e-09
9540.000000 2.305182e-09
9545.000000 2.322373e-09
9550.000000 2.324199e-09
9555.000000 2.313489e-09
9560.000000 2.293379e-09
9565.000000 2.267412e-09
9570.000000 2.240210e-09
9575.000000 2.216792e-09
9580.000000 2.202013e-09
9585.000000 2.198636e-09
9590.000000 2.203993e-09
9595.000000 2.213321e-09
9600.000000 2.221770e-09
9605.000000 2.225624e-09
9610.000000 2.224133e-09
9615.000000 2.217692e-09
9620.000000 2.206846e-09
9625.000000 2.192519e-09
9630.000000 2.176600e-09
9635.000000 2.161379e-09
9640.000000 2.149106e-09
9645.000000 2.141549e-09
9650.000000 2.139149e-09
9655.000000 2.141850e-09
9660.000000 2.149457e-09
9665.000000 2.161060e-09
9670.000000 2.173784e-09
9675.000000 2.184048e-09
9680.000000 2.188324e-09
9685.000000 2.184630e-09
9690.000000 2.174976e-09
9695.000000 2.162885e-09
9700.000000 2.151959e-09
9705.000000 2.144864e-09
9710.000000 2.141870e-09
9715.000000 2.142322e-09
9720.000000 2.145428e-09
9725.000000 2.150029e-09
9730.000000 2.153990e-09
9735.000000 2.154797e-09
9740.000000 2.150069e-09
9745.000000 2.139020e-09
9750.000000 2.125025e-09
9755.000000 2.113080e-09
9760.000000 2.108105e-09
9765.000000 2.112895e-09
9770.000000 2.124658e-09
9775.000000 2.138469e-09
9780.000000 2.149338e-09
9785.000000 2.153900e-09
9790.000000 2.152967e-09
9795.000000 2.148963e-09
9800.000000 2.144425e-09
9805.000000 2.141446e-09
9810.000000 2.140926e-09
9815.000000 2.143327e-09
9820.000000 2.149001e-09
9825.000000 2.157814e-09
9830.000000 2.168334e-09
9835.000000 2.178641e-09
9840.000000 2.186811e-09
9845.000000 2.191448e-09
9850.000000 2.192520e-09
9855.000000 2.190520e-09
9860.000000 2.186007e-09
9865.000000 2.179676e-09
9870.000000 2.172599e-09
9875.000000 2.165983e-09
9880.000000 2.160978e-09
9885.000000 2.158008e-09
9890.000000 2.155614e-09
9895.000000 2.151613e-09
9900.000000 2.143893e-09
9905.000000 2.131912e-09
9910.000000 2.119199e-09
9915.000000 2.110822e-09
9920.000000 2.111769e-09
9925.000000 2.124516e-09
9930.000000 2.144980e-09
9935.000000 2.166583e-09
9940.000000 2.182713e-09
9945.000000 2.188909e-09
9950.000000 2.186402e-09
9955.000000 2.178572e-09
9960.000000 2.168963e-09
9965.000000 2.160603e-09
9970.000000 2.155105e-09
9975.000000 2.153563e-09
9980.000000 2.156927e-09
9985.000000 2.165393e-09
9990.000000 2.177143e-09
9995.000000 2.189608e-09
10000.000000 2.200169e-09
10005.000000 2.206737e-09
10010.000000 2.208556e-09
10015.000000 2.205372e-09
10020.000000 2.197049e-09
10025.000000 2.184168e-09
10030.000000 2.169122e-09
10035.000000 2.155009e-09
10040.000000 2.144875e-09
10045.000000 2.140422e-09
10050.000000 2.139931e-09
10055.000000 2.140357e-09
10060.000000 2.138625e-09
10065.000000 2.132826e-09
10070.000000 2.124038e-09
10075.000000 2.114488e-09
10080.000000 2.106433e-09
10085.000000 2.101254e-09
10090.000000 2.098072e-09
10095.000000 2.095148e-09
10100.000000 2.090751e-09
10105.000000 2.084225e-09
10110.000000 2.077664e-09
10115.000000 2.074248e-09
10120.000000 2.077061e-09
10125.000000 2.087288e-09
10130.000000 2.101191e-09
10135.000000 2.113109e-09
10140.000000 2.117468e-09
10145.000000 2.111260e-09
10150.000000 2.098123e-09
10155.000000 2.084273e-09
10160.000000 2.075950e-09
10165.000000 2.077022e-09
10170.000000 2.085222e-09
10175.000000 2.095904e-09
10180.000000 2.104346e-09
10185.000000 2.107134e-09
10190.000000 2.104325e-09
10195.000000 2.097311e-09
10200.000000 2.087648e-09
10205.000000 2.077199e-09
10210.000000 2.068618e-09
10215.000000 2.064890e-09
10220.000000 2.068833e-09
10225.000000 2.081357e-09
10230.000000 2.098463e-09
10235.000000 2.114258e-09
10240.000000 2.122885e-09
10245.000000 2.120741e-09
10250.000000 2.110136e-09
10255.000000 2.095643e-09
10260.000000 2.081917e-09
10265.000000 2.072236e-09
10270.000000 2.066277e-09
10275.000000 2.062342e-09
10280.000000 2.058635e-09
10285.000000 2.053853e-09
10290.000000 2.047948e-09
10295.000000 2.041364e-09
10300.000000 2.034576e-09
10305.000000 2.027966e-09
10310.000000 2.021653e-09
10315.000000 2.015659e-09
10320.000000 2.010005e-09
10325.000000 2.004905e-09
10330.000000 2.001043e-09
10335.000000 1.999284e-09
10340.000000 2.000437e-09
10345.000000 2.004559e-09
10350.000000 2.009748e-09
10355.000000 2.013351e-09
10360.000000 2.012768e-09
10365.000000 2.006750e-09
10370.000000 1.997529e-09
10375.000000 1.988685e-09
10380.000000 1.983757e-09
10385.000000 1.984646e-09
10390.000000 1.988943e-09
10395.000000 1.992590e-09
10400.000000 1.991571e-09
10405.000000 1.983919e-09
10410.000000 1.972982e-09
10415.000000 1.964155e-09
10420.000000 1.962773e-09
10425.000000 1.971496e-09
10430.000000 1.986072e-09
10435.000000 1.999579e-09
10440.000000 2.005129e-09
10445.000000 1.998853e-09
10450.000000 1.984759e-09
10455.000000 1.969864e-09
10460.000000 1.961224e-09
10465.000000 1.963276e-09
10470.000000 1.973642e-09
10475.000000 1.987301e-09
10480.000000 1.999134e-09
10485.000000 2.005478e-09
10490.000000 2.006496e-09
10495.000000 2.003806e-09
10500.000000 1.999133e-09
10505.000000 1.993843e-09
10510.000000 1.988326e-09
10515.000000 1.982585e-09
10520.000000 1.976629e-09
10525.000000 1.970726e-09
10530.000000 1.965802e-09
10535.000000 1.963073e-09
10540.000000 1.963674e-09
10545.000000 1.967840e-09
10550.000000 1.973503e-09
10555.000000 1.977684e-09
10560.000000 1.977452e-09
10565.000000 1.971088e-09
10570.000000 1.960089e-09
10575.000000 1.947183e-09
10580.000000 1.935171e-09
10585.000000 1.926479e-09
10590.000000 1.922549e-09
10595.000000 1.924439e-09
10600.000000 1.933115e-09
10605.000000 1.948908e-09
10610.000000 1.970536e-09
10615.000000 1.996097e-09
10620.000000 1.514127e-09
