1150.000000 0.000000e+00
1155.000000 0.000000e+00
1160.000000 0.000000e+00
1165.000000 0.000000e+00
1170.000000 0.000000e+00
1175.000000 0.000000e+00
1180.000000 0.000000e+00
1185.000000 0.000000e+00
1190.000000 0.000000e+00
1195.000000 0.000000e+00
1200.000000 0.000000e+00
1205.000000 0.000000e+00
1210.000000 0.000000e+00
1215.000000 0.000000e+00
1220.000000 0.000000e+00
1225.000000 0.000000e+00
1230.000000 0.000000e+00
1235.000000 0.000000e+00
1240.000000 0.000000e+00
1245.000000 0.000000e+00
1250.000000 0.000000e+00
1255.000000 0.000000e+00
1260.000000 0.000000e+00
1265.000000 0.000000e+00
1270.000000 0.000000e+00
1275.000000 0.000000e+00
1280.000000 0.000000e+00
1285.000000 0.000000e+00
1290.000000 0.000000e+00
1295.000000 0.000000e+00
1300.000000 0.000000e+00
1305.000000 0.000000e+00
1310.000000 0.000000e+00
1315.000000 0.000000e+00
1320.000000 0.000000e+00
1325.000000 0.000000e+00
1330.000000 0.000000e+00
1335.000000 0.000000e+00
1340.000000 0.000000e+00
1345.000000 0.000000e+00
1350.000000 0.000000e+00
1355.000000 0.000000e+00
1360.000000 0.000000e+00
1365.000000 0.000000e+00
1370.000000 0.000000e+00
1375.000000 0.000000e+00
1380.000000 0.000000e+00
1385.000000 0.000000e+00
1390.000000 0.000000e+00
1395.000000 0.000000e+00
1400.000000 0.000000e+00
1405.000000 0.000000e+00
1410.000000 0.000000e+00
1415.000000 0.000000e+00
1420.000000 0.000000e+00
1425.000000 0.000000e+00
1430.000000 0.000000e+00
1435.000000 0.000000e+00
1440.000000 0.000000e+00
1445.000000 0.000000e+00
1450.000000 0.000000e+00
1455.000000 0.000000e+00
1460.000000 0.000000e+00
1465.000000 0.000000e+00
1470.000000 0.000000e+00
1475.000000 0.000000e+00
1480.000000 0.000000e+00
1485.000000 0.000000e+00
1490.000000 0.000000e+00
1495.000000 0.000000e+00
1500.000000 0.000000e+00
1505.000000 0.000000e+00
1510.000000 0.000000e+00
1515.000000 0.000000e+00
1520.000000 0.000000e+00
1525.000000 0.000000e+00
1530.000000 0.000000e+00
1535.000000 0.000000e+00
1540.000000 0.000000e+00
1545.000000 0.000000e+00
1550.000000 0.000000e+00
1555.000000 0.000000e+00
1560.000000 0.000000e+00
1565.000000 0.000000e+00
1570.000000 0.000000e+00
1575.000000 0.000000e+00
1580.000000 0.000000e+00
1585.000000 0.000000e+00
1590.000000 0.000000e+00
1595.000000 0.000000e+00
1600.000000 4.625376e-16
1605.000000 3.691648e-15
1610.000000 7.380413e-15
1615.000000 1.106918e-14
1620.000000 1.429543e-14
1625.000000 1.521762e-14
1630.000000 1.798420e-14
1635.000000 1.798138e-14
1640.000000 1.428978e-14
1645.000000 7.371945e-15
1650.000000 9.194006e-16
1655.000000 0.000000e+00
1660.000000 0.000000e+00
1665.000000 0.000000e+00
1670.000000 0.000000e+00
1675.000000 0.000000e+00
1680.000000 0.000000e+00
1685.000000 0.000000e+00
1690.000000 0.000000e+00
1695.000000 0.000000e+00
1700.000000 5.549438e-15
1705.000000 4.522269e-14
1710.000000 9.594601e-14
1715.000000 1.466638e-13
1720.000000 1.909237e-13
1725.000000 2.259561e-13
1730.000000 2.406951e-13
1735.000000 2.319145e-13
1740.000000 1.908519e-13
1745.000000 1.128988e-13
1750.000000 1.471294e-14
1755.000000 0.000000e+00
1760.000000 0.000000e+00
1765.000000 0.000000e+00
1770.000000 0.000000e+00
1775.000000 0.000000e+00
1780.000000 0.000000e+00
1785.000000 0.000000e+00
1790.000000 0.000000e+00
1795.000000 0.000000e+00
1800.000000 7.814184e-14
1805.000000 6.441794e-13
1810.000000 1.428151e-12
1815.000000 2.357811e-12
1820.000000 3.406879e-12
1825.000000 4.555530e-12
1830.000000 5.784866e-12
1835.000000 7.073197e-12
1840.000000 8.398408e-12
1845.000000 9.738823e-12
1850.000000 1.107507e-11
1855.000000 1.238778e-11
1860.000000 1.367053e-11
1865.000000 1.491639e-11
1870.000000 1.611890e-11
1875.000000 1.727576e-11
1880.000000 1.837820e-11
1885.000000 1.942161e-11
1890.000000 2.040140e-11
1895.000000 2.130925e-11
1900.000000 2.214608e-11
1905.000000 2.291424e-11
1910.000000 2.364600e-11
1915.000000 2.438191e-11
1920.000000 2.516583e-11
1925.000000 2.604152e-11
1930.000000 2.705051e-11
1935.000000 2.823610e-11
1940.000000 2.963984e-11
1945.000000 3.130548e-11
1950.000000 3.327413e-11
1955.000000 3.555861e-11
1960.000000 3.811226e-11
1965.000000 4.085821e-11
1970.000000 4.371894e-11
1975.000000 4.661969e-11
1980.000000 4.948348e-11
1985.000000 5.223336e-11
1990.000000 5.479373e-11
1995.000000 5.708286e-11
2000.000000 5.903169e-11
2005.000000 6.060515e-11
2010.000000 6.186977e-11
2015.000000 6.293387e-11
2020.000000 6.390350e-11
2025.000000 6.489129e-11
2030.000000 6.600771e-11
2035.000000 6.736024e-11
2040.000000 6.905738e-11
2045.000000 7.121375e-11
2050.000000 7.393054e-11
2055.000000 7.726036e-11
2060.000000 8.112048e-11
2065.000000 8.537752e-11
2070.000000 8.988622e-11
2075.000000 9.450603e-11
2080.000000 9.909894e-11
2085.000000 1.035231e-10
2090.000000 1.076394e-10
2095.000000 1.113035e-10
2100.000000 1.143814e-10
2105.000000 1.167865e-10
2110.000000 1.185650e-10
2115.000000 1.198092e-10
2120.000000 1.206183e-10
2125.000000 1.210917e-10
2130.000000 1.213285e-10
2135.000000 1.214262e-10
2140.000000 1.214862e-10
2145.000000 1.216058e-10
2150.000000 1.218803e-10
2155.000000 1.223685e-10
2160.000000 1.230335e-10
2165.000000 1.237991e-10
2170.000000 1.245898e-10
2175.000000 1.253283e-10
2180.000000 1.259347e-10
2185.000000 1.263304e-10
2190.000000 1.264383e-10
2195.000000 1.261785e-10
2200.000000 1.254820e-10
2205.000000 1.243132e-10
2210.000000 1.227532e-10
2215.000000 1.209201e-10
2220.000000 1.189370e-10
2225.000000 1.169304e-10
2230.000000 1.150211e-10
2235.000000 1.133359e-10
2240.000000 1.119980e-10
2245.000000 1.111323e-10
2250.000000 1.108584e-10
2255.000000 1.112392e-10
2260.000000 1.122044e-10
2265.000000 1.136299e-10
2270.000000 1.153814e-10
2275.000000 1.173309e-10
2280.000000 1.193474e-10
2285.000000 1.213004e-10
2290.000000 1.230585e-10
2295.000000 1.244917e-10
2300.000000 1.254755e-10
2305.000000 1.259275e-10
2310.000000 1.258841e-10
2315.000000 1.254333e-10
2320.000000 1.246617e-10
2325.000000 1.236546e-10
2330.000000 1.225004e-10
2335.000000 1.212899e-10
2340.000000 1.201102e-10
2345.000000 1.190506e-10
2350.000000 1.181936e-10
2355.000000 1.176089e-10
2360.000000 1.173178e-10
2365.000000 1.173217e-10
2370.000000 1.176205e-10
2375.000000 1.182141e-10
2380.000000 1.191000e-10
2385.000000 1.202801e-10
2390.000000 1.217527e-10
2395.000000 1.235197e-10
2400.000000 1.255800e-10
2405.000000 1.279161e-10
2410.000000 1.304793e-10
2415.000000 1.332075e-10
2420.000000 1.360293e-10
2425.000000 1.388835e-10
2430.000000 1.417049e-10
2435.000000 1.444289e-10
2440.000000 1.469856e-10
2445.000000 1.493151e-10
2450.000000 1.513490e-10
2455.000000 1.530490e-10
2460.000000 1.544326e-10
2465.000000 1.555341e-10
2470.000000 1.563976e-10
2475.000000 1.570597e-10
2480.000000 1.575625e-10
2485.000000 1.579471e-10
2490.000000 1.582510e-10
2495.000000 1.585146e-10
2500.000000 1.587802e-10
2505.000000 1.590754e-10
2510.000000 1.594034e-10
2515.000000 1.597603e-10
2520.000000 1.601386e-10
2525.000000 1.605292e-10
2530.000000 1.609273e-10
2535.000000 1.613282e-10
2540.000000 1.617220e-10
2545.000000 1.621044e-10
2550.000000 1.624674e-10
2555.000000 1.628252e-10
2560.000000 1.632333e-10
2565.000000 1.637662e-10
2570.000000 1.644989e-10
2575.000000 1.655083e-10
2580.000000 1.668681e-10
2585.000000 1.686554e-10
2590.000000 1.709451e-10
2595.000000 1.738129e-10
2600.000000 1.773273e-10
2605.000000 1.815223e-10
2610.000000 1.863249e-10
2615.000000 1.916191e-10
2620.000000 1.972889e-10
2625.000000 2.032161e-10
2630.000000 2.092807e-10
2635.000000 2.153671e-10
2640.000000 2.213545e-10
2645.000000 2.271300e-10
2650.000000 2.325730e-10
2655.000000 2.375825e-10
2660.000000 2.420984e-10
2665.000000 2.460687e-10
2670.000000 2.494458e-10
2675.000000 2.521865e-10
2680.000000 2.542396e-10
2685.000000 2.555610e-10
2690.000000 2.561044e-10
2695.000000 2.558214e-10
2700.000000 2.546687e-10
2705.000000 2.526459e-10
2710.000000 2.498546e-10
2715.000000 2.464463e-10
2720.000000 2.425727e-10
2725.000000 2.383792e-10
2730.000000 2.340190e-10
2735.000000 2.296418e-10
2740.000000 2.254024e-10
2745.000000 2.214460e-10
2750.000000 2.179245e-10
2755.000000 2.149570e-10
2760.000000 2.125948e-10
2765.000000 2.108578e-10
2770.000000 2.097711e-10
2775.000000 2.093500e-10
2780.000000 2.096151e-10
2785.000000 2.105883e-10
2790.000000 2.122909e-10
2795.000000 2.147396e-10
2800.000000 2.179548e-10
2805.000000 2.219464e-10
2810.000000 2.266909e-10
2815.000000 2.321613e-10
2820.000000 2.383249e-10
2825.000000 2.451492e-10
2830.000000 2.526009e-10
2835.000000 2.606531e-10
2840.000000 2.692702e-10
2845.000000 2.784221e-10
2850.000000 2.880735e-10
2855.000000 2.981700e-10
2860.000000 3.085986e-10
2865.000000 3.192236e-10
2870.000000 3.299079e-10
2875.000000 3.405147e-10
2880.000000 3.509075e-10
2885.000000 3.609492e-10
2890.000000 3.705037e-10
2895.000000 3.794320e-10
2900.000000 3.876048e-10
2905.000000 3.949466e-10
2910.000000 4.015328e-10
2915.000000 4.074921e-10
2920.000000 4.129608e-10
2925.000000 4.180789e-10
2930.000000 4.229805e-10
2935.000000 4.278011e-10
2940.000000 4.326825e-10
2945.000000 4.377537e-10
2950.000000 4.431523e-10
2955.000000 4.489646e-10
2960.000000 4.551632e-10
2965.000000 4.616725e-10
2970.000000 4.684194e-10
2975.000000 4.753233e-10
2980.000000 4.823071e-10
2985.000000 4.892987e-10
2990.000000 4.962167e-10
2995.000000 5.029837e-10
3000.000000 5.095283e-10
3005.000000 5.158040e-10
3010.000000 5.218378e-10
3015.000000 5.276887e-10
3020.000000 5.334214e-10
3025.000000 5.390912e-10
3030.000000 5.447642e-10
3035.000000 5.504978e-10
3040.000000 5.563557e-10
3045.000000 5.623944e-10
3050.000000 5.686768e-10
3055.000000 5.752291e-10
3060.000000 5.820078e-10
3065.000000 5.889357e-10
3070.000000 5.959351e-10
3075.000000 6.029262e-10
3080.000000 6.098325e-10
3085.000000 6.165745e-10
3090.000000 6.230785e-10
3095.000000 6.292618e-10
3100.000000 6.350476e-10
3105.000000 6.403755e-10
3110.000000 6.452170e-10
3115.000000 6.495520e-10
3120.000000 6.533680e-10
3125.000000 6.566526e-10
3130.000000 6.593874e-10
3135.000000 6.615621e-10
3140.000000 6.631612e-10
3145.000000 6.641656e-10
3150.000000 6.645712e-10
3155.000000 6.644173e-10
3160.000000 6.638729e-10
3165.000000 6.631569e-10
3170.000000 6.624979e-10
3175.000000 6.621134e-10
3180.000000 6.622337e-10
3185.000000 6.630805e-10
3190.000000 6.648798e-10
3195.000000 6.842161e-10
3200.000000 7.903005e-10
3205.000000 8.363901e-10
3210.000000 8.552343e-10
3215.000000 8.487782e-10
3220.000000 8.200957e-10
3225.000000 7.844830e-10
3230.000000 7.743008e-10
3235.000000 8.061434e-10
3240.000000 8.401571e-10
3245.000000 8.394233e-10
3250.000000 8.301789e-10
3255.000000 8.458322e-10
3260.000000 8.742761e-10
3265.000000 8.899706e-10
3270.000000 8.804544e-10
3275.000000 8.514482e-10
3280.000000 8.405012e-10
3285.000000 8.747917e-10
3290.000000 9.238205e-10
3295.000000 9.556039e-10
3300.000000 9.927719e-10
3305.000000 9.811457e-10
3310.000000 9.472962e-10
3315.000000 9.067566e-10
3320.000000 9.058605e-10
3325.000000 9.641138e-10
3330.000000 9.967734e-10
3335.000000 9.390503e-10
3340.000000 8.794123e-10
3345.000000 9.061090e-10
3350.000000 9.538718e-10
3355.000000 9.387968e-10
3360.000000 8.850063e-10
3365.000000 8.480086e-10
3370.000000 8.525263e-10
3375.000000 8.975694e-10
3380.000000 9.496690e-10
3385.000000 9.795442e-10
3390.000000 9.992699e-10
3395.000000 1.026106e-09
3400.000000 1.049522e-09
3405.000000 1.054330e-09
3410.000000 1.042913e-09
3415.000000 1.031569e-09
3420.000000 1.052000e-09
3425.000000 1.108885e-09
3430.000000 1.125736e-09
3435.000000 1.056656e-09
3440.000000 1.011347e-09
3445.000000 1.077452e-09
3450.000000 1.133396e-09
3455.000000 1.063002e-09
3460.000000 9.725876e-10
3465.000000 9.855520e-10
3470.000000 1.044636e-09
3475.000000 1.059596e-09
3480.000000 1.039469e-09
3485.000000 1.022286e-09
3490.000000 1.017693e-09
3495.000000 1.023069e-09
3500.000000 1.035591e-09
3505.000000 1.057321e-09
3510.000000 1.096549e-09
3515.000000 1.124623e-09
3520.000000 1.107774e-09
3525.000000 1.096362e-09
3530.000000 1.134019e-09
3535.000000 1.207674e-09
3540.000000 1.275796e-09
3545.000000 1.263301e-09
3550.000000 1.250030e-09
3555.000000 1.232142e-09
3560.000000 1.199662e-09
3565.000000 1.162242e-09
3570.000000 1.156270e-09
3575.000000 1.128700e-09
3580.000000 1.079414e-09
3585.000000 1.034771e-09
3590.000000 1.117073e-09
3595.000000 1.229600e-09
3600.000000 1.234686e-09
3605.000000 1.162649e-09
3610.000000 1.117191e-09
3615.000000 1.158527e-09
3620.000000 1.251713e-09
3625.000000 1.303247e-09
3630.000000 1.253568e-09
3635.000000 1.275213e-09
3640.000000 1.330060e-09
3645.000000 1.322158e-09
3650.000000 1.333972e-09
3655.000000 1.398588e-09
3660.000000 1.446218e-09
3665.000000 1.475024e-09
3670.000000 1.509701e-09
3675.000000 1.503836e-09
3680.000000 1.477810e-09
3685.000000 1.505063e-09
3690.000000 1.609084e-09
3695.000000 1.691812e-09
3700.000000 1.670693e-09
3705.000000 1.563113e-09
3710.000000 1.584311e-09
3715.000000 1.685592e-09
3720.000000 1.683034e-09
3725.000000 1.647246e-09
3730.000000 1.593100e-09
3735.000000 1.558102e-09
3740.000000 1.591518e-09
3745.000000 1.512965e-09
3750.000000 1.516985e-09
3755.000000 1.609678e-09
3760.000000 1.606725e-09
3765.000000 1.646856e-09
3770.000000 1.743338e-09
3775.000000 1.919978e-09
3780.000000 2.043843e-09
3785.000000 1.944209e-09
3790.000000 1.750715e-09
3795.000000 1.699277e-09
3800.000000 1.846500e-09
3805.000000 2.016478e-09
3810.000000 2.041650e-09
3815.000000 1.916963e-09
3820.000000 1.739111e-09
3825.000000 1.529183e-09
3830.000000 1.398309e-09
3835.000000 1.386368e-09
3840.000000 1.517011e-09
3845.000000 1.662749e-09
3850.000000 1.738165e-09
3855.000000 1.766035e-09
3860.000000 1.802321e-09
3865.000000 1.857655e-09
3870.000000 1.844255e-09
3875.000000 1.812880e-09
3880.000000 1.732514e-09
3885.000000 1.658477e-09
3890.000000 1.672647e-09
3895.000000 1.779329e-09
3900.000000 1.883372e-09
3905.000000 1.929417e-09
3910.000000 1.921877e-09
3915.000000 1.797728e-09
3920.000000 1.555956e-09
3925.000000 1.188315e-09
3930.000000 8.552953e-10
3935.000000 8.574403e-10
3940.000000 1.160987e-09
3945.000000 1.475720e-09
3950.000000 1.667669e-09
3955.000000 1.679358e-09
3960.000000 1.415696e-09
3965.000000 1.017611e-09
3970.000000 9.742407e-10
3975.000000 1.430997e-09
3980.000000 1.955134e-09
3985.000000 2.239164e-09
3990.000000 2.311919e-09
3995.000000 2.314738e-09
4000.000000 2.365812e-09
4005.000000 2.465063e-09
4010.000000 2.626341e-09
4015.000000 2.759463e-09
4020.000000 2.767667e-09
4025.000000 2.671193e-09
4030.000000 2.575923e-09
4035.000000 2.645357e-09
4040.000000 2.718891e-09
4045.000000 2.688961e-09
4050.000000 2.653311e-09
4055.000000 2.658144e-09
4060.000000 2.695962e-09
4065.000000 2.683630e-09
4070.000000 2.600725e-09
4075.000000 2.471549e-09
4080.000000 2.546501e-09
4085.000000 2.810789e-09
4090.000000 2.979082e-09
4095.000000 2.814004e-09
4100.000000 2.602800e-09
4105.000000 2.672867e-09
4110.000000 2.830734e-09
4115.000000 2.869275e-09
4120.000000 2.720788e-09
4125.000000 2.571773e-09
4130.000000 2.571343e-09
4135.000000 2.791356e-09
4140.000000 2.926837e-09
4145.000000 2.895328e-09
4150.000000 2.820354e-09
4155.000000 2.839626e-09
4160.000000 2.943816e-09
4165.000000 2.922501e-09
4170.000000 2.698352e-09
4175.000000 2.518272e-09
4180.000000 2.561448e-09
4185.000000 2.729232e-09
4190.000000 2.850407e-09
4195.000000 2.788842e-09
4200.000000 2.707466e-09
4205.000000 2.776020e-09
4210.000000 2.929902e-09
4215.000000 3.006786e-09
4220.000000 2.962627e-09
4225.000000 2.848285e-09
4230.000000 2.872558e-09
4235.000000 2.905963e-09
4240.000000 2.973225e-09
4245.000000 2.943439e-09
4250.000000 2.919171e-09
4255.000000 3.003135e-09
4260.000000 3.096168e-09
4265.000000 3.108181e-09
4270.000000 3.014454e-09
4275.000000 3.050374e-09
4280.000000 3.055182e-09
4285.000000 2.901541e-09
4290.000000 2.712488e-09
4295.000000 2.541760e-09
4300.000000 2.385871e-09
4305.000000 2.440819e-09
4310.000000 2.658465e-09
4315.000000 2.936798e-09
4320.000000 3.135734e-09
4325.000000 3.207072e-09
4330.000000 3.162972e-09
4335.000000 2.865352e-09
4340.000000 2.622289e-09
4345.000000 2.845753e-09
4350.000000 3.152468e-09
4355.000000 3.411690e-09
4360.000000 3.556839e-09
4365.000000 3.515296e-09
4370.000000 3.347119e-09
4375.000000 3.293760e-09
4380.000000 3.225720e-09
4385.000000 3.075425e-09
4390.000000 3.050821e-09
4395.000000 3.046712e-09
4400.000000 3.066049e-09
4405.000000 3.107562e-09
4410.000000 3.114803e-09
4415.000000 3.051102e-09
4420.000000 3.065216e-09
4425.000000 3.142701e-09
4430.000000 3.211444e-09
4435.000000 3.272597e-09
4440.000000 3.262975e-09
4445.000000 3.236467e-09
4450.000000 3.225722e-09
4455.000000 3.148106e-09
4460.000000 3.104335e-09
4465.000000 3.151292e-09
4470.000000 3.326352e-09
4475.000000 3.588679e-09
4480.000000 3.632056e-09
4485.000000 3.526641e-09
4490.000000 3.429294e-09
4495.000000 3.534388e-09
4500.000000 3.770840e-09
4505.000000 3.918246e-09
4510.000000 3.851461e-09
4515.000000 3.658053e-09
4520.000000 3.447561e-09
4525.000000 3.262446e-09
4530.000000 3.260557e-09
4535.000000 3.428303e-09
4540.000000 3.504249e-09
4545.000000 3.389859e-09
4550.000000 3.257207e-09
4555.000000 3.313128e-09
4560.000000 3.465686e-09
4565.000000 3.597133e-09
4570.000000 3.670295e-09
4575.000000 3.588090e-09
4580.000000 3.408333e-09
4585.000000 3.395489e-09
4590.000000 3.477578e-09
4595.000000 3.584104e-09
4600.000000 3.682334e-09
4605.000000 3.813545e-09
4610.000000 3.873169e-09
4615.000000 3.798045e-09
4620.000000 3.772481e-09
4625.000000 3.737886e-09
4630.000000 3.714522e-09
4635.000000 3.773013e-09
4640.000000 3.839874e-09
4645.000000 3.777703e-09
4650.000000 3.731151e-09
4655.000000 3.730091e-09
4660.000000 3.694030e-09
4665.000000 3.517677e-09
4670.000000 3.540485e-09
4675.000000 3.749919e-09
4680.000000 3.872452e-09
4685.000000 3.963978e-09
4690.000000 3.970405e-09
4695.000000 3.881424e-09
4700.000000 3.729873e-09
4705.000000 3.657864e-09
4710.000000 3.696582e-09
4715.000000 3.842875e-09
4720.000000 3.916956e-09
4725.000000 3.824049e-09
4730.000000 3.681091e-09
4735.000000 3.705269e-09
4740.000000 3.826786e-09
4745.000000 3.930287e-09
4750.000000 3.926711e-09
4755.000000 3.799434e-09
4760.000000 3.669436e-09
4765.000000 3.664967e-09
4770.000000 3.824286e-09
4775.000000 3.923497e-09
4780.000000 3.897452e-09
4785.000000 3.855068e-09
4790.000000 3.856120e-09
4795.000000 3.865657e-09
4800.000000 3.820628e-09
4805.000000 3.781349e-09
4810.000000 3.821253e-09
4815.000000 3.887883e-09
4820.000000 3.850348e-09
4825.000000 3.792983e-09
4830.000000 3.799137e-09
4835.000000 3.803498e-09
4840.000000 3.793274e-09
4845.000000 3.716673e-09
4850.000000 3.494492e-09
4855.000000 3.060505e-09
4860.000000 2.760342e-09
4865.000000 2.947117e-09
4870.000000 3.247250e-09
4875.000000 3.392760e-09
4880.000000 3.449529e-09
4885.000000 3.424616e-09
4890.000000 3.523006e-09
4895.000000 3.703628e-09
4900.000000 3.786501e-09
4905.000000 3.799204e-09
4910.000000 3.696462e-09
4915.000000 3.515624e-09
4920.000000 3.332837e-09
4925.000000 3.467205e-09
4930.000000 3.720122e-09
4935.000000 3.726387e-09
4940.000000 3.752519e-09
4945.000000 3.894427e-09
4950.000000 3.954004e-09
4955.000000 3.875479e-09
4960.000000 3.824070e-09
4965.000000 3.858810e-09
4970.000000 3.853688e-09
4975.000000 3.779720e-09
4980.000000 3.571819e-09
4985.000000 3.497127e-09
4990.000000 3.609665e-09
4995.000000 3.624488e-09
5000.000000 3.566947e-09
5005.000000 3.481481e-09
5010.000000 3.445176e-09
5015.000000 3.357825e-09
5020.000000 3.397361e-09
5025.000000 3.557943e-09
5030.000000 3.668891e-09
5035.000000 3.651085e-09
5040.000000 3.588100e-09
5045.000000 3.661528e-09
5050.000000 3.742110e-09
5055.000000 3.872004e-09
5060.000000 3.963415e-09
5065.000000 3.844720e-09
5070.000000 3.696277e-09
5075.000000 3.596360e-09
5080.000000 3.571744e-09
5085.000000 3.684445e-09
5090.000000 3.809192e-09
5095.000000 3.771361e-09
5100.000000 3.666044e-09
5105.000000 3.677090e-09
5110.000000 3.714680e-09
5115.000000 3.740968e-09
5120.000000 3.657125e-09
5125.000000 3.505342e-09
5130.000000 3.472127e-09
5135.000000 3.527307e-09
5140.000000 3.549448e-09
5145.000000 3.534223e-09
5150.000000 3.524013e-09
5155.000000 3.589182e-09
5160.000000 3.608700e-09
5165.000000 3.340520e-09
5170.000000 3.188331e-09
5175.000000 3.425163e-09
5180.000000 3.584318e-09
5185.000000 3.448872e-09
5190.000000 3.316170e-09
5195.000000 3.295292e-09
5200.000000 3.363796e-09
5205.000000 3.395452e-09
5210.000000 3.484414e-09
5215.000000 3.612156e-09
5220.000000 3.651467e-09
5225.000000 3.476526e-09
5230.000000 3.363353e-09
5235.000000 3.451885e-09
5240.000000 3.604982e-09
5245.000000 3.631841e-09
5250.000000 3.558652e-09
5255.000000 3.527523e-09
5260.000000 3.395673e-09
5265.000000 3.148766e-09
5270.000000 3.094070e-09
5275.000000 3.243234e-09
5280.000000 3.462209e-09
5285.000000 3.666991e-09
5290.000000 3.808716e-09
5295.000000 3.745364e-09
5300.000000 3.656792e-09
5305.000000 3.659318e-09
5310.000000 3.667369e-09
5315.000000 3.622688e-09
5320.000000 3.567315e-09
5325.000000 3.477955e-09
5330.000000 3.454026e-09
5335.000000 3.476652e-09
5340.000000 3.531243e-09
5345.000000 3.645191e-09
5350.000000 3.733943e-09
5355.000000 3.800954e-09
5360.000000 3.738354e-09
5365.000000 3.599455e-09
5370.000000 3.572067e-09
5375.000000 3.658673e-09
5380.000000 3.703457e-09
5385.000000 3.741516e-09
5390.000000 3.708592e-09
5395.000000 3.574760e-09
5400.000000 3.468154e-09
5405.000000 3.412748e-09
5410.000000 3.462653e-09
5415.000000 3.542919e-09
5420.000000 3.554878e-09
5425.000000 3.530604e-09
5430.000000 3.536330e-09
5435.000000 3.633213e-09
5440.000000 3.773480e-09
5445.000000 3.765874e-09
5450.000000 3.737005e-09
5455.000000 3.743395e-09
5460.000000 3.775875e-09
5465.000000 3.739783e-09
5470.000000 3.681609e-09
5475.000000 3.603135e-09
5480.000000 3.619166e-09
5485.000000 3.693904e-09
5490.000000 3.701500e-09
5495.000000 3.686129e-09
5500.000000 3.655099e-09
5505.000000 3.613119e-09
5510.000000 3.626556e-09
5515.000000 3.722893e-09
5520.000000 3.753969e-09
5525.000000 3.622902e-09
5530.000000 3.566348e-09
5535.000000 3.642094e-09
5540.000000 3.742253e-09
5545.000000 3.779573e-09
5550.000000 3.817816e-09
5555.000000 3.815293e-09
5560.000000 3.774002e-09
5565.000000 3.710835e-09
5570.000000 3.681712e-09
5575.000000 3.732390e-09
5580.000000 3.762860e-09
5585.000000 3.660341e-09
5590.000000 3.546399e-09
5595.000000 3.566362e-09
5600.000000 3.621321e-09
5605.000000 3.727111e-09
5610.000000 3.800977e-09
5615.000000 3.733308e-09
5620.000000 3.707568e-09
5625.000000 3.746206e-09
5630.000000 3.768415e-09
5635.000000 3.736687e-09
5640.000000 3.698766e-09
5645.000000 3.750659e-09
5650.000000 3.768690e-09
5655.000000 3.603856e-09
5660.000000 3.452618e-09
5665.000000 3.502812e-09
5670.000000 3.626030e-09
5675.000000 3.700301e-09
5680.000000 3.649382e-09
5685.000000 3.597808e-09
5690.000000 3.656465e-09
5695.000000 3.727335e-09
5700.000000 3.699775e-09
5705.000000 3.595003e-09
5710.000000 3.551021e-09
5715.000000 3.641054e-09
5720.000000 3.742728e-09
5725.000000 3.783136e-09
5730.000000 3.774737e-09
5735.000000 3.778301e-09
5740.000000 3.774722e-09
5745.000000 3.735411e-09
5750.000000 3.709141e-09
5755.000000 3.696270e-09
5760.000000 3.708004e-09
5765.000000 3.721336e-09
5770.000000 3.727093e-09
5775.000000 3.668930e-09
5780.000000 3.584218e-09
5785.000000 3.590803e-09
5790.000000 3.650321e-09
5795.000000 3.650113e-09
5800.000000 3.652404e-09
5805.000000 3.673264e-09
5810.000000 3.696602e-09
5815.000000 3.717589e-09
5820.000000 3.747892e-09
5825.000000 3.766815e-09
5830.000000 3.786026e-09
5835.000000 3.794989e-09
5840.000000 3.773551e-09
5845.000000 3.701677e-09
5850.000000 3.617430e-09
5855.000000 3.564430e-09
5860.000000 3.621330e-09
5865.000000 3.705329e-09
5870.000000 3.765250e-09
5875.000000 3.782166e-09
5880.000000 3.690195e-09
5885.000000 3.436150e-09
5890.000000 3.197750e-09
5895.000000 3.267409e-09
5900.000000 3.533037e-09
5905.000000 3.683099e-09
5910.000000 3.678706e-09
5915.000000 3.676440e-09
5920.000000 3.687703e-09
5925.000000 3.641554e-09
5930.000000 3.606118e-09
5935.000000 3.647240e-09
5940.000000 3.671866e-09
5945.000000 3.636701e-09
5950.000000 3.591099e-09
5955.000000 3.612386e-09
5960.000000 3.659369e-09
5965.000000 3.674421e-09
5970.000000 3.663462e-09
5975.000000 3.608652e-09
5980.000000 3.560804e-09
5985.000000 3.523858e-09
5990.000000 3.553147e-09
5995.000000 3.606692e-09
6000.000000 3.617905e-09
6005.000000 3.561264e-09
6010.000000 3.516568e-09
6015.000000 3.503147e-09
6020.000000 3.487509e-09
6025.000000 3.499675e-09
6030.000000 3.556471e-09
6035.000000 3.587015e-09
6040.000000 3.587217e-09
6045.000000 3.579455e-09
6050.000000 3.568598e-09
6055.000000 3.571079e-09
6060.000000 3.588947e-09
6065.000000 3.582578e-09
6070.000000 3.584637e-09
6075.000000 3.556831e-09
6080.000000 3.507359e-09
6085.000000 3.512918e-09
6090.000000 3.536588e-09
6095.000000 3.515105e-09
6100.000000 3.458899e-09
6105.000000 3.470786e-09
6110.000000 3.495818e-09
6115.000000 3.477530e-09
6120.000000 3.453024e-09
6125.000000 3.456245e-09
6130.000000 3.429732e-09
6135.000000 3.314610e-09
6140.000000 3.245370e-09
6145.000000 3.273842e-09
6150.000000 3.318094e-09
6155.000000 3.323976e-09
6160.000000 3.278863e-09
6165.000000 3.276194e-09
6170.000000 3.311464e-09
6175.000000 3.369329e-09
6180.000000 3.420265e-09
6185.000000 3.411440e-09
6190.000000 3.386783e-09
6195.000000 3.419505e-09
6200.000000 3.453808e-09
6205.000000 3.467380e-09
6210.000000 3.449963e-09
6215.000000 3.405902e-09
6220.000000 3.395563e-09
6225.000000 3.383234e-09
6230.000000 3.320651e-09
6235.000000 3.264267e-09
6240.000000 3.218176e-09
6245.000000 3.183424e-09
6250.000000 3.225549e-09
6255.000000 3.268812e-09
6260.000000 3.320150e-09
6265.000000 3.346440e-09
6270.000000 3.346956e-09
6275.000000 3.267601e-09
6280.000000 3.171288e-09
6285.000000 3.230585e-09
6290.000000 3.311402e-09
6295.000000 3.292943e-09
6300.000000 3.237760e-09
6305.000000 3.260793e-09
6310.000000 3.264096e-09
6315.000000 3.225578e-09
6320.000000 3.233806e-09
6325.000000 3.303839e-09
6330.000000 3.317644e-09
6335.000000 3.286682e-09
6340.000000 3.276610e-09
6345.000000 3.276898e-09
6350.000000 3.304009e-09
6355.000000 3.310139e-09
6360.000000 3.284846e-09
6365.000000 3.256163e-09
6370.000000 3.246871e-09
6375.000000 3.271337e-09
6380.000000 3.291701e-09
6385.000000 3.298510e-09
6390.000000 3.283613e-09
6395.000000 3.267115e-09
6400.000000 3.266045e-09
6405.000000 3.244964e-09
6410.000000 3.212238e-09
6415.000000 3.198899e-09
6420.000000 3.212461e-09
6425.000000 3.233625e-09
6430.000000 3.202276e-09
6435.000000 3.205927e-09
6440.000000 3.229399e-09
6445.000000 3.241988e-09
6450.000000 3.197224e-09
6455.000000 3.141871e-09
6460.000000 3.138492e-09
6465.000000 3.184200e-09
6470.000000 3.222254e-09
6475.000000 3.236347e-09
6480.000000 3.216239e-09
6485.000000 3.162683e-09
6490.000000 3.037246e-09
6495.000000 2.974033e-09
6500.000000 3.118810e-09
6505.000000 3.241393e-09
6510.000000 3.245603e-09
6515.000000 3.195719e-09
6520.000000 3.212981e-09
6525.000000 3.234947e-09
6530.000000 3.234098e-09
6535.000000 3.226857e-09
6540.000000 3.206589e-09
6545.000000 3.157156e-09
6550.000000 3.073646e-09
6555.000000 2.860776e-09
6560.000000 2.589320e-09
6565.000000 2.703737e-09
6570.000000 2.981908e-09
6575.000000 3.123868e-09
6580.000000 3.166952e-09
6585.000000 3.146600e-09
6590.000000 3.111460e-09
6595.000000 3.122029e-09
6600.000000 3.152909e-09
6605.000000 3.138959e-09
6610.000000 3.141924e-09
6615.000000 3.180804e-09
6620.000000 3.218332e-09
6625.000000 3.206742e-09
6630.000000 3.166059e-09
6635.000000 3.138260e-09
6640.000000 3.126811e-09
6645.000000 3.127942e-09
6650.000000 3.146438e-09
6655.000000 3.138218e-09
6660.000000 3.111632e-09
6665.000000 3.111505e-09
6670.000000 3.117773e-09
6675.000000 3.086218e-09
6680.000000 3.084208e-09
6685.000000 3.130755e-09
6690.000000 3.153455e-09
6695.000000 3.131327e-09
6700.000000 3.119354e-09
6705.000000 3.122231e-09
6710.000000 3.110520e-09
6715.000000 3.072823e-09
6720.000000 3.074436e-09
6725.000000 3.094301e-09
6730.000000 3.100302e-09
6735.000000 3.093738e-09
6740.000000 3.073261e-09
6745.000000 3.046370e-09
6750.000000 3.043104e-09
6755.000000 3.066970e-09
6760.000000 3.081783e-09
6765.000000 3.069631e-09
6770.000000 3.059525e-09
6775.000000 3.071037e-09
6780.000000 3.078636e-09
6785.000000 3.069246e-09
6790.000000 3.060221e-09
6795.000000 3.050215e-09
6800.000000 3.063577e-09
6805.000000 3.069887e-09
6810.000000 3.068799e-09
6815.000000 3.066864e-09
6820.000000 3.053264e-09
6825.000000 3.033635e-09
6830.000000 3.014730e-09
6835.000000 2.998439e-09
6840.000000 2.981757e-09
6845.000000 2.980209e-09
6850.000000 2.979627e-09
6855.000000 2.978163e-09
6860.000000 2.976117e-09
6865.000000 2.975033e-09
6870.000000 2.973882e-09
6875.000000 2.971910e-09
6880.000000 2.969830e-09
6885.000000 2.968179e-09
6890.000000 2.966410e-09
6895.000000 2.963745e-09
6900.000000 2.960711e-09
6905.000000 2.957630e-09
6910.000000 2.954832e-09
6915.000000 2.953030e-09
6920.000000 2.951643e-09
6925.000000 2.948528e-09
6930.000000 2.945170e-09
6935.000000 2.942532e-09
6940.000000 2.940903e-09
6945.000000 2.939014e-09
6950.000000 2.936072e-09
6955.000000 2.933592e-09
6960.000000 2.933000e-09
6965.000000 2.933466e-09
6970.000000 2.927779e-09
6975.000000 2.907176e-09
6980.000000 2.899905e-09
6985.000000 2.922394e-09
6990.000000 2.907836e-09
6995.000000 2.867131e-09
7000.000000 2.820567e-09
7005.000000 2.830095e-09
7010.000000 2.866586e-09
7015.000000 2.850657e-09
7020.000000 2.836352e-09
7025.000000 2.840374e-09
7030.000000 2.866376e-09
7035.000000 2.867759e-09
7040.000000 2.879944e-09
7045.000000 2.895498e-09
7050.000000 2.886162e-09
7055.000000 2.871307e-09
7060.000000 2.855124e-09
7065.000000 2.832299e-09
7070.000000 2.846585e-09
7075.000000 2.869194e-09
7080.000000 2.860667e-09
7085.000000 2.839592e-09
7090.000000 2.833947e-09
7095.000000 2.848764e-09
7100.000000 2.865305e-09
7105.000000 2.851062e-09
7110.000000 2.810415e-09
7115.000000 2.795994e-09
7120.000000 2.802327e-09
7125.000000 2.826043e-09
7130.000000 2.846237e-09
7135.000000 2.867788e-09
7140.000000 2.872888e-09
7145.000000 2.831756e-09
7150.000000 2.830007e-09
7155.000000 2.854021e-09
7160.000000 2.832424e-09
7165.000000 2.779354e-09
7170.000000 2.745609e-09
7175.000000 2.697511e-09
7180.000000 2.640877e-09
7185.000000 2.569331e-09
7190.000000 2.558744e-09
7195.000000 2.592078e-09
7200.000000 2.616228e-09
7205.000000 2.647305e-09
7210.000000 2.725450e-09
7215.000000 2.758772e-09
7220.000000 2.743471e-09
7225.000000 2.745985e-09
7230.000000 2.749763e-09
7235.000000 2.712854e-09
7240.000000 2.690254e-09
7245.000000 2.691213e-09
7250.000000 2.692733e-09
7255.000000 2.699124e-09
7260.000000 2.708229e-09
7265.000000 2.701444e-09
7270.000000 2.700624e-09
7275.000000 2.654461e-09
7280.000000 2.631966e-09
7285.000000 2.605419e-09
7290.000000 2.565535e-09
7295.000000 2.615946e-09
7300.000000 2.635954e-09
7305.000000 2.593693e-09
7310.000000 2.580322e-09
7315.000000 2.614831e-09
7320.000000 2.635081e-09
7325.000000 2.646797e-09
7330.000000 2.665797e-09
7335.000000 2.691105e-09
7340.000000 2.705420e-09
7345.000000 2.668219e-09
7350.000000 2.632236e-09
7355.000000 2.620763e-09
7360.000000 2.645215e-09
7365.000000 2.648589e-09
7370.000000 2.642025e-09
7375.000000 2.646214e-09
7380.000000 2.629809e-09
7385.000000 2.567877e-09
7390.000000 2.542104e-09
7395.000000 2.573888e-09
7400.000000 2.588290e-09
7405.000000 2.560938e-09
7410.000000 2.514760e-09
7415.000000 2.490850e-09
7420.000000 2.492891e-09
7425.000000 2.531259e-09
7430.000000 2.570679e-09
7435.000000 2.573136e-09
7440.000000 2.539261e-09
7445.000000 2.507358e-09
7450.000000 2.518740e-09
7455.000000 2.541917e-09
7460.000000 2.531591e-09
7465.000000 2.536855e-09
7470.000000 2.541501e-09
7475.000000 2.525461e-09
7480.000000 2.510395e-09
7485.000000 2.510272e-09
7490.000000 2.501043e-09
7495.000000 2.497758e-09
7500.000000 2.507384e-09
7505.000000 2.475577e-09
7510.000000 2.438817e-09
7515.000000 2.458213e-09
7520.000000 2.478475e-09
7525.000000 2.465584e-09
7530.000000 2.456449e-09
7535.000000 2.476491e-09
7540.000000 2.494199e-09
7545.000000 2.489635e-09
7550.000000 2.479959e-09
7555.000000 2.473875e-09
7560.000000 2.469602e-09
7565.000000 2.465590e-09
7570.000000 2.462568e-09
7575.000000 2.456534e-09
7580.000000 2.450711e-09
7585.000000 2.445561e-09
7590.000000 2.440611e-09
7595.000000 2.435911e-09
7600.000000 2.431401e-09
7605.000000 2.426710e-09
7610.000000 2.422419e-09
7615.000000 2.419512e-09
7620.000000 2.417579e-09
7625.000000 2.415688e-09
7630.000000 2.413097e-09
7635.000000 2.409516e-09
7640.000000 2.405509e-09
7645.000000 2.401749e-09
7650.000000 2.398295e-09
7655.000000 2.394887e-09
7660.000000 2.391108e-09
7665.000000 2.386783e-09
7670.000000 2.382390e-09
7675.000000 2.378277e-09
7680.000000 2.374598e-09
7685.000000 2.371423e-09
7690.000000 2.368458e-09
7695.000000 2.364743e-09
7700.000000 2.360445e-09
7705.000000 2.356136e-09
7710.000000 2.353170e-09
7715.000000 2.351391e-09
7720.000000 2.347910e-09
7725.000000 2.342785e-09
7730.000000 2.345168e-09
7735.000000 2.357756e-09
7740.000000 2.342723e-09
7745.000000 2.304746e-09
7750.000000 2.304010e-09
7755.000000 2.338756e-09
7760.000000 2.344211e-09
7765.000000 2.297407e-09
7770.000000 2.210443e-09
7775.000000 2.179741e-09
7780.000000 2.223820e-09
7785.000000 2.275274e-09
7790.000000 2.306741e-09
7795.000000 2.306154e-09
7800.000000 2.291094e-09
7805.000000 2.301034e-09
7810.000000 2.306629e-09
7815.000000 2.319559e-09
7820.000000 2.321470e-09
7825.000000 2.302410e-09
7830.000000 2.268406e-09
7835.000000 2.261086e-09
7840.000000 2.274675e-09
7845.000000 2.281983e-09
7850.000000 2.283603e-09
7855.000000 2.288675e-09
7860.000000 2.293826e-09
7865.000000 2.291118e-09
7870.000000 2.281457e-09
7875.000000 2.253810e-09
7880.000000 2.237773e-09
7885.000000 2.258123e-09
7890.000000 2.268172e-09
7895.000000 2.254265e-09
7900.000000 2.246679e-09
7905.000000 2.244675e-09
7910.000000 2.237014e-09
7915.000000 2.222167e-09
7920.000000 2.209681e-09
7925.000000 2.193448e-09
7930.000000 2.170241e-09
7935.000000 2.166464e-09
7940.000000 2.172479e-09
7945.000000 2.164817e-09
7950.000000 2.184408e-09
7955.000000 2.210121e-09
7960.000000 2.221920e-09
7965.000000 2.224522e-09
7970.000000 2.220140e-09
7975.000000 2.218090e-09
7980.000000 2.217418e-09
7985.000000 2.213825e-09
7990.000000 2.201200e-09
7995.000000 2.169891e-09
8000.000000 2.156208e-09
8005.000000 2.169663e-09
8010.000000 2.180324e-09
8015.000000 2.179212e-09
8020.000000 2.164737e-09
8025.000000 2.143049e-09
8030.000000 2.143510e-09
8035.000000 2.158223e-09
8040.000000 2.149526e-09
8045.000000 2.121448e-09
8050.000000 2.121386e-09
8055.000000 2.142211e-09
8060.000000 2.156676e-09
8065.000000 2.157426e-09
8070.000000 2.149337e-09
8075.000000 2.145350e-09
8080.000000 2.133244e-09
8085.000000 2.114051e-09
8090.000000 2.107659e-09
8095.000000 2.114004e-09
8100.000000 2.141623e-09
8105.000000 2.151557e-09
8110.000000 2.146935e-09
8115.000000 2.146253e-09
8120.000000 2.143183e-09
8125.000000 2.141395e-09
8130.000000 2.130768e-09
8135.000000 2.117813e-09
8140.000000 2.108938e-09
8145.000000 2.090263e-09
8150.000000 2.085434e-09
8155.000000 2.077777e-09
8160.000000 2.057777e-09
8165.000000 2.042646e-09
8170.000000 2.045842e-09
8175.000000 2.043052e-09
8180.000000 2.015778e-09
8185.000000 1.995919e-09
8190.000000 1.967697e-09
8195.000000 1.923532e-09
8200.000000 1.945324e-09
8205.000000 2.030682e-09
8210.000000 2.078675e-09
8215.000000 2.048420e-09
8220.000000 1.989363e-09
8225.000000 1.939715e-09
8230.000000 1.936384e-09
8235.000000 2.009175e-09
8240.000000 2.054152e-09
8245.000000 2.034725e-09
8250.000000 2.003439e-09
8255.000000 2.012806e-09
8260.000000 2.052244e-09
8265.000000 2.078964e-09
8270.000000 2.085898e-09
8275.000000 2.057540e-09
8280.000000 2.036406e-09
8285.000000 2.024401e-09
8290.000000 2.024805e-09
8295.000000 2.035180e-09
8300.000000 2.043769e-09
8305.000000 2.036915e-09
8310.000000 2.034950e-09
8315.000000 2.032031e-09
8320.000000 2.024469e-09
8325.000000 2.001590e-09
8330.000000 1.967160e-09
8335.000000 1.931231e-09
8340.000000 1.929525e-09
8345.000000 1.975781e-09
8350.000000 2.023881e-09
8355.000000 2.023871e-09
8360.000000 2.016329e-09
8365.000000 2.047816e-09
8370.000000 2.074681e-09
8375.000000 2.041737e-09
8380.000000 1.993141e-09
8385.000000 1.976130e-09
8390.000000 1.987950e-09
8395.000000 2.012161e-09
8400.000000 2.029998e-09
8405.000000 2.037556e-09
8410.000000 2.023430e-09
8415.000000 1.991093e-09
8420.000000 1.983027e-09
8425.000000 2.008994e-09
8430.000000 2.016159e-09
8435.000000 1.955736e-09
8440.000000 1.899905e-09
8445.000000 1.894683e-09
8450.000000 1.946129e-09
8455.000000 2.010726e-09
8460.000000 2.013644e-09
8465.000000 1.943902e-09
8470.000000 1.906709e-09
8475.000000 1.959635e-09
8480.000000 2.025097e-09
8485.000000 2.041033e-09
8490.000000 1.941096e-09
8495.000000 1.709088e-09
8500.000000 1.624348e-09
8505.000000 1.756654e-09
8510.000000 1.862000e-09
8515.000000 1.905967e-09
8520.000000 1.933819e-09
8525.000000 1.923377e-09
8530.000000 1.843578e-09
8535.000000 1.643692e-09
8540.000000 1.396487e-09
8545.000000 1.370768e-09
8550.000000 1.529651e-09
8555.000000 1.702765e-09
8560.000000 1.854339e-09
8565.000000 1.922080e-09
8570.000000 1.927693e-09
8575.000000 1.922270e-09
8580.000000 1.918783e-09
8585.000000 1.916021e-09
8590.000000 1.885904e-09
8595.000000 1.817164e-09
8600.000000 1.800734e-09
8605.000000 1.843087e-09
8610.000000 1.880304e-09
8615.000000 1.902606e-09
8620.000000 1.912849e-09
8625.000000 1.919590e-09
8630.000000 1.932672e-09
8635.000000 1.951011e-09
8640.000000 1.955827e-09
8645.000000 1.923692e-09
8650.000000 1.868979e-09
8655.000000 1.734248e-09
8660.000000 1.514539e-09
8665.000000 1.459422e-09
8670.000000 1.548596e-09
8675.000000 1.689306e-09
8680.000000 1.801908e-09
8685.000000 1.809081e-09
8690.000000 1.802921e-09
8695.000000 1.856279e-09
8700.000000 1.852869e-09
8705.000000 1.889866e-09
8710.000000 1.886826e-09
8715.000000 1.901043e-09
8720.000000 1.914738e-09
8725.000000 1.900066e-09
8730.000000 1.880208e-09
8735.000000 1.866828e-09
8740.000000 1.836302e-09
8745.000000 1.787332e-09
8750.000000 1.753390e-09
8755.000000 1.788441e-09
8760.000000 1.833804e-09
8765.000000 1.846106e-09
8770.000000 1.846473e-09
8775.000000 1.852345e-09
8780.000000 1.865561e-09
8785.000000 1.849555e-09
8790.000000 1.830204e-09
8795.000000 1.833595e-09
8800.000000 1.827046e-09
8805.000000 1.789116e-09
8810.000000 1.816497e-09
8815.000000 1.839228e-09
8820.000000 1.824511e-09
8825.000000 1.824108e-09
8830.000000 1.828703e-09
8835.000000 1.812346e-09
8840.000000 1.806882e-09
8845.000000 1.815874e-09
8850.000000 1.810894e-09
8855.000000 1.773177e-09
8860.000000 1.711770e-09
8865.000000 1.711232e-09
8870.000000 1.766807e-09
8875.000000 1.793773e-09
8880.000000 1.803425e-09
8885.000000 1.814789e-09
8890.000000 1.810830e-09
8895.000000 1.812302e-09
8900.000000 1.819576e-09
8905.000000 1.807270e-09
8910.000000 1.784842e-09
8915.000000 1.791269e-09
8920.000000 1.785591e-09
8925.000000 1.743269e-09
8930.000000 1.763267e-09
8935.000000 1.799389e-09
8940.000000 1.795232e-09
8945.000000 1.771123e-09
8950.000000 1.770751e-09
8955.000000 1.798494e-09
8960.000000 1.784832e-09
8965.000000 1.758790e-09
8970.000000 1.751307e-09
8975.000000 1.732865e-09
8980.000000 1.719279e-09
8985.000000 1.697739e-09
8990.000000 1.671136e-09
8995.000000 1.706331e-09
9000.000000 1.665253e-09
9005.000000 1.658104e-09
9010.000000 1.604466e-09
9015.000000 1.585915e-09
9020.000000 1.637519e-09
9025.000000 1.687565e-09
9030.000000 1.751404e-09
9035.000000 1.794010e-09
9040.000000 1.808511e-09
9045.000000 1.814446e-09
9050.000000 1.787356e-09
9055.000000 1.768130e-09
9060.000000 1.700768e-09
9065.000000 1.681721e-09
9070.000000 1.687384e-09
9075.000000 1.662286e-09
9080.000000 1.644420e-09
9085.000000 1.630203e-09
9090.000000 1.607482e-09
9095.000000 1.636067e-09
9100.000000 1.664374e-09
9105.000000 1.682412e-09
9110.000000 1.681361e-09
9115.000000 1.679761e-09
9120.000000 1.698425e-09
9125.000000 1.706866e-09
9130.000000 1.677213e-09
9135.000000 1.674650e-09
9140.000000 1.701199e-09
9145.000000 1.686856e-09
9150.000000 1.641500e-09
9155.000000 1.632430e-09
9160.000000 1.656285e-09
9165.000000 1.659812e-09
9170.000000 1.630941e-09
9175.000000 1.618298e-09
9180.000000 1.658475e-09
9185.000000 1.673935e-09
9190.000000 1.679491e-09
9195.000000 1.670639e-09
9200.000000 1.674272e-09
9205.000000 1.643399e-09
9210.000000 1.612005e-09
9215.000000 1.593490e-09
9220.000000 1.598416e-09
9225.000000 1.581295e-09
9230.000000 1.567323e-09
9235.000000 1.582359e-09
9240.000000 1.599531e-09
9245.000000 1.604049e-09
9250.000000 1.613465e-09
9255.000000 1.613271e-09
9260.000000 1.628369e-09
9265.000000 1.660274e-09
9270.000000 1.676077e-09
9275.000000 1.673315e-09
9280.000000 1.673056e-09
9285.000000 1.676878e-09
9290.000000 1.674611e-09
9295.000000 1.661820e-09
9300.000000 1.652070e-09
9305.000000 1.643740e-09
9310.000000 1.621471e-09
9315.000000 1.587371e-09
9320.000000 1.579450e-09
9325.000000 1.573767e-09
9330.000000 1.577158e-09
9335.000000 1.555097e-09
9340.000000 1.518749e-09
9345.000000 1.527406e-09
9350.000000 1.565577e-09
9355.000000 1.543691e-09
9360.000000 1.574913e-09
9365.000000 1.580192e-09
9370.000000 1.569919e-09
9375.000000 1.589868e-09
9380.000000 1.596034e-09
9385.000000 1.666091e-09
9390.000000 1.714283e-09
9395.000000 1.715565e-09
9400.000000 1.687130e-09
9405.000000 1.650926e-09
9410.000000 1.634735e-09
9415.000000 1.620384e-09
9420.000000 1.621147e-09
9425.000000 1.581651e-09
9430.000000 1.560947e-09
9435.000000 1.553833e-09
9440.000000 1.521172e-09
9445.000000 1.564113e-09
9450.000000 1.591192e-09
9455.000000 1.564290e-09
9460.000000 1.567388e-09
9465.000000 1.593390e-09
9470.000000 1.606288e-09
9475.000000 1.602148e-09
9480.000000 1.575733e-09
9485.000000 1.612135e-09
9490.000000 1.593117e-09
9495.000000 1.539938e-09
9500.000000 1.538705e-09
9505.000000 1.592230e-09
9510.000000 1.612258e-09
9515.000000 1.554147e-09
9520.000000 1.513664e-09
9525.000000 1.525327e-09
9530.000000 1.544735e-09
9535.000000 1.538689e-09
9540.000000 1.499981e-09
9545.000000 1.476336e-09
9550.000000 1.486549e-09
9555.000000 1.491480e-09
9560.000000 1.510759e-09
9565.000000 1.507951e-09
9570.000000 1.537805e-09
9575.000000 1.549273e-09
9580.000000 1.526617e-09
9585.000000 1.522018e-09
9590.000000 1.507378e-09
9595.000000 1.525501e-09
9600.000000 1.531503e-09
9605.000000 1.543209e-09
9610.000000 1.554265e-09
9615.000000 1.542798e-09
9620.000000 1.519517e-09
9625.000000 1.514196e-09
9630.000000 1.532202e-09
9635.000000 1.511979e-09
9640.000000 1.508418e-09
9645.000000 1.509075e-09
9650.000000 1.514186e-09
9655.000000 1.510252e-09
9660.000000 1.485683e-09
9665.000000 1.502707e-09
9670.000000 1.516603e-09
9675.000000 1.523319e-09
9680.000000 1.518799e-09
9685.000000 1.523773e-09
9690.000000 1.525155e-09
9695.000000 1.518030e-09
9700.000000 1.512252e-09
9705.000000 1.522636e-09
9710.000000 1.515947e-09
9715.000000 1.517866e-09
9720.000000 1.515206e-09
9725.000000 1.499152e-09
9730.000000 1.493061e-09
9735.000000 1.484074e-09
9740.000000 1.478450e-09
9745.000000 1.479302e-09
9750.000000 1.466184e-09
9755.000000 1.465850e-09
9760.000000 1.468020e-09
9765.000000 1.464265e-09
9770.000000 1.470481e-09
9775.000000 1.486468e-09
9780.000000 1.477024e-09
9785.000000 1.471621e-09
9790.000000 1.475761e-09
9795.000000 1.465163e-09
9800.000000 1.462195e-09
9805.000000 1.486846e-09
9810.000000 1.479194e-09
9815.000000 1.457700e-09
9820.000000 1.453552e-09
9825.000000 1.463617e-09
9830.000000 1.464063e-09
9835.000000 1.459482e-09
9840.000000 1.461735e-09
9845.000000 1.466170e-09
9850.000000 1.471008e-09
9855.000000 1.465140e-09
9860.000000 1.458476e-09
9865.000000 1.454991e-09
9870.000000 1.451089e-09
9875.000000 1.456102e-09
9880.000000 1.430022e-09
9885.000000 1.424546e-09
9890.000000 1.435379e-09
9895.000000 1.443096e-09
9900.000000 1.441126e-09
9905.000000 1.440197e-09
9910.000000 1.444337e-09
9915.000000 1.444838e-09
9920.000000 1.441085e-09
9925.000000 1.429096e-09
9930.000000 1.422092e-09
9935.000000 1.426975e-09
9940.000000 1.429426e-09
9945.000000 1.426302e-09
9950.000000 1.424276e-09
9955.000000 1.421588e-09
9960.000000 1.416534e-09
9965.000000 1.422276e-09
9970.000000 1.420155e-09
9975.000000 1.428334e-09
9980.000000 1.427718e-09
9985.000000 1.420116e-09
9990.000000 1.420269e-09
9995.000000 1.412587e-09
10000.000000 1.405804e-09
10005.000000 1.398389e-09
10010.000000 1.391103e-09
10015.000000 1.401325e-09
10020.000000 1.393256e-09
10025.000000 1.393077e-09
10030.000000 1.367129e-09
10035.000000 1.366906e-09
10040.000000 1.369511e-09
10045.000000 1.327795e-09
10050.000000 1.333511e-09
10055.000000 1.340810e-09
10060.000000 1.349986e-09
10065.000000 1.351750e-09
10070.000000 1.354854e-09
10075.000000 1.372359e-09
10080.000000 1.374237e-09
10085.000000 1.371972e-09
10090.000000 1.381441e-09
10095.000000 1.382089e-09
10100.000000 1.370713e-09
10105.000000 1.379178e-09
10110.000000 1.380085e-09
10115.000000 1.372516e-09
10120.000000 1.382217e-09
10125.000000 1.389147e-09
10130.000000 1.364257e-09
10135.000000 1.369849e-09
10140.000000 1.371005e-09
10145.000000 1.368730e-09
10150.000000 1.366231e-09
10155.000000 1.363869e-09
10160.000000 1.361665e-09
10165.000000 1.359600e-09
10170.000000 1.357659e-09
10175.000000 1.355832e-09
10180.000000 1.354095e-09
10185.000000 1.352435e-09
10190.000000 1.350836e-09
10195.000000 1.349279e-09
10200.000000 1.347752e-09
10205.000000 1.346239e-09
10210.000000 1.344737e-09
10215.000000 1.343247e-09
10220.000000 1.341761e-09
10225.000000 1.340284e-09
10230.000000 1.338813e-09
10235.000000 1.337348e-09
10240.000000 1.335890e-09
10245.000000 1.334435e-09
10250.000000 1.332981e-09
10255.000000 1.331530e-09
10260.000000 1.330081e-09
10265.000000 1.328628e-09
10270.000000 1.327169e-09
10275.000000 1.325706e-09
10280.000000 1.324232e-09
10285.000000 1.322747e-09
10290.000000 1.321251e-09
10295.000000 1.319736e-09
10300.000000 1.318210e-09
10305.000000 1.316663e-09
10310.000000 1.315107e-09
10315.000000 1.313550e-09
10320.000000 1.312006e-09
10325.000000 1.310473e-09
10330.000000 1.308974e-09
10335.000000 1.307516e-09
10340.000000 1.306100e-09
10345.000000 1.304743e-09
10350.000000 1.303448e-09
10355.000000 1.302230e-09
10360.000000 1.301071e-09
10365.000000 1.299962e-09
10370.000000 1.298883e-09
10375.000000 1.297827e-09
10380.000000 1.296778e-09
10385.000000 1.295719e-09
10390.000000 1.294638e-09
10395.000000 1.293522e-09
10400.000000 1.292354e-09
10405.000000 1.291132e-09
10410.000000 1.289843e-09
10415.000000 1.288494e-09
10420.000000 1.287088e-09
10425.000000 1.285626e-09
10430.000000 1.284117e-09
10435.000000 1.282554e-09
10440.000000 1.280944e-09
10445.000000 1.279286e-09
10450.000000 1.277588e-09
10455.000000 1.275850e-09
10460.000000 1.274073e-09
10465.000000 1.272269e-09
10470.000000 1.270437e-09
10475.000000 1.268578e-09
10480.000000 1.266707e-09
10485.000000 1.264822e-09
10490.000000 1.262928e-09
10495.000000 1.261029e-09
10500.000000 1.259131e-09
10505.000000 1.257239e-09
10510.000000 1.255349e-09
10515.000000 1.253470e-09
10520.000000 1.251593e-09
10525.000000 1.249720e-09
10530.000000 1.247856e-09
10535.000000 1.245996e-09
10540.000000 1.244139e-09
10545.000000 1.242291e-09
10550.000000 1.240448e-09
10555.000000 1.238611e-09
10560.000000 1.236778e-09
10565.000000 1.234949e-09
10570.000000 1.233124e-09
10575.000000 1.231308e-09
10580.000000 1.229495e-09
10585.000000 1.227690e-09
10590.000000 1.225887e-09
10595.000000 1.224089e-09
10600.000000 1.222298e-09
10605.000000 1.220512e-09
10610.000000 1.218732e-09
10615.000000 1.216957e-09
10620.000000 9.115389e-10
