1150.000000 0.000000e+00
1155.000000 0.000000e+00
1160.000000 0.000000e+00
1165.000000 0.000000e+00
1170.000000 0.000000e+00
1175.000000 0.000000e+00
1180.000000 0.000000e+00
1185.000000 0.000000e+00
1190.000000 0.000000e+00
1195.000000 0.000000e+00
1200.000000 0.000000e+00
1205.000000 0.000000e+00
1210.000000 0.000000e+00
1215.000000 0.000000e+00
1220.000000 0.000000e+00
1225.000000 0.000000e+00
1230.000000 0.000000e+00
1235.000000 0.000000e+00
1240.000000 0.000000e+00
1245.000000 0.000000e+00
1250.000000 0.000000e+00
1255.000000 0.000000e+00
1260.000000 0.000000e+00
1265.000000 0.000000e+00
1270.000000 0.000000e+00
1275.000000 0.000000e+00
1280.000000 0.000000e+00
1285.000000 0.000000e+00
1290.000000 0.000000e+00
1295.000000 0.000000e+00
1300.000000 0.000000e+00
1305.000000 0.000000e+00
1310.000000 0.000000e+00
1315.000000 0.000000e+00
1320.000000 0.000000e+00
1325.000000 0.000000e+00
1330.000000 0.000000e+00
1335.000000 0.000000e+00
1340.000000 0.000000e+00
1345.000000 0.000000e+00
1350.000000 0.000000e+00
1355.000000 0.000000e+00
1360.000000 0.000000e+00
1365.000000 0.000000e+00
1370.000000 0.000000e+00
1375.000000 0.000000e+00
1380.000000 0.000000e+00
1385.000000 0.000000e+00
1390.000000 0.000000e+00
1395.000000 0.000000e+00
1400.000000 0.000000e+00
1405.000000 0.000000e+00
1410.000000 0.000000e+00
1415.000000 0.000000e+00
1420.000000 0.000000e+00
1425.000000 0.000000e+00
1430.000000 0.000000e+00
1435.000000 0.000000e+00
1440.000000 0.000000e+00
1445.000000 0.000000e+00
1450.000000 0.000000e+00
1455.000000 0.000000e+00
1460.000000 0.000000e+00
1465.000000 0.000000e+00
1470.000000 0.000000e+00
1475.000000 0.000000e+00
1480.000000 0.000000e+00
1485.000000 0.000000e+00
1490.000000 0.000000e+00
1495.000000 0.000000e+00
1500.000000 0.000000e+00
1505.000000 0.000000e+00
1510.000000 0.000000e+00
1515.000000 0.000000e+00
1520.000000 0.000000e+00
1525.000000 0.000000e+00
1530.000000 0.000000e+00
1535.000000 0.000000e+00
1540.000000 0.000000e+00
1545.000000 0.000000e+00
1550.000000 0.000000e+00
1555.000000 0.000000e+00
1560.000000 0.000000e+00
1565.000000 0.000000e+00
1570.000000 0.000000e+00
1575.000000 0.000000e+00
1580.000000 0.000000e+00
1585.000000 0.000000e+00
1590.000000 0.000000e+00
1595.000000 0.000000e+00
1600.000000 0.000000e+00
1605.000000 0.000000e+00
1610.000000 0.000000e+00
1615.000000 0.000000e+00
1620.000000 0.000000e+00
1625.000000 0.000000e+00
1630.000000 0.000000e+00
1635.000000 0.000000e+00
1640.000000 0.000000e+00
1645.000000 0.000000e+00
1650.000000 0.000000e+00
1655.000000 0.000000e+00
1660.000000 0.000000e+00
1665.000000 0.000000e+00
1670.000000 0.000000e+00
1675.000000 0.000000e+00
1680.000000 0.000000e+00
1685.000000 0.000000e+00
1690.000000 0.000000e+00
1695.000000 0.000000e+00
1700.000000 0.000000e+00
1705.000000 0.000000e+00
1710.000000 0.000000e+00
1715.000000 0.000000e+00
1720.000000 0.000000e+00
1725.000000 0.000000e+00
1730.000000 0.000000e+00
1735.000000 0.000000e+00
1740.000000 0.000000e+00
1745.000000 0.000000e+00
1750.000000 0.000000e+00
1755.000000 0.000000e+00
1760.000000 0.000000e+00
1765.000000 0.000000e+00
1770.000000 0.000000e+00
1775.000000 0.000000e+00
1780.000000 0.000000e+00
1785.000000 0.000000e+00
1790.000000 0.000000e+00
1795.000000 0.000000e+00
1800.000000 0.000000e+00
1805.000000 0.000000e+00
1810.000000 0.000000e+00
1815.000000 0.000000e+00
1820.000000 0.000000e+00
1825.000000 0.000000e+00
1830.000000 0.000000e+00
1835.000000 0.000000e+00
1840.000000 0.000000e+00
1845.000000 0.000000e+00
1850.000000 0.000000e+00
1855.000000 0.000000e+00
1860.000000 0.000000e+00
1865.000000 0.000000e+00
1870.000000 0.000000e+00
1875.000000 0.000000e+00
1880.000000 0.000000e+00
1885.000000 0.000000e+00
1890.000000 0.000000e+00
1895.000000 0.000000e+00
1900.000000 0.000000e+00
1905.000000 0.000000e+00
1910.000000 0.000000e+00
1915.000000 0.000000e+00
1920.000000 0.000000e+00
1925.000000 0.000000e+00
1930.000000 0.000000e+00
1935.000000 0.000000e+00
1940.000000 0.000000e+00
1945.000000 0.000000e+00
1950.000000 0.000000e+00
1955.000000 0.000000e+00
1960.000000 0.000000e+00
1965.000000 0.000000e+00
1970.000000 0.000000e+00
1975.000000 0.000000e+00
1980.000000 0.000000e+00
1985.000000 0.000000e+00
1990.000000 0.000000e+00
1995.000000 0.000000e+00
2000.000000 0.000000e+00
2005.000000 0.000000e+00
2010.000000 0.000000e+00
2015.000000 0.000000e+00
2020.000000 0.000000e+00
2025.000000 0.000000e+00
2030.000000 0.000000e+00
2035.000000 0.000000e+00
2040.000000 0.000000e+00
2045.000000 0.000000e+00
2050.000000 0.000000e+00
2055.000000 0.000000e+00
2060.000000 0.000000e+00
2065.000000 0.000000e+00
2070.000000 0.000000e+00
2075.000000 0.000000e+00
2080.000000 0.000000e+00
2085.000000 0.000000e+00
2090.000000 0.000000e+00
2095.000000 0.000000e+00
2100.000000 0.000000e+00
2105.000000 0.000000e+00
2110.000000 0.000000e+00
2115.000000 0.000000e+00
2120.000000 0.000000e+00
2125.000000 0.000000e+00
2130.000000 0.000000e+00
2135.000000 0.000000e+00
2140.000000 0.000000e+00
2145.000000 0.000000e+00
2150.000000 0.000000e+00
2155.000000 0.000000e+00
2160.000000 0.000000e+00
2165.000000 0.000000e+00
2170.000000 0.000000e+00
2175.000000 0.000000e+00
2180.000000 0.000000e+00
2185.000000 0.000000e+00
2190.000000 0.000000e+00
2195.000000 0.000000e+00
2200.000000 0.000000e+00
2205.000000 0.000000e+00
2210.000000 0.000000e+00
2215.000000 0.000000e+00
2220.000000 0.000000e+00
2225.000000 0.000000e+00
2230.000000 0.000000e+00
2235.000000 0.000000e+00
2240.000000 0.000000e+00
2245.000000 0.000000e+00
2250.000000 0.000000e+00
2255.000000 0.000000e+00
2260.000000 0.000000e+00
2265.000000 0.000000e+00
2270.000000 0.000000e+00
2275.000000 0.000000e+00
2280.000000 0.000000e+00
2285.000000 0.000000e+00
2290.000000 0.000000e+00
2295.000000 0.000000e+00
2300.000000 0.000000e+00
2305.000000 0.000000e+00
2310.000000 0.000000e+00
2315.000000 0.000000e+00
2320.000000 0.000000e+00
2325.000000 0.000000e+00
2330.000000 0.000000e+00
2335.000000 0.000000e+00
2340.000000 0.000000e+00
2345.000000 0.000000e+00
2350.000000 0.000000e+00
2355.000000 0.000000e+00
2360.000000 0.000000e+00
2365.000000 0.000000e+00
2370.000000 0.000000e+00
2375.000000 0.000000e+00
2380.000000 0.000000e+00
2385.000000 0.000000e+00
2390.000000 0.000000e+00
2395.000000 0.000000e+00
2400.000000 0.000000e+00
2405.000000 0.000000e+00
2410.000000 0.000000e+00
2415.000000 0.000000e+00
2420.000000 0.000000e+00
2425.000000 0.000000e+00
2430.000000 0.000000e+00
2435.000000 0.000000e+00
2440.000000 0.000000e+00
2445.000000 0.000000e+00
2450.000000 0.000000e+00
2455.000000 0.000000e+00
2460.000000 0.000000e+00
2465.000000 0.000000e+00
2470.000000 0.000000e+00
2475.000000 0.000000e+00
2480.000000 0.000000e+00
2485.000000 0.000000e+00
2490.000000 0.000000e+00
2495.000000 0.000000e+00
2500.000000 0.000000e+00
2505.000000 0.000000e+00
2510.000000 0.000000e+00
2515.000000 0.000000e+00
2520.000000 0.000000e+00
2525.000000 0.000000e+00
2530.000000 0.000000e+00
2535.000000 0.000000e+00
2540.000000 0.000000e+00
2545.000000 0.000000e+00
2550.000000 0.000000e+00
2555.000000 0.000000e+00
2560.000000 0.000000e+00
2565.000000 0.000000e+00
2570.000000 0.000000e+00
2575.000000 0.000000e+00
2580.000000 0.000000e+00
2585.000000 0.000000e+00
2590.000000 0.000000e+00
2595.000000 0.000000e+00
2600.000000 0.000000e+00
2605.000000 0.000000e+00
2610.000000 0.000000e+00
2615.000000 0.000000e+00
2620.000000 0.000000e+00
2625.000000 0.000000e+00
2630.000000 0.000000e+00
2635.000000 0.000000e+00
2640.000000 0.000000e+00
2645.000000 0.000000e+00
2650.000000 0.000000e+00
2655.000000 0.000000e+00
2660.000000 0.000000e+00
2665.000000 0.000000e+00
2670.000000 0.000000e+00
2675.000000 0.000000e+00
2680.000000 0.000000e+00
2685.000000 0.000000e+00
2690.000000 0.000000e+00
2695.000000 0.000000e+00
2700.000000 0.000000e+00
2705.000000 0.000000e+00
2710.000000 0.000000e+00
2715.000000 0.000000e+00
2720.000000 0.000000e+00
2725.000000 0.000000e+00
2730.000000 0.000000e+00
2735.000000 0.000000e+00
2740.000000 0.000000e+00
2745.000000 0.000000e+00
2750.000000 0.000000e+00
2755.000000 0.000000e+00
2760.000000 3.317955e-16
2765.000000 2.318970e-15
2770.000000 2.649568e-15
2775.000000 2.649567e-15
2780.000000 2.649566e-15
2785.000000 2.649565e-15
2790.000000 2.317778e-15
2795.000000 3.306036e-16
2800.000000 0.000000e+00
2805.000000 0.000000e+00
2810.000000 0.000000e+00
2815.000000 0.000000e+00
2820.000000 0.000000e+00
2825.000000 0.000000e+00
2830.000000 0.000000e+00
2835.000000 0.000000e+00
2840.000000 0.000000e+00
2845.000000 0.000000e+00
2850.000000 6.635543e-16
2855.000000 5.633232e-15
2860.000000 1.325131e-14
2865.000000 2.086824e-14
2870.000000 2.649798e-14
2875.000000 3.146533e-14
2880.000000 3.378197e-14
2885.000000 3.146189e-14
2890.000000 2.582983e-14
2895.000000 1.522929e-14
2900.000000 1.983748e-15
2905.000000 0.000000e+00
2910.000000 0.000000e+00
2915.000000 0.000000e+00
2920.000000 0.000000e+00
2925.000000 0.000000e+00
2930.000000 0.000000e+00
2935.000000 0.000000e+00
2940.000000 0.000000e+00
2945.000000 0.000000e+00
2950.000000 1.061623e-14
2955.000000 8.614902e-14
2960.000000 1.805426e-13
2965.000000 2.769188e-13
2970.000000 3.630233e-13
2975.000000 4.275948e-13
2980.000000 4.577160e-13
2985.000000 4.404719e-13
2990.000000 3.646006e-13
2995.000000 2.175176e-13
3000.000000 2.843538e-14
3005.000000 0.000000e+00
3010.000000 0.000000e+00
3015.000000 0.000000e+00
3020.000000 0.000000e+00
3025.000000 0.000000e+00
3030.000000 0.000000e+00
3035.000000 0.000000e+00
3040.000000 0.000000e+00
3045.000000 0.000000e+00
3050.000000 1.482873e-13
3055.000000 1.222329e-12
3060.000000 2.698908e-12
3065.000000 4.417240e-12
3070.000000 6.323336e-12
3075.000000 8.362224e-12
3080.000000 1.047991e-11
3085.000000 1.261975e-11
3090.000000 1.472947e-11
3095.000000 1.675235e-11
3100.000000 1.863646e-11
3105.000000 2.034702e-11
3110.000000 2.189297e-11
3115.000000 2.330382e-11
3120.000000 2.461134e-11
3125.000000 2.584667e-11
3130.000000 2.703801e-11
3135.000000 2.821837e-11
3140.000000 2.941929e-11
3145.000000 3.066896e-11
3150.000000 3.199805e-11
3155.000000 3.341424e-11
3160.000000 3.261155e-11
3165.000000 2.276730e-11
3170.000000 3.539133e-11
3175.000000 3.882256e-11
3180.000000 3.738730e-11
3185.000000 2.613419e-11
3190.000000 3.833141e-11
3195.000000 4.056074e-11
3200.000000 4.022552e-11
3205.000000 4.368932e-11
3210.000000 6.018540e-11
3215.000000 7.159252e-11
3220.000000 1.033310e-10
3225.000000 1.792124e-10
3230.000000 2.750916e-10
3235.000000 3.414334e-10
3240.000000 3.151296e-10
3245.000000 1.823054e-10
3250.000000 6.745527e-11
3255.000000 8.947350e-11
3260.000000 2.128137e-10
3265.000000 3.361300e-10
3270.000000 3.480633e-10
3275.000000 2.100353e-10
3280.000000 7.525309e-11
3285.000000 8.905501e-11
3290.000000 1.869740e-10
3295.000000 2.536015e-10
3300.000000 2.541409e-10
3305.000000 1.959697e-10
3310.000000 1.116316e-10
3315.000000 5.005082e-11
3320.000000 7.517585e-11
3325.000000 1.359894e-10
3330.000000 2.035353e-10
3335.000000 1.840468e-10
3340.000000 1.253977e-10
3345.000000 1.036821e-10
3350.000000 1.223590e-10
3355.000000 1.550764e-10
3360.000000 1.741899e-10
3365.000000 1.647266e-10
3370.000000 1.433378e-10
3375.000000 1.303131e-10
3380.000000 1.250037e-10
3385.000000 1.257241e-10
3390.000000 1.481769e-10
3395.000000 1.960637e-10
3400.000000 2.249153e-10
3405.000000 1.953039e-10
3410.000000 1.300501e-10
3415.000000 8.209647e-11
3420.000000 1.132103e-10
3425.000000 1.260675e-10
3430.000000 1.590195e-10
3435.000000 1.374932e-10
3440.000000 1.100154e-10
3445.000000 1.415515e-10
3450.000000 2.107199e-10
3455.000000 2.648813e-10
3460.000000 2.614212e-10
3465.000000 1.985722e-10
3470.000000 1.649899e-10
3475.000000 2.233633e-10
3480.000000 2.824662e-10
3485.000000 2.489224e-10
3490.000000 1.778913e-10
3495.000000 1.543840e-10
3500.000000 1.877816e-10
3505.000000 2.413313e-10
3510.000000 2.416809e-10
3515.000000 1.629168e-10
3520.000000 1.310311e-10
3525.000000 2.387175e-10
3530.000000 3.444947e-10
3535.000000 3.005394e-10
3540.000000 1.794503e-10
3545.000000 1.171222e-10
3550.000000 1.841402e-10
3555.000000 3.616539e-10
3560.000000 4.745258e-10
3565.000000 3.933958e-10
3570.000000 2.569997e-10
3575.000000 2.236231e-10
3580.000000 2.360933e-10
3585.000000 2.070379e-10
3590.000000 1.885558e-10
3595.000000 2.406923e-10
3600.000000 3.007802e-10
3605.000000 2.956375e-10
3610.000000 2.504653e-10
3615.000000 2.137697e-10
3620.000000 1.937558e-10
3625.000000 1.834787e-10
3630.000000 1.797294e-10
3635.000000 1.844899e-10
3640.000000 2.070367e-10
3645.000000 2.469664e-10
3650.000000 2.721874e-10
3655.000000 2.525828e-10
3660.000000 1.962308e-10
3665.000000 1.487143e-10
3670.000000 2.038393e-10
3675.000000 1.923009e-10
3680.000000 2.382617e-10
3685.000000 2.365181e-10
3690.000000 2.133705e-10
3695.000000 2.171519e-10
3700.000000 2.139523e-10
3705.000000 1.649427e-10
3710.000000 1.129733e-10
3715.000000 1.434286e-10
3720.000000 1.471507e-10
3725.000000 1.292691e-10
3730.000000 2.010904e-10
3735.000000 3.111915e-10
3740.000000 3.699143e-10
3745.000000 3.213978e-10
3750.000000 2.400266e-10
3755.000000 2.180862e-10
3760.000000 2.621016e-10
3765.000000 3.327438e-10
3770.000000 3.620929e-10
3775.000000 3.132113e-10
3780.000000 2.538220e-10
3785.000000 2.534154e-10
3790.000000 2.823916e-10
3795.000000 2.890330e-10
3800.000000 2.661059e-10
3805.000000 2.343616e-10
3810.000000 2.390919e-10
3815.000000 3.105037e-10
3820.000000 4.155259e-10
3825.000000 4.977325e-10
3830.000000 5.055050e-10
3835.000000 4.251449e-10
3840.000000 3.335312e-10
3845.000000 2.991115e-10
3850.000000 2.810368e-10
3855.000000 2.313340e-10
3860.000000 1.923578e-10
3865.000000 2.114633e-10
3870.000000 2.566405e-10
3875.000000 2.818881e-10
3880.000000 2.859721e-10
3885.000000 2.809547e-10
3890.000000 2.670749e-10
3895.000000 2.418166e-10
3900.000000 2.100579e-10
3905.000000 1.905087e-10
3910.000000 2.278328e-10
3915.000000 3.431707e-10
3920.000000 4.716953e-10
3925.000000 5.457846e-10
3930.000000 5.754490e-10
3935.000000 5.846195e-10
3940.000000 5.566105e-10
3945.000000 4.854163e-10
3950.000000 4.341657e-10
3955.000000 4.602812e-10
3960.000000 5.363681e-10
3965.000000 6.151048e-10
3970.000000 6.824528e-10
3975.000000 7.334159e-10
3980.000000 7.519112e-10
3985.000000 7.282567e-10
3990.000000 6.814710e-10
3995.000000 6.314959e-10
4000.000000 5.661053e-10
4005.000000 4.582328e-10
4010.000000 4.346831e-10
4015.000000 5.508832e-10
4020.000000 6.140577e-10
4025.000000 4.686633e-10
4030.000000 2.917689e-10
4035.000000 2.800637e-10
4040.000000 3.483163e-10
4045.000000 3.664394e-10
4050.000000 3.735248e-10
4055.000000 4.298261e-10
4060.000000 4.772762e-10
4065.000000 4.593317e-10
4070.000000 4.432462e-10
4075.000000 4.913782e-10
4080.000000 5.306408e-10
4085.000000 4.956555e-10
4090.000000 4.756893e-10
4095.000000 5.575663e-10
4100.000000 6.656999e-10
4105.000000 7.008502e-10
4110.000000 6.672800e-10
4115.000000 5.985176e-10
4120.000000 5.000371e-10
4125.000000 3.936329e-10
4130.000000 3.698769e-10
4135.000000 4.737601e-10
4140.000000 5.659855e-10
4145.000000 5.199157e-10
4150.000000 4.243092e-10
4155.000000 3.971575e-10
4160.000000 4.149661e-10
4165.000000 4.188562e-10
4170.000000 4.045285e-10
4175.000000 3.904949e-10
4180.000000 3.946022e-10
4185.000000 4.159144e-10
4190.000000 4.098938e-10
4195.000000 3.545560e-10
4200.000000 3.265717e-10
4205.000000 3.859784e-10
4210.000000 4.521379e-10
4215.000000 4.327544e-10
4220.000000 3.483877e-10
4225.000000 2.623757e-10
4230.000000 2.317364e-10
4235.000000 2.778009e-10
4240.000000 3.396890e-10
4245.000000 3.559038e-10
4250.000000 3.438889e-10
4255.000000 3.408252e-10
4260.000000 3.547719e-10
4265.000000 3.789127e-10
4270.000000 3.994140e-10
4275.000000 4.079274e-10
4280.000000 4.154536e-10
4285.000000 4.285257e-10
4290.000000 4.245156e-10
4295.000000 3.930936e-10
4300.000000 3.834821e-10
4305.000000 4.337950e-10
4310.000000 4.952657e-10
4315.000000 5.215846e-10
4320.000000 5.582091e-10
4325.000000 6.474142e-10
4330.000000 7.322715e-10
4335.000000 7.608032e-10
4340.000000 7.912155e-10
4345.000000 8.668432e-10
4350.000000 8.848599e-10
4355.000000 7.627995e-10
4360.000000 6.172605e-10
4365.000000 5.810583e-10
4370.000000 6.269597e-10
4375.000000 6.745366e-10
4380.000000 6.707330e-10
4385.000000 6.034603e-10
4390.000000 5.350608e-10
4395.000000 5.338459e-10
4400.000000 6.102318e-10
4405.000000 7.430914e-10
4410.000000 8.861899e-10
4415.000000 9.775605e-10
4420.000000 9.433651e-10
4425.000000 7.805084e-10
4430.000000 6.762143e-10
4435.000000 7.795666e-10
4440.000000 9.536901e-10
4445.000000 1.024209e-09
4450.000000 1.007601e-09
4455.000000 9.842640e-10
4460.000000 1.002331e-09
4465.000000 1.070196e-09
4470.000000 1.133285e-09
4475.000000 1.153857e-09
4480.000000 1.194999e-09
4485.000000 1.301043e-09
4490.000000 1.370592e-09
4495.000000 1.322750e-09
4500.000000 1.273439e-09
4505.000000 1.337266e-09
4510.000000 1.428935e-09
4515.000000 1.445246e-09
4520.000000 1.438139e-09
4525.000000 1.480848e-09
4530.000000 1.543233e-09
4535.000000 1.576036e-09
4540.000000 1.587525e-09
4545.000000 1.603527e-09
4550.000000 1.636151e-09
4555.000000 1.697620e-09
4560.000000 1.812001e-09
4565.000000 1.964604e-09
4570.000000 2.032176e-09
4575.000000 1.931461e-09
4580.000000 1.788793e-09
4585.000000 1.740362e-09
4590.000000 1.740485e-09
4595.000000 1.722038e-09
4600.000000 1.743982e-09
4605.000000 1.856610e-09
4610.000000 1.959682e-09
4615.000000 1.954550e-09
4620.000000 1.897911e-09
4625.000000 1.863642e-09
4630.000000 1.815585e-09
4635.000000 1.721125e-09
4640.000000 1.667719e-09
4645.000000 1.735452e-09
4650.000000 1.862269e-09
4655.000000 1.953343e-09
4660.000000 1.973257e-09
4665.000000 1.919703e-09
4670.000000 1.816080e-09
4675.000000 1.708956e-09
4680.000000 1.679037e-09
4685.000000 1.771291e-09
4690.000000 1.904568e-09
4695.000000 1.984319e-09
4700.000000 2.007028e-09
4705.000000 2.003265e-09
4710.000000 1.999211e-09
4715.000000 2.014031e-09
4720.000000 2.054863e-09
4725.000000 2.112877e-09
4730.000000 2.150987e-09
4735.000000 2.150872e-09
4740.000000 2.166708e-09
4745.000000 2.223368e-09
4750.000000 2.201157e-09
4755.000000 2.001459e-09
4760.000000 1.726605e-09
4765.000000 1.524270e-09
4770.000000 1.455820e-09
4775.000000 1.527558e-09
4780.000000 1.689800e-09
4785.000000 1.856341e-09
4790.000000 1.902841e-09
4795.000000 1.767765e-09
4800.000000 1.588513e-09
4805.000000 1.515106e-09
4810.000000 1.533479e-09
4815.000000 1.586422e-09
4820.000000 1.669758e-09
4825.000000 1.779542e-09
4830.000000 1.856118e-09
4835.000000 1.849754e-09
4840.000000 1.796752e-09
4845.000000 1.778366e-09
4850.000000 1.898510e-09
4855.000000 2.168404e-09
4860.000000 2.346900e-09
4865.000000 2.259903e-09
4870.000000 2.149922e-09
4875.000000 2.254554e-09
4880.000000 2.386970e-09
4885.000000 2.339251e-09
4890.000000 2.273792e-09
4895.000000 2.368323e-09
4900.000000 2.468432e-09
4905.000000 2.421102e-09
4910.000000 2.411179e-09
4915.000000 2.631534e-09
4920.000000 2.951803e-09
4925.000000 3.174562e-09
4930.000000 3.259181e-09
4935.000000 3.238430e-09
4940.000000 3.168481e-09
4945.000000 3.065744e-09
4950.000000 2.832745e-09
4955.000000 2.426865e-09
4960.000000 2.057852e-09
4965.000000 1.934870e-09
4970.000000 2.010628e-09
4975.000000 2.154765e-09
4980.000000 2.280612e-09
4985.000000 2.335408e-09
4990.000000 2.305842e-09
4995.000000 2.211320e-09
5000.000000 2.118657e-09
5005.000000 2.078480e-09
5010.000000 2.055632e-09
5015.000000 2.018101e-09
5020.000000 2.026493e-09
5025.000000 2.144322e-09
5030.000000 2.346176e-09
5035.000000 2.563864e-09
5040.000000 2.710365e-09
5045.000000 2.729714e-09
5050.000000 2.664033e-09
5055.000000 2.582721e-09
5060.000000 2.529243e-09
5065.000000 2.526628e-09
5070.000000 2.571891e-09
5075.000000 2.646772e-09
5080.000000 2.717632e-09
5085.000000 2.753442e-09
5090.000000 2.746611e-09
5095.000000 2.717380e-09
5100.000000 2.731617e-09
5105.000000 2.821344e-09
5110.000000 2.889926e-09
5115.000000 2.862304e-09
5120.000000 2.844110e-09
5125.000000 2.934869e-09
5130.000000 3.038283e-09
5135.000000 3.043761e-09
5140.000000 3.002111e-09
5145.000000 3.000092e-09
5150.000000 3.048401e-09
5155.000000 3.090023e-09
5160.000000 2.977442e-09
5165.000000 2.623199e-09
5170.000000 2.184677e-09
5175.000000 1.870286e-09
5180.000000 1.773072e-09
5185.000000 1.892532e-09
5190.000000 2.104841e-09
5195.000000 2.280335e-09
5200.000000 2.393796e-09
5205.000000 2.477520e-09
5210.000000 2.606290e-09
5215.000000 2.835027e-09
5220.000000 3.125848e-09
5225.000000 3.397147e-09
5230.000000 3.549500e-09
5235.000000 3.533926e-09
5240.000000 3.447411e-09
5245.000000 3.400695e-09
5250.000000 3.395928e-09
5255.000000 3.399980e-09
5260.000000 3.400269e-09
5265.000000 3.408262e-09
5270.000000 3.470220e-09
5275.000000 3.595808e-09
5280.000000 3.671045e-09
5285.000000 3.622053e-09
5290.000000 3.597480e-09
5295.000000 3.732333e-09
5300.000000 3.904247e-09
5305.000000 3.956223e-09
5310.000000 3.903439e-09
5315.000000 3.824317e-09
5320.000000 3.783148e-09
5325.000000 3.813637e-09
5330.000000 3.889074e-09
5335.000000 3.970266e-09
5340.000000 4.044825e-09
5345.000000 4.119761e-09
5350.000000 4.221811e-09
5355.000000 4.351125e-09
5360.000000 4.424636e-09
5365.000000 4.396502e-09
5370.000000 4.396682e-09
5375.000000 4.541717e-09
5380.000000 4.738025e-09
5385.000000 4.858976e-09
5390.000000 4.905011e-09
5395.000000 4.918698e-09
5400.000000 4.921636e-09
5405.000000 4.934211e-09
5410.000000 4.995620e-09
5415.000000 5.115804e-09
5420.000000 5.211679e-09
5425.000000 5.221125e-09
5430.000000 5.222633e-09
5435.000000 5.255844e-09
5440.000000 5.124986e-09
5445.000000 4.672780e-09
5450.000000 4.081281e-09
5455.000000 3.611890e-09
5460.000000 3.385097e-09
5465.000000 3.403587e-09
5470.000000 3.514343e-09
5475.000000 3.582647e-09
5480.000000 3.663482e-09
5485.000000 3.796362e-09
5490.000000 3.796752e-09
5495.000000 3.518769e-09
5500.000000 3.142194e-09
5505.000000 2.874498e-09
5510.000000 2.669107e-09
5515.000000 2.435824e-09
5520.000000 2.229511e-09
5525.000000 2.124089e-09
5530.000000 2.090145e-09
5535.000000 2.062564e-09
5540.000000 1.994015e-09
5545.000000 1.892342e-09
5550.000000 1.884604e-09
5555.000000 2.071174e-09
5560.000000 2.365682e-09
5565.000000 2.644726e-09
5570.000000 2.877339e-09
5575.000000 3.079440e-09
5580.000000 3.289180e-09
5585.000000 3.509069e-09
5590.000000 3.634363e-09
5595.000000 3.588086e-09
5600.000000 3.471205e-09
5605.000000 3.405488e-09
5610.000000 3.387154e-09
5615.000000 3.366347e-09
5620.000000 3.305012e-09
5625.000000 3.205254e-09
5630.000000 3.154248e-09
5635.000000 3.209980e-09
5640.000000 3.275723e-09
5645.000000 3.276355e-09
5650.000000 3.340577e-09
5655.000000 3.557628e-09
5660.000000 3.715754e-09
5665.000000 3.634506e-09
5670.000000 3.514418e-09
5675.000000 3.585224e-09
5680.000000 3.768530e-09
5685.000000 3.921888e-09
5690.000000 4.049911e-09
5695.000000 4.184726e-09
5700.000000 4.276654e-09
5705.000000 4.277544e-09
5710.000000 4.229853e-09
5715.000000 4.198896e-09
5720.000000 4.216175e-09
5725.000000 4.286164e-09
5730.000000 4.378737e-09
5735.000000 4.460353e-09
5740.000000 4.521482e-09
5745.000000 4.562388e-09
5750.000000 4.584470e-09
5755.000000 4.589187e-09
5760.000000 4.578342e-09
5765.000000 4.557133e-09
5770.000000 4.539571e-09
5775.000000 4.543016e-09
5780.000000 4.584365e-09
5785.000000 4.672009e-09
5790.000000 4.792300e-09
5795.000000 4.923126e-09
5800.000000 5.041732e-09
5805.000000 5.127595e-09
5810.000000 5.165933e-09
5815.000000 5.144159e-09
5820.000000 5.050853e-09
5825.000000 4.883735e-09
5830.000000 4.664398e-09
5835.000000 4.423580e-09
5840.000000 4.191965e-09
5845.000000 3.990492e-09
5850.000000 3.814770e-09
5855.000000 3.650679e-09
5860.000000 3.483601e-09
5865.000000 3.303985e-09
5870.000000 3.115433e-09
5875.000000 2.926571e-09
5880.000000 2.746538e-09
5885.000000 2.584429e-09
5890.000000 2.449299e-09
5895.000000 2.350148e-09
5900.000000 2.295519e-09
5905.000000 2.289202e-09
5910.000000 2.322653e-09
5915.000000 2.382586e-09
5920.000000 2.455677e-09
5925.000000 2.532893e-09
5930.000000 2.616383e-09
5935.000000 2.712588e-09
5940.000000 2.827679e-09
5945.000000 2.960828e-09
5950.000000 3.093021e-09
5955.000000 3.198262e-09
5960.000000 3.251125e-09
5965.000000 3.239208e-09
5970.000000 3.183840e-09
5975.000000 3.119336e-09
5980.000000 3.080173e-09
5985.000000 3.089493e-09
5990.000000 3.140933e-09
5995.000000 3.216823e-09
6000.000000 3.298895e-09
6005.000000 3.374387e-09
6010.000000 3.444851e-09
6015.000000 3.517348e-09
6020.000000 3.599271e-09
6025.000000 3.696015e-09
6030.000000 3.807745e-09
6035.000000 3.932629e-09
6040.000000 4.068230e-09
6045.000000 4.208077e-09
6050.000000 4.335224e-09
6055.000000 4.428747e-09
6060.000000 4.468582e-09
6065.000000 4.447615e-09
6070.000000 4.392339e-09
6075.000000 4.342188e-09
6080.000000 4.336166e-09
6085.000000 4.396081e-09
6090.000000 4.498964e-09
6095.000000 4.604650e-09
6100.000000 4.672459e-09
6105.000000 4.673550e-09
6110.000000 4.609946e-09
6115.000000 4.495512e-09
6120.000000 4.345245e-09
6125.000000 4.173818e-09
6130.000000 3.994995e-09
6135.000000 3.822149e-09
6140.000000 3.668125e-09
6145.000000 3.540391e-09
6150.000000 3.432480e-09
6155.000000 3.332571e-09
6160.000000 3.228870e-09
6165.000000 3.114917e-09
6170.000000 2.998237e-09
6175.000000 2.891710e-09
6180.000000 2.808166e-09
6185.000000 2.754477e-09
6190.000000 2.722044e-09
6195.000000 2.696322e-09
6200.000000 2.662802e-09
6205.000000 2.613201e-09
6210.000000 2.555506e-09
6215.000000 2.503944e-09
6220.000000 2.472839e-09
6225.000000 2.471191e-09
6230.000000 2.494186e-09
6235.000000 2.531712e-09
6240.000000 2.573514e-09
6245.000000 2.613574e-09
6250.000000 2.656778e-09
6255.000000 2.712209e-09
6260.000000 2.789022e-09
6265.000000 2.892857e-09
6270.000000 3.020221e-09
6275.000000 3.164102e-09
6280.000000 3.317270e-09
6285.000000 3.473783e-09
6290.000000 3.631085e-09
6295.000000 3.787850e-09
6300.000000 3.943282e-09
6305.000000 4.100080e-09
6310.000000 4.270059e-09
6315.000000 4.468548e-09
6320.000000 4.710061e-09
6325.000000 4.997572e-09
6330.000000 5.304044e-09
6335.000000 5.590913e-09
6340.000000 5.819690e-09
6345.000000 5.964251e-09
6350.000000 6.030596e-09
6355.000000 6.037084e-09
6360.000000 6.003460e-09
6365.000000 5.950600e-09
6370.000000 5.902471e-09
6375.000000 5.884179e-09
6380.000000 5.919997e-09
6385.000000 6.023986e-09
6390.000000 6.183958e-09
6395.000000 6.377490e-09
6400.000000 6.581701e-09
6405.000000 6.778115e-09
6410.000000 6.959906e-09
6415.000000 7.124751e-09
6420.000000 7.270870e-09
6425.000000 7.398078e-09
6430.000000 7.510240e-09
6435.000000 7.612742e-09
6440.000000 7.711165e-09
6445.000000 7.811058e-09
6450.000000 7.918013e-09
6455.000000 8.037593e-09
6460.000000 8.174861e-09
6465.000000 8.329515e-09
6470.000000 8.487453e-09
6475.000000 8.629248e-09
6480.000000 8.736573e-09
6485.000000 8.807837e-09
6490.000000 8.884719e-09
6495.000000 9.025602e-09
6500.000000 9.287332e-09
6505.000000 9.695501e-09
6510.000000 1.019428e-08
6515.000000 1.069645e-08
6520.000000 1.111504e-08
6525.000000 1.139539e-08
6530.000000 1.156706e-08
6535.000000 1.169211e-08
6540.000000 1.183290e-08
6545.000000 1.202285e-08
6550.000000 1.222027e-08
6555.000000 1.235466e-08
6560.000000 1.235515e-08
6565.000000 1.217662e-08
6570.000000 1.184103e-08
6575.000000 1.139608e-08
6580.000000 1.089173e-08
6585.000000 1.037534e-08
6590.000000 9.887280e-09
6595.000000 9.465260e-09
6600.000000 9.144829e-09
6605.000000 8.942759e-09
6610.000000 8.827000e-09
6615.000000 8.746673e-09
6620.000000 8.650702e-09
6625.000000 8.504785e-09
6630.000000 8.318016e-09
6635.000000 8.116233e-09
6640.000000 7.926008e-09
6645.000000 7.764159e-09
6650.000000 7.622351e-09
6655.000000 7.482539e-09
6660.000000 7.326699e-09
6665.000000 7.145785e-09
6670.000000 6.954441e-09
6675.000000 6.776367e-09
6680.000000 6.635118e-09
6685.000000 6.543794e-09
6690.000000 6.488317e-09
6695.000000 6.444123e-09
6700.000000 6.386605e-09
6705.000000 6.300747e-09
6710.000000 6.196628e-09
6715.000000 6.093871e-09
6720.000000 6.012551e-09
6725.000000 5.967213e-09
6730.000000 5.958003e-09
6735.000000 5.979577e-09
6740.000000 6.025900e-09
6745.000000 6.089978e-09
6750.000000 6.162270e-09
6755.000000 6.232284e-09
6760.000000 6.289595e-09
6765.000000 6.326317e-09
6770.000000 6.340737e-09
6775.000000 6.333642e-09
6780.000000 6.306514e-09
6785.000000 6.265779e-09
6790.000000 6.230618e-09
6795.000000 6.225199e-09
6800.000000 6.272856e-09
6805.000000 6.384748e-09
6810.000000 6.540255e-09
6815.000000 6.706469e-09
6820.000000 6.850409e-09
6825.000000 6.950142e-09
6830.000000 7.012389e-09
6835.000000 7.055027e-09
6840.000000 7.096207e-09
6845.000000 7.147359e-09
6850.000000 7.202070e-09
6855.000000 7.247065e-09
6860.000000 7.269288e-09
6865.000000 7.264239e-09
6870.000000 7.249702e-09
6875.000000 7.252078e-09
6880.000000 7.297733e-09
6885.000000 7.404523e-09
6890.000000 7.568143e-09
6895.000000 7.775714e-09
6900.000000 8.013854e-09
6905.000000 8.271926e-09
6910.000000 8.546729e-09
6915.000000 8.837775e-09
6920.000000 9.144748e-09
6925.000000 9.465152e-09
6930.000000 9.790874e-09
6935.000000 1.011177e-08
6940.000000 1.041765e-08
6945.000000 1.070059e-08
6950.000000 1.095853e-08
6955.000000 1.119164e-08
6960.000000 1.140058e-08
6965.000000 1.158858e-08
6970.000000 1.176549e-08
6975.000000 1.194371e-08
6980.000000 1.213564e-08
6985.000000 1.235083e-08
6990.000000 1.259154e-08
6995.000000 1.285718e-08
7000.000000 1.314738e-08
7005.000000 1.346683e-08
7010.000000 1.383333e-08
7015.000000 1.426969e-08
7020.000000 1.479601e-08
7025.000000 1.540001e-08
7030.000000 1.598529e-08
7035.000000 1.642318e-08
7040.000000 1.658609e-08
7045.000000 1.639049e-08
7050.000000 1.586725e-08
7055.000000 1.509113e-08
7060.000000 1.414181e-08
7065.000000 1.310313e-08
7070.000000 1.207018e-08
7075.000000 1.114218e-08
7080.000000 1.041502e-08
7085.000000 9.946365e-09
7090.000000 9.694487e-09
7095.000000 9.579496e-09
7100.000000 9.519496e-09
7105.000000 9.450721e-09
7110.000000 9.356511e-09
7115.000000 9.238336e-09
7120.000000 9.099907e-09
7125.000000 8.949426e-09
7130.000000 8.806724e-09
7135.000000 8.696004e-09
7140.000000 8.641263e-09
7145.000000 8.659287e-09
7150.000000 8.748144e-09
7155.000000 8.898676e-09
7160.000000 9.100771e-09
7165.000000 9.342168e-09
7170.000000 9.604774e-09
7175.000000 9.868402e-09
7180.000000 1.011306e-08
7185.000000 1.032395e-08
7190.000000 1.049957e-08
7195.000000 1.064357e-08
7200.000000 1.076100e-08
7205.000000 1.086553e-08
7210.000000 1.099348e-08
7215.000000 1.118977e-08
7220.000000 1.149827e-08
7225.000000 1.194263e-08
7230.000000 1.249430e-08
7235.000000 1.310451e-08
7240.000000 1.372393e-08
7245.000000 1.431652e-08
7250.000000 1.488125e-08
7255.000000 1.543034e-08
7260.000000 1.597709e-08
7265.000000 1.653139e-08
7270.000000 1.709435e-08
7275.000000 1.766380e-08
7280.000000 1.823745e-08
7285.000000 1.881678e-08
7290.000000 1.941282e-08
7295.000000 2.004039e-08
7300.000000 2.071309e-08
7305.000000 2.143188e-08
7310.000000 2.216401e-08
7315.000000 2.286378e-08
7320.000000 2.348642e-08
7325.000000 2.400965e-08
7330.000000 2.446904e-08
7335.000000 2.492255e-08
7340.000000 2.542822e-08
7345.000000 2.602185e-08
7350.000000 2.668163e-08
7355.000000 2.736340e-08
7360.000000 2.802180e-08
7365.000000 2.861928e-08
7370.000000 2.913869e-08
7375.000000 2.957087e-08
7380.000000 2.990857e-08
7385.000000 3.015650e-08
7390.000000 3.035022e-08
7395.000000 3.053703e-08
7400.000000 3.076335e-08
7405.000000 3.105396e-08
7410.000000 3.137707e-08
7415.000000 3.167953e-08
7420.000000 3.190804e-08
7425.000000 3.203319e-08
7430.000000 3.208696e-08
7435.000000 3.212497e-08
7440.000000 3.220380e-08
7445.000000 3.236441e-08
7450.000000 3.260787e-08
7455.000000 3.291983e-08
7460.000000 3.328415e-08
7465.000000 3.368421e-08
7470.000000 3.410097e-08
7475.000000 3.451471e-08
7480.000000 3.490642e-08
7485.000000 3.526328e-08
7490.000000 3.558911e-08
7495.000000 3.589394e-08
7500.000000 3.618813e-08
7505.000000 3.647725e-08
7510.000000 3.675475e-08
7515.000000 3.700953e-08
7520.000000 3.722997e-08
7525.000000 3.740701e-08
7530.000000 3.753776e-08
7535.000000 3.762169e-08
7540.000000 3.765998e-08
7545.000000 3.766980e-08
7550.000000 3.770960e-08
7555.000000 3.785389e-08
7560.000000 3.817309e-08
7565.000000 3.868328e-08
7570.000000 3.925862e-08
7575.000000 3.971898e-08
7580.000000 3.988640e-08
7585.000000 3.965963e-08
7590.000000 3.913699e-08
7595.000000 3.849323e-08
7600.000000 3.790345e-08
7605.000000 3.746394e-08
7610.000000 3.706836e-08
7615.000000 3.653203e-08
7620.000000 3.566913e-08
7625.000000 3.436300e-08
7630.000000 3.267516e-08
7635.000000 3.073627e-08
7640.000000 2.868113e-08
7645.000000 2.662245e-08
7650.000000 2.461390e-08
7655.000000 2.268693e-08
7660.000000 2.087209e-08
7665.000000 1.921530e-08
7670.000000 1.780196e-08
7675.000000 1.673276e-08
7680.000000 1.610483e-08
7685.000000 1.596344e-08
7690.000000 1.621948e-08
7695.000000 1.673216e-08
7700.000000 1.735887e-08
7705.000000 1.799159e-08
7710.000000 1.861191e-08
7715.000000 1.923576e-08
7720.000000 1.988071e-08
7725.000000 2.054483e-08
7730.000000 2.117534e-08
7735.000000 2.170024e-08
7740.000000 2.204891e-08
7745.000000 2.218611e-08
7750.000000 2.216788e-08
7755.000000 2.208572e-08
7760.000000 2.203213e-08
7765.000000 2.207485e-08
7770.000000 2.221772e-08
7775.000000 2.244002e-08
7780.000000 2.271915e-08
7785.000000 2.303847e-08
7790.000000 2.339676e-08
7795.000000 2.379895e-08
7800.000000 2.424936e-08
7805.000000 2.474126e-08
7810.000000 2.523931e-08
7815.000000 2.569719e-08
7820.000000 2.606934e-08
7825.000000 2.633031e-08
7830.000000 2.650641e-08
7835.000000 2.664390e-08
7840.000000 2.679014e-08
7845.000000 2.698379e-08
7850.000000 2.724079e-08
7855.000000 2.756825e-08
7860.000000 2.797083e-08
7865.000000 2.843675e-08
7870.000000 2.891163e-08
7875.000000 2.932473e-08
7880.000000 2.960704e-08
7885.000000 2.972233e-08
7890.000000 2.971969e-08
7895.000000 2.968138e-08
7900.000000 2.968991e-08
7905.000000 2.980068e-08
7910.000000 2.999797e-08
7915.000000 3.023894e-08
7920.000000 3.047928e-08
7925.000000 3.068999e-08
7930.000000 3.088130e-08
7935.000000 3.107845e-08
7940.000000 3.130762e-08
7945.000000 3.158982e-08
7950.000000 3.193190e-08
7955.000000 3.233566e-08
7960.000000 3.280131e-08
7965.000000 3.332370e-08
7970.000000 3.388205e-08
7975.000000 3.444983e-08
7980.000000 3.500054e-08
7985.000000 3.551571e-08
7990.000000 3.599715e-08
7995.000000 3.645454e-08
8000.000000 3.689859e-08
8005.000000 3.734149e-08
8010.000000 3.779956e-08
8015.000000 3.829090e-08
8020.000000 3.883292e-08
8025.000000 3.943605e-08
8030.000000 4.009264e-08
8035.000000 4.078798e-08
8040.000000 4.150680e-08
8045.000000 4.223405e-08
8050.000000 4.295539e-08
8055.000000 4.365696e-08
8060.000000 4.432533e-08
8065.000000 4.495288e-08
8070.000000 4.554683e-08
8075.000000 4.611971e-08
8080.000000 4.668458e-08
8085.000000 4.725052e-08
8090.000000 4.781637e-08
8095.000000 4.837706e-08
8100.000000 4.892782e-08
8105.000000 4.946886e-08
8110.000000 5.001403e-08
8115.000000 5.058229e-08
8120.000000 5.119036e-08
8125.000000 5.182699e-08
8130.000000 5.240772e-08
8135.000000 5.282021e-08
8140.000000 5.295347e-08
8145.000000 5.273920e-08
8150.000000 5.222020e-08
8155.000000 5.148156e-08
8160.000000 5.061123e-08
8165.000000 4.968289e-08
8170.000000 4.873264e-08
8175.000000 4.778208e-08
8180.000000 4.685517e-08
8185.000000 4.601581e-08
8190.000000 4.543068e-08
8195.000000 4.530586e-08
8200.000000 4.583848e-08
8205.000000 4.709432e-08
8210.000000 4.879782e-08
8215.000000 5.054162e-08
8220.000000 5.192064e-08
8225.000000 5.268115e-08
8230.000000 5.296255e-08
8235.000000 5.305502e-08
8240.000000 5.325245e-08
8245.000000 5.373158e-08
8250.000000 5.436569e-08
8255.000000 5.491109e-08
8260.000000 5.512126e-08
8265.000000 5.483640e-08
8270.000000 5.412382e-08
8275.000000 5.313723e-08
8280.000000 5.203752e-08
8285.000000 5.096710e-08
8290.000000 5.001937e-08
8295.000000 4.926932e-08
8300.000000 4.878590e-08
8305.000000 4.859626e-08
8310.000000 4.862004e-08
8315.000000 4.873479e-08
8320.000000 4.881840e-08
8325.000000 4.879099e-08
8330.000000 4.868158e-08
8335.000000 4.856149e-08
8340.000000 4.850343e-08
8345.000000 4.855416e-08
8350.000000 4.869306e-08
8355.000000 4.887329e-08
8360.000000 4.904729e-08
8365.000000 4.918616e-08
8370.000000 4.930850e-08
8375.000000 4.945176e-08
8380.000000 4.965228e-08
8385.000000 4.992191e-08
8390.000000 5.020765e-08
8395.000000 5.043162e-08
8400.000000 5.051505e-08
8405.000000 5.039419e-08
8410.000000 5.004456e-08
8415.000000 4.945649e-08
8420.000000 4.862381e-08
8425.000000 4.755682e-08
8430.000000 4.630907e-08
8435.000000 4.495145e-08
8440.000000 4.355542e-08
8445.000000 4.218845e-08
8450.000000 4.090682e-08
8455.000000 3.976239e-08
8460.000000 3.880693e-08
8465.000000 3.809387e-08
8470.000000 3.768213e-08
8475.000000 3.763221e-08
8480.000000 3.799712e-08
8485.000000 3.875158e-08
8490.000000 3.966731e-08
8495.000000 4.043768e-08
8500.000000 4.076351e-08
8505.000000 4.049585e-08
8510.000000 3.987656e-08
8515.000000 3.929790e-08
8520.000000 3.915148e-08
8525.000000 3.967414e-08
8530.000000 4.070018e-08
8535.000000 4.190917e-08
8540.000000 4.297501e-08
8545.000000 4.367447e-08
8550.000000 4.405018e-08
8555.000000 4.424695e-08
8560.000000 4.441623e-08
8565.000000 4.466891e-08
8570.000000 4.501123e-08
8575.000000 4.540972e-08
8580.000000 4.582762e-08
8585.000000 4.623777e-08
8590.000000 4.663941e-08
8595.000000 4.704139e-08
8600.000000 4.745220e-08
8605.000000 4.786826e-08
8610.000000 4.825335e-08
8615.000000 4.855899e-08
8620.000000 4.873891e-08
8625.000000 4.878023e-08
8630.000000 4.875721e-08
8635.000000 4.877769e-08
8640.000000 4.894735e-08
8645.000000 4.931229e-08
8650.000000 4.976624e-08
8655.000000 5.014363e-08
8660.000000 5.028012e-08
8665.000000 5.007932e-08
8670.000000 4.962205e-08
8675.000000 4.905701e-08
8680.000000 4.853491e-08
8685.000000 4.815851e-08
8690.000000 4.790576e-08
8695.000000 4.770657e-08
8700.000000 4.749062e-08
8705.000000 4.723470e-08
8710.000000 4.703852e-08
8715.000000 4.704893e-08
8720.000000 4.740953e-08
8725.000000 4.818751e-08
8730.000000 4.925038e-08
8735.000000 5.038958e-08
8740.000000 5.139408e-08
8745.000000 5.211225e-08
8750.000000 5.254449e-08
8755.000000 5.275037e-08
8760.000000 5.279659e-08
8765.000000 5.276359e-08
8770.000000 5.276823e-08
8775.000000 5.294123e-08
8780.000000 5.340660e-08
8785.000000 5.420780e-08
8790.000000 5.517877e-08
8795.000000 5.607305e-08
8800.000000 5.664542e-08
8805.000000 5.674353e-08
8810.000000 5.645765e-08
8815.000000 5.597039e-08
8820.000000 5.546989e-08
8825.000000 5.510087e-08
8830.000000 5.489584e-08
8835.000000 5.484436e-08
8840.000000 5.492816e-08
8845.000000 5.509368e-08
8850.000000 5.519653e-08
8855.000000 5.505736e-08
8860.000000 5.450392e-08
8865.000000 5.347199e-08
8870.000000 5.217814e-08
8875.000000 5.094669e-08
8880.000000 5.010182e-08
8885.000000 4.985884e-08
8890.000000 5.014880e-08
8895.000000 5.079395e-08
8900.000000 5.160871e-08
8905.000000 5.243881e-08
8910.000000 5.321094e-08
8915.000000 5.388323e-08
8920.000000 5.441792e-08
8925.000000 5.479005e-08
8930.000000 5.500733e-08
8935.000000 5.509046e-08
8940.000000 5.506292e-08
8945.000000 5.496893e-08
8950.000000 5.490595e-08
8955.000000 5.499178e-08
8960.000000 5.533965e-08
8965.000000 5.599506e-08
8970.000000 5.682768e-08
8975.000000 5.763954e-08
8980.000000 5.823371e-08
8985.000000 5.849289e-08
8990.000000 5.850509e-08
8995.000000 5.843790e-08
9000.000000 5.846180e-08
9005.000000 5.869867e-08
9010.000000 5.914462e-08
9015.000000 5.974699e-08
9020.000000 6.044773e-08
9025.000000 6.117732e-08
9030.000000 6.183856e-08
9035.000000 6.232342e-08
9040.000000 6.252736e-08
9045.000000 6.239339e-08
9050.000000 6.198874e-08
9055.000000 6.142738e-08
9060.000000 6.082745e-08
9065.000000 6.029076e-08
9070.000000 5.987908e-08
9075.000000 5.963798e-08
9080.000000 5.961033e-08
9085.000000 5.981813e-08
9090.000000 6.023164e-08
9095.000000 6.080087e-08
9100.000000 6.147275e-08
9105.000000 6.218013e-08
9110.000000 6.282194e-08
9115.000000 6.328273e-08
9120.000000 6.345334e-08
9125.000000 6.328928e-08
9130.000000 6.291712e-08
9135.000000 6.252879e-08
9140.000000 6.231667e-08
9145.000000 6.240890e-08
9150.000000 6.276703e-08
9155.000000 6.328906e-08
9160.000000 6.386890e-08
9165.000000 6.442476e-08
9170.000000 6.493806e-08
9175.000000 6.541462e-08
9180.000000 6.586267e-08
9185.000000 6.628866e-08
9190.000000 6.669423e-08
9195.000000 6.707901e-08
9200.000000 6.744051e-08
9205.000000 6.775360e-08
9210.000000 6.793352e-08
9215.000000 6.787280e-08
9220.000000 6.746779e-08
9225.000000 6.667343e-08
9230.000000 6.559710e-08
9235.000000 6.440501e-08
9240.000000 6.326801e-08
9245.000000 6.234461e-08
9250.000000 6.176085e-08
9255.000000 6.163073e-08
9260.000000 6.205702e-08
9265.000000 6.304280e-08
9270.000000 6.433124e-08
9275.000000 6.556699e-08
9280.000000 6.639635e-08
9285.000000 6.659784e-08
9290.000000 6.628908e-08
9295.000000 6.571864e-08
9300.000000 6.514420e-08
9305.000000 6.478604e-08
9310.000000 6.476479e-08
9315.000000 6.516342e-08
9320.000000 6.604989e-08
9325.000000 6.737854e-08
9330.000000 6.880918e-08
9335.000000 6.988765e-08
9340.000000 7.016921e-08
9345.000000 6.940770e-08
9350.000000 6.787440e-08
9355.000000 6.603947e-08
9360.000000 6.438162e-08
9365.000000 6.326121e-08
9370.000000 6.273248e-08
9375.000000 6.273190e-08
9380.000000 6.317997e-08
9385.000000 6.395266e-08
9390.000000 6.481172e-08
9395.000000 6.547485e-08
9400.000000 6.566941e-08
9405.000000 6.526271e-08
9410.000000 6.448661e-08
9415.000000 6.371219e-08
9420.000000 6.331017e-08
9425.000000 6.349796e-08
9430.000000 6.409629e-08
9435.000000 6.477302e-08
9440.000000 6.519487e-08
9445.000000 6.516695e-08
9450.000000 6.485434e-08
9455.000000 6.456092e-08
9460.000000 6.459020e-08
9465.000000 6.510547e-08
9470.000000 6.590501e-08
9475.000000 6.664725e-08
9480.000000 6.699149e-08
9485.000000 6.674807e-08
9490.000000 6.612018e-08
9495.000000 6.546128e-08
9500.000000 6.512774e-08
9505.000000 6.534358e-08
9510.000000 6.599121e-08
9515.000000 6.682131e-08
9520.000000 6.757988e-08
9525.000000 6.809116e-08
9530.000000 6.838533e-08
9535.000000 6.857094e-08
9540.000000 6.876039e-08
9545.000000 6.902268e-08
9550.000000 6.931179e-08
9555.000000 6.953938e-08
9560.000000 6.961544e-08
9565.000000 6.948994e-08
9570.000000 6.921562e-08
9575.000000 6.888473e-08
9580.000000 6.859013e-08
9585.000000 6.839479e-08
9590.000000 6.828327e-08
9595.000000 6.821014e-08
9600.000000 6.812896e-08
9605.000000 6.801793e-08
9610.000000 6.791757e-08
9615.000000 6.789229e-08
9620.000000 6.800536e-08
9625.000000 6.828061e-08
9630.000000 6.863997e-08
9635.000000 6.896658e-08
9640.000000 6.914559e-08
9645.000000 6.912564e-08
9650.000000 6.902028e-08
9655.000000 6.900636e-08
9660.000000 6.925609e-08
9665.000000 6.983771e-08
9670.000000 7.054683e-08
9675.000000 7.107416e-08
9680.000000 7.111657e-08
9685.000000 7.053368e-08
9690.000000 6.960875e-08
9695.000000 6.878730e-08
9700.000000 6.851250e-08
9705.000000 6.903469e-08
9710.000000 7.010379e-08
9715.000000 7.127742e-08
9720.000000 7.210885e-08
9725.000000 7.230796e-08
9730.000000 7.198840e-08
9735.000000 7.141882e-08
9740.000000 7.087645e-08
9745.000000 7.056205e-08
9750.000000 7.047758e-08
9755.000000 7.054861e-08
9760.000000 7.069467e-08
9765.000000 7.084919e-08
9770.000000 7.098053e-08
9775.000000 7.107155e-08
9780.000000 7.110788e-08
9785.000000 7.109639e-08
9790.000000 7.109691e-08
9795.000000 7.119056e-08
9800.000000 7.145491e-08
9805.000000 7.192185e-08
9810.000000 7.250166e-08
9815.000000 7.305859e-08
9820.000000 7.345547e-08
9825.000000 7.359340e-08
9830.000000 7.347125e-08
9835.000000 7.312619e-08
9840.000000 7.260111e-08
9845.000000 7.195757e-08
9850.000000 7.130788e-08
9855.000000 7.078365e-08
9860.000000 7.050899e-08
9865.000000 7.051768e-08
9870.000000 7.060801e-08
9875.000000 7.048739e-08
9880.000000 6.986475e-08
9885.000000 6.855353e-08
9890.000000 6.663934e-08
9895.000000 6.431235e-08
9900.000000 6.177614e-08
9905.000000 5.926911e-08
9910.000000 5.711803e-08
9915.000000 5.568396e-08
9920.000000 5.531195e-08
9925.000000 5.615409e-08
9930.000000 5.786036e-08
9935.000000 5.988753e-08
9940.000000 6.168992e-08
9945.000000 6.288672e-08
9950.000000 6.352549e-08
9955.000000 6.381885e-08
9960.000000 6.399014e-08
9965.000000 6.420798e-08
9970.000000 6.449712e-08
9975.000000 6.482707e-08
9980.000000 6.516362e-08
9985.000000 6.548562e-08
9990.000000 6.580741e-08
9995.000000 6.615686e-08
10000.000000 6.656020e-08
10005.000000 6.701965e-08
10010.000000 6.747211e-08
10015.000000 6.782993e-08
10020.000000 6.800790e-08
10025.000000 6.797239e-08
10030.000000 6.782381e-08
10035.000000 6.771381e-08
10040.000000 6.779356e-08
10045.000000 6.815750e-08
10050.000000 6.875212e-08
10055.000000 6.946725e-08
10060.000000 7.018917e-08
10065.000000 7.082436e-08
10070.000000 7.133289e-08
10075.000000 7.169483e-08
10080.000000 7.189401e-08
10085.000000 7.193150e-08
10090.000000 7.185135e-08
10095.000000 7.171491e-08
10100.000000 7.158339e-08
10105.000000 7.150494e-08
10110.000000 7.149327e-08
10115.000000 7.154910e-08
10120.000000 7.166953e-08
10125.000000 7.183844e-08
10130.000000 7.200281e-08
10135.000000 7.209491e-08
10140.000000 7.205023e-08
10145.000000 7.183999e-08
10150.000000 7.153184e-08
10155.000000 7.122961e-08
10160.000000 7.103534e-08
10165.000000 7.099393e-08
10170.000000 7.100175e-08
10175.000000 7.089862e-08
10180.000000 7.052682e-08
10185.000000 6.981873e-08
10190.000000 6.893640e-08
10195.000000 6.813235e-08
10200.000000 6.765698e-08
10205.000000 6.765978e-08
10210.000000 6.802826e-08
10215.000000 6.854781e-08
10220.000000 6.900066e-08
10225.000000 6.922620e-08
10230.000000 6.921589e-08
10235.000000 6.901854e-08
10240.000000 6.868917e-08
10245.000000 6.828284e-08
10250.000000 6.785541e-08
10255.000000 6.746255e-08
10260.000000 6.715927e-08
10265.000000 6.698993e-08
10270.000000 6.697201e-08
10275.000000 6.711275e-08
10280.000000 6.741606e-08
10285.000000 6.786371e-08
10290.000000 6.838117e-08
10295.000000 6.887135e-08
10300.000000 6.923919e-08
10305.000000 6.942440e-08
10310.000000 6.945879e-08
10315.000000 6.940960e-08
10320.000000 6.934660e-08
10325.000000 6.933320e-08
10330.000000 6.941319e-08
10335.000000 6.962426e-08
10340.000000 6.999971e-08
10345.000000 7.054135e-08
10350.000000 7.116841e-08
10355.000000 7.176796e-08
10360.000000 7.222874e-08
10365.000000 7.248074e-08
10370.000000 7.256194e-08
10375.000000 7.255228e-08
10380.000000 7.253414e-08
10385.000000 7.257454e-08
10390.000000 7.270101e-08
10395.000000 7.292585e-08
10400.000000 7.325762e-08
10405.000000 7.368247e-08
10410.000000 7.412795e-08
10415.000000 7.450032e-08
10420.000000 7.470970e-08
10425.000000 7.473126e-08
10430.000000 7.471174e-08
10435.000000 7.486322e-08
10440.000000 7.538977e-08
10445.000000 7.635391e-08
10450.000000 7.744760e-08
10455.000000 7.822055e-08
10460.000000 7.823084e-08
10465.000000 7.726050e-08
10470.000000 7.567390e-08
10475.000000 7.405990e-08
10480.000000 7.300833e-08
10485.000000 7.289611e-08
10490.000000 7.354841e-08
10495.000000 7.457761e-08
10500.000000 7.558540e-08
10505.000000 7.628021e-08
10510.000000 7.664636e-08
10515.000000 7.677428e-08
10520.000000 7.676311e-08
10525.000000 7.669038e-08
10530.000000 7.657690e-08
10535.000000 7.642195e-08
10540.000000 7.622341e-08
10545.000000 7.598842e-08
10550.000000 7.574837e-08
10555.000000 7.554377e-08
10560.000000 7.541322e-08
10565.000000 7.536691e-08
10570.000000 7.534168e-08
10575.000000 7.524574e-08
10580.000000 7.499035e-08
10585.000000 7.454328e-08
10590.000000 7.402058e-08
10595.000000 7.359512e-08
10600.000000 7.343840e-08
10605.000000 7.366238e-08
10610.000000 7.422031e-08
10615.000000 7.500497e-08
10620.000000 5.680869e-08
