1150.000000 0.000000e+00
1155.000000 0.000000e+00
1160.000000 0.000000e+00
1165.000000 0.000000e+00
1170.000000 0.000000e+00
1175.000000 0.000000e+00
1180.000000 0.000000e+00
1185.000000 0.000000e+00
1190.000000 0.000000e+00
1195.000000 0.000000e+00
1200.000000 0.000000e+00
1205.000000 0.000000e+00
1210.000000 0.000000e+00
1215.000000 0.000000e+00
1220.000000 0.000000e+00
1225.000000 0.000000e+00
1230.000000 0.000000e+00
1235.000000 0.000000e+00
1240.000000 0.000000e+00
1245.000000 0.000000e+00
1250.000000 0.000000e+00
1255.000000 0.000000e+00
1260.000000 0.000000e+00
1265.000000 0.000000e+00
1270.000000 0.000000e+00
1275.000000 0.000000e+00
1280.000000 0.000000e+00
1285.000000 0.000000e+00
1290.000000 0.000000e+00
1295.000000 0.000000e+00
1300.000000 0.000000e+00
1305.000000 0.000000e+00
1310.000000 0.000000e+00
1315.000000 0.000000e+00
1320.000000 0.000000e+00
1325.000000 0.000000e+00
1330.000000 0.000000e+00
1335.000000 0.000000e+00
1340.000000 0.000000e+00
1345.000000 0.000000e+00
1350.000000 0.000000e+00
1355.000000 0.000000e+00
1360.000000 0.000000e+00
1365.000000 0.000000e+00
1370.000000 0.000000e+00
1375.000000 0.000000e+00
1380.000000 0.000000e+00
1385.000000 0.000000e+00
1390.000000 0.000000e+00
1395.000000 0.000000e+00
1400.000000 0.000000e+00
1405.000000 0.000000e+00
1410.000000 0.000000e+00
1415.000000 0.000000e+00
1420.000000 0.000000e+00
1425.000000 0.000000e+00
1430.000000 0.000000e+00
1435.000000 0.000000e+00
1440.000000 0.000000e+00
1445.000000 0.000000e+00
1450.000000 0.000000e+00
1455.000000 0.000000e+00
1460.000000 0.000000e+00
1465.000000 0.000000e+00
1470.000000 0.000000e+00
1475.000000 0.000000e+00
1480.000000 0.000000e+00
1485.000000 0.000000e+00
1490.000000 0.000000e+00
1495.000000 0.000000e+00
1500.000000 0.000000e+00
1505.000000 0.000000e+00
1510.000000 0.000000e+00
1515.000000 0.000000e+00
1520.000000 0.000000e+00
1525.000000 0.000000e+00
1530.000000 0.000000e+00
1535.000000 0.000000e+00
1540.000000 0.000000e+00
1545.000000 0.000000e+00
1550.000000 0.000000e+00
1555.000000 0.000000e+00
1560.000000 0.000000e+00
1565.000000 0.000000e+00
1570.000000 0.000000e+00
1575.000000 0.000000e+00
1580.000000 0.000000e+00
1585.000000 0.000000e+00
1590.000000 0.000000e+00
1595.000000 0.000000e+00
1600.000000 0.000000e+00
1605.000000 0.000000e+00
1610.000000 0.000000e+00
1615.000000 0.000000e+00
1620.000000 0.000000e+00
1625.000000 0.000000e+00
1630.000000 0.000000e+00
1635.000000 0.000000e+00
1640.000000 0.000000e+00
1645.000000 0.000000e+00
1650.000000 0.000000e+00
1655.000000 0.000000e+00
1660.000000 0.000000e+00
1665.000000 0.000000e+00
1670.000000 0.000000e+00
1675.000000 0.000000e+00
1680.000000 0.000000e+00
1685.000000 0.000000e+00
1690.000000 0.000000e+00
1695.000000 0.000000e+00
1700.000000 0.000000e+00
1705.000000 0.000000e+00
1710.000000 0.000000e+00
1715.000000 0.000000e+00
1720.000000 0.000000e+00
1725.000000 0.000000e+00
1730.000000 0.000000e+00
1735.000000 0.000000e+00
1740.000000 0.000000e+00
1745.000000 0.000000e+00
1750.000000 0.000000e+00
1755.000000 0.000000e+00
1760.000000 0.000000e+00
1765.000000 0.000000e+00
1770.000000 0.000000e+00
1775.000000 0.000000e+00
1780.000000 0.000000e+00
1785.000000 0.000000e+00
1790.000000 0.000000e+00
1795.000000 0.000000e+00
1800.000000 0.000000e+00
1805.000000 0.000000e+00
1810.000000 0.000000e+00
1815.000000 0.000000e+00
1820.000000 0.000000e+00
1825.000000 0.000000e+00
1830.000000 0.000000e+00
1835.000000 0.000000e+00
1840.000000 0.000000e+00
1845.000000 0.000000e+00
1850.000000 0.000000e+00
1855.000000 0.000000e+00
1860.000000 0.000000e+00
1865.000000 0.000000e+00
1870.000000 0.000000e+00
1875.000000 0.000000e+00
1880.000000 0.000000e+00
1885.000000 0.000000e+00
1890.000000 0.000000e+00
1895.000000 0.000000e+00
1900.000000 0.000000e+00
1905.000000 0.000000e+00
1910.000000 0.000000e+00
1915.000000 0.000000e+00
1920.000000 0.000000e+00
1925.000000 0.000000e+00
1930.000000 0.000000e+00
1935.000000 0.000000e+00
1940.000000 0.000000e+00
1945.000000 0.000000e+00
1950.000000 0.000000e+00
1955.000000 0.000000e+00
1960.000000 0.000000e+00
1965.000000 0.000000e+00
1970.000000 0.000000e+00
1975.000000 0.000000e+00
1980.000000 0.000000e+00
1985.000000 0.000000e+00
1990.000000 0.000000e+00
1995.000000 0.000000e+00
2000.000000 0.000000e+00
2005.000000 0.000000e+00
2010.000000 0.000000e+00
2015.000000 0.000000e+00
2020.000000 0.000000e+00
2025.000000 0.000000e+00
2030.000000 0.000000e+00
2035.000000 0.000000e+00
2040.000000 0.000000e+00
2045.000000 0.000000e+00
2050.000000 0.000000e+00
2055.000000 0.000000e+00
2060.000000 0.000000e+00
2065.000000 0.000000e+00
2070.000000 0.000000e+00
2075.000000 0.000000e+00
2080.000000 0.000000e+00
2085.000000 0.000000e+00
2090.000000 0.000000e+00
2095.000000 0.000000e+00
2100.000000 0.000000e+00
2105.000000 0.000000e+00
2110.000000 0.000000e+00
2115.000000 0.000000e+00
2120.000000 0.000000e+00
2125.000000 0.000000e+00
2130.000000 0.000000e+00
2135.000000 0.000000e+00
2140.000000 0.000000e+00
2145.000000 0.000000e+00
2150.000000 0.000000e+00
2155.000000 0.000000e+00
2160.000000 0.000000e+00
2165.000000 0.000000e+00
2170.000000 0.000000e+00
2175.000000 0.000000e+00
2180.000000 0.000000e+00
2185.000000 0.000000e+00
2190.000000 0.000000e+00
2195.000000 0.000000e+00
2200.000000 0.000000e+00
2205.000000 0.000000e+00
2210.000000 0.000000e+00
2215.000000 0.000000e+00
2220.000000 0.000000e+00
2225.000000 0.000000e+00
2230.000000 0.000000e+00
2235.000000 0.000000e+00
2240.000000 0.000000e+00
2245.000000 0.000000e+00
2250.000000 0.000000e+00
2255.000000 0.000000e+00
2260.000000 0.000000e+00
2265.000000 0.000000e+00
2270.000000 0.000000e+00
2275.000000 0.000000e+00
2280.000000 0.000000e+00
2285.000000 0.000000e+00
2290.000000 0.000000e+00
2295.000000 0.000000e+00
2300.000000 4.796895e-16
2305.000000 3.831264e-15
2310.000000 8.140137e-15
2315.000000 1.484121e-14
2320.000000 1.914800e-14
2325.000000 2.249753e-14
2330.000000 2.297516e-14
2335.000000 2.249547e-14
2340.000000 1.866423e-14
2345.000000 1.100382e-14
2350.000000 1.432892e-15
2355.000000 0.000000e+00
2360.000000 0.000000e+00
2365.000000 0.000000e+00
2370.000000 0.000000e+00
2375.000000 0.000000e+00
2380.000000 0.000000e+00
2385.000000 0.000000e+00
2390.000000 0.000000e+00
2395.000000 0.000000e+00
2400.000000 7.674330e-15
2405.000000 6.177854e-14
2410.000000 1.273564e-13
2415.000000 1.977168e-13
2420.000000 2.584979e-13
2425.000000 3.034812e-13
2430.000000 3.250056e-13
2435.000000 3.125412e-13
2440.000000 2.579516e-13
2445.000000 1.535786e-13
2450.000000 2.006220e-14
2455.000000 0.000000e+00
2460.000000 0.000000e+00
2465.000000 0.000000e+00
2470.000000 0.000000e+00
2475.000000 0.000000e+00
2480.000000 0.000000e+00
2485.000000 0.000000e+00
2490.000000 0.000000e+00
2495.000000 0.000000e+00
2500.000000 1.050337e-13
2505.000000 8.639508e-13
2510.000000 1.896005e-12
2515.000000 3.080244e-12
2520.000000 4.364013e-12
2525.000000 5.695147e-12
2530.000000 7.028652e-12
2535.000000 8.312349e-12
2540.000000 9.494073e-12
2545.000000 1.052834e-11
2550.000000 1.136348e-11
2555.000000 1.197605e-11
2560.000000 1.239333e-11
2565.000000 1.267138e-11
2570.000000 1.286185e-11
2575.000000 1.301884e-11
2580.000000 1.320075e-11
2585.000000 1.345689e-11
2590.000000 1.384322e-11
2595.000000 1.441628e-11
2600.000000 1.522531e-11
2605.000000 1.630096e-11
2610.000000 1.761544e-11
2615.000000 1.911702e-11
2620.000000 2.075021e-11
2625.000000 2.246572e-11
2630.000000 2.420514e-11
2635.000000 2.591483e-11
2640.000000 2.754652e-11
2645.000000 2.904409e-11
2650.000000 3.035263e-11
2655.000000 3.143810e-11
2660.000000 3.230916e-11
2665.000000 3.298255e-11
2670.000000 3.348357e-11
2675.000000 3.383773e-11
2680.000000 3.406361e-11
2685.000000 3.418848e-11
2690.000000 3.423347e-11
2695.000000 3.422144e-11
2700.000000 3.417838e-11
2705.000000 3.413098e-11
2710.000000 3.412624e-11
2715.000000 3.421627e-11
2720.000000 3.444996e-11
2725.000000 3.488419e-11
2730.000000 3.556587e-11
2735.000000 3.655209e-11
2740.000000 3.789146e-11
2745.000000 3.963635e-11
2750.000000 4.183309e-11
2755.000000 4.448643e-11
2760.000000 4.748339e-11
2765.000000 5.066400e-11
2770.000000 5.386474e-11
2775.000000 5.692608e-11
2780.000000 5.968236e-11
2785.000000 6.197400e-11
2790.000000 6.363455e-11
2795.000000 6.450292e-11
2800.000000 6.442916e-11
2805.000000 6.335132e-11
2810.000000 6.147000e-11
2815.000000 5.907613e-11
2820.000000 5.647229e-11
2825.000000 5.396321e-11
2830.000000 5.184926e-11
2835.000000 5.043289e-11
2840.000000 5.001884e-11
2845.000000 5.090796e-11
2850.000000 5.339091e-11
2855.000000 5.761715e-11
2860.000000 6.337061e-11
2865.000000 7.030571e-11
2870.000000 7.805723e-11
2875.000000 8.626286e-11
2880.000000 9.455395e-11
2885.000000 1.025682e-10
2890.000000 1.099400e-10
2895.000000 1.163079e-10
2900.000000 1.213203e-10
2905.000000 1.247431e-10
2910.000000 1.266655e-10
2915.000000 1.272939e-10
2920.000000 1.268498e-10
2925.000000 1.255523e-10
2930.000000 1.236231e-10
2935.000000 1.212832e-10
2940.000000 1.187492e-10
2945.000000 1.162422e-10
2950.000000 1.139789e-10
2955.000000 1.121251e-10
2960.000000 1.107211e-10
2965.000000 1.097515e-10
2970.000000 1.092060e-10
2975.000000 1.090696e-10
2980.000000 1.093251e-10
2985.000000 1.099585e-10
2990.000000 1.109527e-10
2995.000000 1.122945e-10
3000.000000 1.139670e-10
3005.000000 1.159612e-10
3010.000000 1.182708e-10
3015.000000 1.208979e-10
3020.000000 1.238426e-10
3025.000000 1.271048e-10
3030.000000 1.306813e-10
3035.000000 1.345724e-10
3040.000000 1.387807e-10
3045.000000 1.433065e-10
3050.000000 1.481467e-10
3055.000000 1.533005e-10
3060.000000 1.587634e-10
3065.000000 1.645261e-10
3070.000000 1.705830e-10
3075.000000 1.769270e-10
3080.000000 1.835506e-10
3085.000000 1.904468e-10
3090.000000 1.976094e-10
3095.000000 2.050264e-10
3100.000000 2.126947e-10
3105.000000 2.205982e-10
3110.000000 2.287065e-10
3115.000000 2.369772e-10
3120.000000 2.453734e-10
3125.000000 2.538575e-10
3130.000000 2.623879e-10
3135.000000 2.709261e-10
3140.000000 2.794303e-10
3145.000000 2.878676e-10
3150.000000 2.961920e-10
3155.000000 3.145532e-10
3160.000000 3.794045e-10
3165.000000 3.703411e-10
3170.000000 3.615878e-10
3175.000000 3.718957e-10
3180.000000 3.805765e-10
3185.000000 3.716572e-10
3190.000000 3.652972e-10
3195.000000 3.834358e-10
3200.000000 4.155357e-10
3205.000000 3.819514e-10
3210.000000 3.158983e-10
3215.000000 2.656364e-10
3220.000000 2.545843e-10
3225.000000 2.837926e-10
3230.000000 3.209704e-10
3235.000000 3.379823e-10
3240.000000 3.494525e-10
3245.000000 3.786595e-10
3250.000000 4.278051e-10
3255.000000 4.863084e-10
3260.000000 5.326057e-10
3265.000000 5.484750e-10
3270.000000 5.355655e-10
3275.000000 5.105958e-10
3280.000000 5.085556e-10
3285.000000 5.507435e-10
3290.000000 6.053090e-10
3295.000000 6.322532e-10
3300.000000 6.241350e-10
3305.000000 5.937523e-10
3310.000000 5.721532e-10
3315.000000 5.801986e-10
3320.000000 5.958687e-10
3325.000000 5.949287e-10
3330.000000 5.898841e-10
3335.000000 5.998085e-10
3340.000000 6.226462e-10
3345.000000 6.435472e-10
3350.000000 6.377183e-10
3355.000000 5.956832e-10
3360.000000 5.560324e-10
3365.000000 5.534054e-10
3370.000000 5.652426e-10
3375.000000 5.639799e-10
3380.000000 5.662496e-10
3385.000000 5.930759e-10
3390.000000 6.312327e-10
3395.000000 6.575350e-10
3400.000000 6.589488e-10
3405.000000 6.361054e-10
3410.000000 6.138731e-10
3415.000000 6.152302e-10
3420.000000 6.337486e-10
3425.000000 6.464491e-10
3430.000000 6.189426e-10
3435.000000 5.410938e-10
3440.000000 4.751354e-10
3445.000000 4.790550e-10
3450.000000 5.276194e-10
3455.000000 5.723304e-10
3460.000000 5.892085e-10
3465.000000 5.771300e-10
3470.000000 5.669257e-10
3475.000000 5.832128e-10
3480.000000 6.049135e-10
3485.000000 6.119076e-10
3490.000000 6.312686e-10
3495.000000 6.871735e-10
3500.000000 7.479555e-10
3505.000000 7.615883e-10
3510.000000 6.930824e-10
3515.000000 6.946809e-10
3520.000000 6.432775e-10
3525.000000 6.513265e-10
3530.000000 7.854157e-10
3535.000000 8.972771e-10
3540.000000 9.414585e-10
3545.000000 9.219381e-10
3550.000000 8.573612e-10
3555.000000 7.739258e-10
3560.000000 6.906671e-10
3565.000000 5.493435e-10
3570.000000 4.844861e-10
3575.000000 4.564850e-10
3580.000000 4.015314e-10
3585.000000 4.563522e-10
3590.000000 5.480309e-10
3595.000000 6.407018e-10
3600.000000 6.541319e-10
3605.000000 5.747011e-10
3610.000000 5.821235e-10
3615.000000 6.282487e-10
3620.000000 6.988481e-10
3625.000000 7.770565e-10
3630.000000 6.739402e-10
3635.000000 7.437981e-10
3640.000000 8.362987e-10
3645.000000 7.461930e-10
3650.000000 8.684721e-10
3655.000000 1.119860e-09
3660.000000 1.234720e-09
3665.000000 1.213649e-09
3670.000000 1.139993e-09
3675.000000 9.829367e-10
3680.000000 8.007711e-10
3685.000000 8.429374e-10
3690.000000 1.007636e-09
3695.000000 1.132233e-09
3700.000000 1.065278e-09
3705.000000 8.820285e-10
3710.000000 7.883639e-10
3715.000000 7.154433e-10
3720.000000 6.330718e-10
3725.000000 6.180696e-10
3730.000000 5.466362e-10
3735.000000 4.652814e-10
3740.000000 4.588359e-10
3745.000000 4.495233e-10
3750.000000 5.221720e-10
3755.000000 6.113133e-10
3760.000000 6.327618e-10
3765.000000 7.106097e-10
3770.000000 8.607238e-10
3775.000000 9.796683e-10
3780.000000 1.013648e-09
3785.000000 9.047895e-10
3790.000000 7.960597e-10
3795.000000 7.603526e-10
3800.000000 8.134252e-10
3805.000000 8.871688e-10
3810.000000 8.367733e-10
3815.000000 6.460099e-10
3820.000000 4.803478e-10
3825.000000 4.072861e-10
3830.000000 4.165902e-10
3835.000000 4.635288e-10
3840.000000 5.527346e-10
3845.000000 6.911690e-10
3850.000000 7.019519e-10
3855.000000 5.951736e-10
3860.000000 5.614750e-10
3865.000000 6.393277e-10
3870.000000 6.938878e-10
3875.000000 6.739592e-10
3880.000000 6.437474e-10
3885.000000 6.544647e-10
3890.000000 7.317988e-10
3895.000000 7.428363e-10
3900.000000 7.323978e-10
3905.000000 7.460387e-10
3910.000000 7.971728e-10
3915.000000 7.737528e-10
3920.000000 6.763421e-10
3925.000000 5.537746e-10
3930.000000 4.387387e-10
3935.000000 4.163736e-10
3940.000000 4.948463e-10
3945.000000 6.323266e-10
3950.000000 7.506426e-10
3955.000000 7.302247e-10
3960.000000 6.135853e-10
3965.000000 5.204849e-10
3970.000000 5.469452e-10
3975.000000 7.210875e-10
3980.000000 9.311610e-10
3985.000000 1.105164e-09
3990.000000 1.215795e-09
3995.000000 1.253236e-09
4000.000000 1.273702e-09
4005.000000 1.298911e-09
4010.000000 1.374241e-09
4015.000000 1.463515e-09
4020.000000 1.536278e-09
4025.000000 1.527146e-09
4030.000000 1.431825e-09
4035.000000 1.409129e-09
4040.000000 1.359250e-09
4045.000000 1.300343e-09
4050.000000 1.395263e-09
4055.000000 1.444240e-09
4060.000000 1.427307e-09
4065.000000 1.390571e-09
4070.000000 1.355019e-09
4075.000000 1.404399e-09
4080.000000 1.581480e-09
4085.000000 1.800368e-09
4090.000000 1.888524e-09
4095.000000 1.780348e-09
4100.000000 1.656907e-09
4105.000000 1.643679e-09
4110.000000 1.672367e-09
4115.000000 1.723779e-09
4120.000000 1.751019e-09
4125.000000 1.726983e-09
4130.000000 1.651523e-09
4135.000000 1.632305e-09
4140.000000 1.573358e-09
4145.000000 1.558957e-09
4150.000000 1.636778e-09
4155.000000 1.749107e-09
4160.000000 1.837050e-09
4165.000000 1.798126e-09
4170.000000 1.709897e-09
4175.000000 1.699332e-09
4180.000000 1.729430e-09
4185.000000 1.731466e-09
4190.000000 1.735424e-09
4195.000000 1.660259e-09
4200.000000 1.620406e-09
4205.000000 1.743909e-09
4210.000000 1.852642e-09
4215.000000 1.801843e-09
4220.000000 1.548966e-09
4225.000000 1.207064e-09
4230.000000 1.154340e-09
4235.000000 1.337378e-09
4240.000000 1.599263e-09
4245.000000 1.714401e-09
4250.000000 1.643674e-09
4255.000000 1.583827e-09
4260.000000 1.580430e-09
4265.000000 1.620641e-09
4270.000000 1.595827e-09
4275.000000 1.650240e-09
4280.000000 1.693347e-09
4285.000000 1.645956e-09
4290.000000 1.575870e-09
4295.000000 1.540603e-09
4300.000000 1.476985e-09
4305.000000 1.455171e-09
4310.000000 1.619815e-09
4315.000000 1.957873e-09
4320.000000 2.147060e-09
4325.000000 2.146200e-09
4330.000000 2.209686e-09
4335.000000 2.257109e-09
4340.000000 2.319146e-09
4345.000000 2.422778e-09
4350.000000 2.425600e-09
4355.000000 2.459038e-09
4360.000000 2.534176e-09
4365.000000 2.558759e-09
4370.000000 2.476984e-09
4375.000000 2.307622e-09
4380.000000 2.079273e-09
4385.000000 1.987007e-09
4390.000000 2.108407e-09
4395.000000 2.293044e-09
4400.000000 2.335114e-09
4405.000000 2.266972e-09
4410.000000 2.315513e-09
4415.000000 2.397103e-09
4420.000000 2.515800e-09
4425.000000 2.513865e-09
4430.000000 2.498886e-09
4435.000000 2.534220e-09
4440.000000 2.661271e-09
4445.000000 2.773401e-09
4450.000000 2.703994e-09
4455.000000 2.475641e-09
4460.000000 2.408209e-09
4465.000000 2.605144e-09
4470.000000 2.859956e-09
4475.000000 3.014742e-09
4480.000000 3.069300e-09
4485.000000 3.121349e-09
4490.000000 3.102527e-09
4495.000000 3.094204e-09
4500.000000 3.215575e-09
4505.000000 3.366550e-09
4510.000000 3.448199e-09
4515.000000 3.425588e-09
4520.000000 3.271928e-09
4525.000000 2.974967e-09
4530.000000 2.762578e-09
4535.000000 2.822719e-09
4540.000000 2.989390e-09
4545.000000 3.088542e-09
4550.000000 3.189603e-09
4555.000000 3.327248e-09
4560.000000 3.422131e-09
4565.000000 3.448480e-09
4570.000000 3.440731e-09
4575.000000 3.425157e-09
4580.000000 3.385822e-09
4585.000000 3.407816e-09
4590.000000 3.404969e-09
4595.000000 3.369406e-09
4600.000000 3.361184e-09
4605.000000 3.429800e-09
4610.000000 3.508697e-09
4615.000000 3.549461e-09
4620.000000 3.588640e-09
4625.000000 3.623436e-09
4630.000000 3.595017e-09
4635.000000 3.506548e-09
4640.000000 3.422063e-09
4645.000000 3.334630e-09
4650.000000 3.327367e-09
4655.000000 3.433071e-09
4660.000000 3.513642e-09
4665.000000 3.432893e-09
4670.000000 3.394452e-09
4675.000000 3.424540e-09
4680.000000 3.463724e-09
4685.000000 3.501862e-09
4690.000000 3.467789e-09
4695.000000 3.386054e-09
4700.000000 3.251822e-09
4705.000000 3.201605e-09
4710.000000 3.256461e-09
4715.000000 3.361508e-09
4720.000000 3.450778e-09
4725.000000 3.447594e-09
4730.000000 3.389521e-09
4735.000000 3.355588e-09
4740.000000 3.380461e-09
4745.000000 3.435512e-09
4750.000000 3.435734e-09
4755.000000 3.361350e-09
4760.000000 3.259365e-09
4765.000000 3.134049e-09
4770.000000 3.034448e-09
4775.000000 2.952418e-09
4780.000000 2.916691e-09
4785.000000 2.964337e-09
4790.000000 3.092324e-09
4795.000000 3.226424e-09
4800.000000 3.339611e-09
4805.000000 3.404854e-09
4810.000000 3.447755e-09
4815.000000 3.458147e-09
4820.000000 3.390359e-09
4825.000000 3.299225e-09
4830.000000 3.248589e-09
4835.000000 3.259147e-09
4840.000000 3.334639e-09
4845.000000 3.428879e-09
4850.000000 3.444097e-09
4855.000000 3.349593e-09
4860.000000 3.234201e-09
4865.000000 3.182276e-09
4870.000000 3.158452e-09
4875.000000 3.216375e-09
4880.000000 3.211693e-09
4885.000000 3.128986e-09
4890.000000 3.130948e-09
4895.000000 3.306602e-09
4900.000000 3.435545e-09
4905.000000 3.469238e-09
4910.000000 3.365815e-09
4915.000000 3.178978e-09
4920.000000 3.065063e-09
4925.000000 3.239854e-09
4930.000000 3.397257e-09
4935.000000 3.348275e-09
4940.000000 3.307056e-09
4945.000000 3.414871e-09
4950.000000 3.463616e-09
4955.000000 3.302873e-09
4960.000000 3.222209e-09
4965.000000 3.256815e-09
4970.000000 3.288284e-09
4975.000000 3.258685e-09
4980.000000 3.119698e-09
4985.000000 3.070563e-09
4990.000000 3.070771e-09
4995.000000 3.043242e-09
5000.000000 2.985636e-09
5005.000000 2.895203e-09
5010.000000 2.834061e-09
5015.000000 2.798214e-09
5020.000000 2.843827e-09
5025.000000 2.903605e-09
5030.000000 2.945980e-09
5035.000000 2.869323e-09
5040.000000 2.774876e-09
5045.000000 2.834413e-09
5050.000000 2.904854e-09
5055.000000 2.984466e-09
5060.000000 2.982975e-09
5065.000000 2.838402e-09
5070.000000 2.716300e-09
5075.000000 2.667984e-09
5080.000000 2.664768e-09
5085.000000 2.733158e-09
5090.000000 2.788921e-09
5095.000000 2.737365e-09
5100.000000 2.643669e-09
5105.000000 2.602572e-09
5110.000000 2.626611e-09
5115.000000 2.693199e-09
5120.000000 2.693266e-09
5125.000000 2.602728e-09
5130.000000 2.577039e-09
5135.000000 2.604110e-09
5140.000000 2.586760e-09
5145.000000 2.552436e-09
5150.000000 2.550038e-09
5155.000000 2.630551e-09
5160.000000 2.608065e-09
5165.000000 2.253825e-09
5170.000000 1.928874e-09
5175.000000 1.879159e-09
5180.000000 1.922093e-09
5185.000000 2.113656e-09
5190.000000 2.422244e-09
5195.000000 2.690303e-09
5200.000000 2.724797e-09
5205.000000 2.475993e-09
5210.000000 2.534948e-09
5215.000000 2.935301e-09
5220.000000 3.231210e-09
5225.000000 3.223104e-09
5230.000000 3.245940e-09
5235.000000 3.410750e-09
5240.000000 3.571937e-09
5245.000000 3.561563e-09
5250.000000 3.508595e-09
5255.000000 3.495341e-09
5260.000000 3.314127e-09
5265.000000 2.926204e-09
5270.000000 2.806184e-09
5275.000000 3.059945e-09
5280.000000 3.364807e-09
5285.000000 3.602812e-09
5290.000000 3.681255e-09
5295.000000 3.569873e-09
5300.000000 3.539783e-09
5305.000000 3.682702e-09
5310.000000 3.821549e-09
5315.000000 3.845106e-09
5320.000000 3.669071e-09
5325.000000 3.360170e-09
5330.000000 3.263620e-09
5335.000000 3.349029e-09
5340.000000 3.430349e-09
5345.000000 3.516568e-09
5350.000000 3.649078e-09
5355.000000 3.829330e-09
5360.000000 3.839663e-09
5365.000000 3.630763e-09
5370.000000 3.499877e-09
5375.000000 3.650667e-09
5380.000000 3.805465e-09
5385.000000 3.802638e-09
5390.000000 3.681756e-09
5395.000000 3.529687e-09
5400.000000 3.406916e-09
5405.000000 3.302260e-09
5410.000000 3.366953e-09
5415.000000 3.592999e-09
5420.000000 3.751645e-09
5425.000000 3.703995e-09
5430.000000 3.590452e-09
5435.000000 3.610930e-09
5440.000000 3.679983e-09
5445.000000 3.636746e-09
5450.000000 3.640329e-09
5455.000000 3.688736e-09
5460.000000 3.772123e-09
5465.000000 3.821524e-09
5470.000000 3.802944e-09
5475.000000 3.735148e-09
5480.000000 3.725894e-09
5485.000000 3.799879e-09
5490.000000 3.859602e-09
5495.000000 3.862853e-09
5500.000000 3.816654e-09
5505.000000 3.743531e-09
5510.000000 3.708597e-09
5515.000000 3.779737e-09
5520.000000 3.892014e-09
5525.000000 3.876063e-09
5530.000000 3.859722e-09
5535.000000 3.911321e-09
5540.000000 3.975313e-09
5545.000000 4.031036e-09
5550.000000 4.067870e-09
5555.000000 4.040853e-09
5560.000000 3.954557e-09
5565.000000 3.834568e-09
5570.000000 3.768944e-09
5575.000000 3.818556e-09
5580.000000 3.841581e-09
5585.000000 3.691025e-09
5590.000000 3.568911e-09
5595.000000 3.588754e-09
5600.000000 3.687009e-09
5605.000000 3.870664e-09
5610.000000 3.977537e-09
5615.000000 3.878066e-09
5620.000000 3.825973e-09
5625.000000 3.887153e-09
5630.000000 3.998972e-09
5635.000000 4.063371e-09
5640.000000 4.078796e-09
5645.000000 4.079002e-09
5650.000000 4.070571e-09
5655.000000 4.005479e-09
5660.000000 3.952042e-09
5665.000000 3.995336e-09
5670.000000 4.058436e-09
5675.000000 4.100862e-09
5680.000000 4.076265e-09
5685.000000 4.013627e-09
5690.000000 3.994697e-09
5695.000000 3.994216e-09
5700.000000 3.935351e-09
5705.000000 3.866430e-09
5710.000000 3.853403e-09
5715.000000 3.955547e-09
5720.000000 4.087675e-09
5725.000000 4.134451e-09
5730.000000 4.118008e-09
5735.000000 4.115863e-09
5740.000000 4.117146e-09
5745.000000 4.134714e-09
5750.000000 4.147499e-09
5755.000000 4.143802e-09
5760.000000 4.157351e-09
5765.000000 4.183572e-09
5770.000000 4.207134e-09
5775.000000 4.160388e-09
5780.000000 4.051597e-09
5785.000000 3.988070e-09
5790.000000 4.030143e-09
5795.000000 4.120688e-09
5800.000000 4.201860e-09
5805.000000 4.246009e-09
5810.000000 4.273617e-09
5815.000000 4.289725e-09
5820.000000 4.295322e-09
5825.000000 4.285576e-09
5830.000000 4.295039e-09
5835.000000 4.329919e-09
5840.000000 4.365138e-09
5845.000000 4.329932e-09
5850.000000 4.222089e-09
5855.000000 4.104852e-09
5860.000000 4.092390e-09
5865.000000 4.160173e-09
5870.000000 4.242149e-09
5875.000000 4.213175e-09
5880.000000 3.932394e-09
5885.000000 3.291147e-09
5890.000000 2.713455e-09
5895.000000 2.752502e-09
5900.000000 3.214749e-09
5905.000000 3.727360e-09
5910.000000 4.071833e-09
5915.000000 4.210815e-09
5920.000000 4.224026e-09
5925.000000 4.192418e-09
5930.000000 4.180802e-09
5935.000000 4.188774e-09
5940.000000 4.202208e-09
5945.000000 4.213741e-09
5950.000000 4.199811e-09
5955.000000 4.217453e-09
5960.000000 4.248222e-09
5965.000000 4.256488e-09
5970.000000 4.254199e-09
5975.000000 4.197964e-09
5980.000000 4.161361e-09
5985.000000 4.140707e-09
5990.000000 4.165519e-09
5995.000000 4.180226e-09
6000.000000 4.169100e-09
6005.000000 4.126762e-09
6010.000000 4.093206e-09
6015.000000 4.052640e-09
6020.000000 4.039755e-09
6025.000000 4.105873e-09
6030.000000 4.177305e-09
6035.000000 4.224416e-09
6040.000000 4.260308e-09
6045.000000 4.300061e-09
6050.000000 4.291351e-09
6055.000000 4.265643e-09
6060.000000 4.237056e-09
6065.000000 4.218294e-09
6070.000000 4.238558e-09
6075.000000 4.221639e-09
6080.000000 4.185241e-09
6085.000000 4.164263e-09
6090.000000 4.125936e-09
6095.000000 4.074575e-09
6100.000000 4.027319e-09
6105.000000 4.067056e-09
6110.000000 4.088696e-09
6115.000000 4.008854e-09
6120.000000 3.908284e-09
6125.000000 3.951527e-09
6130.000000 4.002153e-09
6135.000000 3.954940e-09
6140.000000 3.966294e-09
6145.000000 4.045605e-09
6150.000000 4.049578e-09
6155.000000 3.888754e-09
6160.000000 3.657640e-09
6165.000000 3.634067e-09
6170.000000 3.765602e-09
6175.000000 3.954505e-09
6180.000000 4.059918e-09
6185.000000 4.079051e-09
6190.000000 4.062073e-09
6195.000000 4.096740e-09
6200.000000 4.139561e-09
6205.000000 4.169341e-09
6210.000000 4.119718e-09
6215.000000 4.029235e-09
6220.000000 3.980301e-09
6225.000000 3.955405e-09
6230.000000 3.936671e-09
6235.000000 3.987918e-09
6240.000000 4.013834e-09
6245.000000 4.000618e-09
6250.000000 3.935595e-09
6255.000000 3.847526e-09
6260.000000 3.835168e-09
6265.000000 3.917257e-09
6270.000000 3.997501e-09
6275.000000 4.006457e-09
6280.000000 4.004532e-09
6285.000000 4.065801e-09
6290.000000 4.080168e-09
6295.000000 4.005012e-09
6300.000000 3.951313e-09
6305.000000 3.975328e-09
6310.000000 4.013369e-09
6315.000000 4.009252e-09
6320.000000 4.037936e-09
6325.000000 4.094957e-09
6330.000000 4.111035e-09
6335.000000 4.074385e-09
6340.000000 4.069792e-09
6345.000000 4.114572e-09
6350.000000 4.131013e-09
6355.000000 4.091048e-09
6360.000000 4.051566e-09
6365.000000 4.080070e-09
6370.000000 4.132413e-09
6375.000000 4.142335e-09
6380.000000 4.113963e-09
6385.000000 4.094173e-09
6390.000000 4.052793e-09
6395.000000 4.003737e-09
6400.000000 3.984242e-09
6405.000000 4.009828e-09
6410.000000 4.040007e-09
6415.000000 4.063254e-09
6420.000000 4.072167e-09
6425.000000 4.099103e-09
6430.000000 4.104330e-09
6435.000000 4.086377e-09
6440.000000 4.068136e-09
6445.000000 4.087993e-09
6450.000000 4.089829e-09
6455.000000 4.081199e-09
6460.000000 4.030034e-09
6465.000000 4.041167e-09
6470.000000 4.085742e-09
6475.000000 4.122051e-09
6480.000000 4.147425e-09
6485.000000 4.148819e-09
6490.000000 4.054783e-09
6495.000000 3.934777e-09
6500.000000 3.952223e-09
6505.000000 4.067197e-09
6510.000000 4.181196e-09
6515.000000 4.227878e-09
6520.000000 4.239351e-09
6525.000000 4.253392e-09
6530.000000 4.265436e-09
6535.000000 4.281292e-09
6540.000000 4.269757e-09
6545.000000 4.222750e-09
6550.000000 4.157433e-09
6555.000000 4.062079e-09
6560.000000 3.950333e-09
6565.000000 3.998598e-09
6570.000000 4.093545e-09
6575.000000 4.162679e-09
6580.000000 4.208209e-09
6585.000000 4.203635e-09
6590.000000 4.177247e-09
6595.000000 4.192864e-09
6600.000000 4.220426e-09
6605.000000 4.211508e-09
6610.000000 4.220732e-09
6615.000000 4.245436e-09
6620.000000 4.245181e-09
6625.000000 4.213924e-09
6630.000000 4.176683e-09
6635.000000 4.171381e-09
6640.000000 4.192101e-09
6645.000000 4.219882e-09
6650.000000 4.241852e-09
6655.000000 4.227211e-09
6660.000000 4.190789e-09
6665.000000 4.180691e-09
6670.000000 4.166157e-09
6675.000000 4.115777e-09
6680.000000 4.118829e-09
6685.000000 4.172333e-09
6690.000000 4.199324e-09
6695.000000 4.187350e-09
6700.000000 4.170526e-09
6705.000000 4.158416e-09
6710.000000 4.127809e-09
6715.000000 4.075635e-09
6720.000000 4.086236e-09
6725.000000 4.114128e-09
6730.000000 4.139108e-09
6735.000000 4.155511e-09
6740.000000 4.138653e-09
6745.000000 4.111002e-09
6750.000000 4.099467e-09
6755.000000 4.128396e-09
6760.000000 4.142175e-09
6765.000000 4.119186e-09
6770.000000 4.104205e-09
6775.000000 4.123883e-09
6780.000000 4.126432e-09
6785.000000 4.100908e-09
6790.000000 4.075253e-09
6795.000000 4.073483e-09
6800.000000 4.083372e-09
6805.000000 4.089333e-09
6810.000000 4.093502e-09
6815.000000 4.103099e-09
6820.000000 4.113066e-09
6825.000000 4.120962e-09
6830.000000 4.125326e-09
6835.000000 4.127860e-09
6840.000000 4.112574e-09
6845.000000 4.103810e-09
6850.000000 4.094345e-09
6855.000000 4.087556e-09
6860.000000 4.084928e-09
6865.000000 4.080671e-09
6870.000000 4.066829e-09
6875.000000 4.042529e-09
6880.000000 4.017836e-09
6885.000000 4.007555e-09
6890.000000 4.019257e-09
6895.000000 4.045426e-09
6900.000000 4.067588e-09
6905.000000 4.071186e-09
6910.000000 4.057081e-09
6915.000000 4.040059e-09
6920.000000 4.036509e-09
6925.000000 4.051234e-09
6930.000000 4.074649e-09
6935.000000 4.092812e-09
6940.000000 4.099323e-09
6945.000000 4.097727e-09
6950.000000 4.095539e-09
6955.000000 4.095516e-09
6960.000000 4.091921e-09
6965.000000 4.080503e-09
6970.000000 4.062875e-09
6975.000000 4.038168e-09
6980.000000 4.031276e-09
6985.000000 4.073015e-09
6990.000000 4.101198e-09
6995.000000 4.113250e-09
7000.000000 4.102751e-09
7005.000000 4.084147e-09
7010.000000 4.087009e-09
7015.000000 4.082416e-09
7020.000000 4.081414e-09
7025.000000 4.092504e-09
7030.000000 4.099853e-09
7035.000000 4.093387e-09
7040.000000 4.115528e-09
7045.000000 4.147813e-09
7050.000000 4.158440e-09
7055.000000 4.139872e-09
7060.000000 4.100423e-09
7065.000000 4.095448e-09
7070.000000 4.123828e-09
7075.000000 4.155158e-09
7080.000000 4.146216e-09
7085.000000 4.111213e-09
7090.000000 4.082031e-09
7095.000000 4.083707e-09
7100.000000 4.086854e-09
7105.000000 4.092303e-09
7110.000000 4.101933e-09
7115.000000 4.120210e-09
7120.000000 4.113677e-09
7125.000000 4.095673e-09
7130.000000 4.069975e-09
7135.000000 4.066131e-09
7140.000000 4.019677e-09
7145.000000 3.949000e-09
7150.000000 3.941732e-09
7155.000000 3.999542e-09
7160.000000 4.039693e-09
7165.000000 4.031542e-09
7170.000000 4.005924e-09
7175.000000 3.957498e-09
7180.000000 3.887650e-09
7185.000000 3.782114e-09
7190.000000 3.753386e-09
7195.000000 3.788035e-09
7200.000000 3.809042e-09
7205.000000 3.814719e-09
7210.000000 3.873428e-09
7215.000000 3.984325e-09
7220.000000 4.074890e-09
7225.000000 4.116256e-09
7230.000000 4.103033e-09
7235.000000 4.033529e-09
7240.000000 3.948502e-09
7245.000000 3.912614e-09
7250.000000 3.911877e-09
7255.000000 3.935515e-09
7260.000000 3.985707e-09
7265.000000 4.008304e-09
7270.000000 4.011010e-09
7275.000000 3.980570e-09
7280.000000 3.971744e-09
7285.000000 3.968866e-09
7290.000000 3.953248e-09
7295.000000 3.977159e-09
7300.000000 3.983910e-09
7305.000000 3.971204e-09
7310.000000 3.975057e-09
7315.000000 3.976435e-09
7320.000000 3.980862e-09
7325.000000 3.984551e-09
7330.000000 4.013613e-09
7335.000000 4.040720e-09
7340.000000 4.053006e-09
7345.000000 4.053442e-09
7350.000000 4.040340e-09
7355.000000 4.003385e-09
7360.000000 3.980681e-09
7365.000000 3.993229e-09
7370.000000 4.032674e-09
7375.000000 4.049912e-09
7380.000000 4.027251e-09
7385.000000 3.971307e-09
7390.000000 3.946465e-09
7395.000000 3.970595e-09
7400.000000 3.966763e-09
7405.000000 3.954520e-09
7410.000000 3.947080e-09
7415.000000 3.954874e-09
7420.000000 3.972925e-09
7425.000000 4.024149e-09
7430.000000 4.047215e-09
7435.000000 4.072312e-09
7440.000000 4.085505e-09
7445.000000 4.067400e-09
7450.000000 4.037437e-09
7455.000000 4.023660e-09
7460.000000 4.023821e-09
7465.000000 4.030027e-09
7470.000000 4.046206e-09
7475.000000 4.068658e-09
7480.000000 4.079701e-09
7485.000000 4.065386e-09
7490.000000 4.029709e-09
7495.000000 3.985881e-09
7500.000000 3.942492e-09
7505.000000 3.909201e-09
7510.000000 3.907821e-09
7515.000000 3.945750e-09
7520.000000 3.984609e-09
7525.000000 3.987882e-09
7530.000000 3.973324e-09
7535.000000 3.967608e-09
7540.000000 3.960713e-09
7545.000000 3.942549e-09
7550.000000 3.931409e-09
7555.000000 3.943928e-09
7560.000000 3.962540e-09
7565.000000 3.973976e-09
7570.000000 3.976113e-09
7575.000000 3.977519e-09
7580.000000 3.987827e-09
7585.000000 4.005650e-09
7590.000000 4.016110e-09
7595.000000 4.002902e-09
7600.000000 3.964224e-09
7605.000000 3.916872e-09
7610.000000 3.885209e-09
7615.000000 3.882695e-09
7620.000000 3.900942e-09
7625.000000 3.917298e-09
7630.000000 3.913756e-09
7635.000000 3.889729e-09
7640.000000 3.859992e-09
7645.000000 3.840901e-09
7650.000000 3.837353e-09
7655.000000 3.843063e-09
7660.000000 3.850936e-09
7665.000000 3.861365e-09
7670.000000 3.880325e-09
7675.000000 3.909270e-09
7680.000000 3.937182e-09
7685.000000 3.945298e-09
7690.000000 3.922208e-09
7695.000000 3.875575e-09
7700.000000 3.830467e-09
7705.000000 3.814129e-09
7710.000000 3.836971e-09
7715.000000 3.884907e-09
7720.000000 3.928843e-09
7725.000000 3.942879e-09
7730.000000 3.922966e-09
7735.000000 3.897777e-09
7740.000000 3.857518e-09
7745.000000 3.800930e-09
7750.000000 3.777640e-09
7755.000000 3.818147e-09
7760.000000 3.872588e-09
7765.000000 3.887759e-09
7770.000000 3.872322e-09
7775.000000 3.857846e-09
7780.000000 3.858228e-09
7785.000000 3.869657e-09
7790.000000 3.880664e-09
7795.000000 3.876256e-09
7800.000000 3.842164e-09
7805.000000 3.788880e-09
7810.000000 3.759497e-09
7815.000000 3.782406e-09
7820.000000 3.834656e-09
7825.000000 3.865933e-09
7830.000000 3.835657e-09
7835.000000 3.749824e-09
7840.000000 3.678929e-09
7845.000000 3.686166e-09
7850.000000 3.748406e-09
7855.000000 3.805132e-09
7860.000000 3.833267e-09
7865.000000 3.832485e-09
7870.000000 3.800682e-09
7875.000000 3.754269e-09
7880.000000 3.729205e-09
7885.000000 3.740683e-09
7890.000000 3.765674e-09
7895.000000 3.773196e-09
7900.000000 3.753332e-09
7905.000000 3.721809e-09
7910.000000 3.707271e-09
7915.000000 3.723380e-09
7920.000000 3.753187e-09
7925.000000 3.763636e-09
7930.000000 3.728333e-09
7935.000000 3.648825e-09
7940.000000 3.560668e-09
7945.000000 3.507999e-09
7950.000000 3.519431e-09
7955.000000 3.587640e-09
7960.000000 3.658290e-09
7965.000000 3.682846e-09
7970.000000 3.667974e-09
7975.000000 3.647522e-09
7980.000000 3.647237e-09
7985.000000 3.670297e-09
7990.000000 3.687608e-09
7995.000000 3.670270e-09
8000.000000 3.635074e-09
8005.000000 3.614830e-09
8010.000000 3.613760e-09
8015.000000 3.625731e-09
8020.000000 3.642420e-09
8025.000000 3.655152e-09
8030.000000 3.682353e-09
8035.000000 3.729944e-09
8040.000000 3.743701e-09
8045.000000 3.694624e-09
8050.000000 3.653493e-09
8055.000000 3.681925e-09
8060.000000 3.730952e-09
8065.000000 3.735661e-09
8070.000000 3.711202e-09
8075.000000 3.693466e-09
8080.000000 3.678429e-09
8085.000000 3.653238e-09
8090.000000 3.625359e-09
8095.000000 3.607000e-09
8100.000000 3.603612e-09
8105.000000 3.613166e-09
8110.000000 3.619644e-09
8115.000000 3.613077e-09
8120.000000 3.614412e-09
8125.000000 3.639681e-09
8130.000000 3.661838e-09
8135.000000 3.653522e-09
8140.000000 3.630479e-09
8145.000000 3.617441e-09
8150.000000 3.616751e-09
8155.000000 3.619934e-09
8160.000000 3.611330e-09
8165.000000 3.583503e-09
8170.000000 3.563891e-09
8175.000000 3.570251e-09
8180.000000 3.560555e-09
8185.000000 3.500243e-09
8190.000000 3.421251e-09
8195.000000 3.375881e-09
8200.000000 3.409412e-09
8205.000000 3.523576e-09
8210.000000 3.628390e-09
8215.000000 3.644263e-09
8220.000000 3.596275e-09
8225.000000 3.542727e-09
8230.000000 3.517757e-09
8235.000000 3.531856e-09
8240.000000 3.571326e-09
8245.000000 3.612498e-09
8250.000000 3.629020e-09
8255.000000 3.612737e-09
8260.000000 3.595853e-09
8265.000000 3.605725e-09
8270.000000 3.619367e-09
8275.000000 3.609702e-09
8280.000000 3.595473e-09
8285.000000 3.598680e-09
8290.000000 3.602643e-09
8295.000000 3.587930e-09
8300.000000 3.561699e-09
8305.000000 3.540569e-09
8310.000000 3.538421e-09
8315.000000 3.551604e-09
8320.000000 3.541615e-09
8325.000000 3.485958e-09
8330.000000 3.433581e-09
8335.000000 3.433768e-09
8340.000000 3.462523e-09
8345.000000 3.481871e-09
8350.000000 3.494599e-09
8355.000000 3.510006e-09
8360.000000 3.514244e-09
8365.000000 3.498668e-09
8370.000000 3.490541e-09
8375.000000 3.507036e-09
8380.000000 3.503017e-09
8385.000000 3.448007e-09
8390.000000 3.408978e-09
8395.000000 3.447840e-09
8400.000000 3.518963e-09
8405.000000 3.555147e-09
8410.000000 3.545131e-09
8415.000000 3.506101e-09
8420.000000 3.465687e-09
8425.000000 3.443515e-09
8430.000000 3.427115e-09
8435.000000 3.407822e-09
8440.000000 3.422180e-09
8445.000000 3.492856e-09
8450.000000 3.568091e-09
8455.000000 3.595246e-09
8460.000000 3.590075e-09
8465.000000 3.586791e-09
8470.000000 3.589520e-09
8475.000000 3.589214e-09
8480.000000 3.582285e-09
8485.000000 3.560940e-09
8490.000000 3.506320e-09
8495.000000 3.425093e-09
8500.000000 3.380329e-09
8505.000000 3.415049e-09
8510.000000 3.469951e-09
8515.000000 3.468892e-09
8520.000000 3.424119e-09
8525.000000 3.375206e-09
8530.000000 3.320816e-09
8535.000000 3.242224e-09
8540.000000 3.090409e-09
8545.000000 2.876618e-09
8550.000000 2.818447e-09
8555.000000 3.057332e-09
8560.000000 3.364639e-09
8565.000000 3.491091e-09
8570.000000 3.475522e-09
8575.000000 3.439771e-09
8580.000000 3.416362e-09
8585.000000 3.396655e-09
8590.000000 3.380417e-09
8595.000000 3.370451e-09
8600.000000 3.357282e-09
8605.000000 3.334437e-09
8610.000000 3.315076e-09
8615.000000 3.312009e-09
8620.000000 3.324462e-09
8625.000000 3.352510e-09
8630.000000 3.402678e-09
8635.000000 3.466811e-09
8640.000000 3.505833e-09
8645.000000 3.488063e-09
8650.000000 3.431813e-09
8655.000000 3.359259e-09
8660.000000 3.227358e-09
8665.000000 3.037044e-09
8670.000000 2.974905e-09
8675.000000 3.162682e-09
8680.000000 3.404333e-09
8685.000000 3.483887e-09
8690.000000 3.429644e-09
8695.000000 3.365101e-09
8700.000000 3.398224e-09
8705.000000 3.439007e-09
8710.000000 3.480389e-09
8715.000000 3.501559e-09
8720.000000 3.492572e-09
8725.000000 3.464324e-09
8730.000000 3.436408e-09
8735.000000 3.420741e-09
8740.000000 3.413633e-09
8745.000000 3.399321e-09
8750.000000 3.361440e-09
8755.000000 3.295764e-09
8760.000000 3.216580e-09
8765.000000 3.150921e-09
8770.000000 3.123048e-09
8775.000000 3.138956e-09
8780.000000 3.180827e-09
8785.000000 3.217170e-09
8790.000000 3.224951e-09
8795.000000 3.207051e-09
8800.000000 3.189337e-09
8805.000000 3.200270e-09
8810.000000 3.249282e-09
8815.000000 3.319877e-09
8820.000000 3.383196e-09
8825.000000 3.420292e-09
8830.000000 3.432788e-09
8835.000000 3.434566e-09
8840.000000 3.435182e-09
8845.000000 3.429892e-09
8850.000000 3.405025e-09
8855.000000 3.353808e-09
8860.000000 3.285775e-09
8865.000000 3.222200e-09
8870.000000 3.182411e-09
8875.000000 3.171987e-09
8880.000000 3.182122e-09
8885.000000 3.199356e-09
8890.000000 3.215843e-09
8895.000000 3.232009e-09
8900.000000 3.252224e-09
8905.000000 3.278152e-09
8910.000000 3.305322e-09
8915.000000 3.325503e-09
8920.000000 3.331964e-09
8925.000000 3.323630e-09
8930.000000 3.305875e-09
8935.000000 3.287975e-09
8940.000000 3.278415e-09
8945.000000 3.280595e-09
8950.000000 3.291589e-09
8955.000000 3.304796e-09
8960.000000 3.314240e-09
8965.000000 3.318174e-09
8970.000000 3.319415e-09
8975.000000 3.321648e-09
8980.000000 3.325810e-09
8985.000000 3.329014e-09
8990.000000 3.326252e-09
8995.000000 3.313525e-09
9000.000000 3.290536e-09
9005.000000 3.260950e-09
9010.000000 3.231514e-09
9015.000000 3.210546e-09
9020.000000 3.205199e-09
9025.000000 3.217987e-09
9030.000000 3.244219e-09
9035.000000 3.273404e-09
9040.000000 3.295004e-09
9045.000000 3.304609e-09
9050.000000 3.305741e-09
9055.000000 3.305449e-09
9060.000000 3.306421e-09
9065.000000 3.303223e-09
9070.000000 3.286649e-09
9075.000000 3.252780e-09
9080.000000 3.208366e-09
9085.000000 3.167550e-09
9090.000000 3.141966e-09
9095.000000 3.132230e-09
9100.000000 3.134447e-09
9105.000000 3.160095e-09
9110.000000 3.158954e-09
9115.000000 3.147803e-09
9120.000000 3.132836e-09
9125.000000 3.114158e-09
9130.000000 3.091792e-09
9135.000000 3.067034e-09
9140.000000 3.044540e-09
9145.000000 3.031262e-09
9150.000000 3.031353e-09
9155.000000 3.044074e-09
9160.000000 3.064482e-09
9165.000000 3.086502e-09
9170.000000 3.106376e-09
9175.000000 3.123669e-09
9180.000000 3.139047e-09
9185.000000 3.151291e-09
9190.000000 3.157149e-09
9195.000000 3.154431e-09
9200.000000 3.144999e-09
9205.000000 3.135199e-09
9210.000000 3.132742e-09
9215.000000 3.139309e-09
9220.000000 3.147974e-09
9225.000000 3.146249e-09
9230.000000 3.121841e-09
9235.000000 3.071306e-09
9240.000000 3.002888e-09
9245.000000 2.933034e-09
9250.000000 2.879938e-09
9255.000000 2.854880e-09
9260.000000 2.858431e-09
9265.000000 2.881732e-09
9270.000000 2.910925e-09
9275.000000 2.935028e-09
9280.000000 2.950205e-09
9285.000000 2.959523e-09
9290.000000 2.969760e-09
9295.000000 2.984484e-09
9300.000000 3.000199e-09
9305.000000 3.008156e-09
9310.000000 2.999909e-09
9315.000000 2.973685e-09
9320.000000 2.936560e-09
9325.000000 2.900282e-09
9330.000000 2.872371e-09
9335.000000 2.852666e-09
9340.000000 2.833944e-09
9345.000000 2.808207e-09
9350.000000 2.776619e-09
9355.000000 2.746547e-09
9360.000000 2.728346e-09
9365.000000 2.731424e-09
9370.000000 2.758294e-09
9375.000000 2.808809e-09
9380.000000 2.880889e-09
9385.000000 2.966781e-09
9390.000000 3.049459e-09
9395.000000 3.106791e-09
9400.000000 3.119232e-09
9405.000000 3.079322e-09
9410.000000 3.000440e-09
9415.000000 2.904876e-09
9420.000000 2.813087e-09
9425.000000 2.737857e-09
9430.000000 2.681885e-09
9435.000000 2.646295e-09
9440.000000 2.633987e-09
9445.000000 2.645814e-09
9450.000000 2.674567e-09
9455.000000 2.706850e-09
9460.000000 2.729351e-09
9465.000000 2.736518e-09
9470.000000 2.735163e-09
9475.000000 2.735548e-09
9480.000000 2.742808e-09
9485.000000 2.754609e-09
9490.000000 2.764754e-09
9495.000000 2.772264e-09
9500.000000 2.784203e-09
9505.000000 2.809785e-09
9510.000000 2.850974e-09
9515.000000 2.898407e-09
9520.000000 2.936852e-09
9525.000000 2.955309e-09
9530.000000 2.954380e-09
9535.000000 2.943407e-09
9540.000000 2.932103e-09
9545.000000 2.923098e-09
9550.000000 2.911416e-09
9555.000000 2.890836e-09
9560.000000 2.860250e-09
9565.000000 2.825491e-09
9570.000000 2.795495e-09
9575.000000 2.776150e-09
9580.000000 2.766925e-09
9585.000000 2.762852e-09
9590.000000 2.759860e-09
9595.000000 2.758649e-09
9600.000000 2.765407e-09
9605.000000 2.787549e-09
9610.000000 2.826239e-09
9615.000000 2.874308e-09
9620.000000 2.917586e-09
9625.000000 2.941643e-09
9630.000000 2.942543e-09
9635.000000 2.927447e-09
9640.000000 2.910727e-09
9645.000000 2.905117e-09
9650.000000 2.910305e-09
9655.000000 2.916607e-09
9660.000000 2.911443e-09
9665.000000 2.887334e-09
9670.000000 2.849980e-09
9675.000000 2.810125e-09
9680.000000 2.777090e-09
9685.000000 2.755708e-09
9690.000000 2.745439e-09
9695.000000 2.747121e-09
9700.000000 2.764740e-09
9705.000000 2.800946e-09
9710.000000 2.851367e-09
9715.000000 2.902961e-09
9720.000000 2.938212e-09
9725.000000 2.944033e-09
9730.000000 2.920454e-09
9735.000000 2.878485e-09
9740.000000 2.834101e-09
9745.000000 2.800266e-09
9750.000000 2.779991e-09
9755.000000 2.768890e-09
9760.000000 2.760324e-09
9765.000000 2.750535e-09
9770.000000 2.742152e-09
9775.000000 2.742351e-09
9780.000000 2.758469e-09
9785.000000 2.792708e-09
9790.000000 2.838620e-09
9795.000000 2.882632e-09
9800.000000 2.909637e-09
9805.000000 2.910106e-09
9810.000000 2.885157e-09
9815.000000 2.846218e-09
9820.000000 2.808785e-09
9825.000000 2.784724e-09
9830.000000 2.778213e-09
9835.000000 2.784645e-09
9840.000000 2.795520e-09
9845.000000 2.804166e-09
9850.000000 2.806720e-09
9855.000000 2.803062e-09
9860.000000 2.794664e-09
9865.000000 2.783013e-09
9870.000000 2.771522e-09
9875.000000 2.763751e-09
9880.000000 2.763040e-09
9885.000000 2.771026e-09
9890.000000 2.784412e-09
9895.000000 2.797913e-09
9900.000000 2.806617e-09
9905.000000 2.810228e-09
9910.000000 2.807012e-09
9915.000000 2.801010e-09
9920.000000 2.797181e-09
9925.000000 2.798649e-09
9930.000000 2.803776e-09
9935.000000 2.809127e-09
9940.000000 2.811265e-09
9945.000000 2.808662e-09
9950.000000 2.804771e-09
9955.000000 2.804951e-09
9960.000000 2.814422e-09
9965.000000 2.835053e-09
9970.000000 2.860018e-09
9975.000000 2.879137e-09
9980.000000 2.882419e-09
9985.000000 2.865032e-09
9990.000000 2.835542e-09
9995.000000 2.807679e-09
10000.000000 2.795095e-09
10005.000000 2.805612e-09
10010.000000 2.831832e-09
10015.000000 2.860544e-09
10020.000000 2.878387e-09
10025.000000 2.876683e-09
10030.000000 2.858825e-09
10035.000000 2.832859e-09
10040.000000 2.807104e-09
10045.000000 2.787814e-09
10050.000000 2.775955e-09
10055.000000 2.770442e-09
10060.000000 2.769961e-09
10065.000000 2.773093e-09
10070.000000 2.778080e-09
10075.000000 2.783027e-09
10080.000000 2.786091e-09
10085.000000 2.785752e-09
10090.000000 2.781397e-09
10095.000000 2.772772e-09
10100.000000 2.759763e-09
10105.000000 2.743346e-09
10110.000000 2.727331e-09
10115.000000 2.716631e-09
10120.000000 2.715940e-09
10125.000000 2.726856e-09
10130.000000 2.742878e-09
10135.000000 2.754398e-09
10140.000000 2.751936e-09
10145.000000 2.730567e-09
10150.000000 2.697128e-09
10155.000000 2.663008e-09
10160.000000 2.639595e-09
10165.000000 2.633907e-09
10170.000000 2.641543e-09
10175.000000 2.653751e-09
10180.000000 2.661651e-09
10185.000000 2.659640e-09
10190.000000 2.650618e-09
10195.000000 2.640739e-09
10200.000000 2.636216e-09
10205.000000 2.640372e-09
10210.000000 2.649011e-09
10215.000000 2.655083e-09
10220.000000 2.651550e-09
10225.000000 2.634740e-09
10230.000000 2.609594e-09
10235.000000 2.584409e-09
10240.000000 2.567479e-09
10245.000000 2.563971e-09
10250.000000 2.570870e-09
10255.000000 2.582026e-09
10260.000000 2.591207e-09
10265.000000 2.594472e-09
10270.000000 2.593865e-09
10275.000000 2.593718e-09
10280.000000 2.598378e-09
10285.000000 2.610022e-09
10290.000000 2.625207e-09
10295.000000 2.638299e-09
10300.000000 2.643733e-09
10305.000000 2.638627e-09
10310.000000 2.627042e-09
10315.000000 2.615730e-09
10320.000000 2.611438e-09
10325.000000 2.618135e-09
10330.000000 2.632614e-09
10335.000000 2.648894e-09
10340.000000 2.660966e-09
10345.000000 2.664997e-09
10350.000000 2.662959e-09
10355.000000 2.659031e-09
10360.000000 2.657415e-09
10365.000000 2.660566e-09
10370.000000 2.666314e-09
10375.000000 2.670688e-09
10380.000000 2.669800e-09
10385.000000 2.661908e-09
10390.000000 2.650928e-09
10395.000000 2.642976e-09
10400.000000 2.644034e-09
10405.000000 2.656921e-09
10410.000000 2.676124e-09
10415.000000 2.692980e-09
10420.000000 2.698821e-09
10425.000000 2.688478e-09
10430.000000 2.665844e-09
10435.000000 2.638300e-09
10440.000000 2.613358e-09
10445.000000 2.596484e-09
10450.000000 2.587759e-09
10455.000000 2.585224e-09
10460.000000 2.586735e-09
10465.000000 2.590606e-09
10470.000000 2.596272e-09
10475.000000 2.603630e-09
10480.000000 2.612534e-09
10485.000000 2.622358e-09
10490.000000 2.631112e-09
10495.000000 2.636276e-09
10500.000000 2.635424e-09
10505.000000 2.627342e-09
10510.000000 2.614022e-09
10515.000000 2.598657e-09
10520.000000 2.584550e-09
10525.000000 2.574424e-09
10530.000000 2.569621e-09
10535.000000 2.570953e-09
10540.000000 2.579042e-09
10545.000000 2.593360e-09
10550.000000 2.610321e-09
10555.000000 2.625168e-09
10560.000000 2.633183e-09
10565.000000 2.631007e-09
10570.000000 2.618876e-09
10575.000000 2.598417e-09
10580.000000 2.571492e-09
10585.000000 2.541159e-09
10590.000000 2.513540e-09
10595.000000 2.495942e-09
10600.000000 2.495511e-09
10605.000000 2.516547e-09
10610.000000 2.555952e-09
10615.000000 2.607795e-09
10620.000000 1.991874e-09
