1150.000000 1.642159e-07
1155.000000 1.637908e-07
1160.000000 1.228637e-07
1165.000000 1.088285e-07
1170.000000 8.639707e-08
1175.000000 7.410350e-08
1180.000000 8.644675e-08
1185.000000 8.625768e-08
1190.000000 6.757885e-08
1195.000000 6.099523e-08
1200.000000 5.139306e-08
1205.000000 3.998051e-08
1210.000000 2.693327e-08
1215.000000 2.713071e-08
1220.000000 5.047951e-08
1225.000000 7.183832e-08
1230.000000 8.152540e-08
1235.000000 9.447070e-08
1240.000000 1.101299e-07
1245.000000 1.056773e-07
1250.000000 9.831457e-08
1255.000000 9.737320e-08
1260.000000 9.866296e-08
1265.000000 1.050002e-07
1270.000000 1.073241e-07
1275.000000 1.068474e-07
1280.000000 1.070946e-07
1285.000000 1.033025e-07
1290.000000 9.442991e-08
1295.000000 8.069036e-08
1300.000000 7.822378e-08
1305.000000 9.431952e-08
1310.000000 1.082669e-07
1315.000000 1.090031e-07
1320.000000 1.055545e-07
1325.000000 9.756661e-08
1330.000000 9.147564e-08
1335.000000 8.938785e-08
1340.000000 9.284675e-08
1345.000000 9.535355e-08
1350.000000 9.844446e-08
1355.000000 9.866452e-08
1360.000000 9.679810e-08
1365.000000 9.483495e-08
1370.000000 9.159221e-08
1375.000000 8.438496e-08
1380.000000 7.839621e-08
1385.000000 6.787615e-08
1390.000000 5.502516e-08
1395.000000 5.339788e-08
1400.000000 5.916763e-08
1405.000000 6.952505e-08
1410.000000 7.422454e-08
1415.000000 7.349498e-08
1420.000000 7.286656e-08
1425.000000 7.285829e-08
1430.000000 7.378146e-08
1435.000000 7.452307e-08
1440.000000 7.689539e-08
1445.000000 7.759135e-08
1450.000000 7.700906e-08
1455.000000 7.598288e-08
1460.000000 7.492200e-08
1465.000000 7.185059e-08
1470.000000 7.200203e-08
1475.000000 7.379802e-08
1480.000000 7.432208e-08
1485.000000 7.489944e-08
1490.000000 7.432379e-08
1495.000000 6.872159e-08
1500.000000 6.268213e-08
1505.000000 6.250708e-08
1510.000000 6.094943e-08
1515.000000 5.886413e-08
1520.000000 5.965803e-08
1525.000000 5.491569e-08
1530.000000 4.971756e-08
1535.000000 4.550883e-08
1540.000000 3.808069e-08
1545.000000 3.427316e-08
1550.000000 4.362895e-08
1555.000000 5.083453e-08
1560.000000 5.041537e-08
1565.000000 5.067195e-08
1570.000000 5.194777e-08
1575.000000 5.235622e-08
1580.000000 5.350405e-08
1585.000000 5.794347e-08
1590.000000 5.823129e-08
1595.000000 5.354417e-08
1600.000000 5.131853e-08
1605.000000 4.868382e-08
1610.000000 4.711513e-08
1615.000000 4.943549e-08
1620.000000 5.005216e-08
1625.000000 5.040937e-08
1630.000000 5.124796e-08
1635.000000 5.369667e-08
1640.000000 5.588249e-08
1645.000000 5.712771e-08
1650.000000 5.603708e-08
1655.000000 5.379844e-08
1660.000000 5.334792e-08
1665.000000 5.386876e-08
1670.000000 5.309241e-08
1675.000000 5.612553e-08
1680.000000 5.828493e-08
1685.000000 5.670279e-08
1690.000000 5.450596e-08
1695.000000 5.299675e-08
1700.000000 5.191575e-08
1705.000000 5.029577e-08
1710.000000 4.806005e-08
1715.000000 4.538857e-08
1720.000000 4.351886e-08
1725.000000 4.604545e-08
1730.000000 5.003317e-08
1735.000000 5.180089e-08
1740.000000 5.022990e-08
1745.000000 4.875567e-08
1750.000000 4.938648e-08
1755.000000 5.354019e-08
1760.000000 5.511107e-08
1765.000000 5.311491e-08
1770.000000 4.930512e-08
1775.000000 4.882158e-08
1780.000000 5.079033e-08
1785.000000 4.757600e-08
1790.000000 4.258786e-08
1795.000000 4.832756e-08
1800.000000 5.308445e-08
1805.000000 5.137354e-08
1810.000000 4.882867e-08
1815.000000 4.886172e-08
1820.000000 4.927007e-08
1825.000000 4.970523e-08
1830.000000 4.946542e-08
1835.000000 4.693667e-08
1840.000000 4.149923e-08
1845.000000 3.713929e-08
1850.000000 3.636274e-08
1855.000000 3.776164e-08
1860.000000 3.941999e-08
1865.000000 4.117689e-08
1870.000000 4.253148e-08
1875.000000 4.153813e-08
1880.000000 3.701686e-08
1885.000000 3.235738e-08
1890.000000 3.040817e-08
1895.000000 3.153185e-08
1900.000000 3.315763e-08
1905.000000 3.338346e-08
1910.000000 3.256653e-08
1915.000000 3.033105e-08
1920.000000 2.874996e-08
1925.000000 2.881325e-08
1930.000000 3.171921e-08
1935.000000 3.407751e-08
1940.000000 3.417511e-08
1945.000000 3.358346e-08
1950.000000 3.167591e-08
1955.000000 2.974481e-08
1960.000000 2.720693e-08
1965.000000 2.645894e-08
1970.000000 3.002210e-08
1975.000000 3.575249e-08
1980.000000 3.670825e-08
1985.000000 3.431152e-08
1990.000000 3.032779e-08
1995.000000 2.689996e-08
2000.000000 2.703996e-08
2005.000000 2.917458e-08
2010.000000 3.112950e-08
2015.000000 3.335654e-08
2020.000000 3.372809e-08
2025.000000 3.419149e-08
2030.000000 3.501170e-08
2035.000000 3.357886e-08
2040.000000 3.155199e-08
2045.000000 3.047316e-08
2050.000000 3.090540e-08
2055.000000 3.124110e-08
2060.000000 2.953036e-08
2065.000000 2.850943e-08
2070.000000 3.086698e-08
2075.000000 3.341710e-08
2080.000000 3.504816e-08
2085.000000 3.312165e-08
2090.000000 3.090824e-08
2095.000000 2.770446e-08
2100.000000 2.663014e-08
2105.000000 2.732378e-08
2110.000000 2.958918e-08
2115.000000 3.230866e-08
2120.000000 3.219418e-08
2125.000000 3.302722e-08
2130.000000 3.544699e-08
2135.000000 3.501944e-08
2140.000000 3.335275e-08
2145.000000 3.114507e-08
2150.000000 2.933054e-08
2155.000000 2.999543e-08
2160.000000 3.135060e-08
2165.000000 3.093906e-08
2170.000000 3.037794e-08
2175.000000 3.043227e-08
2180.000000 3.023678e-08
2185.000000 3.078667e-08
2190.000000 3.146637e-08
2195.000000 3.225552e-08
2200.000000 3.262917e-08
2205.000000 3.121986e-08
2210.000000 2.957545e-08
2215.000000 2.916688e-08
2220.000000 2.928171e-08
2225.000000 2.954862e-08
2230.000000 3.032128e-08
2235.000000 3.024114e-08
2240.000000 2.951258e-08
2245.000000 2.889995e-08
2250.000000 3.043408e-08
2255.000000 3.200454e-08
2260.000000 3.116831e-08
2265.000000 3.023482e-08
2270.000000 2.988188e-08
2275.000000 2.986030e-08
2280.000000 2.991148e-08
2285.000000 3.040086e-08
2290.000000 3.046148e-08
2295.000000 2.909711e-08
2300.000000 2.788685e-08
2305.000000 2.867255e-08
2310.000000 3.073113e-08
2315.000000 3.126086e-08
2320.000000 2.932211e-08
2325.000000 2.872491e-08
2330.000000 2.918565e-08
2335.000000 2.986703e-08
2340.000000 2.971919e-08
2345.000000 2.919028e-08
2350.000000 2.934484e-08
2355.000000 2.958899e-08
2360.000000 2.964586e-08
2365.000000 3.027542e-08
2370.000000 3.042546e-08
2375.000000 3.007059e-08
2380.000000 2.941126e-08
2385.000000 2.865188e-08
2390.000000 2.784237e-08
2395.000000 2.859480e-08
2400.000000 2.953194e-08
2405.000000 2.899092e-08
2410.000000 2.726030e-08
2415.000000 2.701058e-08
2420.000000 2.736533e-08
2425.000000 2.736608e-08
2430.000000 2.906436e-08
2435.000000 2.924057e-08
2440.000000 2.882999e-08
2445.000000 2.936734e-08
2450.000000 2.977505e-08
2455.000000 3.083561e-08
2460.000000 3.151075e-08
2465.000000 3.107885e-08
2470.000000 3.010496e-08
2475.000000 2.941208e-08
2480.000000 2.900812e-08
2485.000000 2.864416e-08
2490.000000 2.842271e-08
2495.000000 2.787533e-08
2500.000000 2.844696e-08
2505.000000 2.845857e-08
2510.000000 2.815779e-08
2515.000000 2.864479e-08
2520.000000 2.801403e-08
2525.000000 2.729544e-08
2530.000000 2.808828e-08
2535.000000 2.861476e-08
2540.000000 2.779464e-08
2545.000000 2.713348e-08
2550.000000 2.799820e-08
2555.000000 2.856303e-08
2560.000000 2.818510e-08
2565.000000 2.823578e-08
2570.000000 2.829551e-08
2575.000000 2.746921e-08
2580.000000 2.390641e-08
2585.000000 2.246931e-08
2590.000000 2.500036e-08
2595.000000 2.660905e-08
2600.000000 2.617178e-08
2605.000000 2.592355e-08
2610.000000 2.720432e-08
2615.000000 2.805782e-08
2620.000000 2.812670e-08
2625.000000 2.789037e-08
2630.000000 2.733701e-08
2635.000000 2.798416e-08
2640.000000 2.763211e-08
2645.000000 2.713920e-08
2650.000000 2.772451e-08
2655.000000 2.772013e-08
2660.000000 2.676147e-08
2665.000000 2.635648e-08
2670.000000 2.641842e-08
2675.000000 2.680428e-08
2680.000000 2.688128e-08
2685.000000 2.684578e-08
2690.000000 2.703267e-08
2695.000000 2.609445e-08
2700.000000 2.512263e-08
2705.000000 2.545008e-08
2710.000000 2.498098e-08
2715.000000 2.450644e-08
2720.000000 2.444885e-08
2725.000000 2.431753e-08
2730.000000 2.499604e-08
2735.000000 2.527400e-08
2740.000000 2.478851e-08
2745.000000 2.450842e-08
2750.000000 2.491532e-08
2755.000000 2.532983e-08
2760.000000 2.603629e-08
2765.000000 2.611086e-08
2770.000000 2.551448e-08
2775.000000 2.457919e-08
2780.000000 2.435021e-08
2785.000000 2.421371e-08
2790.000000 2.447014e-08
2795.000000 2.347277e-08
2800.000000 2.180597e-08
2805.000000 2.206623e-08
2810.000000 2.301672e-08
2815.000000 2.435082e-08
2820.000000 2.566495e-08
2825.000000 2.469031e-08
2830.000000 2.297115e-08
2835.000000 2.266867e-08
2840.000000 2.310544e-08
2845.000000 2.304632e-08
2850.000000 2.278537e-08
2855.000000 2.256820e-08
2860.000000 2.277711e-08
2865.000000 2.278591e-08
2870.000000 2.279785e-08
2875.000000 2.284144e-08
2880.000000 2.299636e-08
2885.000000 2.295801e-08
2890.000000 2.285949e-08
2895.000000 2.244232e-08
2900.000000 2.201327e-08
2905.000000 2.182223e-08
2910.000000 2.219963e-08
2915.000000 2.276179e-08
2920.000000 2.272569e-08
2925.000000 2.228964e-08
2930.000000 2.223536e-08
2935.000000 2.247866e-08
2940.000000 2.232461e-08
2945.000000 2.200919e-08
2950.000000 2.129728e-08
2955.000000 2.182593e-08
2960.000000 2.229854e-08
2965.000000 2.157564e-08
2970.000000 2.116895e-08
2975.000000 2.131383e-08
2980.000000 2.130342e-08
2985.000000 2.095203e-08
2990.000000 2.070013e-08
2995.000000 2.036972e-08
3000.000000 2.033503e-08
3005.000000 2.000773e-08
3010.000000 1.966174e-08
3015.000000 1.942109e-08
3020.000000 1.977997e-08
3025.000000 1.980749e-08
3030.000000 1.959048e-08
3035.000000 1.953782e-08
3040.000000 1.978312e-08
3045.000000 1.974563e-08
3050.000000 1.932092e-08
3055.000000 1.909029e-08
3060.000000 1.901174e-08
3065.000000 1.888439e-08
3070.000000 1.928960e-08
3075.000000 1.977445e-08
3080.000000 1.995294e-08
3085.000000 1.906305e-08
3090.000000 1.788984e-08
3095.000000 1.783123e-08
3100.000000 1.857833e-08
3105.000000 1.822116e-08
3110.000000 1.766698e-08
3115.000000 1.746764e-08
3120.000000 1.751381e-08
3125.000000 1.825788e-08
3130.000000 1.877778e-08
3135.000000 1.856860e-08
3140.000000 1.852974e-08
3145.000000 1.810441e-08
3150.000000 1.764322e-08
3155.000000 1.788237e-08
3160.000000 1.791710e-08
3165.000000 1.784444e-08
3170.000000 1.774553e-08
3175.000000 1.780788e-08
3180.000000 1.766370e-08
3185.000000 1.816453e-08
3190.000000 1.846252e-08
3195.000000 1.792565e-08
3200.000000 1.711433e-08
3205.000000 1.693198e-08
3210.000000 1.686246e-08
3215.000000 1.679365e-08
3220.000000 1.672533e-08
3225.000000 1.665718e-08
3230.000000 1.658888e-08
3235.000000 1.652013e-08
3240.000000 1.645066e-08
3245.000000 1.638011e-08
3250.000000 1.630825e-08
3255.000000 1.623488e-08
3260.000000 1.616016e-08
3265.000000 1.608430e-08
3270.000000 1.600765e-08
3275.000000 1.593041e-08
3280.000000 1.585286e-08
3285.000000 1.577530e-08
3290.000000 1.569803e-08
3295.000000 1.562121e-08
3300.000000 1.554521e-08
3305.000000 1.547014e-08
3310.000000 1.539596e-08
3315.000000 1.532256e-08
3320.000000 1.524973e-08
3325.000000 1.517734e-08
3330.000000 1.510522e-08
3335.000000 1.503320e-08
3340.000000 1.496118e-08
3345.000000 1.488890e-08
3350.000000 1.481636e-08
3355.000000 1.474334e-08
3360.000000 1.466996e-08
3365.000000 1.459642e-08
3370.000000 1.452274e-08
3375.000000 1.444922e-08
3380.000000 1.437585e-08
3385.000000 1.430294e-08
3390.000000 1.423051e-08
3395.000000 1.415879e-08
3400.000000 1.408784e-08
3405.000000 1.401786e-08
3410.000000 1.394880e-08
3415.000000 1.388070e-08
3420.000000 1.381349e-08
3425.000000 1.374721e-08
3430.000000 1.368178e-08
3435.000000 1.361724e-08
3440.000000 1.355354e-08
3445.000000 1.349063e-08
3450.000000 1.342855e-08
3455.000000 1.336723e-08
3460.000000 1.330662e-08
3465.000000 1.324667e-08
3470.000000 1.318725e-08
3475.000000 1.312834e-08
3480.000000 1.306985e-08
3485.000000 1.301170e-08
3490.000000 1.295381e-08
3495.000000 1.289616e-08
3500.000000 1.283860e-08
3505.000000 1.273671e-08
3510.000000 1.242278e-08
3515.000000 1.237643e-08
3520.000000 1.232125e-08
3525.000000 1.229991e-08
3530.000000 1.226835e-08
3535.000000 1.231489e-08
3540.000000 1.233937e-08
3545.000000 1.234601e-08
3550.000000 1.227078e-08
3555.000000 1.222924e-08
3560.000000 1.219138e-08
3565.000000 1.217033e-08
3570.000000 1.217982e-08
3575.000000 1.216159e-08
3580.000000 1.199582e-08
3585.000000 1.179622e-08
3590.000000 1.171576e-08
3595.000000 1.172363e-08
3600.000000 1.163505e-08
3605.000000 1.158132e-08
3610.000000 1.148760e-08
3615.000000 1.151207e-08
3620.000000 1.163676e-08
3625.000000 1.146148e-08
3630.000000 1.112459e-08
3635.000000 1.102708e-08
3640.000000 1.128157e-08
3645.000000 1.150810e-08
3650.000000 1.154523e-08
3655.000000 1.148477e-08
3660.000000 1.141725e-08
3665.000000 1.130203e-08
3670.000000 1.117543e-08
3675.000000 1.126189e-08
3680.000000 1.125534e-08
3685.000000 1.124834e-08
3690.000000 1.116966e-08
3695.000000 1.099742e-08
3700.000000 1.086787e-08
3705.000000 1.077458e-08
3710.000000 1.101283e-08
3715.000000 1.129849e-08
3720.000000 1.122822e-08
3725.000000 1.135964e-08
3730.000000 1.131800e-08
3735.000000 1.108437e-08
3740.000000 1.166587e-08
3745.000000 1.153066e-08
3750.000000 1.095613e-08
3755.000000 1.152334e-08
3760.000000 1.194620e-08
3765.000000 1.148244e-08
3770.000000 1.083330e-08
3775.000000 1.145255e-08
3780.000000 1.209416e-08
3785.000000 1.215521e-08
3790.000000 1.183220e-08
3795.000000 1.105008e-08
3800.000000 1.106645e-08
3805.000000 1.179869e-08
3810.000000 1.218970e-08
3815.000000 1.194448e-08
3820.000000 1.167795e-08
3825.000000 1.166595e-08
3830.000000 1.090075e-08
3835.000000 1.020139e-08
3840.000000 1.095831e-08
3845.000000 1.165877e-08
3850.000000 1.182698e-08
3855.000000 1.176504e-08
3860.000000 1.159949e-08
3865.000000 1.137713e-08
3870.000000 1.136220e-08
3875.000000 1.129097e-08
3880.000000 1.088110e-08
3885.000000 1.010365e-08
3890.000000 9.958408e-09
3895.000000 1.079393e-08
3900.000000 1.115373e-08
3905.000000 1.118053e-08
3910.000000 1.118666e-08
3915.000000 1.108360e-08
3920.000000 1.072542e-08
3925.000000 1.055558e-08
3930.000000 1.025739e-08
3935.000000 1.027239e-08
3940.000000 1.074178e-08
3945.000000 1.083338e-08
3950.000000 1.075805e-08
3955.000000 1.058084e-08
3960.000000 1.007633e-08
3965.000000 9.043167e-09
3970.000000 8.586412e-09
3975.000000 9.613846e-09
3980.000000 1.015831e-08
3985.000000 1.022598e-08
3990.000000 1.017900e-08
3995.000000 1.001214e-08
4000.000000 9.908447e-09
4005.000000 9.802169e-09
4010.000000 9.798383e-09
4015.000000 9.872950e-09
4020.000000 9.584076e-09
4025.000000 9.275119e-09
4030.000000 9.535079e-09
4035.000000 9.699901e-09
4040.000000 9.608747e-09
4045.000000 9.618542e-09
4050.000000 9.635499e-09
4055.000000 9.538390e-09
4060.000000 9.416145e-09
4065.000000 9.335460e-09
4070.000000 9.064179e-09
4075.000000 8.926605e-09
4080.000000 8.964244e-09
4085.000000 8.913640e-09
4090.000000 8.819455e-09
4095.000000 8.395065e-09
4100.000000 7.773195e-09
4105.000000 8.121077e-09
4110.000000 8.691911e-09
4115.000000 8.713392e-09
4120.000000 8.636447e-09
4125.000000 8.684876e-09
4130.000000 8.637034e-09
4135.000000 8.580823e-09
4140.000000 8.386976e-09
4145.000000 8.415867e-09
4150.000000 8.601013e-09
4155.000000 8.559751e-09
4160.000000 8.439941e-09
4165.000000 8.402622e-09
4170.000000 8.372099e-09
4175.000000 8.295848e-09
4180.000000 8.214477e-09
4185.000000 8.138032e-09
4190.000000 8.150546e-09
4195.000000 8.184196e-09
4200.000000 8.131716e-09
4205.000000 8.112695e-09
4210.000000 8.129927e-09
4215.000000 8.115610e-09
4220.000000 8.081808e-09
4225.000000 8.038848e-09
4230.000000 7.987643e-09
4235.000000 7.961467e-09
4240.000000 7.955084e-09
4245.000000 7.938202e-09
4250.000000 7.895452e-09
4255.000000 7.856544e-09
4260.000000 7.793171e-09
4265.000000 7.696061e-09
4270.000000 7.641346e-09
4275.000000 7.589144e-09
4280.000000 7.631881e-09
4285.000000 7.647676e-09
4290.000000 7.695156e-09
4295.000000 7.689210e-09
4300.000000 7.652619e-09
4305.000000 7.616690e-09
4310.000000 7.585494e-09
4315.000000 7.478997e-09
4320.000000 7.424433e-09
4325.000000 7.518580e-09
4330.000000 7.382245e-09
4335.000000 6.932708e-09
4340.000000 6.464848e-09
4345.000000 6.686661e-09
4350.000000 7.042052e-09
4355.000000 7.357943e-09
4360.000000 7.437279e-09
4365.000000 7.394890e-09
4370.000000 7.350178e-09
4375.000000 7.337139e-09
4380.000000 7.243468e-09
4385.000000 7.001599e-09
4390.000000 6.960304e-09
4395.000000 7.166040e-09
4400.000000 7.193223e-09
4405.000000 7.114573e-09
4410.000000 6.977073e-09
4415.000000 6.702664e-09
4420.000000 6.513482e-09
4425.000000 6.378841e-09
4430.000000 6.303217e-09
4435.000000 6.423921e-09
4440.000000 6.638923e-09
4445.000000 6.760271e-09
4450.000000 6.788082e-09
4455.000000 6.864623e-09
4460.000000 6.862523e-09
4465.000000 6.668429e-09
4470.000000 6.378595e-09
4475.000000 6.500629e-09
4480.000000 6.657544e-09
4485.000000 6.796373e-09
4490.000000 6.872529e-09
4495.000000 6.827030e-09
4500.000000 6.779139e-09
4505.000000 6.789031e-09
4510.000000 6.788625e-09
4515.000000 6.749858e-09
4520.000000 6.743654e-09
4525.000000 6.710763e-09
4530.000000 6.655820e-09
4535.000000 6.662936e-09
4540.000000 6.652510e-09
4545.000000 6.551725e-09
4550.000000 6.421075e-09
4555.000000 6.496036e-09
4560.000000 6.566840e-09
4565.000000 6.436794e-09
4570.000000 6.389751e-09
4575.000000 6.436375e-09
4580.000000 6.503514e-09
4585.000000 6.427876e-09
4590.000000 6.318840e-09
4595.000000 6.263154e-09
4600.000000 6.255042e-09
4605.000000 6.240341e-09
4610.000000 6.252478e-09
4615.000000 6.302240e-09
4620.000000 6.315115e-09
4625.000000 6.298714e-09
4630.000000 6.195108e-09
4635.000000 6.170286e-09
4640.000000 6.098205e-09
4645.000000 6.038168e-09
4650.000000 6.010037e-09
4655.000000 6.124854e-09
4660.000000 6.190233e-09
4665.000000 6.268458e-09
4670.000000 6.272831e-09
4675.000000 6.217586e-09
4680.000000 6.236217e-09
4685.000000 6.273240e-09
4690.000000 6.216383e-09
4695.000000 6.116792e-09
4700.000000 6.059343e-09
4705.000000 6.048142e-09
4710.000000 5.936661e-09
4715.000000 5.864664e-09
4720.000000 5.871828e-09
4725.000000 5.839389e-09
4730.000000 5.900930e-09
4735.000000 5.921414e-09
4740.000000 5.909359e-09
4745.000000 5.891110e-09
4750.000000 5.855100e-09
4755.000000 5.771720e-09
4760.000000 5.730878e-09
4765.000000 5.704714e-09
4770.000000 5.745826e-09
4775.000000 5.736375e-09
4780.000000 5.736433e-09
4785.000000 5.750022e-09
4790.000000 5.757443e-09
4795.000000 5.706102e-09
4800.000000 5.629963e-09
4805.000000 5.623682e-09
4810.000000 5.589392e-09
4815.000000 5.530847e-09
4820.000000 5.519575e-09
4825.000000 5.560171e-09
4830.000000 5.574996e-09
4835.000000 5.642479e-09
4840.000000 5.641110e-09
4845.000000 5.578514e-09
4850.000000 5.441962e-09
4855.000000 5.137347e-09
4860.000000 4.991003e-09
4865.000000 5.177782e-09
4870.000000 5.281552e-09
4875.000000 5.238350e-09
4880.000000 5.180821e-09
4885.000000 5.191024e-09
4890.000000 5.271396e-09
4895.000000 5.303999e-09
4900.000000 5.294466e-09
4905.000000 5.284797e-09
4910.000000 5.250337e-09
4915.000000 5.159067e-09
4920.000000 5.008562e-09
4925.000000 5.054437e-09
4930.000000 5.233622e-09
4935.000000 5.287870e-09
4940.000000 5.270184e-09
4945.000000 5.255048e-09
4950.000000 5.261599e-09
4955.000000 5.224200e-09
4960.000000 5.164807e-09
4965.000000 5.128137e-09
4970.000000 5.120249e-09
4975.000000 5.109268e-09
4980.000000 5.104051e-09
4985.000000 5.091568e-09
4990.000000 5.080038e-09
4995.000000 5.049766e-09
5000.000000 4.956843e-09
5005.000000 4.856741e-09
5010.000000 4.805697e-09
5015.000000 4.787716e-09
5020.000000 4.900010e-09
5025.000000 4.943965e-09
5030.000000 4.923826e-09
5035.000000 4.905417e-09
5040.000000 4.857288e-09
5045.000000 4.739569e-09
5050.000000 4.746493e-09
5055.000000 4.795160e-09
5060.000000 4.789465e-09
5065.000000 4.795452e-09
5070.000000 4.808741e-09
5075.000000 4.798883e-09
5080.000000 4.806344e-09
5085.000000 4.785095e-09
5090.000000 4.769435e-09
5095.000000 4.731742e-09
5100.000000 4.707867e-09
5105.000000 4.695425e-09
5110.000000 4.664682e-09
5115.000000 4.636041e-09
5120.000000 4.605633e-09
5125.000000 4.585333e-09
5130.000000 4.581360e-09
5135.000000 4.582779e-09
5140.000000 4.560428e-09
5145.000000 4.554095e-09
5150.000000 4.534379e-09
5155.000000 4.471889e-09
5160.000000 4.451825e-09
5165.000000 4.447602e-09
5170.000000 4.452261e-09
5175.000000 4.478594e-09
5180.000000 4.475946e-09
5185.000000 4.462969e-09
5190.000000 4.442873e-09
5195.000000 4.423371e-09
5200.000000 4.403579e-09
5205.000000 4.369573e-09
5210.000000 4.351977e-09
5215.000000 4.328763e-09
5220.000000 4.305718e-09
5225.000000 4.280047e-09
5230.000000 4.265627e-09
5235.000000 4.263798e-09
5240.000000 4.251285e-09
5245.000000 4.214524e-09
5250.000000 4.171818e-09
5255.000000 4.164385e-09
5260.000000 4.160557e-09
5265.000000 4.113062e-09
5270.000000 4.091076e-09
5275.000000 4.091010e-09
5280.000000 4.086217e-09
5285.000000 4.076659e-09
5290.000000 4.060335e-09
5295.000000 4.052318e-09
5300.000000 4.068321e-09
5305.000000 4.062102e-09
5310.000000 4.023800e-09
5315.000000 3.994411e-09
5320.000000 3.978045e-09
5325.000000 3.993099e-09
5330.000000 3.987751e-09
5335.000000 3.981902e-09
5340.000000 3.958850e-09
5345.000000 3.920111e-09
5350.000000 3.899531e-09
5355.000000 3.886735e-09
5360.000000 3.846191e-09
5365.000000 3.835374e-09
5370.000000 3.838005e-09
5375.000000 3.839938e-09
5380.000000 3.841534e-09
5385.000000 3.832764e-09
5390.000000 3.820910e-09
5395.000000 3.788714e-09
5400.000000 3.762918e-09
5405.000000 3.755637e-09
5410.000000 3.744515e-09
5415.000000 3.725052e-09
5420.000000 3.696450e-09
5425.000000 3.681964e-09
5430.000000 3.653583e-09
5435.000000 3.634822e-09
5440.000000 3.626511e-09
5445.000000 3.575777e-09
5450.000000 3.506526e-09
5455.000000 3.500104e-09
5460.000000 3.566867e-09
5465.000000 3.590901e-09
5470.000000 3.559314e-09
5475.000000 3.549881e-09
5480.000000 3.520246e-09
5485.000000 3.478307e-09
5490.000000 3.460816e-09
5495.000000 3.487415e-09
5500.000000 3.515963e-09
5505.000000 3.461773e-09
5510.000000 3.428143e-09
5515.000000 3.428499e-09
5520.000000 3.417638e-09
5525.000000 3.386645e-09
5530.000000 3.375188e-09
5535.000000 3.360547e-09
5540.000000 3.352986e-09
5545.000000 3.363002e-09
5550.000000 3.387763e-09
5555.000000 3.386333e-09
5560.000000 3.374621e-09
5565.000000 3.364603e-09
5570.000000 3.354853e-09
5575.000000 3.348071e-09
5580.000000 3.338199e-09
5585.000000 3.332580e-09
5590.000000 3.335067e-09
5595.000000 3.331801e-09
5600.000000 3.308170e-09
5605.000000 3.288204e-09
5610.000000 3.269450e-09
5615.000000 3.262579e-09
5620.000000 3.264274e-09
5625.000000 3.263939e-09
5630.000000 3.260167e-09
5635.000000 3.250279e-09
5640.000000 3.219325e-09
5645.000000 3.198545e-09
5650.000000 3.203668e-09
5655.000000 3.201659e-09
5660.000000 3.170838e-09
5665.000000 3.127203e-09
5670.000000 3.110902e-09
5675.000000 3.092652e-09
5680.000000 3.078009e-09
5685.000000 3.091850e-09
5690.000000 3.106031e-09
5695.000000 3.087146e-09
5700.000000 3.065504e-09
5705.000000 3.041640e-09
5710.000000 3.038665e-09
5715.000000 3.049138e-09
5720.000000 3.043849e-09
5725.000000 3.041967e-09
5730.000000 3.040832e-09
5735.000000 3.020751e-09
5740.000000 2.981073e-09
5745.000000 2.981648e-09
5750.000000 3.004671e-09
5755.000000 3.011309e-09
5760.000000 2.990976e-09
5765.000000 2.961732e-09
5770.000000 2.917897e-09
5775.000000 2.838538e-09
5780.000000 2.712783e-09
5785.000000 2.742506e-09
5790.000000 2.834110e-09
5795.000000 2.839265e-09
5800.000000 2.842870e-09
5805.000000 2.875971e-09
5810.000000 2.882376e-09
5815.000000 2.892834e-09
5820.000000 2.899826e-09
5825.000000 2.891316e-09
5830.000000 2.885433e-09
5835.000000 2.882692e-09
5840.000000 2.870500e-09
5845.000000 2.837113e-09
5850.000000 2.825260e-09
5855.000000 2.841332e-09
5860.000000 2.865469e-09
5865.000000 2.863114e-09
5870.000000 2.790045e-09
5875.000000 2.715932e-09
5880.000000 2.726759e-09
5885.000000 2.663370e-09
5890.000000 2.475574e-09
5895.000000 2.432016e-09
5900.000000 2.581453e-09
5905.000000 2.726717e-09
5910.000000 2.758490e-09
5915.000000 2.749092e-09
5920.000000 2.728874e-09
5925.000000 2.708611e-09
5930.000000 2.706426e-09
5935.000000 2.704637e-09
5940.000000 2.676493e-09
5945.000000 2.662121e-09
5950.000000 2.662262e-09
5955.000000 2.672182e-09
5960.000000 2.675343e-09
5965.000000 2.661423e-09
5970.000000 2.640856e-09
5975.000000 2.631668e-09
5980.000000 2.631187e-09
5985.000000 2.615723e-09
5990.000000 2.608646e-09
5995.000000 2.607411e-09
6000.000000 2.595660e-09
6005.000000 2.577030e-09
6010.000000 2.563879e-09
6015.000000 2.570234e-09
6020.000000 2.576700e-09
6025.000000 2.566650e-09
6030.000000 2.545527e-09
6035.000000 2.528901e-09
6040.000000 2.525732e-09
6045.000000 2.534318e-09
6050.000000 2.543135e-09
6055.000000 2.547277e-09
6060.000000 2.551470e-09
6065.000000 2.545413e-09
6070.000000 2.533577e-09
6075.000000 2.518804e-09
6080.000000 2.513385e-09
6085.000000 2.515053e-09
6090.000000 2.509129e-09
6095.000000 2.493391e-09
6100.000000 2.492977e-09
6105.000000 2.493485e-09
6110.000000 2.483678e-09
6115.000000 2.478341e-09
6120.000000 2.471816e-09
6125.000000 2.463240e-09
6130.000000 2.449662e-09
6135.000000 2.428572e-09
6140.000000 2.423155e-09
6145.000000 2.420957e-09
6150.000000 2.428546e-09
6155.000000 2.422216e-09
6160.000000 2.392167e-09
6165.000000 2.350385e-09
6170.000000 2.318652e-09
6175.000000 2.311754e-09
6180.000000 2.315864e-09
6185.000000 2.315308e-09
6190.000000 2.321869e-09
6195.000000 2.321561e-09
6200.000000 2.309922e-09
6205.000000 2.295535e-09
6210.000000 2.316171e-09
6215.000000 2.333714e-09
6220.000000 2.341715e-09
6225.000000 2.341298e-09
6230.000000 2.335959e-09
6235.000000 2.330452e-09
6240.000000 2.326461e-09
6245.000000 2.322873e-09
6250.000000 2.317794e-09
6255.000000 2.310267e-09
6260.000000 2.286793e-09
6265.000000 2.250335e-09
6270.000000 2.206320e-09
6275.000000 2.137232e-09
6280.000000 2.022996e-09
6285.000000 1.982969e-09
6290.000000 2.083588e-09
6295.000000 2.192225e-09
6300.000000 2.215979e-09
6305.000000 2.195625e-09
6310.000000 2.187883e-09
6315.000000 2.192507e-09
6320.000000 2.205565e-09
6325.000000 2.218642e-09
6330.000000 2.225554e-09
6335.000000 2.222399e-09
6340.000000 2.199804e-09
6345.000000 2.155953e-09
6350.000000 2.131329e-09
6355.000000 2.153372e-09
6360.000000 2.174721e-09
6365.000000 2.165730e-09
6370.000000 2.137211e-09
6375.000000 2.115256e-09
6380.000000 2.111857e-09
6385.000000 2.143132e-09
6390.000000 2.170844e-09
6395.000000 2.168762e-09
6400.000000 2.143429e-09
6405.000000 2.136507e-09
6410.000000 2.140974e-09
6415.000000 2.139738e-09
6420.000000 2.143026e-09
6425.000000 2.142925e-09
6430.000000 2.143702e-09
6435.000000 2.141578e-09
6440.000000 2.123992e-09
6445.000000 2.098585e-09
6450.000000 2.084108e-09
6455.000000 2.076688e-09
6460.000000 2.072101e-09
6465.000000 2.075684e-09
6470.000000 2.084203e-09
6475.000000 2.078216e-09
6480.000000 2.063066e-09
6485.000000 2.054950e-09
6490.000000 2.054258e-09
6495.000000 2.056741e-09
6500.000000 2.070663e-09
6505.000000 2.073649e-09
6510.000000 2.069238e-09
6515.000000 2.061887e-09
6520.000000 2.063483e-09
6525.000000 2.059913e-09
6530.000000 2.048933e-09
6535.000000 2.049563e-09
6540.000000 2.077353e-09
6545.000000 2.114746e-09
6550.000000 2.159027e-09
6555.000000 2.244181e-09
6560.000000 2.507653e-09
6565.000000 2.864678e-09
6570.000000 2.707467e-09
6575.000000 2.297277e-09
6580.000000 2.101544e-09
6585.000000 2.050557e-09
6590.000000 2.031241e-09
6595.000000 2.024303e-09
6600.000000 2.022311e-09
6605.000000 2.012727e-09
6610.000000 1.983183e-09
6615.000000 1.955073e-09
6620.000000 1.962260e-09
6625.000000 1.981456e-09
6630.000000 1.976158e-09
6635.000000 1.961089e-09
6640.000000 1.953396e-09
6645.000000 1.947399e-09
6650.000000 1.940519e-09
6655.000000 1.934969e-09
6660.000000 1.926700e-09
6665.000000 1.922737e-09
6670.000000 1.903060e-09
6675.000000 1.839891e-09
6680.000000 1.810782e-09
6685.000000 1.865338e-09
6690.000000 1.912685e-09
6695.000000 1.911464e-09
6700.000000 1.900639e-09
6705.000000 1.896223e-09
6710.000000 1.891594e-09
6715.000000 1.883941e-09
6720.000000 1.877303e-09
6725.000000 1.879244e-09
6730.000000 1.864600e-09
6735.000000 1.856926e-09
6740.000000 1.851151e-09
6745.000000 1.848929e-09
6750.000000 1.847531e-09
6755.000000 1.845600e-09
6760.000000 1.841897e-09
6765.000000 1.839491e-09
6770.000000 1.833851e-09
6775.000000 1.827650e-09
6780.000000 1.822653e-09
6785.000000 1.813337e-09
6790.000000 1.811385e-09
6795.000000 1.808681e-09
6800.000000 1.813996e-09
6805.000000 1.820730e-09
6810.000000 1.818151e-09
6815.000000 1.805445e-09
6820.000000 1.794000e-09
6825.000000 1.789294e-09
6830.000000 1.780147e-09
6835.000000 1.776893e-09
6840.000000 1.780421e-09
6845.000000 1.777904e-09
6850.000000 1.774184e-09
6855.000000 1.770467e-09
6860.000000 1.766748e-09
6865.000000 1.763035e-09
6870.000000 1.759312e-09
6875.000000 1.755593e-09
6880.000000 1.751879e-09
6885.000000 1.748161e-09
6890.000000 1.744445e-09
6895.000000 1.740726e-09
6900.000000 1.737005e-09
6905.000000 1.733291e-09
6910.000000 1.729569e-09
6915.000000 1.725856e-09
6920.000000 1.722135e-09
6925.000000 1.718415e-09
6930.000000 1.714701e-09
6935.000000 1.710978e-09
6940.000000 1.707263e-09
6945.000000 1.703547e-09
6950.000000 1.699824e-09
6955.000000 1.696107e-09
6960.000000 1.692393e-09
6965.000000 1.688674e-09
6970.000000 1.686958e-09
6975.000000 1.695026e-09
6980.000000 1.692288e-09
6985.000000 1.687720e-09
6990.000000 1.669242e-09
6995.000000 1.664484e-09
7000.000000 1.659647e-09
7005.000000 1.655944e-09
7010.000000 1.663256e-09
7015.000000 1.658145e-09
7020.000000 1.645386e-09
7025.000000 1.632272e-09
7030.000000 1.634683e-09
7035.000000 1.641713e-09
7040.000000 1.643440e-09
7045.000000 1.643099e-09
7050.000000 1.635291e-09
7055.000000 1.628159e-09
7060.000000 1.591723e-09
7065.000000 1.561424e-09
7070.000000 1.593973e-09
7075.000000 1.618741e-09
7080.000000 1.623314e-09
7085.000000 1.621472e-09
7090.000000 1.613630e-09
7095.000000 1.615586e-09
7100.000000 1.612392e-09
7105.000000 1.610955e-09
7110.000000 1.610746e-09
7115.000000 1.610312e-09
7120.000000 1.600305e-09
7125.000000 1.597292e-09
7130.000000 1.600649e-09
7135.000000 1.596566e-09
7140.000000 1.589855e-09
7145.000000 1.581240e-09
7150.000000 1.574680e-09
7155.000000 1.577202e-09
7160.000000 1.571052e-09
7165.000000 1.554466e-09
7170.000000 1.534390e-09
7175.000000 1.518124e-09
7180.000000 1.501950e-09
7185.000000 1.477049e-09
7190.000000 1.475095e-09
7195.000000 1.487014e-09
7200.000000 1.488046e-09
7205.000000 1.502902e-09
7210.000000 1.530465e-09
7215.000000 1.541762e-09
7220.000000 1.532853e-09
7225.000000 1.516347e-09
7230.000000 1.497764e-09
7235.000000 1.482022e-09
7240.000000 1.474717e-09
7245.000000 1.477792e-09
7250.000000 1.475466e-09
7255.000000 1.473124e-09
7260.000000 1.469629e-09
7265.000000 1.459879e-09
7270.000000 1.451342e-09
7275.000000 1.428278e-09
7280.000000 1.425665e-09
7285.000000 1.434960e-09
7290.000000 1.424598e-09
7295.000000 1.425248e-09
7300.000000 1.426003e-09
7305.000000 1.415703e-09
7310.000000 1.416713e-09
7315.000000 1.417289e-09
7320.000000 1.419894e-09
7325.000000 1.417082e-09
7330.000000 1.408093e-09
7335.000000 1.399308e-09
7340.000000 1.396563e-09
7345.000000 1.391881e-09
7350.000000 1.387462e-09
7355.000000 1.384897e-09
7360.000000 1.378739e-09
7365.000000 1.375323e-09
7370.000000 1.373691e-09
7375.000000 1.377822e-09
7380.000000 1.373616e-09
7385.000000 1.363076e-09
7390.000000 1.359326e-09
7395.000000 1.361150e-09
7400.000000 1.366327e-09
7405.000000 1.364407e-09
7410.000000 1.355151e-09
7415.000000 1.351513e-09
7420.000000 1.338193e-09
7425.000000 1.304503e-09
7430.000000 1.299064e-09
7435.000000 1.295559e-09
7440.000000 1.295994e-09
7445.000000 1.297518e-09
7450.000000 1.300450e-09
7455.000000 1.299873e-09
7460.000000 1.295320e-09
7465.000000 1.282233e-09
7470.000000 1.282104e-09
7475.000000 1.289043e-09
7480.000000 1.284297e-09
7485.000000 1.281741e-09
7490.000000 1.282604e-09
7495.000000 1.283021e-09
7500.000000 1.280446e-09
7505.000000 1.280714e-09
7510.000000 1.286882e-09
7515.000000 1.282800e-09
7520.000000 1.272255e-09
7525.000000 1.262833e-09
7530.000000 1.254561e-09
7535.000000 1.249339e-09
7540.000000 1.244237e-09
7545.000000 1.240707e-09
7550.000000 1.238079e-09
7555.000000 1.234445e-09
7560.000000 1.230621e-09
7565.000000 1.226793e-09
7570.000000 1.222968e-09
7575.000000 1.219143e-09
7580.000000 1.215316e-09
7585.000000 1.211491e-09
7590.000000 1.207661e-09
7595.000000 1.203840e-09
7600.000000 1.200014e-09
7605.000000 1.196184e-09
7610.000000 1.192361e-09
7615.000000 1.188535e-09
7620.000000 1.184710e-09
7625.000000 1.180884e-09
7630.000000 1.177056e-09
7635.000000 1.173232e-09
7640.000000 1.169402e-09
7645.000000 1.165580e-09
7650.000000 1.161753e-09
7655.000000 1.157927e-09
7660.000000 1.154103e-09
7665.000000 1.150275e-09
7670.000000 1.146451e-09
7675.000000 1.142625e-09
7680.000000 1.138798e-09
7685.000000 1.134973e-09
7690.000000 1.131145e-09
7695.000000 1.127321e-09
7700.000000 1.123495e-09
7705.000000 1.119666e-09
7710.000000 1.115845e-09
7715.000000 1.112018e-09
7720.000000 1.108190e-09
7725.000000 1.104365e-09
7730.000000 1.101083e-09
7735.000000 1.100679e-09
7740.000000 1.098512e-09
7745.000000 1.096622e-09
7750.000000 1.098373e-09
7755.000000 1.096598e-09
7760.000000 1.090007e-09
7765.000000 1.065614e-09
7770.000000 1.000763e-09
7775.000000 9.847947e-10
7780.000000 1.052434e-09
7785.000000 1.084879e-09
7790.000000 1.091499e-09
7795.000000 1.089103e-09
7800.000000 1.085438e-09
7805.000000 1.086151e-09
7810.000000 1.082798e-09
7815.000000 1.075772e-09
7820.000000 1.075180e-09
7825.000000 1.072034e-09
7830.000000 1.070322e-09
7835.000000 1.068429e-09
7840.000000 1.070811e-09
7845.000000 1.077161e-09
7850.000000 1.081352e-09
7855.000000 1.071724e-09
7860.000000 1.064224e-09
7865.000000 1.060783e-09
7870.000000 1.061128e-09
7875.000000 1.064613e-09
7880.000000 1.062629e-09
7885.000000 1.049556e-09
7890.000000 1.048384e-09
7895.000000 1.055571e-09
7900.000000 1.047709e-09
7905.000000 1.037095e-09
7910.000000 1.036312e-09
7915.000000 1.028476e-09
7920.000000 1.013241e-09
7925.000000 1.006762e-09
7930.000000 1.006906e-09
7935.000000 1.011913e-09
7940.000000 1.013863e-09
7945.000000 1.012598e-09
7950.000000 1.008894e-09
7955.000000 1.002257e-09
7960.000000 1.000770e-09
7965.000000 1.001217e-09
7970.000000 9.986302e-10
7975.000000 1.000796e-09
7980.000000 9.995319e-10
7985.000000 9.935756e-10
7990.000000 9.935573e-10
7995.000000 9.875041e-10
8000.000000 9.814457e-10
8005.000000 9.799470e-10
8010.000000 9.791508e-10
8015.000000 9.779467e-10
8020.000000 9.765394e-10
8025.000000 9.706050e-10
8030.000000 9.677167e-10
8035.000000 9.602685e-10
8040.000000 9.631416e-10
8045.000000 9.638903e-10
8050.000000 9.660401e-10
8055.000000 9.643597e-10
8060.000000 9.636074e-10
8065.000000 9.621016e-10
8070.000000 9.581748e-10
8075.000000 9.547455e-10
8080.000000 9.493528e-10
8085.000000 9.493066e-10
8090.000000 9.481572e-10
8095.000000 9.450807e-10
8100.000000 9.429265e-10
8105.000000 9.409759e-10
8110.000000 9.390220e-10
8115.000000 9.370745e-10
8120.000000 9.351213e-10
8125.000000 9.331699e-10
8130.000000 9.312209e-10
8135.000000 9.292692e-10
8140.000000 9.273179e-10
8145.000000 9.253683e-10
8150.000000 9.234153e-10
8155.000000 9.214656e-10
8160.000000 9.195144e-10
8165.000000 9.175649e-10
8170.000000 9.156117e-10
8175.000000 9.136629e-10
8180.000000 9.117113e-10
8185.000000 9.097613e-10
8190.000000 9.078109e-10
8195.000000 9.058592e-10
8200.000000 9.039086e-10
8205.000000 9.019573e-10
8210.000000 9.000071e-10
8215.000000 8.980564e-10
8220.000000 8.961045e-10
8225.000000 8.941535e-10
8230.000000 8.922043e-10
8235.000000 8.902517e-10
8240.000000 8.883025e-10
8245.000000 8.863506e-10
8250.000000 8.843993e-10
8255.000000 8.824504e-10
8260.000000 8.804986e-10
8265.000000 8.785480e-10
8270.000000 8.765971e-10
8275.000000 8.746451e-10
8280.000000 8.726955e-10
8285.000000 8.707453e-10
8290.000000 8.687947e-10
8295.000000 8.668427e-10
8300.000000 8.648927e-10
8305.000000 8.629407e-10
8310.000000 8.609912e-10
8315.000000 8.590407e-10
8320.000000 8.570896e-10
8325.000000 8.551379e-10
8330.000000 8.531875e-10
8335.000000 8.512369e-10
8340.000000 8.492877e-10
8345.000000 8.473354e-10
8350.000000 8.453833e-10
8355.000000 8.434329e-10
8360.000000 8.414821e-10
8365.000000 8.395323e-10
8370.000000 8.375805e-10
8375.000000 8.356282e-10
8380.000000 8.336785e-10
8385.000000 8.317270e-10
8390.000000 8.297756e-10
8395.000000 8.278269e-10
8400.000000 8.258746e-10
8405.000000 8.208734e-10
8410.000000 8.002781e-10
8415.000000 7.981444e-10
8420.000000 8.275607e-10
8425.000000 8.427698e-10
8430.000000 8.277267e-10
8435.000000 7.864444e-10
8440.000000 7.738706e-10
8445.000000 7.972776e-10
8450.000000 8.266036e-10
8455.000000 8.311767e-10
8460.000000 8.092116e-10
8465.000000 7.790963e-10
8470.000000 7.826340e-10
8475.000000 8.085232e-10
8480.000000 8.156951e-10
8485.000000 8.169886e-10
8490.000000 8.140447e-10
8495.000000 7.888685e-10
8500.000000 7.555340e-10
8505.000000 7.585649e-10
8510.000000 7.892244e-10
8515.000000 8.006478e-10
8520.000000 8.032909e-10
8525.000000 7.973365e-10
8530.000000 7.886026e-10
8535.000000 7.782204e-10
8540.000000 7.434077e-10
8545.000000 7.191939e-10
8550.000000 7.455097e-10
8555.000000 7.725893e-10
8560.000000 7.774809e-10
8565.000000 7.766348e-10
8570.000000 7.733982e-10
8575.000000 7.682785e-10
8580.000000 7.599529e-10
8585.000000 7.565867e-10
8590.000000 7.479798e-10
8595.000000 7.121609e-10
8600.000000 7.072008e-10
8605.000000 7.426732e-10
8610.000000 7.593502e-10
8615.000000 7.522656e-10
8620.000000 7.458354e-10
8625.000000 7.524623e-10
8630.000000 7.576343e-10
8635.000000 7.553007e-10
8640.000000 7.462511e-10
8645.000000 7.387412e-10
8650.000000 7.344079e-10
8655.000000 7.281075e-10
8660.000000 6.994482e-10
8665.000000 6.778117e-10
8670.000000 7.057078e-10
8675.000000 7.243374e-10
8680.000000 7.182720e-10
8685.000000 7.234122e-10
8690.000000 7.369478e-10
8695.000000 7.361628e-10
8700.000000 7.346507e-10
8705.000000 7.323300e-10
8710.000000 7.295728e-10
8715.000000 7.286327e-10
8720.000000 7.284947e-10
8725.000000 7.287626e-10
8730.000000 7.217276e-10
8735.000000 7.158508e-10
8740.000000 7.128265e-10
8745.000000 6.815334e-10
8750.000000 6.578258e-10
8755.000000 6.856755e-10
8760.000000 7.207620e-10
8765.000000 7.248698e-10
8770.000000 7.172785e-10
8775.000000 7.088721e-10
8780.000000 7.010675e-10
8785.000000 7.062606e-10
8790.000000 7.106164e-10
8795.000000 7.084073e-10
8800.000000 7.071679e-10
8805.000000 7.060024e-10
8810.000000 7.049127e-10
8815.000000 7.038387e-10
8820.000000 7.067898e-10
8825.000000 7.158851e-10
8830.000000 7.104790e-10
8835.000000 7.062489e-10
8840.000000 6.968383e-10
8845.000000 6.868913e-10
8850.000000 6.843894e-10
8855.000000 6.713498e-10
8860.000000 6.405684e-10
8865.000000 6.465923e-10
8870.000000 6.802253e-10
8875.000000 6.942176e-10
8880.000000 7.038324e-10
8885.000000 7.027943e-10
8890.000000 6.974856e-10
8895.000000 6.963706e-10
8900.000000 6.940116e-10
8905.000000 6.853416e-10
8910.000000 6.849128e-10
8915.000000 6.850717e-10
8920.000000 6.834967e-10
8925.000000 6.779008e-10
8930.000000 6.699886e-10
8935.000000 6.671470e-10
8940.000000 6.649009e-10
8945.000000 6.622646e-10
8950.000000 6.592286e-10
8955.000000 6.558110e-10
8960.000000 6.520904e-10
8965.000000 6.481767e-10
8970.000000 6.441820e-10
8975.000000 6.402107e-10
8980.000000 6.363811e-10
8985.000000 6.328039e-10
8990.000000 6.295833e-10
8995.000000 6.268340e-10
9000.000000 6.246629e-10
9005.000000 6.231337e-10
9010.000000 6.221921e-10
9015.000000 6.217531e-10
9020.000000 6.217163e-10
9025.000000 6.219857e-10
9030.000000 6.224639e-10
9035.000000 6.230578e-10
9040.000000 6.236643e-10
9045.000000 6.241949e-10
9050.000000 6.245491e-10
9055.000000 6.246597e-10
9060.000000 6.245262e-10
9065.000000 6.241709e-10
9070.000000 6.236193e-10
9075.000000 6.228993e-10
9080.000000 6.220343e-10
9085.000000 6.210483e-10
9090.000000 6.199708e-10
9095.000000 6.188254e-10
9100.000000 6.176382e-10
9105.000000 6.164306e-10
9110.000000 6.152249e-10
9115.000000 6.140318e-10
9120.000000 6.128654e-10
9125.000000 6.117404e-10
9130.000000 6.106710e-10
9135.000000 6.096726e-10
9140.000000 6.087603e-10
9145.000000 6.079460e-10
9150.000000 6.072438e-10
9155.000000 6.066518e-10
9160.000000 6.061259e-10
9165.000000 6.056000e-10
9170.000000 6.050158e-10
9175.000000 6.043084e-10
9180.000000 6.034190e-10
9185.000000 6.022792e-10
9190.000000 6.008317e-10
9195.000000 5.990135e-10
9200.000000 5.967631e-10
9205.000000 5.940640e-10
9210.000000 5.910033e-10
9215.000000 5.877078e-10
9220.000000 5.843118e-10
9225.000000 5.809453e-10
9230.000000 5.777401e-10
9235.000000 5.748286e-10
9240.000000 5.723397e-10
9245.000000 5.704092e-10
9250.000000 5.691589e-10
9255.000000 5.686627e-10
9260.000000 5.688521e-10
9265.000000 5.695955e-10
9270.000000 5.707680e-10
9275.000000 5.722357e-10
9280.000000 5.738657e-10
9285.000000 5.755315e-10
9290.000000 5.770973e-10
9295.000000 5.784333e-10
9300.000000 5.794152e-10
9305.000000 5.799537e-10
9310.000000 5.800619e-10
9315.000000 5.797991e-10
9320.000000 5.792246e-10
9325.000000 5.783938e-10
9330.000000 5.773736e-10
9335.000000 5.762181e-10
9340.000000 5.749893e-10
9345.000000 5.737458e-10
9350.000000 5.725433e-10
9355.000000 5.714242e-10
9360.000000 5.703865e-10
9365.000000 5.694042e-10
9370.000000 5.684561e-10
9375.000000 5.675148e-10
9380.000000 5.665580e-10
9385.000000 5.655631e-10
9390.000000 5.645066e-10
9395.000000 5.633620e-10
9400.000000 5.621064e-10
9405.000000 5.607314e-10
9410.000000 5.592595e-10
9415.000000 5.577249e-10
9420.000000 5.561639e-10
9425.000000 5.546135e-10
9430.000000 5.531080e-10
9435.000000 5.516851e-10
9440.000000 5.503804e-10
9445.000000 5.492303e-10
9450.000000 5.482690e-10
9455.000000 5.475045e-10
9460.000000 5.468856e-10
9465.000000 5.463373e-10
9470.000000 5.457753e-10
9475.000000 5.451266e-10
9480.000000 5.443080e-10
9485.000000 5.432409e-10
9490.000000 5.418483e-10
9495.000000 5.400483e-10
9500.000000 5.377670e-10
9505.000000 5.349756e-10
9510.000000 5.317579e-10
9515.000000 5.282466e-10
9520.000000 5.245751e-10
9525.000000 5.208756e-10
9530.000000 5.172855e-10
9535.000000 5.139385e-10
9540.000000 5.109674e-10
9545.000000 5.085112e-10
9550.000000 5.066952e-10
9555.000000 5.056024e-10
9560.000000 5.051800e-10
9565.000000 5.053281e-10
9570.000000 5.059406e-10
9575.000000 5.069167e-10
9580.000000 5.081465e-10
9585.000000 5.095262e-10
9590.000000 5.109507e-10
9595.000000 5.123133e-10
9600.000000 5.135117e-10
9605.000000 5.144729e-10
9610.000000 5.151797e-10
9615.000000 5.156452e-10
9620.000000 5.158901e-10
9625.000000 5.159257e-10
9630.000000 5.157681e-10
9635.000000 5.154340e-10
9640.000000 5.149385e-10
9645.000000 5.143001e-10
9650.000000 5.135297e-10
9655.000000 5.126484e-10
9660.000000 5.116734e-10
9665.000000 5.106278e-10
9670.000000 5.095360e-10
9675.000000 5.084160e-10
9680.000000 5.072870e-10
9685.000000 5.061754e-10
9690.000000 5.050996e-10
9695.000000 5.040851e-10
9700.000000 5.031475e-10
9705.000000 5.023016e-10
9710.000000 5.015353e-10
9715.000000 5.008363e-10
9720.000000 5.001835e-10
9725.000000 4.995580e-10
9730.000000 4.989411e-10
9735.000000 4.983124e-10
9740.000000 4.976566e-10
9745.000000 4.969518e-10
9750.000000 4.961845e-10
9755.000000 4.953383e-10
9760.000000 4.944204e-10
9765.000000 4.934415e-10
9770.000000 4.924105e-10
9775.000000 4.913410e-10
9780.000000 4.902426e-10
9785.000000 4.891267e-10
9790.000000 4.880061e-10
9795.000000 4.868880e-10
9800.000000 4.857874e-10
9805.000000 4.847104e-10
9810.000000 4.836539e-10
9815.000000 4.826158e-10
9820.000000 4.815884e-10
9825.000000 4.805656e-10
9830.000000 4.795463e-10
9835.000000 4.785201e-10
9840.000000 4.774887e-10
9845.000000 4.764394e-10
9850.000000 4.753711e-10
9855.000000 4.742823e-10
9860.000000 4.731787e-10
9865.000000 4.720687e-10
9870.000000 4.709634e-10
9875.000000 4.698716e-10
9880.000000 4.688049e-10
9885.000000 4.677725e-10
9890.000000 4.667819e-10
9895.000000 4.658476e-10
9900.000000 4.649728e-10
9905.000000 4.641680e-10
9910.000000 4.634211e-10
9915.000000 4.627236e-10
9920.000000 4.620585e-10
9925.000000 4.614117e-10
9930.000000 4.607726e-10
9935.000000 4.601273e-10
9940.000000 4.594610e-10
9945.000000 4.587614e-10
9950.000000 4.580164e-10
9955.000000 4.572130e-10
9960.000000 4.563254e-10
9965.000000 4.553425e-10
9970.000000 4.542413e-10
9975.000000 4.530058e-10
9980.000000 4.516140e-10
9985.000000 4.500467e-10
9990.000000 4.482898e-10
9995.000000 4.463188e-10
10000.000000 4.441171e-10
10005.000000 4.416933e-10
10010.000000 4.391093e-10
10015.000000 4.364573e-10
10020.000000 4.338213e-10
10025.000000 4.312931e-10
10030.000000 4.289622e-10
10035.000000 4.269204e-10
10040.000000 4.252519e-10
10045.000000 4.240515e-10
10050.000000 4.234020e-10
10055.000000 4.233487e-10
10060.000000 4.238266e-10
10065.000000 4.247286e-10
10070.000000 4.259463e-10
10075.000000 4.273666e-10
10080.000000 4.288808e-10
10085.000000 4.303818e-10
10090.000000 4.317551e-10
10095.000000 4.328890e-10
10100.000000 4.336829e-10
10105.000000 4.340607e-10
10110.000000 4.340472e-10
10115.000000 4.336945e-10
10120.000000 4.330658e-10
10125.000000 4.322184e-10
10130.000000 4.312135e-10
10135.000000 4.301102e-10
10140.000000 4.289701e-10
10145.000000 4.278522e-10
10150.000000 4.268117e-10
10155.000000 4.258919e-10
10160.000000 4.250877e-10
10165.000000 4.243744e-10
10170.000000 4.237277e-10
10175.000000 4.231226e-10
10180.000000 4.225337e-10
10185.000000 4.219378e-10
10190.000000 4.213051e-10
10195.000000 4.206155e-10
10200.000000 4.198428e-10
10205.000000 4.189725e-10
10210.000000 4.180156e-10
10215.000000 4.169882e-10
10220.000000 4.159076e-10
10225.000000 4.147991e-10
10230.000000 4.136770e-10
10235.000000 4.125621e-10
10240.000000 4.114734e-10
10245.000000 4.104329e-10
10250.000000 4.094553e-10
10255.000000 4.085592e-10
10260.000000 4.077333e-10
10265.000000 4.069712e-10
10270.000000 4.062602e-10
10275.000000 4.055919e-10
10280.000000 4.049553e-10
10285.000000 4.043399e-10
10290.000000 4.037330e-10
10295.000000 4.031228e-10
10300.000000 4.025059e-10
10305.000000 4.018662e-10
10310.000000 4.012075e-10
10315.000000 4.005312e-10
10320.000000 3.998416e-10
10325.000000 3.991411e-10
10330.000000 3.984310e-10
10335.000000 3.977152e-10
10340.000000 3.969984e-10
10345.000000 3.962819e-10
10350.000000 3.955688e-10
10355.000000 3.948590e-10
10360.000000 3.941548e-10
10365.000000 3.934578e-10
10370.000000 3.927614e-10
10375.000000 3.920679e-10
10380.000000 3.913781e-10
10385.000000 3.906911e-10
10390.000000 3.900041e-10
10395.000000 3.893154e-10
10400.000000 3.886272e-10
10405.000000 3.879379e-10
10410.000000 3.872478e-10
10415.000000 3.865547e-10
10420.000000 3.858609e-10
10425.000000 3.851676e-10
10430.000000 3.844721e-10
10435.000000 3.837771e-10
10440.000000 3.830811e-10
10445.000000 3.823844e-10
10450.000000 3.816877e-10
10455.000000 3.809910e-10
10460.000000 3.802940e-10
10465.000000 3.795980e-10
10470.000000 3.789043e-10
10475.000000 3.782079e-10
10480.000000 3.775139e-10
10485.000000 3.768204e-10
10490.000000 3.761280e-10
10495.000000 3.754369e-10
10500.000000 3.747476e-10
10505.000000 3.740602e-10
10510.000000 3.733746e-10
10515.000000 3.726906e-10
10520.000000 3.720071e-10
10525.000000 3.713252e-10
10530.000000 3.706474e-10
10535.000000 3.699676e-10
10540.000000 3.692918e-10
10545.000000 3.686180e-10
10550.000000 3.679450e-10
10555.000000 3.672725e-10
10560.000000 3.666028e-10
10565.000000 3.659359e-10
10570.000000 3.652695e-10
10575.000000 3.646032e-10
10580.000000 3.639399e-10
10585.000000 3.632765e-10
10590.000000 3.626175e-10
10595.000000 3.619604e-10
10600.000000 3.613020e-10
10605.000000 3.606478e-10
10610.000000 3.599916e-10
10615.000000 3.593392e-10
10620.000000 2.690773e-10
