1150.000000 1.410195e-11
1155.000000 1.994829e-11
1160.000000 1.547591e-11
1165.000000 3.088707e-12
1170.000000 1.618242e-13
1175.000000 5.696454e-13
1180.000000 3.783449e-12
1185.000000 2.835569e-12
1190.000000 3.768659e-13
1195.000000 4.445917e-13
1200.000000 4.214296e-12
1205.000000 1.637519e-11
1210.000000 5.279719e-11
1215.000000 8.342723e-11
1220.000000 5.569779e-11
1225.000000 1.471224e-11
1230.000000 2.370965e-12
1235.000000 1.328164e-12
1240.000000 1.158165e-12
1245.000000 8.104906e-13
1250.000000 6.300799e-13
1255.000000 6.242729e-13
1260.000000 5.347769e-13
1265.000000 7.575267e-14
1270.000000 3.726740e-14
1275.000000 3.608877e-13
1280.000000 9.894934e-13
1285.000000 9.198970e-13
1290.000000 2.997441e-13
1295.000000 2.473690e-13
1300.000000 4.779553e-13
1305.000000 1.325695e-13
1310.000000 4.612998e-13
1315.000000 8.588941e-13
1320.000000 7.150271e-13
1325.000000 5.138006e-13
1330.000000 6.514990e-13
1335.000000 5.556862e-13
1340.000000 2.346886e-13
1345.000000 8.333015e-14
1350.000000 2.854446e-13
1355.000000 5.348052e-13
1360.000000 6.606149e-13
1365.000000 7.695144e-13
1370.000000 5.671994e-13
1375.000000 7.625773e-13
1380.000000 9.597770e-13
1385.000000 8.240218e-13
1390.000000 3.883467e-13
1395.000000 7.169831e-13
1400.000000 1.061431e-12
1405.000000 1.350459e-12
1410.000000 1.106802e-12
1415.000000 3.761201e-13
1420.000000 9.604216e-14
1425.000000 4.730552e-13
1430.000000 8.982671e-13
1435.000000 8.235631e-13
1440.000000 1.344865e-12
1445.000000 2.342607e-12
1450.000000 1.980326e-12
1455.000000 1.059992e-12
1460.000000 5.530484e-13
1465.000000 6.933911e-13
1470.000000 1.147449e-12
1475.000000 1.356365e-12
1480.000000 1.331677e-12
1485.000000 1.051936e-12
1490.000000 1.069355e-12
1495.000000 1.173442e-12
1500.000000 1.172461e-12
1505.000000 1.131268e-12
1510.000000 1.115894e-12
1515.000000 1.094573e-12
1520.000000 1.013112e-12
1525.000000 1.065314e-12
1530.000000 1.277269e-12
1535.000000 1.528927e-12
1540.000000 1.768634e-12
1545.000000 2.403687e-12
1550.000000 2.325070e-12
1555.000000 1.596412e-12
1560.000000 1.772958e-12
1565.000000 1.885518e-12
1570.000000 1.931796e-12
1575.000000 2.124438e-12
1580.000000 1.765303e-12
1585.000000 1.691760e-12
1590.000000 1.693377e-12
1595.000000 1.282199e-12
1600.000000 1.112860e-12
1605.000000 1.493188e-12
1610.000000 1.424807e-12
1615.000000 8.964778e-13
1620.000000 7.434152e-13
1625.000000 1.078702e-12
1630.000000 1.605596e-12
1635.000000 1.778916e-12
1640.000000 1.296389e-12
1645.000000 1.538113e-12
1650.000000 1.853404e-12
1655.000000 1.814157e-12
1660.000000 2.369749e-12
1665.000000 2.489264e-12
1670.000000 2.120107e-12
1675.000000 1.820858e-12
1680.000000 2.308111e-12
1685.000000 2.353523e-12
1690.000000 2.309293e-12
1695.000000 2.590166e-12
1700.000000 2.892260e-12
1705.000000 2.497187e-12
1710.000000 2.139828e-12
1715.000000 2.299038e-12
1720.000000 2.687935e-12
1725.000000 2.956210e-12
1730.000000 3.018751e-12
1735.000000 3.399999e-12
1740.000000 3.667610e-12
1745.000000 4.195404e-12
1750.000000 4.262984e-12
1755.000000 4.131369e-12
1760.000000 4.460358e-12
1765.000000 5.062422e-12
1770.000000 5.476717e-12
1775.000000 6.111947e-12
1780.000000 5.595784e-12
1785.000000 4.858541e-12
1790.000000 3.757090e-12
1795.000000 4.163648e-12
1800.000000 5.230197e-12
1805.000000 5.927254e-12
1810.000000 6.805989e-12
1815.000000 7.544217e-12
1820.000000 8.022786e-12
1825.000000 7.795318e-12
1830.000000 7.749358e-12
1835.000000 7.893276e-12
1840.000000 7.739075e-12
1845.000000 7.263335e-12
1850.000000 7.242026e-12
1855.000000 7.857610e-12
1860.000000 8.815509e-12
1865.000000 9.469477e-12
1870.000000 9.989987e-12
1875.000000 1.036160e-11
1880.000000 1.076870e-11
1885.000000 1.138621e-11
1890.000000 1.187266e-11
1895.000000 1.184450e-11
1900.000000 1.101611e-11
1905.000000 1.120791e-11
1910.000000 1.215411e-11
1915.000000 1.274707e-11
1920.000000 1.342942e-11
1925.000000 1.301957e-11
1930.000000 1.219841e-11
1935.000000 1.189270e-11
1940.000000 1.337292e-11
1945.000000 1.631414e-11
1950.000000 1.975773e-11
1955.000000 3.125876e-11
1960.000000 3.360177e-11
1965.000000 1.801338e-11
1970.000000 3.018835e-12
1975.000000 1.604119e-12
1980.000000 1.563983e-11
1985.000000 4.946142e-11
1990.000000 5.329338e-11
1995.000000 3.515895e-11
2000.000000 2.511315e-11
2005.000000 3.495149e-12
2010.000000 3.176767e-13
2015.000000 1.901333e-12
2020.000000 3.161045e-13
2025.000000 0.000000e+00
2030.000000 0.000000e+00
2035.000000 0.000000e+00
2040.000000 1.547486e-13
2045.000000 3.335019e-12
2050.000000 1.755257e-11
2055.000000 2.472146e-11
2060.000000 3.197439e-11
2065.000000 1.938998e-11
2070.000000 1.873088e-11
2075.000000 4.328728e-11
2080.000000 6.717781e-11
2085.000000 5.718534e-11
2090.000000 4.417953e-11
2095.000000 3.915091e-11
2100.000000 7.698690e-11
2105.000000 1.099502e-10
2110.000000 1.126613e-10
2115.000000 9.903296e-11
2120.000000 1.052311e-10
2125.000000 9.713443e-11
2130.000000 5.118843e-11
2135.000000 8.524163e-11
2140.000000 1.038128e-10
2145.000000 1.121916e-10
2150.000000 1.179089e-10
2155.000000 1.054533e-10
2160.000000 8.906332e-11
2165.000000 3.749244e-11
2170.000000 9.836082e-12
2175.000000 4.781892e-11
2180.000000 1.070699e-10
2185.000000 1.179050e-10
2190.000000 9.160241e-11
2195.000000 7.843368e-11
2200.000000 1.017425e-10
2205.000000 1.034276e-10
2210.000000 1.163471e-10
2215.000000 7.384808e-11
2220.000000 8.713745e-11
2225.000000 9.324171e-11
2230.000000 7.522615e-11
2235.000000 9.617131e-11
2240.000000 1.208756e-10
2245.000000 1.157077e-10
2250.000000 8.155090e-11
2255.000000 1.199293e-10
2260.000000 1.219568e-10
2265.000000 8.026851e-11
2270.000000 5.949443e-11
2275.000000 5.942934e-11
2280.000000 6.107889e-11
2285.000000 5.524451e-11
2290.000000 8.120298e-11
2295.000000 9.246374e-11
2300.000000 9.532519e-11
2305.000000 9.095230e-11
2310.000000 9.787802e-11
2315.000000 8.584071e-11
2320.000000 1.133014e-10
2325.000000 1.491501e-10
2330.000000 1.250078e-10
2335.000000 9.986512e-11
2340.000000 1.048405e-10
2345.000000 9.335620e-11
2350.000000 9.232562e-11
2355.000000 1.018582e-10
2360.000000 1.116997e-10
2365.000000 1.095396e-10
2370.000000 1.182158e-10
2375.000000 1.100305e-10
2380.000000 1.033135e-10
2385.000000 9.407246e-11
2390.000000 1.019964e-10
2395.000000 9.938433e-11
2400.000000 8.793011e-11
2405.000000 8.541299e-11
2410.000000 9.118901e-11
2415.000000 1.062717e-10
2420.000000 1.445655e-10
2425.000000 1.768016e-10
2430.000000 1.937026e-10
2435.000000 1.952214e-10
2440.000000 1.902914e-10
2445.000000 1.592670e-10
2450.000000 1.018009e-10
2455.000000 7.660626e-11
2460.000000 9.955268e-11
2465.000000 1.154029e-10
2470.000000 1.138777e-10
2475.000000 1.154431e-10
2480.000000 1.171590e-10
2485.000000 9.807277e-11
2490.000000 8.329934e-11
2495.000000 1.197308e-10
2500.000000 1.649810e-10
2505.000000 1.698364e-10
2510.000000 1.488835e-10
2515.000000 1.169939e-10
2520.000000 9.783849e-11
2525.000000 9.628296e-11
2530.000000 1.159940e-10
2535.000000 1.277741e-10
2540.000000 1.282572e-10
2545.000000 1.377212e-10
2550.000000 1.554912e-10
2555.000000 1.810459e-10
2560.000000 1.942735e-10
2565.000000 2.253800e-10
2570.000000 2.669599e-10
2575.000000 2.863958e-10
2580.000000 3.046662e-10
2585.000000 2.922309e-10
2590.000000 2.705017e-10
2595.000000 2.306751e-10
2600.000000 2.084321e-10
2605.000000 1.997821e-10
2610.000000 1.944295e-10
2615.000000 2.143041e-10
2620.000000 2.429001e-10
2625.000000 2.359505e-10
2630.000000 2.665788e-10
2635.000000 4.167840e-10
2640.000000 5.511579e-10
2645.000000 5.589976e-10
2650.000000 5.434206e-10
2655.000000 5.932139e-10
2660.000000 5.868521e-10
2665.000000 5.558262e-10
2670.000000 5.690818e-10
2675.000000 5.581719e-10
2680.000000 5.553324e-10
2685.000000 5.508386e-10
2690.000000 5.190494e-10
2695.000000 5.057723e-10
2700.000000 5.478988e-10
2705.000000 5.752738e-10
2710.000000 5.522962e-10
2715.000000 5.073533e-10
2720.000000 4.232834e-10
2725.000000 4.410114e-10
2730.000000 4.611568e-10
2735.000000 4.026026e-10
2740.000000 3.175999e-10
2745.000000 2.861198e-10
2750.000000 3.144935e-10
2755.000000 3.570248e-10
2760.000000 4.277916e-10
2765.000000 5.029095e-10
2770.000000 5.356325e-10
2775.000000 4.787563e-10
2780.000000 4.002789e-10
2785.000000 3.355101e-10
2790.000000 2.374794e-10
2795.000000 1.713417e-10
2800.000000 1.700632e-10
2805.000000 2.162841e-10
2810.000000 3.111239e-10
2815.000000 4.684922e-10
2820.000000 5.749211e-10
2825.000000 6.239573e-10
2830.000000 6.595756e-10
2835.000000 6.563607e-10
2840.000000 6.104275e-10
2845.000000 4.974104e-10
2850.000000 3.664349e-10
2855.000000 4.207762e-10
2860.000000 6.141451e-10
2865.000000 7.039321e-10
2870.000000 6.998892e-10
2875.000000 6.840737e-10
2880.000000 6.477260e-10
2885.000000 7.381930e-10
2890.000000 8.090446e-10
2895.000000 8.396757e-10
2900.000000 8.981200e-10
2905.000000 9.330435e-10
2910.000000 9.655403e-10
2915.000000 9.848143e-10
2920.000000 9.549479e-10
2925.000000 9.178749e-10
2930.000000 9.262998e-10
2935.000000 9.521077e-10
2940.000000 9.692990e-10
2945.000000 9.850780e-10
2950.000000 9.925423e-10
2955.000000 1.022508e-09
2960.000000 1.015313e-09
2965.000000 9.492842e-10
2970.000000 9.655984e-10
2975.000000 1.016163e-09
2980.000000 9.563816e-10
2985.000000 9.087152e-10
2990.000000 9.688758e-10
2995.000000 9.740272e-10
3000.000000 9.133054e-10
3005.000000 9.410308e-10
3010.000000 1.006124e-09
3015.000000 9.902368e-10
3020.000000 9.922755e-10
3025.000000 1.098077e-09
3030.000000 1.204027e-09
3035.000000 1.212442e-09
3040.000000 1.187174e-09
3045.000000 1.211609e-09
3050.000000 1.218372e-09
3055.000000 1.151590e-09
3060.000000 1.141894e-09
3065.000000 1.205693e-09
3070.000000 1.285809e-09
3075.000000 1.309717e-09
3080.000000 1.348585e-09
3085.000000 1.375470e-09
3090.000000 1.207857e-09
3095.000000 1.108633e-09
3100.000000 1.171739e-09
3105.000000 1.353258e-09
3110.000000 1.445088e-09
3115.000000 1.383568e-09
3120.000000 1.271159e-09
3125.000000 1.282248e-09
3130.000000 1.402183e-09
3135.000000 1.411871e-09
3140.000000 1.312739e-09
3145.000000 1.209472e-09
3150.000000 1.185599e-09
3155.000000 1.143661e-09
3160.000000 1.200145e-09
3165.000000 1.286587e-09
3170.000000 1.374007e-09
3175.000000 1.362153e-09
3180.000000 1.265566e-09
3185.000000 1.228315e-09
3190.000000 1.236972e-09
3195.000000 1.321761e-09
3200.000000 1.526109e-09
3205.000000 1.483035e-09
3210.000000 1.432488e-09
3215.000000 1.383541e-09
3220.000000 1.322516e-09
3225.000000 1.254075e-09
3230.000000 1.226895e-09
3235.000000 1.273125e-09
3240.000000 1.339360e-09
3245.000000 1.378086e-09
3250.000000 1.440756e-09
3255.000000 1.577280e-09
3260.000000 1.732859e-09
3265.000000 1.828559e-09
3270.000000 1.831645e-09
3275.000000 1.754717e-09
3280.000000 1.679397e-09
3285.000000 1.685015e-09
3290.000000 1.775280e-09
3295.000000 1.901362e-09
3300.000000 1.957590e-09
3305.000000 1.881354e-09
3310.000000 1.774430e-09
3315.000000 1.747117e-09
3320.000000 1.768691e-09
3325.000000 1.775254e-09
3330.000000 1.761216e-09
3335.000000 1.748835e-09
3340.000000 1.768581e-09
3345.000000 1.824850e-09
3350.000000 1.849999e-09
3355.000000 1.787830e-09
3360.000000 1.683821e-09
3365.000000 1.609669e-09
3370.000000 1.600987e-09
3375.000000 1.655350e-09
3380.000000 1.712122e-09
3385.000000 1.730384e-09
3390.000000 1.772987e-09
3395.000000 1.885572e-09
3400.000000 1.968037e-09
3405.000000 1.926870e-09
3410.000000 1.833093e-09
3415.000000 1.792829e-09
3420.000000 1.833062e-09
3425.000000 1.914089e-09
3430.000000 1.911161e-09
3435.000000 1.756046e-09
3440.000000 1.605281e-09
3445.000000 1.612148e-09
3450.000000 1.698336e-09
3455.000000 1.743442e-09
3460.000000 1.751910e-09
3465.000000 1.760913e-09
3470.000000 1.762795e-09
3475.000000 1.740569e-09
3480.000000 1.703019e-09
3485.000000 1.679107e-09
3490.000000 1.719809e-09
3495.000000 1.838797e-09
3500.000000 1.934255e-09
3505.000000 1.922379e-09
3510.000000 1.882265e-09
3515.000000 1.857750e-09
3520.000000 1.819617e-09
3525.000000 1.808004e-09
3530.000000 1.908956e-09
3535.000000 2.044343e-09
3540.000000 2.129053e-09
3545.000000 2.151243e-09
3550.000000 2.116307e-09
3555.000000 2.050349e-09
3560.000000 1.963699e-09
3565.000000 1.800970e-09
3570.000000 1.664236e-09
3575.000000 1.602702e-09
3580.000000 1.509715e-09
3585.000000 1.524733e-09
3590.000000 1.720897e-09
3595.000000 1.955891e-09
3600.000000 2.040646e-09
3605.000000 1.928662e-09
3610.000000 1.787445e-09
3615.000000 1.777626e-09
3620.000000 1.855129e-09
3625.000000 1.990200e-09
3630.000000 2.010440e-09
3635.000000 2.018090e-09
3640.000000 2.053798e-09
3645.000000 2.015075e-09
3650.000000 2.080841e-09
3655.000000 2.311657e-09
3660.000000 2.465795e-09
3665.000000 2.462442e-09
3670.000000 2.392853e-09
3675.000000 2.322951e-09
3680.000000 2.230307e-09
3685.000000 2.214612e-09
3690.000000 2.290786e-09
3695.000000 2.396446e-09
3700.000000 2.407007e-09
3705.000000 2.288405e-09
3710.000000 2.276091e-09
3715.000000 2.287878e-09
3720.000000 2.112384e-09
3725.000000 2.069818e-09
3730.000000 1.985092e-09
3735.000000 1.822991e-09
3740.000000 1.843026e-09
3745.000000 1.831474e-09
3750.000000 1.895735e-09
3755.000000 2.103487e-09
3760.000000 2.151590e-09
3765.000000 2.209034e-09
3770.000000 2.354606e-09
3775.000000 2.601491e-09
3780.000000 2.741022e-09
3785.000000 2.599800e-09
3790.000000 2.333292e-09
3795.000000 2.188274e-09
3800.000000 2.276287e-09
3805.000000 2.461441e-09
3810.000000 2.434789e-09
3815.000000 2.146923e-09
3820.000000 1.840229e-09
3825.000000 1.586170e-09
3830.000000 1.433524e-09
3835.000000 1.437678e-09
3840.000000 1.666335e-09
3845.000000 2.037688e-09
3850.000000 2.205052e-09
3855.000000 2.121159e-09
3860.000000 2.042008e-09
3865.000000 2.121666e-09
3870.000000 2.130809e-09
3875.000000 2.099201e-09
3880.000000 2.069836e-09
3885.000000 2.049026e-09
3890.000000 2.141266e-09
3895.000000 2.320214e-09
3900.000000 2.413194e-09
3905.000000 2.485836e-09
3910.000000 2.624689e-09
3915.000000 2.602294e-09
3920.000000 2.309786e-09
3925.000000 1.803928e-09
3930.000000 1.291814e-09
3935.000000 1.240698e-09
3940.000000 1.677584e-09
3945.000000 2.174122e-09
3950.000000 2.515776e-09
3955.000000 2.503814e-09
3960.000000 2.095226e-09
3965.000000 1.535150e-09
3970.000000 1.446111e-09
3975.000000 2.048844e-09
3980.000000 2.720377e-09
3985.000000 3.058800e-09
3990.000000 3.184734e-09
3995.000000 3.237646e-09
4000.000000 3.276454e-09
4005.000000 3.304381e-09
4010.000000 3.387121e-09
4015.000000 3.468073e-09
4020.000000 3.498031e-09
4025.000000 3.459369e-09
4030.000000 3.389765e-09
4035.000000 3.414111e-09
4040.000000 3.434222e-09
4045.000000 3.338029e-09
4050.000000 3.341952e-09
4055.000000 3.299344e-09
4060.000000 3.227352e-09
4065.000000 3.219578e-09
4070.000000 3.265262e-09
4075.000000 3.293716e-09
4080.000000 3.383713e-09
4085.000000 3.545886e-09
4090.000000 3.573219e-09
4095.000000 3.341103e-09
4100.000000 3.094891e-09
4105.000000 3.210268e-09
4110.000000 3.490061e-09
4115.000000 3.631234e-09
4120.000000 3.620106e-09
4125.000000 3.535405e-09
4130.000000 3.463850e-09
4135.000000 3.497973e-09
4140.000000 3.550946e-09
4145.000000 3.529710e-09
4150.000000 3.521753e-09
4155.000000 3.531521e-09
4160.000000 3.589093e-09
4165.000000 3.578714e-09
4170.000000 3.475050e-09
4175.000000 3.396807e-09
4180.000000 3.404675e-09
4185.000000 3.412470e-09
4190.000000 3.418624e-09
4195.000000 3.366484e-09
4200.000000 3.333962e-09
4205.000000 3.468624e-09
4210.000000 3.603853e-09
4215.000000 3.587630e-09
4220.000000 3.440149e-09
4225.000000 3.237497e-09
4230.000000 3.254184e-09
4235.000000 3.344601e-09
4240.000000 3.401792e-09
4245.000000 3.377638e-09
4250.000000 3.305776e-09
4255.000000 3.293914e-09
4260.000000 3.311737e-09
4265.000000 3.284300e-09
4270.000000 3.156635e-09
4275.000000 3.167049e-09
4280.000000 3.247701e-09
4285.000000 3.199267e-09
4290.000000 3.053739e-09
4295.000000 2.834913e-09
4300.000000 2.542357e-09
4305.000000 2.401983e-09
4310.000000 2.570618e-09
4315.000000 3.093077e-09
4320.000000 3.461598e-09
4325.000000 3.467028e-09
4330.000000 3.472155e-09
4335.000000 3.325435e-09
4340.000000 3.145329e-09
4345.000000 3.277479e-09
4350.000000 3.465606e-09
4355.000000 3.576972e-09
4360.000000 3.674159e-09
4365.000000 3.708999e-09
4370.000000 3.627445e-09
4375.000000 3.492865e-09
4380.000000 3.348126e-09
4385.000000 3.251606e-09
4390.000000 3.372218e-09
4395.000000 3.512286e-09
4400.000000 3.554371e-09
4405.000000 3.569763e-09
4410.000000 3.683799e-09
4415.000000 3.770860e-09
4420.000000 3.845533e-09
4425.000000 3.866417e-09
4430.000000 3.845445e-09
4435.000000 3.815210e-09
4440.000000 3.850106e-09
4445.000000 3.895565e-09
4450.000000 3.868151e-09
4455.000000 3.717225e-09
4460.000000 3.671199e-09
4465.000000 3.786088e-09
4470.000000 3.943348e-09
4475.000000 4.022202e-09
4480.000000 3.995801e-09
4485.000000 3.982697e-09
4490.000000 3.990338e-09
4495.000000 4.037249e-09
4500.000000 4.133832e-09
4505.000000 4.217307e-09
4510.000000 4.220278e-09
4515.000000 4.136193e-09
4520.000000 4.035563e-09
4525.000000 3.845940e-09
4530.000000 3.740116e-09
4535.000000 3.851028e-09
4540.000000 3.979978e-09
4545.000000 3.951880e-09
4550.000000 3.902936e-09
4555.000000 3.985428e-09
4560.000000 4.083089e-09
4565.000000 4.098778e-09
4570.000000 4.110926e-09
4575.000000 4.082200e-09
4580.000000 4.006641e-09
4585.000000 3.993815e-09
4590.000000 4.001401e-09
4595.000000 3.979196e-09
4600.000000 3.977031e-09
4605.000000 4.038377e-09
4610.000000 4.085128e-09
4615.000000 4.089698e-09
4620.000000 4.116040e-09
4625.000000 4.123327e-09
4630.000000 4.099217e-09
4635.000000 4.034636e-09
4640.000000 3.986159e-09
4645.000000 3.925100e-09
4650.000000 3.918478e-09
4655.000000 3.990861e-09
4660.000000 4.022204e-09
4665.000000 3.899153e-09
4670.000000 3.862685e-09
4675.000000 3.917646e-09
4680.000000 3.954133e-09
4685.000000 3.980090e-09
4690.000000 3.978875e-09
4695.000000 3.939664e-09
4700.000000 3.843025e-09
4705.000000 3.815222e-09
4710.000000 3.876728e-09
4715.000000 3.991973e-09
4720.000000 4.070365e-09
4725.000000 4.012133e-09
4730.000000 3.913972e-09
4735.000000 3.935107e-09
4740.000000 4.011353e-09
4745.000000 4.067649e-09
4750.000000 4.051744e-09
4755.000000 3.993471e-09
4760.000000 3.955471e-09
4765.000000 3.933900e-09
4770.000000 4.003911e-09
4775.000000 4.090176e-09
4780.000000 4.100202e-09
4785.000000 4.041475e-09
4790.000000 4.028555e-09
4795.000000 4.079161e-09
4800.000000 4.088712e-09
4805.000000 4.054590e-09
4810.000000 4.040912e-09
4815.000000 4.086861e-09
4820.000000 4.091477e-09
4825.000000 4.043811e-09
4830.000000 4.014922e-09
4835.000000 3.986416e-09
4840.000000 3.957778e-09
4845.000000 3.965010e-09
4850.000000 3.866296e-09
4855.000000 3.540349e-09
4860.000000 3.225554e-09
4865.000000 3.343608e-09
4870.000000 3.588528e-09
4875.000000 3.768295e-09
4880.000000 3.857124e-09
4885.000000 3.795186e-09
4890.000000 3.774627e-09
4895.000000 3.918660e-09
4900.000000 4.022692e-09
4905.000000 4.015810e-09
4910.000000 3.922321e-09
4915.000000 3.791268e-09
4920.000000 3.672262e-09
4925.000000 3.800120e-09
4930.000000 3.942415e-09
4935.000000 3.899071e-09
4940.000000 3.883218e-09
4945.000000 3.989223e-09
4950.000000 4.019225e-09
4955.000000 3.917996e-09
4960.000000 3.882992e-09
4965.000000 3.944068e-09
4970.000000 3.951619e-09
4975.000000 3.904852e-09
4980.000000 3.783050e-09
4985.000000 3.766580e-09
4990.000000 3.865341e-09
4995.000000 3.874940e-09
5000.000000 3.801191e-09
5005.000000 3.705598e-09
5010.000000 3.667432e-09
5015.000000 3.626361e-09
5020.000000 3.651818e-09
5025.000000 3.752103e-09
5030.000000 3.818369e-09
5035.000000 3.765292e-09
5040.000000 3.678940e-09
5045.000000 3.725981e-09
5050.000000 3.793206e-09
5055.000000 3.858634e-09
5060.000000 3.898648e-09
5065.000000 3.839921e-09
5070.000000 3.777956e-09
5075.000000 3.716022e-09
5080.000000 3.686491e-09
5085.000000 3.769596e-09
5090.000000 3.846958e-09
5095.000000 3.793668e-09
5100.000000 3.734885e-09
5105.000000 3.734068e-09
5110.000000 3.769273e-09
5115.000000 3.827594e-09
5120.000000 3.791050e-09
5125.000000 3.703418e-09
5130.000000 3.676042e-09
5135.000000 3.649188e-09
5140.000000 3.598192e-09
5145.000000 3.619036e-09
5150.000000 3.678461e-09
5155.000000 3.711975e-09
5160.000000 3.604075e-09
5165.000000 3.250273e-09
5170.000000 3.042337e-09
5175.000000 3.200052e-09
5180.000000 3.295772e-09
5185.000000 3.316140e-09
5190.000000 3.458458e-09
5195.000000 3.571083e-09
5200.000000 3.633588e-09
5205.000000 3.596512e-09
5210.000000 3.608666e-09
5215.000000 3.680529e-09
5220.000000 3.691461e-09
5225.000000 3.592036e-09
5230.000000 3.559278e-09
5235.000000 3.671973e-09
5240.000000 3.797324e-09
5245.000000 3.794693e-09
5250.000000 3.742338e-09
5255.000000 3.726912e-09
5260.000000 3.617442e-09
5265.000000 3.382084e-09
5270.000000 3.339881e-09
5275.000000 3.505388e-09
5280.000000 3.654059e-09
5285.000000 3.769583e-09
5290.000000 3.828923e-09
5295.000000 3.757008e-09
5300.000000 3.707999e-09
5305.000000 3.799752e-09
5310.000000 3.875786e-09
5315.000000 3.843533e-09
5320.000000 3.723884e-09
5325.000000 3.572754e-09
5330.000000 3.577980e-09
5335.000000 3.672745e-09
5340.000000 3.686002e-09
5345.000000 3.705853e-09
5350.000000 3.760750e-09
5355.000000 3.834467e-09
5360.000000 3.814049e-09
5365.000000 3.686027e-09
5370.000000 3.623800e-09
5375.000000 3.693403e-09
5380.000000 3.757212e-09
5385.000000 3.752133e-09
5390.000000 3.698222e-09
5395.000000 3.629178e-09
5400.000000 3.578442e-09
5405.000000 3.544896e-09
5410.000000 3.590187e-09
5415.000000 3.669043e-09
5420.000000 3.697379e-09
5425.000000 3.676296e-09
5430.000000 3.653564e-09
5435.000000 3.701659e-09
5440.000000 3.766811e-09
5445.000000 3.719246e-09
5450.000000 3.695380e-09
5455.000000 3.694612e-09
5460.000000 3.703409e-09
5465.000000 3.710237e-09
5470.000000 3.700159e-09
5475.000000 3.643593e-09
5480.000000 3.627313e-09
5485.000000 3.675237e-09
5490.000000 3.704948e-09
5495.000000 3.714581e-09
5500.000000 3.701501e-09
5505.000000 3.666162e-09
5510.000000 3.655524e-09
5515.000000 3.685735e-09
5520.000000 3.709073e-09
5525.000000 3.654974e-09
5530.000000 3.616194e-09
5535.000000 3.643047e-09
5540.000000 3.674057e-09
5545.000000 3.706573e-09
5550.000000 3.740948e-09
5555.000000 3.712840e-09
5560.000000 3.659944e-09
5565.000000 3.619538e-09
5570.000000 3.581272e-09
5575.000000 3.606564e-09
5580.000000 3.615860e-09
5585.000000 3.524985e-09
5590.000000 3.459835e-09
5595.000000 3.482973e-09
5600.000000 3.514710e-09
5605.000000 3.591582e-09
5610.000000 3.649832e-09
5615.000000 3.578127e-09
5620.000000 3.548835e-09
5625.000000 3.590212e-09
5630.000000 3.625233e-09
5635.000000 3.617427e-09
5640.000000 3.604465e-09
5645.000000 3.621392e-09
5650.000000 3.622989e-09
5655.000000 3.556229e-09
5660.000000 3.511271e-09
5665.000000 3.546819e-09
5670.000000 3.601684e-09
5675.000000 3.618812e-09
5680.000000 3.584887e-09
5685.000000 3.547019e-09
5690.000000 3.564276e-09
5695.000000 3.589836e-09
5700.000000 3.562466e-09
5705.000000 3.490736e-09
5710.000000 3.446776e-09
5715.000000 3.516602e-09
5720.000000 3.609527e-09
5725.000000 3.651498e-09
5730.000000 3.649386e-09
5735.000000 3.644276e-09
5740.000000 3.636509e-09
5745.000000 3.608767e-09
5750.000000 3.572118e-09
5755.000000 3.546453e-09
5760.000000 3.553720e-09
5765.000000 3.582648e-09
5770.000000 3.607545e-09
5775.000000 3.584472e-09
5780.000000 3.528844e-09
5785.000000 3.512577e-09
5790.000000 3.542601e-09
5795.000000 3.570764e-09
5800.000000 3.591356e-09
5805.000000 3.592964e-09
5810.000000 3.586842e-09
5815.000000 3.597972e-09
5820.000000 3.614794e-09
5825.000000 3.622771e-09
5830.000000 3.625341e-09
5835.000000 3.625163e-09
5840.000000 3.633722e-09
5845.000000 3.609876e-09
5850.000000 3.558592e-09
5855.000000 3.501614e-09
5860.000000 3.496182e-09
5865.000000 3.536315e-09
5870.000000 3.581144e-09
5875.000000 3.590939e-09
5880.000000 3.536341e-09
5885.000000 3.385989e-09
5890.000000 3.217009e-09
5895.000000 3.225497e-09
5900.000000 3.381598e-09
5905.000000 3.488302e-09
5910.000000 3.496608e-09
5915.000000 3.487292e-09
5920.000000 3.490198e-09
5925.000000 3.475473e-09
5930.000000 3.461718e-09
5935.000000 3.481327e-09
5940.000000 3.483931e-09
5945.000000 3.455522e-09
5950.000000 3.430265e-09
5955.000000 3.445934e-09
5960.000000 3.463692e-09
5965.000000 3.467433e-09
5970.000000 3.459455e-09
5975.000000 3.432837e-09
5980.000000 3.411668e-09
5985.000000 3.392947e-09
5990.000000 3.404636e-09
5995.000000 3.423145e-09
6000.000000 3.407665e-09
6005.000000 3.375869e-09
6010.000000 3.360069e-09
6015.000000 3.339973e-09
6020.000000 3.321724e-09
6025.000000 3.343564e-09
6030.000000 3.389051e-09
6035.000000 3.415960e-09
6040.000000 3.414586e-09
6045.000000 3.419268e-09
6050.000000 3.415233e-09
6055.000000 3.405339e-09
6060.000000 3.395139e-09
6065.000000 3.397464e-09
6070.000000 3.413126e-09
6075.000000 3.392431e-09
6080.000000 3.350139e-09
6085.000000 3.340334e-09
6090.000000 3.333334e-09
6095.000000 3.320689e-09
6100.000000 3.299583e-09
6105.000000 3.314036e-09
6110.000000 3.343542e-09
6115.000000 3.326448e-09
6120.000000 3.296561e-09
6125.000000 3.306140e-09
6130.000000 3.301848e-09
6135.000000 3.249398e-09
6140.000000 3.243551e-09
6145.000000 3.282642e-09
6150.000000 3.294663e-09
6155.000000 3.258350e-09
6160.000000 3.185409e-09
6165.000000 3.161712e-09
6170.000000 3.203034e-09
6175.000000 3.265824e-09
6180.000000 3.303092e-09
6185.000000 3.291394e-09
6190.000000 3.264804e-09
6195.000000 3.287073e-09
6200.000000 3.322667e-09
6205.000000 3.329700e-09
6210.000000 3.299905e-09
6215.000000 3.263133e-09
6220.000000 3.253650e-09
6225.000000 3.254933e-09
6230.000000 3.227888e-09
6235.000000 3.223726e-09
6240.000000 3.225376e-09
6245.000000 3.207050e-09
6250.000000 3.193995e-09
6255.000000 3.173309e-09
6260.000000 3.190798e-09
6265.000000 3.217905e-09
6270.000000 3.235926e-09
6275.000000 3.202312e-09
6280.000000 3.169278e-09
6285.000000 3.211871e-09
6290.000000 3.228945e-09
6295.000000 3.199762e-09
6300.000000 3.165528e-09
6305.000000 3.182245e-09
6310.000000 3.188755e-09
6315.000000 3.157538e-09
6320.000000 3.163374e-09
6325.000000 3.202290e-09
6330.000000 3.209981e-09
6335.000000 3.176696e-09
6340.000000 3.170073e-09
6345.000000 3.194324e-09
6350.000000 3.206418e-09
6355.000000 3.180965e-09
6360.000000 3.148152e-09
6365.000000 3.158137e-09
6370.000000 3.193914e-09
6375.000000 3.204250e-09
6380.000000 3.194272e-09
6385.000000 3.191238e-09
6390.000000 3.178132e-09
6395.000000 3.147594e-09
6400.000000 3.133892e-09
6405.000000 3.129489e-09
6410.000000 3.117265e-09
6415.000000 3.118712e-09
6420.000000 3.123653e-09
6425.000000 3.144559e-09
6430.000000 3.146357e-09
6435.000000 3.137893e-09
6440.000000 3.142992e-09
6445.000000 3.151339e-09
6450.000000 3.128990e-09
6455.000000 3.112410e-09
6460.000000 3.096906e-09
6465.000000 3.097937e-09
6470.000000 3.111051e-09
6475.000000 3.115701e-09
6480.000000 3.116545e-09
6485.000000 3.108853e-09
6490.000000 3.056725e-09
6495.000000 2.996326e-09
6500.000000 3.045222e-09
6505.000000 3.112571e-09
6510.000000 3.134948e-09
6515.000000 3.110291e-09
6520.000000 3.097589e-09
6525.000000 3.102290e-09
6530.000000 3.104338e-09
6535.000000 3.099805e-09
6540.000000 3.083491e-09
6545.000000 3.051334e-09
6550.000000 2.983614e-09
6555.000000 2.807997e-09
6560.000000 2.555922e-09
6565.000000 2.602457e-09
6570.000000 2.838373e-09
6575.000000 2.979674e-09
6580.000000 3.035825e-09
6585.000000 3.038344e-09
6590.000000 3.020336e-09
6595.000000 3.020725e-09
6600.000000 3.047619e-09
6605.000000 3.040565e-09
6610.000000 3.040967e-09
6615.000000 3.055737e-09
6620.000000 3.061706e-09
6625.000000 3.044592e-09
6630.000000 3.011595e-09
6635.000000 2.998313e-09
6640.000000 3.007289e-09
6645.000000 3.013015e-09
6650.000000 3.024826e-09
6655.000000 3.024002e-09
6660.000000 3.005440e-09
6665.000000 2.995929e-09
6670.000000 3.000630e-09
6675.000000 2.983958e-09
6680.000000 2.979720e-09
6685.000000 2.996265e-09
6690.000000 2.999301e-09
6695.000000 2.985530e-09
6700.000000 2.976765e-09
6705.000000 2.975216e-09
6710.000000 2.968928e-09
6715.000000 2.945465e-09
6720.000000 2.939523e-09
6725.000000 2.952878e-09
6730.000000 2.961230e-09
6735.000000 2.964450e-09
6740.000000 2.960972e-09
6745.000000 2.952906e-09
6750.000000 2.945158e-09
6755.000000 2.949320e-09
6760.000000 2.952481e-09
6765.000000 2.940462e-09
6770.000000 2.928810e-09
6775.000000 2.937296e-09
6780.000000 2.942970e-09
6785.000000 2.941895e-09
6790.000000 2.941124e-09
6795.000000 2.932424e-09
6800.000000 2.928575e-09
6805.000000 2.921372e-09
6810.000000 2.923503e-09
6815.000000 2.926915e-09
6820.000000 2.924547e-09
6825.000000 2.922860e-09
6830.000000 2.913866e-09
6835.000000 2.898211e-09
6840.000000 2.882993e-09
6845.000000 2.878856e-09
6850.000000 2.882959e-09
6855.000000 2.879078e-09
6860.000000 2.876287e-09
6865.000000 2.881043e-09
6870.000000 2.880202e-09
6875.000000 2.882740e-09
6880.000000 2.881563e-09
6885.000000 2.874007e-09
6890.000000 2.872724e-09
6895.000000 2.873689e-09
6900.000000 2.874456e-09
6905.000000 2.874806e-09
6910.000000 2.871401e-09
6915.000000 2.862646e-09
6920.000000 2.859041e-09
6925.000000 2.861783e-09
6930.000000 2.863174e-09
6935.000000 2.864903e-09
6940.000000 2.860582e-09
6945.000000 2.854003e-09
6950.000000 2.853873e-09
6955.000000 2.854885e-09
6960.000000 2.858087e-09
6965.000000 2.863437e-09
6970.000000 2.861231e-09
6975.000000 2.836713e-09
6980.000000 2.828217e-09
6985.000000 2.844622e-09
6990.000000 2.844154e-09
6995.000000 2.834504e-09
7000.000000 2.810995e-09
7005.000000 2.792802e-09
7010.000000 2.795608e-09
7015.000000 2.781969e-09
7020.000000 2.782591e-09
7025.000000 2.783699e-09
7030.000000 2.796793e-09
7035.000000 2.794228e-09
7040.000000 2.808276e-09
7045.000000 2.831688e-09
7050.000000 2.823385e-09
7055.000000 2.804466e-09
7060.000000 2.795806e-09
7065.000000 2.791870e-09
7070.000000 2.798990e-09
7075.000000 2.808113e-09
7080.000000 2.797589e-09
7085.000000 2.773971e-09
7090.000000 2.772569e-09
7095.000000 2.789152e-09
7100.000000 2.803125e-09
7105.000000 2.799983e-09
7110.000000 2.783435e-09
7115.000000 2.775504e-09
7120.000000 2.777693e-09
7125.000000 2.772283e-09
7130.000000 2.772239e-09
7135.000000 2.790597e-09
7140.000000 2.802300e-09
7145.000000 2.772305e-09
7150.000000 2.754554e-09
7155.000000 2.773797e-09
7160.000000 2.761933e-09
7165.000000 2.712695e-09
7170.000000 2.690854e-09
7175.000000 2.665484e-09
7180.000000 2.631088e-09
7185.000000 2.564794e-09
7190.000000 2.540336e-09
7195.000000 2.565062e-09
7200.000000 2.591327e-09
7205.000000 2.616774e-09
7210.000000 2.671702e-09
7215.000000 2.719020e-09
7220.000000 2.724988e-09
7225.000000 2.721239e-09
7230.000000 2.702600e-09
7235.000000 2.660453e-09
7240.000000 2.650344e-09
7245.000000 2.659390e-09
7250.000000 2.668224e-09
7255.000000 2.658363e-09
7260.000000 2.659078e-09
7265.000000 2.658513e-09
7270.000000 2.653409e-09
7275.000000 2.620167e-09
7280.000000 2.608738e-09
7285.000000 2.593592e-09
7290.000000 2.564071e-09
7295.000000 2.595229e-09
7300.000000 2.630583e-09
7305.000000 2.609914e-09
7310.000000 2.603471e-09
7315.000000 2.631493e-09
7320.000000 2.645131e-09
7325.000000 2.633301e-09
7330.000000 2.625982e-09
7335.000000 2.646352e-09
7340.000000 2.669488e-09
7345.000000 2.660011e-09
7350.000000 2.631417e-09
7355.000000 2.612736e-09
7360.000000 2.616395e-09
7365.000000 2.620460e-09
7370.000000 2.629098e-09
7375.000000 2.632185e-09
7380.000000 2.616514e-09
7385.000000 2.564509e-09
7390.000000 2.537910e-09
7395.000000 2.563032e-09
7400.000000 2.580776e-09
7405.000000 2.573850e-09
7410.000000 2.544542e-09
7415.000000 2.535288e-09
7420.000000 2.549577e-09
7425.000000 2.584219e-09
7430.000000 2.615636e-09
7435.000000 2.623555e-09
7440.000000 2.601125e-09
7445.000000 2.575688e-09
7450.000000 2.587775e-09
7455.000000 2.606138e-09
7460.000000 2.603845e-09
7465.000000 2.610162e-09
7470.000000 2.620046e-09
7475.000000 2.608707e-09
7480.000000 2.595236e-09
7485.000000 2.588829e-09
7490.000000 2.572407e-09
7495.000000 2.552056e-09
7500.000000 2.556371e-09
7505.000000 2.550901e-09
7510.000000 2.531972e-09
7515.000000 2.548319e-09
7520.000000 2.559578e-09
7525.000000 2.544892e-09
7530.000000 2.538798e-09
7535.000000 2.555548e-09
7540.000000 2.570226e-09
7545.000000 2.564968e-09
7550.000000 2.553738e-09
7555.000000 2.543927e-09
7560.000000 2.539796e-09
7565.000000 2.539330e-09
7570.000000 2.533675e-09
7575.000000 2.532044e-09
7580.000000 2.528458e-09
7585.000000 2.526391e-09
7590.000000 2.538789e-09
7595.000000 2.551015e-09
7600.000000 2.549568e-09
7605.000000 2.533854e-09
7610.000000 2.513657e-09
7615.000000 2.501871e-09
7620.000000 2.505447e-09
7625.000000 2.514024e-09
7630.000000 2.516924e-09
7635.000000 2.520077e-09
7640.000000 2.519079e-09
7645.000000 2.513569e-09
7650.000000 2.505659e-09
7655.000000 2.491566e-09
7660.000000 2.475942e-09
7665.000000 2.472663e-09
7670.000000 2.484726e-09
7675.000000 2.495010e-09
7680.000000 2.492762e-09
7685.000000 2.486186e-09
7690.000000 2.481150e-09
7695.000000 2.474544e-09
7700.000000 2.476408e-09
7705.000000 2.481041e-09
7710.000000 2.477399e-09
7715.000000 2.468309e-09
7720.000000 2.464984e-09
7725.000000 2.459780e-09
7730.000000 2.459080e-09
7735.000000 2.469397e-09
7740.000000 2.459758e-09
7745.000000 2.425528e-09
7750.000000 2.413717e-09
7755.000000 2.440387e-09
7760.000000 2.458620e-09
7765.000000 2.462245e-09
7770.000000 2.447028e-09
7775.000000 2.424666e-09
7780.000000 2.415073e-09
7785.000000 2.422708e-09
7790.000000 2.428997e-09
7795.000000 2.426315e-09
7800.000000 2.418937e-09
7805.000000 2.417176e-09
7810.000000 2.418022e-09
7815.000000 2.431557e-09
7820.000000 2.437876e-09
7825.000000 2.432538e-09
7830.000000 2.405639e-09
7835.000000 2.387859e-09
7840.000000 2.401501e-09
7845.000000 2.409499e-09
7850.000000 2.407143e-09
7855.000000 2.409703e-09
7860.000000 2.413721e-09
7865.000000 2.409949e-09
7870.000000 2.403019e-09
7875.000000 2.396913e-09
7880.000000 2.390568e-09
7885.000000 2.404083e-09
7890.000000 2.399862e-09
7895.000000 2.379363e-09
7900.000000 2.370315e-09
7905.000000 2.375998e-09
7910.000000 2.375405e-09
7915.000000 2.362679e-09
7920.000000 2.346348e-09
7925.000000 2.339157e-09
7930.000000 2.326536e-09
7935.000000 2.310969e-09
7940.000000 2.304718e-09
7945.000000 2.297175e-09
7950.000000 2.315236e-09
7955.000000 2.335677e-09
7960.000000 2.341527e-09
7965.000000 2.349207e-09
7970.000000 2.355396e-09
7975.000000 2.356883e-09
7980.000000 2.355809e-09
7985.000000 2.355497e-09
7990.000000 2.346715e-09
7995.000000 2.317680e-09
8000.000000 2.295955e-09
8005.000000 2.307950e-09
8010.000000 2.319727e-09
8015.000000 2.327235e-09
8020.000000 2.322479e-09
8025.000000 2.297930e-09
8030.000000 2.286601e-09
8035.000000 2.299878e-09
8040.000000 2.302905e-09
8045.000000 2.278232e-09
8050.000000 2.270768e-09
8055.000000 2.294185e-09
8060.000000 2.312774e-09
8065.000000 2.305034e-09
8070.000000 2.292679e-09
8075.000000 2.289938e-09
8080.000000 2.290613e-09
8085.000000 2.278774e-09
8090.000000 2.268407e-09
8095.000000 2.253160e-09
8100.000000 2.253378e-09
8105.000000 2.271119e-09
8110.000000 2.281876e-09
8115.000000 2.274793e-09
8120.000000 2.271128e-09
8125.000000 2.275173e-09
8130.000000 2.267954e-09
8135.000000 2.254910e-09
8140.000000 2.239464e-09
8145.000000 2.220028e-09
8150.000000 2.206522e-09
8155.000000 2.202985e-09
8160.000000 2.193383e-09
8165.000000 2.172906e-09
8170.000000 2.167127e-09
8175.000000 2.167592e-09
8180.000000 2.159108e-09
8185.000000 2.149950e-09
8190.000000 2.143095e-09
8195.000000 2.114412e-09
8200.000000 2.124167e-09
8205.000000 2.181930e-09
8210.000000 2.211054e-09
8215.000000 2.200165e-09
8220.000000 2.157332e-09
8225.000000 2.114625e-09
8230.000000 2.087015e-09
8235.000000 2.129643e-09
8240.000000 2.177486e-09
8245.000000 2.193838e-09
8250.000000 2.193157e-09
8255.000000 2.181117e-09
8260.000000 2.188842e-09
8265.000000 2.205960e-09
8270.000000 2.199925e-09
8275.000000 2.167456e-09
8280.000000 2.149191e-09
8285.000000 2.149409e-09
8290.000000 2.144684e-09
8295.000000 2.144354e-09
8300.000000 2.145990e-09
8305.000000 2.141508e-09
8310.000000 2.138514e-09
8315.000000 2.136010e-09
8320.000000 2.131282e-09
8325.000000 2.124255e-09
8330.000000 2.105528e-09
8335.000000 2.092905e-09
8340.000000 2.093416e-09
8345.000000 2.107045e-09
8350.000000 2.132992e-09
8355.000000 2.149925e-09
8360.000000 2.144843e-09
8365.000000 2.137030e-09
8370.000000 2.134831e-09
8375.000000 2.135066e-09
8380.000000 2.128084e-09
8385.000000 2.106173e-09
8390.000000 2.102561e-09
8395.000000 2.123272e-09
8400.000000 2.134626e-09
8405.000000 2.128628e-09
8410.000000 2.122407e-09
8415.000000 2.117578e-09
8420.000000 2.111198e-09
8425.000000 2.107939e-09
8430.000000 2.106553e-09
8435.000000 2.093700e-09
8440.000000 2.090240e-09
8445.000000 2.094401e-09
8450.000000 2.106391e-09
8455.000000 2.121657e-09
8460.000000 2.122509e-09
8465.000000 2.102485e-09
8470.000000 2.086589e-09
8475.000000 2.095929e-09
8480.000000 2.104156e-09
8485.000000 2.105816e-09
8490.000000 2.072439e-09
8495.000000 1.965296e-09
8500.000000 1.902756e-09
8505.000000 1.981444e-09
8510.000000 2.042504e-09
8515.000000 2.037652e-09
8520.000000 2.037323e-09
8525.000000 2.029845e-09
8530.000000 2.006979e-09
8535.000000 1.912988e-09
8540.000000 1.725565e-09
8545.000000 1.672708e-09
8550.000000 1.784739e-09
8555.000000 1.906112e-09
8560.000000 1.981363e-09
8565.000000 2.013290e-09
8570.000000 2.013604e-09
8575.000000 2.007597e-09
8580.000000 1.998485e-09
8585.000000 1.992995e-09
8590.000000 1.990704e-09
8595.000000 1.985337e-09
8600.000000 1.986434e-09
8605.000000 1.994411e-09
8610.000000 1.988233e-09
8615.000000 1.977728e-09
8620.000000 1.982961e-09
8625.000000 1.992132e-09
8630.000000 2.003820e-09
8635.000000 2.009912e-09
8640.000000 2.003392e-09
8645.000000 1.986178e-09
8650.000000 1.964632e-09
8655.000000 1.900220e-09
8660.000000 1.760386e-09
8665.000000 1.687720e-09
8670.000000 1.758616e-09
8675.000000 1.861689e-09
8680.000000 1.925369e-09
8685.000000 1.927349e-09
8690.000000 1.922555e-09
8695.000000 1.960345e-09
8700.000000 1.995247e-09
8705.000000 1.998242e-09
8710.000000 1.983678e-09
8715.000000 1.981919e-09
8720.000000 1.991923e-09
8725.000000 1.988281e-09
8730.000000 1.975997e-09
8735.000000 1.962829e-09
8740.000000 1.960624e-09
8745.000000 1.962496e-09
8750.000000 1.953361e-09
8755.000000 1.950289e-09
8760.000000 1.963336e-09
8765.000000 1.969250e-09
8770.000000 1.965621e-09
8775.000000 1.964552e-09
8780.000000 1.968877e-09
8785.000000 1.961001e-09
8790.000000 1.941858e-09
8795.000000 1.936205e-09
8800.000000 1.926127e-09
8805.000000 1.887509e-09
8810.000000 1.888898e-09
8815.000000 1.929763e-09
8820.000000 1.941999e-09
8825.000000 1.935220e-09
8830.000000 1.941179e-09
8835.000000 1.928981e-09
8840.000000 1.918730e-09
8845.000000 1.929146e-09
8850.000000 1.937051e-09
8855.000000 1.931169e-09
8860.000000 1.906994e-09
8865.000000 1.884048e-09
8870.000000 1.889637e-09
8875.000000 1.909993e-09
8880.000000 1.922215e-09
8885.000000 1.930532e-09
8890.000000 1.929715e-09
8895.000000 1.920561e-09
8900.000000 1.922804e-09
8905.000000 1.931230e-09
8910.000000 1.926654e-09
8915.000000 1.921476e-09
8920.000000 1.908781e-09
8925.000000 1.893167e-09
8930.000000 1.891109e-09
8935.000000 1.906726e-09
8940.000000 1.906644e-09
8945.000000 1.888734e-09
8950.000000 1.880898e-09
8955.000000 1.888059e-09
8960.000000 1.884959e-09
8965.000000 1.871421e-09
8970.000000 1.864973e-09
8975.000000 1.867109e-09
8980.000000 1.876167e-09
8985.000000 1.850280e-09
8990.000000 1.827148e-09
8995.000000 1.869385e-09
9000.000000 1.849904e-09
9005.000000 1.830262e-09
9010.000000 1.833520e-09
9015.000000 1.825030e-09
9020.000000 1.836646e-09
9025.000000 1.849436e-09
9030.000000 1.884243e-09
9035.000000 1.908716e-09
9040.000000 1.905827e-09
9045.000000 1.902790e-09
9050.000000 1.900014e-09
9055.000000 1.889720e-09
9060.000000 1.860294e-09
9065.000000 1.843922e-09
9070.000000 1.843083e-09
9075.000000 1.838957e-09
9080.000000 1.818874e-09
9085.000000 1.806331e-09
9090.000000 1.794198e-09
9095.000000 1.789188e-09
9100.000000 1.806114e-09
9105.000000 1.824983e-09
9110.000000 1.833803e-09
9115.000000 1.826411e-09
9120.000000 1.829066e-09
9125.000000 1.838134e-09
9130.000000 1.818797e-09
9135.000000 1.807774e-09
9140.000000 1.827194e-09
9145.000000 1.823414e-09
9150.000000 1.797001e-09
9155.000000 1.785490e-09
9160.000000 1.818588e-09
9165.000000 1.831919e-09
9170.000000 1.806108e-09
9175.000000 1.789807e-09
9180.000000 1.805054e-09
9185.000000 1.825347e-09
9190.000000 1.824520e-09
9195.000000 1.818769e-09
9200.000000 1.827736e-09
9205.000000 1.821167e-09
9210.000000 1.797117e-09
9215.000000 1.780440e-09
9220.000000 1.795070e-09
9225.000000 1.823541e-09
9230.000000 1.816430e-09
9235.000000 1.791219e-09
9240.000000 1.783655e-09
9245.000000 1.791297e-09
9250.000000 1.789548e-09
9255.000000 1.773519e-09
9260.000000 1.777907e-09
9265.000000 1.815126e-09
9270.000000 1.834399e-09
9275.000000 1.833587e-09
9280.000000 1.827407e-09
9285.000000 1.824591e-09
9290.000000 1.819919e-09
9295.000000 1.802540e-09
9300.000000 1.793527e-09
9305.000000 1.770179e-09
9310.000000 1.755463e-09
9315.000000 1.721779e-09
9320.000000 1.687268e-09
9325.000000 1.684070e-09
9330.000000 1.689811e-09
9335.000000 1.650151e-09
9340.000000 1.616182e-09
9345.000000 1.612534e-09
9350.000000 1.671364e-09
9355.000000 1.642724e-09
9360.000000 1.659423e-09
9365.000000 1.689280e-09
9370.000000 1.679277e-09
9375.000000 1.688713e-09
9380.000000 1.705565e-09
9385.000000 1.756357e-09
9390.000000 1.819865e-09
9395.000000 1.859426e-09
9400.000000 1.830972e-09
9405.000000 1.793375e-09
9410.000000 1.745925e-09
9415.000000 1.730893e-09
9420.000000 1.726240e-09
9425.000000 1.695128e-09
9430.000000 1.680412e-09
9435.000000 1.686562e-09
9440.000000 1.623858e-09
9445.000000 1.663921e-09
9450.000000 1.716788e-09
9455.000000 1.676754e-09
9460.000000 1.658329e-09
9465.000000 1.712207e-09
9470.000000 1.729717e-09
9475.000000 1.710739e-09
9480.000000 1.693527e-09
9485.000000 1.723268e-09
9490.000000 1.741839e-09
9495.000000 1.672008e-09
9500.000000 1.634771e-09
9505.000000 1.714226e-09
9510.000000 1.752572e-09
9515.000000 1.702940e-09
9520.000000 1.646877e-09
9525.000000 1.665358e-09
9530.000000 1.694140e-09
9535.000000 1.722218e-09
9540.000000 1.721467e-09
9545.000000 1.679082e-09
9550.000000 1.671458e-09
9555.000000 1.660874e-09
9560.000000 1.664116e-09
9565.000000 1.653951e-09
9570.000000 1.660386e-09
9575.000000 1.688664e-09
9580.000000 1.665652e-09
9585.000000 1.649912e-09
9590.000000 1.635395e-09
9595.000000 1.650388e-09
9600.000000 1.670633e-09
9605.000000 1.662778e-09
9610.000000 1.660958e-09
9615.000000 1.652385e-09
9620.000000 1.638577e-09
9625.000000 1.626807e-09
9630.000000 1.621446e-09
9635.000000 1.600167e-09
9640.000000 1.593344e-09
9645.000000 1.590468e-09
9650.000000 1.590738e-09
9655.000000 1.593223e-09
9660.000000 1.599781e-09
9665.000000 1.605737e-09
9670.000000 1.632217e-09
9675.000000 1.661437e-09
9680.000000 1.672808e-09
9685.000000 1.683658e-09
9690.000000 1.688210e-09
9695.000000 1.692907e-09
9700.000000 1.677696e-09
9705.000000 1.668573e-09
9710.000000 1.678628e-09
9715.000000 1.683971e-09
9720.000000 1.674739e-09
9725.000000 1.664472e-09
9730.000000 1.658149e-09
9735.000000 1.630976e-09
9740.000000 1.602044e-09
9745.000000 1.591537e-09
9750.000000 1.581029e-09
9755.000000 1.558917e-09
9760.000000 1.549424e-09
9765.000000 1.560764e-09
9770.000000 1.571141e-09
9775.000000 1.569755e-09
9780.000000 1.583097e-09
9785.000000 1.587946e-09
9790.000000 1.569661e-09
9795.000000 1.559177e-09
9800.000000 1.565819e-09
9805.000000 1.576481e-09
9810.000000 1.588111e-09
9815.000000 1.581109e-09
9820.000000 1.600812e-09
9825.000000 1.591978e-09
9830.000000 1.598315e-09
9835.000000 1.603403e-09
9840.000000 1.604896e-09
9845.000000 1.576979e-09
9850.000000 1.588451e-09
9855.000000 1.589765e-09
9860.000000 1.565839e-09
9865.000000 1.562803e-09
9870.000000 1.561260e-09
9875.000000 1.566432e-09
9880.000000 1.575668e-09
9885.000000 1.565930e-09
9890.000000 1.572925e-09
9895.000000 1.570463e-09
9900.000000 1.568071e-09
9905.000000 1.581271e-09
9910.000000 1.564096e-09
9915.000000 1.536668e-09
9920.000000 1.563842e-09
9925.000000 1.555881e-09
9930.000000 1.543001e-09
9935.000000 1.544357e-09
9940.000000 1.573236e-09
9945.000000 1.573094e-09
9950.000000 1.563338e-09
9955.000000 1.567173e-09
9960.000000 1.562260e-09
9965.000000 1.562339e-09
9970.000000 1.552952e-09
9975.000000 1.556010e-09
9980.000000 1.561295e-09
9985.000000 1.541978e-09
9990.000000 1.554274e-09
9995.000000 1.557797e-09
10000.000000 1.536713e-09
10005.000000 1.547081e-09
10010.000000 1.532583e-09
10015.000000 1.529731e-09
10020.000000 1.562896e-09
10025.000000 1.544853e-09
10030.000000 1.542388e-09
10035.000000 1.522275e-09
10040.000000 1.502542e-09
10045.000000 1.482065e-09
10050.000000 1.455326e-09
10055.000000 1.474147e-09
10060.000000 1.496914e-09
10065.000000 1.487826e-09
10070.000000 1.490773e-09
10075.000000 1.521980e-09
10080.000000 1.521529e-09
10085.000000 1.506737e-09
10090.000000 1.496721e-09
10095.000000 1.481098e-09
10100.000000 1.495625e-09
10105.000000 1.505969e-09
10110.000000 1.513016e-09
10115.000000 1.504876e-09
10120.000000 1.499106e-09
10125.000000 1.476431e-09
10130.000000 1.482765e-09
10135.000000 1.482585e-09
10140.000000 1.468391e-09
10145.000000 1.484531e-09
10150.000000 1.496463e-09
10155.000000 1.492947e-09
10160.000000 1.490434e-09
10165.000000 1.500064e-09
10170.000000 1.493862e-09
10175.000000 1.461153e-09
10180.000000 1.466407e-09
10185.000000 1.472643e-09
10190.000000 1.481616e-09
10195.000000 1.490116e-09
10200.000000 1.492606e-09
10205.000000 1.486017e-09
10210.000000 1.473667e-09
10215.000000 1.461332e-09
10220.000000 1.454764e-09
10225.000000 1.457181e-09
10230.000000 1.465138e-09
10235.000000 1.472636e-09
10240.000000 1.473676e-09
10245.000000 1.464846e-09
10250.000000 1.449419e-09
10255.000000 1.433255e-09
10260.000000 1.422249e-09
10265.000000 1.420212e-09
10270.000000 1.425473e-09
10275.000000 1.434266e-09
10280.000000 1.442724e-09
10285.000000 1.447981e-09
10290.000000 1.449811e-09
10295.000000 1.448988e-09
10300.000000 1.446387e-09
10305.000000 1.442579e-09
10310.000000 1.437432e-09
10315.000000 1.430539e-09
10320.000000 1.421531e-09
10325.000000 1.410651e-09
10330.000000 1.399749e-09
10335.000000 1.391307e-09
10340.000000 1.387722e-09
10345.000000 1.390148e-09
10350.000000 1.396472e-09
10355.000000 1.403313e-09
10360.000000 1.407327e-09
10365.000000 1.406827e-09
10370.000000 1.404374e-09
10375.000000 1.404181e-09
10380.000000 1.410378e-09
10385.000000 1.424792e-09
10390.000000 1.443197e-09
10395.000000 1.459058e-09
10400.000000 1.465884e-09
10405.000000 1.460038e-09
10410.000000 1.445315e-09
10415.000000 1.428348e-09
10420.000000 1.415796e-09
10425.000000 1.411652e-09
10430.000000 1.412960e-09
10435.000000 1.414117e-09
10440.000000 1.409508e-09
10445.000000 1.396222e-09
10450.000000 1.378367e-09
10455.000000 1.362766e-09
10460.000000 1.356183e-09
10465.000000 1.362407e-09
10470.000000 1.377394e-09
10475.000000 1.394103e-09
10480.000000 1.405465e-09
10485.000000 1.407015e-09
10490.000000 1.401078e-09
10495.000000 1.392595e-09
10500.000000 1.386604e-09
10505.000000 1.386346e-09
10510.000000 1.390462e-09
10515.000000 1.395815e-09
10520.000000 1.399216e-09
10525.000000 1.398649e-09
10530.000000 1.395165e-09
10535.000000 1.391000e-09
10540.000000 1.388410e-09
10545.000000 1.388633e-09
10550.000000 1.390314e-09
10555.000000 1.391083e-09
10560.000000 1.388561e-09
10565.000000 1.381431e-09
10570.000000 1.371050e-09
10575.000000 1.359826e-09
10580.000000 1.350177e-09
10585.000000 1.343697e-09
10590.000000 1.339774e-09
10595.000000 1.336975e-09
10600.000000 1.333809e-09
10605.000000 1.329219e-09
10610.000000 1.323227e-09
10615.000000 1.316273e-09
10620.000000 9.824869e-10
