1150.000000 2.208984e-08
1155.000000 2.220338e-08
1160.000000 1.714713e-08
1165.000000 1.586067e-08
1170.000000 1.425450e-08
1175.000000 1.316905e-08
1180.000000 1.253524e-08
1185.000000 9.613117e-09
1190.000000 5.794585e-09
1195.000000 3.863352e-09
1200.000000 2.937462e-09
1205.000000 1.654650e-09
1210.000000 8.958682e-10
1215.000000 7.826410e-10
1220.000000 9.780373e-10
1225.000000 1.913234e-09
1230.000000 4.279647e-09
1235.000000 7.357098e-09
1240.000000 1.032738e-08
1245.000000 1.230084e-08
1250.000000 1.315655e-08
1255.000000 1.285383e-08
1260.000000 1.152319e-08
1265.000000 1.232833e-08
1270.000000 1.489879e-08
1275.000000 1.607722e-08
1280.000000 1.701628e-08
1285.000000 1.750998e-08
1290.000000 1.684075e-08
1295.000000 1.543565e-08
1300.000000 1.334248e-08
1305.000000 1.206869e-08
1310.000000 1.404735e-08
1315.000000 1.773543e-08
1320.000000 1.913121e-08
1325.000000 1.842247e-08
1330.000000 1.701784e-08
1335.000000 1.645077e-08
1340.000000 1.825817e-08
1345.000000 1.928044e-08
1350.000000 1.875502e-08
1355.000000 1.846829e-08
1360.000000 1.787796e-08
1365.000000 1.708629e-08
1370.000000 1.696376e-08
1375.000000 1.729968e-08
1380.000000 1.750429e-08
1385.000000 1.748677e-08
1390.000000 1.747467e-08
1395.000000 1.716231e-08
1400.000000 1.723276e-08
1405.000000 1.687128e-08
1410.000000 1.650326e-08
1415.000000 1.667389e-08
1420.000000 1.690363e-08
1425.000000 1.722708e-08
1430.000000 1.704803e-08
1435.000000 1.685820e-08
1440.000000 1.740014e-08
1445.000000 1.806968e-08
1450.000000 1.867708e-08
1455.000000 1.893874e-08
1460.000000 1.869769e-08
1465.000000 1.815359e-08
1470.000000 1.779248e-08
1475.000000 1.760431e-08
1480.000000 1.740789e-08
1485.000000 1.739538e-08
1490.000000 1.791057e-08
1495.000000 1.854449e-08
1500.000000 1.869961e-08
1505.000000 1.777390e-08
1510.000000 1.707895e-08
1515.000000 1.717451e-08
1520.000000 1.725760e-08
1525.000000 1.661024e-08
1530.000000 1.593003e-08
1535.000000 1.611305e-08
1540.000000 1.709858e-08
1545.000000 1.728804e-08
1550.000000 1.675706e-08
1555.000000 1.626573e-08
1560.000000 1.568031e-08
1565.000000 1.550892e-08
1570.000000 1.559977e-08
1575.000000 1.561930e-08
1580.000000 1.574055e-08
1585.000000 1.577325e-08
1590.000000 1.572266e-08
1595.000000 1.557805e-08
1600.000000 1.510669e-08
1605.000000 1.459690e-08
1610.000000 1.457218e-08
1615.000000 1.463904e-08
1620.000000 1.454174e-08
1625.000000 1.442194e-08
1630.000000 1.439017e-08
1635.000000 1.424413e-08
1640.000000 1.395605e-08
1645.000000 1.385003e-08
1650.000000 1.364951e-08
1655.000000 1.320554e-08
1660.000000 1.322702e-08
1665.000000 1.345553e-08
1670.000000 1.321995e-08
1675.000000 1.320343e-08
1680.000000 1.350241e-08
1685.000000 1.360863e-08
1690.000000 1.368231e-08
1695.000000 1.380627e-08
1700.000000 1.371395e-08
1705.000000 1.336238e-08
1710.000000 1.311689e-08
1715.000000 1.275230e-08
1720.000000 1.246372e-08
1725.000000 1.232779e-08
1730.000000 1.246423e-08
1735.000000 1.274037e-08
1740.000000 1.300323e-08
1745.000000 1.311664e-08
1750.000000 1.319648e-08
1755.000000 1.323847e-08
1760.000000 1.282702e-08
1765.000000 1.255464e-08
1770.000000 1.262035e-08
1775.000000 1.267590e-08
1780.000000 1.244597e-08
1785.000000 1.156266e-08
1790.000000 1.129227e-08
1795.000000 1.245213e-08
1800.000000 1.302790e-08
1805.000000 1.306107e-08
1810.000000 1.304374e-08
1815.000000 1.302714e-08
1820.000000 1.291486e-08
1825.000000 1.266666e-08
1830.000000 1.244350e-08
1835.000000 1.230627e-08
1840.000000 1.213839e-08
1845.000000 1.191865e-08
1850.000000 1.163947e-08
1855.000000 1.136486e-08
1860.000000 1.134146e-08
1865.000000 1.159813e-08
1870.000000 1.190978e-08
1875.000000 1.201473e-08
1880.000000 1.184623e-08
1885.000000 1.156996e-08
1890.000000 1.138352e-08
1895.000000 1.136250e-08
1900.000000 1.138919e-08
1905.000000 1.127011e-08
1910.000000 1.110776e-08
1915.000000 1.100101e-08
1920.000000 1.101519e-08
1925.000000 1.104567e-08
1930.000000 1.111599e-08
1935.000000 1.127124e-08
1940.000000 1.132582e-08
1945.000000 1.135152e-08
1950.000000 1.120404e-08
1955.000000 1.085797e-08
1960.000000 1.066384e-08
1965.000000 1.067091e-08
1970.000000 1.061080e-08
1975.000000 1.077878e-08
1980.000000 1.089576e-08
1985.000000 1.084162e-08
1990.000000 1.069499e-08
1995.000000 1.035448e-08
2000.000000 1.022049e-08
2005.000000 1.031613e-08
2010.000000 1.024387e-08
2015.000000 1.021696e-08
2020.000000 1.026833e-08
2025.000000 1.020790e-08
2030.000000 1.008732e-08
2035.000000 9.965578e-09
2040.000000 9.972148e-09
2045.000000 1.005239e-08
2050.000000 1.024724e-08
2055.000000 1.011656e-08
2060.000000 9.688950e-09
2065.000000 9.637040e-09
2070.000000 9.640682e-09
2075.000000 9.859896e-09
2080.000000 1.000300e-08
2085.000000 9.890237e-09
2090.000000 9.908774e-09
2095.000000 9.790877e-09
2100.000000 9.488701e-09
2105.000000 9.294279e-09
2110.000000 9.374195e-09
2115.000000 9.477922e-09
2120.000000 9.391860e-09
2125.000000 9.410107e-09
2130.000000 9.470987e-09
2135.000000 9.087207e-09
2140.000000 8.800523e-09
2145.000000 8.816028e-09
2150.000000 8.932019e-09
2155.000000 9.165102e-09
2160.000000 8.994921e-09
2165.000000 8.622703e-09
2170.000000 8.372031e-09
2175.000000 8.320907e-09
2180.000000 8.355423e-09
2185.000000 8.521571e-09
2190.000000 8.691627e-09
2195.000000 8.730112e-09
2200.000000 8.610988e-09
2205.000000 8.362442e-09
2210.000000 8.128591e-09
2215.000000 7.964347e-09
2220.000000 7.941961e-09
2225.000000 7.890123e-09
2230.000000 7.633655e-09
2235.000000 7.887794e-09
2240.000000 8.046099e-09
2245.000000 7.809911e-09
2250.000000 7.675203e-09
2255.000000 7.770850e-09
2260.000000 7.768543e-09
2265.000000 7.714426e-09
2270.000000 7.770875e-09
2275.000000 8.130237e-09
2280.000000 8.345268e-09
2285.000000 8.056952e-09
2290.000000 7.993917e-09
2295.000000 8.027933e-09
2300.000000 7.948336e-09
2305.000000 7.892059e-09
2310.000000 7.659281e-09
2315.000000 7.644315e-09
2320.000000 7.637732e-09
2325.000000 7.566813e-09
2330.000000 7.350963e-09
2335.000000 7.243374e-09
2340.000000 7.109619e-09
2345.000000 6.967747e-09
2350.000000 7.031789e-09
2355.000000 7.113974e-09
2360.000000 7.263979e-09
2365.000000 7.176333e-09
2370.000000 7.191577e-09
2375.000000 7.150606e-09
2380.000000 6.850239e-09
2385.000000 6.558693e-09
2390.000000 6.511356e-09
2395.000000 6.603549e-09
2400.000000 6.679684e-09
2405.000000 6.720823e-09
2410.000000 6.581824e-09
2415.000000 6.716798e-09
2420.000000 6.919111e-09
2425.000000 6.896777e-09
2430.000000 6.966819e-09
2435.000000 6.868516e-09
2440.000000 6.830545e-09
2445.000000 6.956463e-09
2450.000000 7.041416e-09
2455.000000 7.184032e-09
2460.000000 7.258969e-09
2465.000000 7.198227e-09
2470.000000 6.975860e-09
2475.000000 6.797325e-09
2480.000000 6.841970e-09
2485.000000 6.983361e-09
2490.000000 6.914052e-09
2495.000000 6.937416e-09
2500.000000 7.211862e-09
2505.000000 7.314203e-09
2510.000000 7.082751e-09
2515.000000 6.999285e-09
2520.000000 6.879603e-09
2525.000000 6.690675e-09
2530.000000 6.773076e-09
2535.000000 6.844605e-09
2540.000000 6.703026e-09
2545.000000 6.654013e-09
2550.000000 6.699090e-09
2555.000000 6.788597e-09
2560.000000 6.812944e-09
2565.000000 6.887937e-09
2570.000000 7.078441e-09
2575.000000 7.023323e-09
2580.000000 6.388700e-09
2585.000000 6.159314e-09
2590.000000 6.621408e-09
2595.000000 7.001175e-09
2600.000000 6.998738e-09
2605.000000 6.802109e-09
2610.000000 6.698479e-09
2615.000000 6.760409e-09
2620.000000 6.901341e-09
2625.000000 6.887787e-09
2630.000000 6.734783e-09
2635.000000 6.770281e-09
2640.000000 6.885602e-09
2645.000000 6.983288e-09
2650.000000 7.122189e-09
2655.000000 7.104307e-09
2660.000000 6.977607e-09
2665.000000 6.800255e-09
2670.000000 6.642211e-09
2675.000000 6.732694e-09
2680.000000 6.919401e-09
2685.000000 7.028286e-09
2690.000000 6.956304e-09
2695.000000 6.702698e-09
2700.000000 6.466237e-09
2705.000000 6.446667e-09
2710.000000 6.459384e-09
2715.000000 6.459143e-09
2720.000000 6.482305e-09
2725.000000 6.445721e-09
2730.000000 6.438381e-09
2735.000000 6.475018e-09
2740.000000 6.423130e-09
2745.000000 6.269746e-09
2750.000000 6.223658e-09
2755.000000 6.206258e-09
2760.000000 6.223223e-09
2765.000000 6.278557e-09
2770.000000 6.202809e-09
2775.000000 6.199838e-09
2780.000000 6.293985e-09
2785.000000 6.235524e-09
2790.000000 6.233987e-09
2795.000000 6.194418e-09
2800.000000 5.919035e-09
2805.000000 5.881881e-09
2810.000000 6.174349e-09
2815.000000 6.461386e-09
2820.000000 6.580411e-09
2825.000000 6.436623e-09
2830.000000 6.164755e-09
2835.000000 6.073371e-09
2840.000000 6.196492e-09
2845.000000 6.236601e-09
2850.000000 6.277511e-09
2855.000000 6.284765e-09
2860.000000 6.313249e-09
2865.000000 6.238489e-09
2870.000000 6.134693e-09
2875.000000 6.234869e-09
2880.000000 6.188566e-09
2885.000000 6.162690e-09
2890.000000 6.184901e-09
2895.000000 6.239827e-09
2900.000000 6.273591e-09
2905.000000 6.350873e-09
2910.000000 6.389171e-09
2915.000000 6.432092e-09
2920.000000 6.350194e-09
2925.000000 6.163881e-09
2930.000000 6.120901e-09
2935.000000 6.092941e-09
2940.000000 5.989600e-09
2945.000000 6.099275e-09
2950.000000 6.198838e-09
2955.000000 6.311651e-09
2960.000000 6.271050e-09
2965.000000 6.143160e-09
2970.000000 6.081190e-09
2975.000000 6.127630e-09
2980.000000 6.155151e-09
2985.000000 6.117051e-09
2990.000000 6.037121e-09
2995.000000 5.974435e-09
3000.000000 5.985643e-09
3005.000000 6.002494e-09
3010.000000 6.025211e-09
3015.000000 5.952574e-09
3020.000000 5.808060e-09
3025.000000 5.722675e-09
3030.000000 5.724897e-09
3035.000000 5.770392e-09
3040.000000 5.722315e-09
3045.000000 5.740452e-09
3050.000000 5.709170e-09
3055.000000 5.644857e-09
3060.000000 5.624969e-09
3065.000000 5.556319e-09
3070.000000 5.561939e-09
3075.000000 5.603925e-09
3080.000000 5.667627e-09
3085.000000 5.663613e-09
3090.000000 5.701481e-09
3095.000000 5.757777e-09
3100.000000 5.775577e-09
3105.000000 5.643236e-09
3110.000000 5.585268e-09
3115.000000 5.660416e-09
3120.000000 5.735885e-09
3125.000000 5.820146e-09
3130.000000 5.797268e-09
3135.000000 5.752824e-09
3140.000000 5.661661e-09
3145.000000 5.646688e-09
3150.000000 5.749099e-09
3155.000000 5.764138e-09
3160.000000 5.634599e-09
3165.000000 5.631331e-09
3170.000000 5.700428e-09
3175.000000 5.710636e-09
3180.000000 5.606082e-09
3185.000000 5.577000e-09
3190.000000 5.630588e-09
3195.000000 5.694478e-09
3200.000000 5.723712e-09
3205.000000 5.706667e-09
3210.000000 5.659076e-09
3215.000000 5.618577e-09
3220.000000 5.567341e-09
3225.000000 5.488980e-09
3230.000000 5.430486e-09
3235.000000 5.430706e-09
3240.000000 5.444297e-09
3245.000000 5.424218e-09
3250.000000 5.403013e-09
3255.000000 5.418014e-09
3260.000000 5.439078e-09
3265.000000 5.432040e-09
3270.000000 5.419797e-09
3275.000000 5.420738e-09
3280.000000 5.386355e-09
3285.000000 5.290562e-09
3290.000000 5.229894e-09
3295.000000 5.279427e-09
3300.000000 5.338571e-09
3305.000000 5.307407e-09
3310.000000 5.262561e-09
3315.000000 5.294848e-09
3320.000000 5.353268e-09
3325.000000 5.362890e-09
3330.000000 5.331869e-09
3335.000000 5.290910e-09
3340.000000 5.244302e-09
3345.000000 5.198354e-09
3350.000000 5.191332e-09
3355.000000 5.239928e-09
3360.000000 5.274297e-09
3365.000000 5.235950e-09
3370.000000 5.181028e-09
3375.000000 5.172661e-09
3380.000000 5.177728e-09
3385.000000 5.151512e-09
3390.000000 5.117068e-09
3395.000000 5.104413e-09
3400.000000 5.093052e-09
3405.000000 5.061346e-09
3410.000000 5.035678e-09
3415.000000 5.041715e-09
3420.000000 5.054337e-09
3425.000000 5.040857e-09
3430.000000 5.001424e-09
3435.000000 4.954848e-09
3440.000000 4.933126e-09
3445.000000 4.952487e-09
3450.000000 4.976615e-09
3455.000000 4.967282e-09
3460.000000 4.933826e-09
3465.000000 4.900464e-09
3470.000000 4.881082e-09
3475.000000 4.875118e-09
3480.000000 4.857338e-09
3485.000000 4.813285e-09
3490.000000 4.779380e-09
3495.000000 4.789456e-09
3500.000000 4.819839e-09
3505.000000 4.835758e-09
3510.000000 4.832397e-09
3515.000000 4.820080e-09
3520.000000 4.816102e-09
3525.000000 4.824803e-09
3530.000000 4.812711e-09
3535.000000 4.759783e-09
3540.000000 4.716513e-09
3545.000000 4.722585e-09
3550.000000 4.721040e-09
3555.000000 4.660689e-09
3560.000000 4.601038e-09
3565.000000 4.605873e-09
3570.000000 4.638619e-09
3575.000000 4.647988e-09
3580.000000 4.646598e-09
3585.000000 4.660540e-09
3590.000000 4.684013e-09
3595.000000 4.696493e-09
3600.000000 4.673914e-09
3605.000000 4.609148e-09
3610.000000 4.541192e-09
3615.000000 4.509308e-09
3620.000000 4.507284e-09
3625.000000 4.511987e-09
3630.000000 4.503020e-09
3635.000000 4.474168e-09
3640.000000 4.450783e-09
3645.000000 4.450837e-09
3650.000000 4.443155e-09
3655.000000 4.398944e-09
3660.000000 4.344762e-09
3665.000000 4.316625e-09
3670.000000 4.318214e-09
3675.000000 4.335310e-09
3680.000000 4.342021e-09
3685.000000 4.325796e-09
3690.000000 4.318844e-09
3695.000000 4.354604e-09
3700.000000 4.425269e-09
3705.000000 4.513802e-09
3710.000000 4.619799e-09
3715.000000 4.736643e-09
3720.000000 4.827559e-09
3725.000000 4.890865e-09
3730.000000 5.041553e-09
3735.000000 5.353595e-09
3740.000000 5.681908e-09
3745.000000 5.887360e-09
3750.000000 6.060374e-09
3755.000000 6.283147e-09
3760.000000 6.392981e-09
3765.000000 6.276927e-09
3770.000000 6.196265e-09
3775.000000 6.422097e-09
3780.000000 6.865039e-09
3785.000000 7.264646e-09
3790.000000 7.300871e-09
3795.000000 6.890888e-09
3800.000000 6.606924e-09
3805.000000 6.981245e-09
3810.000000 7.782745e-09
3815.000000 8.493741e-09
3820.000000 8.638734e-09
3825.000000 8.026880e-09
3830.000000 7.150063e-09
3835.000000 6.637025e-09
3840.000000 6.786269e-09
3845.000000 7.574235e-09
3850.000000 8.486304e-09
3855.000000 9.030729e-09
3860.000000 9.247143e-09
3865.000000 9.313441e-09
3870.000000 9.229297e-09
3875.000000 8.910719e-09
3880.000000 8.265060e-09
3885.000000 7.373192e-09
3890.000000 6.760816e-09
3895.000000 6.891311e-09
3900.000000 7.614610e-09
3905.000000 8.536031e-09
3910.000000 9.248920e-09
3915.000000 9.515634e-09
3920.000000 9.531458e-09
3925.000000 9.557376e-09
3930.000000 9.602878e-09
3935.000000 9.616670e-09
3940.000000 9.644214e-09
3945.000000 9.703603e-09
3950.000000 9.636282e-09
3955.000000 9.255991e-09
3960.000000 8.499397e-09
3965.000000 7.511711e-09
3970.000000 6.846479e-09
3975.000000 6.975744e-09
3980.000000 7.746442e-09
3985.000000 8.744694e-09
3990.000000 9.512480e-09
3995.000000 9.765937e-09
4000.000000 9.699948e-09
4005.000000 9.594642e-09
4010.000000 9.484091e-09
4015.000000 9.335941e-09
4020.000000 9.200285e-09
4025.000000 9.132627e-09
4030.000000 9.112178e-09
4035.000000 9.103389e-09
4040.000000 9.109361e-09
4045.000000 9.135690e-09
4050.000000 9.154658e-09
4055.000000 9.139600e-09
4060.000000 9.101381e-09
4065.000000 9.059510e-09
4070.000000 9.016535e-09
4075.000000 8.959472e-09
4080.000000 8.847997e-09
4085.000000 8.596744e-09
4090.000000 8.044778e-09
4095.000000 7.186125e-09
4100.000000 6.488293e-09
4105.000000 6.416837e-09
4110.000000 6.948496e-09
4115.000000 7.799424e-09
4120.000000 8.509699e-09
4125.000000 8.749838e-09
4130.000000 8.689708e-09
4135.000000 8.603886e-09
4140.000000 8.545306e-09
4145.000000 8.488772e-09
4150.000000 8.438285e-09
4155.000000 8.402939e-09
4160.000000 8.368382e-09
4165.000000 8.321622e-09
4170.000000 8.277364e-09
4175.000000 8.250212e-09
4180.000000 8.227258e-09
4185.000000 8.195260e-09
4190.000000 8.167946e-09
4195.000000 8.157913e-09
4200.000000 8.148304e-09
4205.000000 8.125061e-09
4210.000000 8.110156e-09
4215.000000 8.120188e-09
4220.000000 8.122172e-09
4225.000000 8.086112e-09
4230.000000 8.039307e-09
4235.000000 8.015834e-09
4240.000000 8.009139e-09
4245.000000 7.999547e-09
4250.000000 7.975526e-09
4255.000000 7.933449e-09
4260.000000 7.881229e-09
4265.000000 7.827640e-09
4270.000000 7.773219e-09
4275.000000 7.717851e-09
4280.000000 7.668491e-09
4285.000000 7.633234e-09
4290.000000 7.615180e-09
4295.000000 7.608777e-09
4300.000000 7.592161e-09
4305.000000 7.557180e-09
4310.000000 7.543116e-09
4315.000000 7.555285e-09
4320.000000 7.464044e-09
4325.000000 7.132710e-09
4330.000000 6.552338e-09
4335.000000 5.859285e-09
4340.000000 5.430784e-09
4345.000000 5.561123e-09
4350.000000 6.087805e-09
4355.000000 6.698272e-09
4360.000000 7.149459e-09
4365.000000 7.312304e-09
4370.000000 7.274708e-09
4375.000000 7.175546e-09
4380.000000 7.076898e-09
4385.000000 7.003138e-09
4390.000000 6.961295e-09
4395.000000 6.947171e-09
4400.000000 6.941002e-09
4405.000000 6.924787e-09
4410.000000 6.899929e-09
4415.000000 6.872355e-09
4420.000000 6.840488e-09
4425.000000 6.803132e-09
4430.000000 6.768039e-09
4435.000000 6.742769e-09
4440.000000 6.725826e-09
4445.000000 6.714620e-09
4450.000000 6.712450e-09
4455.000000 6.714581e-09
4460.000000 6.690558e-09
4465.000000 6.618432e-09
4470.000000 6.524647e-09
4475.000000 6.449510e-09
4480.000000 6.419706e-09
4485.000000 6.441544e-09
4490.000000 6.482856e-09
4495.000000 6.507547e-09
4500.000000 6.507109e-09
4505.000000 6.485073e-09
4510.000000 6.448844e-09
4515.000000 6.411015e-09
4520.000000 6.393836e-09
4525.000000 6.408013e-09
4530.000000 6.424936e-09
4535.000000 6.413076e-09
4540.000000 6.373167e-09
4545.000000 6.321785e-09
4550.000000 6.283332e-09
4555.000000 6.274121e-09
4560.000000 6.282160e-09
4565.000000 6.286697e-09
4570.000000 6.272572e-09
4575.000000 6.235694e-09
4580.000000 6.194228e-09
4585.000000 6.167492e-09
4590.000000 6.155804e-09
4595.000000 6.151808e-09
4600.000000 6.147705e-09
4605.000000 6.138613e-09
4610.000000 6.126946e-09
4615.000000 6.114284e-09
4620.000000 6.093607e-09
4625.000000 6.062236e-09
4630.000000 6.036802e-09
4635.000000 6.030004e-09
4640.000000 6.025441e-09
4645.000000 6.005448e-09
4650.000000 5.978194e-09
4655.000000 5.957837e-09
4660.000000 5.947380e-09
4665.000000 5.942831e-09
4670.000000 5.934421e-09
4675.000000 5.917073e-09
4680.000000 5.902685e-09
4685.000000 5.899839e-09
4690.000000 5.892125e-09
4695.000000 5.864928e-09
4700.000000 5.833244e-09
4705.000000 5.815031e-09
4710.000000 5.806168e-09
4715.000000 5.797100e-09
4720.000000 5.786711e-09
4725.000000 5.776691e-09
4730.000000 5.766884e-09
4735.000000 5.756050e-09
4740.000000 5.742032e-09
4745.000000 5.723032e-09
4750.000000 5.698921e-09
4755.000000 5.671014e-09
4760.000000 5.642934e-09
4765.000000 5.621209e-09
4770.000000 5.616823e-09
4775.000000 5.631276e-09
4780.000000 5.637688e-09
4785.000000 5.614017e-09
4790.000000 5.578578e-09
4795.000000 5.555625e-09
4800.000000 5.543890e-09
4805.000000 5.532064e-09
4810.000000 5.509472e-09
4815.000000 5.472625e-09
4820.000000 5.435008e-09
4825.000000 5.409635e-09
4830.000000 5.390735e-09
4835.000000 5.356864e-09
4840.000000 5.264540e-09
4845.000000 5.067228e-09
4850.000000 4.738753e-09
4855.000000 4.328625e-09
4860.000000 4.059134e-09
4865.000000 4.121914e-09
4870.000000 4.452303e-09
4875.000000 4.873746e-09
4880.000000 5.179984e-09
4885.000000 5.248361e-09
4890.000000 5.195156e-09
4895.000000 5.169917e-09
4900.000000 5.173561e-09
4905.000000 5.160230e-09
4910.000000 5.116569e-09
4915.000000 5.051946e-09
4920.000000 4.996988e-09
4925.000000 4.975833e-09
4930.000000 4.976014e-09
4935.000000 4.976932e-09
4940.000000 4.973164e-09
4945.000000 4.963639e-09
4950.000000 4.943183e-09
4955.000000 4.912058e-09
4960.000000 4.888972e-09
4965.000000 4.888225e-09
4970.000000 4.894564e-09
4975.000000 4.888926e-09
4980.000000 4.872073e-09
4985.000000 4.851500e-09
4990.000000 4.831593e-09
4995.000000 4.812785e-09
5000.000000 4.789133e-09
5005.000000 4.756380e-09
5010.000000 4.720659e-09
5015.000000 4.690199e-09
5020.000000 4.667974e-09
5025.000000 4.653722e-09
5030.000000 4.643756e-09
5035.000000 4.629109e-09
5040.000000 4.591613e-09
5045.000000 4.525453e-09
5050.000000 4.465332e-09
5055.000000 4.443538e-09
5060.000000 4.445845e-09
5065.000000 4.449332e-09
5070.000000 4.455075e-09
5075.000000 4.468366e-09
5080.000000 4.480332e-09
5085.000000 4.477978e-09
5090.000000 4.453509e-09
5095.000000 4.410714e-09
5100.000000 4.377202e-09
5105.000000 4.374046e-09
5110.000000 4.382275e-09
5115.000000 4.378543e-09
5120.000000 4.368110e-09
5125.000000 4.362155e-09
5130.000000 4.357809e-09
5135.000000 4.349933e-09
5140.000000 4.342061e-09
5145.000000 4.336992e-09
5150.000000 4.327129e-09
5155.000000 4.307431e-09
5160.000000 4.289566e-09
5165.000000 4.283367e-09
5170.000000 4.277171e-09
5175.000000 4.257962e-09
5180.000000 4.231136e-09
5185.000000 4.208676e-09
5190.000000 4.200595e-09
5195.000000 4.207819e-09
5200.000000 4.210866e-09
5205.000000 4.193400e-09
5210.000000 4.167302e-09
5215.000000 4.147571e-09
5220.000000 4.129348e-09
5225.000000 4.105032e-09
5230.000000 4.080256e-09
5235.000000 4.062803e-09
5240.000000 4.052224e-09
5245.000000 4.044638e-09
5250.000000 4.035948e-09
5255.000000 4.024413e-09
5260.000000 4.013939e-09
5265.000000 4.006988e-09
5270.000000 3.996858e-09
5275.000000 3.979404e-09
5280.000000 3.965556e-09
5285.000000 3.963231e-09
5290.000000 3.957644e-09
5295.000000 3.936038e-09
5300.000000 3.912940e-09
5305.000000 3.902342e-09
5310.000000 3.889591e-09
5315.000000 3.860504e-09
5320.000000 3.830839e-09
5325.000000 3.818619e-09
5330.000000 3.817231e-09
5335.000000 3.814855e-09
5340.000000 3.810975e-09
5345.000000 3.806575e-09
5350.000000 3.795248e-09
5355.000000 3.776468e-09
5360.000000 3.771865e-09
5365.000000 3.795507e-09
5370.000000 3.820273e-09
5375.000000 3.818131e-09
5380.000000 3.799867e-09
5385.000000 3.785309e-09
5390.000000 3.777826e-09
5395.000000 3.771396e-09
5400.000000 3.754149e-09
5405.000000 3.726432e-09
5410.000000 3.723839e-09
5415.000000 3.767746e-09
5420.000000 3.808755e-09
5425.000000 3.800332e-09
5430.000000 3.773332e-09
5435.000000 3.766778e-09
5440.000000 3.763226e-09
5445.000000 3.739090e-09
5450.000000 3.712324e-09
5455.000000 3.703371e-09
5460.000000 3.696818e-09
5465.000000 3.674581e-09
5470.000000 3.648105e-09
5475.000000 3.633008e-09
5480.000000 3.625567e-09
5485.000000 3.617618e-09
5490.000000 3.609393e-09
5495.000000 3.603476e-09
5500.000000 3.599465e-09
5505.000000 3.594898e-09
5510.000000 3.585544e-09
5515.000000 3.570886e-09
5520.000000 3.561213e-09
5525.000000 3.563505e-09
5530.000000 3.565690e-09
5535.000000 3.555878e-09
5540.000000 3.541613e-09
5545.000000 3.532416e-09
5550.000000 3.523509e-09
5555.000000 3.509127e-09
5560.000000 3.495547e-09
5565.000000 3.489795e-09
5570.000000 3.488489e-09
5575.000000 3.485635e-09
5580.000000 3.479378e-09
5585.000000 3.470868e-09
5590.000000 3.464555e-09
5595.000000 3.462377e-09
5600.000000 3.456831e-09
5605.000000 3.440908e-09
5610.000000 3.418496e-09
5615.000000 3.397306e-09
5620.000000 3.383557e-09
5625.000000 3.378019e-09
5630.000000 3.369478e-09
5635.000000 3.349247e-09
5640.000000 3.327014e-09
5645.000000 3.314925e-09
5650.000000 3.312957e-09
5655.000000 3.315047e-09
5660.000000 3.312403e-09
5665.000000 3.300814e-09
5670.000000 3.289954e-09
5675.000000 3.289120e-09
5680.000000 3.292840e-09
5685.000000 3.292047e-09
5690.000000 3.283654e-09
5695.000000 3.267986e-09
5700.000000 3.248185e-09
5705.000000 3.227783e-09
5710.000000 3.208866e-09
5715.000000 3.193376e-09
5720.000000 3.184069e-09
5725.000000 3.181458e-09
5730.000000 3.179388e-09
5735.000000 3.172087e-09
5740.000000 3.161376e-09
5745.000000 3.150928e-09
5750.000000 3.141502e-09
5755.000000 3.132620e-09
5760.000000 3.123719e-09
5765.000000 3.114366e-09
5770.000000 3.104588e-09
5775.000000 3.094557e-09
5780.000000 3.084487e-09
5785.000000 3.074522e-09
5790.000000 3.064679e-09
5795.000000 3.054948e-09
5800.000000 3.045320e-09
5805.000000 3.035747e-09
5810.000000 3.026228e-09
5815.000000 3.016735e-09
5820.000000 3.007244e-09
5825.000000 2.997744e-09
5830.000000 2.988251e-09
5835.000000 2.978775e-09
5840.000000 2.969321e-09
5845.000000 2.959901e-09
5850.000000 2.950519e-09
5855.000000 2.941163e-09
5860.000000 2.931832e-09
5865.000000 2.922515e-09
5870.000000 2.913231e-09
5875.000000 2.903986e-09
5880.000000 2.894796e-09
5885.000000 2.885665e-09
5890.000000 2.876587e-09
5895.000000 2.867535e-09
5900.000000 2.858492e-09
5905.000000 2.849434e-09
5910.000000 2.840377e-09
5915.000000 2.831336e-09
5920.000000 2.822309e-09
5925.000000 2.813326e-09
5930.000000 2.804408e-09
5935.000000 2.795571e-09
5940.000000 2.786861e-09
5945.000000 2.778239e-09
5950.000000 2.769579e-09
5955.000000 2.760701e-09
5960.000000 2.751448e-09
5965.000000 2.741820e-09
5970.000000 2.732303e-09
5975.000000 2.723543e-09
5980.000000 2.716185e-09
5985.000000 2.710478e-09
5990.000000 2.705739e-09
5995.000000 2.700915e-09
6000.000000 2.701247e-09
6005.000000 2.730444e-09
6010.000000 2.722681e-09
6015.000000 2.712128e-09
6020.000000 2.704712e-09
6025.000000 2.693693e-09
6030.000000 2.680867e-09
6035.000000 2.663984e-09
6040.000000 2.653098e-09
6045.000000 2.643352e-09
6050.000000 2.641730e-09
6055.000000 2.644700e-09
6060.000000 2.639122e-09
6065.000000 2.637843e-09
6070.000000 2.637764e-09
6075.000000 2.629807e-09
6080.000000 2.623452e-09
6085.000000 2.627569e-09
6090.000000 2.626068e-09
6095.000000 2.627482e-09
6100.000000 2.627844e-09
6105.000000 2.622020e-09
6110.000000 2.613902e-09
6115.000000 2.601744e-09
6120.000000 2.598969e-09
6125.000000 2.591663e-09
6130.000000 2.576083e-09
6135.000000 2.565898e-09
6140.000000 2.555780e-09
6145.000000 2.539009e-09
6150.000000 2.524766e-09
6155.000000 2.519826e-09
6160.000000 2.514627e-09
6165.000000 2.511852e-09
6170.000000 2.507983e-09
6175.000000 2.499753e-09
6180.000000 2.499538e-09
6185.000000 2.495955e-09
6190.000000 2.488817e-09
6195.000000 2.478021e-09
6200.000000 2.477081e-09
6205.000000 2.467042e-09
6210.000000 2.459817e-09
6215.000000 2.453086e-09
6220.000000 2.448958e-09
6225.000000 2.450071e-09
6230.000000 2.434584e-09
6235.000000 2.428700e-09
6240.000000 2.428884e-09
6245.000000 2.411713e-09
6250.000000 2.400339e-09
6255.000000 2.390956e-09
6260.000000 2.377756e-09
6265.000000 2.377169e-09
6270.000000 2.365799e-09
6275.000000 2.327784e-09
6280.000000 2.325167e-09
6285.000000 2.345063e-09
6290.000000 2.333733e-09
6295.000000 2.323387e-09
6300.000000 2.322322e-09
6305.000000 2.321467e-09
6310.000000 2.324051e-09
6315.000000 2.324482e-09
6320.000000 2.320799e-09
6325.000000 2.318969e-09
6330.000000 2.310250e-09
6335.000000 2.296797e-09
6340.000000 2.285703e-09
6345.000000 2.276199e-09
6350.000000 2.275492e-09
6355.000000 2.272748e-09
6360.000000 2.270843e-09
6365.000000 2.260962e-09
6370.000000 2.251632e-09
6375.000000 2.247566e-09
6380.000000 2.252019e-09
6385.000000 2.252072e-09
6390.000000 2.242496e-09
6395.000000 2.237285e-09
6400.000000 2.233505e-09
6405.000000 2.225987e-09
6410.000000 2.218668e-09
6415.000000 2.207309e-09
6420.000000 2.197536e-09
6425.000000 2.195460e-09
6430.000000 2.199991e-09
6435.000000 2.196012e-09
6440.000000 2.191539e-09
6445.000000 2.184965e-09
6450.000000 2.172539e-09
6455.000000 2.161707e-09
6460.000000 2.159120e-09
6465.000000 2.155911e-09
6470.000000 2.152412e-09
6475.000000 2.145170e-09
6480.000000 2.138443e-09
6485.000000 2.134031e-09
6490.000000 2.126223e-09
6495.000000 2.116419e-09
6500.000000 2.105570e-09
6505.000000 2.101982e-09
6510.000000 2.090385e-09
6515.000000 2.080600e-09
6520.000000 2.072956e-09
6525.000000 2.066263e-09
6530.000000 2.051519e-09
6535.000000 2.032097e-09
6540.000000 1.996416e-09
6545.000000 1.952650e-09
6550.000000 1.879120e-09
6555.000000 1.776277e-09
6560.000000 1.673682e-09
6565.000000 1.681125e-09
6570.000000 1.781632e-09
6575.000000 1.868352e-09
6580.000000 1.920851e-09
6585.000000 1.954488e-09
6590.000000 1.977081e-09
6595.000000 1.992822e-09
6600.000000 2.000316e-09
6605.000000 1.999918e-09
6610.000000 1.997848e-09
6615.000000 1.995526e-09
6620.000000 1.993482e-09
6625.000000 1.988024e-09
6630.000000 1.989111e-09
6635.000000 1.985556e-09
6640.000000 1.980639e-09
6645.000000 1.970009e-09
6650.000000 1.962766e-09
6655.000000 1.963003e-09
6660.000000 1.958096e-09
6665.000000 1.952963e-09
6670.000000 1.947001e-09
6675.000000 1.943188e-09
6680.000000 1.938937e-09
6685.000000 1.937543e-09
6690.000000 1.933322e-09
6695.000000 1.926469e-09
6700.000000 1.927143e-09
6705.000000 1.924628e-09
6710.000000 1.923921e-09
6715.000000 1.922885e-09
6720.000000 1.917099e-09
6725.000000 1.924301e-09
6730.000000 1.912387e-09
6735.000000 1.903256e-09
6740.000000 1.896916e-09
6745.000000 1.890689e-09
6750.000000 1.883616e-09
6755.000000 1.880898e-09
6760.000000 1.880002e-09
6765.000000 1.874102e-09
6770.000000 1.869748e-09
6775.000000 1.870053e-09
6780.000000 1.863107e-09
6785.000000 1.861180e-09
6790.000000 1.864789e-09
6795.000000 1.860861e-09
6800.000000 1.858820e-09
6805.000000 1.858939e-09
6810.000000 1.850828e-09
6815.000000 1.839599e-09
6820.000000 1.836471e-09
6825.000000 1.844959e-09
6830.000000 1.848516e-09
6835.000000 1.846768e-09
6840.000000 1.845938e-09
6845.000000 1.837699e-09
6850.000000 1.822965e-09
6855.000000 1.805076e-09
6860.000000 1.787282e-09
6865.000000 1.772136e-09
6870.000000 1.760382e-09
6875.000000 1.752047e-09
6880.000000 1.747078e-09
6885.000000 1.745197e-09
6890.000000 1.745554e-09
6895.000000 1.747074e-09
6900.000000 1.748692e-09
6905.000000 1.749627e-09
6910.000000 1.749791e-09
6915.000000 1.749391e-09
6920.000000 1.748642e-09
6925.000000 1.747632e-09
6930.000000 1.746093e-09
6935.000000 1.743643e-09
6940.000000 1.739894e-09
6945.000000 1.734746e-09
6950.000000 1.728792e-09
6955.000000 1.722904e-09
6960.000000 1.717923e-09
6965.000000 1.714407e-09
6970.000000 1.711874e-09
6975.000000 1.707741e-09
6980.000000 1.704547e-09
6985.000000 1.695920e-09
6990.000000 1.688863e-09
6995.000000 1.686601e-09
7000.000000 1.682468e-09
7005.000000 1.680131e-09
7010.000000 1.683273e-09
7015.000000 1.681852e-09
7020.000000 1.676519e-09
7025.000000 1.671610e-09
7030.000000 1.672865e-09
7035.000000 1.670324e-09
7040.000000 1.664368e-09
7045.000000 1.663888e-09
7050.000000 1.661796e-09
7055.000000 1.658584e-09
7060.000000 1.654892e-09
7065.000000 1.653857e-09
7070.000000 1.651764e-09
7075.000000 1.649146e-09
7080.000000 1.647240e-09
7085.000000 1.642738e-09
7090.000000 1.638669e-09
7095.000000 1.638964e-09
7100.000000 1.633243e-09
7105.000000 1.630418e-09
7110.000000 1.627290e-09
7115.000000 1.623129e-09
7120.000000 1.616612e-09
7125.000000 1.608725e-09
7130.000000 1.606980e-09
7135.000000 1.602273e-09
7140.000000 1.598953e-09
7145.000000 1.598961e-09
7150.000000 1.598443e-09
7155.000000 1.595847e-09
7160.000000 1.596681e-09
7165.000000 1.592404e-09
7170.000000 1.577797e-09
7175.000000 1.564734e-09
7180.000000 1.555691e-09
7185.000000 1.534090e-09
7190.000000 1.523697e-09
7195.000000 1.519380e-09
7200.000000 1.509552e-09
7205.000000 1.509610e-09
7210.000000 1.521321e-09
7215.000000 1.527310e-09
7220.000000 1.526511e-09
7225.000000 1.519702e-09
7230.000000 1.508408e-09
7235.000000 1.492158e-09
7240.000000 1.488886e-09
7245.000000 1.487198e-09
7250.000000 1.488340e-09
7255.000000 1.483764e-09
7260.000000 1.481017e-09
7265.000000 1.478002e-09
7270.000000 1.480128e-09
7275.000000 1.474042e-09
7280.000000 1.476687e-09
7285.000000 1.480808e-09
7290.000000 1.469268e-09
7295.000000 1.469703e-09
7300.000000 1.467805e-09
7305.000000 1.460456e-09
7310.000000 1.461603e-09
7315.000000 1.463701e-09
7320.000000 1.465032e-09
7325.000000 1.464207e-09
7330.000000 1.457265e-09
7335.000000 1.456818e-09
7340.000000 1.454468e-09
7345.000000 1.452240e-09
7350.000000 1.451011e-09
7355.000000 1.452221e-09
7360.000000 1.448785e-09
7365.000000 1.446033e-09
7370.000000 1.444267e-09
7375.000000 1.442778e-09
7380.000000 1.439333e-09
7385.000000 1.438592e-09
7390.000000 1.437145e-09
7395.000000 1.435436e-09
7400.000000 1.435851e-09
7405.000000 1.433669e-09
7410.000000 1.426687e-09
7415.000000 1.422465e-09
7420.000000 1.420790e-09
7425.000000 1.411558e-09
7430.000000 1.410199e-09
7435.000000 1.411346e-09
7440.000000 1.408865e-09
7445.000000 1.404414e-09
7450.000000 1.400873e-09
7455.000000 1.399912e-09
7460.000000 1.393038e-09
7465.000000 1.384176e-09
7470.000000 1.378218e-09
7475.000000 1.372603e-09
7480.000000 1.366703e-09
7485.000000 1.363276e-09
7490.000000 1.360622e-09
7495.000000 1.355085e-09
7500.000000 1.350765e-09
7505.000000 1.350288e-09
7510.000000 1.348577e-09
7515.000000 1.344641e-09
7520.000000 1.341596e-09
7525.000000 1.338093e-09
7530.000000 1.334977e-09
7535.000000 1.330254e-09
7540.000000 1.325246e-09
7545.000000 1.317742e-09
7550.000000 1.309897e-09
7555.000000 1.305009e-09
7560.000000 1.304498e-09
7565.000000 1.308884e-09
7570.000000 1.314873e-09
7575.000000 1.317665e-09
7580.000000 1.312527e-09
7585.000000 1.296870e-09
7590.000000 1.273657e-09
7595.000000 1.247986e-09
7600.000000 1.225045e-09
7605.000000 1.208723e-09
7610.000000 1.199548e-09
7615.000000 1.196746e-09
7620.000000 1.199415e-09
7625.000000 1.206512e-09
7630.000000 1.216642e-09
7635.000000 1.228278e-09
7640.000000 1.239893e-09
7645.000000 1.250036e-09
7650.000000 1.257458e-09
7655.000000 1.260989e-09
7660.000000 1.259563e-09
7665.000000 1.253054e-09
7670.000000 1.243802e-09
7675.000000 1.235084e-09
7680.000000 1.230152e-09
7685.000000 1.230952e-09
7690.000000 1.236098e-09
7695.000000 1.242903e-09
7700.000000 1.248639e-09
7705.000000 1.251324e-09
7710.000000 1.250957e-09
7715.000000 1.248302e-09
7720.000000 1.244146e-09
7725.000000 1.239336e-09
7730.000000 1.235371e-09
7735.000000 1.230469e-09
7740.000000 1.225176e-09
7745.000000 1.222578e-09
7750.000000 1.219235e-09
7755.000000 1.212446e-09
7760.000000 1.208234e-09
7765.000000 1.203296e-09
7770.000000 1.187738e-09
7775.000000 1.179430e-09
7780.000000 1.190814e-09
7785.000000 1.202329e-09
7790.000000 1.204497e-09
7795.000000 1.206971e-09
7800.000000 1.204833e-09
7805.000000 1.203361e-09
7810.000000 1.199378e-09
7815.000000 1.195518e-09
7820.000000 1.191468e-09
7825.000000 1.185683e-09
7830.000000 1.182996e-09
7835.000000 1.179872e-09
7840.000000 1.177315e-09
7845.000000 1.174928e-09
7850.000000 1.170760e-09
7855.000000 1.166898e-09
7860.000000 1.163783e-09
7865.000000 1.165913e-09
7870.000000 1.164373e-09
7875.000000 1.156371e-09
7880.000000 1.150032e-09
7885.000000 1.151640e-09
7890.000000 1.150363e-09
7895.000000 1.140147e-09
7900.000000 1.136310e-09
7905.000000 1.137954e-09
7910.000000 1.137355e-09
7915.000000 1.134059e-09
7920.000000 1.129914e-09
7925.000000 1.128095e-09
7930.000000 1.126790e-09
7935.000000 1.126255e-09
7940.000000 1.124871e-09
7945.000000 1.123591e-09
7950.000000 1.124747e-09
7955.000000 1.129329e-09
7960.000000 1.127682e-09
7965.000000 1.122486e-09
7970.000000 1.116718e-09
7975.000000 1.109877e-09
7980.000000 1.104836e-09
7985.000000 1.099753e-09
7990.000000 1.100531e-09
7995.000000 1.100916e-09
8000.000000 1.098140e-09
8005.000000 1.093885e-09
8010.000000 1.092140e-09
8015.000000 1.088437e-09
8020.000000 1.084908e-09
8025.000000 1.083670e-09
8030.000000 1.082235e-09
8035.000000 1.080895e-09
8040.000000 1.082131e-09
8045.000000 1.080056e-09
8050.000000 1.081026e-09
8055.000000 1.079470e-09
8060.000000 1.078738e-09
8065.000000 1.076706e-09
8070.000000 1.070847e-09
8075.000000 1.068335e-09
8080.000000 1.066367e-09
8085.000000 1.063896e-09
8090.000000 1.066456e-09
8095.000000 1.069034e-09
8100.000000 1.065419e-09
8105.000000 1.064389e-09
8110.000000 1.066325e-09
8115.000000 1.062030e-09
8120.000000 1.060607e-09
8125.000000 1.060132e-09
8130.000000 1.055492e-09
8135.000000 1.049519e-09
8140.000000 1.046776e-09
8145.000000 1.041530e-09
8150.000000 1.035012e-09
8155.000000 1.029445e-09
8160.000000 1.019407e-09
8165.000000 1.011469e-09
8170.000000 1.019376e-09
8175.000000 1.024520e-09
8180.000000 1.016728e-09
8185.000000 1.022740e-09
8190.000000 1.021780e-09
8195.000000 1.023884e-09
8200.000000 1.028992e-09
8205.000000 1.038653e-09
8210.000000 1.040836e-09
8215.000000 1.034873e-09
8220.000000 1.023536e-09
8225.000000 1.000817e-09
8230.000000 9.786181e-10
8235.000000 9.902843e-10
8240.000000 1.003036e-09
8245.000000 1.009233e-09
8250.000000 1.015001e-09
8255.000000 1.017185e-09
8260.000000 1.016966e-09
8265.000000 1.018159e-09
8270.000000 1.012515e-09
8275.000000 1.001200e-09
8280.000000 9.937718e-10
8285.000000 9.932420e-10
8290.000000 9.949018e-10
8295.000000 9.984360e-10
8300.000000 9.991065e-10
8305.000000 9.967079e-10
8310.000000 9.886784e-10
8315.000000 9.790220e-10
8320.000000 9.680129e-10
8325.000000 9.660496e-10
8330.000000 9.676754e-10
8335.000000 9.685088e-10
8340.000000 9.664642e-10
8345.000000 9.693412e-10
8350.000000 9.711327e-10
8355.000000 9.734867e-10
8360.000000 9.719281e-10
8365.000000 9.697834e-10
8370.000000 9.701363e-10
8375.000000 9.672563e-10
8380.000000 9.639032e-10
8385.000000 9.623431e-10
8390.000000 9.644296e-10
8395.000000 9.640309e-10
8400.000000 9.654392e-10
8405.000000 9.673090e-10
8410.000000 9.645295e-10
8415.000000 9.646434e-10
8420.000000 9.672437e-10
8425.000000 9.658710e-10
8430.000000 9.614317e-10
8435.000000 9.544382e-10
8440.000000 9.468968e-10
8445.000000 9.381977e-10
8450.000000 9.310361e-10
8455.000000 9.313728e-10
8460.000000 9.257541e-10
8465.000000 9.191492e-10
8470.000000 9.247319e-10
8475.000000 9.368933e-10
8480.000000 9.522303e-10
8485.000000 9.580090e-10
8490.000000 9.488508e-10
8495.000000 9.315844e-10
8500.000000 9.134137e-10
8505.000000 9.076185e-10
8510.000000 9.152585e-10
8515.000000 9.241823e-10
8520.000000 9.312457e-10
8525.000000 9.342719e-10
8530.000000 9.307747e-10
8535.000000 9.221393e-10
8540.000000 9.051865e-10
8545.000000 8.891932e-10
8550.000000 8.884434e-10
8555.000000 8.998474e-10
8560.000000 9.139236e-10
8565.000000 9.276749e-10
8570.000000 9.350699e-10
8575.000000 9.364561e-10
8580.000000 9.309788e-10
8585.000000 9.113821e-10
8590.000000 8.806737e-10
8595.000000 8.561852e-10
8600.000000 8.497757e-10
8605.000000 8.683027e-10
8610.000000 9.010289e-10
8615.000000 9.377703e-10
8620.000000 9.607592e-10
8625.000000 9.730218e-10
8630.000000 9.762051e-10
8635.000000 9.742007e-10
8640.000000 9.587464e-10
8645.000000 9.383618e-10
8650.000000 9.116747e-10
8655.000000 8.700888e-10
8660.000000 8.354888e-10
8665.000000 8.105363e-10
8670.000000 8.200959e-10
8675.000000 8.458482e-10
8680.000000 8.710311e-10
8685.000000 9.043972e-10
8690.000000 9.303263e-10
8695.000000 9.501604e-10
8700.000000 9.697479e-10
8705.000000 9.828063e-10
8710.000000 9.897850e-10
8715.000000 9.875272e-10
8720.000000 9.762141e-10
8725.000000 9.481741e-10
8730.000000 9.121036e-10
8735.000000 8.731423e-10
8740.000000 8.290148e-10
8745.000000 7.915330e-10
8750.000000 7.607646e-10
8755.000000 7.675344e-10
8760.000000 8.030215e-10
8765.000000 8.420931e-10
8770.000000 8.773584e-10
8775.000000 9.037700e-10
8780.000000 9.205227e-10
8785.000000 9.236881e-10
8790.000000 9.307083e-10
8795.000000 9.240429e-10
8800.000000 9.228168e-10
8805.000000 9.165321e-10
8810.000000 9.244554e-10
8815.000000 9.255618e-10
8820.000000 9.146399e-10
8825.000000 9.050744e-10
8830.000000 8.919921e-10
8835.000000 8.746637e-10
8840.000000 8.488571e-10
8845.000000 8.239489e-10
8850.000000 7.926355e-10
8855.000000 7.594280e-10
8860.000000 7.290555e-10
8865.000000 7.218411e-10
8870.000000 7.438988e-10
8875.000000 7.755537e-10
8880.000000 8.077598e-10
8885.000000 8.375148e-10
8890.000000 8.518020e-10
8895.000000 8.723357e-10
8900.000000 8.815440e-10
8905.000000 8.909836e-10
8910.000000 8.934768e-10
8915.000000 8.939667e-10
8920.000000 8.932224e-10
8925.000000 8.915658e-10
8930.000000 8.840111e-10
8935.000000 8.857359e-10
8940.000000 8.881204e-10
8945.000000 8.880930e-10
8950.000000 8.869244e-10
8955.000000 8.830024e-10
8960.000000 8.785639e-10
8965.000000 8.685571e-10
8970.000000 8.578347e-10
8975.000000 8.442403e-10
8980.000000 8.335101e-10
8985.000000 8.101365e-10
8990.000000 7.797710e-10
8995.000000 7.674890e-10
9000.000000 7.436011e-10
9005.000000 7.124265e-10
9010.000000 6.881726e-10
9015.000000 6.692686e-10
9020.000000 6.848580e-10
9025.000000 7.214080e-10
9030.000000 7.636528e-10
9035.000000 8.052327e-10
9040.000000 8.341396e-10
9045.000000 8.456169e-10
9050.000000 8.596078e-10
9055.000000 8.649468e-10
9060.000000 8.586961e-10
9065.000000 8.484636e-10
9070.000000 8.331684e-10
9075.000000 8.235793e-10
9080.000000 8.135721e-10
9085.000000 8.116564e-10
9090.000000 8.156206e-10
9095.000000 8.199252e-10
9100.000000 8.282449e-10
9105.000000 8.280120e-10
9110.000000 8.309548e-10
9115.000000 8.315066e-10
9120.000000 8.228819e-10
9125.000000 8.190675e-10
9130.000000 8.027061e-10
9135.000000 8.008293e-10
9140.000000 8.114927e-10
9145.000000 8.117294e-10
9150.000000 7.979389e-10
9155.000000 7.925851e-10
9160.000000 8.004931e-10
9165.000000 8.053152e-10
9170.000000 7.970136e-10
9175.000000 7.955045e-10
9180.000000 7.994616e-10
9185.000000 8.015004e-10
9190.000000 7.969936e-10
9195.000000 7.857632e-10
9200.000000 7.804659e-10
9205.000000 7.699521e-10
9210.000000 7.375780e-10
9215.000000 7.056218e-10
9220.000000 6.739933e-10
9225.000000 6.473170e-10
9230.000000 6.318958e-10
9235.000000 6.422073e-10
9240.000000 6.624539e-10
9245.000000 6.920340e-10
9250.000000 7.157699e-10
9255.000000 7.324054e-10
9260.000000 7.497135e-10
9265.000000 7.631014e-10
9270.000000 7.759157e-10
9275.000000 7.843384e-10
9280.000000 7.838385e-10
9285.000000 7.925437e-10
9290.000000 7.770310e-10
9295.000000 7.698722e-10
9300.000000 7.564731e-10
9305.000000 7.436522e-10
9310.000000 7.231834e-10
9315.000000 7.049092e-10
9320.000000 7.073923e-10
9325.000000 7.092102e-10
9330.000000 7.234156e-10
9335.000000 7.135815e-10
9340.000000 6.983668e-10
9345.000000 6.785439e-10
9350.000000 7.082464e-10
9355.000000 6.845134e-10
9360.000000 6.822473e-10
9365.000000 6.985358e-10
9370.000000 7.062370e-10
9375.000000 7.133239e-10
9380.000000 7.096672e-10
9385.000000 7.657021e-10
9390.000000 7.999135e-10
9395.000000 8.165417e-10
9400.000000 8.203286e-10
9405.000000 8.134086e-10
9410.000000 8.080789e-10
9415.000000 7.871184e-10
9420.000000 7.626579e-10
9425.000000 7.338027e-10
9430.000000 6.888441e-10
9435.000000 7.042141e-10
9440.000000 6.698151e-10
9445.000000 6.756288e-10
9450.000000 6.988154e-10
9455.000000 6.977148e-10
9460.000000 7.079690e-10
9465.000000 7.103173e-10
9470.000000 7.331529e-10
9475.000000 7.304787e-10
9480.000000 6.884068e-10
9485.000000 6.971558e-10
9490.000000 7.190334e-10
9495.000000 6.906655e-10
9500.000000 6.699418e-10
9505.000000 7.003542e-10
9510.000000 7.294658e-10
9515.000000 6.913519e-10
9520.000000 6.465419e-10
9525.000000 6.374041e-10
9530.000000 6.294391e-10
9535.000000 6.077986e-10
9540.000000 5.590997e-10
9545.000000 5.472514e-10
9550.000000 5.423707e-10
9555.000000 5.612603e-10
9560.000000 5.941497e-10
9565.000000 6.191556e-10
9570.000000 6.373154e-10
9575.000000 6.808228e-10
9580.000000 6.786750e-10
9585.000000 6.689304e-10
9590.000000 6.426084e-10
9595.000000 6.445904e-10
9600.000000 6.651680e-10
9605.000000 6.708919e-10
9610.000000 6.734420e-10
9615.000000 6.701987e-10
9620.000000 6.627202e-10
9625.000000 6.593239e-10
9630.000000 6.735718e-10
9635.000000 6.496058e-10
9640.000000 6.438101e-10
9645.000000 6.573342e-10
9650.000000 6.733117e-10
9655.000000 6.697553e-10
9660.000000 6.718650e-10
9665.000000 6.727290e-10
9670.000000 6.925563e-10
9675.000000 6.844830e-10
9680.000000 6.739658e-10
9685.000000 6.765294e-10
9690.000000 6.791218e-10
9695.000000 6.851041e-10
9700.000000 6.733598e-10
9705.000000 6.622958e-10
9710.000000 6.580939e-10
9715.000000 6.538785e-10
9720.000000 6.743551e-10
9725.000000 6.412293e-10
9730.000000 6.568013e-10
9735.000000 6.675863e-10
9740.000000 6.750235e-10
9745.000000 6.549072e-10
9750.000000 6.391722e-10
9755.000000 6.329566e-10
9760.000000 6.311714e-10
9765.000000 6.343270e-10
9770.000000 6.369839e-10
9775.000000 6.457375e-10
9780.000000 6.495146e-10
9785.000000 6.584689e-10
9790.000000 6.367920e-10
9795.000000 6.268772e-10
9800.000000 6.393735e-10
9805.000000 6.476402e-10
9810.000000 6.578582e-10
9815.000000 6.670844e-10
9820.000000 6.699203e-10
9825.000000 6.632490e-10
9830.000000 6.498533e-10
9835.000000 6.347882e-10
9840.000000 6.231742e-10
9845.000000 6.185026e-10
9850.000000 6.200367e-10
9855.000000 6.254011e-10
9860.000000 6.321224e-10
9865.000000 6.382529e-10
9870.000000 6.432254e-10
9875.000000 6.470024e-10
9880.000000 6.495994e-10
9885.000000 6.510275e-10
9890.000000 6.512749e-10
9895.000000 6.503310e-10
9900.000000 6.481890e-10
9905.000000 6.449620e-10
9910.000000 6.410708e-10
9915.000000 6.370612e-10
9920.000000 6.334602e-10
9925.000000 6.306418e-10
9930.000000 6.285558e-10
9935.000000 6.269834e-10
9940.000000 6.256918e-10
9945.000000 6.245043e-10
9950.000000 6.233434e-10
9955.000000 6.221811e-10
9960.000000 6.210037e-10
9965.000000 6.198882e-10
9970.000000 6.191260e-10
9975.000000 6.191083e-10
9980.000000 6.201908e-10
9985.000000 6.224261e-10
9990.000000 6.250432e-10
9995.000000 6.269718e-10
10000.000000 6.271040e-10
10005.000000 6.244116e-10
10010.000000 6.180645e-10
10015.000000 6.073086e-10
10020.000000 5.914922e-10
10025.000000 5.709799e-10
10030.000000 5.487416e-10
10035.000000 5.287598e-10
10040.000000 5.149786e-10
10045.000000 5.100365e-10
10050.000000 5.131293e-10
10055.000000 5.221438e-10
10060.000000 5.348498e-10
10065.000000 5.492297e-10
10070.000000 5.638053e-10
10075.000000 5.773027e-10
10080.000000 5.885084e-10
10085.000000 5.965229e-10
10090.000000 6.012979e-10
10095.000000 6.031038e-10
10100.000000 6.022441e-10
10105.000000 5.990865e-10
10110.000000 5.941597e-10
10115.000000 5.880438e-10
10120.000000 5.813420e-10
10125.000000 5.747952e-10
10130.000000 5.694992e-10
10135.000000 5.666906e-10
10140.000000 5.675235e-10
10145.000000 5.722234e-10
10150.000000 5.786007e-10
10155.000000 5.835340e-10
10160.000000 5.839474e-10
10165.000000 5.781446e-10
10170.000000 5.679908e-10
10175.000000 5.567384e-10
10180.000000 5.476695e-10
10185.000000 5.430915e-10
10190.000000 5.427603e-10
10195.000000 5.454476e-10
10200.000000 5.498310e-10
10205.000000 5.545792e-10
10210.000000 5.583472e-10
10215.000000 5.597772e-10
10220.000000 5.576209e-10
10225.000000 5.516365e-10
10230.000000 5.442287e-10
10235.000000 5.388174e-10
10240.000000 5.387491e-10
10245.000000 5.456123e-10
10250.000000 5.564356e-10
10255.000000 5.665008e-10
10260.000000 5.710906e-10
10265.000000 5.673775e-10
10270.000000 5.574127e-10
10275.000000 5.451324e-10
10280.000000 5.345432e-10
10285.000000 5.284484e-10
10290.000000 5.265487e-10
10295.000000 5.273531e-10
10300.000000 5.292837e-10
10305.000000 5.311219e-10
10310.000000 5.325853e-10
10315.000000 5.337520e-10
10320.000000 5.347357e-10
10325.000000 5.356249e-10
10330.000000 5.364560e-10
10335.000000 5.372494e-10
10340.000000 5.380194e-10
10345.000000 5.387832e-10
10350.000000 5.395748e-10
10355.000000 5.404273e-10
10360.000000 5.413747e-10
10365.000000 5.423909e-10
10370.000000 5.433203e-10
10375.000000 5.439583e-10
10380.000000 5.440831e-10
10385.000000 5.434430e-10
10390.000000 5.416931e-10
10395.000000 5.384529e-10
10400.000000 5.333859e-10
10405.000000 5.266371e-10
10410.000000 5.196137e-10
10415.000000 5.141965e-10
10420.000000 5.122269e-10
10425.000000 5.146228e-10
10430.000000 5.198896e-10
10435.000000 5.256061e-10
10440.000000 5.293523e-10
10445.000000 5.295744e-10
10450.000000 5.269989e-10
10455.000000 5.232150e-10
10460.000000 5.198560e-10
10465.000000 5.179757e-10
10470.000000 5.171606e-10
10475.000000 5.164369e-10
10480.000000 5.148051e-10
10485.000000 5.116912e-10
10490.000000 5.075979e-10
10495.000000 5.034438e-10
10500.000000 5.001503e-10
10505.000000 4.981920e-10
10510.000000 4.968850e-10
10515.000000 4.951033e-10
10520.000000 4.917490e-10
10525.000000 4.864490e-10
10530.000000 4.806987e-10
10535.000000 4.767194e-10
10540.000000 4.766885e-10
10545.000000 4.816358e-10
10550.000000 4.895915e-10
10555.000000 4.974502e-10
10560.000000 5.020920e-10
10565.000000 5.015723e-10
10570.000000 4.969488e-10
10575.000000 4.904474e-10
10580.000000 4.843481e-10
10585.000000 4.803127e-10
10590.000000 4.784167e-10
10595.000000 4.781239e-10
10600.000000 4.788440e-10
10605.000000 4.800934e-10
10610.000000 4.816564e-10
10615.000000 4.834234e-10
10620.000000 3.637052e-10
