1150.000000 0.000000e+00
1155.000000 0.000000e+00
1160.000000 0.000000e+00
1165.000000 0.000000e+00
1170.000000 0.000000e+00
1175.000000 0.000000e+00
1180.000000 0.000000e+00
1185.000000 0.000000e+00
1190.000000 0.000000e+00
1195.000000 0.000000e+00
1200.000000 0.000000e+00
1205.000000 0.000000e+00
1210.000000 0.000000e+00
1215.000000 0.000000e+00
1220.000000 0.000000e+00
1225.000000 0.000000e+00
1230.000000 0.000000e+00
1235.000000 0.000000e+00
1240.000000 0.000000e+00
1245.000000 0.000000e+00
1250.000000 0.000000e+00
1255.000000 0.000000e+00
1260.000000 0.000000e+00
1265.000000 0.000000e+00
1270.000000 0.000000e+00
1275.000000 0.000000e+00
1280.000000 0.000000e+00
1285.000000 0.000000e+00
1290.000000 0.000000e+00
1295.000000 0.000000e+00
1300.000000 0.000000e+00
1305.000000 0.000000e+00
1310.000000 0.000000e+00
1315.000000 0.000000e+00
1320.000000 0.000000e+00
1325.000000 0.000000e+00
1330.000000 0.000000e+00
1335.000000 0.000000e+00
1340.000000 0.000000e+00
1345.000000 0.000000e+00
1350.000000 0.000000e+00
1355.000000 0.000000e+00
1360.000000 0.000000e+00
1365.000000 0.000000e+00
1370.000000 0.000000e+00
1375.000000 0.000000e+00
1380.000000 0.000000e+00
1385.000000 0.000000e+00
1390.000000 0.000000e+00
1395.000000 0.000000e+00
1400.000000 0.000000e+00
1405.000000 0.000000e+00
1410.000000 0.000000e+00
1415.000000 0.000000e+00
1420.000000 0.000000e+00
1425.000000 0.000000e+00
1430.000000 0.000000e+00
1435.000000 0.000000e+00
1440.000000 0.000000e+00
1445.000000 0.000000e+00
1450.000000 0.000000e+00
1455.000000 0.000000e+00
1460.000000 0.000000e+00
1465.000000 0.000000e+00
1470.000000 0.000000e+00
1475.000000 0.000000e+00
1480.000000 0.000000e+00
1485.000000 0.000000e+00
1490.000000 0.000000e+00
1495.000000 0.000000e+00
1500.000000 0.000000e+00
1505.000000 0.000000e+00
1510.000000 0.000000e+00
1515.000000 0.000000e+00
1520.000000 0.000000e+00
1525.000000 0.000000e+00
1530.000000 0.000000e+00
1535.000000 0.000000e+00
1540.000000 0.000000e+00
1545.000000 0.000000e+00
1550.000000 0.000000e+00
1555.000000 0.000000e+00
1560.000000 0.000000e+00
1565.000000 0.000000e+00
1570.000000 0.000000e+00
1575.000000 0.000000e+00
1580.000000 0.000000e+00
1585.000000 0.000000e+00
1590.000000 0.000000e+00
1595.000000 0.000000e+00
1600.000000 0.000000e+00
1605.000000 0.000000e+00
1610.000000 0.000000e+00
1615.000000 0.000000e+00
1620.000000 0.000000e+00
1625.000000 0.000000e+00
1630.000000 0.000000e+00
1635.000000 0.000000e+00
1640.000000 0.000000e+00
1645.000000 0.000000e+00
1650.000000 0.000000e+00
1655.000000 0.000000e+00
1660.000000 0.000000e+00
1665.000000 0.000000e+00
1670.000000 0.000000e+00
1675.000000 0.000000e+00
1680.000000 0.000000e+00
1685.000000 0.000000e+00
1690.000000 0.000000e+00
1695.000000 0.000000e+00
1700.000000 0.000000e+00
1705.000000 0.000000e+00
1710.000000 0.000000e+00
1715.000000 0.000000e+00
1720.000000 0.000000e+00
1725.000000 0.000000e+00
1730.000000 0.000000e+00
1735.000000 0.000000e+00
1740.000000 0.000000e+00
1745.000000 0.000000e+00
1750.000000 0.000000e+00
1755.000000 0.000000e+00
1760.000000 0.000000e+00
1765.000000 0.000000e+00
1770.000000 0.000000e+00
1775.000000 0.000000e+00
1780.000000 0.000000e+00
1785.000000 0.000000e+00
1790.000000 0.000000e+00
1795.000000 0.000000e+00
1800.000000 0.000000e+00
1805.000000 0.000000e+00
1810.000000 0.000000e+00
1815.000000 0.000000e+00
1820.000000 0.000000e+00
1825.000000 0.000000e+00
1830.000000 0.000000e+00
1835.000000 0.000000e+00
1840.000000 0.000000e+00
1845.000000 0.000000e+00
1850.000000 0.000000e+00
1855.000000 0.000000e+00
1860.000000 0.000000e+00
1865.000000 0.000000e+00
1870.000000 0.000000e+00
1875.000000 0.000000e+00
1880.000000 0.000000e+00
1885.000000 0.000000e+00
1890.000000 0.000000e+00
1895.000000 0.000000e+00
1900.000000 0.000000e+00
1905.000000 0.000000e+00
1910.000000 0.000000e+00
1915.000000 0.000000e+00
1920.000000 0.000000e+00
1925.000000 0.000000e+00
1930.000000 0.000000e+00
1935.000000 0.000000e+00
1940.000000 0.000000e+00
1945.000000 0.000000e+00
1950.000000 0.000000e+00
1955.000000 0.000000e+00
1960.000000 0.000000e+00
1965.000000 0.000000e+00
1970.000000 0.000000e+00
1975.000000 0.000000e+00
1980.000000 0.000000e+00
1985.000000 0.000000e+00
1990.000000 0.000000e+00
1995.000000 0.000000e+00
2000.000000 0.000000e+00
2005.000000 0.000000e+00
2010.000000 0.000000e+00
2015.000000 0.000000e+00
2020.000000 0.000000e+00
2025.000000 0.000000e+00
2030.000000 0.000000e+00
2035.000000 0.000000e+00
2040.000000 0.000000e+00
2045.000000 0.000000e+00
2050.000000 0.000000e+00
2055.000000 0.000000e+00
2060.000000 0.000000e+00
2065.000000 0.000000e+00
2070.000000 0.000000e+00
2075.000000 0.000000e+00
2080.000000 0.000000e+00
2085.000000 0.000000e+00
2090.000000 0.000000e+00
2095.000000 0.000000e+00
2100.000000 0.000000e+00
2105.000000 0.000000e+00
2110.000000 0.000000e+00
2115.000000 0.000000e+00
2120.000000 0.000000e+00
2125.000000 0.000000e+00
2130.000000 0.000000e+00
2135.000000 0.000000e+00
2140.000000 0.000000e+00
2145.000000 0.000000e+00
2150.000000 0.000000e+00
2155.000000 0.000000e+00
2160.000000 0.000000e+00
2165.000000 0.000000e+00
2170.000000 0.000000e+00
2175.000000 0.000000e+00
2180.000000 0.000000e+00
2185.000000 0.000000e+00
2190.000000 0.000000e+00
2195.000000 0.000000e+00
2200.000000 0.000000e+00
2205.000000 0.000000e+00
2210.000000 0.000000e+00
2215.000000 0.000000e+00
2220.000000 0.000000e+00
2225.000000 0.000000e+00
2230.000000 0.000000e+00
2235.000000 0.000000e+00
2240.000000 0.000000e+00
2245.000000 0.000000e+00
2250.000000 0.000000e+00
2255.000000 0.000000e+00
2260.000000 0.000000e+00
2265.000000 0.000000e+00
2270.000000 0.000000e+00
2275.000000 0.000000e+00
2280.000000 0.000000e+00
2285.000000 0.000000e+00
2290.000000 0.000000e+00
2295.000000 0.000000e+00
2300.000000 0.000000e+00
2305.000000 0.000000e+00
2310.000000 0.000000e+00
2315.000000 0.000000e+00
2320.000000 0.000000e+00
2325.000000 0.000000e+00
2330.000000 0.000000e+00
2335.000000 0.000000e+00
2340.000000 0.000000e+00
2345.000000 0.000000e+00
2350.000000 0.000000e+00
2355.000000 0.000000e+00
2360.000000 0.000000e+00
2365.000000 0.000000e+00
2370.000000 0.000000e+00
2375.000000 0.000000e+00
2380.000000 0.000000e+00
2385.000000 0.000000e+00
2390.000000 0.000000e+00
2395.000000 0.000000e+00
2400.000000 0.000000e+00
2405.000000 0.000000e+00
2410.000000 0.000000e+00
2415.000000 0.000000e+00
2420.000000 0.000000e+00
2425.000000 0.000000e+00
2430.000000 0.000000e+00
2435.000000 0.000000e+00
2440.000000 0.000000e+00
2445.000000 0.000000e+00
2450.000000 0.000000e+00
2455.000000 0.000000e+00
2460.000000 0.000000e+00
2465.000000 0.000000e+00
2470.000000 0.000000e+00
2475.000000 0.000000e+00
2480.000000 0.000000e+00
2485.000000 0.000000e+00
2490.000000 0.000000e+00
2495.000000 0.000000e+00
2500.000000 0.000000e+00
2505.000000 0.000000e+00
2510.000000 0.000000e+00
2515.000000 0.000000e+00
2520.000000 4.735372e-16
2525.000000 3.309133e-15
2530.000000 3.780794e-15
2535.000000 3.307265e-15
2540.000000 4.716694e-16
2545.000000 0.000000e+00
2550.000000 0.000000e+00
2555.000000 0.000000e+00
2560.000000 0.000000e+00
2565.000000 0.000000e+00
2570.000000 0.000000e+00
2575.000000 0.000000e+00
2580.000000 0.000000e+00
2585.000000 0.000000e+00
2590.000000 0.000000e+00
2595.000000 0.000000e+00
2600.000000 4.735083e-16
2605.000000 4.256114e-15
2610.000000 1.134600e-14
2615.000000 1.843411e-14
2620.000000 2.268659e-14
2625.000000 2.646737e-14
2630.000000 2.977468e-14
2635.000000 2.929937e-14
2640.000000 2.268120e-14
2645.000000 1.417262e-14
2650.000000 1.886829e-15
2655.000000 0.000000e+00
2660.000000 0.000000e+00
2665.000000 0.000000e+00
2670.000000 0.000000e+00
2675.000000 0.000000e+00
2680.000000 0.000000e+00
2685.000000 0.000000e+00
2690.000000 0.000000e+00
2695.000000 0.000000e+00
2700.000000 9.469501e-15
2705.000000 7.707126e-14
2710.000000 1.630879e-13
2715.000000 2.514612e-13
2720.000000 3.270701e-13
2725.000000 3.851885e-13
2730.000000 4.106918e-13
2735.000000 3.946022e-13
2740.000000 3.279392e-13
2745.000000 1.951070e-13
2750.000000 2.547398e-14
2755.000000 0.000000e+00
2760.000000 0.000000e+00
2765.000000 0.000000e+00
2770.000000 0.000000e+00
2775.000000 0.000000e+00
2780.000000 0.000000e+00
2785.000000 0.000000e+00
2790.000000 0.000000e+00
2795.000000 0.000000e+00
2800.000000 1.335109e-13
2805.000000 1.098381e-12
2810.000000 2.409941e-12
2815.000000 3.910990e-12
2820.000000 5.539606e-12
2825.000000 7.230108e-12
2830.000000 8.922463e-12
2835.000000 1.054864e-11
2840.000000 1.204859e-11
2845.000000 1.335665e-11
2850.000000 1.441278e-11
2855.000000 1.517543e-11
2860.000000 1.566115e-11
2865.000000 1.591155e-11
2870.000000 1.596582e-11
2875.000000 1.586509e-11
2880.000000 1.565049e-11
2885.000000 1.536124e-11
2890.000000 1.504036e-11
2895.000000 1.472513e-11
2900.000000 1.445955e-11
2905.000000 1.426773e-11
2910.000000 1.415479e-11
2915.000000 1.410188e-11
2920.000000 1.410286e-11
2925.000000 1.413972e-11
2930.000000 1.420213e-11
2935.000000 1.427632e-11
2940.000000 1.435004e-11
2945.000000 1.440958e-11
2950.000000 1.444503e-11
2955.000000 1.444357e-11
2960.000000 1.441711e-11
2965.000000 1.437030e-11
2970.000000 1.431786e-11
2975.000000 1.426728e-11
2980.000000 1.423374e-11
2985.000000 1.422429e-11
2990.000000 1.425174e-11
2995.000000 1.432549e-11
3000.000000 1.445830e-11
3005.000000 1.465447e-11
3010.000000 1.491016e-11
3015.000000 1.521595e-11
3020.000000 1.556570e-11
3025.000000 1.594757e-11
3030.000000 1.635731e-11
3035.000000 1.678030e-11
3040.000000 1.721037e-11
3045.000000 1.763996e-11
3050.000000 1.805915e-11
3055.000000 1.846323e-11
3060.000000 1.884931e-11
3065.000000 1.922079e-11
3070.000000 1.958326e-11
3075.000000 1.993579e-11
3080.000000 2.028364e-11
3085.000000 2.062817e-11
3090.000000 2.097267e-11
3095.000000 2.132051e-11
3100.000000 2.167310e-11
3105.000000 2.203512e-11
3110.000000 2.240183e-11
3115.000000 2.277188e-11
3120.000000 2.314288e-11
3125.000000 2.351576e-11
3130.000000 2.388297e-11
3135.000000 2.424591e-11
3140.000000 2.460368e-11
3145.000000 2.494867e-11
3150.000000 2.528419e-11
3155.000000 2.560649e-11
3160.000000 2.592125e-11
3165.000000 2.623553e-11
3170.000000 2.655409e-11
3175.000000 2.688349e-11
3180.000000 2.722848e-11
3185.000000 2.759617e-11
3190.000000 2.799414e-11
3195.000000 2.842893e-11
3200.000000 2.890298e-11
3205.000000 2.942472e-11
3210.000000 2.999469e-11
3215.000000 3.060814e-11
3220.000000 3.126887e-11
3225.000000 3.197260e-11
3230.000000 3.272072e-11
3235.000000 3.351095e-11
3240.000000 3.434275e-11
3245.000000 3.521559e-11
3250.000000 3.612727e-11
3255.000000 3.707910e-11
3260.000000 3.806592e-11
3265.000000 3.908624e-11
3270.000000 4.013734e-11
3275.000000 4.121773e-11
3280.000000 4.232215e-11
3285.000000 4.345215e-11
3290.000000 4.460484e-11
3295.000000 4.577597e-11
3300.000000 4.695984e-11
3305.000000 4.815687e-11
3310.000000 4.935783e-11
3315.000000 5.055105e-11
3320.000000 5.172554e-11
3325.000000 5.287006e-11
3330.000000 5.397603e-11
3335.000000 5.502992e-11
3340.000000 5.602272e-11
3345.000000 5.694428e-11
3350.000000 5.778600e-11
3355.000000 5.854066e-11
3360.000000 5.922497e-11
3365.000000 5.986581e-11
3370.000000 6.048213e-11
3375.000000 6.110122e-11
3380.000000 6.174629e-11
3385.000000 6.243781e-11
3390.000000 6.320104e-11
3395.000000 6.406112e-11
3400.000000 6.503627e-11
3405.000000 6.614589e-11
3410.000000 6.737954e-11
3415.000000 6.871648e-11
3420.000000 7.014226e-11
3425.000000 7.163433e-11
3430.000000 7.317737e-11
3435.000000 7.474887e-11
3440.000000 7.633384e-11
3445.000000 7.791202e-11
3450.000000 7.946442e-11
3455.000000 8.098055e-11
3460.000000 8.246021e-11
3465.000000 8.391243e-11
3470.000000 8.534260e-11
3475.000000 8.675842e-11
3480.000000 8.817250e-11
3485.000000 8.958737e-11
3490.000000 9.101088e-11
3495.000000 9.245505e-11
3500.000000 9.392312e-11
3505.000000 9.917242e-11
3510.000000 1.236332e-10
3515.000000 1.312912e-10
3520.000000 1.299025e-10
3525.000000 1.236836e-10
3530.000000 1.285599e-10
3535.000000 1.483187e-10
3540.000000 1.640364e-10
3545.000000 1.663572e-10
3550.000000 1.696541e-10
3555.000000 1.660230e-10
3560.000000 1.610556e-10
3565.000000 1.417505e-10
3570.000000 1.201779e-10
3575.000000 1.184116e-10
3580.000000 1.148303e-10
3585.000000 1.198838e-10
3590.000000 1.318097e-10
3595.000000 1.466456e-10
3600.000000 1.647984e-10
3605.000000 1.703955e-10
3610.000000 1.655595e-10
3615.000000 1.665345e-10
3620.000000 1.748637e-10
3625.000000 1.801592e-10
3630.000000 1.792228e-10
3635.000000 1.862965e-10
3640.000000 1.932693e-10
3645.000000 1.880268e-10
3650.000000 1.914952e-10
3655.000000 2.075787e-10
3660.000000 2.208210e-10
3665.000000 2.215829e-10
3670.000000 2.180104e-10
3675.000000 2.188674e-10
3680.000000 2.128103e-10
3685.000000 2.043652e-10
3690.000000 2.088377e-10
3695.000000 2.271406e-10
3700.000000 2.313434e-10
3705.000000 2.131116e-10
3710.000000 2.076647e-10
3715.000000 2.057861e-10
3720.000000 1.859031e-10
3725.000000 1.777743e-10
3730.000000 1.700012e-10
3735.000000 1.650745e-10
3740.000000 1.649024e-10
3745.000000 1.632957e-10
3750.000000 1.740357e-10
3755.000000 1.935433e-10
3760.000000 2.023887e-10
3765.000000 2.162018e-10
3770.000000 2.363171e-10
3775.000000 2.541421e-10
3780.000000 2.630066e-10
3785.000000 2.420784e-10
3790.000000 2.189190e-10
3795.000000 2.103211e-10
3800.000000 2.197536e-10
3805.000000 2.319223e-10
3810.000000 2.290334e-10
3815.000000 2.034850e-10
3820.000000 1.803973e-10
3825.000000 1.738472e-10
3830.000000 1.835783e-10
3835.000000 1.960211e-10
3840.000000 2.104314e-10
3845.000000 2.248669e-10
3850.000000 2.257730e-10
3855.000000 2.095772e-10
3860.000000 2.027181e-10
3865.000000 2.161669e-10
3870.000000 2.269464e-10
3875.000000 2.245431e-10
3880.000000 2.194651e-10
3885.000000 2.209866e-10
3890.000000 2.306278e-10
3895.000000 2.403027e-10
3900.000000 2.523409e-10
3905.000000 2.615581e-10
3910.000000 2.602403e-10
3915.000000 2.439466e-10
3920.000000 2.125824e-10
3925.000000 1.759135e-10
3930.000000 1.418608e-10
3935.000000 1.394791e-10
3940.000000 1.704400e-10
3945.000000 2.157879e-10
3950.000000 2.539006e-10
3955.000000 2.543452e-10
3960.000000 2.095888e-10
3965.000000 1.679894e-10
3970.000000 1.724517e-10
3975.000000 2.310902e-10
3980.000000 2.986333e-10
3985.000000 3.491052e-10
3990.000000 3.766267e-10
3995.000000 3.982736e-10
4000.000000 4.303383e-10
4005.000000 4.503646e-10
4010.000000 4.685793e-10
4015.000000 4.876229e-10
4020.000000 4.843964e-10
4025.000000 4.741247e-10
4030.000000 4.616847e-10
4035.000000 4.782325e-10
4040.000000 4.967963e-10
4045.000000 4.925815e-10
4050.000000 5.042690e-10
4055.000000 4.929828e-10
4060.000000 4.817779e-10
4065.000000 4.950872e-10
4070.000000 5.016625e-10
4075.000000 4.852327e-10
4080.000000 5.098587e-10
4085.000000 5.936743e-10
4090.000000 6.412832e-10
4095.000000 5.963352e-10
4100.000000 5.407988e-10
4105.000000 5.532780e-10
4110.000000 5.718784e-10
4115.000000 5.695875e-10
4120.000000 5.630859e-10
4125.000000 5.650409e-10
4130.000000 5.541594e-10
4135.000000 5.605009e-10
4140.000000 5.670742e-10
4145.000000 5.680689e-10
4150.000000 5.871512e-10
4155.000000 6.365535e-10
4160.000000 6.752484e-10
4165.000000 6.500527e-10
4170.000000 5.977664e-10
4175.000000 5.864546e-10
4180.000000 6.294917e-10
4185.000000 6.669422e-10
4190.000000 6.656730e-10
4195.000000 6.220906e-10
4200.000000 5.881360e-10
4205.000000 6.247828e-10
4210.000000 6.765620e-10
4215.000000 6.738441e-10
4220.000000 6.191183e-10
4225.000000 5.186221e-10
4230.000000 5.118730e-10
4235.000000 5.980734e-10
4240.000000 7.162282e-10
4245.000000 7.569179e-10
4250.000000 7.099172e-10
4255.000000 6.945416e-10
4260.000000 7.451217e-10
4265.000000 7.893481e-10
4270.000000 7.513981e-10
4275.000000 7.467382e-10
4280.000000 7.575671e-10
4285.000000 7.046413e-10
4290.000000 6.510993e-10
4295.000000 6.610771e-10
4300.000000 6.680146e-10
4305.000000 6.964046e-10
4310.000000 8.061217e-10
4315.000000 9.627162e-10
4320.000000 1.042244e-09
4325.000000 1.043308e-09
4330.000000 1.070641e-09
4335.000000 1.050063e-09
4340.000000 9.978642e-10
4345.000000 1.047745e-09
4350.000000 1.109120e-09
4355.000000 1.186103e-09
4360.000000 1.244673e-09
4365.000000 1.259452e-09
4370.000000 1.187091e-09
4375.000000 1.108613e-09
4380.000000 1.021260e-09
4385.000000 9.650361e-10
4390.000000 1.014411e-09
4395.000000 1.103777e-09
4400.000000 1.115915e-09
4405.000000 1.054122e-09
4410.000000 1.072349e-09
4415.000000 1.106226e-09
4420.000000 1.141337e-09
4425.000000 1.152539e-09
4430.000000 1.143466e-09
4435.000000 1.142885e-09
4440.000000 1.187429e-09
4445.000000 1.246793e-09
4450.000000 1.248930e-09
4455.000000 1.135008e-09
4460.000000 1.057103e-09
4465.000000 1.107289e-09
4470.000000 1.229235e-09
4475.000000 1.364760e-09
4480.000000 1.427355e-09
4485.000000 1.463993e-09
4490.000000 1.450143e-09
4495.000000 1.464297e-09
4500.000000 1.578674e-09
4505.000000 1.638148e-09
4510.000000 1.640758e-09
4515.000000 1.642606e-09
4520.000000 1.598246e-09
4525.000000 1.460405e-09
4530.000000 1.372275e-09
4535.000000 1.414047e-09
4540.000000 1.475084e-09
4545.000000 1.486716e-09
4550.000000 1.494175e-09
4555.000000 1.567484e-09
4560.000000 1.670782e-09
4565.000000 1.760423e-09
4570.000000 1.815941e-09
4575.000000 1.803009e-09
4580.000000 1.761002e-09
4585.000000 1.746718e-09
4590.000000 1.703316e-09
4595.000000 1.672037e-09
4600.000000 1.707755e-09
4605.000000 1.802638e-09
4610.000000 1.949090e-09
4615.000000 2.068896e-09
4620.000000 2.144937e-09
4625.000000 2.127441e-09
4630.000000 2.037922e-09
4635.000000 1.900657e-09
4640.000000 1.795793e-09
4645.000000 1.719701e-09
4650.000000 1.729538e-09
4655.000000 1.826625e-09
4660.000000 1.923395e-09
4665.000000 1.876174e-09
4670.000000 1.858310e-09
4675.000000 1.881559e-09
4680.000000 1.860412e-09
4685.000000 1.870113e-09
4690.000000 1.939269e-09
4695.000000 2.037893e-09
4700.000000 2.078184e-09
4705.000000 2.080894e-09
4710.000000 2.085925e-09
4715.000000 2.128668e-09
4720.000000 2.175543e-09
4725.000000 2.159055e-09
4730.000000 2.129110e-09
4735.000000 2.171209e-09
4740.000000 2.210449e-09
4745.000000 2.284070e-09
4750.000000 2.347035e-09
4755.000000 2.291978e-09
4760.000000 2.165545e-09
4765.000000 2.054217e-09
4770.000000 2.001098e-09
4775.000000 1.993530e-09
4780.000000 1.979733e-09
4785.000000 1.989491e-09
4790.000000 2.057169e-09
4795.000000 2.131559e-09
4800.000000 2.169029e-09
4805.000000 2.132458e-09
4810.000000 2.104078e-09
4815.000000 2.132303e-09
4820.000000 2.157415e-09
4825.000000 2.146336e-09
4830.000000 2.156017e-09
4835.000000 2.206694e-09
4840.000000 2.240210e-09
4845.000000 2.257229e-09
4850.000000 2.224050e-09
4855.000000 2.130217e-09
4860.000000 2.024941e-09
4865.000000 2.028297e-09
4870.000000 2.080870e-09
4875.000000 2.144123e-09
4880.000000 2.195322e-09
4885.000000 2.220787e-09
4890.000000 2.313532e-09
4895.000000 2.498658e-09
4900.000000 2.613309e-09
4905.000000 2.672321e-09
4910.000000 2.674074e-09
4915.000000 2.651101e-09
4920.000000 2.621404e-09
4925.000000 2.747536e-09
4930.000000 2.848240e-09
4935.000000 2.774878e-09
4940.000000 2.821829e-09
4945.000000 3.034793e-09
4950.000000 3.077546e-09
4955.000000 2.785913e-09
4960.000000 2.478399e-09
4965.000000 2.286429e-09
4970.000000 2.217974e-09
4975.000000 2.208048e-09
4980.000000 2.190417e-09
4985.000000 2.256812e-09
4990.000000 2.320304e-09
4995.000000 2.299373e-09
5000.000000 2.247052e-09
5005.000000 2.203681e-09
5010.000000 2.115873e-09
5015.000000 2.047487e-09
5020.000000 2.132910e-09
5025.000000 2.310763e-09
5030.000000 2.446767e-09
5035.000000 2.377212e-09
5040.000000 2.329948e-09
5045.000000 2.525556e-09
5050.000000 2.688518e-09
5055.000000 2.872251e-09
5060.000000 2.945219e-09
5065.000000 2.864041e-09
5070.000000 2.811807e-09
5075.000000 2.730287e-09
5080.000000 2.693700e-09
5085.000000 2.816097e-09
5090.000000 2.937641e-09
5095.000000 2.980638e-09
5100.000000 2.964911e-09
5105.000000 2.873707e-09
5110.000000 2.817272e-09
5115.000000 2.941200e-09
5120.000000 2.987112e-09
5125.000000 2.927100e-09
5130.000000 2.923274e-09
5135.000000 2.956702e-09
5140.000000 2.927711e-09
5145.000000 2.827780e-09
5150.000000 2.813030e-09
5155.000000 3.026006e-09
5160.000000 3.082791e-09
5165.000000 2.644330e-09
5170.000000 2.190830e-09
5175.000000 2.047762e-09
5180.000000 2.041317e-09
5185.000000 2.109950e-09
5190.000000 2.207893e-09
5195.000000 2.330516e-09
5200.000000 2.401610e-09
5205.000000 2.300340e-09
5210.000000 2.306208e-09
5215.000000 2.447931e-09
5220.000000 2.596669e-09
5225.000000 2.697128e-09
5230.000000 2.871907e-09
5235.000000 3.031760e-09
5240.000000 3.119291e-09
5245.000000 2.927822e-09
5250.000000 2.707523e-09
5255.000000 2.803296e-09
5260.000000 2.920306e-09
5265.000000 2.829091e-09
5270.000000 2.777571e-09
5275.000000 2.927411e-09
5280.000000 3.216633e-09
5285.000000 3.497728e-09
5290.000000 3.608557e-09
5295.000000 3.466968e-09
5300.000000 3.390425e-09
5305.000000 3.536813e-09
5310.000000 3.708353e-09
5315.000000 3.749366e-09
5320.000000 3.632036e-09
5325.000000 3.425848e-09
5330.000000 3.323204e-09
5335.000000 3.406635e-09
5340.000000 3.505980e-09
5345.000000 3.608600e-09
5350.000000 3.754122e-09
5355.000000 3.982456e-09
5360.000000 4.060873e-09
5365.000000 3.904349e-09
5370.000000 3.740384e-09
5375.000000 3.813372e-09
5380.000000 3.931035e-09
5385.000000 3.867944e-09
5390.000000 3.693099e-09
5395.000000 3.566581e-09
5400.000000 3.527517e-09
5405.000000 3.450213e-09
5410.000000 3.516203e-09
5415.000000 3.805924e-09
5420.000000 4.035416e-09
5425.000000 4.009087e-09
5430.000000 3.843748e-09
5435.000000 3.862922e-09
5440.000000 4.024800e-09
5445.000000 3.879525e-09
5450.000000 3.475958e-09
5455.000000 3.152304e-09
5460.000000 3.106547e-09
5465.000000 3.218379e-09
5470.000000 3.287607e-09
5475.000000 3.278878e-09
5480.000000 3.323601e-09
5485.000000 3.468563e-09
5490.000000 3.577564e-09
5495.000000 3.575969e-09
5500.000000 3.466811e-09
5505.000000 3.364348e-09
5510.000000 3.367416e-09
5515.000000 3.503080e-09
5520.000000 3.735733e-09
5525.000000 3.819474e-09
5530.000000 3.810901e-09
5535.000000 3.856079e-09
5540.000000 3.985900e-09
5545.000000 4.063351e-09
5550.000000 4.088898e-09
5555.000000 4.011282e-09
5560.000000 3.897492e-09
5565.000000 3.819677e-09
5570.000000 3.836831e-09
5575.000000 3.912961e-09
5580.000000 3.926465e-09
5585.000000 3.771847e-09
5590.000000 3.618844e-09
5595.000000 3.594938e-09
5600.000000 3.581501e-09
5605.000000 3.654957e-09
5610.000000 3.743188e-09
5615.000000 3.652888e-09
5620.000000 3.543035e-09
5625.000000 3.505373e-09
5630.000000 3.540542e-09
5635.000000 3.520002e-09
5640.000000 3.496980e-09
5645.000000 3.607714e-09
5650.000000 3.767492e-09
5655.000000 3.785596e-09
5660.000000 3.672985e-09
5665.000000 3.634774e-09
5670.000000 3.698471e-09
5675.000000 3.865184e-09
5680.000000 3.963174e-09
5685.000000 4.002819e-09
5690.000000 4.063522e-09
5695.000000 4.046941e-09
5700.000000 3.903129e-09
5705.000000 3.805392e-09
5710.000000 3.857433e-09
5715.000000 4.066963e-09
5720.000000 4.212991e-09
5725.000000 4.177247e-09
5730.000000 4.127423e-09
5735.000000 4.182291e-09
5740.000000 4.255758e-09
5745.000000 4.336623e-09
5750.000000 4.366608e-09
5755.000000 4.326136e-09
5760.000000 4.253036e-09
5765.000000 4.276388e-09
5770.000000 4.330251e-09
5775.000000 4.258739e-09
5780.000000 4.082942e-09
5785.000000 4.076613e-09
5790.000000 4.314565e-09
5795.000000 4.567775e-09
5800.000000 4.768305e-09
5805.000000 4.763523e-09
5810.000000 4.609249e-09
5815.000000 4.471877e-09
5820.000000 4.468243e-09
5825.000000 4.552562e-09
5830.000000 4.647434e-09
5835.000000 4.656318e-09
5840.000000 4.618463e-09
5845.000000 4.370319e-09
5850.000000 4.025491e-09
5855.000000 3.877928e-09
5860.000000 3.869932e-09
5865.000000 3.869274e-09
5870.000000 3.858995e-09
5875.000000 3.779025e-09
5880.000000 3.605659e-09
5885.000000 3.238173e-09
5890.000000 2.837523e-09
5895.000000 2.892920e-09
5900.000000 3.215427e-09
5905.000000 3.476629e-09
5910.000000 3.545167e-09
5915.000000 3.540321e-09
5920.000000 3.579049e-09
5925.000000 3.686656e-09
5930.000000 3.757908e-09
5935.000000 3.801655e-09
5940.000000 3.844251e-09
5945.000000 3.866501e-09
5950.000000 3.813212e-09
5955.000000 3.818798e-09
5960.000000 3.945582e-09
5965.000000 4.060350e-09
5970.000000 4.115321e-09
5975.000000 4.064689e-09
5980.000000 4.075907e-09
5985.000000 4.245090e-09
5990.000000 4.412039e-09
5995.000000 4.423294e-09
6000.000000 4.337701e-09
6005.000000 4.314595e-09
6010.000000 4.354797e-09
6015.000000 4.416945e-09
6020.000000 4.551422e-09
6025.000000 4.669269e-09
6030.000000 4.834837e-09
6035.000000 4.950026e-09
6040.000000 5.078227e-09
6045.000000 5.186334e-09
6050.000000 5.148478e-09
6055.000000 5.057468e-09
6060.000000 5.060990e-09
6065.000000 5.251422e-09
6070.000000 5.436247e-09
6075.000000 5.323755e-09
6080.000000 5.164319e-09
6085.000000 5.163145e-09
6090.000000 5.226869e-09
6095.000000 5.295954e-09
6100.000000 5.285966e-09
6105.000000 5.352696e-09
6110.000000 5.419798e-09
6115.000000 5.332893e-09
6120.000000 5.209273e-09
6125.000000 5.202821e-09
6130.000000 5.142680e-09
6135.000000 5.069066e-09
6140.000000 5.111147e-09
6145.000000 5.092131e-09
6150.000000 4.778198e-09
6155.000000 4.308670e-09
6160.000000 3.894273e-09
6165.000000 3.842028e-09
6170.000000 3.884537e-09
6175.000000 3.954824e-09
6180.000000 3.920467e-09
6185.000000 3.749696e-09
6190.000000 3.651830e-09
6195.000000 3.760549e-09
6200.000000 3.831238e-09
6205.000000 3.849632e-09
6210.000000 3.676905e-09
6215.000000 3.500243e-09
6220.000000 3.425267e-09
6225.000000 3.416292e-09
6230.000000 3.443687e-09
6235.000000 3.503718e-09
6240.000000 3.510601e-09
6245.000000 3.614760e-09
6250.000000 3.666069e-09
6255.000000 3.647575e-09
6260.000000 3.768323e-09
6265.000000 3.889950e-09
6270.000000 3.950892e-09
6275.000000 3.975148e-09
6280.000000 4.020152e-09
6285.000000 4.227164e-09
6290.000000 4.383856e-09
6295.000000 4.400012e-09
6300.000000 4.500997e-09
6305.000000 4.704436e-09
6310.000000 4.836684e-09
6315.000000 4.900209e-09
6320.000000 4.990359e-09
6325.000000 5.135829e-09
6330.000000 5.230601e-09
6335.000000 5.234275e-09
6340.000000 5.259667e-09
6345.000000 5.221775e-09
6350.000000 5.146786e-09
6355.000000 4.971683e-09
6360.000000 5.000286e-09
6365.000000 5.335278e-09
6370.000000 5.647644e-09
6375.000000 5.678635e-09
6380.000000 5.627319e-09
6385.000000 5.642447e-09
6390.000000 5.671330e-09
6395.000000 5.773541e-09
6400.000000 5.919270e-09
6405.000000 5.987129e-09
6410.000000 5.915401e-09
6415.000000 5.842850e-09
6420.000000 5.825561e-09
6425.000000 5.911333e-09
6430.000000 5.952447e-09
6435.000000 6.127677e-09
6440.000000 6.318423e-09
6445.000000 6.240200e-09
6450.000000 6.127158e-09
6455.000000 6.266634e-09
6460.000000 6.288916e-09
6465.000000 6.250646e-09
6470.000000 6.112976e-09
6475.000000 5.878205e-09
6480.000000 5.625366e-09
6485.000000 5.541225e-09
6490.000000 5.377688e-09
6495.000000 5.172829e-09
6500.000000 5.402049e-09
6505.000000 5.726226e-09
6510.000000 5.917303e-09
6515.000000 6.008414e-09
6520.000000 6.144518e-09
6525.000000 6.198861e-09
6530.000000 6.215060e-09
6535.000000 6.262540e-09
6540.000000 6.170829e-09
6545.000000 5.909203e-09
6550.000000 5.703670e-09
6555.000000 5.548663e-09
6560.000000 5.388956e-09
6565.000000 5.626936e-09
6570.000000 5.821895e-09
6575.000000 5.892826e-09
6580.000000 6.003726e-09
6585.000000 6.067727e-09
6590.000000 6.000376e-09
6595.000000 6.008290e-09
6600.000000 6.058664e-09
6605.000000 5.957729e-09
6610.000000 5.944770e-09
6615.000000 6.038086e-09
6620.000000 6.040650e-09
6625.000000 5.913824e-09
6630.000000 5.836683e-09
6635.000000 5.809237e-09
6640.000000 5.785198e-09
6645.000000 5.673150e-09
6650.000000 5.563225e-09
6655.000000 5.495126e-09
6660.000000 5.433223e-09
6665.000000 5.465050e-09
6670.000000 5.538130e-09
6675.000000 5.437593e-09
6680.000000 5.341628e-09
6685.000000 5.365741e-09
6690.000000 5.392772e-09
6695.000000 5.386206e-09
6700.000000 5.398002e-09
6705.000000 5.394615e-09
6710.000000 5.283185e-09
6715.000000 5.087963e-09
6720.000000 5.056603e-09
6725.000000 5.129786e-09
6730.000000 5.199928e-09
6735.000000 5.203843e-09
6740.000000 5.170545e-09
6745.000000 5.164547e-09
6750.000000 5.218771e-09
6755.000000 5.395731e-09
6760.000000 5.509947e-09
6765.000000 5.498448e-09
6770.000000 5.571303e-09
6775.000000 5.691955e-09
6780.000000 5.599704e-09
6785.000000 5.460643e-09
6790.000000 5.459642e-09
6795.000000 5.593664e-09
6800.000000 5.732571e-09
6805.000000 5.804360e-09
6810.000000 5.810493e-09
6815.000000 5.833894e-09
6820.000000 5.899224e-09
6825.000000 5.943201e-09
6830.000000 5.965402e-09
6835.000000 6.019994e-09
6840.000000 6.028630e-09
6845.000000 6.072556e-09
6850.000000 6.123189e-09
6855.000000 6.175206e-09
6860.000000 6.230495e-09
6865.000000 6.287677e-09
6870.000000 6.345764e-09
6875.000000 6.404129e-09
6880.000000 6.464027e-09
6885.000000 6.525862e-09
6890.000000 6.588511e-09
6895.000000 6.652084e-09
6900.000000 6.716903e-09
6905.000000 6.782396e-09
6910.000000 6.848538e-09
6915.000000 6.916897e-09
6920.000000 6.984954e-09
6925.000000 7.052645e-09
6930.000000 7.121951e-09
6935.000000 7.191838e-09
6940.000000 7.262489e-09
6945.000000 7.332798e-09
6950.000000 7.401636e-09
6955.000000 7.468574e-09
6960.000000 7.540784e-09
6965.000000 7.618216e-09
6970.000000 7.656445e-09
6975.000000 7.573905e-09
6980.000000 7.606621e-09
6985.000000 7.697781e-09
6990.000000 7.680347e-09
6995.000000 7.714683e-09
7000.000000 7.752008e-09
7005.000000 7.809001e-09
7010.000000 7.879883e-09
7015.000000 7.891312e-09
7020.000000 7.971950e-09
7025.000000 8.025792e-09
7030.000000 8.177582e-09
7035.000000 8.299946e-09
7040.000000 8.489135e-09
7045.000000 8.567566e-09
7050.000000 7.999934e-09
7055.000000 6.990492e-09
7060.000000 6.336262e-09
7065.000000 6.220849e-09
7070.000000 6.565021e-09
7075.000000 6.903222e-09
7080.000000 6.863134e-09
7085.000000 6.255556e-09
7090.000000 5.715979e-09
7095.000000 5.597034e-09
7100.000000 5.672566e-09
7105.000000 5.829112e-09
7110.000000 6.004777e-09
7115.000000 6.223456e-09
7120.000000 6.155063e-09
7125.000000 5.584035e-09
7130.000000 5.184905e-09
7135.000000 5.223642e-09
7140.000000 5.393451e-09
7145.000000 5.519721e-09
7150.000000 5.637142e-09
7155.000000 5.752576e-09
7160.000000 5.769499e-09
7165.000000 5.741555e-09
7170.000000 5.754837e-09
7175.000000 5.783993e-09
7180.000000 5.834208e-09
7185.000000 5.814099e-09
7190.000000 5.871955e-09
7195.000000 5.894112e-09
7200.000000 5.935322e-09
7205.000000 6.110028e-09
7210.000000 6.392678e-09
7215.000000 6.666016e-09
7220.000000 6.839957e-09
7225.000000 6.954668e-09
7230.000000 6.980304e-09
7235.000000 6.957249e-09
7240.000000 6.991003e-09
7245.000000 7.173595e-09
7250.000000 7.300827e-09
7255.000000 7.440319e-09
7260.000000 7.536494e-09
7265.000000 7.679122e-09
7270.000000 7.737731e-09
7275.000000 7.760554e-09
7280.000000 7.769892e-09
7285.000000 7.792439e-09
7290.000000 7.825067e-09
7295.000000 8.107357e-09
7300.000000 8.291482e-09
7305.000000 8.386802e-09
7310.000000 8.440856e-09
7315.000000 8.461571e-09
7320.000000 8.504377e-09
7325.000000 8.639499e-09
7330.000000 8.841586e-09
7335.000000 9.073197e-09
7340.000000 9.180011e-09
7345.000000 9.129083e-09
7350.000000 8.996829e-09
7355.000000 8.768015e-09
7360.000000 8.822162e-09
7365.000000 9.133841e-09
7370.000000 9.579524e-09
7375.000000 9.800674e-09
7380.000000 9.696826e-09
7385.000000 9.429703e-09
7390.000000 9.375574e-09
7395.000000 9.547350e-09
7400.000000 9.738040e-09
7405.000000 9.811076e-09
7410.000000 9.625519e-09
7415.000000 9.455193e-09
7420.000000 9.491526e-09
7425.000000 9.814912e-09
7430.000000 9.985306e-09
7435.000000 9.999681e-09
7440.000000 9.964228e-09
7445.000000 1.006296e-08
7450.000000 1.020420e-08
7455.000000 1.009787e-08
7460.000000 9.915595e-09
7465.000000 1.002317e-08
7470.000000 1.007101e-08
7475.000000 1.011052e-08
7480.000000 1.009909e-08
7485.000000 1.009136e-08
7490.000000 9.984840e-09
7495.000000 1.006523e-08
7500.000000 1.024533e-08
7505.000000 1.025525e-08
7510.000000 1.024598e-08
7515.000000 1.038740e-08
7520.000000 1.043577e-08
7525.000000 1.041933e-08
7530.000000 1.047564e-08
7535.000000 1.050346e-08
7540.000000 1.050967e-08
7545.000000 1.047249e-08
7550.000000 1.043613e-08
7555.000000 1.038786e-08
7560.000000 1.034076e-08
7565.000000 1.029650e-08
7570.000000 1.025087e-08
7575.000000 1.020436e-08
7580.000000 1.015892e-08
7585.000000 1.011201e-08
7590.000000 1.006451e-08
7595.000000 1.001795e-08
7600.000000 9.970598e-09
7605.000000 9.922560e-09
7610.000000 9.873309e-09
7615.000000 9.823494e-09
7620.000000 9.773212e-09
7625.000000 9.722722e-09
7630.000000 9.672195e-09
7635.000000 9.621838e-09
7640.000000 9.571862e-09
7645.000000 9.522511e-09
7650.000000 9.473953e-09
7655.000000 9.426380e-09
7660.000000 9.379979e-09
7665.000000 9.334817e-09
7670.000000 9.289834e-09
7675.000000 9.244449e-09
7680.000000 9.203130e-09
7685.000000 9.168550e-09
7690.000000 9.135732e-09
7695.000000 9.100916e-09
7700.000000 9.065358e-09
7705.000000 9.029849e-09
7710.000000 8.997797e-09
7715.000000 8.968422e-09
7720.000000 8.929729e-09
7725.000000 8.887128e-09
7730.000000 8.932061e-09
7735.000000 9.082798e-09
7740.000000 8.970274e-09
7745.000000 8.520562e-09
7750.000000 8.280129e-09
7755.000000 8.480132e-09
7760.000000 8.698188e-09
7765.000000 8.776987e-09
7770.000000 8.817821e-09
7775.000000 8.917460e-09
7780.000000 8.911951e-09
7785.000000 8.842441e-09
7790.000000 8.864882e-09
7795.000000 9.013610e-09
7800.000000 9.201801e-09
7805.000000 9.313991e-09
7810.000000 9.431078e-09
7815.000000 9.556434e-09
7820.000000 9.534777e-09
7825.000000 9.340130e-09
7830.000000 9.035116e-09
7835.000000 8.950913e-09
7840.000000 9.067552e-09
7845.000000 9.124883e-09
7850.000000 9.109796e-09
7855.000000 9.253331e-09
7860.000000 9.377644e-09
7865.000000 9.392412e-09
7870.000000 9.332490e-09
7875.000000 9.293467e-09
7880.000000 9.270313e-09
7885.000000 9.364613e-09
7890.000000 9.340765e-09
7895.000000 9.135443e-09
7900.000000 9.053776e-09
7905.000000 8.958200e-09
7910.000000 8.782587e-09
7915.000000 8.728218e-09
7920.000000 8.867326e-09
7925.000000 9.052464e-09
7930.000000 9.147958e-09
7935.000000 9.014234e-09
7940.000000 8.804115e-09
7945.000000 8.747717e-09
7950.000000 8.925159e-09
7955.000000 9.039411e-09
7960.000000 9.088564e-09
7965.000000 9.318449e-09
7970.000000 9.508981e-09
7975.000000 9.494277e-09
7980.000000 9.455754e-09
7985.000000 9.487179e-09
7990.000000 9.453550e-09
7995.000000 9.296440e-09
8000.000000 9.312131e-09
8005.000000 9.483144e-09
8010.000000 9.733369e-09
8015.000000 9.910231e-09
8020.000000 9.715191e-09
8025.000000 9.273872e-09
8030.000000 9.351211e-09
8035.000000 9.809419e-09
8040.000000 9.896232e-09
8045.000000 9.594995e-09
8050.000000 9.532717e-09
8055.000000 9.725635e-09
8060.000000 9.809037e-09
8065.000000 9.605733e-09
8070.000000 9.377685e-09
8075.000000 9.495452e-09
8080.000000 9.675281e-09
8085.000000 9.731009e-09
8090.000000 9.550194e-09
8095.000000 9.490271e-09
8100.000000 9.520729e-09
8105.000000 9.516819e-09
8110.000000 9.477773e-09
8115.000000 9.408750e-09
8120.000000 9.451878e-09
8125.000000 9.490627e-09
8130.000000 9.504340e-09
8135.000000 9.568025e-09
8140.000000 9.549144e-09
8145.000000 9.466996e-09
8150.000000 9.423994e-09
8155.000000 9.393314e-09
8160.000000 9.314380e-09
8165.000000 9.508523e-09
8170.000000 9.592933e-09
8175.000000 9.463065e-09
8180.000000 9.335984e-09
8185.000000 9.424889e-09
8190.000000 9.529348e-09
8195.000000 9.367846e-09
8200.000000 9.269721e-09
8205.000000 9.431880e-09
8210.000000 9.760094e-09
8215.000000 9.938791e-09
8220.000000 9.863920e-09
8225.000000 9.483576e-09
8230.000000 9.292972e-09
8235.000000 9.623569e-09
8240.000000 1.006301e-08
8245.000000 1.033341e-08
8250.000000 1.024750e-08
8255.000000 1.012731e-08
8260.000000 1.019442e-08
8265.000000 1.032018e-08
8270.000000 1.037635e-08
8275.000000 1.024129e-08
8280.000000 1.005426e-08
8285.000000 9.986696e-09
8290.000000 1.003704e-08
8295.000000 1.008984e-08
8300.000000 1.001338e-08
8305.000000 9.790262e-09
8310.000000 9.799392e-09
8315.000000 9.955854e-09
8320.000000 1.002871e-08
8325.000000 9.972045e-09
8330.000000 9.939011e-09
8335.000000 1.006238e-08
8340.000000 1.016109e-08
8345.000000 1.005040e-08
8350.000000 1.002637e-08
8355.000000 1.013611e-08
8360.000000 1.017638e-08
8365.000000 1.026539e-08
8370.000000 1.029583e-08
8375.000000 1.019827e-08
8380.000000 1.002255e-08
8385.000000 9.866549e-09
8390.000000 9.980996e-09
8395.000000 1.015622e-08
8400.000000 1.037092e-08
8405.000000 1.050369e-08
8410.000000 1.043120e-08
8415.000000 1.030239e-08
8420.000000 1.013714e-08
8425.000000 9.991454e-09
8430.000000 9.818127e-09
8435.000000 9.414078e-09
8440.000000 9.414431e-09
8445.000000 9.563292e-09
8450.000000 9.681587e-09
8455.000000 9.709892e-09
8460.000000 9.675455e-09
8465.000000 9.371314e-09
8470.000000 9.405356e-09
8475.000000 9.766657e-09
8480.000000 1.006651e-08
8485.000000 1.023573e-08
8490.000000 9.802653e-09
8495.000000 8.559050e-09
8500.000000 8.287137e-09
8505.000000 9.119240e-09
8510.000000 9.580779e-09
8515.000000 9.357488e-09
8520.000000 9.226754e-09
8525.000000 9.279010e-09
8530.000000 9.110866e-09
8535.000000 8.234587e-09
8540.000000 7.021403e-09
8545.000000 7.204243e-09
8550.000000 8.282056e-09
8555.000000 9.149733e-09
8560.000000 9.592655e-09
8565.000000 9.706759e-09
8570.000000 9.662538e-09
8575.000000 9.656554e-09
8580.000000 9.681484e-09
8585.000000 9.762265e-09
8590.000000 9.838366e-09
8595.000000 9.827763e-09
8600.000000 9.917596e-09
8605.000000 1.003181e-08
8610.000000 1.009386e-08
8615.000000 1.016996e-08
8620.000000 1.021501e-08
8625.000000 1.036093e-08
8630.000000 1.048607e-08
8635.000000 1.056862e-08
8640.000000 1.057283e-08
8645.000000 1.043491e-08
8650.000000 1.017629e-08
8655.000000 9.545771e-09
8660.000000 8.387829e-09
8665.000000 8.184273e-09
8670.000000 8.645002e-09
8675.000000 9.251731e-09
8680.000000 9.803569e-09
8685.000000 9.825414e-09
8690.000000 9.940149e-09
8695.000000 1.056190e-08
8700.000000 1.059112e-08
8705.000000 1.064789e-08
8710.000000 1.070300e-08
8715.000000 1.079613e-08
8720.000000 1.093035e-08
8725.000000 1.091435e-08
8730.000000 1.077424e-08
8735.000000 1.072085e-08
8740.000000 1.074880e-08
8745.000000 1.080146e-08
8750.000000 1.080695e-08
8755.000000 1.081402e-08
8760.000000 1.072100e-08
8765.000000 1.061648e-08
8770.000000 1.059408e-08
8775.000000 1.075761e-08
8780.000000 1.096002e-08
8785.000000 1.107664e-08
8790.000000 1.099593e-08
8795.000000 1.089806e-08
8800.000000 1.061751e-08
8805.000000 1.023306e-08
8810.000000 1.067342e-08
8815.000000 1.100023e-08
8820.000000 1.079709e-08
8825.000000 1.082314e-08
8830.000000 1.108684e-08
8835.000000 1.092712e-08
8840.000000 1.096346e-08
8845.000000 1.121220e-08
8850.000000 1.139404e-08
8855.000000 1.129036e-08
8860.000000 1.087976e-08
8865.000000 1.059374e-08
8870.000000 1.060439e-08
8875.000000 1.061514e-08
8880.000000 1.072650e-08
8885.000000 1.088280e-08
8890.000000 1.091011e-08
8895.000000 1.095304e-08
8900.000000 1.103680e-08
8905.000000 1.110110e-08
8910.000000 1.107223e-08
8915.000000 1.097093e-08
8920.000000 1.084372e-08
8925.000000 1.086850e-08
8930.000000 1.090378e-08
8935.000000 1.099093e-08
8940.000000 1.080419e-08
8945.000000 1.072632e-08
8950.000000 1.108995e-08
8955.000000 1.126457e-08
8960.000000 1.110261e-08
8965.000000 1.097255e-08
8970.000000 1.084983e-08
8975.000000 1.092010e-08
8980.000000 1.093360e-08
8985.000000 1.057271e-08
8990.000000 1.066015e-08
8995.000000 1.076932e-08
9000.000000 1.070052e-08
9005.000000 1.058923e-08
9010.000000 1.023156e-08
9015.000000 1.019929e-08
9020.000000 1.040308e-08
9025.000000 1.073457e-08
9030.000000 1.134424e-08
9035.000000 1.164322e-08
9040.000000 1.176649e-08
9045.000000 1.183926e-08
9050.000000 1.177227e-08
9055.000000 1.160839e-08
9060.000000 1.134629e-08
9065.000000 1.113980e-08
9070.000000 1.086763e-08
9075.000000 1.077802e-08
9080.000000 1.044300e-08
9085.000000 9.926355e-09
9090.000000 1.012737e-08
9095.000000 1.052550e-08
9100.000000 1.050664e-08
9105.000000 1.040830e-08
9110.000000 1.037676e-08
9115.000000 1.022165e-08
9120.000000 1.046003e-08
9125.000000 1.051987e-08
9130.000000 1.026574e-08
9135.000000 9.912372e-09
9140.000000 9.535357e-09
9145.000000 9.440570e-09
9150.000000 9.247260e-09
9155.000000 9.218873e-09
9160.000000 9.328436e-09
9165.000000 8.842560e-09
9170.000000 8.383311e-09
9175.000000 8.682146e-09
9180.000000 8.960091e-09
9185.000000 9.028742e-09
9190.000000 8.872471e-09
9195.000000 8.891488e-09
9200.000000 8.979412e-09
9205.000000 8.914414e-09
9210.000000 8.866929e-09
9215.000000 8.897027e-09
9220.000000 9.037133e-09
9225.000000 9.025834e-09
9230.000000 9.029018e-09
9235.000000 9.004988e-09
9240.000000 9.008452e-09
9245.000000 8.964056e-09
9250.000000 9.094999e-09
9255.000000 9.200519e-09
9260.000000 9.277250e-09
9265.000000 9.404180e-09
9270.000000 9.459996e-09
9275.000000 9.315413e-09
9280.000000 9.273877e-09
9285.000000 9.271058e-09
9290.000000 9.244072e-09
9295.000000 9.268712e-09
9300.000000 9.344335e-09
9305.000000 9.243757e-09
9310.000000 9.104614e-09
9315.000000 8.880489e-09
9320.000000 8.955260e-09
9325.000000 9.040441e-09
9330.000000 9.058645e-09
9335.000000 8.875006e-09
9340.000000 8.619216e-09
9345.000000 8.824871e-09
9350.000000 8.863211e-09
9355.000000 8.726316e-09
9360.000000 9.010878e-09
9365.000000 9.007361e-09
9370.000000 9.058939e-09
9375.000000 9.161037e-09
9380.000000 9.309540e-09
9385.000000 9.679089e-09
9390.000000 1.002108e-08
9395.000000 1.013870e-08
9400.000000 1.011023e-08
9405.000000 9.902034e-09
9410.000000 9.737259e-09
9415.000000 9.705696e-09
9420.000000 9.693506e-09
9425.000000 9.419391e-09
9430.000000 9.432501e-09
9435.000000 9.253663e-09
9440.000000 9.002672e-09
9445.000000 9.208943e-09
9450.000000 9.388658e-09
9455.000000 9.350104e-09
9460.000000 9.340272e-09
9465.000000 9.565056e-09
9470.000000 9.653699e-09
9475.000000 9.581520e-09
9480.000000 9.484151e-09
9485.000000 9.795569e-09
9490.000000 9.711982e-09
9495.000000 9.418994e-09
9500.000000 9.543903e-09
9505.000000 9.936797e-09
9510.000000 9.919286e-09
9515.000000 9.587392e-09
9520.000000 9.456914e-09
9525.000000 9.644611e-09
9530.000000 9.785288e-09
9535.000000 9.835262e-09
9540.000000 9.613037e-09
9545.000000 9.459971e-09
9550.000000 9.541377e-09
9555.000000 9.538778e-09
9560.000000 9.538780e-09
9565.000000 9.427299e-09
9570.000000 9.545293e-09
9575.000000 9.676683e-09
9580.000000 9.576524e-09
9585.000000 9.534667e-09
9590.000000 9.555193e-09
9595.000000 9.554775e-09
9600.000000 9.597774e-09
9605.000000 9.680909e-09
9610.000000 9.820711e-09
9615.000000 9.685156e-09
9620.000000 9.565279e-09
9625.000000 9.646197e-09
9630.000000 9.590726e-09
9635.000000 9.376126e-09
9640.000000 9.323867e-09
9645.000000 9.303087e-09
9650.000000 9.335971e-09
9655.000000 9.394168e-09
9660.000000 9.304643e-09
9665.000000 9.346361e-09
9670.000000 9.337216e-09
9675.000000 9.397020e-09
9680.000000 9.564089e-09
9685.000000 9.517316e-09
9690.000000 9.518451e-09
9695.000000 9.629158e-09
9700.000000 9.552788e-09
9705.000000 9.426164e-09
9710.000000 9.607232e-09
9715.000000 9.543982e-09
9720.000000 9.559011e-09
9725.000000 9.363089e-09
9730.000000 9.345862e-09
9735.000000 9.452830e-09
9740.000000 9.483676e-09
9745.000000 9.478182e-09
9750.000000 9.579498e-09
9755.000000 9.580967e-09
9760.000000 9.688756e-09
9765.000000 9.597106e-09
9770.000000 9.618445e-09
9775.000000 9.662147e-09
9780.000000 9.487970e-09
9785.000000 9.542210e-09
9790.000000 9.675874e-09
9795.000000 9.809977e-09
9800.000000 9.914007e-09
9805.000000 1.005522e-08
9810.000000 1.001469e-08
9815.000000 9.975300e-09
9820.000000 9.999035e-09
9825.000000 9.853811e-09
9830.000000 9.955675e-09
9835.000000 1.001642e-08
9840.000000 1.010301e-08
9845.000000 1.022655e-08
9850.000000 1.026471e-08
9855.000000 1.023342e-08
9860.000000 1.009640e-08
9865.000000 1.019217e-08
9870.000000 1.021371e-08
9875.000000 1.021491e-08
9880.000000 1.010861e-08
9885.000000 1.022367e-08
9890.000000 1.023658e-08
9895.000000 1.013345e-08
9900.000000 1.011281e-08
9905.000000 1.013068e-08
9910.000000 1.009806e-08
9915.000000 1.017065e-08
9920.000000 1.016296e-08
9925.000000 1.003407e-08
9930.000000 1.016108e-08
9935.000000 1.024949e-08
9940.000000 1.025033e-08
9945.000000 1.020738e-08
9950.000000 1.010836e-08
9955.000000 1.023260e-08
9960.000000 1.015823e-08
9965.000000 1.031050e-08
9970.000000 1.046684e-08
9975.000000 1.036695e-08
9980.000000 1.025563e-08
9985.000000 1.030586e-08
9990.000000 1.040445e-08
9995.000000 1.032663e-08
10000.000000 1.026535e-08
10005.000000 1.042030e-08
10010.000000 1.049688e-08
10015.000000 1.045774e-08
10020.000000 1.041981e-08
10025.000000 1.050269e-08
10030.000000 1.034194e-08
10035.000000 1.034291e-08
10040.000000 1.048815e-08
10045.000000 1.013222e-08
10050.000000 1.013924e-08
10055.000000 1.009462e-08
10060.000000 1.034161e-08
10065.000000 1.013516e-08
10070.000000 1.029382e-08
10075.000000 1.033983e-08
10080.000000 1.027270e-08
10085.000000 1.018449e-08
10090.000000 1.024898e-08
10095.000000 1.038110e-08
10100.000000 1.047694e-08
10105.000000 1.047406e-08
10110.000000 1.051132e-08
10115.000000 1.032523e-08
10120.000000 1.028521e-08
10125.000000 1.054136e-08
10130.000000 1.056550e-08
10135.000000 1.040040e-08
10140.000000 1.030957e-08
10145.000000 1.029659e-08
10150.000000 1.029500e-08
10155.000000 1.029461e-08
10160.000000 1.029539e-08
10165.000000 1.029726e-08
10170.000000 1.030006e-08
10175.000000 1.030373e-08
10180.000000 1.030813e-08
10185.000000 1.031318e-08
10190.000000 1.031873e-08
10195.000000 1.032473e-08
10200.000000 1.033101e-08
10205.000000 1.033750e-08
10210.000000 1.034420e-08
10215.000000 1.035107e-08
10220.000000 1.035809e-08
10225.000000 1.036526e-08
10230.000000 1.037262e-08
10235.000000 1.038009e-08
10240.000000 1.038769e-08
10245.000000 1.039541e-08
10250.000000 1.040320e-08
10255.000000 1.041095e-08
10260.000000 1.041802e-08
10265.000000 1.042380e-08
10270.000000 1.042750e-08
10275.000000 1.042840e-08
10280.000000 1.042582e-08
10285.000000 1.041904e-08
10290.000000 1.040733e-08
10295.000000 1.038994e-08
10300.000000 1.036624e-08
10305.000000 1.033615e-08
10310.000000 1.030105e-08
10315.000000 1.026289e-08
10320.000000 1.022370e-08
10325.000000 1.018548e-08
10330.000000 1.015026e-08
10335.000000 1.012006e-08
10340.000000 1.009690e-08
10345.000000 1.008279e-08
10350.000000 1.007966e-08
10355.000000 1.008857e-08
10360.000000 1.010833e-08
10365.000000 1.013690e-08
10370.000000 1.017208e-08
10375.000000 1.021176e-08
10380.000000 1.025379e-08
10385.000000 1.029599e-08
10390.000000 1.033618e-08
10395.000000 1.037231e-08
10400.000000 1.040223e-08
10405.000000 1.042456e-08
10410.000000 1.043972e-08
10415.000000 1.044877e-08
10420.000000 1.045291e-08
10425.000000 1.045332e-08
10430.000000 1.045110e-08
10435.000000 1.044748e-08
10440.000000 1.044361e-08
10445.000000 1.044063e-08
10450.000000 1.043971e-08
10455.000000 1.044166e-08
10460.000000 1.044644e-08
10465.000000 1.045377e-08
10470.000000 1.046336e-08
10475.000000 1.047476e-08
10480.000000 1.048769e-08
10485.000000 1.050178e-08
10490.000000 1.051674e-08
10495.000000 1.053213e-08
10500.000000 1.054768e-08
10505.000000 1.056312e-08
10510.000000 1.057836e-08
10515.000000 1.059337e-08
10520.000000 1.060818e-08
10525.000000 1.062277e-08
10530.000000 1.063719e-08
10535.000000 1.065139e-08
10540.000000 1.066537e-08
10545.000000 1.067916e-08
10550.000000 1.069275e-08
10555.000000 1.070611e-08
10560.000000 1.071930e-08
10565.000000 1.073227e-08
10570.000000 1.074503e-08
10575.000000 1.075763e-08
10580.000000 1.076998e-08
10585.000000 1.078215e-08
10590.000000 1.079413e-08
10595.000000 1.080588e-08
10600.000000 1.081746e-08
10605.000000 1.082884e-08
10610.000000 1.084000e-08
10615.000000 1.085098e-08
10620.000000 8.144348e-09
