1150.000000 8.797398e-12
1155.000000 8.720237e-12
1160.000000 4.821310e-12
1165.000000 3.104548e-12
1170.000000 3.132619e-12
1175.000000 2.916828e-12
1180.000000 1.709710e-12
1185.000000 1.219556e-12
1190.000000 9.115247e-13
1195.000000 5.020683e-12
1200.000000 2.477291e-11
1205.000000 1.155169e-10
1210.000000 2.695840e-10
1215.000000 3.033855e-10
1220.000000 1.557800e-10
1225.000000 3.518063e-11
1230.000000 4.881143e-12
1235.000000 1.884640e-12
1240.000000 1.765427e-12
1245.000000 1.406375e-12
1250.000000 8.900522e-13
1255.000000 5.416000e-13
1260.000000 5.358793e-13
1265.000000 5.354082e-13
1270.000000 5.918794e-13
1275.000000 8.603707e-13
1280.000000 1.060388e-12
1285.000000 9.093563e-13
1290.000000 6.728977e-13
1295.000000 8.137968e-13
1300.000000 1.567855e-12
1305.000000 1.942379e-12
1310.000000 1.015036e-12
1315.000000 4.929080e-13
1320.000000 3.987620e-13
1325.000000 6.244221e-13
1330.000000 1.425130e-12
1335.000000 2.327161e-12
1340.000000 1.084169e-12
1345.000000 2.829432e-13
1350.000000 1.177355e-13
1355.000000 4.403249e-13
1360.000000 6.317339e-13
1365.000000 5.838868e-13
1370.000000 4.649853e-13
1375.000000 5.063414e-13
1380.000000 4.422465e-13
1385.000000 4.606802e-13
1390.000000 9.101024e-13
1395.000000 1.416571e-12
1400.000000 1.347778e-12
1405.000000 1.346255e-12
1410.000000 8.796457e-13
1415.000000 5.125288e-13
1420.000000 5.132951e-13
1425.000000 7.795054e-13
1430.000000 9.517695e-13
1435.000000 7.192123e-13
1440.000000 8.108074e-13
1445.000000 1.110976e-12
1450.000000 1.225643e-12
1455.000000 1.056439e-12
1460.000000 7.047471e-13
1465.000000 1.024448e-12
1470.000000 1.435949e-12
1475.000000 1.112268e-12
1480.000000 9.602562e-13
1485.000000 1.604384e-12
1490.000000 1.841932e-12
1495.000000 1.731764e-12
1500.000000 1.345253e-12
1505.000000 1.148955e-12
1510.000000 1.351052e-12
1515.000000 1.238752e-12
1520.000000 1.232948e-12
1525.000000 1.374998e-12
1530.000000 2.046561e-12
1535.000000 1.990146e-12
1540.000000 1.918920e-12
1545.000000 3.647305e-12
1550.000000 4.137556e-12
1555.000000 2.105284e-12
1560.000000 1.280830e-12
1565.000000 1.224668e-12
1570.000000 1.064482e-12
1575.000000 1.332594e-12
1580.000000 1.469929e-12
1585.000000 1.229474e-12
1590.000000 8.999381e-13
1595.000000 9.683435e-13
1600.000000 1.222603e-12
1605.000000 1.222832e-12
1610.000000 1.036211e-12
1615.000000 1.032663e-12
1620.000000 1.064145e-12
1625.000000 1.434435e-12
1630.000000 1.887678e-12
1635.000000 2.379454e-12
1640.000000 2.569520e-12
1645.000000 1.729345e-12
1650.000000 1.945238e-12
1655.000000 3.232143e-12
1660.000000 3.308640e-12
1665.000000 2.232261e-12
1670.000000 1.819901e-12
1675.000000 1.614333e-12
1680.000000 1.675754e-12
1685.000000 1.763437e-12
1690.000000 1.959666e-12
1695.000000 2.172672e-12
1700.000000 2.440151e-12
1705.000000 2.615717e-12
1710.000000 2.519873e-12
1715.000000 2.584360e-12
1720.000000 2.460787e-12
1725.000000 2.464572e-12
1730.000000 2.671735e-12
1735.000000 2.886494e-12
1740.000000 3.058621e-12
1745.000000 3.323002e-12
1750.000000 3.695863e-12
1755.000000 4.009530e-12
1760.000000 4.062017e-12
1765.000000 3.975397e-12
1770.000000 4.251161e-12
1775.000000 4.399507e-12
1780.000000 4.341690e-12
1785.000000 4.007109e-12
1790.000000 3.325541e-12
1795.000000 4.210842e-12
1800.000000 5.220000e-12
1805.000000 6.648326e-12
1810.000000 7.976118e-12
1815.000000 9.181289e-12
1820.000000 8.918423e-12
1825.000000 7.071883e-12
1830.000000 6.427929e-12
1835.000000 6.556122e-12
1840.000000 6.408227e-12
1845.000000 5.943781e-12
1850.000000 6.087210e-12
1855.000000 6.524565e-12
1860.000000 6.963854e-12
1865.000000 7.865045e-12
1870.000000 8.696508e-12
1875.000000 8.512352e-12
1880.000000 8.703307e-12
1885.000000 8.985875e-12
1890.000000 9.483987e-12
1895.000000 9.603633e-12
1900.000000 9.542798e-12
1905.000000 9.649651e-12
1910.000000 9.923091e-12
1915.000000 1.024734e-11
1920.000000 1.050693e-11
1925.000000 1.028623e-11
1930.000000 9.527161e-12
1935.000000 1.000413e-11
1940.000000 1.189263e-11
1945.000000 1.352406e-11
1950.000000 1.777251e-11
1955.000000 2.813549e-11
1960.000000 2.374044e-11
1965.000000 2.293698e-11
1970.000000 2.914629e-11
1975.000000 2.394591e-11
1980.000000 2.648349e-11
1985.000000 2.650064e-11
1990.000000 2.227012e-11
1995.000000 3.322147e-11
2000.000000 3.214744e-11
2005.000000 2.595651e-11
2010.000000 2.094909e-11
2015.000000 2.308557e-11
2020.000000 2.857003e-11
2025.000000 2.379872e-11
2030.000000 2.283795e-11
2035.000000 3.172553e-11
2040.000000 3.972868e-11
2045.000000 4.232945e-11
2050.000000 4.407457e-11
2055.000000 3.465474e-11
2060.000000 3.520974e-11
2065.000000 3.915305e-11
2070.000000 4.747870e-11
2075.000000 4.861328e-11
2080.000000 4.782823e-11
2085.000000 4.650418e-11
2090.000000 3.804389e-11
2095.000000 4.528258e-11
2100.000000 6.523789e-11
2105.000000 7.155888e-11
2110.000000 5.838949e-11
2115.000000 6.657466e-11
2120.000000 7.440900e-11
2125.000000 6.110740e-11
2130.000000 5.484067e-11
2135.000000 6.349146e-11
2140.000000 7.119744e-11
2145.000000 6.932194e-11
2150.000000 7.651786e-11
2155.000000 8.111221e-11
2160.000000 7.123101e-11
2165.000000 6.518923e-11
2170.000000 5.212667e-11
2175.000000 5.575401e-11
2180.000000 7.177705e-11
2185.000000 1.000679e-10
2190.000000 1.179162e-10
2195.000000 1.200200e-10
2200.000000 1.068080e-10
2205.000000 8.653477e-11
2210.000000 7.601298e-11
2215.000000 7.578755e-11
2220.000000 9.008676e-11
2225.000000 9.517535e-11
2230.000000 8.628880e-11
2235.000000 9.410019e-11
2240.000000 1.047335e-10
2245.000000 1.175209e-10
2250.000000 1.151235e-10
2255.000000 9.662932e-11
2260.000000 8.280759e-11
2265.000000 7.586749e-11
2270.000000 7.729255e-11
2275.000000 7.412763e-11
2280.000000 9.261054e-11
2285.000000 9.555171e-11
2290.000000 8.786340e-11
2295.000000 9.522679e-11
2300.000000 1.027120e-10
2305.000000 1.145704e-10
2310.000000 1.172659e-10
2315.000000 1.098091e-10
2320.000000 1.066581e-10
2325.000000 1.228552e-10
2330.000000 1.161346e-10
2335.000000 9.877046e-11
2340.000000 9.526790e-11
2345.000000 8.821029e-11
2350.000000 8.935776e-11
2355.000000 9.996234e-11
2360.000000 1.089129e-10
2365.000000 1.200004e-10
2370.000000 1.345765e-10
2375.000000 1.326533e-10
2380.000000 1.079590e-10
2385.000000 9.294965e-11
2390.000000 9.463063e-11
2395.000000 9.436208e-11
2400.000000 7.808978e-11
2405.000000 8.233270e-11
2410.000000 8.243151e-11
2415.000000 9.306016e-11
2420.000000 1.190016e-10
2425.000000 1.332370e-10
2430.000000 1.215351e-10
2435.000000 1.178270e-10
2440.000000 1.220282e-10
2445.000000 1.178799e-10
2450.000000 1.153731e-10
2455.000000 1.259551e-10
2460.000000 1.147711e-10
2465.000000 1.042874e-10
2470.000000 1.064702e-10
2475.000000 1.052827e-10
2480.000000 9.388983e-11
2485.000000 8.262324e-11
2490.000000 9.009803e-11
2495.000000 1.069838e-10
2500.000000 1.219534e-10
2505.000000 1.194560e-10
2510.000000 1.118063e-10
2515.000000 1.068020e-10
2520.000000 1.052894e-10
2525.000000 1.061071e-10
2530.000000 1.163988e-10
2535.000000 1.149909e-10
2540.000000 1.165135e-10
2545.000000 1.255000e-10
2550.000000 1.355800e-10
2555.000000 1.456058e-10
2560.000000 1.650394e-10
2565.000000 1.906648e-10
2570.000000 1.871111e-10
2575.000000 1.768657e-10
2580.000000 2.026647e-10
2585.000000 2.210834e-10
2590.000000 2.173348e-10
2595.000000 2.013209e-10
2600.000000 1.918792e-10
2605.000000 1.905712e-10
2610.000000 1.868796e-10
2615.000000 1.900598e-10
2620.000000 1.939977e-10
2625.000000 2.043326e-10
2630.000000 2.251996e-10
2635.000000 2.823878e-10
2640.000000 3.595869e-10
2645.000000 3.882493e-10
2650.000000 3.850855e-10
2655.000000 4.036582e-10
2660.000000 4.175852e-10
2665.000000 4.039519e-10
2670.000000 4.017271e-10
2675.000000 4.081006e-10
2680.000000 4.062599e-10
2685.000000 3.927061e-10
2690.000000 3.861226e-10
2695.000000 3.968628e-10
2700.000000 4.315510e-10
2705.000000 4.317592e-10
2710.000000 4.078747e-10
2715.000000 3.696914e-10
2720.000000 3.226336e-10
2725.000000 3.232363e-10
2730.000000 3.516596e-10
2735.000000 3.254399e-10
2740.000000 2.615166e-10
2745.000000 2.411500e-10
2750.000000 2.585496e-10
2755.000000 3.068360e-10
2760.000000 3.622076e-10
2765.000000 3.979909e-10
2770.000000 4.093454e-10
2775.000000 3.951478e-10
2780.000000 3.399658e-10
2785.000000 2.837060e-10
2790.000000 2.476926e-10
2795.000000 2.254714e-10
2800.000000 2.181402e-10
2805.000000 2.347340e-10
2810.000000 2.981025e-10
2815.000000 4.039431e-10
2820.000000 4.642831e-10
2825.000000 4.987756e-10
2830.000000 5.309642e-10
2835.000000 5.274542e-10
2840.000000 4.803221e-10
2845.000000 4.094508e-10
2850.000000 3.312926e-10
2855.000000 3.346745e-10
2860.000000 4.497429e-10
2865.000000 5.504227e-10
2870.000000 5.828696e-10
2875.000000 5.708665e-10
2880.000000 5.320804e-10
2885.000000 5.701587e-10
2890.000000 6.799900e-10
2895.000000 8.105011e-10
2900.000000 9.583215e-10
2905.000000 1.058547e-09
2910.000000 1.075781e-09
2915.000000 1.028567e-09
2920.000000 9.425579e-10
2925.000000 9.052628e-10
2930.000000 9.263065e-10
2935.000000 9.182036e-10
2940.000000 8.701945e-10
2945.000000 8.510651e-10
2950.000000 8.740492e-10
2955.000000 9.396967e-10
2960.000000 9.408783e-10
2965.000000 8.616878e-10
2970.000000 8.018831e-10
2975.000000 8.552035e-10
2980.000000 8.393992e-10
2985.000000 7.535899e-10
2990.000000 7.782017e-10
2995.000000 7.665364e-10
3000.000000 7.054425e-10
3005.000000 6.845496e-10
3010.000000 7.182582e-10
3015.000000 7.386931e-10
3020.000000 7.333758e-10
3025.000000 8.263878e-10
3030.000000 9.506819e-10
3035.000000 9.705754e-10
3040.000000 9.397793e-10
3045.000000 9.491974e-10
3050.000000 9.726736e-10
3055.000000 9.382026e-10
3060.000000 8.985920e-10
3065.000000 9.286278e-10
3070.000000 9.757637e-10
3075.000000 1.001686e-09
3080.000000 1.013350e-09
3085.000000 9.921186e-10
3090.000000 9.418977e-10
3095.000000 9.022693e-10
3100.000000 9.699025e-10
3105.000000 1.150415e-09
3110.000000 1.232111e-09
3115.000000 1.140837e-09
3120.000000 1.098693e-09
3125.000000 1.147696e-09
3130.000000 1.217139e-09
3135.000000 1.253154e-09
3140.000000 1.206661e-09
3145.000000 1.107338e-09
3150.000000 1.143683e-09
3155.000000 1.096218e-09
3160.000000 9.596133e-10
3165.000000 1.017090e-09
3170.000000 1.131963e-09
3175.000000 1.184027e-09
3180.000000 1.127230e-09
3185.000000 1.078868e-09
3190.000000 1.098001e-09
3195.000000 1.099516e-09
3200.000000 1.069929e-09
3205.000000 1.069485e-09
3210.000000 1.046612e-09
3215.000000 1.012003e-09
3220.000000 9.751617e-10
3225.000000 9.450887e-10
3230.000000 9.445250e-10
3235.000000 9.876842e-10
3240.000000 1.052768e-09
3245.000000 1.116480e-09
3250.000000 1.186933e-09
3255.000000 1.273497e-09
3260.000000 1.356482e-09
3265.000000 1.407951e-09
3270.000000 1.410307e-09
3275.000000 1.372796e-09
3280.000000 1.361594e-09
3285.000000 1.426205e-09
3290.000000 1.516796e-09
3295.000000 1.565198e-09
3300.000000 1.556333e-09
3305.000000 1.506948e-09
3310.000000 1.460305e-09
3315.000000 1.446560e-09
3320.000000 1.438441e-09
3325.000000 1.408538e-09
3330.000000 1.385454e-09
3335.000000 1.400878e-09
3340.000000 1.437124e-09
3345.000000 1.462318e-09
3350.000000 1.458776e-09
3355.000000 1.423093e-09
3360.000000 1.374252e-09
3365.000000 1.339769e-09
3370.000000 1.346580e-09
3375.000000 1.403305e-09
3380.000000 1.472397e-09
3385.000000 1.516032e-09
3390.000000 1.540728e-09
3395.000000 1.560862e-09
3400.000000 1.567227e-09
3405.000000 1.553823e-09
3410.000000 1.546727e-09
3415.000000 1.566270e-09
3420.000000 1.585201e-09
3425.000000 1.568087e-09
3430.000000 1.507586e-09
3435.000000 1.421272e-09
3440.000000 1.361515e-09
3445.000000 1.370292e-09
3450.000000 1.428053e-09
3455.000000 1.492979e-09
3460.000000 1.527704e-09
3465.000000 1.514386e-09
3470.000000 1.479668e-09
3475.000000 1.454949e-09
3480.000000 1.441081e-09
3485.000000 1.435461e-09
3490.000000 1.457067e-09
3495.000000 1.521498e-09
3500.000000 1.611821e-09
3505.000000 1.682464e-09
3510.000000 1.657845e-09
3515.000000 1.673013e-09
3520.000000 1.610560e-09
3525.000000 1.592989e-09
3530.000000 1.761189e-09
3535.000000 1.884807e-09
3540.000000 1.918638e-09
3545.000000 1.926363e-09
3550.000000 1.877668e-09
3555.000000 1.745545e-09
3560.000000 1.648249e-09
3565.000000 1.508973e-09
3570.000000 1.432997e-09
3575.000000 1.416671e-09
3580.000000 1.334595e-09
3585.000000 1.357297e-09
3590.000000 1.564936e-09
3595.000000 1.764311e-09
3600.000000 1.793366e-09
3605.000000 1.633260e-09
3610.000000 1.553012e-09
3615.000000 1.553575e-09
3620.000000 1.667938e-09
3625.000000 1.902916e-09
3630.000000 1.784841e-09
3635.000000 1.769155e-09
3640.000000 1.877635e-09
3645.000000 1.765736e-09
3650.000000 1.888235e-09
3655.000000 2.225243e-09
3660.000000 2.281857e-09
3665.000000 2.163574e-09
3670.000000 2.168176e-09
3675.000000 2.137051e-09
3680.000000 1.982867e-09
3685.000000 1.947912e-09
3690.000000 2.078765e-09
3695.000000 2.236138e-09
3700.000000 2.235821e-09
3705.000000 1.950284e-09
3710.000000 1.971523e-09
3715.000000 2.066487e-09
3720.000000 1.806442e-09
3725.000000 1.838997e-09
3730.000000 1.741995e-09
3735.000000 1.467402e-09
3740.000000 1.557170e-09
3745.000000 1.510875e-09
3750.000000 1.564285e-09
3755.000000 1.862256e-09
3760.000000 1.808720e-09
3765.000000 1.846635e-09
3770.000000 2.079601e-09
3775.000000 2.352198e-09
3780.000000 2.500530e-09
3785.000000 2.382870e-09
3790.000000 2.111824e-09
3795.000000 1.957286e-09
3800.000000 2.069287e-09
3805.000000 2.285447e-09
3810.000000 2.275135e-09
3815.000000 1.946993e-09
3820.000000 1.630087e-09
3825.000000 1.381674e-09
3830.000000 1.251690e-09
3835.000000 1.219309e-09
3840.000000 1.447346e-09
3845.000000 1.833256e-09
3850.000000 1.923918e-09
3855.000000 1.809843e-09
3860.000000 1.742517e-09
3865.000000 1.902773e-09
3870.000000 1.834325e-09
3875.000000 1.823504e-09
3880.000000 1.804391e-09
3885.000000 1.753979e-09
3890.000000 1.875917e-09
3895.000000 2.125807e-09
3900.000000 2.162879e-09
3905.000000 2.185115e-09
3910.000000 2.339158e-09
3915.000000 2.337084e-09
3920.000000 2.087991e-09
3925.000000 1.700037e-09
3930.000000 1.264867e-09
3935.000000 1.106961e-09
3940.000000 1.359026e-09
3945.000000 1.734458e-09
3950.000000 2.064513e-09
3955.000000 2.154072e-09
3960.000000 1.918769e-09
3965.000000 1.533928e-09
3970.000000 1.427602e-09
3975.000000 1.792364e-09
3980.000000 2.253946e-09
3985.000000 2.596375e-09
3990.000000 2.860769e-09
3995.000000 2.998485e-09
4000.000000 3.050209e-09
4005.000000 3.072756e-09
4010.000000 3.148187e-09
4015.000000 3.227378e-09
4020.000000 3.273687e-09
4025.000000 3.253583e-09
4030.000000 3.136540e-09
4035.000000 3.096413e-09
4040.000000 3.086629e-09
4045.000000 3.007428e-09
4050.000000 3.079099e-09
4055.000000 3.030341e-09
4060.000000 2.923713e-09
4065.000000 2.880558e-09
4070.000000 2.922869e-09
4075.000000 3.001757e-09
4080.000000 3.126136e-09
4085.000000 3.281188e-09
4090.000000 3.321075e-09
4095.000000 3.182199e-09
4100.000000 2.987227e-09
4105.000000 3.022198e-09
4110.000000 3.179111e-09
4115.000000 3.293089e-09
4120.000000 3.319061e-09
4125.000000 3.281430e-09
4130.000000 3.207737e-09
4135.000000 3.199757e-09
4140.000000 3.196072e-09
4145.000000 3.179544e-09
4150.000000 3.221958e-09
4155.000000 3.247350e-09
4160.000000 3.319787e-09
4165.000000 3.342677e-09
4170.000000 3.261884e-09
4175.000000 3.179508e-09
4180.000000 3.162439e-09
4185.000000 3.130187e-09
4190.000000 3.124027e-09
4195.000000 3.105163e-09
4200.000000 3.092936e-09
4205.000000 3.209389e-09
4210.000000 3.337805e-09
4215.000000 3.353036e-09
4220.000000 3.263558e-09
4225.000000 3.062134e-09
4230.000000 3.045843e-09
4235.000000 3.051416e-09
4240.000000 3.095464e-09
4245.000000 3.160611e-09
4250.000000 3.151270e-09
4255.000000 3.180014e-09
4260.000000 3.170753e-09
4265.000000 3.128779e-09
4270.000000 2.986009e-09
4275.000000 2.960997e-09
4280.000000 3.041601e-09
4285.000000 3.030795e-09
4290.000000 2.938846e-09
4295.000000 2.754476e-09
4300.000000 2.483046e-09
4305.000000 2.330929e-09
4310.000000 2.385024e-09
4315.000000 2.771279e-09
4320.000000 3.071148e-09
4325.000000 3.103805e-09
4330.000000 3.258909e-09
4335.000000 3.260519e-09
4340.000000 3.111990e-09
4345.000000 3.185106e-09
4350.000000 3.292332e-09
4355.000000 3.386581e-09
4360.000000 3.501667e-09
4365.000000 3.566633e-09
4370.000000 3.473704e-09
4375.000000 3.320228e-09
4380.000000 3.169631e-09
4385.000000 3.039967e-09
4390.000000 3.133553e-09
4395.000000 3.245994e-09
4400.000000 3.303220e-09
4405.000000 3.318271e-09
4410.000000 3.453767e-09
4415.000000 3.533126e-09
4420.000000 3.581703e-09
4425.000000 3.609273e-09
4430.000000 3.607048e-09
4435.000000 3.609531e-09
4440.000000 3.679442e-09
4445.000000 3.690154e-09
4450.000000 3.655229e-09
4455.000000 3.545363e-09
4460.000000 3.505958e-09
4465.000000 3.594908e-09
4470.000000 3.684756e-09
4475.000000 3.789400e-09
4480.000000 3.819558e-09
4485.000000 3.870441e-09
4490.000000 3.885518e-09
4495.000000 3.906262e-09
4500.000000 3.989971e-09
4505.000000 4.087085e-09
4510.000000 4.104576e-09
4515.000000 4.050580e-09
4520.000000 3.972413e-09
4525.000000 3.825355e-09
4530.000000 3.720162e-09
4535.000000 3.760943e-09
4540.000000 3.831415e-09
4545.000000 3.816402e-09
4550.000000 3.809991e-09
4555.000000 3.886830e-09
4560.000000 3.978082e-09
4565.000000 4.003532e-09
4570.000000 4.044060e-09
4575.000000 4.045754e-09
4580.000000 3.960344e-09
4585.000000 3.883264e-09
4590.000000 3.859883e-09
4595.000000 3.850390e-09
4600.000000 3.890336e-09
4605.000000 3.978474e-09
4610.000000 4.062056e-09
4615.000000 4.100590e-09
4620.000000 4.126140e-09
4625.000000 4.104976e-09
4630.000000 4.051507e-09
4635.000000 3.977436e-09
4640.000000 3.941655e-09
4645.000000 3.946167e-09
4650.000000 3.935221e-09
4655.000000 3.927018e-09
4660.000000 3.911795e-09
4665.000000 3.810995e-09
4670.000000 3.770082e-09
4675.000000 3.824129e-09
4680.000000 3.843148e-09
4685.000000 3.872727e-09
4690.000000 3.872008e-09
4695.000000 3.835703e-09
4700.000000 3.745289e-09
4705.000000 3.682623e-09
4710.000000 3.707176e-09
4715.000000 3.802836e-09
4720.000000 3.921072e-09
4725.000000 3.946825e-09
4730.000000 3.870036e-09
4735.000000 3.831038e-09
4740.000000 3.861354e-09
4745.000000 3.942326e-09
4750.000000 3.984371e-09
4755.000000 3.985852e-09
4760.000000 3.932800e-09
4765.000000 3.830461e-09
4770.000000 3.845561e-09
4775.000000 3.933324e-09
4780.000000 3.988682e-09
4785.000000 3.986454e-09
4790.000000 4.016013e-09
4795.000000 4.051316e-09
4800.000000 4.011044e-09
4805.000000 3.983612e-09
4810.000000 3.992227e-09
4815.000000 4.010391e-09
4820.000000 3.997833e-09
4825.000000 3.950945e-09
4830.000000 3.903540e-09
4835.000000 3.893534e-09
4840.000000 3.895052e-09
4845.000000 3.885110e-09
4850.000000 3.822492e-09
4855.000000 3.664051e-09
4860.000000 3.437076e-09
4865.000000 3.367931e-09
4870.000000 3.466834e-09
4875.000000 3.572587e-09
4880.000000 3.707979e-09
4885.000000 3.758502e-09
4890.000000 3.737833e-09
4895.000000 3.828506e-09
4900.000000 3.906816e-09
4905.000000 3.876444e-09
4910.000000 3.861377e-09
4915.000000 3.819035e-09
4920.000000 3.741305e-09
4925.000000 3.741759e-09
4930.000000 3.833772e-09
4935.000000 3.840128e-09
4940.000000 3.841463e-09
4945.000000 3.900405e-09
4950.000000 3.920555e-09
4955.000000 3.910646e-09
4960.000000 3.868339e-09
4965.000000 3.926322e-09
4970.000000 3.933818e-09
4975.000000 3.929819e-09
4980.000000 3.862059e-09
4985.000000 3.742821e-09
4990.000000 3.759411e-09
4995.000000 3.775067e-09
5000.000000 3.680829e-09
5005.000000 3.592679e-09
5010.000000 3.618399e-09
5015.000000 3.625278e-09
5020.000000 3.621001e-09
5025.000000 3.676261e-09
5030.000000 3.720418e-09
5035.000000 3.731445e-09
5040.000000 3.662664e-09
5045.000000 3.661065e-09
5050.000000 3.733836e-09
5055.000000 3.776251e-09
5060.000000 3.838881e-09
5065.000000 3.830334e-09
5070.000000 3.759459e-09
5075.000000 3.745429e-09
5080.000000 3.713890e-09
5085.000000 3.735968e-09
5090.000000 3.815641e-09
5095.000000 3.828018e-09
5100.000000 3.751436e-09
5105.000000 3.743730e-09
5110.000000 3.760636e-09
5115.000000 3.821553e-09
5120.000000 3.837336e-09
5125.000000 3.775912e-09
5130.000000 3.720931e-09
5135.000000 3.688296e-09
5140.000000 3.632494e-09
5145.000000 3.599216e-09
5150.000000 3.614843e-09
5155.000000 3.631243e-09
5160.000000 3.572846e-09
5165.000000 3.369263e-09
5170.000000 3.124126e-09
5175.000000 3.106863e-09
5180.000000 3.226869e-09
5185.000000 3.205141e-09
5190.000000 3.311262e-09
5195.000000 3.424980e-09
5200.000000 3.518348e-09
5205.000000 3.555098e-09
5210.000000 3.580370e-09
5215.000000 3.642987e-09
5220.000000 3.691247e-09
5225.000000 3.660587e-09
5230.000000 3.604331e-09
5235.000000 3.674496e-09
5240.000000 3.765022e-09
5245.000000 3.814899e-09
5250.000000 3.825331e-09
5255.000000 3.793502e-09
5260.000000 3.711515e-09
5265.000000 3.506122e-09
5270.000000 3.375710e-09
5275.000000 3.471700e-09
5280.000000 3.620030e-09
5285.000000 3.699687e-09
5290.000000 3.810430e-09
5295.000000 3.814461e-09
5300.000000 3.754340e-09
5305.000000 3.775241e-09
5310.000000 3.827596e-09
5315.000000 3.844303e-09
5320.000000 3.810817e-09
5325.000000 3.681042e-09
5330.000000 3.580904e-09
5335.000000 3.655598e-09
5340.000000 3.690984e-09
5345.000000 3.724898e-09
5350.000000 3.780934e-09
5355.000000 3.848064e-09
5360.000000 3.871014e-09
5365.000000 3.781617e-09
5370.000000 3.680503e-09
5375.000000 3.712019e-09
5380.000000 3.758156e-09
5385.000000 3.769250e-09
5390.000000 3.767408e-09
5395.000000 3.675527e-09
5400.000000 3.599804e-09
5405.000000 3.537543e-09
5410.000000 3.536734e-09
5415.000000 3.617388e-09
5420.000000 3.681402e-09
5425.000000 3.683782e-09
5430.000000 3.674315e-09
5435.000000 3.674770e-09
5440.000000 3.702003e-09
5445.000000 3.691290e-09
5450.000000 3.698472e-09
5455.000000 3.735952e-09
5460.000000 3.755678e-09
5465.000000 3.725148e-09
5470.000000 3.704152e-09
5475.000000 3.659739e-09
5480.000000 3.631738e-09
5485.000000 3.685847e-09
5490.000000 3.713550e-09
5495.000000 3.723421e-09
5500.000000 3.714489e-09
5505.000000 3.696161e-09
5510.000000 3.689628e-09
5515.000000 3.670712e-09
5520.000000 3.689874e-09
5525.000000 3.697630e-09
5530.000000 3.656887e-09
5535.000000 3.658439e-09
5540.000000 3.668033e-09
5545.000000 3.686300e-09
5550.000000 3.732133e-09
5555.000000 3.755288e-09
5560.000000 3.721216e-09
5565.000000 3.661240e-09
5570.000000 3.596080e-09
5575.000000 3.568780e-09
5580.000000 3.580808e-09
5585.000000 3.560672e-09
5590.000000 3.491635e-09
5595.000000 3.498666e-09
5600.000000 3.513006e-09
5605.000000 3.537356e-09
5610.000000 3.613201e-09
5615.000000 3.604910e-09
5620.000000 3.559818e-09
5625.000000 3.579506e-09
5630.000000 3.611072e-09
5635.000000 3.646246e-09
5640.000000 3.633660e-09
5645.000000 3.633927e-09
5650.000000 3.628920e-09
5655.000000 3.596690e-09
5660.000000 3.545368e-09
5665.000000 3.543872e-09
5670.000000 3.572985e-09
5675.000000 3.587341e-09
5680.000000 3.577539e-09
5685.000000 3.525153e-09
5690.000000 3.489471e-09
5695.000000 3.499468e-09
5700.000000 3.523417e-09
5705.000000 3.506008e-09
5710.000000 3.455446e-09
5715.000000 3.458662e-09
5720.000000 3.542250e-09
5725.000000 3.603147e-09
5730.000000 3.624571e-09
5735.000000 3.619018e-09
5740.000000 3.613609e-09
5745.000000 3.593723e-09
5750.000000 3.560503e-09
5755.000000 3.540309e-09
5760.000000 3.541406e-09
5765.000000 3.553501e-09
5770.000000 3.576768e-09
5775.000000 3.575673e-09
5780.000000 3.563255e-09
5785.000000 3.510474e-09
5790.000000 3.494445e-09
5795.000000 3.494049e-09
5800.000000 3.497907e-09
5805.000000 3.524138e-09
5810.000000 3.543328e-09
5815.000000 3.585819e-09
5820.000000 3.626536e-09
5825.000000 3.631986e-09
5830.000000 3.614803e-09
5835.000000 3.621687e-09
5840.000000 3.631635e-09
5845.000000 3.630527e-09
5850.000000 3.619446e-09
5855.000000 3.569731e-09
5860.000000 3.522723e-09
5865.000000 3.542614e-09
5870.000000 3.578082e-09
5875.000000 3.589620e-09
5880.000000 3.526509e-09
5885.000000 3.393576e-09
5890.000000 3.215455e-09
5895.000000 3.132977e-09
5900.000000 3.248077e-09
5905.000000 3.425306e-09
5910.000000 3.492949e-09
5915.000000 3.512186e-09
5920.000000 3.512359e-09
5925.000000 3.507256e-09
5930.000000 3.472133e-09
5935.000000 3.466619e-09
5940.000000 3.467604e-09
5945.000000 3.462571e-09
5950.000000 3.442489e-09
5955.000000 3.438122e-09
5960.000000 3.444492e-09
5965.000000 3.458502e-09
5970.000000 3.463608e-09
5975.000000 3.455525e-09
5980.000000 3.425992e-09
5985.000000 3.422808e-09
5990.000000 3.431476e-09
5995.000000 3.437173e-09
6000.000000 3.423837e-09
6005.000000 3.403458e-09
6010.000000 3.386207e-09
6015.000000 3.369061e-09
6020.000000 3.341418e-09
6025.000000 3.364409e-09
6030.000000 3.422761e-09
6035.000000 3.482685e-09
6040.000000 3.489846e-09
6045.000000 3.480893e-09
6050.000000 3.464780e-09
6055.000000 3.434205e-09
6060.000000 3.422770e-09
6065.000000 3.412454e-09
6070.000000 3.425121e-09
6075.000000 3.424093e-09
6080.000000 3.396242e-09
6085.000000 3.377645e-09
6090.000000 3.347923e-09
6095.000000 3.311961e-09
6100.000000 3.288056e-09
6105.000000 3.289287e-09
6110.000000 3.349404e-09
6115.000000 3.393893e-09
6120.000000 3.347543e-09
6125.000000 3.312773e-09
6130.000000 3.300654e-09
6135.000000 3.251008e-09
6140.000000 3.230648e-09
6145.000000 3.274912e-09
6150.000000 3.310106e-09
6155.000000 3.295538e-09
6160.000000 3.232303e-09
6165.000000 3.184276e-09
6170.000000 3.194970e-09
6175.000000 3.254164e-09
6180.000000 3.317957e-09
6185.000000 3.335269e-09
6190.000000 3.313903e-09
6195.000000 3.320730e-09
6200.000000 3.351127e-09
6205.000000 3.356622e-09
6210.000000 3.355026e-09
6215.000000 3.317582e-09
6220.000000 3.296246e-09
6225.000000 3.301035e-09
6230.000000 3.286411e-09
6235.000000 3.276803e-09
6240.000000 3.281350e-09
6245.000000 3.252931e-09
6250.000000 3.241961e-09
6255.000000 3.221184e-09
6260.000000 3.221177e-09
6265.000000 3.240147e-09
6270.000000 3.268726e-09
6275.000000 3.262043e-09
6280.000000 3.220859e-09
6285.000000 3.238102e-09
6290.000000 3.266606e-09
6295.000000 3.259097e-09
6300.000000 3.233360e-09
6305.000000 3.228588e-09
6310.000000 3.237234e-09
6315.000000 3.188244e-09
6320.000000 3.161124e-09
6325.000000 3.211011e-09
6330.000000 3.241124e-09
6335.000000 3.232388e-09
6340.000000 3.205949e-09
6345.000000 3.216358e-09
6350.000000 3.221097e-09
6355.000000 3.212204e-09
6360.000000 3.191317e-09
6365.000000 3.191557e-09
6370.000000 3.222324e-09
6375.000000 3.244472e-09
6380.000000 3.241251e-09
6385.000000 3.229357e-09
6390.000000 3.231078e-09
6395.000000 3.216832e-09
6400.000000 3.175545e-09
6405.000000 3.156733e-09
6410.000000 3.138050e-09
6415.000000 3.123169e-09
6420.000000 3.124284e-09
6425.000000 3.141897e-09
6430.000000 3.169391e-09
6435.000000 3.161541e-09
6440.000000 3.151147e-09
6445.000000 3.150703e-09
6450.000000 3.132274e-09
6455.000000 3.117329e-09
6460.000000 3.116023e-09
6465.000000 3.104224e-09
6470.000000 3.120405e-09
6475.000000 3.128744e-09
6480.000000 3.133454e-09
6485.000000 3.115797e-09
6490.000000 3.074724e-09
6495.000000 2.999707e-09
6500.000000 3.014336e-09
6505.000000 3.107174e-09
6510.000000 3.169442e-09
6515.000000 3.185708e-09
6520.000000 3.180310e-09
6525.000000 3.168757e-09
6530.000000 3.152358e-09
6535.000000 3.142070e-09
6540.000000 3.138596e-09
6545.000000 3.112369e-09
6550.000000 3.056357e-09
6555.000000 2.956378e-09
6560.000000 2.765175e-09
6565.000000 2.635727e-09
6570.000000 2.795013e-09
6575.000000 2.955890e-09
6580.000000 3.048368e-09
6585.000000 3.082520e-09
6590.000000 3.074842e-09
6595.000000 3.048092e-09
6600.000000 3.074993e-09
6605.000000 3.091235e-09
6610.000000 3.090119e-09
6615.000000 3.104041e-09
6620.000000 3.113718e-09
6625.000000 3.099579e-09
6630.000000 3.061853e-09
6635.000000 3.028328e-09
6640.000000 3.021730e-09
6645.000000 3.016060e-09
6650.000000 3.029995e-09
6655.000000 3.048163e-09
6660.000000 3.047339e-09
6665.000000 3.029355e-09
6670.000000 3.031983e-09
6675.000000 3.015820e-09
6680.000000 2.992731e-09
6685.000000 3.014834e-09
6690.000000 3.037329e-09
6695.000000 3.038896e-09
6700.000000 3.037301e-09
6705.000000 3.026849e-09
6710.000000 2.988326e-09
6715.000000 2.945806e-09
6720.000000 2.922193e-09
6725.000000 2.943100e-09
6730.000000 2.968606e-09
6735.000000 2.989794e-09
6740.000000 2.996687e-09
6745.000000 2.985333e-09
6750.000000 2.966442e-09
6755.000000 2.962213e-09
6760.000000 2.973494e-09
6765.000000 2.982110e-09
6770.000000 2.974711e-09
6775.000000 2.982025e-09
6780.000000 2.987297e-09
6785.000000 2.979866e-09
6790.000000 2.980953e-09
6795.000000 2.986046e-09
6800.000000 2.982881e-09
6805.000000 2.969467e-09
6810.000000 2.953423e-09
6815.000000 2.946918e-09
6820.000000 2.942547e-09
6825.000000 2.936669e-09
6830.000000 2.917266e-09
6835.000000 2.903119e-09
6840.000000 2.899653e-09
6845.000000 2.891872e-09
6850.000000 2.899740e-09
6855.000000 2.922828e-09
6860.000000 2.949106e-09
6865.000000 2.965588e-09
6870.000000 2.966754e-09
6875.000000 2.956455e-09
6880.000000 2.944432e-09
6885.000000 2.939117e-09
6890.000000 2.942551e-09
6895.000000 2.950617e-09
6900.000000 2.956147e-09
6905.000000 2.953424e-09
6910.000000 2.941320e-09
6915.000000 2.923572e-09
6920.000000 2.906512e-09
6925.000000 2.892966e-09
6930.000000 2.883962e-09
6935.000000 2.878135e-09
6940.000000 2.873133e-09
6945.000000 2.868173e-09
6950.000000 2.864894e-09
6955.000000 2.865623e-09
6960.000000 2.871640e-09
6965.000000 2.880262e-09
6970.000000 2.883074e-09
6975.000000 2.855171e-09
6980.000000 2.817604e-09
6985.000000 2.835681e-09
6990.000000 2.847159e-09
6995.000000 2.849601e-09
7000.000000 2.838571e-09
7005.000000 2.826295e-09
7010.000000 2.825236e-09
7015.000000 2.816208e-09
7020.000000 2.790193e-09
7025.000000 2.772776e-09
7030.000000 2.769390e-09
7035.000000 2.773180e-09
7040.000000 2.783022e-09
7045.000000 2.806249e-09
7050.000000 2.817756e-09
7055.000000 2.817290e-09
7060.000000 2.809301e-09
7065.000000 2.810994e-09
7070.000000 2.821552e-09
7075.000000 2.851561e-09
7080.000000 2.864473e-09
7085.000000 2.832921e-09
7090.000000 2.806859e-09
7095.000000 2.802822e-09
7100.000000 2.810877e-09
7105.000000 2.812139e-09
7110.000000 2.812964e-09
7115.000000 2.816230e-09
7120.000000 2.817150e-09
7125.000000 2.816596e-09
7130.000000 2.816423e-09
7135.000000 2.816107e-09
7140.000000 2.828389e-09
7145.000000 2.819188e-09
7150.000000 2.797119e-09
7155.000000 2.804780e-09
7160.000000 2.818531e-09
7165.000000 2.792220e-09
7170.000000 2.772003e-09
7175.000000 2.767890e-09
7180.000000 2.746493e-09
7185.000000 2.708200e-09
7190.000000 2.673149e-09
7195.000000 2.684066e-09
7200.000000 2.680339e-09
7205.000000 2.663024e-09
7210.000000 2.707949e-09
7215.000000 2.800566e-09
7220.000000 2.824252e-09
7225.000000 2.814338e-09
7230.000000 2.804929e-09
7235.000000 2.759357e-09
7240.000000 2.740189e-09
7245.000000 2.731618e-09
7250.000000 2.744556e-09
7255.000000 2.721507e-09
7260.000000 2.754396e-09
7265.000000 2.728612e-09
7270.000000 2.734409e-09
7275.000000 2.708356e-09
7280.000000 2.671994e-09
7285.000000 2.688121e-09
7290.000000 2.628569e-09
7295.000000 2.628143e-09
7300.000000 2.696225e-09
7305.000000 2.695195e-09
7310.000000 2.677353e-09
7315.000000 2.680465e-09
7320.000000 2.694281e-09
7325.000000 2.706864e-09
7330.000000 2.698425e-09
7335.000000 2.716063e-09
7340.000000 2.740276e-09
7345.000000 2.741520e-09
7350.000000 2.714520e-09
7355.000000 2.689502e-09
7360.000000 2.678292e-09
7365.000000 2.680423e-09
7370.000000 2.684845e-09
7375.000000 2.692804e-09
7380.000000 2.679591e-09
7385.000000 2.642577e-09
7390.000000 2.592557e-09
7395.000000 2.607392e-09
7400.000000 2.634980e-09
7405.000000 2.628958e-09
7410.000000 2.606406e-09
7415.000000 2.592934e-09
7420.000000 2.602248e-09
7425.000000 2.606606e-09
7430.000000 2.635187e-09
7435.000000 2.647292e-09
7440.000000 2.648419e-09
7445.000000 2.610967e-09
7450.000000 2.603611e-09
7455.000000 2.634998e-09
7460.000000 2.645303e-09
7465.000000 2.631760e-09
7470.000000 2.646358e-09
7475.000000 2.640381e-09
7480.000000 2.627416e-09
7485.000000 2.619655e-09
7490.000000 2.608590e-09
7495.000000 2.563411e-09
7500.000000 2.569008e-09
7505.000000 2.593858e-09
7510.000000 2.563904e-09
7515.000000 2.553472e-09
7520.000000 2.586191e-09
7525.000000 2.573802e-09
7530.000000 2.572375e-09
7535.000000 2.575455e-09
7540.000000 2.592550e-09
7545.000000 2.580883e-09
7550.000000 2.581179e-09
7555.000000 2.577956e-09
7560.000000 2.573115e-09
7565.000000 2.568993e-09
7570.000000 2.565786e-09
7575.000000 2.561581e-09
7580.000000 2.557432e-09
7585.000000 2.554583e-09
7590.000000 2.551397e-09
7595.000000 2.548337e-09
7600.000000 2.545540e-09
7605.000000 2.543415e-09
7610.000000 2.540993e-09
7615.000000 2.538658e-09
7620.000000 2.536295e-09
7625.000000 2.533911e-09
7630.000000 2.531504e-09
7635.000000 2.529071e-09
7640.000000 2.526609e-09
7645.000000 2.524136e-09
7650.000000 2.521636e-09
7655.000000 2.519127e-09
7660.000000 2.516614e-09
7665.000000 2.514081e-09
7670.000000 2.511385e-09
7675.000000 2.507991e-09
7680.000000 2.504258e-09
7685.000000 2.501467e-09
7690.000000 2.499823e-09
7695.000000 2.497134e-09
7700.000000 2.493384e-09
7705.000000 2.489629e-09
7710.000000 2.485547e-09
7715.000000 2.482586e-09
7720.000000 2.480192e-09
7725.000000 2.477770e-09
7730.000000 2.478880e-09
7735.000000 2.493735e-09
7740.000000 2.496233e-09
7745.000000 2.467037e-09
7750.000000 2.437083e-09
7755.000000 2.466666e-09
7760.000000 2.483328e-09
7765.000000 2.479382e-09
7770.000000 2.480297e-09
7775.000000 2.450677e-09
7780.000000 2.434082e-09
7785.000000 2.439394e-09
7790.000000 2.459898e-09
7795.000000 2.459769e-09
7800.000000 2.441397e-09
7805.000000 2.430896e-09
7810.000000 2.441842e-09
7815.000000 2.440020e-09
7820.000000 2.461654e-09
7825.000000 2.459605e-09
7830.000000 2.436252e-09
7835.000000 2.395800e-09
7840.000000 2.407469e-09
7845.000000 2.420037e-09
7850.000000 2.409986e-09
7855.000000 2.414750e-09
7860.000000 2.427315e-09
7865.000000 2.422361e-09
7870.000000 2.417075e-09
7875.000000 2.410138e-09
7880.000000 2.415865e-09
7885.000000 2.416541e-09
7890.000000 2.431152e-09
7895.000000 2.425605e-09
7900.000000 2.414066e-09
7905.000000 2.405573e-09
7910.000000 2.399871e-09
7915.000000 2.376457e-09
7920.000000 2.352981e-09
7925.000000 2.359731e-09
7930.000000 2.353180e-09
7935.000000 2.309021e-09
7940.000000 2.296550e-09
7945.000000 2.294892e-09
7950.000000 2.309062e-09
7955.000000 2.350867e-09
7960.000000 2.345772e-09
7965.000000 2.350017e-09
7970.000000 2.359923e-09
7975.000000 2.363612e-09
7980.000000 2.364267e-09
7985.000000 2.355601e-09
7990.000000 2.351642e-09
7995.000000 2.346295e-09
8000.000000 2.305247e-09
8005.000000 2.292836e-09
8010.000000 2.313358e-09
8015.000000 2.325437e-09
8020.000000 2.329613e-09
8025.000000 2.311311e-09
8030.000000 2.288240e-09
8035.000000 2.315335e-09
8040.000000 2.319046e-09
8045.000000 2.304156e-09
8050.000000 2.279529e-09
8055.000000 2.297641e-09
8060.000000 2.320510e-09
8065.000000 2.338367e-09
8070.000000 2.318459e-09
8075.000000 2.307906e-09
8080.000000 2.306758e-09
8085.000000 2.310762e-09
8090.000000 2.288601e-09
8095.000000 2.284022e-09
8100.000000 2.281247e-09
8105.000000 2.307013e-09
8110.000000 2.327696e-09
8115.000000 2.324436e-09
8120.000000 2.337643e-09
8125.000000 2.330554e-09
8130.000000 2.326213e-09
8135.000000 2.294083e-09
8140.000000 2.290975e-09
8145.000000 2.271251e-09
8150.000000 2.259696e-09
8155.000000 2.246483e-09
8160.000000 2.224594e-09
8165.000000 2.185409e-09
8170.000000 2.204140e-09
8175.000000 2.243349e-09
8180.000000 2.203380e-09
8185.000000 2.196544e-09
8190.000000 2.201928e-09
8195.000000 2.189837e-09
8200.000000 2.185203e-09
8205.000000 2.263995e-09
8210.000000 2.298147e-09
8215.000000 2.270434e-09
8220.000000 2.247428e-09
8225.000000 2.183278e-09
8230.000000 2.097803e-09
8235.000000 2.110845e-09
8240.000000 2.246623e-09
8245.000000 2.261353e-09
8250.000000 2.277204e-09
8255.000000 2.273308e-09
8260.000000 2.248001e-09
8265.000000 2.261193e-09
8270.000000 2.269118e-09
8275.000000 2.241613e-09
8280.000000 2.209424e-09
8285.000000 2.212876e-09
8290.000000 2.210639e-09
8295.000000 2.194406e-09
8300.000000 2.198180e-09
8305.000000 2.197770e-09
8310.000000 2.182479e-09
8315.000000 2.176169e-09
8320.000000 2.178272e-09
8325.000000 2.175339e-09
8330.000000 2.155442e-09
8335.000000 2.130771e-09
8340.000000 2.134615e-09
8345.000000 2.171251e-09
8350.000000 2.172778e-09
8355.000000 2.181211e-09
8360.000000 2.188838e-09
8365.000000 2.181826e-09
8370.000000 2.179019e-09
8375.000000 2.193427e-09
8380.000000 2.182750e-09
8385.000000 2.177549e-09
8390.000000 2.165638e-09
8395.000000 2.181249e-09
8400.000000 2.175092e-09
8405.000000 2.168604e-09
8410.000000 2.173252e-09
8415.000000 2.166278e-09
8420.000000 2.154234e-09
8425.000000 2.131432e-09
8430.000000 2.141387e-09
8435.000000 2.138647e-09
8440.000000 2.118051e-09
8445.000000 2.133584e-09
8450.000000 2.138711e-09
8455.000000 2.153693e-09
8460.000000 2.158422e-09
8465.000000 2.138908e-09
8470.000000 2.110566e-09
8475.000000 2.093729e-09
8480.000000 2.129551e-09
8485.000000 2.132546e-09
8490.000000 2.127140e-09
8495.000000 2.062038e-09
8500.000000 1.960366e-09
8505.000000 1.977647e-09
8510.000000 2.061081e-09
8515.000000 2.069746e-09
8520.000000 2.056980e-09
8525.000000 2.070790e-09
8530.000000 2.055330e-09
8535.000000 1.987685e-09
8540.000000 1.828406e-09
8545.000000 1.683598e-09
8550.000000 1.815208e-09
8555.000000 1.978356e-09
8560.000000 2.031858e-09
8565.000000 2.061441e-09
8570.000000 2.069869e-09
8575.000000 2.067468e-09
8580.000000 2.056557e-09
8585.000000 2.061273e-09
8590.000000 2.059240e-09
8595.000000 2.051730e-09
8600.000000 2.045506e-09
8605.000000 2.057046e-09
8610.000000 2.048255e-09
8615.000000 2.043439e-09
8620.000000 2.054747e-09
8625.000000 2.074549e-09
8630.000000 2.060207e-09
8635.000000 2.074101e-09
8640.000000 2.067569e-09
8645.000000 2.061808e-09
8650.000000 2.021453e-09
8655.000000 1.989931e-09
8660.000000 1.886427e-09
8665.000000 1.731366e-09
8670.000000 1.817424e-09
8675.000000 1.949841e-09
8680.000000 1.995914e-09
8685.000000 2.008962e-09
8690.000000 2.003695e-09
8695.000000 2.017726e-09
8700.000000 2.022153e-09
8705.000000 2.053350e-09
8710.000000 2.065212e-09
8715.000000 2.047011e-09
8720.000000 2.057622e-09
8725.000000 2.063763e-09
8730.000000 2.041795e-09
8735.000000 2.007494e-09
8740.000000 2.003298e-09
8745.000000 2.014815e-09
8750.000000 2.012442e-09
8755.000000 1.998635e-09
8760.000000 2.007889e-09
8765.000000 2.016022e-09
8770.000000 2.023221e-09
8775.000000 2.009337e-09
8780.000000 2.008003e-09
8785.000000 2.014243e-09
8790.000000 2.011442e-09
8795.000000 1.985144e-09
8800.000000 1.978495e-09
8805.000000 1.963448e-09
8810.000000 1.930354e-09
8815.000000 1.968219e-09
8820.000000 1.973596e-09
8825.000000 1.972045e-09
8830.000000 1.976425e-09
8835.000000 1.985172e-09
8840.000000 1.984482e-09
8845.000000 1.979909e-09
8850.000000 1.977843e-09
8855.000000 1.979890e-09
8860.000000 1.969428e-09
8865.000000 1.923917e-09
8870.000000 1.915048e-09
8875.000000 1.943461e-09
8880.000000 1.951497e-09
8885.000000 1.968326e-09
8890.000000 1.960040e-09
8895.000000 1.956934e-09
8900.000000 1.967694e-09
8905.000000 1.968808e-09
8910.000000 1.972806e-09
8915.000000 1.967752e-09
8920.000000 1.951945e-09
8925.000000 1.956969e-09
8930.000000 1.948011e-09
8935.000000 1.957442e-09
8940.000000 1.966488e-09
8945.000000 1.972725e-09
8950.000000 1.951984e-09
8955.000000 1.932166e-09
8960.000000 1.936731e-09
8965.000000 1.909727e-09
8970.000000 1.899559e-09
8975.000000 1.898391e-09
8980.000000 1.903422e-09
8985.000000 1.874279e-09
8990.000000 1.797082e-09
8995.000000 1.813091e-09
9000.000000 1.852841e-09
9005.000000 1.818769e-09
9010.000000 1.816882e-09
9015.000000 1.806171e-09
9020.000000 1.809847e-09
9025.000000 1.825575e-09
9030.000000 1.899344e-09
9035.000000 1.971778e-09
9040.000000 2.021121e-09
9045.000000 2.009760e-09
9050.000000 1.999263e-09
9055.000000 1.981401e-09
9060.000000 1.966775e-09
9065.000000 1.899370e-09
9070.000000 1.865062e-09
9075.000000 1.826751e-09
9080.000000 1.829085e-09
9085.000000 1.820622e-09
9090.000000 1.805492e-09
9095.000000 1.811997e-09
9100.000000 1.834278e-09
9105.000000 1.851091e-09
9110.000000 1.872463e-09
9115.000000 1.895368e-09
9120.000000 1.837142e-09
9125.000000 1.917613e-09
9130.000000 1.885342e-09
9135.000000 1.830151e-09
9140.000000 1.837760e-09
9145.000000 1.887059e-09
9150.000000 1.858235e-09
9155.000000 1.785230e-09
9160.000000 1.786216e-09
9165.000000 1.843986e-09
9170.000000 1.839387e-09
9175.000000 1.788418e-09
9180.000000 1.803574e-09
9185.000000 1.845759e-09
9190.000000 1.869040e-09
9195.000000 1.882507e-09
9200.000000 1.881807e-09
9205.000000 1.895039e-09
9210.000000 1.889138e-09
9215.000000 1.867102e-09
9220.000000 1.858104e-09
9225.000000 1.865420e-09
9230.000000 1.855272e-09
9235.000000 1.853001e-09
9240.000000 1.848333e-09
9245.000000 1.835373e-09
9250.000000 1.824767e-09
9255.000000 1.833547e-09
9260.000000 1.834213e-09
9265.000000 1.856390e-09
9270.000000 1.890262e-09
9275.000000 1.897687e-09
9280.000000 1.884505e-09
9285.000000 1.870057e-09
9290.000000 1.853426e-09
9295.000000 1.819888e-09
9300.000000 1.772093e-09
9305.000000 1.725760e-09
9310.000000 1.678094e-09
9315.000000 1.621323e-09
9320.000000 1.584720e-09
9325.000000 1.613806e-09
9330.000000 1.667886e-09
9335.000000 1.664782e-09
9340.000000 1.634768e-09
9345.000000 1.607993e-09
9350.000000 1.665724e-09
9355.000000 1.658807e-09
9360.000000 1.621471e-09
9365.000000 1.700720e-09
9370.000000 1.669632e-09
9375.000000 1.682506e-09
9380.000000 1.721910e-09
9385.000000 1.769507e-09
9390.000000 1.879216e-09
9395.000000 1.982047e-09
9400.000000 1.966713e-09
9405.000000 1.909262e-09
9410.000000 1.844854e-09
9415.000000 1.792008e-09
9420.000000 1.756540e-09
9425.000000 1.727617e-09
9430.000000 1.638018e-09
9435.000000 1.655970e-09
9440.000000 1.631579e-09
9445.000000 1.586342e-09
9450.000000 1.701377e-09
9455.000000 1.715006e-09
9460.000000 1.683771e-09
9465.000000 1.716435e-09
9470.000000 1.742952e-09
9475.000000 1.746603e-09
9480.000000 1.709459e-09
9485.000000 1.711111e-09
9490.000000 1.750056e-09
9495.000000 1.698386e-09
9500.000000 1.638330e-09
9505.000000 1.674565e-09
9510.000000 1.784644e-09
9515.000000 1.784233e-09
9520.000000 1.733527e-09
9525.000000 1.707856e-09
9530.000000 1.714949e-09
9535.000000 1.766285e-09
9540.000000 1.744583e-09
9545.000000 1.711375e-09
9550.000000 1.706387e-09
9555.000000 1.689211e-09
9560.000000 1.670446e-09
9565.000000 1.682807e-09
9570.000000 1.692869e-09
9575.000000 1.726501e-09
9580.000000 1.724626e-09
9585.000000 1.700201e-09
9590.000000 1.699521e-09
9595.000000 1.676103e-09
9600.000000 1.711298e-09
9605.000000 1.730773e-09
9610.000000 1.742361e-09
9615.000000 1.748119e-09
9620.000000 1.721506e-09
9625.000000 1.692090e-09
9630.000000 1.690631e-09
9635.000000 1.727484e-09
9640.000000 1.698982e-09
9645.000000 1.701658e-09
9650.000000 1.706186e-09
9655.000000 1.722140e-09
9660.000000 1.704902e-09
9665.000000 1.698494e-09
9670.000000 1.709651e-09
9675.000000 1.747090e-09
9680.000000 1.763484e-09
9685.000000 1.755918e-09
9690.000000 1.759088e-09
9695.000000 1.751283e-09
9700.000000 1.741062e-09
9705.000000 1.740567e-09
9710.000000 1.755442e-09
9715.000000 1.735703e-09
9720.000000 1.705563e-09
9725.000000 1.687321e-09
9730.000000 1.675042e-09
9735.000000 1.660386e-09
9740.000000 1.658201e-09
9745.000000 1.671265e-09
9750.000000 1.685105e-09
9755.000000 1.671793e-09
9760.000000 1.666794e-09
9765.000000 1.671890e-09
9770.000000 1.695342e-09
9775.000000 1.710841e-09
9780.000000 1.685798e-09
9785.000000 1.650568e-09
9790.000000 1.664753e-09
9795.000000 1.682335e-09
9800.000000 1.658367e-09
9805.000000 1.673970e-09
9810.000000 1.705343e-09
9815.000000 1.703250e-09
9820.000000 1.675337e-09
9825.000000 1.666425e-09
9830.000000 1.688583e-09
9835.000000 1.692249e-09
9840.000000 1.680452e-09
9845.000000 1.689441e-09
9850.000000 1.666933e-09
9855.000000 1.665348e-09
9860.000000 1.700117e-09
9865.000000 1.673393e-09
9870.000000 1.642738e-09
9875.000000 1.636548e-09
9880.000000 1.661989e-09
9885.000000 1.640873e-09
9890.000000 1.638192e-09
9895.000000 1.645363e-09
9900.000000 1.665391e-09
9905.000000 1.681084e-09
9910.000000 1.638369e-09
9915.000000 1.624882e-09
9920.000000 1.630527e-09
9925.000000 1.640505e-09
9930.000000 1.654980e-09
9935.000000 1.640814e-09
9940.000000 1.615629e-09
9945.000000 1.640582e-09
9950.000000 1.676959e-09
9955.000000 1.655758e-09
9960.000000 1.650034e-09
9965.000000 1.660895e-09
9970.000000 1.658530e-09
9975.000000 1.622577e-09
9980.000000 1.617217e-09
9985.000000 1.633510e-09
9990.000000 1.647424e-09
9995.000000 1.646223e-09
10000.000000 1.666264e-09
10005.000000 1.636370e-09
10010.000000 1.634253e-09
10015.000000 1.660908e-09
10020.000000 1.669663e-09
10025.000000 1.574976e-09
10030.000000 1.609916e-09
10035.000000 1.655618e-09
10040.000000 1.620119e-09
10045.000000 1.578009e-09
10050.000000 1.544311e-09
10055.000000 1.577443e-09
10060.000000 1.565356e-09
10065.000000 1.576251e-09
10070.000000 1.569681e-09
10075.000000 1.582423e-09
10080.000000 1.602650e-09
10085.000000 1.632214e-09
10090.000000 1.611439e-09
10095.000000 1.568224e-09
10100.000000 1.546535e-09
10105.000000 1.627824e-09
10110.000000 1.571227e-09
10115.000000 1.509623e-09
10120.000000 1.570856e-09
10125.000000 1.590150e-09
10130.000000 1.623138e-09
10135.000000 1.584620e-09
10140.000000 1.564849e-09
10145.000000 1.566900e-09
10150.000000 1.574728e-09
10155.000000 1.550563e-09
10160.000000 1.536958e-09
10165.000000 1.496342e-09
10170.000000 1.551838e-09
10175.000000 1.584425e-09
10180.000000 1.566351e-09
10185.000000 1.562879e-09
10190.000000 1.559239e-09
10195.000000 1.551499e-09
10200.000000 1.540306e-09
10205.000000 1.526687e-09
10210.000000 1.512631e-09
10215.000000 1.500493e-09
10220.000000 1.492575e-09
10225.000000 1.490169e-09
10230.000000 1.492003e-09
10235.000000 1.495797e-09
10240.000000 1.499256e-09
10245.000000 1.500950e-09
10250.000000 1.501645e-09
10255.000000 1.502959e-09
10260.000000 1.506507e-09
10265.000000 1.512893e-09
10270.000000 1.520115e-09
10275.000000 1.525178e-09
10280.000000 1.525132e-09
10285.000000 1.518561e-09
10290.000000 1.508007e-09
10295.000000 1.497542e-09
10300.000000 1.491210e-09
10305.000000 1.491322e-09
10310.000000 1.495654e-09
10315.000000 1.500237e-09
10320.000000 1.501126e-09
10325.000000 1.496258e-09
10330.000000 1.488481e-09
10335.000000 1.482526e-09
10340.000000 1.483108e-09
10345.000000 1.492697e-09
10350.000000 1.508023e-09
10355.000000 1.523575e-09
10360.000000 1.533821e-09
10365.000000 1.535102e-09
10370.000000 1.528642e-09
10375.000000 1.517541e-09
10380.000000 1.505025e-09
10385.000000 1.493607e-09
10390.000000 1.483982e-09
10395.000000 1.476159e-09
10400.000000 1.470064e-09
10405.000000 1.465648e-09
10410.000000 1.462897e-09
10415.000000 1.461821e-09
10420.000000 1.462410e-09
10425.000000 1.464550e-09
10430.000000 1.467811e-09
10435.000000 1.471661e-09
10440.000000 1.475559e-09
10445.000000 1.479086e-09
10450.000000 1.482134e-09
10455.000000 1.484711e-09
10460.000000 1.486840e-09
10465.000000 1.488396e-09
10470.000000 1.488955e-09
10475.000000 1.487968e-09
10480.000000 1.484896e-09
10485.000000 1.479502e-09
10490.000000 1.472320e-09
10495.000000 1.464173e-09
10500.000000 1.455909e-09
10505.000000 1.448263e-09
10510.000000 1.441662e-09
10515.000000 1.436412e-09
10520.000000 1.432794e-09
10525.000000 1.430793e-09
10530.000000 1.429665e-09
10535.000000 1.428379e-09
10540.000000 1.425938e-09
10545.000000 1.421942e-09
10550.000000 1.417537e-09
10555.000000 1.414471e-09
10560.000000 1.414456e-09
10565.000000 1.418364e-09
10570.000000 1.424806e-09
10575.000000 1.431549e-09
10580.000000 1.436352e-09
10585.000000 1.437751e-09
10590.000000 1.436334e-09
10595.000000 1.433471e-09
10600.000000 1.430572e-09
10605.000000 1.428672e-09
10610.000000 1.427825e-09
10615.000000 1.427703e-09
10620.000000 1.070840e-09
