1150.000000 0.000000e+00
1155.000000 0.000000e+00
1160.000000 0.000000e+00
1165.000000 0.000000e+00
1170.000000 0.000000e+00
1175.000000 0.000000e+00
1180.000000 0.000000e+00
1185.000000 0.000000e+00
1190.000000 0.000000e+00
1195.000000 0.000000e+00
1200.000000 0.000000e+00
1205.000000 0.000000e+00
1210.000000 0.000000e+00
1215.000000 0.000000e+00
1220.000000 0.000000e+00
1225.000000 0.000000e+00
1230.000000 0.000000e+00
1235.000000 0.000000e+00
1240.000000 0.000000e+00
1245.000000 0.000000e+00
1250.000000 0.000000e+00
1255.000000 0.000000e+00
1260.000000 0.000000e+00
1265.000000 0.000000e+00
1270.000000 0.000000e+00
1275.000000 0.000000e+00
1280.000000 0.000000e+00
1285.000000 0.000000e+00
1290.000000 0.000000e+00
1295.000000 0.000000e+00
1300.000000 0.000000e+00
1305.000000 0.000000e+00
1310.000000 0.000000e+00
1315.000000 0.000000e+00
1320.000000 0.000000e+00
1325.000000 0.000000e+00
1330.000000 0.000000e+00
1335.000000 0.000000e+00
1340.000000 0.000000e+00
1345.000000 0.000000e+00
1350.000000 0.000000e+00
1355.000000 0.000000e+00
1360.000000 0.000000e+00
1365.000000 0.000000e+00
1370.000000 0.000000e+00
1375.000000 0.000000e+00
1380.000000 0.000000e+00
1385.000000 0.000000e+00
1390.000000 0.000000e+00
1395.000000 0.000000e+00
1400.000000 0.000000e+00
1405.000000 0.000000e+00
1410.000000 0.000000e+00
1415.000000 0.000000e+00
1420.000000 0.000000e+00
1425.000000 0.000000e+00
1430.000000 0.000000e+00
1435.000000 0.000000e+00
1440.000000 0.000000e+00
1445.000000 0.000000e+00
1450.000000 0.000000e+00
1455.000000 0.000000e+00
1460.000000 0.000000e+00
1465.000000 0.000000e+00
1470.000000 0.000000e+00
1475.000000 0.000000e+00
1480.000000 0.000000e+00
1485.000000 0.000000e+00
1490.000000 0.000000e+00
1495.000000 0.000000e+00
1500.000000 0.000000e+00
1505.000000 0.000000e+00
1510.000000 0.000000e+00
1515.000000 0.000000e+00
1520.000000 0.000000e+00
1525.000000 0.000000e+00
1530.000000 0.000000e+00
1535.000000 0.000000e+00
1540.000000 0.000000e+00
1545.000000 0.000000e+00
1550.000000 0.000000e+00
1555.000000 0.000000e+00
1560.000000 0.000000e+00
1565.000000 0.000000e+00
1570.000000 0.000000e+00
1575.000000 0.000000e+00
1580.000000 0.000000e+00
1585.000000 0.000000e+00
1590.000000 0.000000e+00
1595.000000 0.000000e+00
1600.000000 0.000000e+00
1605.000000 0.000000e+00
1610.000000 0.000000e+00
1615.000000 0.000000e+00
1620.000000 0.000000e+00
1625.000000 0.000000e+00
1630.000000 0.000000e+00
1635.000000 0.000000e+00
1640.000000 0.000000e+00
1645.000000 0.000000e+00
1650.000000 0.000000e+00
1655.000000 0.000000e+00
1660.000000 0.000000e+00
1665.000000 0.000000e+00
1670.000000 0.000000e+00
1675.000000 0.000000e+00
1680.000000 0.000000e+00
1685.000000 0.000000e+00
1690.000000 0.000000e+00
1695.000000 0.000000e+00
1700.000000 0.000000e+00
1705.000000 0.000000e+00
1710.000000 0.000000e+00
1715.000000 0.000000e+00
1720.000000 0.000000e+00
1725.000000 0.000000e+00
1730.000000 0.000000e+00
1735.000000 0.000000e+00
1740.000000 0.000000e+00
1745.000000 0.000000e+00
1750.000000 0.000000e+00
1755.000000 0.000000e+00
1760.000000 0.000000e+00
1765.000000 0.000000e+00
1770.000000 0.000000e+00
1775.000000 0.000000e+00
1780.000000 0.000000e+00
1785.000000 0.000000e+00
1790.000000 0.000000e+00
1795.000000 0.000000e+00
1800.000000 0.000000e+00
1805.000000 0.000000e+00
1810.000000 0.000000e+00
1815.000000 0.000000e+00
1820.000000 0.000000e+00
1825.000000 0.000000e+00
1830.000000 0.000000e+00
1835.000000 0.000000e+00
1840.000000 0.000000e+00
1845.000000 0.000000e+00
1850.000000 0.000000e+00
1855.000000 0.000000e+00
1860.000000 0.000000e+00
1865.000000 0.000000e+00
1870.000000 0.000000e+00
1875.000000 0.000000e+00
1880.000000 0.000000e+00
1885.000000 0.000000e+00
1890.000000 0.000000e+00
1895.000000 0.000000e+00
1900.000000 0.000000e+00
1905.000000 0.000000e+00
1910.000000 0.000000e+00
1915.000000 0.000000e+00
1920.000000 0.000000e+00
1925.000000 0.000000e+00
1930.000000 0.000000e+00
1935.000000 0.000000e+00
1940.000000 0.000000e+00
1945.000000 0.000000e+00
1950.000000 0.000000e+00
1955.000000 0.000000e+00
1960.000000 0.000000e+00
1965.000000 0.000000e+00
1970.000000 0.000000e+00
1975.000000 0.000000e+00
1980.000000 0.000000e+00
1985.000000 0.000000e+00
1990.000000 0.000000e+00
1995.000000 0.000000e+00
2000.000000 0.000000e+00
2005.000000 0.000000e+00
2010.000000 0.000000e+00
2015.000000 0.000000e+00
2020.000000 0.000000e+00
2025.000000 0.000000e+00
2030.000000 0.000000e+00
2035.000000 0.000000e+00
2040.000000 0.000000e+00
2045.000000 0.000000e+00
2050.000000 0.000000e+00
2055.000000 0.000000e+00
2060.000000 0.000000e+00
2065.000000 0.000000e+00
2070.000000 0.000000e+00
2075.000000 0.000000e+00
2080.000000 0.000000e+00
2085.000000 0.000000e+00
2090.000000 0.000000e+00
2095.000000 0.000000e+00
2100.000000 0.000000e+00
2105.000000 0.000000e+00
2110.000000 0.000000e+00
2115.000000 0.000000e+00
2120.000000 0.000000e+00
2125.000000 0.000000e+00
2130.000000 0.000000e+00
2135.000000 0.000000e+00
2140.000000 0.000000e+00
2145.000000 0.000000e+00
2150.000000 0.000000e+00
2155.000000 0.000000e+00
2160.000000 0.000000e+00
2165.000000 0.000000e+00
2170.000000 0.000000e+00
2175.000000 0.000000e+00
2180.000000 0.000000e+00
2185.000000 0.000000e+00
2190.000000 0.000000e+00
2195.000000 0.000000e+00
2200.000000 0.000000e+00
2205.000000 0.000000e+00
2210.000000 0.000000e+00
2215.000000 0.000000e+00
2220.000000 0.000000e+00
2225.000000 0.000000e+00
2230.000000 0.000000e+00
2235.000000 0.000000e+00
2240.000000 0.000000e+00
2245.000000 0.000000e+00
2250.000000 0.000000e+00
2255.000000 0.000000e+00
2260.000000 0.000000e+00
2265.000000 0.000000e+00
2270.000000 0.000000e+00
2275.000000 0.000000e+00
2280.000000 0.000000e+00
2285.000000 0.000000e+00
2290.000000 0.000000e+00
2295.000000 0.000000e+00
2300.000000 0.000000e+00
2305.000000 0.000000e+00
2310.000000 0.000000e+00
2315.000000 0.000000e+00
2320.000000 0.000000e+00
2325.000000 0.000000e+00
2330.000000 0.000000e+00
2335.000000 0.000000e+00
2340.000000 0.000000e+00
2345.000000 0.000000e+00
2350.000000 0.000000e+00
2355.000000 0.000000e+00
2360.000000 0.000000e+00
2365.000000 0.000000e+00
2370.000000 0.000000e+00
2375.000000 0.000000e+00
2380.000000 0.000000e+00
2385.000000 0.000000e+00
2390.000000 0.000000e+00
2395.000000 0.000000e+00
2400.000000 0.000000e+00
2405.000000 0.000000e+00
2410.000000 0.000000e+00
2415.000000 0.000000e+00
2420.000000 0.000000e+00
2425.000000 0.000000e+00
2430.000000 0.000000e+00
2435.000000 0.000000e+00
2440.000000 0.000000e+00
2445.000000 0.000000e+00
2450.000000 0.000000e+00
2455.000000 0.000000e+00
2460.000000 0.000000e+00
2465.000000 0.000000e+00
2470.000000 0.000000e+00
2475.000000 0.000000e+00
2480.000000 0.000000e+00
2485.000000 0.000000e+00
2490.000000 0.000000e+00
2495.000000 0.000000e+00
2500.000000 0.000000e+00
2505.000000 0.000000e+00
2510.000000 0.000000e+00
2515.000000 0.000000e+00
2520.000000 0.000000e+00
2525.000000 0.000000e+00
2530.000000 0.000000e+00
2535.000000 0.000000e+00
2540.000000 0.000000e+00
2545.000000 0.000000e+00
2550.000000 0.000000e+00
2555.000000 0.000000e+00
2560.000000 4.935566e-16
2565.000000 3.449122e-15
2570.000000 3.940757e-15
2575.000000 3.940758e-15
2580.000000 3.940759e-15
2585.000000 3.940754e-15
2590.000000 3.447212e-15
2595.000000 4.916458e-16
2600.000000 0.000000e+00
2605.000000 0.000000e+00
2610.000000 0.000000e+00
2615.000000 0.000000e+00
2620.000000 0.000000e+00
2625.000000 0.000000e+00
2630.000000 0.000000e+00
2635.000000 0.000000e+00
2640.000000 0.000000e+00
2645.000000 0.000000e+00
2650.000000 9.870466e-16
2655.000000 8.378739e-15
2660.000000 1.921579e-14
2665.000000 2.758898e-14
2670.000000 3.547050e-14
2675.000000 4.285847e-14
2680.000000 4.630386e-14
2685.000000 4.285296e-14
2690.000000 3.496961e-14
2695.000000 2.215850e-14
2700.000000 2.950094e-15
2705.000000 0.000000e+00
2710.000000 0.000000e+00
2715.000000 0.000000e+00
2720.000000 0.000000e+00
2725.000000 0.000000e+00
2730.000000 0.000000e+00
2735.000000 0.000000e+00
2740.000000 0.000000e+00
2745.000000 0.000000e+00
2750.000000 1.431120e-14
2755.000000 1.168012e-13
2760.000000 2.488217e-13
2765.000000 3.842824e-13
2770.000000 5.039709e-13
2775.000000 5.896648e-13
2780.000000 6.300323e-13
2785.000000 6.048773e-13
2790.000000 5.004091e-13
2795.000000 3.003681e-13
2800.000000 3.933717e-14
2805.000000 0.000000e+00
2810.000000 0.000000e+00
2815.000000 0.000000e+00
2820.000000 0.000000e+00
2825.000000 0.000000e+00
2830.000000 0.000000e+00
2835.000000 0.000000e+00
2840.000000 0.000000e+00
2845.000000 0.000000e+00
2850.000000 2.042917e-13
2855.000000 1.681533e-12
2860.000000 3.695902e-12
2865.000000 6.013667e-12
2870.000000 8.543214e-12
2875.000000 1.118847e-11
2880.000000 1.386078e-11
2885.000000 1.646953e-11
2890.000000 1.892058e-11
2895.000000 2.111988e-11
2900.000000 2.297977e-11
2905.000000 2.444454e-11
2910.000000 2.553106e-11
2915.000000 2.629002e-11
2920.000000 2.677363e-11
2925.000000 2.703612e-11
2930.000000 2.712965e-11
2935.000000 2.710842e-11
2940.000000 2.702417e-11
2945.000000 2.692912e-11
2950.000000 2.687888e-11
2955.000000 2.691097e-11
2960.000000 2.703266e-11
2965.000000 2.724106e-11
2970.000000 2.753173e-11
2975.000000 2.789827e-11
2980.000000 2.833818e-11
2985.000000 2.884309e-11
2990.000000 2.941259e-11
2995.000000 3.003572e-11
3000.000000 3.071309e-11
3005.000000 3.144309e-11
3010.000000 3.223276e-11
3015.000000 3.309384e-11
3020.000000 3.404113e-11
3025.000000 3.508746e-11
3030.000000 3.624656e-11
3035.000000 3.752641e-11
3040.000000 3.894565e-11
3045.000000 4.051261e-11
3050.000000 4.224367e-11
3055.000000 4.414713e-11
3060.000000 4.622451e-11
3065.000000 4.847819e-11
3070.000000 5.090569e-11
3075.000000 5.350676e-11
3080.000000 5.628108e-11
3085.000000 5.922885e-11
3090.000000 6.235046e-11
3095.000000 6.564740e-11
3100.000000 6.911343e-11
3105.000000 7.275860e-11
3110.000000 7.658671e-11
3115.000000 8.060834e-11
3120.000000 8.483781e-11
3125.000000 8.928466e-11
3130.000000 9.396037e-11
3135.000000 9.887908e-11
3140.000000 1.040480e-10
3145.000000 1.094827e-10
3150.000000 1.151872e-10
3155.000000 1.302326e-10
3160.000000 1.904636e-10
3165.000000 2.029903e-10
3170.000000 2.046589e-10
3175.000000 2.031785e-10
3180.000000 1.963512e-10
3185.000000 1.844272e-10
3190.000000 1.742971e-10
3195.000000 1.728247e-10
3200.000000 1.806236e-10
3205.000000 1.790315e-10
3210.000000 1.846874e-10
3215.000000 2.038975e-10
3220.000000 2.083151e-10
3225.000000 1.727924e-10
3230.000000 1.148937e-10
3235.000000 6.931142e-11
3240.000000 7.067054e-11
3245.000000 1.311134e-10
3250.000000 2.057948e-10
3255.000000 2.465618e-10
3260.000000 2.532373e-10
3265.000000 2.446928e-10
3270.000000 2.403037e-10
3275.000000 2.518191e-10
3280.000000 2.721084e-10
3285.000000 2.892475e-10
3290.000000 2.972107e-10
3295.000000 2.925583e-10
3300.000000 2.731686e-10
3305.000000 2.467750e-10
3310.000000 2.442131e-10
3315.000000 2.822863e-10
3320.000000 3.196029e-10
3325.000000 3.183294e-10
3330.000000 3.072543e-10
3335.000000 3.216652e-10
3340.000000 3.462792e-10
3345.000000 3.532191e-10
3350.000000 3.346515e-10
3355.000000 2.991521e-10
3360.000000 2.757505e-10
3365.000000 2.845960e-10
3370.000000 3.038010e-10
3375.000000 3.102145e-10
3380.000000 3.187239e-10
3385.000000 3.467492e-10
3390.000000 3.795132e-10
3395.000000 3.960068e-10
3400.000000 3.925323e-10
3405.000000 3.767659e-10
3410.000000 3.672839e-10
3415.000000 3.751662e-10
3420.000000 3.823401e-10
3425.000000 3.714739e-10
3430.000000 3.556252e-10
3435.000000 3.489638e-10
3440.000000 3.385814e-10
3445.000000 3.147489e-10
3450.000000 3.026834e-10
3455.000000 3.228025e-10
3460.000000 3.483567e-10
3465.000000 3.514885e-10
3470.000000 3.483683e-10
3475.000000 3.582555e-10
3480.000000 3.644794e-10
3485.000000 3.521754e-10
3490.000000 3.471678e-10
3495.000000 3.735092e-10
3500.000000 4.093353e-10
3505.000000 4.243954e-10
3510.000000 4.140036e-10
3515.000000 3.904584e-10
3520.000000 3.828719e-10
3525.000000 4.111998e-10
3530.000000 4.557650e-10
3535.000000 4.894822e-10
3540.000000 5.052968e-10
3545.000000 5.021875e-10
3550.000000 4.746861e-10
3555.000000 4.235495e-10
3560.000000 3.706128e-10
3565.000000 3.362414e-10
3570.000000 3.161522e-10
3575.000000 3.018434e-10
3580.000000 2.982469e-10
3585.000000 3.095332e-10
3590.000000 3.239732e-10
3595.000000 3.288360e-10
3600.000000 3.253348e-10
3605.000000 3.221595e-10
3610.000000 3.325168e-10
3615.000000 3.612869e-10
3620.000000 3.880538e-10
3625.000000 3.936328e-10
3630.000000 3.872088e-10
3635.000000 3.852839e-10
3640.000000 3.948341e-10
3645.000000 4.194331e-10
3650.000000 4.629315e-10
3655.000000 5.181132e-10
3660.000000 5.492088e-10
3665.000000 5.285870e-10
3670.000000 4.786110e-10
3675.000000 4.357116e-10
3680.000000 4.219340e-10
3685.000000 4.408566e-10
3690.000000 4.639441e-10
3695.000000 4.637566e-10
3700.000000 4.467691e-10
3705.000000 4.278985e-10
3710.000000 4.098938e-10
3715.000000 3.916950e-10
3720.000000 3.751371e-10
3725.000000 3.600637e-10
3730.000000 3.386308e-10
3735.000000 3.105040e-10
3740.000000 3.013788e-10
3745.000000 3.273455e-10
3750.000000 3.548430e-10
3755.000000 3.560026e-10
3760.000000 3.663022e-10
3765.000000 4.205203e-10
3770.000000 4.877515e-10
3775.000000 5.252767e-10
3780.000000 5.270963e-10
3785.000000 5.059634e-10
3790.000000 4.848638e-10
3795.000000 4.805886e-10
3800.000000 4.847207e-10
3805.000000 4.811653e-10
3810.000000 4.594029e-10
3815.000000 4.183140e-10
3820.000000 3.752567e-10
3825.000000 3.513156e-10
3830.000000 3.584766e-10
3835.000000 3.962895e-10
3840.000000 4.411828e-10
3845.000000 4.666930e-10
3850.000000 4.625810e-10
3855.000000 4.368619e-10
3860.000000 4.266633e-10
3865.000000 4.506980e-10
3870.000000 4.540562e-10
3875.000000 3.969965e-10
3880.000000 3.507298e-10
3885.000000 3.848528e-10
3890.000000 4.535793e-10
3895.000000 4.927790e-10
3900.000000 5.073165e-10
3905.000000 5.180313e-10
3910.000000 5.163497e-10
3915.000000 4.923021e-10
3920.000000 4.636474e-10
3925.000000 4.517804e-10
3930.000000 4.587437e-10
3935.000000 4.764845e-10
3940.000000 4.909378e-10
3945.000000 4.925729e-10
3950.000000 4.892982e-10
3955.000000 4.951189e-10
3960.000000 5.220775e-10
3965.000000 5.740641e-10
3970.000000 6.362898e-10
3975.000000 6.937272e-10
3980.000000 7.487833e-10
3985.000000 8.060567e-10
3990.000000 8.582619e-10
3995.000000 8.969412e-10
4000.000000 9.232160e-10
4005.000000 9.437090e-10
4010.000000 9.689141e-10
4015.000000 1.002006e-09
4020.000000 1.023797e-09
4025.000000 1.015084e-09
4030.000000 9.800087e-10
4035.000000 9.409937e-10
4040.000000 9.422896e-10
4045.000000 1.005247e-09
4050.000000 1.071755e-09
4055.000000 1.084785e-09
4060.000000 1.068984e-09
4065.000000 1.067020e-09
4070.000000 1.085765e-09
4075.000000 1.120942e-09
4080.000000 1.175546e-09
4085.000000 1.239722e-09
4090.000000 1.263755e-09
4095.000000 1.216929e-09
4100.000000 1.156937e-09
4105.000000 1.146432e-09
4110.000000 1.172561e-09
4115.000000 1.203206e-09
4120.000000 1.232409e-09
4125.000000 1.257690e-09
4130.000000 1.258724e-09
4135.000000 1.226788e-09
4140.000000 1.201125e-09
4145.000000 1.217046e-09
4150.000000 1.251798e-09
4155.000000 1.271086e-09
4160.000000 1.269594e-09
4165.000000 1.255057e-09
4170.000000 1.238832e-09
4175.000000 1.230017e-09
4180.000000 1.229105e-09
4185.000000 1.231857e-09
4190.000000 1.230703e-09
4195.000000 1.223781e-09
4200.000000 1.225134e-09
4205.000000 1.230665e-09
4210.000000 1.176063e-09
4215.000000 1.019164e-09
4220.000000 8.363824e-10
4225.000000 7.311910e-10
4230.000000 7.547408e-10
4235.000000 8.949091e-10
4240.000000 1.032243e-09
4245.000000 1.068822e-09
4250.000000 1.065654e-09
4255.000000 1.104620e-09
4260.000000 1.162452e-09
4265.000000 1.188600e-09
4270.000000 1.171524e-09
4275.000000 1.127807e-09
4280.000000 1.103615e-09
4285.000000 1.127180e-09
4290.000000 1.154133e-09
4295.000000 1.147266e-09
4300.000000 1.158959e-09
4305.000000 1.243988e-09
4310.000000 1.371900e-09
4315.000000 1.486380e-09
4320.000000 1.552458e-09
4325.000000 1.567226e-09
4330.000000 1.585712e-09
4335.000000 1.648209e-09
4340.000000 1.702220e-09
4345.000000 1.697134e-09
4350.000000 1.679242e-09
4355.000000 1.702145e-09
4360.000000 1.739600e-09
4365.000000 1.743113e-09
4370.000000 1.690862e-09
4375.000000 1.600459e-09
4380.000000 1.560049e-09
4385.000000 1.626811e-09
4390.000000 1.710688e-09
4395.000000 1.719407e-09
4400.000000 1.701245e-09
4405.000000 1.727008e-09
4410.000000 1.782597e-09
4415.000000 1.825634e-09
4420.000000 1.830651e-09
4425.000000 1.805451e-09
4430.000000 1.821361e-09
4435.000000 1.917726e-09
4440.000000 1.991864e-09
4445.000000 1.953176e-09
4450.000000 1.884435e-09
4455.000000 1.900769e-09
4460.000000 2.023377e-09
4465.000000 2.213673e-09
4470.000000 2.377131e-09
4475.000000 2.443768e-09
4480.000000 2.459001e-09
4485.000000 2.485245e-09
4490.000000 2.515368e-09
4495.000000 2.532785e-09
4500.000000 2.566325e-09
4505.000000 2.632365e-09
4510.000000 2.668501e-09
4515.000000 2.611637e-09
4520.000000 2.478458e-09
4525.000000 2.326800e-09
4530.000000 2.239295e-09
4535.000000 2.274753e-09
4540.000000 2.406489e-09
4545.000000 2.578856e-09
4550.000000 2.745108e-09
4555.000000 2.870129e-09
4560.000000 2.939004e-09
4565.000000 2.954337e-09
4570.000000 2.945256e-09
4575.000000 2.940295e-09
4580.000000 2.940916e-09
4585.000000 2.941493e-09
4590.000000 2.945574e-09
4595.000000 2.964076e-09
4600.000000 3.015198e-09
4605.000000 3.097691e-09
4610.000000 3.154706e-09
4615.000000 3.145086e-09
4620.000000 3.121762e-09
4625.000000 3.135716e-09
4630.000000 3.140004e-09
4635.000000 3.084617e-09
4640.000000 3.010647e-09
4645.000000 2.973742e-09
4650.000000 2.973799e-09
4655.000000 2.988453e-09
4660.000000 2.995670e-09
4665.000000 2.984274e-09
4670.000000 2.969255e-09
4675.000000 2.971031e-09
4680.000000 2.997054e-09
4685.000000 3.036059e-09
4690.000000 3.043408e-09
4695.000000 2.993298e-09
4700.000000 2.940587e-09
4705.000000 2.942425e-09
4710.000000 2.980867e-09
4715.000000 3.014599e-09
4720.000000 3.018663e-09
4725.000000 2.986553e-09
4730.000000 2.941424e-09
4735.000000 2.909518e-09
4740.000000 2.895465e-09
4745.000000 2.883345e-09
4750.000000 2.827610e-09
4755.000000 2.699825e-09
4760.000000 2.545029e-09
4765.000000 2.422064e-09
4770.000000 2.351835e-09
4775.000000 2.335724e-09
4780.000000 2.363381e-09
4785.000000 2.423636e-09
4790.000000 2.512717e-09
4795.000000 2.624258e-09
4800.000000 2.737186e-09
4805.000000 2.824946e-09
4810.000000 2.862587e-09
4815.000000 2.839269e-09
4820.000000 2.779820e-09
4825.000000 2.719817e-09
4830.000000 2.687642e-09
4835.000000 2.701303e-09
4840.000000 2.758212e-09
4845.000000 2.837010e-09
4850.000000 2.888611e-09
4855.000000 2.878092e-09
4860.000000 2.834166e-09
4865.000000 2.794563e-09
4870.000000 2.757812e-09
4875.000000 2.716664e-09
4880.000000 2.689634e-09
4885.000000 2.700628e-09
4890.000000 2.758958e-09
4895.000000 2.849354e-09
4900.000000 2.909705e-09
4905.000000 2.897837e-09
4910.000000 2.868416e-09
4915.000000 2.884442e-09
4920.000000 2.933560e-09
4925.000000 2.982264e-09
4930.000000 3.019066e-09
4935.000000 3.041172e-09
4940.000000 3.043887e-09
4945.000000 3.018104e-09
4950.000000 2.948375e-09
4955.000000 2.842198e-09
4960.000000 2.770492e-09
4965.000000 2.782711e-09
4970.000000 2.810487e-09
4975.000000 2.776678e-09
4980.000000 2.700010e-09
4985.000000 2.629160e-09
4990.000000 2.591223e-09
4995.000000 2.585365e-09
5000.000000 2.564479e-09
5005.000000 2.499438e-09
5010.000000 2.451011e-09
5015.000000 2.475896e-09
5020.000000 2.530564e-09
5025.000000 2.554156e-09
5030.000000 2.543038e-09
5035.000000 2.517690e-09
5040.000000 2.501204e-09
5045.000000 2.504666e-09
5050.000000 2.507470e-09
5055.000000 2.486791e-09
5060.000000 2.445412e-09
5065.000000 2.395802e-09
5070.000000 2.349617e-09
5075.000000 2.316642e-09
5080.000000 2.302905e-09
5085.000000 2.306828e-09
5090.000000 2.310819e-09
5095.000000 2.298036e-09
5100.000000 2.269857e-09
5105.000000 2.236821e-09
5110.000000 2.214324e-09
5115.000000 2.208931e-09
5120.000000 2.201559e-09
5125.000000 2.184559e-09
5130.000000 2.202789e-09
5135.000000 2.281272e-09
5140.000000 2.343209e-09
5145.000000 2.321624e-09
5150.000000 2.275181e-09
5155.000000 2.264148e-09
5160.000000 2.228405e-09
5165.000000 2.107659e-09
5170.000000 1.964653e-09
5175.000000 1.892659e-09
5180.000000 1.935633e-09
5185.000000 2.079821e-09
5190.000000 2.215419e-09
5195.000000 2.248780e-09
5200.000000 2.223510e-09
5205.000000 2.232775e-09
5210.000000 2.356367e-09
5215.000000 2.607363e-09
5220.000000 2.845527e-09
5225.000000 2.948866e-09
5230.000000 2.991930e-09
5235.000000 3.075301e-09
5240.000000 3.168606e-09
5245.000000 3.201519e-09
5250.000000 3.137256e-09
5255.000000 2.979194e-09
5260.000000 2.799637e-09
5265.000000 2.691601e-09
5270.000000 2.730569e-09
5275.000000 2.927129e-09
5280.000000 3.143243e-09
5285.000000 3.244908e-09
5290.000000 3.256163e-09
5295.000000 3.256105e-09
5300.000000 3.304363e-09
5305.000000 3.410084e-09
5310.000000 3.477544e-09
5315.000000 3.423711e-09
5320.000000 3.301725e-09
5325.000000 3.197674e-09
5330.000000 3.145635e-09
5335.000000 3.151805e-09
5340.000000 3.204728e-09
5345.000000 3.289815e-09
5350.000000 3.398231e-09
5355.000000 3.512139e-09
5360.000000 3.585980e-09
5365.000000 3.592865e-09
5370.000000 3.581354e-09
5375.000000 3.603548e-09
5380.000000 3.644474e-09
5385.000000 3.662862e-09
5390.000000 3.619823e-09
5395.000000 3.509309e-09
5400.000000 3.406479e-09
5405.000000 3.394505e-09
5410.000000 3.493858e-09
5415.000000 3.669211e-09
5420.000000 3.806039e-09
5425.000000 3.812837e-09
5430.000000 3.735475e-09
5435.000000 3.658839e-09
5440.000000 3.630680e-09
5445.000000 3.661555e-09
5450.000000 3.706785e-09
5455.000000 3.723980e-09
5460.000000 3.729144e-09
5465.000000 3.746161e-09
5470.000000 3.761682e-09
5475.000000 3.764951e-09
5480.000000 3.789229e-09
5485.000000 3.858590e-09
5490.000000 3.928488e-09
5495.000000 3.943126e-09
5500.000000 3.888849e-09
5505.000000 3.788739e-09
5510.000000 3.717102e-09
5515.000000 3.737342e-09
5520.000000 3.833488e-09
5525.000000 3.954652e-09
5530.000000 4.040635e-09
5535.000000 4.062318e-09
5540.000000 4.076693e-09
5545.000000 4.135589e-09
5550.000000 4.193205e-09
5555.000000 4.191008e-09
5560.000000 4.136957e-09
5565.000000 4.065129e-09
5570.000000 4.007946e-09
5575.000000 3.980378e-09
5580.000000 3.955481e-09
5585.000000 3.898855e-09
5590.000000 3.800853e-09
5595.000000 3.690383e-09
5600.000000 3.667288e-09
5605.000000 3.791426e-09
5610.000000 3.950545e-09
5615.000000 4.019771e-09
5620.000000 4.014321e-09
5625.000000 3.998208e-09
5630.000000 4.017950e-09
5635.000000 4.090249e-09
5640.000000 4.176199e-09
5645.000000 4.232561e-09
5650.000000 4.258351e-09
5655.000000 4.262414e-09
5660.000000 4.237624e-09
5665.000000 4.191079e-09
5670.000000 4.181659e-09
5675.000000 4.247521e-09
5680.000000 4.322033e-09
5685.000000 4.333665e-09
5690.000000 4.302457e-09
5695.000000 4.265899e-09
5700.000000 4.215356e-09
5705.000000 4.148281e-09
5710.000000 4.124033e-09
5715.000000 4.185162e-09
5720.000000 4.268942e-09
5725.000000 4.311016e-09
5730.000000 4.347113e-09
5735.000000 4.422682e-09
5740.000000 4.506771e-09
5745.000000 4.554924e-09
5750.000000 4.566505e-09
5755.000000 4.558974e-09
5760.000000 4.551030e-09
5765.000000 4.555692e-09
5770.000000 4.571294e-09
5775.000000 4.590452e-09
5780.000000 4.605627e-09
5785.000000 4.612914e-09
5790.000000 4.617867e-09
5795.000000 4.629681e-09
5800.000000 4.645390e-09
5805.000000 4.613744e-09
5810.000000 4.609760e-09
5815.000000 4.611409e-09
5820.000000 4.618772e-09
5825.000000 4.637993e-09
5830.000000 4.631321e-09
5835.000000 4.598778e-09
5840.000000 4.579312e-09
5845.000000 4.548088e-09
5850.000000 4.493401e-09
5855.000000 4.377172e-09
5860.000000 4.256318e-09
5865.000000 4.169245e-09
5870.000000 4.041969e-09
5875.000000 3.867619e-09
5880.000000 3.582173e-09
5885.000000 3.143841e-09
5890.000000 2.738914e-09
5895.000000 2.714128e-09
5900.000000 3.119970e-09
5905.000000 3.511611e-09
5910.000000 3.748838e-09
5915.000000 3.906364e-09
5920.000000 4.037866e-09
5925.000000 4.133881e-09
5930.000000 4.216827e-09
5935.000000 4.303204e-09
5940.000000 4.362013e-09
5945.000000 4.375999e-09
5950.000000 4.370774e-09
5955.000000 4.359665e-09
5960.000000 4.392859e-09
5965.000000 4.429798e-09
5970.000000 4.446255e-09
5975.000000 4.463379e-09
5980.000000 4.472051e-09
5985.000000 4.494352e-09
5990.000000 4.538815e-09
5995.000000 4.552353e-09
6000.000000 4.518895e-09
6005.000000 4.502704e-09
6010.000000 4.486497e-09
6015.000000 4.470811e-09
6020.000000 4.504523e-09
6025.000000 4.605750e-09
6030.000000 4.694009e-09
6035.000000 4.750960e-09
6040.000000 4.722204e-09
6045.000000 4.802095e-09
6050.000000 4.807572e-09
6055.000000 4.789881e-09
6060.000000 4.773294e-09
6065.000000 4.748978e-09
6070.000000 4.783793e-09
6075.000000 4.782762e-09
6080.000000 4.726731e-09
6085.000000 4.698711e-09
6090.000000 4.688921e-09
6095.000000 4.664811e-09
6100.000000 4.564137e-09
6105.000000 4.474380e-09
6110.000000 4.561971e-09
6115.000000 4.579301e-09
6120.000000 4.353351e-09
6125.000000 4.366016e-09
6130.000000 4.580633e-09
6135.000000 4.581228e-09
6140.000000 4.604634e-09
6145.000000 4.633174e-09
6150.000000 4.549876e-09
6155.000000 4.375666e-09
6160.000000 4.039784e-09
6165.000000 3.884567e-09
6170.000000 4.016820e-09
6175.000000 4.169399e-09
6180.000000 4.269125e-09
6185.000000 4.261013e-09
6190.000000 4.168236e-09
6195.000000 4.199056e-09
6200.000000 4.244921e-09
6205.000000 4.282255e-09
6210.000000 4.204479e-09
6215.000000 4.051558e-09
6220.000000 3.976750e-09
6225.000000 3.928295e-09
6230.000000 3.888319e-09
6235.000000 3.908154e-09
6240.000000 3.898686e-09
6245.000000 3.902842e-09
6250.000000 3.951362e-09
6255.000000 3.953301e-09
6260.000000 3.982904e-09
6265.000000 4.082738e-09
6270.000000 4.137379e-09
6275.000000 4.151774e-09
6280.000000 4.186824e-09
6285.000000 4.268662e-09
6290.000000 4.319428e-09
6295.000000 4.305163e-09
6300.000000 4.327493e-09
6305.000000 4.399805e-09
6310.000000 4.471691e-09
6315.000000 4.505406e-09
6320.000000 4.533879e-09
6325.000000 4.602744e-09
6330.000000 4.621189e-09
6335.000000 4.631605e-09
6340.000000 4.667264e-09
6345.000000 4.696727e-09
6350.000000 4.736283e-09
6355.000000 4.688766e-09
6360.000000 4.600765e-09
6365.000000 4.583136e-09
6370.000000 4.595143e-09
6375.000000 4.553742e-09
6380.000000 4.452368e-09
6385.000000 4.422374e-09
6390.000000 4.454924e-09
6395.000000 4.531453e-09
6400.000000 4.604732e-09
6405.000000 4.712053e-09
6410.000000 4.774120e-09
6415.000000 4.824218e-09
6420.000000 4.829943e-09
6425.000000 4.889670e-09
6430.000000 4.902541e-09
6435.000000 4.868576e-09
6440.000000 4.866424e-09
6445.000000 4.962082e-09
6450.000000 4.957914e-09
6455.000000 5.008720e-09
6460.000000 5.002568e-09
6465.000000 4.954051e-09
6470.000000 5.055762e-09
6475.000000 5.108034e-09
6480.000000 5.131538e-09
6485.000000 5.109314e-09
6490.000000 5.051155e-09
6495.000000 4.930957e-09
6500.000000 5.040366e-09
6505.000000 5.219406e-09
6510.000000 5.330236e-09
6515.000000 5.376515e-09
6520.000000 5.435153e-09
6525.000000 5.474531e-09
6530.000000 5.495552e-09
6535.000000 5.523923e-09
6540.000000 5.545130e-09
6545.000000 5.494141e-09
6550.000000 5.439020e-09
6555.000000 5.387658e-09
6560.000000 5.330495e-09
6565.000000 5.267343e-09
6570.000000 5.305528e-09
6575.000000 5.330220e-09
6580.000000 5.408342e-09
6585.000000 5.441668e-09
6590.000000 5.436723e-09
6595.000000 5.407597e-09
6600.000000 5.467457e-09
6605.000000 5.472134e-09
6610.000000 5.439408e-09
6615.000000 5.438118e-09
6620.000000 5.400502e-09
6625.000000 5.373750e-09
6630.000000 5.355025e-09
6635.000000 5.341007e-09
6640.000000 5.335732e-09
6645.000000 5.311442e-09
6650.000000 5.268241e-09
6655.000000 5.203542e-09
6660.000000 5.173237e-09
6665.000000 5.142834e-09
6670.000000 5.158628e-09
6675.000000 5.106974e-09
6680.000000 5.023343e-09
6685.000000 5.004844e-09
6690.000000 5.001702e-09
6695.000000 4.991533e-09
6700.000000 4.993790e-09
6705.000000 4.986581e-09
6710.000000 4.949948e-09
6715.000000 4.844421e-09
6720.000000 4.777348e-09
6725.000000 4.827939e-09
6730.000000 4.844675e-09
6735.000000 4.849361e-09
6740.000000 4.834509e-09
6745.000000 4.789143e-09
6750.000000 4.746356e-09
6755.000000 4.759874e-09
6760.000000 4.789877e-09
6765.000000 4.777220e-09
6770.000000 4.779175e-09
6775.000000 4.798489e-09
6780.000000 4.749500e-09
6785.000000 4.678689e-09
6790.000000 4.664489e-09
6795.000000 4.659090e-09
6800.000000 4.670211e-09
6805.000000 4.669738e-09
6810.000000 4.668640e-09
6815.000000 4.665884e-09
6820.000000 4.670494e-09
6825.000000 4.702815e-09
6830.000000 4.713995e-09
6835.000000 4.670780e-09
6840.000000 4.681805e-09
6845.000000 4.704086e-09
6850.000000 4.726748e-09
6855.000000 4.749641e-09
6860.000000 4.772641e-09
6865.000000 4.795656e-09
6870.000000 4.818590e-09
6875.000000 4.841385e-09
6880.000000 4.863910e-09
6885.000000 4.886095e-09
6890.000000 4.907866e-09
6895.000000 4.929133e-09
6900.000000 4.949784e-09
6905.000000 4.969827e-09
6910.000000 4.989400e-09
6915.000000 5.008700e-09
6920.000000 5.027941e-09
6925.000000 5.047339e-09
6930.000000 5.067093e-09
6935.000000 5.087426e-09
6940.000000 5.108551e-09
6945.000000 5.130670e-09
6950.000000 5.153976e-09
6955.000000 5.178524e-09
6960.000000 5.203951e-09
6965.000000 5.229745e-09
6970.000000 5.255379e-09
6975.000000 5.261845e-09
6980.000000 5.180667e-09
6985.000000 5.215610e-09
6990.000000 5.214980e-09
6995.000000 5.221922e-09
7000.000000 5.246743e-09
7005.000000 5.280844e-09
7010.000000 5.279793e-09
7015.000000 5.290852e-09
7020.000000 5.314441e-09
7025.000000 5.357595e-09
7030.000000 5.432985e-09
7035.000000 5.488361e-09
7040.000000 5.533044e-09
7045.000000 5.591447e-09
7050.000000 5.537999e-09
7055.000000 5.375449e-09
7060.000000 5.279480e-09
7065.000000 5.259291e-09
7070.000000 5.279277e-09
7075.000000 5.300625e-09
7080.000000 5.243378e-09
7085.000000 5.168777e-09
7090.000000 5.070417e-09
7095.000000 5.062981e-09
7100.000000 5.083806e-09
7105.000000 5.100037e-09
7110.000000 5.110520e-09
7115.000000 5.103375e-09
7120.000000 5.085145e-09
7125.000000 4.958181e-09
7130.000000 4.841595e-09
7135.000000 4.815055e-09
7140.000000 4.830290e-09
7145.000000 4.845522e-09
7150.000000 4.879712e-09
7155.000000 5.017835e-09
7160.000000 5.050034e-09
7165.000000 5.065266e-09
7170.000000 5.091265e-09
7175.000000 5.090546e-09
7180.000000 5.081036e-09
7185.000000 5.017901e-09
7190.000000 4.988418e-09
7195.000000 4.993134e-09
7200.000000 4.920884e-09
7205.000000 4.903943e-09
7210.000000 5.008119e-09
7215.000000 5.139968e-09
7220.000000 5.246072e-09
7225.000000 5.280499e-09
7230.000000 5.282787e-09
7235.000000 5.288949e-09
7240.000000 5.289609e-09
7245.000000 5.301514e-09
7250.000000 5.338932e-09
7255.000000 5.360694e-09
7260.000000 5.401408e-09
7265.000000 5.417031e-09
7270.000000 5.446947e-09
7275.000000 5.440344e-09
7280.000000 5.516513e-09
7285.000000 5.567973e-09
7290.000000 5.563109e-09
7295.000000 5.622320e-09
7300.000000 5.652112e-09
7305.000000 5.650560e-09
7310.000000 5.659410e-09
7315.000000 5.667165e-09
7320.000000 5.659080e-09
7325.000000 5.637868e-09
7330.000000 5.659757e-09
7335.000000 5.739452e-09
7340.000000 5.772265e-09
7345.000000 5.736170e-09
7350.000000 5.737229e-09
7355.000000 5.696510e-09
7360.000000 5.690793e-09
7365.000000 5.746485e-09
7370.000000 5.819327e-09
7375.000000 5.863545e-09
7380.000000 5.869977e-09
7385.000000 5.853182e-09
7390.000000 5.823408e-09
7395.000000 5.827439e-09
7400.000000 5.806057e-09
7405.000000 5.848954e-09
7410.000000 5.849467e-09
7415.000000 5.844926e-09
7420.000000 5.849788e-09
7425.000000 5.870990e-09
7430.000000 5.898309e-09
7435.000000 5.906334e-09
7440.000000 5.899636e-09
7445.000000 5.879201e-09
7450.000000 5.895678e-09
7455.000000 5.934356e-09
7460.000000 5.894777e-09
7465.000000 5.866845e-09
7470.000000 5.911089e-09
7475.000000 5.916916e-09
7480.000000 5.907132e-09
7485.000000 5.886839e-09
7490.000000 5.841474e-09
7495.000000 5.820791e-09
7500.000000 5.871819e-09
7505.000000 5.872880e-09
7510.000000 5.858320e-09
7515.000000 5.896765e-09
7520.000000 5.926857e-09
7525.000000 5.925113e-09
7530.000000 5.937891e-09
7535.000000 5.966630e-09
7540.000000 5.976163e-09
7545.000000 5.966707e-09
7550.000000 5.958340e-09
7555.000000 5.952280e-09
7560.000000 5.945509e-09
7565.000000 5.937644e-09
7570.000000 5.928816e-09
7575.000000 5.919130e-09
7580.000000 5.908691e-09
7585.000000 5.897641e-09
7590.000000 5.886055e-09
7595.000000 5.874081e-09
7600.000000 5.861813e-09
7605.000000 5.849363e-09
7610.000000 5.836847e-09
7615.000000 5.824346e-09
7620.000000 5.811998e-09
7625.000000 5.799899e-09
7630.000000 5.788122e-09
7635.000000 5.776803e-09
7640.000000 5.766020e-09
7645.000000 5.755915e-09
7650.000000 5.746559e-09
7655.000000 5.737999e-09
7660.000000 5.730242e-09
7665.000000 5.723226e-09
7670.000000 5.716858e-09
7675.000000 5.711079e-09
7680.000000 5.705813e-09
7685.000000 5.701016e-09
7690.000000 5.696599e-09
7695.000000 5.692512e-09
7700.000000 5.688669e-09
7705.000000 5.685023e-09
7710.000000 5.681637e-09
7715.000000 5.678519e-09
7720.000000 5.675753e-09
7725.000000 5.673380e-09
7730.000000 5.680200e-09
7735.000000 5.731382e-09
7740.000000 5.737858e-09
7745.000000 5.714970e-09
7750.000000 5.680940e-09
7755.000000 5.706910e-09
7760.000000 5.733460e-09
7765.000000 5.754759e-09
7770.000000 5.790834e-09
7775.000000 5.808216e-09
7780.000000 5.771500e-09
7785.000000 5.766086e-09
7790.000000 5.767066e-09
7795.000000 5.778323e-09
7800.000000 5.773032e-09
7805.000000 5.776262e-09
7810.000000 5.782367e-09
7815.000000 5.790999e-09
7820.000000 5.779887e-09
7825.000000 5.774559e-09
7830.000000 5.748965e-09
7835.000000 5.742053e-09
7840.000000 5.793666e-09
7845.000000 5.832233e-09
7850.000000 5.841104e-09
7855.000000 5.850634e-09
7860.000000 5.865179e-09
7865.000000 5.872249e-09
7870.000000 5.870854e-09
7875.000000 5.871017e-09
7880.000000 5.881330e-09
7885.000000 5.889696e-09
7890.000000 5.880242e-09
7895.000000 5.862067e-09
7900.000000 5.841941e-09
7905.000000 5.819018e-09
7910.000000 5.793305e-09
7915.000000 5.774652e-09
7920.000000 5.769741e-09
7925.000000 5.763224e-09
7930.000000 5.761911e-09
7935.000000 5.724123e-09
7940.000000 5.695258e-09
7945.000000 5.672889e-09
7950.000000 5.686080e-09
7955.000000 5.737168e-09
7960.000000 5.754659e-09
7965.000000 5.775748e-09
7970.000000 5.811601e-09
7975.000000 5.827643e-09
7980.000000 5.823944e-09
7985.000000 5.841750e-09
7990.000000 5.847084e-09
7995.000000 5.831577e-09
8000.000000 5.818539e-09
8005.000000 5.874401e-09
8010.000000 5.888664e-09
8015.000000 5.886259e-09
8020.000000 5.882768e-09
8025.000000 5.849774e-09
8030.000000 5.850107e-09
8035.000000 5.862791e-09
8040.000000 5.864135e-09
8045.000000 5.844168e-09
8050.000000 5.863049e-09
8055.000000 5.906914e-09
8060.000000 5.922342e-09
8065.000000 5.905219e-09
8070.000000 5.867401e-09
8075.000000 5.864125e-09
8080.000000 5.860352e-09
8085.000000 5.803913e-09
8090.000000 5.855080e-09
8095.000000 5.873593e-09
8100.000000 5.887860e-09
8105.000000 5.913580e-09
8110.000000 5.924953e-09
8115.000000 5.926913e-09
8120.000000 5.957847e-09
8125.000000 6.007620e-09
8130.000000 5.999160e-09
8135.000000 6.001625e-09
8140.000000 5.995981e-09
8145.000000 5.958243e-09
8150.000000 5.916380e-09
8155.000000 5.874620e-09
8160.000000 5.784179e-09
8165.000000 5.760439e-09
8170.000000 5.795834e-09
8175.000000 5.717451e-09
8180.000000 5.565109e-09
8185.000000 5.412710e-09
8190.000000 5.391788e-09
8195.000000 5.261758e-09
8200.000000 5.370687e-09
8205.000000 5.569688e-09
8210.000000 5.672538e-09
8215.000000 5.724614e-09
8220.000000 5.705794e-09
8225.000000 5.625102e-09
8230.000000 5.586701e-09
8235.000000 5.700062e-09
8240.000000 5.793598e-09
8245.000000 5.809058e-09
8250.000000 5.847406e-09
8255.000000 5.859057e-09
8260.000000 5.894516e-09
8265.000000 5.939989e-09
8270.000000 5.919838e-09
8275.000000 5.882135e-09
8280.000000 5.866343e-09
8285.000000 5.862547e-09
8290.000000 5.843508e-09
8295.000000 5.858388e-09
8300.000000 5.840866e-09
8305.000000 5.807633e-09
8310.000000 5.789781e-09
8315.000000 5.757071e-09
8320.000000 5.715139e-09
8325.000000 5.696558e-09
8330.000000 5.670530e-09
8335.000000 5.723947e-09
8340.000000 5.783328e-09
8345.000000 5.852551e-09
8350.000000 5.881214e-09
8355.000000 5.908741e-09
8360.000000 5.922344e-09
8365.000000 5.905508e-09
8370.000000 5.917514e-09
8375.000000 5.897128e-09
8380.000000 5.825662e-09
8385.000000 5.749873e-09
8390.000000 5.780143e-09
8395.000000 5.855523e-09
8400.000000 5.887415e-09
8405.000000 5.911152e-09
8410.000000 5.903970e-09
8415.000000 5.886180e-09
8420.000000 5.900989e-09
8425.000000 5.882955e-09
8430.000000 5.867273e-09
8435.000000 5.801659e-09
8440.000000 5.873436e-09
8445.000000 5.935822e-09
8450.000000 5.921918e-09
8455.000000 5.899559e-09
8460.000000 5.884494e-09
8465.000000 5.847645e-09
8470.000000 5.824423e-09
8475.000000 5.849191e-09
8480.000000 5.876897e-09
8485.000000 5.885369e-09
8490.000000 5.846017e-09
8495.000000 5.707871e-09
8500.000000 5.629157e-09
8505.000000 5.714757e-09
8510.000000 5.751898e-09
8515.000000 5.686874e-09
8520.000000 5.675098e-09
8525.000000 5.686973e-09
8530.000000 5.631194e-09
8535.000000 5.481142e-09
8540.000000 5.170385e-09
8545.000000 5.130976e-09
8550.000000 5.338041e-09
8555.000000 5.514803e-09
8560.000000 5.588834e-09
8565.000000 5.656804e-09
8570.000000 5.739000e-09
8575.000000 5.817978e-09
8580.000000 5.877000e-09
8585.000000 5.896347e-09
8590.000000 5.926498e-09
8595.000000 5.923388e-09
8600.000000 5.912333e-09
8605.000000 5.887388e-09
8610.000000 5.835328e-09
8615.000000 5.806688e-09
8620.000000 5.811702e-09
8625.000000 5.837881e-09
8630.000000 5.872073e-09
8635.000000 5.876449e-09
8640.000000 5.881152e-09
8645.000000 5.865505e-09
8650.000000 5.809087e-09
8655.000000 5.670722e-09
8660.000000 5.408430e-09
8665.000000 5.288852e-09
8670.000000 5.428215e-09
8675.000000 5.439154e-09
8680.000000 5.443975e-09
8685.000000 5.421387e-09
8690.000000 5.427357e-09
8695.000000 5.557887e-09
8700.000000 5.675054e-09
8705.000000 5.757781e-09
8710.000000 5.779343e-09
8715.000000 5.795702e-09
8720.000000 5.820774e-09
8725.000000 5.841110e-09
8730.000000 5.833196e-09
8735.000000 5.798366e-09
8740.000000 5.819654e-09
8745.000000 5.831559e-09
8750.000000 5.802293e-09
8755.000000 5.760774e-09
8760.000000 5.726283e-09
8765.000000 5.697784e-09
8770.000000 5.661685e-09
8775.000000 5.644974e-09
8780.000000 5.653558e-09
8785.000000 5.674534e-09
8790.000000 5.711638e-09
8795.000000 5.701620e-09
8800.000000 5.648057e-09
8805.000000 5.540439e-09
8810.000000 5.532627e-09
8815.000000 5.613188e-09
8820.000000 5.591632e-09
8825.000000 5.513787e-09
8830.000000 5.585795e-09
8835.000000 5.639866e-09
8840.000000 5.650429e-09
8845.000000 5.689091e-09
8850.000000 5.702167e-09
8855.000000 5.705551e-09
8860.000000 5.707086e-09
8865.000000 5.629727e-09
8870.000000 5.573047e-09
8875.000000 5.574276e-09
8880.000000 5.566983e-09
8885.000000 5.550166e-09
8890.000000 5.557315e-09
8895.000000 5.547847e-09
8900.000000 5.560799e-09
8905.000000 5.571585e-09
8910.000000 5.580721e-09
8915.000000 5.582810e-09
8920.000000 5.574370e-09
8925.000000 5.559381e-09
8930.000000 5.559391e-09
8935.000000 5.544922e-09
8940.000000 5.532500e-09
8945.000000 5.504343e-09
8950.000000 5.507394e-09
8955.000000 5.514580e-09
8960.000000 5.548791e-09
8965.000000 5.535075e-09
8970.000000 5.536533e-09
8975.000000 5.544903e-09
8980.000000 5.516674e-09
8985.000000 5.417114e-09
8990.000000 5.345680e-09
8995.000000 5.416481e-09
9000.000000 5.431611e-09
9005.000000 5.418114e-09
9010.000000 5.431964e-09
9015.000000 5.438269e-09
9020.000000 5.498060e-09
9025.000000 5.547117e-09
9030.000000 5.655138e-09
9035.000000 5.738622e-09
9040.000000 5.777310e-09
9045.000000 5.795699e-09
9050.000000 5.785344e-09
9055.000000 5.754587e-09
9060.000000 5.699407e-09
9065.000000 5.634074e-09
9070.000000 5.557817e-09
9075.000000 5.521881e-09
9080.000000 5.496090e-09
9085.000000 5.489634e-09
9090.000000 5.525914e-09
9095.000000 5.598792e-09
9100.000000 5.609373e-09
9105.000000 5.625636e-09
9110.000000 5.646890e-09
9115.000000 5.614731e-09
9120.000000 5.573180e-09
9125.000000 5.549129e-09
9130.000000 5.483649e-09
9135.000000 5.458953e-09
9140.000000 5.473228e-09
9145.000000 5.471517e-09
9150.000000 5.432231e-09
9155.000000 5.424523e-09
9160.000000 5.484964e-09
9165.000000 5.508049e-09
9170.000000 5.436819e-09
9175.000000 5.436476e-09
9180.000000 5.503109e-09
9185.000000 5.547934e-09
9190.000000 5.573989e-09
9195.000000 5.583945e-09
9200.000000 5.593630e-09
9205.000000 5.614122e-09
9210.000000 5.633086e-09
9215.000000 5.644904e-09
9220.000000 5.645918e-09
9225.000000 5.633641e-09
9230.000000 5.608881e-09
9235.000000 5.573650e-09
9240.000000 5.530305e-09
9245.000000 5.483567e-09
9250.000000 5.444211e-09
9255.000000 5.425369e-09
9260.000000 5.439575e-09
9265.000000 5.491648e-09
9270.000000 5.566356e-09
9275.000000 5.640753e-09
9280.000000 5.691970e-09
9285.000000 5.704823e-09
9290.000000 5.684351e-09
9295.000000 5.643400e-09
9300.000000 5.595449e-09
9305.000000 5.553191e-09
9310.000000 5.527159e-09
9315.000000 5.527052e-09
9320.000000 5.561616e-09
9325.000000 5.630707e-09
9330.000000 5.711181e-09
9335.000000 5.771026e-09
9340.000000 5.778753e-09
9345.000000 5.717335e-09
9350.000000 5.607143e-09
9355.000000 5.482998e-09
9360.000000 5.380306e-09
9365.000000 5.325995e-09
9370.000000 5.324988e-09
9375.000000 5.373681e-09
9380.000000 5.467068e-09
9385.000000 5.594405e-09
9390.000000 5.730103e-09
9395.000000 5.842829e-09
9400.000000 5.901877e-09
9405.000000 5.888307e-09
9410.000000 5.813909e-09
9415.000000 5.702206e-09
9420.000000 5.577627e-09
9425.000000 5.461487e-09
9430.000000 5.367115e-09
9435.000000 5.304748e-09
9440.000000 5.283702e-09
9445.000000 5.306981e-09
9450.000000 5.361280e-09
9455.000000 5.427022e-09
9460.000000 5.484567e-09
9465.000000 5.519577e-09
9470.000000 5.531604e-09
9475.000000 5.525457e-09
9480.000000 5.506539e-09
9485.000000 5.480056e-09
9490.000000 5.450944e-09
9495.000000 5.424015e-09
9500.000000 5.403988e-09
9505.000000 5.394858e-09
9510.000000 5.398878e-09
9515.000000 5.417544e-09
9520.000000 5.452017e-09
9525.000000 5.500604e-09
9530.000000 5.554007e-09
9535.000000 5.600073e-09
9540.000000 5.626823e-09
9545.000000 5.626795e-09
9550.000000 5.604289e-09
9555.000000 5.568135e-09
9560.000000 5.527399e-09
9565.000000 5.489244e-09
9570.000000 5.456004e-09
9575.000000 5.428099e-09
9580.000000 5.405805e-09
9585.000000 5.389757e-09
9590.000000 5.381367e-09
9595.000000 5.382435e-09
9600.000000 5.394495e-09
9605.000000 5.416417e-09
9610.000000 5.440175e-09
9615.000000 5.455078e-09
9620.000000 5.450673e-09
9625.000000 5.421626e-09
9630.000000 5.375856e-09
9635.000000 5.326392e-09
9640.000000 5.286341e-09
9645.000000 5.264738e-09
9650.000000 5.259927e-09
9655.000000 5.266143e-09
9660.000000 5.277296e-09
9665.000000 5.288521e-09
9670.000000 5.298216e-09
9675.000000 5.306044e-09
9680.000000 5.311775e-09
9685.000000 5.315082e-09
9690.000000 5.315437e-09
9695.000000 5.312211e-09
9700.000000 5.304893e-09
9705.000000 5.294076e-09
9710.000000 5.283411e-09
9715.000000 5.277603e-09
9720.000000 5.281235e-09
9725.000000 5.295939e-09
9730.000000 5.315798e-09
9735.000000 5.331943e-09
9740.000000 5.335640e-09
9745.000000 5.322227e-09
9750.000000 5.298935e-09
9755.000000 5.279009e-09
9760.000000 5.259720e-09
9765.000000 5.283305e-09
9770.000000 5.293137e-09
9775.000000 5.294070e-09
9780.000000 5.280732e-09
9785.000000 5.227263e-09
9790.000000 5.252967e-09
9795.000000 5.270282e-09
9800.000000 5.267725e-09
9805.000000 5.280962e-09
9810.000000 5.308623e-09
9815.000000 5.317480e-09
9820.000000 5.307810e-09
9825.000000 5.278806e-09
9830.000000 5.296923e-09
9835.000000 5.310129e-09
9840.000000 5.285325e-09
9845.000000 5.300459e-09
9850.000000 5.311376e-09
9855.000000 5.305909e-09
9860.000000 5.318610e-09
9865.000000 5.301092e-09
9870.000000 5.229543e-09
9875.000000 5.243478e-09
9880.000000 5.309599e-09
9885.000000 5.282822e-09
9890.000000 5.249945e-09
9895.000000 5.219629e-09
9900.000000 5.206882e-09
9905.000000 5.208929e-09
9910.000000 5.140788e-09
9915.000000 5.131580e-09
9920.000000 5.131149e-09
9925.000000 5.153559e-09
9930.000000 5.159547e-09
9935.000000 5.166687e-09
9940.000000 5.172846e-09
9945.000000 5.208588e-09
9950.000000 5.278723e-09
9955.000000 5.218089e-09
9960.000000 5.177609e-09
9965.000000 5.195006e-09
9970.000000 5.185885e-09
9975.000000 5.204143e-09
9980.000000 5.167380e-09
9985.000000 5.144022e-09
9990.000000 5.193402e-09
9995.000000 5.187017e-09
10000.000000 5.184722e-09
10005.000000 5.186241e-09
10010.000000 5.214050e-09
10015.000000 5.241911e-09
10020.000000 5.341390e-09
10025.000000 5.292595e-09
10030.000000 5.216894e-09
10035.000000 5.159022e-09
10040.000000 5.125903e-09
10045.000000 5.143736e-09
10050.000000 5.126825e-09
10055.000000 5.104584e-09
10060.000000 5.239265e-09
10065.000000 5.228254e-09
10070.000000 5.135482e-09
10075.000000 5.066776e-09
10080.000000 5.062962e-09
10085.000000 5.100669e-09
10090.000000 5.112326e-09
10095.000000 5.104186e-09
10100.000000 5.088618e-09
10105.000000 5.115548e-09
10110.000000 5.146820e-09
10115.000000 5.173682e-09
10120.000000 5.195034e-09
10125.000000 5.209337e-09
10130.000000 5.213584e-09
10135.000000 5.204275e-09
10140.000000 5.178275e-09
10145.000000 5.136495e-09
10150.000000 5.090520e-09
10155.000000 5.055993e-09
10160.000000 5.048185e-09
10165.000000 5.074200e-09
10170.000000 5.120081e-09
10175.000000 5.163697e-09
10180.000000 5.182974e-09
10185.000000 5.164194e-09
10190.000000 5.115326e-09
10195.000000 5.052732e-09
10200.000000 4.993139e-09
10205.000000 4.948922e-09
10210.000000 4.921141e-09
10215.000000 4.906475e-09
10220.000000 4.901264e-09
10225.000000 4.902752e-09
10230.000000 4.910597e-09
10235.000000 4.925324e-09
10240.000000 4.947514e-09
10245.000000 4.977038e-09
10250.000000 5.011946e-09
10255.000000 5.049592e-09
10260.000000 5.087249e-09
10265.000000 5.122078e-09
10270.000000 5.150886e-09
10275.000000 5.170386e-09
10280.000000 5.177420e-09
10285.000000 5.170514e-09
10290.000000 5.152443e-09
10295.000000 5.127657e-09
10300.000000 5.100660e-09
10305.000000 5.074897e-09
10310.000000 5.051061e-09
10315.000000 5.028765e-09
10320.000000 5.007565e-09
10325.000000 4.987214e-09
10330.000000 4.968112e-09
10335.000000 4.950881e-09
10340.000000 4.936225e-09
10345.000000 4.925713e-09
10350.000000 4.922968e-09
10355.000000 4.932496e-09
10360.000000 4.958421e-09
10365.000000 5.000984e-09
10370.000000 5.050190e-09
10375.000000 5.092070e-09
10380.000000 5.112961e-09
10385.000000 5.105618e-09
10390.000000 5.079531e-09
10395.000000 5.050656e-09
10400.000000 5.034992e-09
10405.000000 5.042680e-09
10410.000000 5.068619e-09
10415.000000 5.101808e-09
10420.000000 5.131023e-09
10425.000000 5.147945e-09
10430.000000 5.151983e-09
10435.000000 5.145488e-09
10440.000000 5.131062e-09
10445.000000 5.110873e-09
10450.000000 5.085953e-09
10455.000000 5.056875e-09
10460.000000 5.024322e-09
10465.000000 4.990607e-09
10470.000000 4.962269e-09
10475.000000 4.947454e-09
10480.000000 4.953860e-09
10485.000000 4.983365e-09
10490.000000 5.022642e-09
10495.000000 5.052521e-09
10500.000000 5.054145e-09
10505.000000 5.017950e-09
10510.000000 4.958500e-09
10515.000000 4.899638e-09
10520.000000 4.865255e-09
10525.000000 4.870621e-09
10530.000000 4.908492e-09
10535.000000 4.962998e-09
10540.000000 5.017738e-09
10545.000000 5.059414e-09
10550.000000 5.082869e-09
10555.000000 5.086081e-09
10560.000000 5.067691e-09
10565.000000 5.029788e-09
10570.000000 4.983546e-09
10575.000000 4.943590e-09
10580.000000 4.924275e-09
10585.000000 4.933717e-09
10590.000000 4.963818e-09
10595.000000 5.000231e-09
10600.000000 5.028425e-09
10605.000000 5.038216e-09
10610.000000 5.030746e-09
10615.000000 5.011459e-09
10620.000000 3.742657e-09
