1150.000000 0.000000e+00
1155.000000 0.000000e+00
1160.000000 0.000000e+00
1165.000000 0.000000e+00
1170.000000 0.000000e+00
1175.000000 0.000000e+00
1180.000000 0.000000e+00
1185.000000 0.000000e+00
1190.000000 0.000000e+00
1195.000000 0.000000e+00
1200.000000 0.000000e+00
1205.000000 0.000000e+00
1210.000000 0.000000e+00
1215.000000 0.000000e+00
1220.000000 0.000000e+00
1225.000000 0.000000e+00
1230.000000 0.000000e+00
1235.000000 0.000000e+00
1240.000000 0.000000e+00
1245.000000 0.000000e+00
1250.000000 0.000000e+00
1255.000000 0.000000e+00
1260.000000 0.000000e+00
1265.000000 0.000000e+00
1270.000000 0.000000e+00
1275.000000 0.000000e+00
1280.000000 0.000000e+00
1285.000000 0.000000e+00
1290.000000 0.000000e+00
1295.000000 0.000000e+00
1300.000000 0.000000e+00
1305.000000 0.000000e+00
1310.000000 0.000000e+00
1315.000000 0.000000e+00
1320.000000 0.000000e+00
1325.000000 0.000000e+00
1330.000000 0.000000e+00
1335.000000 0.000000e+00
1340.000000 0.000000e+00
1345.000000 0.000000e+00
1350.000000 0.000000e+00
1355.000000 0.000000e+00
1360.000000 0.000000e+00
1365.000000 0.000000e+00
1370.000000 0.000000e+00
1375.000000 0.000000e+00
1380.000000 0.000000e+00
1385.000000 0.000000e+00
1390.000000 0.000000e+00
1395.000000 0.000000e+00
1400.000000 0.000000e+00
1405.000000 0.000000e+00
1410.000000 0.000000e+00
1415.000000 0.000000e+00
1420.000000 0.000000e+00
1425.000000 0.000000e+00
1430.000000 0.000000e+00
1435.000000 0.000000e+00
1440.000000 0.000000e+00
1445.000000 0.000000e+00
1450.000000 0.000000e+00
1455.000000 0.000000e+00
1460.000000 0.000000e+00
1465.000000 0.000000e+00
1470.000000 0.000000e+00
1475.000000 0.000000e+00
1480.000000 0.000000e+00
1485.000000 0.000000e+00
1490.000000 0.000000e+00
1495.000000 0.000000e+00
1500.000000 0.000000e+00
1505.000000 0.000000e+00
1510.000000 0.000000e+00
1515.000000 0.000000e+00
1520.000000 0.000000e+00
1525.000000 0.000000e+00
1530.000000 0.000000e+00
1535.000000 0.000000e+00
1540.000000 0.000000e+00
1545.000000 0.000000e+00
1550.000000 0.000000e+00
1555.000000 0.000000e+00
1560.000000 0.000000e+00
1565.000000 0.000000e+00
1570.000000 0.000000e+00
1575.000000 0.000000e+00
1580.000000 0.000000e+00
1585.000000 0.000000e+00
1590.000000 0.000000e+00
1595.000000 0.000000e+00
1600.000000 0.000000e+00
1605.000000 0.000000e+00
1610.000000 0.000000e+00
1615.000000 0.000000e+00
1620.000000 0.000000e+00
1625.000000 0.000000e+00
1630.000000 0.000000e+00
1635.000000 0.000000e+00
1640.000000 0.000000e+00
1645.000000 0.000000e+00
1650.000000 0.000000e+00
1655.000000 0.000000e+00
1660.000000 0.000000e+00
1665.000000 0.000000e+00
1670.000000 0.000000e+00
1675.000000 0.000000e+00
1680.000000 0.000000e+00
1685.000000 0.000000e+00
1690.000000 0.000000e+00
1695.000000 0.000000e+00
1700.000000 0.000000e+00
1705.000000 0.000000e+00
1710.000000 0.000000e+00
1715.000000 0.000000e+00
1720.000000 0.000000e+00
1725.000000 0.000000e+00
1730.000000 0.000000e+00
1735.000000 0.000000e+00
1740.000000 0.000000e+00
1745.000000 0.000000e+00
1750.000000 0.000000e+00
1755.000000 0.000000e+00
1760.000000 0.000000e+00
1765.000000 0.000000e+00
1770.000000 0.000000e+00
1775.000000 0.000000e+00
1780.000000 0.000000e+00
1785.000000 0.000000e+00
1790.000000 0.000000e+00
1795.000000 0.000000e+00
1800.000000 0.000000e+00
1805.000000 0.000000e+00
1810.000000 0.000000e+00
1815.000000 0.000000e+00
1820.000000 0.000000e+00
1825.000000 0.000000e+00
1830.000000 0.000000e+00
1835.000000 0.000000e+00
1840.000000 0.000000e+00
1845.000000 0.000000e+00
1850.000000 0.000000e+00
1855.000000 0.000000e+00
1860.000000 0.000000e+00
1865.000000 0.000000e+00
1870.000000 0.000000e+00
1875.000000 0.000000e+00
1880.000000 0.000000e+00
1885.000000 0.000000e+00
1890.000000 0.000000e+00
1895.000000 0.000000e+00
1900.000000 0.000000e+00
1905.000000 0.000000e+00
1910.000000 0.000000e+00
1915.000000 0.000000e+00
1920.000000 0.000000e+00
1925.000000 0.000000e+00
1930.000000 0.000000e+00
1935.000000 0.000000e+00
1940.000000 0.000000e+00
1945.000000 0.000000e+00
1950.000000 0.000000e+00
1955.000000 0.000000e+00
1960.000000 0.000000e+00
1965.000000 0.000000e+00
1970.000000 0.000000e+00
1975.000000 0.000000e+00
1980.000000 0.000000e+00
1985.000000 0.000000e+00
1990.000000 0.000000e+00
1995.000000 0.000000e+00
2000.000000 0.000000e+00
2005.000000 0.000000e+00
2010.000000 0.000000e+00
2015.000000 0.000000e+00
2020.000000 0.000000e+00
2025.000000 0.000000e+00
2030.000000 0.000000e+00
2035.000000 0.000000e+00
2040.000000 0.000000e+00
2045.000000 0.000000e+00
2050.000000 0.000000e+00
2055.000000 0.000000e+00
2060.000000 0.000000e+00
2065.000000 0.000000e+00
2070.000000 0.000000e+00
2075.000000 0.000000e+00
2080.000000 0.000000e+00
2085.000000 0.000000e+00
2090.000000 0.000000e+00
2095.000000 0.000000e+00
2100.000000 0.000000e+00
2105.000000 0.000000e+00
2110.000000 0.000000e+00
2115.000000 0.000000e+00
2120.000000 0.000000e+00
2125.000000 0.000000e+00
2130.000000 0.000000e+00
2135.000000 0.000000e+00
2140.000000 0.000000e+00
2145.000000 0.000000e+00
2150.000000 0.000000e+00
2155.000000 0.000000e+00
2160.000000 0.000000e+00
2165.000000 0.000000e+00
2170.000000 0.000000e+00
2175.000000 0.000000e+00
2180.000000 0.000000e+00
2185.000000 0.000000e+00
2190.000000 0.000000e+00
2195.000000 0.000000e+00
2200.000000 0.000000e+00
2205.000000 0.000000e+00
2210.000000 0.000000e+00
2215.000000 0.000000e+00
2220.000000 0.000000e+00
2225.000000 0.000000e+00
2230.000000 0.000000e+00
2235.000000 0.000000e+00
2240.000000 0.000000e+00
2245.000000 0.000000e+00
2250.000000 0.000000e+00
2255.000000 0.000000e+00
2260.000000 0.000000e+00
2265.000000 0.000000e+00
2270.000000 0.000000e+00
2275.000000 0.000000e+00
2280.000000 0.000000e+00
2285.000000 0.000000e+00
2290.000000 0.000000e+00
2295.000000 0.000000e+00
2300.000000 0.000000e+00
2305.000000 0.000000e+00
2310.000000 0.000000e+00
2315.000000 0.000000e+00
2320.000000 0.000000e+00
2325.000000 0.000000e+00
2330.000000 0.000000e+00
2335.000000 0.000000e+00
2340.000000 0.000000e+00
2345.000000 0.000000e+00
2350.000000 0.000000e+00
2355.000000 0.000000e+00
2360.000000 0.000000e+00
2365.000000 0.000000e+00
2370.000000 0.000000e+00
2375.000000 0.000000e+00
2380.000000 0.000000e+00
2385.000000 0.000000e+00
2390.000000 0.000000e+00
2395.000000 0.000000e+00
2400.000000 0.000000e+00
2405.000000 0.000000e+00
2410.000000 0.000000e+00
2415.000000 0.000000e+00
2420.000000 0.000000e+00
2425.000000 0.000000e+00
2430.000000 0.000000e+00
2435.000000 0.000000e+00
2440.000000 0.000000e+00
2445.000000 0.000000e+00
2450.000000 0.000000e+00
2455.000000 0.000000e+00
2460.000000 0.000000e+00
2465.000000 0.000000e+00
2470.000000 0.000000e+00
2475.000000 0.000000e+00
2480.000000 0.000000e+00
2485.000000 0.000000e+00
2490.000000 0.000000e+00
2495.000000 0.000000e+00
2500.000000 0.000000e+00
2505.000000 0.000000e+00
2510.000000 0.000000e+00
2515.000000 0.000000e+00
2520.000000 0.000000e+00
2525.000000 0.000000e+00
2530.000000 0.000000e+00
2535.000000 0.000000e+00
2540.000000 0.000000e+00
2545.000000 0.000000e+00
2550.000000 0.000000e+00
2555.000000 0.000000e+00
2560.000000 0.000000e+00
2565.000000 0.000000e+00
2570.000000 0.000000e+00
2575.000000 0.000000e+00
2580.000000 0.000000e+00
2585.000000 0.000000e+00
2590.000000 0.000000e+00
2595.000000 0.000000e+00
2600.000000 0.000000e+00
2605.000000 0.000000e+00
2610.000000 0.000000e+00
2615.000000 0.000000e+00
2620.000000 0.000000e+00
2625.000000 0.000000e+00
2630.000000 0.000000e+00
2635.000000 0.000000e+00
2640.000000 0.000000e+00
2645.000000 0.000000e+00
2650.000000 0.000000e+00
2655.000000 0.000000e+00
2660.000000 0.000000e+00
2665.000000 0.000000e+00
2670.000000 0.000000e+00
2675.000000 0.000000e+00
2680.000000 0.000000e+00
2685.000000 0.000000e+00
2690.000000 0.000000e+00
2695.000000 0.000000e+00
2700.000000 0.000000e+00
2705.000000 0.000000e+00
2710.000000 0.000000e+00
2715.000000 0.000000e+00
2720.000000 0.000000e+00
2725.000000 0.000000e+00
2730.000000 0.000000e+00
2735.000000 0.000000e+00
2740.000000 0.000000e+00
2745.000000 0.000000e+00
2750.000000 4.477893e-16
2755.000000 4.025226e-15
2760.000000 1.028290e-14
2765.000000 1.430489e-14
2770.000000 1.788070e-14
2775.000000 2.145649e-14
2780.000000 2.413678e-14
2785.000000 2.145330e-14
2790.000000 1.742969e-14
2795.000000 1.027646e-14
2800.000000 1.338536e-15
2805.000000 0.000000e+00
2810.000000 0.000000e+00
2815.000000 0.000000e+00
2820.000000 0.000000e+00
2825.000000 0.000000e+00
2830.000000 0.000000e+00
2835.000000 0.000000e+00
2840.000000 0.000000e+00
2845.000000 0.000000e+00
2850.000000 7.611940e-15
2855.000000 6.171103e-14
2860.000000 1.292068e-13
2865.000000 1.993814e-13
2870.000000 2.623996e-13
2875.000000 3.079820e-13
2880.000000 3.285302e-13
2885.000000 3.164460e-13
2890.000000 2.618946e-13
2895.000000 1.568309e-13
2900.000000 2.052548e-14
2905.000000 0.000000e+00
2910.000000 0.000000e+00
2915.000000 0.000000e+00
2920.000000 0.000000e+00
2925.000000 0.000000e+00
2930.000000 0.000000e+00
2935.000000 0.000000e+00
2940.000000 0.000000e+00
2945.000000 0.000000e+00
2950.000000 1.070086e-13
2955.000000 8.818453e-13
2960.000000 1.947523e-12
2965.000000 3.197786e-12
2970.000000 4.595536e-12
2975.000000 6.106810e-12
2980.000000 7.694042e-12
2985.000000 9.323284e-12
2990.000000 1.095698e-11
2995.000000 1.256161e-11
3000.000000 1.410320e-11
3005.000000 1.556030e-11
3010.000000 1.694367e-11
3015.000000 1.827700e-11
3020.000000 1.958483e-11
3025.000000 2.088958e-11
3030.000000 2.221621e-11
3035.000000 2.359204e-11
3040.000000 2.503985e-11
3045.000000 2.658416e-11
3050.000000 2.824878e-11
3055.000000 3.004655e-11
3060.000000 3.197086e-11
3065.000000 3.399973e-11
3070.000000 3.611351e-11
3075.000000 3.828894e-11
3080.000000 4.050688e-11
3085.000000 4.274663e-11
3090.000000 4.498960e-11
3095.000000 4.721418e-11
3100.000000 4.939856e-11
3105.000000 5.154227e-11
3110.000000 5.368459e-11
3115.000000 5.588338e-11
3120.000000 5.819427e-11
3125.000000 6.067868e-11
3130.000000 6.339004e-11
3135.000000 6.639032e-11
3140.000000 6.973741e-11
3145.000000 7.348862e-11
3150.000000 7.769577e-11
3155.000000 8.274110e-11
3160.000000 9.079791e-11
3165.000000 1.009727e-10
3170.000000 1.060056e-10
3175.000000 1.063196e-10
3180.000000 1.179357e-10
3185.000000 1.480975e-10
3190.000000 1.671787e-10
3195.000000 1.507196e-10
3200.000000 1.228654e-10
3205.000000 1.026935e-10
3210.000000 8.802833e-11
3215.000000 5.305238e-11
3220.000000 2.826077e-11
3225.000000 4.589051e-11
3230.000000 8.035179e-11
3235.000000 9.739619e-11
3240.000000 9.940602e-11
3245.000000 1.006670e-10
3250.000000 1.081037e-10
3255.000000 1.200895e-10
3260.000000 1.220862e-10
3265.000000 1.070394e-10
3270.000000 9.903536e-11
3275.000000 1.187002e-10
3280.000000 1.468961e-10
3285.000000 1.599849e-10
3290.000000 1.625869e-10
3295.000000 1.650770e-10
3300.000000 1.640808e-10
3305.000000 1.558282e-10
3310.000000 1.497634e-10
3315.000000 1.547806e-10
3320.000000 1.652569e-10
3325.000000 1.768577e-10
3330.000000 2.021076e-10
3335.000000 2.438963e-10
3340.000000 2.642155e-10
3345.000000 2.332739e-10
3350.000000 1.836442e-10
3355.000000 1.592429e-10
3360.000000 1.700646e-10
3365.000000 2.067485e-10
3370.000000 2.444968e-10
3375.000000 2.569037e-10
3380.000000 2.293337e-10
3385.000000 1.717935e-10
3390.000000 1.443042e-10
3395.000000 1.857716e-10
3400.000000 2.329265e-10
3405.000000 2.243314e-10
3410.000000 2.043404e-10
3415.000000 2.280697e-10
3420.000000 2.713578e-10
3425.000000 2.926203e-10
3430.000000 2.867304e-10
3435.000000 2.632684e-10
3440.000000 2.321821e-10
3445.000000 2.062490e-10
3450.000000 2.055262e-10
3455.000000 2.384808e-10
3460.000000 2.764403e-10
3465.000000 2.906775e-10
3470.000000 2.891055e-10
3475.000000 2.884146e-10
3480.000000 2.910103e-10
3485.000000 2.947227e-10
3490.000000 3.004818e-10
3495.000000 3.077537e-10
3500.000000 3.089864e-10
3505.000000 3.075898e-10
3510.000000 3.427710e-10
3515.000000 3.393751e-10
3520.000000 3.357371e-10
3525.000000 3.493933e-10
3530.000000 3.862091e-10
3535.000000 4.208417e-10
3540.000000 4.467908e-10
3545.000000 4.554080e-10
3550.000000 4.437963e-10
3555.000000 4.367407e-10
3560.000000 3.943168e-10
3565.000000 3.405848e-10
3570.000000 3.089401e-10
3575.000000 2.897460e-10
3580.000000 2.730787e-10
3585.000000 2.807717e-10
3590.000000 3.029979e-10
3595.000000 3.199690e-10
3600.000000 3.297017e-10
3605.000000 3.135553e-10
3610.000000 3.166595e-10
3615.000000 3.493943e-10
3620.000000 3.710461e-10
3625.000000 3.769873e-10
3630.000000 3.560357e-10
3635.000000 3.610201e-10
3640.000000 3.709849e-10
3645.000000 3.539881e-10
3650.000000 3.653891e-10
3655.000000 4.092607e-10
3660.000000 4.298278e-10
3665.000000 4.278108e-10
3670.000000 4.212425e-10
3675.000000 4.097358e-10
3680.000000 4.155519e-10
3685.000000 4.332923e-10
3690.000000 4.646734e-10
3695.000000 4.853097e-10
3700.000000 4.605596e-10
3705.000000 4.173702e-10
3710.000000 4.044029e-10
3715.000000 4.017696e-10
3720.000000 3.571594e-10
3725.000000 3.396403e-10
3730.000000 3.274800e-10
3735.000000 3.116231e-10
3740.000000 3.233666e-10
3745.000000 3.234056e-10
3750.000000 3.401903e-10
3755.000000 3.644171e-10
3760.000000 3.822601e-10
3765.000000 4.343466e-10
3770.000000 5.050635e-10
3775.000000 5.370229e-10
3780.000000 5.211163e-10
3785.000000 4.972032e-10
3790.000000 5.149614e-10
3795.000000 5.511547e-10
3800.000000 5.532068e-10
3805.000000 5.380461e-10
3810.000000 5.205837e-10
3815.000000 4.718155e-10
3820.000000 4.207389e-10
3825.000000 4.244908e-10
3830.000000 4.899391e-10
3835.000000 5.288813e-10
3840.000000 5.001612e-10
3845.000000 4.921499e-10
3850.000000 4.692549e-10
3855.000000 4.157676e-10
3860.000000 4.012220e-10
3865.000000 4.525871e-10
3870.000000 4.772189e-10
3875.000000 4.569738e-10
3880.000000 4.786175e-10
3885.000000 5.433136e-10
3890.000000 5.856704e-10
3895.000000 5.263120e-10
3900.000000 5.041554e-10
3905.000000 5.214461e-10
3910.000000 5.296472e-10
3915.000000 5.426481e-10
3920.000000 5.191993e-10
3925.000000 5.534411e-10
3930.000000 7.194378e-10
3935.000000 7.617979e-10
3940.000000 5.996616e-10
3945.000000 5.051888e-10
3950.000000 5.382278e-10
3955.000000 5.531293e-10
3960.000000 5.926370e-10
3965.000000 8.253753e-10
3970.000000 9.889705e-10
3975.000000 8.889693e-10
3980.000000 8.187060e-10
3985.000000 8.134423e-10
3990.000000 8.152071e-10
3995.000000 8.277586e-10
4000.000000 8.461524e-10
4005.000000 8.835045e-10
4010.000000 9.331157e-10
4015.000000 9.522401e-10
4020.000000 9.238084e-10
4025.000000 8.766944e-10
4030.000000 8.163978e-10
4035.000000 8.336834e-10
4040.000000 8.908502e-10
4045.000000 8.946533e-10
4050.000000 9.497424e-10
4055.000000 9.737460e-10
4060.000000 9.367079e-10
4065.000000 8.846017e-10
4070.000000 8.734730e-10
4075.000000 8.750381e-10
4080.000000 9.002148e-10
4085.000000 9.548526e-10
4090.000000 9.833343e-10
4095.000000 1.008034e-09
4100.000000 1.070865e-09
4105.000000 1.051980e-09
4110.000000 9.636473e-10
4115.000000 9.340724e-10
4120.000000 9.596147e-10
4125.000000 9.943106e-10
4130.000000 9.787354e-10
4135.000000 9.547769e-10
4140.000000 9.596482e-10
4145.000000 9.970925e-10
4150.000000 1.042499e-09
4155.000000 1.066216e-09
4160.000000 1.083497e-09
4165.000000 1.064305e-09
4170.000000 1.020871e-09
4175.000000 9.978910e-10
4180.000000 1.009516e-09
4185.000000 1.002928e-09
4190.000000 9.990775e-10
4195.000000 9.782835e-10
4200.000000 9.320118e-10
4205.000000 8.971542e-10
4210.000000 8.305510e-10
4215.000000 7.050012e-10
4220.000000 5.299828e-10
4225.000000 3.843185e-10
4230.000000 4.038701e-10
4235.000000 5.467838e-10
4240.000000 6.689431e-10
4245.000000 7.400369e-10
4250.000000 7.511916e-10
4255.000000 7.394210e-10
4260.000000 7.767216e-10
4265.000000 8.284935e-10
4270.000000 8.213685e-10
4275.000000 8.140366e-10
4280.000000 8.676803e-10
4285.000000 8.810633e-10
4290.000000 8.601481e-10
4295.000000 8.805080e-10
4300.000000 8.828804e-10
4305.000000 9.191983e-10
4310.000000 9.889023e-10
4315.000000 1.055691e-09
4320.000000 1.085952e-09
4325.000000 1.122349e-09
4330.000000 1.230457e-09
4335.000000 1.381892e-09
4340.000000 1.484811e-09
4345.000000 1.414948e-09
4350.000000 1.257081e-09
4355.000000 1.172497e-09
4360.000000 1.183990e-09
4365.000000 1.229585e-09
4370.000000 1.273703e-09
4375.000000 1.269584e-09
4380.000000 1.228546e-09
4385.000000 1.231653e-09
4390.000000 1.303345e-09
4395.000000 1.357287e-09
4400.000000 1.348373e-09
4405.000000 1.318794e-09
4410.000000 1.378353e-09
4415.000000 1.440876e-09
4420.000000 1.458702e-09
4425.000000 1.418920e-09
4430.000000 1.425188e-09
4435.000000 1.442877e-09
4440.000000 1.550690e-09
4445.000000 1.639589e-09
4450.000000 1.609057e-09
4455.000000 1.495096e-09
4460.000000 1.537124e-09
4465.000000 1.683122e-09
4470.000000 1.804041e-09
4475.000000 1.867947e-09
4480.000000 1.875540e-09
4485.000000 1.876744e-09
4490.000000 1.889889e-09
4495.000000 1.919945e-09
4500.000000 1.963040e-09
4505.000000 1.967625e-09
4510.000000 1.938465e-09
4515.000000 1.945633e-09
4520.000000 1.975753e-09
4525.000000 1.925120e-09
4530.000000 1.840025e-09
4535.000000 1.882319e-09
4540.000000 2.046080e-09
4545.000000 2.079626e-09
4550.000000 2.046494e-09
4555.000000 2.128346e-09
4560.000000 2.316579e-09
4565.000000 2.467760e-09
4570.000000 2.514955e-09
4575.000000 2.480421e-09
4580.000000 2.357324e-09
4585.000000 2.220758e-09
4590.000000 2.179612e-09
4595.000000 2.232001e-09
4600.000000 2.265828e-09
4605.000000 2.294607e-09
4610.000000 2.447220e-09
4615.000000 2.575131e-09
4620.000000 2.579722e-09
4625.000000 2.381361e-09
4630.000000 2.213343e-09
4635.000000 2.195694e-09
4640.000000 2.210168e-09
4645.000000 2.208988e-09
4650.000000 2.185423e-09
4655.000000 2.281401e-09
4660.000000 2.452560e-09
4665.000000 2.372080e-09
4670.000000 2.137590e-09
4675.000000 2.086705e-09
4680.000000 2.122907e-09
4685.000000 2.175642e-09
4690.000000 2.258138e-09
4695.000000 2.336860e-09
4700.000000 2.406063e-09
4705.000000 2.457258e-09
4710.000000 2.434082e-09
4715.000000 2.354461e-09
4720.000000 2.324770e-09
4725.000000 2.383050e-09
4730.000000 2.406347e-09
4735.000000 2.425431e-09
4740.000000 2.456023e-09
4745.000000 2.536371e-09
4750.000000 2.574365e-09
4755.000000 2.486703e-09
4760.000000 2.171129e-09
4765.000000 1.839780e-09
4770.000000 1.751438e-09
4775.000000 1.767852e-09
4780.000000 1.788914e-09
4785.000000 1.898345e-09
4790.000000 2.047852e-09
4795.000000 2.167801e-09
4800.000000 2.190534e-09
4805.000000 2.051528e-09
4810.000000 1.933489e-09
4815.000000 1.968087e-09
4820.000000 2.035243e-09
4825.000000 2.086771e-09
4830.000000 2.122820e-09
4835.000000 2.194124e-09
4840.000000 2.211626e-09
4845.000000 2.117744e-09
4850.000000 2.065016e-09
4855.000000 2.202059e-09
4860.000000 2.364858e-09
4865.000000 2.339897e-09
4870.000000 2.262888e-09
4875.000000 2.228910e-09
4880.000000 2.278359e-09
4885.000000 2.352608e-09
4890.000000 2.398646e-09
4895.000000 2.459852e-09
4900.000000 2.554160e-09
4905.000000 2.699922e-09
4910.000000 2.828888e-09
4915.000000 2.833840e-09
4920.000000 2.854744e-09
4925.000000 3.004576e-09
4930.000000 3.121712e-09
4935.000000 3.090620e-09
4940.000000 3.106378e-09
4945.000000 3.248045e-09
4950.000000 3.235335e-09
4955.000000 2.612935e-09
4960.000000 2.057126e-09
4965.000000 2.048618e-09
4970.000000 2.243453e-09
4975.000000 2.374454e-09
4980.000000 2.363327e-09
4985.000000 2.422978e-09
4990.000000 2.518373e-09
4995.000000 2.498089e-09
5000.000000 2.326583e-09
5005.000000 2.185692e-09
5010.000000 2.152936e-09
5015.000000 2.181782e-09
5020.000000 2.258241e-09
5025.000000 2.316510e-09
5030.000000 2.417092e-09
5035.000000 2.453019e-09
5040.000000 2.458737e-09
5045.000000 2.563948e-09
5050.000000 2.588945e-09
5055.000000 2.550322e-09
5060.000000 2.571672e-09
5065.000000 2.559855e-09
5070.000000 2.572853e-09
5075.000000 2.611674e-09
5080.000000 2.587554e-09
5085.000000 2.607677e-09
5090.000000 2.663607e-09
5095.000000 2.663408e-09
5100.000000 2.591443e-09
5105.000000 2.525527e-09
5110.000000 2.602329e-09
5115.000000 2.728976e-09
5120.000000 2.703101e-09
5125.000000 2.596030e-09
5130.000000 2.640532e-09
5135.000000 2.781820e-09
5140.000000 2.796469e-09
5145.000000 2.706139e-09
5150.000000 2.631227e-09
5155.000000 2.723096e-09
5160.000000 2.938671e-09
5165.000000 2.601406e-09
5170.000000 1.954429e-09
5175.000000 1.732024e-09
5180.000000 1.814314e-09
5185.000000 2.089904e-09
5190.000000 2.370940e-09
5195.000000 2.520949e-09
5200.000000 2.461797e-09
5205.000000 2.205285e-09
5210.000000 2.351851e-09
5215.000000 2.922520e-09
5220.000000 3.254825e-09
5225.000000 3.302004e-09
5230.000000 3.419697e-09
5235.000000 3.507393e-09
5240.000000 3.428056e-09
5245.000000 3.276788e-09
5250.000000 3.254074e-09
5255.000000 3.330670e-09
5260.000000 3.220081e-09
5265.000000 2.952346e-09
5270.000000 2.980105e-09
5275.000000 3.308782e-09
5280.000000 3.513907e-09
5285.000000 3.627841e-09
5290.000000 3.720393e-09
5295.000000 3.649889e-09
5300.000000 3.626634e-09
5305.000000 3.744139e-09
5310.000000 3.759899e-09
5315.000000 3.768986e-09
5320.000000 3.733053e-09
5325.000000 3.600686e-09
5330.000000 3.526281e-09
5335.000000 3.638197e-09
5340.000000 3.698436e-09
5345.000000 3.739144e-09
5350.000000 3.920246e-09
5355.000000 4.119542e-09
5360.000000 4.078066e-09
5365.000000 3.990885e-09
5370.000000 3.948654e-09
5375.000000 4.131157e-09
5380.000000 4.388249e-09
5385.000000 4.451176e-09
5390.000000 4.362803e-09
5395.000000 4.237929e-09
5400.000000 4.287629e-09
5405.000000 4.252146e-09
5410.000000 4.243011e-09
5415.000000 4.487188e-09
5420.000000 4.652525e-09
5425.000000 4.580146e-09
5430.000000 4.384204e-09
5435.000000 4.450594e-09
5440.000000 4.661036e-09
5445.000000 4.303560e-09
5450.000000 3.511001e-09
5455.000000 3.129351e-09
5460.000000 3.217725e-09
5465.000000 3.440594e-09
5470.000000 3.595077e-09
5475.000000 3.640726e-09
5480.000000 3.701091e-09
5485.000000 3.816363e-09
5490.000000 3.879922e-09
5495.000000 3.753335e-09
5500.000000 3.438703e-09
5505.000000 3.287022e-09
5510.000000 3.278700e-09
5515.000000 3.320574e-09
5520.000000 3.450122e-09
5525.000000 3.503598e-09
5530.000000 3.473507e-09
5535.000000 3.396669e-09
5540.000000 3.359596e-09
5545.000000 3.398983e-09
5550.000000 3.489053e-09
5555.000000 3.599219e-09
5560.000000 3.683610e-09
5565.000000 3.729493e-09
5570.000000 3.802095e-09
5575.000000 3.914473e-09
5580.000000 3.976340e-09
5585.000000 3.927390e-09
5590.000000 3.816932e-09
5595.000000 3.668948e-09
5600.000000 3.415014e-09
5605.000000 3.413586e-09
5610.000000 3.540285e-09
5615.000000 3.540922e-09
5620.000000 3.512347e-09
5625.000000 3.520084e-09
5630.000000 3.466272e-09
5635.000000 3.487589e-09
5640.000000 3.545482e-09
5645.000000 3.645359e-09
5650.000000 3.824648e-09
5655.000000 3.962910e-09
5660.000000 3.904317e-09
5665.000000 3.749208e-09
5670.000000 3.672322e-09
5675.000000 3.758537e-09
5680.000000 3.891855e-09
5685.000000 3.960125e-09
5690.000000 4.036416e-09
5695.000000 4.117615e-09
5700.000000 4.179380e-09
5705.000000 4.262608e-09
5710.000000 4.354216e-09
5715.000000 4.356830e-09
5720.000000 4.327535e-09
5725.000000 4.345094e-09
5730.000000 4.410327e-09
5735.000000 4.499656e-09
5740.000000 4.566848e-09
5745.000000 4.687362e-09
5750.000000 4.849663e-09
5755.000000 4.885761e-09
5760.000000 4.610052e-09
5765.000000 4.316413e-09
5770.000000 4.331126e-09
5775.000000 4.399404e-09
5780.000000 4.489956e-09
5785.000000 4.622121e-09
5790.000000 4.756762e-09
5795.000000 4.948350e-09
5800.000000 5.107846e-09
5805.000000 5.146302e-09
5810.000000 4.841470e-09
5815.000000 4.393109e-09
5820.000000 4.224485e-09
5825.000000 4.317412e-09
5830.000000 4.477574e-09
5835.000000 4.542788e-09
5840.000000 4.515818e-09
5845.000000 4.369506e-09
5850.000000 4.001787e-09
5855.000000 3.729248e-09
5860.000000 3.623265e-09
5865.000000 3.523373e-09
5870.000000 3.422139e-09
5875.000000 3.249214e-09
5880.000000 2.910108e-09
5885.000000 2.321178e-09
5890.000000 1.736132e-09
5895.000000 1.680096e-09
5900.000000 2.107549e-09
5905.000000 2.551747e-09
5910.000000 2.798805e-09
5915.000000 2.959448e-09
5920.000000 3.031336e-09
5925.000000 3.059457e-09
5930.000000 3.167985e-09
5935.000000 3.339207e-09
5940.000000 3.460332e-09
5945.000000 3.487969e-09
5950.000000 3.371419e-09
5955.000000 3.280183e-09
5960.000000 3.290259e-09
5965.000000 3.363295e-09
5970.000000 3.391893e-09
5975.000000 3.405243e-09
5980.000000 3.521044e-09
5985.000000 3.646599e-09
5990.000000 3.787616e-09
5995.000000 3.914997e-09
6000.000000 3.869411e-09
6005.000000 3.798903e-09
6010.000000 3.856166e-09
6015.000000 3.966150e-09
6020.000000 4.092002e-09
6025.000000 4.215780e-09
6030.000000 4.295011e-09
6035.000000 4.248365e-09
6040.000000 4.305269e-09
6045.000000 4.489492e-09
6050.000000 4.589231e-09
6055.000000 4.612901e-09
6060.000000 4.593955e-09
6065.000000 4.547767e-09
6070.000000 4.679225e-09
6075.000000 4.718212e-09
6080.000000 4.661307e-09
6085.000000 4.703121e-09
6090.000000 4.832126e-09
6095.000000 4.935614e-09
6100.000000 4.798652e-09
6105.000000 4.735085e-09
6110.000000 4.861004e-09
6115.000000 4.843948e-09
6120.000000 4.599670e-09
6125.000000 4.659819e-09
6130.000000 4.927117e-09
6135.000000 4.985916e-09
6140.000000 5.076356e-09
6145.000000 5.038333e-09
6150.000000 4.657827e-09
6155.000000 4.155000e-09
6160.000000 3.428223e-09
6165.000000 3.017071e-09
6170.000000 3.083809e-09
6175.000000 3.217658e-09
6180.000000 3.273591e-09
6185.000000 3.111788e-09
6190.000000 2.908768e-09
6195.000000 2.922944e-09
6200.000000 3.044838e-09
6205.000000 3.152885e-09
6210.000000 3.103070e-09
6215.000000 2.832959e-09
6220.000000 2.638637e-09
6225.000000 2.523626e-09
6230.000000 2.566220e-09
6235.000000 2.685016e-09
6240.000000 2.731776e-09
6245.000000 2.811746e-09
6250.000000 2.961589e-09
6255.000000 3.085589e-09
6260.000000 3.234315e-09
6265.000000 3.356979e-09
6270.000000 3.397111e-09
6275.000000 3.376401e-09
6280.000000 3.422626e-09
6285.000000 3.643034e-09
6290.000000 3.823127e-09
6295.000000 3.911326e-09
6300.000000 4.101706e-09
6305.000000 4.308554e-09
6310.000000 4.518788e-09
6315.000000 4.683721e-09
6320.000000 4.792172e-09
6325.000000 4.880307e-09
6330.000000 5.018709e-09
6335.000000 5.166116e-09
6340.000000 5.348906e-09
6345.000000 5.524417e-09
6350.000000 5.523252e-09
6355.000000 5.280020e-09
6360.000000 5.055268e-09
6365.000000 5.055007e-09
6370.000000 5.104366e-09
6375.000000 5.023991e-09
6380.000000 4.765257e-09
6385.000000 4.670891e-09
6390.000000 4.820876e-09
6395.000000 5.208372e-09
6400.000000 5.593365e-09
6405.000000 5.911182e-09
6410.000000 6.096631e-09
6415.000000 6.009947e-09
6420.000000 5.912018e-09
6425.000000 5.972941e-09
6430.000000 6.097465e-09
6435.000000 6.133407e-09
6440.000000 6.191284e-09
6445.000000 6.405505e-09
6450.000000 6.410882e-09
6455.000000 6.548492e-09
6460.000000 6.569134e-09
6465.000000 6.738195e-09
6470.000000 7.022296e-09
6475.000000 7.103469e-09
6480.000000 6.935612e-09
6485.000000 6.706951e-09
6490.000000 6.607850e-09
6495.000000 6.548998e-09
6500.000000 6.819164e-09
6505.000000 7.219334e-09
6510.000000 7.404469e-09
6515.000000 7.474402e-09
6520.000000 7.721790e-09
6525.000000 7.961025e-09
6530.000000 8.135310e-09
6535.000000 8.349323e-09
6540.000000 8.420636e-09
6545.000000 8.090712e-09
6550.000000 7.705717e-09
6555.000000 7.638061e-09
6560.000000 7.689101e-09
6565.000000 7.666277e-09
6570.000000 7.555726e-09
6575.000000 7.133420e-09
6580.000000 7.189850e-09
6585.000000 7.354684e-09
6590.000000 7.299482e-09
6595.000000 7.091574e-09
6600.000000 7.086737e-09
6605.000000 7.092776e-09
6610.000000 7.053714e-09
6615.000000 6.947960e-09
6620.000000 6.680704e-09
6625.000000 6.417914e-09
6630.000000 6.336657e-09
6635.000000 6.279035e-09
6640.000000 6.219276e-09
6645.000000 6.103762e-09
6650.000000 5.707047e-09
6655.000000 5.411380e-09
6660.000000 5.413558e-09
6665.000000 5.576903e-09
6670.000000 5.720370e-09
6675.000000 5.611850e-09
6680.000000 5.213697e-09
6685.000000 4.937964e-09
6690.000000 4.941345e-09
6695.000000 5.022724e-09
6700.000000 5.169121e-09
6705.000000 5.269283e-09
6710.000000 5.129269e-09
6715.000000 4.661797e-09
6720.000000 4.374609e-09
6725.000000 4.429112e-09
6730.000000 4.544196e-09
6735.000000 4.661799e-09
6740.000000 4.748185e-09
6745.000000 4.689908e-09
6750.000000 4.542112e-09
6755.000000 4.592975e-09
6760.000000 4.744778e-09
6765.000000 4.897528e-09
6770.000000 4.956601e-09
6775.000000 4.959657e-09
6780.000000 4.754292e-09
6785.000000 4.486435e-09
6790.000000 4.481210e-09
6795.000000 4.560970e-09
6800.000000 4.631574e-09
6805.000000 4.699199e-09
6810.000000 4.743457e-09
6815.000000 4.727177e-09
6820.000000 4.704958e-09
6825.000000 4.769835e-09
6830.000000 4.837160e-09
6835.000000 4.876379e-09
6840.000000 4.913812e-09
6845.000000 4.892568e-09
6850.000000 4.841326e-09
6855.000000 4.789969e-09
6860.000000 4.764791e-09
6865.000000 4.783573e-09
6870.000000 4.842129e-09
6875.000000 4.927757e-09
6880.000000 5.027301e-09
6885.000000 5.130930e-09
6890.000000 5.237543e-09
6895.000000 5.349392e-09
6900.000000 5.468975e-09
6905.000000 5.597487e-09
6910.000000 5.732894e-09
6915.000000 5.871951e-09
6920.000000 6.011148e-09
6925.000000 6.146506e-09
6930.000000 6.272523e-09
6935.000000 6.383191e-09
6940.000000 6.472837e-09
6945.000000 6.540152e-09
6950.000000 6.595012e-09
6955.000000 6.651640e-09
6960.000000 6.724072e-09
6965.000000 6.820131e-09
6970.000000 6.956704e-09
6975.000000 7.225103e-09
6980.000000 7.390208e-09
6985.000000 7.508525e-09
6990.000000 7.492865e-09
6995.000000 7.552681e-09
7000.000000 7.618139e-09
7005.000000 7.693125e-09
7010.000000 7.888887e-09
7015.000000 8.121244e-09
7020.000000 8.229882e-09
7025.000000 8.354761e-09
7030.000000 8.672457e-09
7035.000000 9.050252e-09
7040.000000 9.377614e-09
7045.000000 9.552315e-09
7050.000000 9.157712e-09
7055.000000 8.005371e-09
7060.000000 7.170789e-09
7065.000000 7.084306e-09
7070.000000 7.249841e-09
7075.000000 7.377616e-09
7080.000000 7.362181e-09
7085.000000 6.970877e-09
7090.000000 6.263541e-09
7095.000000 6.049426e-09
7100.000000 6.148385e-09
7105.000000 6.367604e-09
7110.000000 6.622320e-09
7115.000000 6.751446e-09
7120.000000 6.686772e-09
7125.000000 6.054812e-09
7130.000000 5.438288e-09
7135.000000 5.417483e-09
7140.000000 5.631385e-09
7145.000000 5.756405e-09
7150.000000 5.926436e-09
7155.000000 6.160406e-09
7160.000000 6.207828e-09
7165.000000 6.216452e-09
7170.000000 6.299888e-09
7175.000000 6.408572e-09
7180.000000 6.523015e-09
7185.000000 6.573881e-09
7190.000000 6.695931e-09
7195.000000 6.679140e-09
7200.000000 6.522110e-09
7205.000000 6.631449e-09
7210.000000 6.930424e-09
7215.000000 7.234870e-09
7220.000000 7.487294e-09
7225.000000 7.601756e-09
7230.000000 7.592127e-09
7235.000000 7.639739e-09
7240.000000 7.746491e-09
7245.000000 7.887472e-09
7250.000000 8.022390e-09
7255.000000 8.150687e-09
7260.000000 8.278934e-09
7265.000000 8.411226e-09
7270.000000 8.545392e-09
7275.000000 8.676961e-09
7280.000000 8.801429e-09
7285.000000 8.917006e-09
7290.000000 9.028915e-09
7295.000000 9.145235e-09
7300.000000 9.273680e-09
7305.000000 9.417326e-09
7310.000000 9.566880e-09
7315.000000 9.708323e-09
7320.000000 9.827777e-09
7325.000000 9.916942e-09
7330.000000 9.982343e-09
7335.000000 1.003612e-08
7340.000000 1.008025e-08
7345.000000 1.008440e-08
7350.000000 1.015191e-08
7355.000000 1.016648e-08
7360.000000 1.021468e-08
7365.000000 1.037822e-08
7370.000000 1.056810e-08
7375.000000 1.071537e-08
7380.000000 1.080535e-08
7385.000000 1.086649e-08
7390.000000 1.088950e-08
7395.000000 1.089670e-08
7400.000000 1.089058e-08
7405.000000 1.092759e-08
7410.000000 1.096684e-08
7415.000000 1.096821e-08
7420.000000 1.097987e-08
7425.000000 1.102858e-08
7430.000000 1.111441e-08
7435.000000 1.113884e-08
7440.000000 1.115854e-08
7445.000000 1.112874e-08
7450.000000 1.115241e-08
7455.000000 1.122431e-08
7460.000000 1.121159e-08
7465.000000 1.121564e-08
7470.000000 1.130518e-08
7475.000000 1.134778e-08
7480.000000 1.134335e-08
7485.000000 1.132733e-08
7490.000000 1.127490e-08
7495.000000 1.128172e-08
7500.000000 1.140528e-08
7505.000000 1.146254e-08
7510.000000 1.148328e-08
7515.000000 1.154936e-08
7520.000000 1.157324e-08
7525.000000 1.152103e-08
7530.000000 1.149815e-08
7535.000000 1.158217e-08
7540.000000 1.167015e-08
7545.000000 1.170521e-08
7550.000000 1.170332e-08
7555.000000 1.167642e-08
7560.000000 1.162790e-08
7565.000000 1.155976e-08
7570.000000 1.149755e-08
7575.000000 1.129616e-08
7580.000000 1.101071e-08
7585.000000 1.067558e-08
7590.000000 1.036773e-08
7595.000000 1.018570e-08
7600.000000 1.022453e-08
7605.000000 1.052292e-08
7610.000000 1.097294e-08
7615.000000 1.141039e-08
7620.000000 1.167145e-08
7625.000000 1.165362e-08
7630.000000 1.141339e-08
7635.000000 1.106844e-08
7640.000000 1.073865e-08
7645.000000 1.050419e-08
7650.000000 1.034214e-08
7655.000000 1.018992e-08
7660.000000 9.984035e-09
7665.000000 9.691205e-09
7670.000000 9.356723e-09
7675.000000 9.056063e-09
7680.000000 8.864861e-09
7685.000000 8.830375e-09
7690.000000 8.926103e-09
7695.000000 9.097080e-09
7700.000000 9.286901e-09
7705.000000 9.452251e-09
7710.000000 9.583922e-09
7715.000000 9.685910e-09
7720.000000 9.762076e-09
7725.000000 9.806438e-09
7730.000000 9.825713e-09
7735.000000 9.913587e-09
7740.000000 9.892709e-09
7745.000000 9.672364e-09
7750.000000 9.424131e-09
7755.000000 9.406141e-09
7760.000000 9.502457e-09
7765.000000 9.587768e-09
7770.000000 9.729534e-09
7775.000000 9.859562e-09
7780.000000 9.876780e-09
7785.000000 9.863982e-09
7790.000000 9.950510e-09
7795.000000 1.007368e-08
7800.000000 1.019633e-08
7805.000000 1.039216e-08
7810.000000 1.057776e-08
7815.000000 1.066799e-08
7820.000000 1.061862e-08
7825.000000 1.046366e-08
7830.000000 1.029789e-08
7835.000000 1.028126e-08
7840.000000 1.038717e-08
7845.000000 1.053814e-08
7850.000000 1.067867e-08
7855.000000 1.078470e-08
7860.000000 1.083560e-08
7865.000000 1.084701e-08
7870.000000 1.087490e-08
7875.000000 1.092495e-08
7880.000000 1.103127e-08
7885.000000 1.112066e-08
7890.000000 1.119720e-08
7895.000000 1.125925e-08
7900.000000 1.126110e-08
7905.000000 1.118680e-08
7910.000000 1.105006e-08
7915.000000 1.103604e-08
7920.000000 1.112929e-08
7925.000000 1.123548e-08
7930.000000 1.141339e-08
7935.000000 1.155160e-08
7940.000000 1.158334e-08
7945.000000 1.154779e-08
7950.000000 1.159910e-08
7955.000000 1.177498e-08
7960.000000 1.182768e-08
7965.000000 1.190975e-08
7970.000000 1.205930e-08
7975.000000 1.211384e-08
7980.000000 1.211091e-08
7985.000000 1.209379e-08
7990.000000 1.208562e-08
7995.000000 1.207364e-08
8000.000000 1.209355e-08
8005.000000 1.220260e-08
8010.000000 1.230516e-08
8015.000000 1.239763e-08
8020.000000 1.242956e-08
8025.000000 1.239753e-08
8030.000000 1.246746e-08
8035.000000 1.256569e-08
8040.000000 1.258066e-08
8045.000000 1.258467e-08
8050.000000 1.268041e-08
8055.000000 1.286871e-08
8060.000000 1.295445e-08
8065.000000 1.292035e-08
8070.000000 1.287220e-08
8075.000000 1.288843e-08
8080.000000 1.290832e-08
8085.000000 1.290896e-08
8090.000000 1.290538e-08
8095.000000 1.286261e-08
8100.000000 1.275041e-08
8105.000000 1.277149e-08
8110.000000 1.283486e-08
8115.000000 1.290652e-08
8120.000000 1.297206e-08
8125.000000 1.301904e-08
8130.000000 1.303971e-08
8135.000000 1.302811e-08
8140.000000 1.297899e-08
8145.000000 1.289191e-08
8150.000000 1.277908e-08
8155.000000 1.265749e-08
8160.000000 1.254425e-08
8165.000000 1.245282e-08
8170.000000 1.238695e-08
8175.000000 1.234670e-08
8180.000000 1.233143e-08
8185.000000 1.233785e-08
8190.000000 1.235532e-08
8195.000000 1.237050e-08
8200.000000 1.237060e-08
8205.000000 1.235155e-08
8210.000000 1.233187e-08
8215.000000 1.233875e-08
8220.000000 1.239902e-08
8225.000000 1.252682e-08
8230.000000 1.270335e-08
8235.000000 1.289711e-08
8240.000000 1.307599e-08
8245.000000 1.321350e-08
8250.000000 1.329790e-08
8255.000000 1.332323e-08
8260.000000 1.328473e-08
8265.000000 1.318474e-08
8270.000000 1.304411e-08
8275.000000 1.289082e-08
8280.000000 1.275281e-08
8285.000000 1.265076e-08
8290.000000 1.258661e-08
8295.000000 1.255500e-08
8300.000000 1.254984e-08
8305.000000 1.256342e-08
8310.000000 1.258431e-08
8315.000000 1.259958e-08
8320.000000 1.259671e-08
8325.000000 1.256768e-08
8330.000000 1.251661e-08
8335.000000 1.245218e-08
8340.000000 1.238359e-08
8345.000000 1.231990e-08
8350.000000 1.227003e-08
8355.000000 1.224271e-08
8360.000000 1.224634e-08
8365.000000 1.228415e-08
8370.000000 1.234665e-08
8375.000000 1.241928e-08
8380.000000 1.248743e-08
8385.000000 1.254101e-08
8390.000000 1.258139e-08
8395.000000 1.261438e-08
8400.000000 1.265555e-08
8405.000000 1.274408e-08
8410.000000 1.275634e-08
8415.000000 1.269355e-08
8420.000000 1.269962e-08
8425.000000 1.244884e-08
8430.000000 1.215386e-08
8435.000000 1.163181e-08
8440.000000 1.179192e-08
8445.000000 1.214492e-08
8450.000000 1.210179e-08
8455.000000 1.192793e-08
8460.000000 1.189485e-08
8465.000000 1.176548e-08
8470.000000 1.162366e-08
8475.000000 1.180619e-08
8480.000000 1.194973e-08
8485.000000 1.205253e-08
8490.000000 1.210809e-08
8495.000000 1.191179e-08
8500.000000 1.178889e-08
8505.000000 1.180375e-08
8510.000000 1.167672e-08
8515.000000 1.141847e-08
8520.000000 1.143885e-08
8525.000000 1.168641e-08
8530.000000 1.178866e-08
8535.000000 1.161745e-08
8540.000000 1.109873e-08
8545.000000 1.103490e-08
8550.000000 1.159302e-08
8555.000000 1.198365e-08
8560.000000 1.202971e-08
8565.000000 1.204231e-08
8570.000000 1.209153e-08
8575.000000 1.207239e-08
8580.000000 1.204626e-08
8585.000000 1.208308e-08
8590.000000 1.216119e-08
8595.000000 1.220443e-08
8600.000000 1.225118e-08
8605.000000 1.229030e-08
8610.000000 1.224508e-08
8615.000000 1.222241e-08
8620.000000 1.220693e-08
8625.000000 1.230155e-08
8630.000000 1.237201e-08
8635.000000 1.240607e-08
8640.000000 1.245010e-08
8645.000000 1.250278e-08
8650.000000 1.241866e-08
8655.000000 1.223250e-08
8660.000000 1.170165e-08
8665.000000 1.161032e-08
8670.000000 1.213345e-08
8675.000000 1.226996e-08
8680.000000 1.230739e-08
8685.000000 1.213169e-08
8690.000000 1.176282e-08
8695.000000 1.188467e-08
8700.000000 1.220024e-08
8705.000000 1.238343e-08
8710.000000 1.232946e-08
8715.000000 1.223578e-08
8720.000000 1.228256e-08
8725.000000 1.247874e-08
8730.000000 1.258207e-08
8735.000000 1.252255e-08
8740.000000 1.260176e-08
8745.000000 1.279301e-08
8750.000000 1.283256e-08
8755.000000 1.283141e-08
8760.000000 1.283584e-08
8765.000000 1.277306e-08
8770.000000 1.279728e-08
8775.000000 1.291583e-08
8780.000000 1.292500e-08
8785.000000 1.301119e-08
8790.000000 1.311350e-08
8795.000000 1.310318e-08
8800.000000 1.279425e-08
8805.000000 1.236486e-08
8810.000000 1.263188e-08
8815.000000 1.308158e-08
8820.000000 1.294888e-08
8825.000000 1.259809e-08
8830.000000 1.286443e-08
8835.000000 1.315113e-08
8840.000000 1.311539e-08
8845.000000 1.306387e-08
8850.000000 1.310679e-08
8855.000000 1.312457e-08
8860.000000 1.273027e-08
8865.000000 1.247146e-08
8870.000000 1.226921e-08
8875.000000 1.228941e-08
8880.000000 1.248765e-08
8885.000000 1.260047e-08
8890.000000 1.270629e-08
8895.000000 1.269323e-08
8900.000000 1.275786e-08
8905.000000 1.295216e-08
8910.000000 1.303838e-08
8915.000000 1.301543e-08
8920.000000 1.293183e-08
8925.000000 1.241494e-08
8930.000000 1.209043e-08
8935.000000 1.213624e-08
8940.000000 1.220220e-08
8945.000000 1.219822e-08
8950.000000 1.214870e-08
8955.000000 1.210163e-08
8960.000000 1.210521e-08
8965.000000 1.218542e-08
8970.000000 1.231086e-08
8975.000000 1.242791e-08
8980.000000 1.248318e-08
8985.000000 1.244696e-08
8990.000000 1.235111e-08
8995.000000 1.227447e-08
9000.000000 1.236769e-08
9005.000000 1.244154e-08
9010.000000 1.254578e-08
9015.000000 1.268416e-08
9020.000000 1.284361e-08
9025.000000 1.300971e-08
9030.000000 1.316445e-08
9035.000000 1.328824e-08
9040.000000 1.336237e-08
9045.000000 1.337660e-08
9050.000000 1.334286e-08
9055.000000 1.328198e-08
9060.000000 1.321637e-08
9065.000000 1.316359e-08
9070.000000 1.312788e-08
9075.000000 1.310825e-08
9080.000000 1.310314e-08
9085.000000 1.311042e-08
9090.000000 1.312610e-08
9095.000000 1.314561e-08
9100.000000 1.316430e-08
9105.000000 1.317746e-08
9110.000000 1.318042e-08
9115.000000 1.316838e-08
9120.000000 1.313704e-08
9125.000000 1.308672e-08
9130.000000 1.302978e-08
9135.000000 1.298309e-08
9140.000000 1.296350e-08
9145.000000 1.298162e-08
9150.000000 1.303206e-08
9155.000000 1.310310e-08
9160.000000 1.318235e-08
9165.000000 1.326024e-08
9170.000000 1.333522e-08
9175.000000 1.340879e-08
9180.000000 1.348267e-08
9185.000000 1.355677e-08
9190.000000 1.362637e-08
9195.000000 1.368507e-08
9200.000000 1.372647e-08
9205.000000 1.374664e-08
9210.000000 1.374795e-08
9215.000000 1.373528e-08
9220.000000 1.371361e-08
9225.000000 1.368713e-08
9230.000000 1.365808e-08
9235.000000 1.362786e-08
9240.000000 1.359759e-08
9245.000000 1.356666e-08
9250.000000 1.352953e-08
9255.000000 1.347882e-08
9260.000000 1.340690e-08
9265.000000 1.330943e-08
9270.000000 1.319071e-08
9275.000000 1.305822e-08
9280.000000 1.291997e-08
9285.000000 1.278378e-08
9290.000000 1.265757e-08
9295.000000 1.254906e-08
9300.000000 1.246593e-08
9305.000000 1.241419e-08
9310.000000 1.239566e-08
9315.000000 1.241049e-08
9320.000000 1.245837e-08
9325.000000 1.253465e-08
9330.000000 1.262402e-08
9335.000000 1.270690e-08
9340.000000 1.276407e-08
9345.000000 1.278413e-08
9350.000000 1.277570e-08
9355.000000 1.275510e-08
9360.000000 1.273910e-08
9365.000000 1.274303e-08
9370.000000 1.277866e-08
9375.000000 1.285645e-08
9380.000000 1.298513e-08
9385.000000 1.315935e-08
9390.000000 1.333649e-08
9395.000000 1.345980e-08
9400.000000 1.347356e-08
9405.000000 1.334824e-08
9410.000000 1.312202e-08
9415.000000 1.285913e-08
9420.000000 1.262490e-08
9425.000000 1.246921e-08
9430.000000 1.240205e-08
9435.000000 1.241800e-08
9440.000000 1.250927e-08
9445.000000 1.266011e-08
9450.000000 1.283370e-08
9455.000000 1.298527e-08
9460.000000 1.307110e-08
9465.000000 1.306582e-08
9470.000000 1.299233e-08
9475.000000 1.289191e-08
9480.000000 1.280664e-08
9485.000000 1.276670e-08
9490.000000 1.277150e-08
9495.000000 1.280866e-08
9500.000000 1.286461e-08
9505.000000 1.292590e-08
9510.000000 1.297937e-08
9515.000000 1.301185e-08
9520.000000 1.301107e-08
9525.000000 1.297296e-08
9530.000000 1.291464e-08
9535.000000 1.286140e-08
9540.000000 1.283848e-08
9545.000000 1.286176e-08
9550.000000 1.292322e-08
9555.000000 1.300537e-08
9560.000000 1.308997e-08
9565.000000 1.316058e-08
9570.000000 1.320544e-08
9575.000000 1.321471e-08
9580.000000 1.317961e-08
9585.000000 1.310045e-08
9590.000000 1.300136e-08
9595.000000 1.291559e-08
9600.000000 1.287558e-08
9605.000000 1.289776e-08
9610.000000 1.295643e-08
9615.000000 1.300977e-08
9620.000000 1.301627e-08
9625.000000 1.295449e-08
9630.000000 1.285478e-08
9635.000000 1.276744e-08
9640.000000 1.274258e-08
9645.000000 1.280854e-08
9650.000000 1.293680e-08
9655.000000 1.307696e-08
9660.000000 1.317821e-08
9665.000000 1.320672e-08
9670.000000 1.317340e-08
9675.000000 1.310628e-08
9680.000000 1.303445e-08
9685.000000 1.298002e-08
9690.000000 1.294700e-08
9695.000000 1.293235e-08
9700.000000 1.293234e-08
9705.000000 1.294222e-08
9710.000000 1.295471e-08
9715.000000 1.296156e-08
9720.000000 1.295481e-08
9725.000000 1.293064e-08
9730.000000 1.289599e-08
9735.000000 1.286199e-08
9740.000000 1.283970e-08
9745.000000 1.283646e-08
9750.000000 1.284995e-08
9755.000000 1.287398e-08
9760.000000 1.290204e-08
9765.000000 1.293044e-08
9770.000000 1.296300e-08
9775.000000 1.300644e-08
9780.000000 1.306720e-08
9785.000000 1.314561e-08
9790.000000 1.322607e-08
9795.000000 1.328688e-08
9800.000000 1.330678e-08
9805.000000 1.327488e-08
9810.000000 1.320712e-08
9815.000000 1.312968e-08
9820.000000 1.306905e-08
9825.000000 1.304223e-08
9830.000000 1.304199e-08
9835.000000 1.305192e-08
9840.000000 1.305489e-08
9845.000000 1.303804e-08
9850.000000 1.299887e-08
9855.000000 1.293936e-08
9860.000000 1.286273e-08
9865.000000 1.277300e-08
9870.000000 1.267544e-08
9875.000000 1.257589e-08
9880.000000 1.248006e-08
9885.000000 1.239327e-08
9890.000000 1.231931e-08
9895.000000 1.226156e-08
9900.000000 1.222319e-08
9905.000000 1.220660e-08
9910.000000 1.221197e-08
9915.000000 1.223870e-08
9920.000000 1.228586e-08
9925.000000 1.235096e-08
9930.000000 1.242684e-08
9935.000000 1.250469e-08
9940.000000 1.257572e-08
9945.000000 1.263323e-08
9950.000000 1.267591e-08
9955.000000 1.270495e-08
9960.000000 1.272280e-08
9965.000000 1.273191e-08
9970.000000 1.273403e-08
9975.000000 1.273053e-08
9980.000000 1.272278e-08
9985.000000 1.271226e-08
9990.000000 1.270082e-08
9995.000000 1.269046e-08
10000.000000 1.268322e-08
10005.000000 1.268176e-08
10010.000000 1.269019e-08
10015.000000 1.271323e-08
10020.000000 1.275517e-08
10025.000000 1.281593e-08
10030.000000 1.288374e-08
10035.000000 1.294250e-08
10040.000000 1.297644e-08
10045.000000 1.297819e-08
10050.000000 1.296225e-08
10055.000000 1.295140e-08
10060.000000 1.296828e-08
10065.000000 1.302559e-08
10070.000000 1.311036e-08
10075.000000 1.319975e-08
10080.000000 1.327053e-08
10085.000000 1.330613e-08
10090.000000 1.330717e-08
10095.000000 1.328082e-08
10100.000000 1.323490e-08
10105.000000 1.317638e-08
10110.000000 1.311028e-08
10115.000000 1.304069e-08
10120.000000 1.297185e-08
10125.000000 1.290823e-08
10130.000000 1.285554e-08
10135.000000 1.281986e-08
10140.000000 1.280698e-08
10145.000000 1.281924e-08
10150.000000 1.285009e-08
10155.000000 1.288920e-08
10160.000000 1.292537e-08
10165.000000 1.294971e-08
10170.000000 1.296029e-08
10175.000000 1.295768e-08
10180.000000 1.294301e-08
10185.000000 1.291850e-08
10190.000000 1.288956e-08
10195.000000 1.286302e-08
10200.000000 1.284539e-08
10205.000000 1.284107e-08
10210.000000 1.284880e-08
10215.000000 1.286505e-08
10220.000000 1.288588e-08
10225.000000 1.290581e-08
10230.000000 1.291491e-08
10235.000000 1.290165e-08
10240.000000 1.285516e-08
10245.000000 1.277254e-08
10250.000000 1.267171e-08
10255.000000 1.257854e-08
10260.000000 1.251821e-08
10265.000000 1.250629e-08
10270.000000 1.253358e-08
10275.000000 1.258129e-08
10280.000000 1.263014e-08
10285.000000 1.266530e-08
10290.000000 1.268331e-08
10295.000000 1.268529e-08
10300.000000 1.267280e-08
10305.000000 1.264901e-08
10310.000000 1.262127e-08
10315.000000 1.259843e-08
10320.000000 1.258896e-08
10325.000000 1.259641e-08
10330.000000 1.261121e-08
10335.000000 1.261877e-08
10340.000000 1.260480e-08
10345.000000 1.256354e-08
10350.000000 1.251123e-08
10355.000000 1.247226e-08
10360.000000 1.247036e-08
10365.000000 1.251820e-08
10370.000000 1.260033e-08
10375.000000 1.269034e-08
10380.000000 1.276169e-08
10385.000000 1.279554e-08
10390.000000 1.279341e-08
10395.000000 1.276472e-08
10400.000000 1.271952e-08
10405.000000 1.266778e-08
10410.000000 1.261870e-08
10415.000000 1.258132e-08
10420.000000 1.256417e-08
10425.000000 1.257133e-08
10430.000000 1.259532e-08
10435.000000 1.262416e-08
10440.000000 1.264611e-08
10445.000000 1.265608e-08
10450.000000 1.266622e-08
10455.000000 1.269500e-08
10460.000000 1.275995e-08
10465.000000 1.286848e-08
10470.000000 1.300275e-08
10475.000000 1.313501e-08
10480.000000 1.323755e-08
10485.000000 1.329188e-08
10490.000000 1.330358e-08
10495.000000 1.328758e-08
10500.000000 1.325084e-08
10505.000000 1.316215e-08
10510.000000 1.306375e-08
10515.000000 1.299246e-08
10520.000000 1.296195e-08
10525.000000 1.297551e-08
10530.000000 1.301805e-08
10535.000000 1.306736e-08
10540.000000 1.310108e-08
10545.000000 1.310249e-08
10550.000000 1.306944e-08
10555.000000 1.300546e-08
10560.000000 1.291505e-08
10565.000000 1.280787e-08
10570.000000 1.270663e-08
10575.000000 1.263919e-08
10580.000000 1.263219e-08
10585.000000 1.269649e-08
10590.000000 1.280136e-08
10595.000000 1.290014e-08
10600.000000 1.294615e-08
10605.000000 1.290810e-08
10610.000000 1.279468e-08
10615.000000 1.262995e-08
10620.000000 9.353178e-09
