1150.000000 0.000000e+00
1155.000000 0.000000e+00
1160.000000 0.000000e+00
1165.000000 0.000000e+00
1170.000000 0.000000e+00
1175.000000 0.000000e+00
1180.000000 0.000000e+00
1185.000000 0.000000e+00
1190.000000 0.000000e+00
1195.000000 0.000000e+00
1200.000000 0.000000e+00
1205.000000 0.000000e+00
1210.000000 0.000000e+00
1215.000000 0.000000e+00
1220.000000 0.000000e+00
1225.000000 0.000000e+00
1230.000000 0.000000e+00
1235.000000 0.000000e+00
1240.000000 0.000000e+00
1245.000000 0.000000e+00
1250.000000 0.000000e+00
1255.000000 0.000000e+00
1260.000000 0.000000e+00
1265.000000 0.000000e+00
1270.000000 0.000000e+00
1275.000000 0.000000e+00
1280.000000 0.000000e+00
1285.000000 0.000000e+00
1290.000000 0.000000e+00
1295.000000 0.000000e+00
1300.000000 0.000000e+00
1305.000000 0.000000e+00
1310.000000 0.000000e+00
1315.000000 0.000000e+00
1320.000000 0.000000e+00
1325.000000 0.000000e+00
1330.000000 0.000000e+00
1335.000000 0.000000e+00
1340.000000 0.000000e+00
1345.000000 0.000000e+00
1350.000000 0.000000e+00
1355.000000 0.000000e+00
1360.000000 0.000000e+00
1365.000000 0.000000e+00
1370.000000 0.000000e+00
1375.000000 0.000000e+00
1380.000000 0.000000e+00
1385.000000 0.000000e+00
1390.000000 0.000000e+00
1395.000000 0.000000e+00
1400.000000 0.000000e+00
1405.000000 0.000000e+00
1410.000000 0.000000e+00
1415.000000 0.000000e+00
1420.000000 0.000000e+00
1425.000000 0.000000e+00
1430.000000 0.000000e+00
1435.000000 0.000000e+00
1440.000000 0.000000e+00
1445.000000 0.000000e+00
1450.000000 0.000000e+00
1455.000000 0.000000e+00
1460.000000 0.000000e+00
1465.000000 0.000000e+00
1470.000000 0.000000e+00
1475.000000 0.000000e+00
1480.000000 0.000000e+00
1485.000000 0.000000e+00
1490.000000 0.000000e+00
1495.000000 0.000000e+00
1500.000000 0.000000e+00
1505.000000 0.000000e+00
1510.000000 0.000000e+00
1515.000000 0.000000e+00
1520.000000 0.000000e+00
1525.000000 0.000000e+00
1530.000000 0.000000e+00
1535.000000 0.000000e+00
1540.000000 0.000000e+00
1545.000000 0.000000e+00
1550.000000 0.000000e+00
1555.000000 0.000000e+00
1560.000000 0.000000e+00
1565.000000 0.000000e+00
1570.000000 0.000000e+00
1575.000000 0.000000e+00
1580.000000 0.000000e+00
1585.000000 0.000000e+00
1590.000000 0.000000e+00
1595.000000 0.000000e+00
1600.000000 0.000000e+00
1605.000000 0.000000e+00
1610.000000 0.000000e+00
1615.000000 0.000000e+00
1620.000000 0.000000e+00
1625.000000 0.000000e+00
1630.000000 0.000000e+00
1635.000000 0.000000e+00
1640.000000 0.000000e+00
1645.000000 0.000000e+00
1650.000000 0.000000e+00
1655.000000 0.000000e+00
1660.000000 0.000000e+00
1665.000000 0.000000e+00
1670.000000 0.000000e+00
1675.000000 0.000000e+00
1680.000000 0.000000e+00
1685.000000 0.000000e+00
1690.000000 0.000000e+00
1695.000000 0.000000e+00
1700.000000 0.000000e+00
1705.000000 0.000000e+00
1710.000000 0.000000e+00
1715.000000 0.000000e+00
1720.000000 0.000000e+00
1725.000000 0.000000e+00
1730.000000 0.000000e+00
1735.000000 0.000000e+00
1740.000000 0.000000e+00
1745.000000 0.000000e+00
1750.000000 0.000000e+00
1755.000000 0.000000e+00
1760.000000 0.000000e+00
1765.000000 0.000000e+00
1770.000000 0.000000e+00
1775.000000 0.000000e+00
1780.000000 0.000000e+00
1785.000000 0.000000e+00
1790.000000 0.000000e+00
1795.000000 0.000000e+00
1800.000000 0.000000e+00
1805.000000 0.000000e+00
1810.000000 0.000000e+00
1815.000000 0.000000e+00
1820.000000 0.000000e+00
1825.000000 0.000000e+00
1830.000000 0.000000e+00
1835.000000 0.000000e+00
1840.000000 0.000000e+00
1845.000000 0.000000e+00
1850.000000 0.000000e+00
1855.000000 0.000000e+00
1860.000000 0.000000e+00
1865.000000 0.000000e+00
1870.000000 0.000000e+00
1875.000000 0.000000e+00
1880.000000 0.000000e+00
1885.000000 0.000000e+00
1890.000000 0.000000e+00
1895.000000 0.000000e+00
1900.000000 0.000000e+00
1905.000000 0.000000e+00
1910.000000 0.000000e+00
1915.000000 0.000000e+00
1920.000000 0.000000e+00
1925.000000 0.000000e+00
1930.000000 0.000000e+00
1935.000000 0.000000e+00
1940.000000 0.000000e+00
1945.000000 0.000000e+00
1950.000000 0.000000e+00
1955.000000 0.000000e+00
1960.000000 0.000000e+00
1965.000000 0.000000e+00
1970.000000 0.000000e+00
1975.000000 0.000000e+00
1980.000000 0.000000e+00
1985.000000 0.000000e+00
1990.000000 0.000000e+00
1995.000000 0.000000e+00
2000.000000 0.000000e+00
2005.000000 0.000000e+00
2010.000000 0.000000e+00
2015.000000 0.000000e+00
2020.000000 0.000000e+00
2025.000000 0.000000e+00
2030.000000 0.000000e+00
2035.000000 0.000000e+00
2040.000000 0.000000e+00
2045.000000 0.000000e+00
2050.000000 0.000000e+00
2055.000000 0.000000e+00
2060.000000 0.000000e+00
2065.000000 0.000000e+00
2070.000000 0.000000e+00
2075.000000 0.000000e+00
2080.000000 0.000000e+00
2085.000000 0.000000e+00
2090.000000 0.000000e+00
2095.000000 0.000000e+00
2100.000000 0.000000e+00
2105.000000 0.000000e+00
2110.000000 0.000000e+00
2115.000000 0.000000e+00
2120.000000 0.000000e+00
2125.000000 0.000000e+00
2130.000000 0.000000e+00
2135.000000 0.000000e+00
2140.000000 0.000000e+00
2145.000000 0.000000e+00
2150.000000 4.590538e-16
2155.000000 3.666037e-15
2160.000000 6.870892e-15
2165.000000 7.786871e-15
2170.000000 1.099385e-14
2175.000000 1.419871e-14
2180.000000 1.465564e-14
2185.000000 1.419661e-14
2190.000000 1.098964e-14
2195.000000 6.866708e-15
2200.000000 9.138964e-16
2205.000000 0.000000e+00
2210.000000 0.000000e+00
2215.000000 0.000000e+00
2220.000000 0.000000e+00
2225.000000 0.000000e+00
2230.000000 0.000000e+00
2235.000000 0.000000e+00
2240.000000 0.000000e+00
2245.000000 0.000000e+00
2250.000000 4.590066e-15
2255.000000 3.757740e-14
2260.000000 8.063037e-14
2265.000000 1.241382e-13
2270.000000 1.630622e-13
2275.000000 1.891605e-13
2280.000000 2.024330e-13
2285.000000 1.946343e-13
2290.000000 1.611861e-13
2295.000000 9.750672e-14
2300.000000 1.279581e-14
2305.000000 0.000000e+00
2310.000000 0.000000e+00
2315.000000 0.000000e+00
2320.000000 0.000000e+00
2325.000000 0.000000e+00
2330.000000 0.000000e+00
2335.000000 0.000000e+00
2340.000000 0.000000e+00
2345.000000 0.000000e+00
2350.000000 6.609071e-14
2355.000000 5.434879e-13
2360.000000 1.192058e-12
2365.000000 1.935872e-12
2370.000000 2.745165e-12
2375.000000 3.587873e-12
2380.000000 4.434233e-12
2385.000000 5.254923e-12
2390.000000 6.019728e-12
2395.000000 6.693832e-12
2400.000000 7.248388e-12
2405.000000 7.666917e-12
2410.000000 7.954017e-12
2415.000000 8.121118e-12
2420.000000 8.185183e-12
2425.000000 8.161328e-12
2430.000000 8.064661e-12
2435.000000 7.912124e-12
2440.000000 7.717010e-12
2445.000000 7.498079e-12
2450.000000 7.266330e-12
2455.000000 7.040551e-12
2460.000000 6.833097e-12
2465.000000 6.654959e-12
2470.000000 6.517582e-12
2475.000000 6.435178e-12
2480.000000 6.421475e-12
2485.000000 6.485632e-12
2490.000000 6.641403e-12
2495.000000 6.902974e-12
2500.000000 7.281328e-12
2505.000000 7.781057e-12
2510.000000 8.387022e-12
2515.000000 9.080445e-12
2520.000000 9.839358e-12
2525.000000 1.063949e-11
2530.000000 1.146066e-11
2535.000000 1.227954e-11
2540.000000 1.307872e-11
2545.000000 1.383437e-11
2550.000000 1.452543e-11
2555.000000 1.514324e-11
2560.000000 1.570426e-11
2565.000000 1.623918e-11
2570.000000 1.677824e-11
2575.000000 1.735349e-11
2580.000000 1.799517e-11
2585.000000 1.873489e-11
2590.000000 1.959963e-11
2595.000000 2.061920e-11
2600.000000 2.182702e-11
2605.000000 2.323816e-11
2610.000000 2.483113e-11
2615.000000 2.657111e-11
2620.000000 2.842413e-11
2625.000000 3.035459e-11
2630.000000 3.232902e-11
2635.000000 3.431299e-11
2640.000000 3.626630e-11
2645.000000 3.815913e-11
2650.000000 3.995480e-11
2655.000000 4.162782e-11
2660.000000 4.316751e-11
2665.000000 4.457762e-11
2670.000000 4.585717e-11
2675.000000 4.701030e-11
2680.000000 4.803298e-11
2685.000000 4.892728e-11
2690.000000 4.969625e-11
2695.000000 5.033781e-11
2700.000000 5.085532e-11
2705.000000 5.125782e-11
2710.000000 5.156923e-11
2715.000000 5.181885e-11
2720.000000 5.203912e-11
2725.000000 5.226260e-11
2730.000000 5.251961e-11
2735.000000 5.284250e-11
2740.000000 5.326432e-11
2745.000000 5.381716e-11
2750.000000 5.452719e-11
2755.000000 5.540747e-11
2760.000000 5.641508e-11
2765.000000 5.749180e-11
2770.000000 5.857589e-11
2775.000000 5.960449e-11
2780.000000 6.051312e-11
2785.000000 6.124119e-11
2790.000000 6.172515e-11
2795.000000 6.190688e-11
2800.000000 6.172537e-11
2805.000000 6.118241e-11
2810.000000 6.043321e-11
2815.000000 5.969035e-11
2820.000000 5.916882e-11
2825.000000 5.908932e-11
2830.000000 5.966628e-11
2835.000000 6.111633e-11
2840.000000 6.366048e-11
2845.000000 6.751377e-11
2850.000000 7.288473e-11
2855.000000 7.988504e-11
2860.000000 8.837834e-11
2865.000000 9.813776e-11
2870.000000 1.089175e-10
2875.000000 1.204800e-10
2880.000000 1.325848e-10
2885.000000 1.449899e-10
2890.000000 1.574541e-10
2895.000000 1.697387e-10
2900.000000 1.816061e-10
2905.000000 1.928276e-10
2910.000000 2.032184e-10
2915.000000 2.126058e-10
2920.000000 2.208204e-10
2925.000000 2.276903e-10
2930.000000 2.330462e-10
2935.000000 2.367138e-10
2940.000000 2.385236e-10
2945.000000 2.383045e-10
2950.000000 2.359033e-10
2955.000000 2.313053e-10
2960.000000 2.248855e-10
2965.000000 2.171588e-10
2970.000000 2.086582e-10
2975.000000 1.999136e-10
2980.000000 1.914578e-10
2985.000000 1.838228e-10
2990.000000 1.775372e-10
2995.000000 1.731350e-10
3000.000000 1.711313e-10
3005.000000 1.718526e-10
3010.000000 1.751597e-10
3015.000000 1.807301e-10
3020.000000 1.882183e-10
3025.000000 1.972842e-10
3030.000000 2.075854e-10
3035.000000 2.187801e-10
3040.000000 2.305269e-10
3045.000000 2.424806e-10
3050.000000 2.543048e-10
3055.000000 2.657383e-10
3060.000000 2.766914e-10
3065.000000 2.871394e-10
3070.000000 2.970738e-10
3075.000000 3.064805e-10
3080.000000 3.153452e-10
3085.000000 3.236537e-10
3090.000000 3.313964e-10
3095.000000 3.385554e-10
3100.000000 3.451243e-10
3105.000000 3.511215e-10
3110.000000 3.566485e-10
3115.000000 3.618346e-10
3120.000000 3.668128e-10
3125.000000 3.717165e-10
3130.000000 3.766802e-10
3135.000000 3.818371e-10
3140.000000 3.873197e-10
3145.000000 3.932589e-10
3150.000000 3.997847e-10
3155.000000 4.091148e-10
3160.000000 4.340104e-10
3165.000000 4.712234e-10
3170.000000 4.925808e-10
3175.000000 4.871853e-10
3180.000000 4.695171e-10
3185.000000 4.584216e-10
3190.000000 4.608507e-10
3195.000000 4.789741e-10
3200.000000 5.165960e-10
3205.000000 5.199569e-10
3210.000000 4.926176e-10
3215.000000 4.457556e-10
3220.000000 4.011466e-10
3225.000000 3.815328e-10
3230.000000 3.990817e-10
3235.000000 4.510416e-10
3240.000000 5.071369e-10
3245.000000 5.429099e-10
3250.000000 5.748635e-10
3255.000000 6.179832e-10
3260.000000 6.435304e-10
3265.000000 6.281522e-10
3270.000000 6.063479e-10
3275.000000 6.159662e-10
3280.000000 6.452411e-10
3285.000000 6.716291e-10
3290.000000 6.945199e-10
3295.000000 7.138051e-10
3300.000000 7.086158e-10
3305.000000 6.674497e-10
3310.000000 6.238644e-10
3315.000000 6.111581e-10
3320.000000 6.168936e-10
3325.000000 6.188444e-10
3330.000000 6.156832e-10
3335.000000 6.129898e-10
3340.000000 6.120270e-10
3345.000000 6.099487e-10
3350.000000 5.986321e-10
3355.000000 5.739104e-10
3360.000000 5.471497e-10
3365.000000 5.336838e-10
3370.000000 5.432141e-10
3375.000000 5.771205e-10
3380.000000 6.209809e-10
3385.000000 6.580543e-10
3390.000000 6.812533e-10
3395.000000 6.905996e-10
3400.000000 6.946020e-10
3405.000000 7.009989e-10
3410.000000 7.073321e-10
3415.000000 7.071856e-10
3420.000000 6.943853e-10
3425.000000 6.667860e-10
3430.000000 6.325133e-10
3435.000000 6.039707e-10
3440.000000 5.942052e-10
3445.000000 6.099038e-10
3450.000000 6.403488e-10
3455.000000 6.682017e-10
3460.000000 6.767214e-10
3465.000000 6.599235e-10
3470.000000 6.386563e-10
3475.000000 6.351475e-10
3480.000000 6.487635e-10
3485.000000 6.716771e-10
3490.000000 7.005275e-10
3495.000000 7.339195e-10
3500.000000 7.696284e-10
3505.000000 7.981673e-10
3510.000000 7.938143e-10
3515.000000 7.475895e-10
3520.000000 7.091082e-10
3525.000000 7.245622e-10
3530.000000 7.722594e-10
3535.000000 8.096748e-10
3540.000000 8.095563e-10
3545.000000 7.643567e-10
3550.000000 7.006714e-10
3555.000000 6.475770e-10
3560.000000 6.075540e-10
3565.000000 5.737260e-10
3570.000000 5.427970e-10
3575.000000 5.220966e-10
3580.000000 5.408261e-10
3585.000000 6.159152e-10
3590.000000 7.105842e-10
3595.000000 7.774881e-10
3600.000000 7.970804e-10
3605.000000 7.777992e-10
3610.000000 7.707057e-10
3615.000000 8.141893e-10
3620.000000 8.729006e-10
3625.000000 9.015226e-10
3630.000000 9.033689e-10
3635.000000 9.031310e-10
3640.000000 9.299063e-10
3645.000000 9.974025e-10
3650.000000 1.076308e-09
3655.000000 1.129811e-09
3660.000000 1.144697e-09
3665.000000 1.124156e-09
3670.000000 1.089857e-09
3675.000000 1.065611e-09
3680.000000 1.062553e-09
3685.000000 1.078323e-09
3690.000000 1.088508e-09
3695.000000 1.070570e-09
3700.000000 1.028584e-09
3705.000000 9.776651e-10
3710.000000 9.339813e-10
3715.000000 9.015858e-10
3720.000000 8.540299e-10
3725.000000 7.739782e-10
3730.000000 6.975953e-10
3735.000000 6.660786e-10
3740.000000 6.796936e-10
3745.000000 7.237492e-10
3750.000000 7.862325e-10
3755.000000 8.567052e-10
3760.000000 9.247861e-10
3765.000000 9.813406e-10
3770.000000 1.020443e-09
3775.000000 1.034485e-09
3780.000000 1.009737e-09
3785.000000 9.453703e-10
3790.000000 8.796061e-10
3795.000000 8.459869e-10
3800.000000 8.268282e-10
3805.000000 7.904983e-10
3810.000000 7.218258e-10
3815.000000 6.256710e-10
3820.000000 5.408504e-10
3825.000000 5.034246e-10
3830.000000 5.088059e-10
3835.000000 5.364797e-10
3840.000000 5.653787e-10
3845.000000 5.797112e-10
3850.000000 5.773323e-10
3855.000000 5.661446e-10
3860.000000 5.665818e-10
3865.000000 5.944620e-10
3870.000000 6.420863e-10
3875.000000 7.012279e-10
3880.000000 7.847064e-10
3885.000000 8.990310e-10
3890.000000 1.012883e-09
3895.000000 1.091100e-09
3900.000000 1.120111e-09
3905.000000 1.079368e-09
3910.000000 1.049348e-09
3915.000000 9.913068e-10
3920.000000 8.911627e-10
3925.000000 7.651475e-10
3930.000000 6.671592e-10
3935.000000 6.552582e-10
3940.000000 7.383585e-10
3945.000000 8.759307e-10
3950.000000 9.893392e-10
3955.000000 1.013134e-09
3960.000000 9.669378e-10
3965.000000 9.240794e-10
3970.000000 9.556388e-10
3975.000000 1.100345e-09
3980.000000 1.323705e-09
3985.000000 1.552270e-09
3990.000000 1.734091e-09
3995.000000 1.847234e-09
4000.000000 1.904055e-09
4005.000000 1.937426e-09
4010.000000 1.969644e-09
4015.000000 2.006121e-09
4020.000000 2.041693e-09
4025.000000 2.061883e-09
4030.000000 2.051203e-09
4035.000000 2.011093e-09
4040.000000 1.966239e-09
4045.000000 1.939491e-09
4050.000000 1.926460e-09
4055.000000 1.910005e-09
4060.000000 1.884477e-09
4065.000000 1.859377e-09
4070.000000 1.856535e-09
4075.000000 1.895851e-09
4080.000000 1.971024e-09
4085.000000 2.053753e-09
4090.000000 2.114010e-09
4095.000000 2.130839e-09
4100.000000 2.106164e-09
4105.000000 2.062462e-09
4110.000000 2.022255e-09
4115.000000 1.997367e-09
4120.000000 1.986593e-09
4125.000000 1.977112e-09
4130.000000 1.957598e-09
4135.000000 1.927809e-09
4140.000000 1.893719e-09
4145.000000 1.866080e-09
4150.000000 1.859425e-09
4155.000000 1.873223e-09
4160.000000 1.882559e-09
4165.000000 1.869819e-09
4170.000000 1.849162e-09
4175.000000 1.843329e-09
4180.000000 1.859667e-09
4185.000000 1.891275e-09
4190.000000 1.925844e-09
4195.000000 1.957591e-09
4200.000000 1.992428e-09
4205.000000 2.039135e-09
4210.000000 2.094836e-09
4215.000000 2.144605e-09
4220.000000 2.175592e-09
4225.000000 2.185913e-09
4230.000000 2.190894e-09
4235.000000 2.213065e-09
4240.000000 2.253522e-09
4245.000000 2.296322e-09
4250.000000 2.330054e-09
4255.000000 2.341560e-09
4260.000000 2.319609e-09
4265.000000 2.274390e-09
4270.000000 2.229394e-09
4275.000000 2.200228e-09
4280.000000 2.181663e-09
4285.000000 2.144493e-09
4290.000000 2.056091e-09
4295.000000 1.927761e-09
4300.000000 1.846462e-09
4305.000000 1.897224e-09
4310.000000 2.065179e-09
4315.000000 2.277909e-09
4320.000000 2.463894e-09
4325.000000 2.575357e-09
4330.000000 2.625973e-09
4335.000000 2.656859e-09
4340.000000 2.680796e-09
4345.000000 2.700670e-09
4350.000000 2.728759e-09
4355.000000 2.762642e-09
4360.000000 2.776464e-09
4365.000000 2.746659e-09
4370.000000 2.668467e-09
4375.000000 2.561363e-09
4380.000000 2.474453e-09
4385.000000 2.447570e-09
4390.000000 2.474873e-09
4395.000000 2.532043e-09
4400.000000 2.598105e-09
4405.000000 2.659223e-09
4410.000000 2.716883e-09
4415.000000 2.773014e-09
4420.000000 2.815751e-09
4425.000000 2.840627e-09
4430.000000 2.867023e-09
4435.000000 2.908135e-09
4440.000000 2.942100e-09
4445.000000 2.940431e-09
4450.000000 2.905651e-09
4455.000000 2.865790e-09
4460.000000 2.862206e-09
4465.000000 2.923282e-09
4470.000000 3.026690e-09
4475.000000 3.123283e-09
4480.000000 3.179955e-09
4485.000000 3.194525e-09
4490.000000 3.206603e-09
4495.000000 3.262405e-09
4500.000000 3.358717e-09
4505.000000 3.450169e-09
4510.000000 3.483763e-09
4515.000000 3.427707e-09
4520.000000 3.304583e-09
4525.000000 3.177628e-09
4530.000000 3.105163e-09
4535.000000 3.111290e-09
4540.000000 3.175703e-09
4545.000000 3.251673e-09
4550.000000 3.297630e-09
4555.000000 3.302749e-09
4560.000000 3.288286e-09
4565.000000 3.280549e-09
4570.000000 3.289589e-09
4575.000000 3.306881e-09
4580.000000 3.317075e-09
4585.000000 3.311752e-09
4590.000000 3.295144e-09
4595.000000 3.283358e-09
4600.000000 3.299793e-09
4605.000000 3.358584e-09
4610.000000 3.444914e-09
4615.000000 3.529471e-09
4620.000000 3.590387e-09
4625.000000 3.606106e-09
4630.000000 3.557035e-09
4635.000000 3.454353e-09
4640.000000 3.353169e-09
4645.000000 3.303430e-09
4650.000000 3.298460e-09
4655.000000 3.302699e-09
4660.000000 3.298896e-09
4665.000000 3.290547e-09
4670.000000 3.292657e-09
4675.000000 3.317620e-09
4680.000000 3.350108e-09
4685.000000 3.360703e-09
4690.000000 3.341343e-09
4695.000000 3.305371e-09
4700.000000 3.277584e-09
4705.000000 3.283225e-09
4710.000000 3.324869e-09
4715.000000 3.380819e-09
4720.000000 3.422969e-09
4725.000000 3.437826e-09
4730.000000 3.442225e-09
4735.000000 3.462528e-09
4740.000000 3.502575e-09
4745.000000 3.544325e-09
4750.000000 3.562296e-09
4755.000000 3.544783e-09
4760.000000 3.515225e-09
4765.000000 3.507589e-09
4770.000000 3.528061e-09
4775.000000 3.565263e-09
4780.000000 3.608702e-09
4785.000000 3.645755e-09
4790.000000 3.665967e-09
4795.000000 3.669763e-09
4800.000000 3.668347e-09
4805.000000 3.673858e-09
4810.000000 3.688308e-09
4815.000000 3.704152e-09
4820.000000 3.711576e-09
4825.000000 3.704290e-09
4830.000000 3.683496e-09
4835.000000 3.654268e-09
4840.000000 3.615901e-09
4845.000000 3.561915e-09
4850.000000 3.489394e-09
4855.000000 3.403559e-09
4860.000000 3.324650e-09
4865.000000 3.281045e-09
4870.000000 3.287193e-09
4875.000000 3.339153e-09
4880.000000 3.416588e-09
4885.000000 3.491357e-09
4890.000000 3.546317e-09
4895.000000 3.576390e-09
4900.000000 3.575032e-09
4905.000000 3.543709e-09
4910.000000 3.506529e-09
4915.000000 3.483759e-09
4920.000000 3.473826e-09
4925.000000 3.475486e-09
4930.000000 3.498388e-09
4935.000000 3.547601e-09
4940.000000 3.609452e-09
4945.000000 3.661880e-09
4950.000000 3.690640e-09
4955.000000 3.692121e-09
4960.000000 3.674859e-09
4965.000000 3.648441e-09
4970.000000 3.610787e-09
4975.000000 3.562073e-09
4980.000000 3.516618e-09
4985.000000 3.486423e-09
4990.000000 3.467552e-09
4995.000000 3.447398e-09
5000.000000 3.416551e-09
5005.000000 3.378826e-09
5010.000000 3.353073e-09
5015.000000 3.356321e-09
5020.000000 3.386450e-09
5025.000000 3.424868e-09
5030.000000 3.450695e-09
5035.000000 3.456743e-09
5040.000000 3.454214e-09
5045.000000 3.462326e-09
5050.000000 3.493393e-09
5055.000000 3.536424e-09
5060.000000 3.558276e-09
5065.000000 3.537354e-09
5070.000000 3.491717e-09
5075.000000 3.457072e-09
5080.000000 3.450970e-09
5085.000000 3.468924e-09
5090.000000 3.494645e-09
5095.000000 3.510781e-09
5100.000000 3.512981e-09
5105.000000 3.508488e-09
5110.000000 3.499137e-09
5115.000000 3.481002e-09
5120.000000 3.452276e-09
5125.000000 3.413112e-09
5130.000000 3.372466e-09
5135.000000 3.344738e-09
5140.000000 3.334763e-09
5145.000000 3.334230e-09
5150.000000 3.319766e-09
5155.000000 3.270078e-09
5160.000000 3.194365e-09
5165.000000 3.120193e-09
5170.000000 3.073910e-09
5175.000000 3.074865e-09
5180.000000 3.120929e-09
5185.000000 3.192026e-09
5190.000000 3.263721e-09
5195.000000 3.316047e-09
5200.000000 3.343235e-09
5205.000000 3.354431e-09
5210.000000 3.365488e-09
5215.000000 3.386015e-09
5220.000000 3.413646e-09
5225.000000 3.442166e-09
5230.000000 3.472113e-09
5235.000000 3.506925e-09
5240.000000 3.536410e-09
5245.000000 3.541081e-09
5250.000000 3.506173e-09
5255.000000 3.429891e-09
5260.000000 3.340277e-09
5265.000000 3.284529e-09
5270.000000 3.300488e-09
5275.000000 3.393475e-09
5280.000000 3.516284e-09
5285.000000 3.609451e-09
5290.000000 3.655086e-09
5295.000000 3.670632e-09
5300.000000 3.686254e-09
5305.000000 3.718529e-09
5310.000000 3.745804e-09
5315.000000 3.731683e-09
5320.000000 3.668800e-09
5325.000000 3.583987e-09
5330.000000 3.522981e-09
5335.000000 3.524439e-09
5340.000000 3.587391e-09
5345.000000 3.674270e-09
5350.000000 3.740811e-09
5355.000000 3.761603e-09
5360.000000 3.740469e-09
5365.000000 3.705823e-09
5370.000000 3.692594e-09
5375.000000 3.707366e-09
5380.000000 3.717321e-09
5385.000000 3.687253e-09
5390.000000 3.613019e-09
5395.000000 3.523263e-09
5400.000000 3.466217e-09
5405.000000 3.472992e-09
5410.000000 3.529615e-09
5415.000000 3.597388e-09
5420.000000 3.636869e-09
5425.000000 3.632245e-09
5430.000000 3.612127e-09
5435.000000 3.612250e-09
5440.000000 3.635626e-09
5445.000000 3.668122e-09
5450.000000 3.696361e-09
5455.000000 3.707133e-09
5460.000000 3.692131e-09
5465.000000 3.654483e-09
5470.000000 3.610076e-09
5475.000000 3.579024e-09
5480.000000 3.573438e-09
5485.000000 3.592552e-09
5490.000000 3.624509e-09
5495.000000 3.652372e-09
5500.000000 3.660169e-09
5505.000000 3.645508e-09
5510.000000 3.625524e-09
5515.000000 3.617153e-09
5520.000000 3.620865e-09
5525.000000 3.629623e-09
5530.000000 3.641073e-09
5535.000000 3.657829e-09
5540.000000 3.682004e-09
5545.000000 3.712406e-09
5550.000000 3.743611e-09
5555.000000 3.765157e-09
5560.000000 3.764110e-09
5565.000000 3.737981e-09
5570.000000 3.705349e-09
5575.000000 3.682009e-09
5580.000000 3.656524e-09
5585.000000 3.618731e-09
5590.000000 3.587675e-09
5595.000000 3.585616e-09
5600.000000 3.612172e-09
5605.000000 3.651550e-09
5610.000000 3.685028e-09
5615.000000 3.699502e-09
5620.000000 3.690380e-09
5625.000000 3.669529e-09
5630.000000 3.667349e-09
5635.000000 3.696033e-09
5640.000000 3.723925e-09
5645.000000 3.717049e-09
5650.000000 3.681010e-09
5655.000000 3.642363e-09
5660.000000 3.615617e-09
5665.000000 3.609259e-09
5670.000000 3.640711e-09
5675.000000 3.704307e-09
5680.000000 3.746549e-09
5685.000000 3.728290e-09
5690.000000 3.675709e-09
5695.000000 3.630067e-09
5700.000000 3.598520e-09
5705.000000 3.578948e-09
5710.000000 3.591127e-09
5715.000000 3.648078e-09
5720.000000 3.722433e-09
5725.000000 3.778434e-09
5730.000000 3.803692e-09
5735.000000 3.797639e-09
5740.000000 3.766508e-09
5745.000000 3.725411e-09
5750.000000 3.692289e-09
5755.000000 3.680104e-09
5760.000000 3.689214e-09
5765.000000 3.707294e-09
5770.000000 3.718095e-09
5775.000000 3.711613e-09
5780.000000 3.690150e-09
5785.000000 3.666763e-09
5790.000000 3.657132e-09
5795.000000 3.669801e-09
5800.000000 3.702542e-09
5805.000000 3.745114e-09
5810.000000 3.785086e-09
5815.000000 3.815888e-09
5820.000000 3.837907e-09
5825.000000 3.853742e-09
5830.000000 3.863772e-09
5835.000000 3.862761e-09
5840.000000 3.844384e-09
5845.000000 3.809160e-09
5850.000000 3.767280e-09
5855.000000 3.734414e-09
5860.000000 3.719389e-09
5865.000000 3.715680e-09
5870.000000 3.705270e-09
5875.000000 3.669814e-09
5880.000000 3.607047e-09
5885.000000 3.537103e-09
5890.000000 3.490323e-09
5895.000000 3.490360e-09
5900.000000 3.539349e-09
5905.000000 3.615784e-09
5910.000000 3.688290e-09
5915.000000 3.734439e-09
5920.000000 3.750251e-09
5925.000000 3.746585e-09
5930.000000 3.738366e-09
5935.000000 3.733124e-09
5940.000000 3.729727e-09
5945.000000 3.725563e-09
5950.000000 3.722325e-09
5955.000000 3.725696e-09
5960.000000 3.739333e-09
5965.000000 3.759063e-09
5970.000000 3.773532e-09
5975.000000 3.773056e-09
5980.000000 3.756890e-09
5985.000000 3.733459e-09
5990.000000 3.714506e-09
5995.000000 3.705364e-09
6000.000000 3.699367e-09
6005.000000 3.679041e-09
6010.000000 3.669607e-09
6015.000000 3.658351e-09
6020.000000 3.631313e-09
6025.000000 3.648343e-09
6030.000000 3.734385e-09
6035.000000 3.803152e-09
6040.000000 3.812135e-09
6045.000000 3.848072e-09
6050.000000 3.816911e-09
6055.000000 3.785231e-09
6060.000000 3.754853e-09
6065.000000 3.745846e-09
6070.000000 3.771471e-09
6075.000000 3.756298e-09
6080.000000 3.723330e-09
6085.000000 3.680847e-09
6090.000000 3.646528e-09
6095.000000 3.652641e-09
6100.000000 3.662835e-09
6105.000000 3.649308e-09
6110.000000 3.674737e-09
6115.000000 3.691523e-09
6120.000000 3.668085e-09
6125.000000 3.646630e-09
6130.000000 3.633787e-09
6135.000000 3.595724e-09
6140.000000 3.607320e-09
6145.000000 3.640733e-09
6150.000000 3.621766e-09
6155.000000 3.597241e-09
6160.000000 3.538714e-09
6165.000000 3.511093e-09
6170.000000 3.537943e-09
6175.000000 3.576958e-09
6180.000000 3.628011e-09
6185.000000 3.656942e-09
6190.000000 3.641855e-09
6195.000000 3.686297e-09
6200.000000 3.719734e-09
6205.000000 3.728772e-09
6210.000000 3.667912e-09
6215.000000 3.592580e-09
6220.000000 3.588759e-09
6225.000000 3.617398e-09
6230.000000 3.574828e-09
6235.000000 3.554548e-09
6240.000000 3.519945e-09
6245.000000 3.494256e-09
6250.000000 3.478871e-09
6255.000000 3.464851e-09
6260.000000 3.505963e-09
6265.000000 3.587018e-09
6270.000000 3.622072e-09
6275.000000 3.610281e-09
6280.000000 3.575180e-09
6285.000000 3.605849e-09
6290.000000 3.637802e-09
6295.000000 3.591820e-09
6300.000000 3.554459e-09
6305.000000 3.574580e-09
6310.000000 3.583107e-09
6315.000000 3.532512e-09
6320.000000 3.544211e-09
6325.000000 3.629112e-09
6330.000000 3.635918e-09
6335.000000 3.615526e-09
6340.000000 3.600700e-09
6345.000000 3.597382e-09
6350.000000 3.611496e-09
6355.000000 3.587128e-09
6360.000000 3.542613e-09
6365.000000 3.576195e-09
6370.000000 3.659747e-09
6375.000000 3.712144e-09
6380.000000 3.706987e-09
6385.000000 3.700417e-09
6390.000000 3.684805e-09
6395.000000 3.661181e-09
6400.000000 3.648043e-09
6405.000000 3.638544e-09
6410.000000 3.625025e-09
6415.000000 3.616484e-09
6420.000000 3.628812e-09
6425.000000 3.661296e-09
6430.000000 3.645184e-09
6435.000000 3.654998e-09
6440.000000 3.665211e-09
6445.000000 3.645381e-09
6450.000000 3.593009e-09
6455.000000 3.586548e-09
6460.000000 3.589683e-09
6465.000000 3.589907e-09
6470.000000 3.594902e-09
6475.000000 3.568346e-09
6480.000000 3.541774e-09
6485.000000 3.510926e-09
6490.000000 3.469388e-09
6495.000000 3.415461e-09
6500.000000 3.472570e-09
6505.000000 3.556405e-09
6510.000000 3.591967e-09
6515.000000 3.574957e-09
6520.000000 3.576424e-09
6525.000000 3.569209e-09
6530.000000 3.573302e-09
6535.000000 3.599715e-09
6540.000000 3.622879e-09
6545.000000 3.588890e-09
6550.000000 3.505709e-09
6555.000000 3.403995e-09
6560.000000 3.261353e-09
6565.000000 3.246569e-09
6570.000000 3.377065e-09
6575.000000 3.456487e-09
6580.000000 3.514781e-09
6585.000000 3.520844e-09
6590.000000 3.499614e-09
6595.000000 3.492639e-09
6600.000000 3.524979e-09
6605.000000 3.555727e-09
6610.000000 3.566897e-09
6615.000000 3.602204e-09
6620.000000 3.613453e-09
6625.000000 3.583245e-09
6630.000000 3.533934e-09
6635.000000 3.536610e-09
6640.000000 3.562322e-09
6645.000000 3.563698e-09
6650.000000 3.578228e-09
6655.000000 3.598765e-09
6660.000000 3.550077e-09
6665.000000 3.495112e-09
6670.000000 3.504849e-09
6675.000000 3.522455e-09
6680.000000 3.554730e-09
6685.000000 3.598396e-09
6690.000000 3.634044e-09
6695.000000 3.602153e-09
6700.000000 3.572825e-09
6705.000000 3.556528e-09
6710.000000 3.526385e-09
6715.000000 3.469839e-09
6720.000000 3.487902e-09
6725.000000 3.549893e-09
6730.000000 3.558815e-09
6735.000000 3.547028e-09
6740.000000 3.526957e-09
6745.000000 3.506035e-09
6750.000000 3.483665e-09
6755.000000 3.476879e-09
6760.000000 3.523522e-09
6765.000000 3.545028e-09
6770.000000 3.545389e-09
6775.000000 3.577415e-09
6780.000000 3.582790e-09
6785.000000 3.541490e-09
6790.000000 3.542229e-09
6795.000000 3.549122e-09
6800.000000 3.535775e-09
6805.000000 3.516401e-09
6810.000000 3.539643e-09
6815.000000 3.542990e-09
6820.000000 3.543788e-09
6825.000000 3.545361e-09
6830.000000 3.548230e-09
6835.000000 3.538978e-09
6840.000000 3.522027e-09
6845.000000 3.510467e-09
6850.000000 3.508930e-09
6855.000000 3.514929e-09
6860.000000 3.517559e-09
6865.000000 3.507030e-09
6870.000000 3.485550e-09
6875.000000 3.467067e-09
6880.000000 3.463672e-09
6885.000000 3.478114e-09
6890.000000 3.500160e-09
6895.000000 3.513870e-09
6900.000000 3.509193e-09
6905.000000 3.489640e-09
6910.000000 3.468392e-09
6915.000000 3.458212e-09
6920.000000 3.460883e-09
6925.000000 3.464861e-09
6930.000000 3.460053e-09
6935.000000 3.444223e-09
6940.000000 3.425046e-09
6945.000000 3.413251e-09
6950.000000 3.415458e-09
6955.000000 3.429322e-09
6960.000000 3.442439e-09
6965.000000 3.444395e-09
6970.000000 3.429774e-09
6975.000000 3.379800e-09
6980.000000 3.336403e-09
6985.000000 3.368183e-09
6990.000000 3.376960e-09
6995.000000 3.367240e-09
7000.000000 3.347531e-09
7005.000000 3.352714e-09
7010.000000 3.357816e-09
7015.000000 3.329838e-09
7020.000000 3.332333e-09
7025.000000 3.325728e-09
7030.000000 3.347341e-09
7035.000000 3.357556e-09
7040.000000 3.390759e-09
7045.000000 3.424408e-09
7050.000000 3.417812e-09
7055.000000 3.399224e-09
7060.000000 3.392647e-09
7065.000000 3.381591e-09
7070.000000 3.390277e-09
7075.000000 3.421871e-09
7080.000000 3.420661e-09
7085.000000 3.372953e-09
7090.000000 3.341513e-09
7095.000000 3.333883e-09
7100.000000 3.333851e-09
7105.000000 3.325746e-09
7110.000000 3.341059e-09
7115.000000 3.337923e-09
7120.000000 3.331192e-09
7125.000000 3.313246e-09
7130.000000 3.296318e-09
7135.000000 3.316200e-09
7140.000000 3.311497e-09
7145.000000 3.307388e-09
7150.000000 3.299904e-09
7155.000000 3.317864e-09
7160.000000 3.308389e-09
7165.000000 3.285363e-09
7170.000000 3.274895e-09
7175.000000 3.249300e-09
7180.000000 3.218648e-09
7185.000000 3.170585e-09
7190.000000 3.146982e-09
7195.000000 3.154691e-09
7200.000000 3.152088e-09
7205.000000 3.133778e-09
7210.000000 3.156581e-09
7215.000000 3.194933e-09
7220.000000 3.234788e-09
7225.000000 3.260097e-09
7230.000000 3.278081e-09
7235.000000 3.257951e-09
7240.000000 3.224641e-09
7245.000000 3.207301e-09
7250.000000 3.205952e-09
7255.000000 3.218810e-09
7260.000000 3.223025e-09
7265.000000 3.230633e-09
7270.000000 3.247038e-09
7275.000000 3.207971e-09
7280.000000 3.165283e-09
7285.000000 3.107947e-09
7290.000000 3.070462e-09
7295.000000 3.109058e-09
7300.000000 3.139112e-09
7305.000000 3.147846e-09
7310.000000 3.154018e-09
7315.000000 3.182696e-09
7320.000000 3.193732e-09
7325.000000 3.196074e-09
7330.000000 3.196999e-09
7335.000000 3.229743e-09
7340.000000 3.261055e-09
7345.000000 3.227619e-09
7350.000000 3.191982e-09
7355.000000 3.173094e-09
7360.000000 3.191578e-09
7365.000000 3.209619e-09
7370.000000 3.227153e-09
7375.000000 3.245956e-09
7380.000000 3.222944e-09
7385.000000 3.150008e-09
7390.000000 3.112985e-09
7395.000000 3.129704e-09
7400.000000 3.130795e-09
7405.000000 3.140679e-09
7410.000000 3.123496e-09
7415.000000 3.104796e-09
7420.000000 3.109328e-09
7425.000000 3.165997e-09
7430.000000 3.220674e-09
7435.000000 3.248882e-09
7440.000000 3.243859e-09
7445.000000 3.218536e-09
7450.000000 3.211662e-09
7455.000000 3.201951e-09
7460.000000 3.175298e-09
7465.000000 3.186358e-09
7470.000000 3.210997e-09
7475.000000 3.194247e-09
7480.000000 3.189800e-09
7485.000000 3.178635e-09
7490.000000 3.155687e-09
7495.000000 3.144104e-09
7500.000000 3.182355e-09
7505.000000 3.204661e-09
7510.000000 3.218851e-09
7515.000000 3.240714e-09
7520.000000 3.243286e-09
7525.000000 3.216620e-09
7530.000000 3.215836e-09
7535.000000 3.246991e-09
7540.000000 3.261013e-09
7545.000000 3.258090e-09
7550.000000 3.246522e-09
7555.000000 3.241386e-09
7560.000000 3.236452e-09
7565.000000 3.232353e-09
7570.000000 3.228352e-09
7575.000000 3.224284e-09
7580.000000 3.220861e-09
7585.000000 3.217640e-09
7590.000000 3.213977e-09
7595.000000 3.210574e-09
7600.000000 3.208103e-09
7605.000000 3.205381e-09
7610.000000 3.202030e-09
7615.000000 3.198407e-09
7620.000000 3.194785e-09
7625.000000 3.191193e-09
7630.000000 3.187602e-09
7635.000000 3.184018e-09
7640.000000 3.180438e-09
7645.000000 3.176856e-09
7650.000000 3.173274e-09
7655.000000 3.169677e-09
7660.000000 3.166094e-09
7665.000000 3.162484e-09
7670.000000 3.158693e-09
7675.000000 3.154463e-09
7680.000000 3.150553e-09
7685.000000 3.147827e-09
7690.000000 3.145819e-09
7695.000000 3.142287e-09
7700.000000 3.138042e-09
7705.000000 3.133641e-09
7710.000000 3.129557e-09
7715.000000 3.125896e-09
7720.000000 3.122458e-09
7725.000000 3.119618e-09
7730.000000 3.122288e-09
7735.000000 3.130175e-09
7740.000000 3.119689e-09
7745.000000 3.101110e-09
7750.000000 3.115166e-09
7755.000000 3.182009e-09
7760.000000 3.206251e-09
7765.000000 3.190820e-09
7770.000000 3.140503e-09
7775.000000 3.092008e-09
7780.000000 3.074492e-09
7785.000000 3.095013e-09
7790.000000 3.137973e-09
7795.000000 3.166413e-09
7800.000000 3.175836e-09
7805.000000 3.144704e-09
7810.000000 3.085605e-09
7815.000000 3.078638e-09
7820.000000 3.094702e-09
7825.000000 3.112673e-09
7830.000000 3.102456e-09
7835.000000 3.093157e-09
7840.000000 3.123433e-09
7845.000000 3.141696e-09
7850.000000 3.146773e-09
7855.000000 3.138817e-09
7860.000000 3.136681e-09
7865.000000 3.109451e-09
7870.000000 3.084077e-09
7875.000000 3.069833e-09
7880.000000 3.076316e-09
7885.000000 3.078031e-09
7890.000000 3.049701e-09
7895.000000 2.984457e-09
7900.000000 2.948874e-09
7905.000000 2.945866e-09
7910.000000 2.956686e-09
7915.000000 2.965963e-09
7920.000000 2.981440e-09
7925.000000 2.961003e-09
7930.000000 2.917842e-09
7935.000000 2.876791e-09
7940.000000 2.855173e-09
7945.000000 2.860886e-09
7950.000000 2.895277e-09
7955.000000 2.913771e-09
7960.000000 2.922198e-09
7965.000000 2.909628e-09
7970.000000 2.914204e-09
7975.000000 2.933941e-09
7980.000000 2.945859e-09
7985.000000 2.964224e-09
7990.000000 2.956093e-09
7995.000000 2.920751e-09
8000.000000 2.888878e-09
8005.000000 2.899551e-09
8010.000000 2.899929e-09
8015.000000 2.917628e-09
8020.000000 2.918624e-09
8025.000000 2.895394e-09
8030.000000 2.892361e-09
8035.000000 2.914594e-09
8040.000000 2.895612e-09
8045.000000 2.862350e-09
8050.000000 2.860808e-09
8055.000000 2.894028e-09
8060.000000 2.913395e-09
8065.000000 2.877221e-09
8070.000000 2.848799e-09
8075.000000 2.829368e-09
8080.000000 2.821796e-09
8085.000000 2.807744e-09
8090.000000 2.794671e-09
8095.000000 2.772875e-09
8100.000000 2.780460e-09
8105.000000 2.781765e-09
8110.000000 2.778224e-09
8115.000000 2.774240e-09
8120.000000 2.797650e-09
8125.000000 2.823135e-09
8130.000000 2.821211e-09
8135.000000 2.813977e-09
8140.000000 2.810803e-09
8145.000000 2.803524e-09
8150.000000 2.801045e-09
8155.000000 2.811041e-09
8160.000000 2.796100e-09
8165.000000 2.778847e-09
8170.000000 2.797234e-09
8175.000000 2.793762e-09
8180.000000 2.764381e-09
8185.000000 2.742394e-09
8190.000000 2.756184e-09
8195.000000 2.754059e-09
8200.000000 2.769414e-09
8205.000000 2.799446e-09
8210.000000 2.807182e-09
8215.000000 2.809569e-09
8220.000000 2.787346e-09
8225.000000 2.755454e-09
8230.000000 2.728876e-09
8235.000000 2.773264e-09
8240.000000 2.819758e-09
8245.000000 2.846534e-09
8250.000000 2.858558e-09
8255.000000 2.837844e-09
8260.000000 2.845510e-09
8265.000000 2.852379e-09
8270.000000 2.822971e-09
8275.000000 2.805928e-09
8280.000000 2.830468e-09
8285.000000 2.835467e-09
8290.000000 2.822746e-09
8295.000000 2.801540e-09
8300.000000 2.784681e-09
8305.000000 2.770584e-09
8310.000000 2.763756e-09
8315.000000 2.773542e-09
8320.000000 2.753006e-09
8325.000000 2.738215e-09
8330.000000 2.720566e-09
8335.000000 2.713178e-09
8340.000000 2.712487e-09
8345.000000 2.726298e-09
8350.000000 2.733540e-09
8355.000000 2.743793e-09
8360.000000 2.736216e-09
8365.000000 2.731541e-09
8370.000000 2.744881e-09
8375.000000 2.759577e-09
8380.000000 2.749716e-09
8385.000000 2.728361e-09
8390.000000 2.735973e-09
8395.000000 2.755424e-09
8400.000000 2.750128e-09
8405.000000 2.741481e-09
8410.000000 2.730954e-09
8415.000000 2.713806e-09
8420.000000 2.713092e-09
8425.000000 2.696161e-09
8430.000000 2.678447e-09
8435.000000 2.670531e-09
8440.000000 2.692915e-09
8445.000000 2.729576e-09
8450.000000 2.773198e-09
8455.000000 2.798778e-09
8460.000000 2.796231e-09
8465.000000 2.762804e-09
8470.000000 2.752707e-09
8475.000000 2.768928e-09
8480.000000 2.781897e-09
8485.000000 2.770826e-09
8490.000000 2.715320e-09
8495.000000 2.574498e-09
8500.000000 2.478447e-09
8505.000000 2.562613e-09
8510.000000 2.642125e-09
8515.000000 2.664176e-09
8520.000000 2.677704e-09
8525.000000 2.639012e-09
8530.000000 2.509117e-09
8535.000000 2.329072e-09
8540.000000 2.117446e-09
8545.000000 2.123673e-09
8550.000000 2.361372e-09
8555.000000 2.545246e-09
8560.000000 2.630552e-09
8565.000000 2.664467e-09
8570.000000 2.655792e-09
8575.000000 2.636734e-09
8580.000000 2.629549e-09
8585.000000 2.622956e-09
8590.000000 2.617479e-09
8595.000000 2.612799e-09
8600.000000 2.601411e-09
8605.000000 2.583029e-09
8610.000000 2.560125e-09
8615.000000 2.558822e-09
8620.000000 2.567050e-09
8625.000000 2.592526e-09
8630.000000 2.628665e-09
8635.000000 2.666060e-09
8640.000000 2.679345e-09
8645.000000 2.642759e-09
8650.000000 2.542557e-09
8655.000000 2.403926e-09
8660.000000 2.224956e-09
8665.000000 2.207708e-09
8670.000000 2.385541e-09
8675.000000 2.502741e-09
8680.000000 2.600992e-09
8685.000000 2.628429e-09
8690.000000 2.612544e-09
8695.000000 2.627200e-09
8700.000000 2.626039e-09
8705.000000 2.642291e-09
8710.000000 2.653445e-09
8715.000000 2.667096e-09
8720.000000 2.678407e-09
8725.000000 2.652701e-09
8730.000000 2.639492e-09
8735.000000 2.622740e-09
8740.000000 2.610839e-09
8745.000000 2.618056e-09
8750.000000 2.603545e-09
8755.000000 2.583557e-09
8760.000000 2.576394e-09
8765.000000 2.562185e-09
8770.000000 2.554707e-09
8775.000000 2.570171e-09
8780.000000 2.582163e-09
8785.000000 2.576984e-09
8790.000000 2.560036e-09
8795.000000 2.548803e-09
8800.000000 2.557469e-09
8805.000000 2.530369e-09
8810.000000 2.549416e-09
8815.000000 2.609033e-09
8820.000000 2.623592e-09
8825.000000 2.612092e-09
8830.000000 2.624535e-09
8835.000000 2.614456e-09
8840.000000 2.618312e-09
8845.000000 2.637201e-09
8850.000000 2.629225e-09
8855.000000 2.602168e-09
8860.000000 2.568641e-09
8865.000000 2.537779e-09
8870.000000 2.530971e-09
8875.000000 2.535883e-09
8880.000000 2.528866e-09
8885.000000 2.544024e-09
8890.000000 2.551668e-09
8895.000000 2.563405e-09
8900.000000 2.576748e-09
8905.000000 2.591607e-09
8910.000000 2.593914e-09
8915.000000 2.605181e-09
8920.000000 2.593130e-09
8925.000000 2.577014e-09
8930.000000 2.573029e-09
8935.000000 2.573443e-09
8940.000000 2.555186e-09
8945.000000 2.527691e-09
8950.000000 2.539140e-09
8955.000000 2.559010e-09
8960.000000 2.560087e-09
8965.000000 2.541478e-09
8970.000000 2.537325e-09
8975.000000 2.533814e-09
8980.000000 2.524500e-09
8985.000000 2.500692e-09
8990.000000 2.489635e-09
8995.000000 2.518703e-09
9000.000000 2.511237e-09
9005.000000 2.506238e-09
9010.000000 2.488812e-09
9015.000000 2.483428e-09
9020.000000 2.506889e-09
9025.000000 2.529283e-09
9030.000000 2.571268e-09
9035.000000 2.598299e-09
9040.000000 2.607374e-09
9045.000000 2.596181e-09
9050.000000 2.572785e-09
9055.000000 2.541509e-09
9060.000000 2.520095e-09
9065.000000 2.501600e-09
9070.000000 2.473683e-09
9075.000000 2.461889e-09
9080.000000 2.445195e-09
9085.000000 2.428926e-09
9090.000000 2.419432e-09
9095.000000 2.429963e-09
9100.000000 2.428102e-09
9105.000000 2.422125e-09
9110.000000 2.415939e-09
9115.000000 2.400523e-09
9120.000000 2.391560e-09
9125.000000 2.393583e-09
9130.000000 2.378418e-09
9135.000000 2.355323e-09
9140.000000 2.336175e-09
9145.000000 2.323741e-09
9150.000000 2.316930e-09
9155.000000 2.315522e-09
9160.000000 2.333663e-09
9165.000000 2.332543e-09
9170.000000 2.306110e-09
9175.000000 2.306629e-09
9180.000000 2.334926e-09
9185.000000 2.355177e-09
9190.000000 2.357144e-09
9195.000000 2.363126e-09
9200.000000 2.361173e-09
9205.000000 2.357756e-09
9210.000000 2.336630e-09
9215.000000 2.335653e-09
9220.000000 2.360291e-09
9225.000000 2.366743e-09
9230.000000 2.354905e-09
9235.000000 2.339785e-09
9240.000000 2.315121e-09
9245.000000 2.285375e-09
9250.000000 2.265317e-09
9255.000000 2.261808e-09
9260.000000 2.283300e-09
9265.000000 2.318528e-09
9270.000000 2.363147e-09
9275.000000 2.386124e-09
9280.000000 2.375100e-09
9285.000000 2.376314e-09
9290.000000 2.352653e-09
9295.000000 2.322876e-09
9300.000000 2.294883e-09
9305.000000 2.256517e-09
9310.000000 2.217441e-09
9315.000000 2.162228e-09
9320.000000 2.137475e-09
9325.000000 2.121948e-09
9330.000000 2.130977e-09
9335.000000 2.105664e-09
9340.000000 2.096281e-09
9345.000000 2.119366e-09
9350.000000 2.169547e-09
9355.000000 2.146578e-09
9360.000000 2.200819e-09
9365.000000 2.228135e-09
9370.000000 2.239816e-09
9375.000000 2.283831e-09
9380.000000 2.327630e-09
9385.000000 2.400997e-09
9390.000000 2.466097e-09
9395.000000 2.490791e-09
9400.000000 2.453309e-09
9405.000000 2.372748e-09
9410.000000 2.277744e-09
9415.000000 2.224786e-09
9420.000000 2.166917e-09
9425.000000 2.096958e-09
9430.000000 2.067490e-09
9435.000000 2.084886e-09
9440.000000 2.042041e-09
9445.000000 2.103026e-09
9450.000000 2.147437e-09
9455.000000 2.152066e-09
9460.000000 2.159463e-09
9465.000000 2.213391e-09
9470.000000 2.233158e-09
9475.000000 2.207974e-09
9480.000000 2.177515e-09
9485.000000 2.216078e-09
9490.000000 2.202200e-09
9495.000000 2.146039e-09
9500.000000 2.145833e-09
9505.000000 2.233061e-09
9510.000000 2.300327e-09
9515.000000 2.296078e-09
9520.000000 2.302087e-09
9525.000000 2.342229e-09
9530.000000 2.380630e-09
9535.000000 2.355548e-09
9540.000000 2.315630e-09
9545.000000 2.255246e-09
9550.000000 2.230045e-09
9555.000000 2.176231e-09
9560.000000 2.216949e-09
9565.000000 2.195689e-09
9570.000000 2.217551e-09
9575.000000 2.232216e-09
9580.000000 2.206125e-09
9585.000000 2.170442e-09
9590.000000 2.169760e-09
9595.000000 2.182329e-09
9600.000000 2.206360e-09
9605.000000 2.218660e-09
9610.000000 2.243121e-09
9615.000000 2.276051e-09
9620.000000 2.252983e-09
9625.000000 2.265355e-09
9630.000000 2.260831e-09
9635.000000 2.238109e-09
9640.000000 2.238403e-09
9645.000000 2.223857e-09
9650.000000 2.232529e-09
9655.000000 2.233727e-09
9660.000000 2.236127e-09
9665.000000 2.252452e-09
9670.000000 2.260414e-09
9675.000000 2.238704e-09
9680.000000 2.217666e-09
9685.000000 2.221575e-09
9690.000000 2.216013e-09
9695.000000 2.217802e-09
9700.000000 2.200448e-09
9705.000000 2.226004e-09
9710.000000 2.250204e-09
9715.000000 2.261367e-09
9720.000000 2.268966e-09
9725.000000 2.264998e-09
9730.000000 2.228030e-09
9735.000000 2.196135e-09
9740.000000 2.179438e-09
9745.000000 2.158441e-09
9750.000000 2.127269e-09
9755.000000 2.140443e-09
9760.000000 2.155405e-09
9765.000000 2.162907e-09
9770.000000 2.173421e-09
9775.000000 2.184581e-09
9780.000000 2.201915e-09
9785.000000 2.190614e-09
9790.000000 2.203266e-09
9795.000000 2.234957e-09
9800.000000 2.256984e-09
9805.000000 2.236860e-09
9810.000000 2.243648e-09
9815.000000 2.207126e-09
9820.000000 2.176091e-09
9825.000000 2.174658e-09
9830.000000 2.169839e-09
9835.000000 2.174302e-09
9840.000000 2.190887e-09
9845.000000 2.187648e-09
9850.000000 2.192670e-09
9855.000000 2.148714e-09
9860.000000 2.130525e-09
9865.000000 2.146824e-09
9870.000000 2.145119e-09
9875.000000 2.140657e-09
9880.000000 2.162216e-09
9885.000000 2.182319e-09
9890.000000 2.194021e-09
9895.000000 2.192540e-09
9900.000000 2.227570e-09
9905.000000 2.236074e-09
9910.000000 2.259857e-09
9915.000000 2.229194e-09
9920.000000 2.232612e-09
9925.000000 2.218871e-09
9930.000000 2.218731e-09
9935.000000 2.230703e-09
9940.000000 2.188753e-09
9945.000000 2.196142e-09
9950.000000 2.187955e-09
9955.000000 2.212482e-09
9960.000000 2.190564e-09
9965.000000 2.227443e-09
9970.000000 2.242171e-09
9975.000000 2.262921e-09
9980.000000 2.228561e-09
9985.000000 2.185199e-09
9990.000000 2.155148e-09
9995.000000 2.172393e-09
10000.000000 2.245255e-09
10005.000000 2.251230e-09
10010.000000 2.240420e-09
10015.000000 2.228458e-09
10020.000000 2.219209e-09
10025.000000 2.215042e-09
10030.000000 2.214440e-09
10035.000000 2.214362e-09
10040.000000 2.211785e-09
10045.000000 2.205107e-09
10050.000000 2.196460e-09
10055.000000 2.189419e-09
10060.000000 2.187509e-09
10065.000000 2.192427e-09
10070.000000 2.201089e-09
10075.000000 2.208564e-09
10080.000000 2.209955e-09
10085.000000 2.202199e-09
10090.000000 2.187049e-09
10095.000000 2.168136e-09
10100.000000 2.149172e-09
10105.000000 2.133023e-09
10110.000000 2.120359e-09
10115.000000 2.110987e-09
10120.000000 2.104638e-09
10125.000000 2.100877e-09
10130.000000 2.098948e-09
10135.000000 2.097952e-09
10140.000000 2.097005e-09
10145.000000 2.095486e-09
10150.000000 2.093433e-09
10155.000000 2.091161e-09
10160.000000 2.088970e-09
10165.000000 2.086780e-09
10170.000000 2.083556e-09
10175.000000 2.077882e-09
10180.000000 2.068416e-09
10185.000000 2.054968e-09
10190.000000 2.040294e-09
10195.000000 2.028313e-09
10200.000000 2.022852e-09
10205.000000 2.025881e-09
10210.000000 2.034592e-09
10215.000000 2.044295e-09
10220.000000 2.050287e-09
10225.000000 2.049483e-09
10230.000000 2.043002e-09
10235.000000 2.033580e-09
10240.000000 2.024035e-09
10245.000000 2.016403e-09
10250.000000 2.010686e-09
10255.000000 2.006102e-09
10260.000000 2.001826e-09
10265.000000 1.997339e-09
10270.000000 1.992919e-09
10275.000000 1.989144e-09
10280.000000 1.986612e-09
10285.000000 1.985695e-09
10290.000000 1.986187e-09
10295.000000 1.987653e-09
10300.000000 1.989624e-09
10305.000000 1.991416e-09
10310.000000 1.991819e-09
10315.000000 1.989415e-09
10320.000000 1.982895e-09
10325.000000 1.972253e-09
10330.000000 1.960882e-09
10335.000000 1.953474e-09
10340.000000 1.954614e-09
10345.000000 1.966502e-09
10350.000000 1.985130e-09
10355.000000 2.004110e-09
10360.000000 2.017030e-09
10365.000000 2.019733e-09
10370.000000 2.013910e-09
10375.000000 2.003511e-09
10380.000000 1.992615e-09
10385.000000 1.984520e-09
10390.000000 1.980435e-09
10395.000000 1.980790e-09
10400.000000 1.985855e-09
10405.000000 1.995240e-09
10410.000000 2.006813e-09
10415.000000 2.017791e-09
10420.000000 2.025363e-09
10425.000000 2.027333e-09
10430.000000 2.023018e-09
10435.000000 2.012339e-09
10440.000000 1.995385e-09
10445.000000 1.973470e-09
10450.000000 1.951015e-09
10455.000000 1.933658e-09
10460.000000 1.926885e-09
10465.000000 1.933543e-09
10470.000000 1.949586e-09
10475.000000 1.968327e-09
10480.000000 1.983041e-09
10485.000000 1.989333e-09
10490.000000 1.988823e-09
10495.000000 1.985462e-09
10500.000000 1.983280e-09
10505.000000 1.984851e-09
10510.000000 1.988930e-09
10515.000000 1.992817e-09
10520.000000 1.993763e-09
10525.000000 1.990020e-09
10530.000000 1.982462e-09
10535.000000 1.972957e-09
10540.000000 1.963432e-09
10545.000000 1.955434e-09
10550.000000 1.949489e-09
10555.000000 1.945755e-09
10560.000000 1.944300e-09
10565.000000 1.944776e-09
10570.000000 1.945816e-09
10575.000000 1.945627e-09
10580.000000 1.942477e-09
10585.000000 1.935591e-09
10590.000000 1.926640e-09
10595.000000 1.918239e-09
10600.000000 1.913032e-09
10605.000000 1.912761e-09
10610.000000 1.916896e-09
10615.000000 1.924033e-09
10620.000000 1.448280e-09
