1150.000000 2.110673e-08
1155.000000 2.389059e-08
1160.000000 2.170162e-08
1165.000000 2.140822e-08
1170.000000 1.945501e-08
1175.000000 1.706349e-08
1180.000000 1.884626e-08
1185.000000 1.933622e-08
1190.000000 1.543032e-08
1195.000000 1.190065e-08
1200.000000 8.997628e-09
1205.000000 4.836319e-09
1210.000000 3.179370e-09
1215.000000 3.166043e-09
1220.000000 6.063047e-09
1225.000000 1.070493e-08
1230.000000 1.527385e-08
1235.000000 2.034239e-08
1240.000000 2.497179e-08
1245.000000 2.496131e-08
1250.000000 2.326259e-08
1255.000000 2.327580e-08
1260.000000 2.009659e-08
1265.000000 2.038817e-08
1270.000000 2.387208e-08
1275.000000 2.424256e-08
1280.000000 2.496287e-08
1285.000000 2.443844e-08
1290.000000 2.203819e-08
1295.000000 1.858002e-08
1300.000000 1.641225e-08
1305.000000 1.758480e-08
1310.000000 2.209753e-08
1315.000000 2.699070e-08
1320.000000 2.767381e-08
1325.000000 2.475891e-08
1330.000000 2.216693e-08
1335.000000 2.120748e-08
1340.000000 2.448333e-08
1345.000000 2.579172e-08
1350.000000 2.678418e-08
1355.000000 2.658243e-08
1360.000000 2.517821e-08
1365.000000 2.335537e-08
1370.000000 2.321145e-08
1375.000000 2.315825e-08
1380.000000 2.319275e-08
1385.000000 2.344657e-08
1390.000000 2.170030e-08
1395.000000 2.016700e-08
1400.000000 2.125285e-08
1405.000000 2.276455e-08
1410.000000 2.327318e-08
1415.000000 2.239651e-08
1420.000000 2.184364e-08
1425.000000 2.339115e-08
1430.000000 2.466874e-08
1435.000000 2.484732e-08
1440.000000 2.597428e-08
1445.000000 2.625202e-08
1450.000000 2.666069e-08
1455.000000 2.648571e-08
1460.000000 2.661543e-08
1465.000000 2.554079e-08
1470.000000 2.422562e-08
1475.000000 2.414523e-08
1480.000000 2.431464e-08
1485.000000 2.473751e-08
1490.000000 2.553790e-08
1495.000000 2.423865e-08
1500.000000 2.330833e-08
1505.000000 2.268171e-08
1510.000000 2.246981e-08
1515.000000 2.238583e-08
1520.000000 2.283641e-08
1525.000000 2.149397e-08
1530.000000 1.986178e-08
1535.000000 1.913893e-08
1540.000000 1.901013e-08
1545.000000 1.730463e-08
1550.000000 1.837702e-08
1555.000000 2.083630e-08
1560.000000 2.059176e-08
1565.000000 2.056825e-08
1570.000000 2.069081e-08
1575.000000 2.105781e-08
1580.000000 2.148301e-08
1585.000000 2.210529e-08
1590.000000 2.235902e-08
1595.000000 2.158344e-08
1600.000000 2.036334e-08
1605.000000 1.969318e-08
1610.000000 1.963763e-08
1615.000000 2.043311e-08
1620.000000 2.054172e-08
1625.000000 2.043720e-08
1630.000000 2.045141e-08
1635.000000 2.059868e-08
1640.000000 2.071410e-08
1645.000000 2.090890e-08
1650.000000 2.064027e-08
1655.000000 1.984023e-08
1660.000000 1.974913e-08
1665.000000 2.057739e-08
1670.000000 2.027225e-08
1675.000000 2.004902e-08
1680.000000 2.092578e-08
1685.000000 2.082864e-08
1690.000000 1.995300e-08
1695.000000 1.953294e-08
1700.000000 1.958575e-08
1705.000000 1.893467e-08
1710.000000 1.763838e-08
1715.000000 1.692598e-08
1720.000000 1.618487e-08
1725.000000 1.693095e-08
1730.000000 1.842259e-08
1735.000000 1.892765e-08
1740.000000 1.857197e-08
1745.000000 1.781839e-08
1750.000000 1.783463e-08
1755.000000 1.894382e-08
1760.000000 1.869607e-08
1765.000000 1.854922e-08
1770.000000 1.833397e-08
1775.000000 1.838120e-08
1780.000000 1.928331e-08
1785.000000 1.869020e-08
1790.000000 1.755794e-08
1795.000000 1.907417e-08
1800.000000 2.053670e-08
1805.000000 2.016353e-08
1810.000000 1.939661e-08
1815.000000 1.893327e-08
1820.000000 1.873638e-08
1825.000000 1.894601e-08
1830.000000 1.852780e-08
1835.000000 1.800888e-08
1840.000000 1.697164e-08
1845.000000 1.571012e-08
1850.000000 1.472384e-08
1855.000000 1.439548e-08
1860.000000 1.464184e-08
1865.000000 1.542183e-08
1870.000000 1.672723e-08
1875.000000 1.706888e-08
1880.000000 1.574198e-08
1885.000000 1.389673e-08
1890.000000 1.290521e-08
1895.000000 1.308793e-08
1900.000000 1.409378e-08
1905.000000 1.460501e-08
1910.000000 1.422665e-08
1915.000000 1.327891e-08
1920.000000 1.281827e-08
1925.000000 1.250052e-08
1930.000000 1.291919e-08
1935.000000 1.401704e-08
1940.000000 1.446667e-08
1945.000000 1.457795e-08
1950.000000 1.407847e-08
1955.000000 1.343172e-08
1960.000000 1.250866e-08
1965.000000 1.218874e-08
1970.000000 1.260779e-08
1975.000000 1.389281e-08
1980.000000 1.471038e-08
1985.000000 1.462773e-08
1990.000000 1.337701e-08
1995.000000 1.216205e-08
2000.000000 1.203034e-08
2005.000000 1.214772e-08
2010.000000 1.203938e-08
2015.000000 1.301273e-08
2020.000000 1.385018e-08
2025.000000 1.421836e-08
2030.000000 1.436486e-08
2035.000000 1.411345e-08
2040.000000 1.334929e-08
2045.000000 1.271464e-08
2050.000000 1.300971e-08
2055.000000 1.333851e-08
2060.000000 1.287773e-08
2065.000000 1.217562e-08
2070.000000 1.261613e-08
2075.000000 1.315120e-08
2080.000000 1.347719e-08
2085.000000 1.374986e-08
2090.000000 1.327688e-08
2095.000000 1.253950e-08
2100.000000 1.219657e-08
2105.000000 1.229059e-08
2110.000000 1.225884e-08
2115.000000 1.253623e-08
2120.000000 1.246012e-08
2125.000000 1.243207e-08
2130.000000 1.313186e-08
2135.000000 1.279397e-08
2140.000000 1.230607e-08
2145.000000 1.201193e-08
2150.000000 1.170693e-08
2155.000000 1.180731e-08
2160.000000 1.251076e-08
2165.000000 1.254745e-08
2170.000000 1.212998e-08
2175.000000 1.189453e-08
2180.000000 1.158766e-08
2185.000000 1.132828e-08
2190.000000 1.177690e-08
2195.000000 1.247481e-08
2200.000000 1.244810e-08
2205.000000 1.206027e-08
2210.000000 1.145871e-08
2215.000000 1.120859e-08
2220.000000 1.087393e-08
2225.000000 1.015115e-08
2230.000000 1.000714e-08
2235.000000 1.036186e-08
2240.000000 1.075063e-08
2245.000000 1.086031e-08
2250.000000 1.095002e-08
2255.000000 1.106743e-08
2260.000000 1.079146e-08
2265.000000 1.049138e-08
2270.000000 1.097654e-08
2275.000000 1.130549e-08
2280.000000 1.121162e-08
2285.000000 1.086934e-08
2290.000000 1.136732e-08
2295.000000 1.166894e-08
2300.000000 1.136063e-08
2305.000000 1.084885e-08
2310.000000 1.118193e-08
2315.000000 1.153018e-08
2320.000000 1.112855e-08
2325.000000 1.096929e-08
2330.000000 1.076952e-08
2335.000000 1.069415e-08
2340.000000 1.049837e-08
2345.000000 1.032201e-08
2350.000000 9.984730e-09
2355.000000 1.032396e-08
2360.000000 1.080720e-08
2365.000000 1.058926e-08
2370.000000 1.057652e-08
2375.000000 1.090940e-08
2380.000000 1.078940e-08
2385.000000 1.040469e-08
2390.000000 9.953965e-09
2395.000000 1.035011e-08
2400.000000 1.063774e-08
2405.000000 1.088550e-08
2410.000000 1.067184e-08
2415.000000 1.031884e-08
2420.000000 1.027117e-08
2425.000000 1.075392e-08
2430.000000 1.128187e-08
2435.000000 1.114539e-08
2440.000000 1.076421e-08
2445.000000 1.073569e-08
2450.000000 1.100956e-08
2455.000000 1.143849e-08
2460.000000 1.185595e-08
2465.000000 1.155183e-08
2470.000000 1.096214e-08
2475.000000 1.075737e-08
2480.000000 1.097220e-08
2485.000000 1.124924e-08
2490.000000 1.121268e-08
2495.000000 1.089721e-08
2500.000000 1.107569e-08
2505.000000 1.123070e-08
2510.000000 1.136875e-08
2515.000000 1.127248e-08
2520.000000 1.111253e-08
2525.000000 1.096272e-08
2530.000000 1.107519e-08
2535.000000 1.111573e-08
2540.000000 1.082929e-08
2545.000000 1.038151e-08
2550.000000 1.042838e-08
2555.000000 1.059825e-08
2560.000000 1.129852e-08
2565.000000 1.127942e-08
2570.000000 1.107823e-08
2575.000000 1.131773e-08
2580.000000 1.040874e-08
2585.000000 1.000632e-08
2590.000000 1.095947e-08
2595.000000 1.151598e-08
2600.000000 1.138143e-08
2605.000000 1.103771e-08
2610.000000 1.114396e-08
2615.000000 1.116672e-08
2620.000000 1.146762e-08
2625.000000 1.168587e-08
2630.000000 1.131994e-08
2635.000000 1.127309e-08
2640.000000 1.182407e-08
2645.000000 1.254189e-08
2650.000000 1.265703e-08
2655.000000 1.256028e-08
2660.000000 1.242493e-08
2665.000000 1.206877e-08
2670.000000 1.162781e-08
2675.000000 1.165459e-08
2680.000000 1.208218e-08
2685.000000 1.221469e-08
2690.000000 1.226606e-08
2695.000000 1.199188e-08
2700.000000 1.153797e-08
2705.000000 1.170504e-08
2710.000000 1.162720e-08
2715.000000 1.122883e-08
2720.000000 1.102234e-08
2725.000000 1.110241e-08
2730.000000 1.130853e-08
2735.000000 1.159750e-08
2740.000000 1.177309e-08
2745.000000 1.120292e-08
2750.000000 1.085414e-08
2755.000000 1.058279e-08
2760.000000 1.091092e-08
2765.000000 1.171496e-08
2770.000000 1.170621e-08
2775.000000 1.113463e-08
2780.000000 1.121368e-08
2785.000000 1.105695e-08
2790.000000 1.094513e-08
2795.000000 1.120793e-08
2800.000000 1.058872e-08
2805.000000 1.028269e-08
2810.000000 1.072437e-08
2815.000000 1.167531e-08
2820.000000 1.206644e-08
2825.000000 1.198262e-08
2830.000000 1.135483e-08
2835.000000 1.097957e-08
2840.000000 1.084651e-08
2845.000000 1.082905e-08
2850.000000 1.100796e-08
2855.000000 1.071688e-08
2860.000000 1.072329e-08
2865.000000 1.094407e-08
2870.000000 1.121713e-08
2875.000000 1.121059e-08
2880.000000 1.117739e-08
2885.000000 1.131452e-08
2890.000000 1.136807e-08
2895.000000 1.165595e-08
2900.000000 1.146944e-08
2905.000000 1.134983e-08
2910.000000 1.158173e-08
2915.000000 1.169268e-08
2920.000000 1.146070e-08
2925.000000 1.123967e-08
2930.000000 1.102853e-08
2935.000000 1.095211e-08
2940.000000 1.084707e-08
2945.000000 1.097093e-08
2950.000000 1.087415e-08
2955.000000 1.095089e-08
2960.000000 1.097209e-08
2965.000000 1.080958e-08
2970.000000 1.082272e-08
2975.000000 1.079626e-08
2980.000000 1.097919e-08
2985.000000 1.084651e-08
2990.000000 1.068650e-08
2995.000000 1.072431e-08
3000.000000 1.066889e-08
3005.000000 1.060259e-08
3010.000000 1.059785e-08
3015.000000 1.068363e-08
3020.000000 1.065899e-08
3025.000000 1.065493e-08
3030.000000 1.062031e-08
3035.000000 1.064333e-08
3040.000000 1.057399e-08
3045.000000 1.049750e-08
3050.000000 1.033353e-08
3055.000000 1.032617e-08
3060.000000 1.016871e-08
3065.000000 1.026338e-08
3070.000000 1.036103e-08
3075.000000 1.023522e-08
3080.000000 1.022310e-08
3085.000000 1.022656e-08
3090.000000 1.026245e-08
3095.000000 1.036668e-08
3100.000000 1.043909e-08
3105.000000 1.048243e-08
3110.000000 1.032882e-08
3115.000000 1.021189e-08
3120.000000 1.021270e-08
3125.000000 1.018093e-08
3130.000000 1.039376e-08
3135.000000 1.048431e-08
3140.000000 1.061153e-08
3145.000000 1.085604e-08
3150.000000 1.096507e-08
3155.000000 1.075714e-08
3160.000000 1.015514e-08
3165.000000 1.007694e-08
3170.000000 1.011614e-08
3175.000000 1.018425e-08
3180.000000 1.003588e-08
3185.000000 9.890446e-09
3190.000000 9.885313e-09
3195.000000 9.861599e-09
3200.000000 9.814636e-09
3205.000000 1.003170e-08
3210.000000 1.016780e-08
3215.000000 9.981294e-09
3220.000000 9.742902e-09
3225.000000 9.769929e-09
3230.000000 9.999803e-09
3235.000000 1.023278e-08
3240.000000 1.030838e-08
3245.000000 1.017745e-08
3250.000000 1.002735e-08
3255.000000 1.004467e-08
3260.000000 1.017901e-08
3265.000000 1.028296e-08
3270.000000 1.020367e-08
3275.000000 9.889554e-09
3280.000000 9.548406e-09
3285.000000 9.391385e-09
3290.000000 9.383680e-09
3295.000000 9.430580e-09
3300.000000 9.527085e-09
3305.000000 9.664611e-09
3310.000000 9.733254e-09
3315.000000 9.660375e-09
3320.000000 9.571236e-09
3325.000000 9.591726e-09
3330.000000 9.652438e-09
3335.000000 9.655021e-09
3340.000000 9.623884e-09
3345.000000 9.612168e-09
3350.000000 9.619577e-09
3355.000000 9.619153e-09
3360.000000 9.574518e-09
3365.000000 9.485325e-09
3370.000000 9.447631e-09
3375.000000 9.519470e-09
3380.000000 9.568951e-09
3385.000000 9.478133e-09
3390.000000 9.353387e-09
3395.000000 9.315873e-09
3400.000000 9.302751e-09
3405.000000 9.248446e-09
3410.000000 9.261335e-09
3415.000000 9.409571e-09
3420.000000 9.486322e-09
3425.000000 9.324547e-09
3430.000000 9.131504e-09
3435.000000 9.123536e-09
3440.000000 9.166769e-09
3445.000000 9.092363e-09
3450.000000 8.994068e-09
3455.000000 8.991625e-09
3460.000000 9.005507e-09
3465.000000 8.945995e-09
3470.000000 8.898364e-09
3475.000000 8.945180e-09
3480.000000 8.986495e-09
3485.000000 8.921671e-09
3490.000000 8.831942e-09
3495.000000 8.814488e-09
3500.000000 8.823825e-09
3505.000000 8.758870e-09
3510.000000 8.530451e-09
3515.000000 8.572292e-09
3520.000000 8.494953e-09
3525.000000 8.433817e-09
3530.000000 8.461041e-09
3535.000000 8.425622e-09
3540.000000 8.524713e-09
3545.000000 8.513029e-09
3550.000000 8.331562e-09
3555.000000 8.202793e-09
3560.000000 8.303562e-09
3565.000000 8.372950e-09
3570.000000 8.400496e-09
3575.000000 8.304090e-09
3580.000000 8.173109e-09
3585.000000 8.216998e-09
3590.000000 8.203839e-09
3595.000000 8.168672e-09
3600.000000 8.113065e-09
3605.000000 8.066833e-09
3610.000000 7.856112e-09
3615.000000 7.611852e-09
3620.000000 7.657459e-09
3625.000000 8.053257e-09
3630.000000 8.091710e-09
3635.000000 7.760900e-09
3640.000000 7.571995e-09
3645.000000 7.693961e-09
3650.000000 7.706347e-09
3655.000000 7.750153e-09
3660.000000 7.842807e-09
3665.000000 7.772454e-09
3670.000000 7.648659e-09
3675.000000 7.579161e-09
3680.000000 7.721719e-09
3685.000000 7.817810e-09
3690.000000 7.831548e-09
3695.000000 7.758641e-09
3700.000000 7.906890e-09
3705.000000 8.035324e-09
3710.000000 8.287595e-09
3715.000000 8.538865e-09
3720.000000 8.479411e-09
3725.000000 8.678993e-09
3730.000000 8.620392e-09
3735.000000 8.362616e-09
3740.000000 9.222989e-09
3745.000000 9.027546e-09
3750.000000 8.245655e-09
3755.000000 8.903555e-09
3760.000000 9.514244e-09
3765.000000 9.158703e-09
3770.000000 8.514626e-09
3775.000000 9.288803e-09
3780.000000 1.014949e-08
3785.000000 1.019510e-08
3790.000000 9.788121e-09
3795.000000 8.860898e-09
3800.000000 8.966840e-09
3805.000000 9.811299e-09
3810.000000 1.026165e-08
3815.000000 1.015570e-08
3820.000000 9.960638e-09
3825.000000 9.837684e-09
3830.000000 8.887947e-09
3835.000000 8.124064e-09
3840.000000 9.123959e-09
3845.000000 9.938351e-09
3850.000000 9.994029e-09
3855.000000 9.790469e-09
3860.000000 9.753774e-09
3865.000000 9.608393e-09
3870.000000 9.469590e-09
3875.000000 9.456953e-09
3880.000000 9.160724e-09
3885.000000 8.162366e-09
3890.000000 7.840008e-09
3895.000000 8.951471e-09
3900.000000 9.728189e-09
3905.000000 9.832539e-09
3910.000000 9.660485e-09
3915.000000 9.467512e-09
3920.000000 9.236788e-09
3925.000000 9.050192e-09
3930.000000 8.719623e-09
3935.000000 8.735537e-09
3940.000000 9.258274e-09
3945.000000 9.488475e-09
3950.000000 9.427199e-09
3955.000000 9.144633e-09
3960.000000 8.738906e-09
3965.000000 7.655764e-09
3970.000000 7.162240e-09
3975.000000 8.164838e-09
3980.000000 8.720250e-09
3985.000000 8.879137e-09
3990.000000 8.834880e-09
3995.000000 8.795989e-09
4000.000000 8.697382e-09
4005.000000 8.479371e-09
4010.000000 8.444334e-09
4015.000000 8.552267e-09
4020.000000 8.435538e-09
4025.000000 8.076023e-09
4030.000000 8.215224e-09
4035.000000 8.454099e-09
4040.000000 8.468552e-09
4045.000000 8.444574e-09
4050.000000 8.457469e-09
4055.000000 8.401228e-09
4060.000000 8.326888e-09
4065.000000 8.234156e-09
4070.000000 8.166426e-09
4075.000000 8.058883e-09
4080.000000 8.037930e-09
4085.000000 8.008860e-09
4090.000000 7.851363e-09
4095.000000 7.225189e-09
4100.000000 6.422756e-09
4105.000000 6.834560e-09
4110.000000 7.571750e-09
4115.000000 7.727822e-09
4120.000000 7.644122e-09
4125.000000 7.658034e-09
4130.000000 7.570470e-09
4135.000000 7.590542e-09
4140.000000 7.468783e-09
4145.000000 7.475458e-09
4150.000000 7.655635e-09
4155.000000 7.697124e-09
4160.000000 7.650670e-09
4165.000000 7.575007e-09
4170.000000 7.524483e-09
4175.000000 7.462266e-09
4180.000000 7.406356e-09
4185.000000 7.458909e-09
4190.000000 7.465852e-09
4195.000000 7.490133e-09
4200.000000 7.447754e-09
4205.000000 7.366453e-09
4210.000000 7.342729e-09
4215.000000 7.288761e-09
4220.000000 7.196026e-09
4225.000000 7.131292e-09
4230.000000 7.111257e-09
4235.000000 7.096400e-09
4240.000000 7.160345e-09
4245.000000 7.190141e-09
4250.000000 7.173502e-09
4255.000000 7.122706e-09
4260.000000 7.052715e-09
4265.000000 6.964636e-09
4270.000000 6.881843e-09
4275.000000 6.955484e-09
4280.000000 6.957630e-09
4285.000000 6.970045e-09
4290.000000 6.990856e-09
4295.000000 6.998623e-09
4300.000000 7.023559e-09
4305.000000 6.981612e-09
4310.000000 6.947047e-09
4315.000000 6.887293e-09
4320.000000 6.878197e-09
4325.000000 6.842008e-09
4330.000000 6.628158e-09
4335.000000 6.021001e-09
4340.000000 5.463731e-09
4345.000000 5.910355e-09
4350.000000 6.397967e-09
4355.000000 6.619441e-09
4360.000000 6.723961e-09
4365.000000 6.790081e-09
4370.000000 6.736329e-09
4375.000000 6.700959e-09
4380.000000 6.582834e-09
4385.000000 6.354970e-09
4390.000000 6.362809e-09
4395.000000 6.536503e-09
4400.000000 6.586694e-09
4405.000000 6.560315e-09
4410.000000 6.487026e-09
4415.000000 6.341767e-09
4420.000000 6.102387e-09
4425.000000 5.846452e-09
4430.000000 5.718906e-09
4435.000000 5.811541e-09
4440.000000 5.996274e-09
4445.000000 6.145909e-09
4450.000000 6.242228e-09
4455.000000 6.307669e-09
4460.000000 6.244570e-09
4465.000000 6.105860e-09
4470.000000 5.872196e-09
4475.000000 5.867552e-09
4480.000000 5.952858e-09
4485.000000 6.104018e-09
4490.000000 6.157136e-09
4495.000000 6.175094e-09
4500.000000 6.182634e-09
4505.000000 6.176719e-09
4510.000000 6.201617e-09
4515.000000 6.164132e-09
4520.000000 6.132073e-09
4525.000000 6.051680e-09
4530.000000 5.997275e-09
4535.000000 6.049433e-09
4540.000000 6.030890e-09
4545.000000 5.954619e-09
4550.000000 5.892433e-09
4555.000000 5.912559e-09
4560.000000 5.978242e-09
4565.000000 6.003648e-09
4570.000000 5.960367e-09
4575.000000 5.902065e-09
4580.000000 5.899381e-09
4585.000000 5.852598e-09
4590.000000 5.916204e-09
4595.000000 5.917081e-09
4600.000000 5.892726e-09
4605.000000 5.837731e-09
4610.000000 5.866239e-09
4615.000000 5.888887e-09
4620.000000 5.826341e-09
4625.000000 5.789272e-09
4630.000000 5.779982e-09
4635.000000 5.793764e-09
4640.000000 5.784763e-09
4645.000000 5.802218e-09
4650.000000 5.773189e-09
4655.000000 5.791414e-09
4660.000000 5.805972e-09
4665.000000 5.767773e-09
4670.000000 5.757628e-09
4675.000000 5.791240e-09
4680.000000 5.824472e-09
4685.000000 5.807497e-09
4690.000000 5.733317e-09
4695.000000 5.683801e-09
4700.000000 5.678417e-09
4705.000000 5.694809e-09
4710.000000 5.577216e-09
4715.000000 5.543423e-09
4720.000000 5.574614e-09
4725.000000 5.444186e-09
4730.000000 5.441564e-09
4735.000000 5.495811e-09
4740.000000 5.501810e-09
4745.000000 5.558840e-09
4750.000000 5.558087e-09
4755.000000 5.489719e-09
4760.000000 5.354962e-09
4765.000000 5.322589e-09
4770.000000 5.362690e-09
4775.000000 5.345571e-09
4780.000000 5.315332e-09
4785.000000 5.375947e-09
4790.000000 5.385223e-09
4795.000000 5.305379e-09
4800.000000 5.291374e-09
4805.000000 5.322433e-09
4810.000000 5.298593e-09
4815.000000 5.188220e-09
4820.000000 5.155926e-09
4825.000000 5.191010e-09
4830.000000 5.255152e-09
4835.000000 5.338432e-09
4840.000000 5.353814e-09
4845.000000 5.273419e-09
4850.000000 5.067625e-09
4855.000000 4.580902e-09
4860.000000 4.170140e-09
4865.000000 4.453496e-09
4870.000000 4.799836e-09
4875.000000 4.883817e-09
4880.000000 4.924653e-09
4885.000000 4.956095e-09
4890.000000 4.999590e-09
4895.000000 4.997824e-09
4900.000000 5.010571e-09
4905.000000 5.059782e-09
4910.000000 5.083616e-09
4915.000000 4.941845e-09
4920.000000 4.741880e-09
4925.000000 4.777366e-09
4930.000000 4.996696e-09
4935.000000 5.082284e-09
4940.000000 5.087939e-09
4945.000000 5.066949e-09
4950.000000 4.979108e-09
4955.000000 4.985825e-09
4960.000000 4.984085e-09
4965.000000 4.887770e-09
4970.000000 4.845236e-09
4975.000000 4.864519e-09
4980.000000 4.879311e-09
4985.000000 4.915369e-09
4990.000000 4.871069e-09
4995.000000 4.798838e-09
5000.000000 4.705859e-09
5005.000000 4.667842e-09
5010.000000 4.641078e-09
5015.000000 4.544377e-09
5020.000000 4.635906e-09
5025.000000 4.695604e-09
5030.000000 4.638855e-09
5035.000000 4.621487e-09
5040.000000 4.623975e-09
5045.000000 4.606344e-09
5050.000000 4.584281e-09
5055.000000 4.566901e-09
5060.000000 4.598084e-09
5065.000000 4.622049e-09
5070.000000 4.610795e-09
5075.000000 4.580615e-09
5080.000000 4.609111e-09
5085.000000 4.577045e-09
5090.000000 4.578348e-09
5095.000000 4.567610e-09
5100.000000 4.548669e-09
5105.000000 4.522929e-09
5110.000000 4.493418e-09
5115.000000 4.496648e-09
5120.000000 4.501540e-09
5125.000000 4.477717e-09
5130.000000 4.460520e-09
5135.000000 4.465399e-09
5140.000000 4.475388e-09
5145.000000 4.465799e-09
5150.000000 4.440125e-09
5155.000000 4.396070e-09
5160.000000 4.375777e-09
5165.000000 4.371779e-09
5170.000000 4.382460e-09
5175.000000 4.406878e-09
5180.000000 4.413334e-09
5185.000000 4.412413e-09
5190.000000 4.394235e-09
5195.000000 4.388226e-09
5200.000000 4.361083e-09
5205.000000 4.321775e-09
5210.000000 4.281830e-09
5215.000000 4.274040e-09
5220.000000 4.304765e-09
5225.000000 4.287106e-09
5230.000000 4.243757e-09
5235.000000 4.207235e-09
5240.000000 4.218143e-09
5245.000000 4.199632e-09
5250.000000 4.166494e-09
5255.000000 4.167503e-09
5260.000000 4.141363e-09
5265.000000 4.123538e-09
5270.000000 4.087937e-09
5275.000000 4.041351e-09
5280.000000 4.046421e-09
5285.000000 4.044311e-09
5290.000000 4.053885e-09
5295.000000 4.031301e-09
5300.000000 4.044648e-09
5305.000000 4.059619e-09
5310.000000 4.046825e-09
5315.000000 4.010519e-09
5320.000000 3.979450e-09
5325.000000 3.950384e-09
5330.000000 3.939671e-09
5335.000000 3.955861e-09
5340.000000 3.950443e-09
5345.000000 3.921509e-09
5350.000000 3.897230e-09
5355.000000 3.895581e-09
5360.000000 3.887628e-09
5365.000000 3.885163e-09
5370.000000 3.862076e-09
5375.000000 3.838077e-09
5380.000000 3.827624e-09
5385.000000 3.836415e-09
5390.000000 3.820936e-09
5395.000000 3.791937e-09
5400.000000 3.782456e-09
5405.000000 3.768220e-09
5410.000000 3.770550e-09
5415.000000 3.739760e-09
5420.000000 3.707401e-09
5425.000000 3.700106e-09
5430.000000 3.687785e-09
5435.000000 3.677689e-09
5440.000000 3.665865e-09
5445.000000 3.617364e-09
5450.000000 3.573382e-09
5455.000000 3.568160e-09
5460.000000 3.592512e-09
5465.000000 3.598365e-09
5470.000000 3.596953e-09
5475.000000 3.572472e-09
5480.000000 3.556054e-09
5485.000000 3.547746e-09
5490.000000 3.542025e-09
5495.000000 3.554499e-09
5500.000000 3.568288e-09
5505.000000 3.524127e-09
5510.000000 3.487581e-09
5515.000000 3.512582e-09
5520.000000 3.483619e-09
5525.000000 3.456281e-09
5530.000000 3.441214e-09
5535.000000 3.442480e-09
5540.000000 3.447860e-09
5545.000000 3.432768e-09
5550.000000 3.434322e-09
5555.000000 3.451310e-09
5560.000000 3.449011e-09
5565.000000 3.421768e-09
5570.000000 3.413146e-09
5575.000000 3.420757e-09
5580.000000 3.406642e-09
5585.000000 3.405888e-09
5590.000000 3.400768e-09
5595.000000 3.401002e-09
5600.000000 3.402810e-09
5605.000000 3.393210e-09
5610.000000 3.384371e-09
5615.000000 3.363498e-09
5620.000000 3.353249e-09
5625.000000 3.322292e-09
5630.000000 3.303458e-09
5635.000000 3.273567e-09
5640.000000 3.228063e-09
5645.000000 3.225579e-09
5650.000000 3.231188e-09
5655.000000 3.233397e-09
5660.000000 3.216139e-09
5665.000000 3.193170e-09
5670.000000 3.185355e-09
5675.000000 3.171288e-09
5680.000000 3.164585e-09
5685.000000 3.178390e-09
5690.000000 3.161605e-09
5695.000000 3.123680e-09
5700.000000 3.101717e-09
5705.000000 3.070238e-09
5710.000000 3.089233e-09
5715.000000 3.116304e-09
5720.000000 3.112790e-09
5725.000000 3.107751e-09
5730.000000 3.101787e-09
5735.000000 3.071376e-09
5740.000000 3.040906e-09
5745.000000 3.042786e-09
5750.000000 3.045815e-09
5755.000000 3.060282e-09
5760.000000 3.060912e-09
5765.000000 3.025479e-09
5770.000000 2.986455e-09
5775.000000 2.905543e-09
5780.000000 2.780705e-09
5785.000000 2.840501e-09
5790.000000 2.898504e-09
5795.000000 2.887727e-09
5800.000000 2.901096e-09
5805.000000 2.920901e-09
5810.000000 2.946863e-09
5815.000000 2.961048e-09
5820.000000 2.946251e-09
5825.000000 2.948803e-09
5830.000000 2.929619e-09
5835.000000 2.927207e-09
5840.000000 2.907794e-09
5845.000000 2.886861e-09
5850.000000 2.886526e-09
5855.000000 2.901249e-09
5860.000000 2.918102e-09
5865.000000 2.909667e-09
5870.000000 2.812060e-09
5875.000000 2.684416e-09
5880.000000 2.751173e-09
5885.000000 2.703390e-09
5890.000000 2.521223e-09
5895.000000 2.540581e-09
5900.000000 2.694810e-09
5905.000000 2.810784e-09
5910.000000 2.804672e-09
5915.000000 2.789534e-09
5920.000000 2.773083e-09
5925.000000 2.762592e-09
5930.000000 2.769184e-09
5935.000000 2.767994e-09
5940.000000 2.722492e-09
5945.000000 2.671576e-09
5950.000000 2.666962e-09
5955.000000 2.686945e-09
5960.000000 2.710144e-09
5965.000000 2.716778e-09
5970.000000 2.699331e-09
5975.000000 2.665348e-09
5980.000000 2.667742e-09
5985.000000 2.673182e-09
5990.000000 2.650176e-09
5995.000000 2.631347e-09
6000.000000 2.627947e-09
6005.000000 2.647951e-09
6010.000000 2.641987e-09
6015.000000 2.644232e-09
6020.000000 2.638414e-09
6025.000000 2.623344e-09
6030.000000 2.612128e-09
6035.000000 2.590558e-09
6040.000000 2.585421e-09
6045.000000 2.615392e-09
6050.000000 2.623435e-09
6055.000000 2.618957e-09
6060.000000 2.605480e-09
6065.000000 2.592805e-09
6070.000000 2.593073e-09
6075.000000 2.582554e-09
6080.000000 2.578084e-09
6085.000000 2.583560e-09
6090.000000 2.581729e-09
6095.000000 2.557887e-09
6100.000000 2.558684e-09
6105.000000 2.567969e-09
6110.000000 2.567220e-09
6115.000000 2.569423e-09
6120.000000 2.559392e-09
6125.000000 2.545928e-09
6130.000000 2.541583e-09
6135.000000 2.521791e-09
6140.000000 2.502259e-09
6145.000000 2.489200e-09
6150.000000 2.488512e-09
6155.000000 2.479180e-09
6160.000000 2.488580e-09
6165.000000 2.487105e-09
6170.000000 2.466007e-09
6175.000000 2.453195e-09
6180.000000 2.448614e-09
6185.000000 2.453391e-09
6190.000000 2.462414e-09
6195.000000 2.459118e-09
6200.000000 2.436516e-09
6205.000000 2.431528e-09
6210.000000 2.441207e-09
6215.000000 2.442898e-09
6220.000000 2.449281e-09
6225.000000 2.453167e-09
6230.000000 2.439666e-09
6235.000000 2.430830e-09
6240.000000 2.430587e-09
6245.000000 2.428626e-09
6250.000000 2.421354e-09
6255.000000 2.426517e-09
6260.000000 2.410947e-09
6265.000000 2.376092e-09
6270.000000 2.341940e-09
6275.000000 2.298535e-09
6280.000000 2.216738e-09
6285.000000 2.234105e-09
6290.000000 2.309288e-09
6295.000000 2.332310e-09
6300.000000 2.331208e-09
6305.000000 2.327048e-09
6310.000000 2.329663e-09
6315.000000 2.328598e-09
6320.000000 2.326791e-09
6325.000000 2.334711e-09
6330.000000 2.336633e-09
6335.000000 2.318689e-09
6340.000000 2.299186e-09
6345.000000 2.250071e-09
6350.000000 2.253735e-09
6355.000000 2.303344e-09
6360.000000 2.307794e-09
6365.000000 2.274695e-09
6370.000000 2.235308e-09
6375.000000 2.231319e-09
6380.000000 2.246116e-09
6385.000000 2.259474e-09
6390.000000 2.270673e-09
6395.000000 2.264998e-09
6400.000000 2.250065e-09
6405.000000 2.245093e-09
6410.000000 2.248109e-09
6415.000000 2.241091e-09
6420.000000 2.250833e-09
6425.000000 2.252534e-09
6430.000000 2.243953e-09
6435.000000 2.239577e-09
6440.000000 2.229024e-09
6445.000000 2.202658e-09
6450.000000 2.190455e-09
6455.000000 2.191655e-09
6460.000000 2.187049e-09
6465.000000 2.176070e-09
6470.000000 2.167214e-09
6475.000000 2.163631e-09
6480.000000 2.153182e-09
6485.000000 2.149801e-09
6490.000000 2.159670e-09
6495.000000 2.168351e-09
6500.000000 2.170460e-09
6505.000000 2.152035e-09
6510.000000 2.149370e-09
6515.000000 2.149575e-09
6520.000000 2.166013e-09
6525.000000 2.162190e-09
6530.000000 2.143980e-09
6535.000000 2.140252e-09
6540.000000 2.138629e-09
6545.000000 2.129336e-09
6550.000000 2.114178e-09
6555.000000 2.055328e-09
6560.000000 1.949745e-09
6565.000000 1.958636e-09
6570.000000 2.049993e-09
6575.000000 2.063279e-09
6580.000000 2.042587e-09
6585.000000 2.073243e-09
6590.000000 2.101062e-09
6595.000000 2.110170e-09
6600.000000 2.112910e-09
6605.000000 2.109819e-09
6610.000000 2.087395e-09
6615.000000 2.078642e-09
6620.000000 2.093678e-09
6625.000000 2.107310e-09
6630.000000 2.091646e-09
6635.000000 2.083603e-09
6640.000000 2.080708e-09
6645.000000 2.071873e-09
6650.000000 2.063084e-09
6655.000000 2.061931e-09
6660.000000 2.054790e-09
6665.000000 2.044994e-09
6670.000000 2.013028e-09
6675.000000 1.927284e-09
6680.000000 1.902430e-09
6685.000000 1.982973e-09
6690.000000 2.024876e-09
6695.000000 2.016852e-09
6700.000000 2.013415e-09
6705.000000 2.013492e-09
6710.000000 2.010515e-09
6715.000000 1.990939e-09
6720.000000 1.990980e-09
6725.000000 1.999530e-09
6730.000000 1.997647e-09
6735.000000 1.990422e-09
6740.000000 1.983869e-09
6745.000000 1.976353e-09
6750.000000 1.968569e-09
6755.000000 1.965818e-09
6760.000000 1.969024e-09
6765.000000 1.967060e-09
6770.000000 1.959737e-09
6775.000000 1.959416e-09
6780.000000 1.952934e-09
6785.000000 1.946916e-09
6790.000000 1.943139e-09
6795.000000 1.945433e-09
6800.000000 1.938407e-09
6805.000000 1.932105e-09
6810.000000 1.934594e-09
6815.000000 1.924905e-09
6820.000000 1.921609e-09
6825.000000 1.920693e-09
6830.000000 1.912630e-09
6835.000000 1.902994e-09
6840.000000 1.874051e-09
6845.000000 1.865877e-09
6850.000000 1.861629e-09
6855.000000 1.857459e-09
6860.000000 1.853599e-09
6865.000000 1.849262e-09
6870.000000 1.844602e-09
6875.000000 1.840424e-09
6880.000000 1.836486e-09
6885.000000 1.832533e-09
6890.000000 1.828493e-09
6895.000000 1.824528e-09
6900.000000 1.820679e-09
6905.000000 1.816814e-09
6910.000000 1.812919e-09
6915.000000 1.808970e-09
6920.000000 1.805080e-09
6925.000000 1.801668e-09
6930.000000 1.798340e-09
6935.000000 1.794795e-09
6940.000000 1.791081e-09
6945.000000 1.787410e-09
6950.000000 1.783329e-09
6955.000000 1.778967e-09
6960.000000 1.774570e-09
6965.000000 1.770588e-09
6970.000000 1.771116e-09
6975.000000 1.794753e-09
6980.000000 1.793611e-09
6985.000000 1.769924e-09
6990.000000 1.750666e-09
6995.000000 1.750147e-09
7000.000000 1.752305e-09
7005.000000 1.759593e-09
7010.000000 1.777253e-09
7015.000000 1.780228e-09
7020.000000 1.770284e-09
7025.000000 1.751333e-09
7030.000000 1.749443e-09
7035.000000 1.751084e-09
7040.000000 1.753777e-09
7045.000000 1.752809e-09
7050.000000 1.744128e-09
7055.000000 1.734154e-09
7060.000000 1.703874e-09
7065.000000 1.660349e-09
7070.000000 1.689519e-09
7075.000000 1.729028e-09
7080.000000 1.736491e-09
7085.000000 1.737730e-09
7090.000000 1.735891e-09
7095.000000 1.731084e-09
7100.000000 1.719311e-09
7105.000000 1.718084e-09
7110.000000 1.726471e-09
7115.000000 1.729375e-09
7120.000000 1.723860e-09
7125.000000 1.721439e-09
7130.000000 1.728023e-09
7135.000000 1.729084e-09
7140.000000 1.727430e-09
7145.000000 1.721084e-09
7150.000000 1.716062e-09
7155.000000 1.711226e-09
7160.000000 1.704746e-09
7165.000000 1.682593e-09
7170.000000 1.646294e-09
7175.000000 1.619035e-09
7180.000000 1.602880e-09
7185.000000 1.577034e-09
7190.000000 1.572452e-09
7195.000000 1.579792e-09
7200.000000 1.583509e-09
7205.000000 1.612810e-09
7210.000000 1.664867e-09
7215.000000 1.688390e-09
7220.000000 1.676252e-09
7225.000000 1.656622e-09
7230.000000 1.622436e-09
7235.000000 1.587188e-09
7240.000000 1.579239e-09
7245.000000 1.586535e-09
7250.000000 1.593164e-09
7255.000000 1.604336e-09
7260.000000 1.604614e-09
7265.000000 1.592069e-09
7270.000000 1.583915e-09
7275.000000 1.555277e-09
7280.000000 1.553127e-09
7285.000000 1.550448e-09
7290.000000 1.536664e-09
7295.000000 1.549452e-09
7300.000000 1.559341e-09
7305.000000 1.551481e-09
7310.000000 1.547801e-09
7315.000000 1.543924e-09
7320.000000 1.552568e-09
7325.000000 1.549681e-09
7330.000000 1.535453e-09
7335.000000 1.532224e-09
7340.000000 1.531694e-09
7345.000000 1.523015e-09
7350.000000 1.508606e-09
7355.000000 1.510010e-09
7360.000000 1.504063e-09
7365.000000 1.486222e-09
7370.000000 1.473842e-09
7375.000000 1.482252e-09
7380.000000 1.484256e-09
7385.000000 1.472186e-09
7390.000000 1.471578e-09
7395.000000 1.466888e-09
7400.000000 1.462543e-09
7405.000000 1.463287e-09
7410.000000 1.446389e-09
7415.000000 1.444870e-09
7420.000000 1.458296e-09
7425.000000 1.461747e-09
7430.000000 1.460622e-09
7435.000000 1.456970e-09
7440.000000 1.454020e-09
7445.000000 1.444170e-09
7450.000000 1.447963e-09
7455.000000 1.447709e-09
7460.000000 1.439719e-09
7465.000000 1.428489e-09
7470.000000 1.422731e-09
7475.000000 1.429030e-09
7480.000000 1.429602e-09
7485.000000 1.423368e-09
7490.000000 1.417134e-09
7495.000000 1.415163e-09
7500.000000 1.412753e-09
7505.000000 1.408396e-09
7510.000000 1.411524e-09
7515.000000 1.410462e-09
7520.000000 1.402608e-09
7525.000000 1.401036e-09
7530.000000 1.395755e-09
7535.000000 1.388600e-09
7540.000000 1.387227e-09
7545.000000 1.377091e-09
7550.000000 1.376191e-09
7555.000000 1.373218e-09
7560.000000 1.370300e-09
7565.000000 1.367449e-09
7570.000000 1.364603e-09
7575.000000 1.362024e-09
7580.000000 1.359525e-09
7585.000000 1.356882e-09
7590.000000 1.354328e-09
7595.000000 1.351708e-09
7600.000000 1.348999e-09
7605.000000 1.346337e-09
7610.000000 1.343475e-09
7615.000000 1.340702e-09
7620.000000 1.337958e-09
7625.000000 1.335241e-09
7630.000000 1.332536e-09
7635.000000 1.329853e-09
7640.000000 1.327192e-09
7645.000000 1.324540e-09
7650.000000 1.321906e-09
7655.000000 1.319285e-09
7660.000000 1.316678e-09
7665.000000 1.314082e-09
7670.000000 1.311403e-09
7675.000000 1.308670e-09
7680.000000 1.306100e-09
7685.000000 1.303565e-09
7690.000000 1.301041e-09
7695.000000 1.298270e-09
7700.000000 1.295586e-09
7705.000000 1.293325e-09
7710.000000 1.292500e-09
7715.000000 1.293890e-09
7720.000000 1.294023e-09
7725.000000 1.292154e-09
7730.000000 1.292457e-09
7735.000000 1.290445e-09
7740.000000 1.283908e-09
7745.000000 1.280389e-09
7750.000000 1.277833e-09
7755.000000 1.281594e-09
7760.000000 1.275391e-09
7765.000000 1.261338e-09
7770.000000 1.219332e-09
7775.000000 1.164600e-09
7780.000000 1.201432e-09
7785.000000 1.248732e-09
7790.000000 1.253783e-09
7795.000000 1.253239e-09
7800.000000 1.256297e-09
7805.000000 1.256371e-09
7810.000000 1.247044e-09
7815.000000 1.242505e-09
7820.000000 1.239543e-09
7825.000000 1.240340e-09
7830.000000 1.236804e-09
7835.000000 1.230711e-09
7840.000000 1.223790e-09
7845.000000 1.224091e-09
7850.000000 1.227383e-09
7855.000000 1.222627e-09
7860.000000 1.213952e-09
7865.000000 1.204871e-09
7870.000000 1.208470e-09
7875.000000 1.203810e-09
7880.000000 1.196719e-09
7885.000000 1.200198e-09
7890.000000 1.198307e-09
7895.000000 1.192221e-09
7900.000000 1.188281e-09
7905.000000 1.191789e-09
7910.000000 1.196660e-09
7915.000000 1.193033e-09
7920.000000 1.186547e-09
7925.000000 1.182127e-09
7930.000000 1.178708e-09
7935.000000 1.179992e-09
7940.000000 1.185205e-09
7945.000000 1.175025e-09
7950.000000 1.164138e-09
7955.000000 1.166190e-09
7960.000000 1.168830e-09
7965.000000 1.158452e-09
7970.000000 1.159497e-09
7975.000000 1.158321e-09
7980.000000 1.153017e-09
7985.000000 1.157986e-09
7990.000000 1.156869e-09
7995.000000 1.150016e-09
8000.000000 1.145450e-09
8005.000000 1.147020e-09
8010.000000 1.146721e-09
8015.000000 1.136190e-09
8020.000000 1.137074e-09
8025.000000 1.134116e-09
8030.000000 1.135083e-09
8035.000000 1.135374e-09
8040.000000 1.125523e-09
8045.000000 1.126244e-09
8050.000000 1.124704e-09
8055.000000 1.123640e-09
8060.000000 1.121413e-09
8065.000000 1.108664e-09
8070.000000 1.116300e-09
8075.000000 1.117618e-09
8080.000000 1.111403e-09
8085.000000 1.106569e-09
8090.000000 1.110246e-09
8095.000000 1.110082e-09
8100.000000 1.108858e-09
8105.000000 1.112956e-09
8110.000000 1.104223e-09
8115.000000 1.097941e-09
8120.000000 1.104981e-09
8125.000000 1.105231e-09
8130.000000 1.100782e-09
8135.000000 1.089339e-09
8140.000000 1.088605e-09
8145.000000 1.081505e-09
8150.000000 1.070160e-09
8155.000000 1.055609e-09
8160.000000 1.051283e-09
8165.000000 1.034938e-09
8170.000000 1.046551e-09
8175.000000 1.059055e-09
8180.000000 1.049957e-09
8185.000000 1.054852e-09
8190.000000 1.055134e-09
8195.000000 1.058518e-09
8200.000000 1.059128e-09
8205.000000 1.071861e-09
8210.000000 1.077548e-09
8215.000000 1.072328e-09
8220.000000 1.050202e-09
8225.000000 1.021050e-09
8230.000000 9.876646e-10
8235.000000 1.016496e-09
8240.000000 1.047488e-09
8245.000000 1.053892e-09
8250.000000 1.063316e-09
8255.000000 1.047596e-09
8260.000000 1.041107e-09
8265.000000 1.044732e-09
8270.000000 1.039700e-09
8275.000000 1.018912e-09
8280.000000 1.015377e-09
8285.000000 1.018497e-09
8290.000000 1.018171e-09
8295.000000 1.013304e-09
8300.000000 1.014563e-09
8305.000000 1.008342e-09
8310.000000 1.010597e-09
8315.000000 1.007842e-09
8320.000000 9.973721e-10
8325.000000 1.000767e-09
8330.000000 1.007539e-09
8335.000000 1.005192e-09
8340.000000 9.979796e-10
8345.000000 9.952028e-10
8350.000000 9.987251e-10
8355.000000 9.987797e-10
8360.000000 9.917248e-10
8365.000000 9.880425e-10
8370.000000 9.889387e-10
8375.000000 9.822875e-10
8380.000000 9.838044e-10
8385.000000 9.963232e-10
8390.000000 9.847083e-10
8395.000000 9.756675e-10
8400.000000 9.859851e-10
8405.000000 9.971336e-10
8410.000000 9.822634e-10
8415.000000 9.592173e-10
8420.000000 9.786508e-10
8425.000000 1.002503e-09
8430.000000 9.892538e-10
8435.000000 9.645955e-10
8440.000000 9.362956e-10
8445.000000 9.395899e-10
8450.000000 9.641565e-10
8455.000000 9.916250e-10
8460.000000 9.818790e-10
8465.000000 9.496405e-10
8470.000000 9.378708e-10
8475.000000 9.624825e-10
8480.000000 9.847804e-10
8485.000000 9.940725e-10
8490.000000 9.993534e-10
8495.000000 9.759917e-10
8500.000000 9.292458e-10
8505.000000 8.995057e-10
8510.000000 9.332646e-10
8515.000000 9.651953e-10
8520.000000 9.825221e-10
8525.000000 9.812074e-10
8530.000000 9.739658e-10
8535.000000 9.633171e-10
8540.000000 9.301204e-10
8545.000000 8.838808e-10
8550.000000 8.835344e-10
8555.000000 9.386223e-10
8560.000000 9.753610e-10
8565.000000 9.821512e-10
8570.000000 9.837999e-10
8575.000000 9.776258e-10
8580.000000 9.651308e-10
8585.000000 9.502032e-10
8590.000000 9.325193e-10
8595.000000 8.928889e-10
8600.000000 8.524341e-10
8605.000000 8.855124e-10
8610.000000 9.448475e-10
8615.000000 9.727368e-10
8620.000000 9.833123e-10
8625.000000 9.902872e-10
8630.000000 9.907608e-10
8635.000000 9.897831e-10
8640.000000 9.934108e-10
8645.000000 9.893224e-10
8650.000000 9.720162e-10
8655.000000 9.483159e-10
8660.000000 9.119465e-10
8665.000000 8.521354e-10
8670.000000 8.534994e-10
8675.000000 9.048955e-10
8680.000000 9.403566e-10
8685.000000 9.426973e-10
8690.000000 9.663810e-10
8695.000000 9.863372e-10
8700.000000 9.903610e-10
8705.000000 9.883068e-10
8710.000000 9.886173e-10
8715.000000 9.882614e-10
8720.000000 9.803489e-10
8725.000000 9.768322e-10
8730.000000 9.625728e-10
8735.000000 9.428359e-10
8740.000000 9.199693e-10
8745.000000 8.890652e-10
8750.000000 8.347470e-10
8755.000000 8.359402e-10
8760.000000 8.933200e-10
8765.000000 9.287428e-10
8770.000000 9.373384e-10
8775.000000 9.357528e-10
8780.000000 9.334230e-10
8785.000000 9.377491e-10
8790.000000 9.419840e-10
8795.000000 9.469577e-10
8800.000000 9.514035e-10
8805.000000 9.520204e-10
8810.000000 9.428874e-10
8815.000000 9.423938e-10
8820.000000 9.389696e-10
8825.000000 9.340133e-10
8830.000000 9.364383e-10
8835.000000 9.306374e-10
8840.000000 9.254970e-10
8845.000000 9.145339e-10
8850.000000 8.883632e-10
8855.000000 8.607309e-10
8860.000000 8.140028e-10
8865.000000 7.849381e-10
8870.000000 8.325550e-10
8875.000000 8.746731e-10
8880.000000 8.968027e-10
8885.000000 9.088544e-10
8890.000000 9.184183e-10
8895.000000 9.163222e-10
8900.000000 9.194994e-10
8905.000000 9.192606e-10
8910.000000 9.234472e-10
8915.000000 9.218103e-10
8920.000000 9.171563e-10
8925.000000 9.079565e-10
8930.000000 9.051250e-10
8935.000000 9.035895e-10
8940.000000 9.019503e-10
8945.000000 8.961091e-10
8950.000000 8.890804e-10
8955.000000 8.883656e-10
8960.000000 8.855289e-10
8965.000000 8.723081e-10
8970.000000 8.672017e-10
8975.000000 8.672623e-10
8980.000000 8.605222e-10
8985.000000 8.477339e-10
8990.000000 8.144340e-10
8995.000000 8.224421e-10
9000.000000 8.196955e-10
9005.000000 8.008934e-10
9010.000000 7.716298e-10
9015.000000 7.225648e-10
9020.000000 7.409833e-10
9025.000000 7.946589e-10
9030.000000 8.437492e-10
9035.000000 8.744367e-10
9040.000000 8.882031e-10
9045.000000 8.846775e-10
9050.000000 8.804295e-10
9055.000000 8.718499e-10
9060.000000 8.665124e-10
9065.000000 8.372668e-10
9070.000000 8.259127e-10
9075.000000 8.354659e-10
9080.000000 8.316731e-10
9085.000000 8.157818e-10
9090.000000 8.247005e-10
9095.000000 8.372022e-10
9100.000000 8.325482e-10
9105.000000 8.210854e-10
9110.000000 8.316645e-10
9115.000000 8.351945e-10
9120.000000 8.297903e-10
9125.000000 8.312525e-10
9130.000000 8.145261e-10
9135.000000 7.958044e-10
9140.000000 8.040301e-10
9145.000000 8.188202e-10
9150.000000 7.937698e-10
9155.000000 7.660728e-10
9160.000000 7.934703e-10
9165.000000 8.086822e-10
9170.000000 7.976945e-10
9175.000000 7.836053e-10
9180.000000 8.006028e-10
9185.000000 8.095508e-10
9190.000000 8.087166e-10
9195.000000 8.119621e-10
9200.000000 8.072777e-10
9205.000000 7.934045e-10
9210.000000 7.768003e-10
9215.000000 7.637023e-10
9220.000000 7.534826e-10
9225.000000 7.324971e-10
9230.000000 7.097664e-10
9235.000000 7.223669e-10
9240.000000 7.478408e-10
9245.000000 7.636856e-10
9250.000000 7.690910e-10
9255.000000 7.721294e-10
9260.000000 7.667626e-10
9265.000000 7.643088e-10
9270.000000 7.729241e-10
9275.000000 7.781925e-10
9280.000000 7.735204e-10
9285.000000 7.820683e-10
9290.000000 7.772140e-10
9295.000000 7.658241e-10
9300.000000 7.520131e-10
9305.000000 7.439317e-10
9310.000000 7.261254e-10
9315.000000 7.076574e-10
9320.000000 6.951837e-10
9325.000000 6.948064e-10
9330.000000 7.078002e-10
9335.000000 7.093482e-10
9340.000000 6.958770e-10
9345.000000 6.849187e-10
9350.000000 7.190075e-10
9355.000000 7.119578e-10
9360.000000 7.128907e-10
9365.000000 7.252252e-10
9370.000000 7.221782e-10
9375.000000 7.332511e-10
9380.000000 7.402822e-10
9385.000000 7.615810e-10
9390.000000 7.886117e-10
9395.000000 8.090142e-10
9400.000000 7.963852e-10
9405.000000 7.817774e-10
9410.000000 7.570641e-10
9415.000000 7.372753e-10
9420.000000 7.176467e-10
9425.000000 6.932938e-10
9430.000000 6.774090e-10
9435.000000 6.873037e-10
9440.000000 6.706429e-10
9445.000000 6.835979e-10
9450.000000 7.068407e-10
9455.000000 6.998950e-10
9460.000000 6.885075e-10
9465.000000 7.041982e-10
9470.000000 7.216841e-10
9475.000000 7.168132e-10
9480.000000 7.004312e-10
9485.000000 6.972513e-10
9490.000000 7.039527e-10
9495.000000 6.771961e-10
9500.000000 6.621900e-10
9505.000000 6.929257e-10
9510.000000 7.199974e-10
9515.000000 7.106728e-10
9520.000000 6.841905e-10
9525.000000 6.734763e-10
9530.000000 6.662720e-10
9535.000000 6.635898e-10
9540.000000 6.460058e-10
9545.000000 6.151923e-10
9550.000000 6.099606e-10
9555.000000 6.228494e-10
9560.000000 6.553142e-10
9565.000000 6.681242e-10
9570.000000 6.726991e-10
9575.000000 6.957955e-10
9580.000000 6.950397e-10
9585.000000 6.873336e-10
9590.000000 6.794237e-10
9595.000000 6.806065e-10
9600.000000 6.884843e-10
9605.000000 6.780603e-10
9610.000000 6.775335e-10
9615.000000 6.715966e-10
9620.000000 6.487681e-10
9625.000000 6.542334e-10
9630.000000 6.642627e-10
9635.000000 6.599407e-10
9640.000000 6.561761e-10
9645.000000 6.654652e-10
9650.000000 6.732573e-10
9655.000000 6.727776e-10
9660.000000 6.702358e-10
9665.000000 6.677649e-10
9670.000000 6.697971e-10
9675.000000 6.724536e-10
9680.000000 6.663909e-10
9685.000000 6.615470e-10
9690.000000 6.444136e-10
9695.000000 6.371726e-10
9700.000000 6.359596e-10
9705.000000 6.445845e-10
9710.000000 6.488607e-10
9715.000000 6.552952e-10
9720.000000 6.643147e-10
9725.000000 6.544488e-10
9730.000000 6.479254e-10
9735.000000 6.441035e-10
9740.000000 6.320066e-10
9745.000000 6.368819e-10
9750.000000 6.373367e-10
9755.000000 6.427883e-10
9760.000000 6.408943e-10
9765.000000 6.470425e-10
9770.000000 6.637120e-10
9775.000000 6.562644e-10
9780.000000 6.506246e-10
9785.000000 6.415098e-10
9790.000000 6.353930e-10
9795.000000 6.276850e-10
9800.000000 6.278081e-10
9805.000000 6.243971e-10
9810.000000 6.126524e-10
9815.000000 6.126781e-10
9820.000000 6.155801e-10
9825.000000 6.239086e-10
9830.000000 6.258828e-10
9835.000000 6.371175e-10
9840.000000 6.464240e-10
9845.000000 6.395842e-10
9850.000000 6.320894e-10
9855.000000 6.097103e-10
9860.000000 6.030588e-10
9865.000000 6.080663e-10
9870.000000 6.137840e-10
9875.000000 6.119352e-10
9880.000000 6.034720e-10
9885.000000 6.098322e-10
9890.000000 6.248939e-10
9895.000000 6.175672e-10
9900.000000 6.181284e-10
9905.000000 6.242437e-10
9910.000000 6.344249e-10
9915.000000 6.256310e-10
9920.000000 6.144419e-10
9925.000000 6.107352e-10
9930.000000 6.182321e-10
9935.000000 6.207649e-10
9940.000000 6.098982e-10
9945.000000 6.092126e-10
9950.000000 6.029062e-10
9955.000000 6.083489e-10
9960.000000 6.183128e-10
9965.000000 5.972863e-10
9970.000000 5.870405e-10
9975.000000 5.886978e-10
9980.000000 6.006817e-10
9985.000000 5.810621e-10
9990.000000 5.859500e-10
9995.000000 5.901666e-10
10000.000000 5.931320e-10
10005.000000 5.833582e-10
10010.000000 5.790171e-10
10015.000000 5.651266e-10
10020.000000 5.546865e-10
10025.000000 5.517213e-10
10030.000000 5.536644e-10
10035.000000 5.521735e-10
10040.000000 5.455476e-10
10045.000000 5.499767e-10
10050.000000 5.283950e-10
10055.000000 5.463144e-10
10060.000000 5.501555e-10
10065.000000 5.482523e-10
10070.000000 5.563680e-10
10075.000000 5.695202e-10
10080.000000 5.805524e-10
10085.000000 5.777300e-10
10090.000000 5.683842e-10
10095.000000 5.695107e-10
10100.000000 5.560802e-10
10105.000000 5.536245e-10
10110.000000 5.630356e-10
10115.000000 5.678086e-10
10120.000000 5.726131e-10
10125.000000 5.704014e-10
10130.000000 5.520287e-10
10135.000000 5.463882e-10
10140.000000 5.609981e-10
10145.000000 5.759154e-10
10150.000000 5.576609e-10
10155.000000 5.572378e-10
10160.000000 5.605151e-10
10165.000000 5.621581e-10
10170.000000 5.622793e-10
10175.000000 5.616432e-10
10180.000000 5.610241e-10
10185.000000 5.606701e-10
10190.000000 5.594567e-10
10195.000000 5.557221e-10
10200.000000 5.478708e-10
10205.000000 5.354298e-10
10210.000000 5.208388e-10
10215.000000 5.076707e-10
10220.000000 4.994782e-10
10225.000000 4.985759e-10
10230.000000 5.040555e-10
10235.000000 5.137721e-10
10240.000000 5.254565e-10
10245.000000 5.369225e-10
10250.000000 5.461833e-10
10255.000000 5.513329e-10
10260.000000 5.505937e-10
10265.000000 5.435320e-10
10270.000000 5.331509e-10
10275.000000 5.237920e-10
10280.000000 5.197221e-10
10285.000000 5.231584e-10
10290.000000 5.310056e-10
10295.000000 5.381238e-10
10300.000000 5.393988e-10
10305.000000 5.320296e-10
10310.000000 5.192149e-10
10315.000000 5.064663e-10
10320.000000 4.993159e-10
10325.000000 5.011867e-10
10330.000000 5.100229e-10
10335.000000 5.216646e-10
10340.000000 5.318492e-10
10345.000000 5.373947e-10
10350.000000 5.379602e-10
10355.000000 5.342765e-10
10360.000000 5.272323e-10
10365.000000 5.180871e-10
10370.000000 5.090933e-10
10375.000000 5.028820e-10
10380.000000 5.019662e-10
10385.000000 5.072753e-10
10390.000000 5.156438e-10
10395.000000 5.223292e-10
10400.000000 5.226440e-10
10405.000000 5.140324e-10
10410.000000 4.994706e-10
10415.000000 4.840677e-10
10420.000000 4.729556e-10
10425.000000 4.693751e-10
10430.000000 4.716741e-10
10435.000000 4.763095e-10
10440.000000 4.796935e-10
10445.000000 4.795677e-10
10450.000000 4.771684e-10
10455.000000 4.750648e-10
10460.000000 4.758539e-10
10465.000000 4.810181e-10
10470.000000 4.891489e-10
10475.000000 4.977163e-10
10480.000000 5.041822e-10
10485.000000 5.068681e-10
10490.000000 5.063786e-10
10495.000000 5.041952e-10
10500.000000 5.018110e-10
10505.000000 4.999964e-10
10510.000000 4.976284e-10
10515.000000 4.928645e-10
10520.000000 4.839341e-10
10525.000000 4.704794e-10
10530.000000 4.558359e-10
10535.000000 4.447587e-10
10540.000000 4.419115e-10
10545.000000 4.497009e-10
10550.000000 4.646375e-10
10555.000000 4.809750e-10
10560.000000 4.929303e-10
10565.000000 4.967181e-10
10570.000000 4.937231e-10
10575.000000 4.873186e-10
10580.000000 4.809854e-10
10585.000000 4.771933e-10
10590.000000 4.758200e-10
10595.000000 4.757461e-10
10600.000000 4.757800e-10
10605.000000 4.750454e-10
10610.000000 4.734851e-10
10615.000000 4.713485e-10
10620.000000 3.519766e-10
