1150.000000 0.000000e+00
1155.000000 0.000000e+00
1160.000000 0.000000e+00
1165.000000 0.000000e+00
1170.000000 0.000000e+00
1175.000000 0.000000e+00
1180.000000 0.000000e+00
1185.000000 0.000000e+00
1190.000000 0.000000e+00
1195.000000 0.000000e+00
1200.000000 0.000000e+00
1205.000000 0.000000e+00
1210.000000 0.000000e+00
1215.000000 0.000000e+00
1220.000000 0.000000e+00
1225.000000 0.000000e+00
1230.000000 0.000000e+00
1235.000000 0.000000e+00
1240.000000 0.000000e+00
1245.000000 0.000000e+00
1250.000000 0.000000e+00
1255.000000 0.000000e+00
1260.000000 0.000000e+00
1265.000000 0.000000e+00
1270.000000 0.000000e+00
1275.000000 0.000000e+00
1280.000000 0.000000e+00
1285.000000 0.000000e+00
1290.000000 0.000000e+00
1295.000000 0.000000e+00
1300.000000 0.000000e+00
1305.000000 0.000000e+00
1310.000000 0.000000e+00
1315.000000 0.000000e+00
1320.000000 0.000000e+00
1325.000000 0.000000e+00
1330.000000 0.000000e+00
1335.000000 0.000000e+00
1340.000000 0.000000e+00
1345.000000 0.000000e+00
1350.000000 0.000000e+00
1355.000000 0.000000e+00
1360.000000 0.000000e+00
1365.000000 0.000000e+00
1370.000000 0.000000e+00
1375.000000 0.000000e+00
1380.000000 0.000000e+00
1385.000000 0.000000e+00
1390.000000 0.000000e+00
1395.000000 0.000000e+00
1400.000000 0.000000e+00
1405.000000 0.000000e+00
1410.000000 0.000000e+00
1415.000000 0.000000e+00
1420.000000 0.000000e+00
1425.000000 0.000000e+00
1430.000000 0.000000e+00
1435.000000 0.000000e+00
1440.000000 0.000000e+00
1445.000000 0.000000e+00
1450.000000 0.000000e+00
1455.000000 0.000000e+00
1460.000000 0.000000e+00
1465.000000 0.000000e+00
1470.000000 0.000000e+00
1475.000000 0.000000e+00
1480.000000 0.000000e+00
1485.000000 0.000000e+00
1490.000000 0.000000e+00
1495.000000 0.000000e+00
1500.000000 0.000000e+00
1505.000000 0.000000e+00
1510.000000 0.000000e+00
1515.000000 0.000000e+00
1520.000000 0.000000e+00
1525.000000 0.000000e+00
1530.000000 0.000000e+00
1535.000000 0.000000e+00
1540.000000 0.000000e+00
1545.000000 0.000000e+00
1550.000000 0.000000e+00
1555.000000 0.000000e+00
1560.000000 0.000000e+00
1565.000000 0.000000e+00
1570.000000 0.000000e+00
1575.000000 0.000000e+00
1580.000000 0.000000e+00
1585.000000 0.000000e+00
1590.000000 0.000000e+00
1595.000000 0.000000e+00
1600.000000 0.000000e+00
1605.000000 0.000000e+00
1610.000000 0.000000e+00
1615.000000 0.000000e+00
1620.000000 0.000000e+00
1625.000000 0.000000e+00
1630.000000 0.000000e+00
1635.000000 0.000000e+00
1640.000000 0.000000e+00
1645.000000 0.000000e+00
1650.000000 0.000000e+00
1655.000000 0.000000e+00
1660.000000 0.000000e+00
1665.000000 0.000000e+00
1670.000000 0.000000e+00
1675.000000 0.000000e+00
1680.000000 0.000000e+00
1685.000000 0.000000e+00
1690.000000 0.000000e+00
1695.000000 0.000000e+00
1700.000000 0.000000e+00
1705.000000 0.000000e+00
1710.000000 0.000000e+00
1715.000000 0.000000e+00
1720.000000 0.000000e+00
1725.000000 0.000000e+00
1730.000000 0.000000e+00
1735.000000 0.000000e+00
1740.000000 0.000000e+00
1745.000000 0.000000e+00
1750.000000 0.000000e+00
1755.000000 0.000000e+00
1760.000000 0.000000e+00
1765.000000 0.000000e+00
1770.000000 0.000000e+00
1775.000000 0.000000e+00
1780.000000 0.000000e+00
1785.000000 0.000000e+00
1790.000000 0.000000e+00
1795.000000 0.000000e+00
1800.000000 0.000000e+00
1805.000000 0.000000e+00
1810.000000 0.000000e+00
1815.000000 0.000000e+00
1820.000000 0.000000e+00
1825.000000 0.000000e+00
1830.000000 0.000000e+00
1835.000000 0.000000e+00
1840.000000 0.000000e+00
1845.000000 0.000000e+00
1850.000000 0.000000e+00
1855.000000 0.000000e+00
1860.000000 0.000000e+00
1865.000000 0.000000e+00
1870.000000 0.000000e+00
1875.000000 0.000000e+00
1880.000000 0.000000e+00
1885.000000 0.000000e+00
1890.000000 0.000000e+00
1895.000000 0.000000e+00
1900.000000 0.000000e+00
1905.000000 0.000000e+00
1910.000000 0.000000e+00
1915.000000 0.000000e+00
1920.000000 0.000000e+00
1925.000000 0.000000e+00
1930.000000 0.000000e+00
1935.000000 0.000000e+00
1940.000000 0.000000e+00
1945.000000 0.000000e+00
1950.000000 0.000000e+00
1955.000000 0.000000e+00
1960.000000 0.000000e+00
1965.000000 0.000000e+00
1970.000000 0.000000e+00
1975.000000 0.000000e+00
1980.000000 0.000000e+00
1985.000000 0.000000e+00
1990.000000 0.000000e+00
1995.000000 0.000000e+00
2000.000000 0.000000e+00
2005.000000 0.000000e+00
2010.000000 0.000000e+00
2015.000000 0.000000e+00
2020.000000 0.000000e+00
2025.000000 0.000000e+00
2030.000000 0.000000e+00
2035.000000 0.000000e+00
2040.000000 0.000000e+00
2045.000000 0.000000e+00
2050.000000 0.000000e+00
2055.000000 0.000000e+00
2060.000000 0.000000e+00
2065.000000 0.000000e+00
2070.000000 0.000000e+00
2075.000000 0.000000e+00
2080.000000 0.000000e+00
2085.000000 0.000000e+00
2090.000000 0.000000e+00
2095.000000 0.000000e+00
2100.000000 0.000000e+00
2105.000000 0.000000e+00
2110.000000 0.000000e+00
2115.000000 0.000000e+00
2120.000000 0.000000e+00
2125.000000 0.000000e+00
2130.000000 0.000000e+00
2135.000000 0.000000e+00
2140.000000 0.000000e+00
2145.000000 0.000000e+00
2150.000000 0.000000e+00
2155.000000 0.000000e+00
2160.000000 0.000000e+00
2165.000000 0.000000e+00
2170.000000 0.000000e+00
2175.000000 0.000000e+00
2180.000000 0.000000e+00
2185.000000 0.000000e+00
2190.000000 0.000000e+00
2195.000000 0.000000e+00
2200.000000 0.000000e+00
2205.000000 0.000000e+00
2210.000000 0.000000e+00
2215.000000 0.000000e+00
2220.000000 0.000000e+00
2225.000000 0.000000e+00
2230.000000 0.000000e+00
2235.000000 0.000000e+00
2240.000000 0.000000e+00
2245.000000 0.000000e+00
2250.000000 0.000000e+00
2255.000000 0.000000e+00
2260.000000 0.000000e+00
2265.000000 0.000000e+00
2270.000000 0.000000e+00
2275.000000 0.000000e+00
2280.000000 0.000000e+00
2285.000000 0.000000e+00
2290.000000 0.000000e+00
2295.000000 0.000000e+00
2300.000000 0.000000e+00
2305.000000 0.000000e+00
2310.000000 0.000000e+00
2315.000000 0.000000e+00
2320.000000 0.000000e+00
2325.000000 0.000000e+00
2330.000000 0.000000e+00
2335.000000 0.000000e+00
2340.000000 0.000000e+00
2345.000000 0.000000e+00
2350.000000 0.000000e+00
2355.000000 0.000000e+00
2360.000000 0.000000e+00
2365.000000 0.000000e+00
2370.000000 0.000000e+00
2375.000000 0.000000e+00
2380.000000 0.000000e+00
2385.000000 0.000000e+00
2390.000000 0.000000e+00
2395.000000 0.000000e+00
2400.000000 0.000000e+00
2405.000000 0.000000e+00
2410.000000 0.000000e+00
2415.000000 0.000000e+00
2420.000000 0.000000e+00
2425.000000 0.000000e+00
2430.000000 0.000000e+00
2435.000000 0.000000e+00
2440.000000 0.000000e+00
2445.000000 0.000000e+00
2450.000000 0.000000e+00
2455.000000 0.000000e+00
2460.000000 0.000000e+00
2465.000000 0.000000e+00
2470.000000 0.000000e+00
2475.000000 0.000000e+00
2480.000000 0.000000e+00
2485.000000 0.000000e+00
2490.000000 0.000000e+00
2495.000000 0.000000e+00
2500.000000 0.000000e+00
2505.000000 0.000000e+00
2510.000000 0.000000e+00
2515.000000 0.000000e+00
2520.000000 0.000000e+00
2525.000000 0.000000e+00
2530.000000 0.000000e+00
2535.000000 0.000000e+00
2540.000000 0.000000e+00
2545.000000 0.000000e+00
2550.000000 4.797089e-16
2555.000000 3.832032e-15
2560.000000 7.662186e-15
2565.000000 1.149234e-14
2570.000000 1.484280e-14
2575.000000 1.580033e-14
2580.000000 1.867294e-14
2585.000000 1.867110e-14
2590.000000 1.483909e-14
2595.000000 7.656619e-15
2600.000000 9.556980e-16
2605.000000 0.000000e+00
2610.000000 0.000000e+00
2615.000000 0.000000e+00
2620.000000 0.000000e+00
2625.000000 0.000000e+00
2630.000000 0.000000e+00
2635.000000 0.000000e+00
2640.000000 0.000000e+00
2645.000000 0.000000e+00
2650.000000 5.756078e-15
2655.000000 4.694288e-14
2660.000000 9.960929e-14
2665.000000 1.527518e-13
2670.000000 2.015826e-13
2675.000000 2.384399e-13
2680.000000 2.537498e-13
2685.000000 2.446399e-13
2690.000000 2.020124e-13
2695.000000 1.206020e-13
2700.000000 1.577014e-14
2705.000000 0.000000e+00
2710.000000 0.000000e+00
2715.000000 0.000000e+00
2720.000000 0.000000e+00
2725.000000 0.000000e+00
2730.000000 0.000000e+00
2735.000000 0.000000e+00
2740.000000 0.000000e+00
2745.000000 0.000000e+00
2750.000000 8.201846e-14
2755.000000 6.734807e-13
2760.000000 1.468293e-12
2765.000000 2.361710e-12
2770.000000 3.302985e-12
2775.000000 4.249500e-12
2780.000000 5.147639e-12
2785.000000 5.950008e-12
2790.000000 6.610153e-12
2795.000000 7.078774e-12
2800.000000 7.308467e-12
2805.000000 7.275797e-12
2810.000000 7.017654e-12
2815.000000 6.585260e-12
2820.000000 6.040862e-12
2825.000000 5.443345e-12
2830.000000 4.852565e-12
2835.000000 4.324039e-12
2840.000000 3.917631e-12
2845.000000 3.691745e-12
2850.000000 3.704789e-12
2855.000000 3.990247e-12
2860.000000 4.513638e-12
2865.000000 5.229948e-12
2870.000000 6.080764e-12
2875.000000 7.009604e-12
2880.000000 7.967617e-12
2885.000000 8.899292e-12
2890.000000 9.749531e-12
2895.000000 1.045996e-11
2900.000000 1.098412e-11
2905.000000 1.129619e-11
2910.000000 1.143545e-11
2915.000000 1.147085e-11
2920.000000 1.147229e-11
2925.000000 1.151158e-11
2930.000000 1.165862e-11
2935.000000 1.198523e-11
2940.000000 1.256084e-11
2945.000000 1.345533e-11
2950.000000 1.473957e-11
2955.000000 1.644319e-11
2960.000000 1.850731e-11
2965.000000 2.083998e-11
2970.000000 2.334734e-11
2975.000000 2.592933e-11
2980.000000 2.849457e-11
2985.000000 3.094531e-11
2990.000000 3.318537e-11
2995.000000 3.511899e-11
3000.000000 3.665370e-11
3005.000000 3.773457e-11
3010.000000 3.841576e-11
3015.000000 3.878381e-11
3020.000000 3.893309e-11
3025.000000 3.895659e-11
3030.000000 3.894838e-11
3035.000000 3.899828e-11
3040.000000 3.919845e-11
3045.000000 3.964669e-11
3050.000000 4.043161e-11
3055.000000 4.159946e-11
3060.000000 4.309571e-11
3065.000000 4.482269e-11
3070.000000 4.668277e-11
3075.000000 4.857387e-11
3080.000000 5.039604e-11
3085.000000 5.204961e-11
3090.000000 5.343455e-11
3095.000000 5.444896e-11
3100.000000 5.499971e-11
3105.000000 5.503836e-11
3110.000000 5.464466e-11
3115.000000 5.394465e-11
3120.000000 5.306837e-11
3125.000000 5.214685e-11
3130.000000 5.131325e-11
3135.000000 5.070109e-11
3140.000000 5.043833e-11
3145.000000 5.065789e-11
3150.000000 5.148404e-11
3155.000000 6.628400e-11
3160.000000 1.447399e-10
3165.000000 1.384992e-10
3170.000000 1.249329e-10
3175.000000 1.242422e-10
3180.000000 1.267048e-10
3185.000000 1.221245e-10
3190.000000 1.122858e-10
3195.000000 1.057191e-10
3200.000000 1.172409e-10
3205.000000 1.182824e-10
3210.000000 1.175689e-10
3215.000000 1.116815e-10
3220.000000 1.034578e-10
3225.000000 9.708457e-11
3230.000000 9.033501e-11
3235.000000 8.121677e-11
3240.000000 7.484263e-11
3245.000000 7.604894e-11
3250.000000 8.161034e-11
3255.000000 8.564106e-11
3260.000000 8.368867e-11
3265.000000 7.475695e-11
3270.000000 6.520821e-11
3275.000000 6.224012e-11
3280.000000 6.780888e-11
3285.000000 8.011000e-11
3290.000000 9.290252e-11
3295.000000 1.002152e-10
3300.000000 1.011428e-10
3305.000000 9.791002e-11
3310.000000 9.564246e-11
3315.000000 9.767400e-11
3320.000000 1.000473e-10
3325.000000 9.856576e-11
3330.000000 9.556788e-11
3335.000000 9.403132e-11
3340.000000 9.213538e-11
3345.000000 8.895907e-11
3350.000000 9.040050e-11
3355.000000 9.852790e-11
3360.000000 9.926184e-11
3365.000000 8.351494e-11
3370.000000 7.078815e-11
3375.000000 7.934974e-11
3380.000000 9.585827e-11
3385.000000 1.033062e-10
3390.000000 1.069824e-10
3395.000000 1.156696e-10
3400.000000 1.244300e-10
3405.000000 1.264070e-10
3410.000000 1.240354e-10
3415.000000 1.221664e-10
3420.000000 1.221808e-10
3425.000000 1.228482e-10
3430.000000 1.200921e-10
3435.000000 1.120756e-10
3440.000000 1.053379e-10
3445.000000 1.062524e-10
3450.000000 1.122883e-10
3455.000000 1.180188e-10
3460.000000 1.196767e-10
3465.000000 1.167192e-10
3470.000000 1.149353e-10
3475.000000 1.189653e-10
3480.000000 1.244312e-10
3485.000000 1.264368e-10
3490.000000 1.277239e-10
3495.000000 1.321608e-10
3500.000000 1.385602e-10
3505.000000 1.393056e-10
3510.000000 1.158255e-10
3515.000000 1.159500e-10
3520.000000 1.158561e-10
3525.000000 1.276551e-10
3530.000000 1.573441e-10
3535.000000 1.810501e-10
3540.000000 1.884419e-10
3545.000000 1.757434e-10
3550.000000 1.657216e-10
3555.000000 1.691985e-10
3560.000000 1.629879e-10
3565.000000 1.429398e-10
3570.000000 1.229625e-10
3575.000000 9.882616e-11
3580.000000 9.058633e-11
3585.000000 8.903054e-11
3590.000000 1.056519e-10
3595.000000 1.349253e-10
3600.000000 1.458744e-10
3605.000000 1.382122e-10
3610.000000 1.398627e-10
3615.000000 1.586492e-10
3620.000000 1.735591e-10
3625.000000 1.939954e-10
3630.000000 1.965623e-10
3635.000000 2.008632e-10
3640.000000 2.097450e-10
3645.000000 1.959196e-10
3650.000000 2.050883e-10
3655.000000 2.329603e-10
3660.000000 2.535689e-10
3665.000000 2.574355e-10
3670.000000 2.557337e-10
3675.000000 2.490995e-10
3680.000000 2.309452e-10
3685.000000 2.209405e-10
3690.000000 2.367278e-10
3695.000000 2.595687e-10
3700.000000 2.612170e-10
3705.000000 2.325834e-10
3710.000000 2.177956e-10
3715.000000 2.119754e-10
3720.000000 1.801353e-10
3725.000000 1.735524e-10
3730.000000 1.584551e-10
3735.000000 1.413442e-10
3740.000000 1.423445e-10
3745.000000 1.396756e-10
3750.000000 1.533242e-10
3755.000000 1.779123e-10
3760.000000 1.914624e-10
3765.000000 2.101187e-10
3770.000000 2.382701e-10
3775.000000 2.631103e-10
3780.000000 2.755027e-10
3785.000000 2.618376e-10
3790.000000 2.360449e-10
3795.000000 2.266059e-10
3800.000000 2.302780e-10
3805.000000 2.363134e-10
3810.000000 2.323312e-10
3815.000000 2.015532e-10
3820.000000 1.727425e-10
3825.000000 1.669861e-10
3830.000000 1.713568e-10
3835.000000 1.785743e-10
3840.000000 1.910928e-10
3845.000000 2.086980e-10
3850.000000 2.146239e-10
3855.000000 2.082541e-10
3860.000000 2.041591e-10
3865.000000 2.169217e-10
3870.000000 2.205702e-10
3875.000000 2.182939e-10
3880.000000 2.196637e-10
3885.000000 2.253073e-10
3890.000000 2.492574e-10
3895.000000 2.620631e-10
3900.000000 2.705147e-10
3905.000000 2.795683e-10
3910.000000 2.830926e-10
3915.000000 2.740652e-10
3920.000000 2.495528e-10
3925.000000 2.068658e-10
3930.000000 1.612591e-10
3935.000000 1.519178e-10
3940.000000 1.800356e-10
3945.000000 2.275009e-10
3950.000000 2.718498e-10
3955.000000 2.740883e-10
3960.000000 2.390474e-10
3965.000000 1.948268e-10
3970.000000 1.965143e-10
3975.000000 2.660940e-10
3980.000000 3.512141e-10
3985.000000 4.185190e-10
3990.000000 4.645071e-10
3995.000000 4.983259e-10
4000.000000 5.307654e-10
4005.000000 5.601563e-10
4010.000000 5.995220e-10
4015.000000 6.367235e-10
4020.000000 6.408227e-10
4025.000000 6.243703e-10
4030.000000 5.961646e-10
4035.000000 5.949756e-10
4040.000000 6.005068e-10
4045.000000 5.919755e-10
4050.000000 6.281786e-10
4055.000000 6.473353e-10
4060.000000 6.342636e-10
4065.000000 6.270624e-10
4070.000000 6.251974e-10
4075.000000 6.397272e-10
4080.000000 7.037641e-10
4085.000000 7.905739e-10
4090.000000 8.228258e-10
4095.000000 7.663492e-10
4100.000000 7.144507e-10
4105.000000 7.306020e-10
4110.000000 7.437021e-10
4115.000000 7.350981e-10
4120.000000 7.295931e-10
4125.000000 7.364373e-10
4130.000000 7.224656e-10
4135.000000 7.132223e-10
4140.000000 6.886820e-10
4145.000000 6.672219e-10
4150.000000 6.858194e-10
4155.000000 7.372128e-10
4160.000000 7.817878e-10
4165.000000 7.705708e-10
4170.000000 7.296794e-10
4175.000000 7.198158e-10
4180.000000 7.568943e-10
4185.000000 7.978440e-10
4190.000000 8.079082e-10
4195.000000 7.750522e-10
4200.000000 7.451877e-10
4205.000000 7.870248e-10
4210.000000 8.301775e-10
4215.000000 8.106477e-10
4220.000000 7.202159e-10
4225.000000 5.756829e-10
4230.000000 5.601772e-10
4235.000000 6.945963e-10
4240.000000 8.720862e-10
4245.000000 9.672830e-10
4250.000000 9.254904e-10
4255.000000 8.676849e-10
4260.000000 8.808742e-10
4265.000000 9.381683e-10
4270.000000 9.275337e-10
4275.000000 9.084867e-10
4280.000000 9.076245e-10
4285.000000 8.753320e-10
4290.000000 8.622646e-10
4295.000000 8.901601e-10
4300.000000 8.760130e-10
4305.000000 8.658345e-10
4310.000000 9.672075e-10
4315.000000 1.170332e-09
4320.000000 1.278244e-09
4325.000000 1.277602e-09
4330.000000 1.315376e-09
4335.000000 1.350259e-09
4340.000000 1.366326e-09
4345.000000 1.425316e-09
4350.000000 1.443760e-09
4355.000000 1.473311e-09
4360.000000 1.520250e-09
4365.000000 1.556641e-09
4370.000000 1.521923e-09
4375.000000 1.438951e-09
4380.000000 1.301630e-09
4385.000000 1.214330e-09
4390.000000 1.262457e-09
4395.000000 1.394682e-09
4400.000000 1.437882e-09
4405.000000 1.349778e-09
4410.000000 1.358599e-09
4415.000000 1.438069e-09
4420.000000 1.543128e-09
4425.000000 1.562528e-09
4430.000000 1.556786e-09
4435.000000 1.586057e-09
4440.000000 1.680222e-09
4445.000000 1.758252e-09
4450.000000 1.750755e-09
4455.000000 1.613478e-09
4460.000000 1.529224e-09
4465.000000 1.601577e-09
4470.000000 1.737674e-09
4475.000000 1.877744e-09
4480.000000 1.955898e-09
4485.000000 1.995200e-09
4490.000000 1.950134e-09
4495.000000 1.920792e-09
4500.000000 2.013629e-09
4505.000000 2.133836e-09
4510.000000 2.192873e-09
4515.000000 2.164721e-09
4520.000000 2.065869e-09
4525.000000 1.884207e-09
4530.000000 1.766540e-09
4535.000000 1.817914e-09
4540.000000 1.924471e-09
4545.000000 2.010786e-09
4550.000000 2.082778e-09
4555.000000 2.185118e-09
4560.000000 2.279351e-09
4565.000000 2.332611e-09
4570.000000 2.341761e-09
4575.000000 2.325194e-09
4580.000000 2.293010e-09
4585.000000 2.290791e-09
4590.000000 2.266239e-09
4595.000000 2.224044e-09
4600.000000 2.237297e-09
4605.000000 2.355081e-09
4610.000000 2.537667e-09
4615.000000 2.672281e-09
4620.000000 2.690717e-09
4625.000000 2.607770e-09
4630.000000 2.478365e-09
4635.000000 2.320589e-09
4640.000000 2.197233e-09
4645.000000 2.140301e-09
4650.000000 2.215789e-09
4655.000000 2.377752e-09
4660.000000 2.474271e-09
4665.000000 2.370077e-09
4670.000000 2.279928e-09
4675.000000 2.283855e-09
4680.000000 2.325908e-09
4685.000000 2.371438e-09
4690.000000 2.412234e-09
4695.000000 2.456199e-09
4700.000000 2.463201e-09
4705.000000 2.451670e-09
4710.000000 2.458941e-09
4715.000000 2.527541e-09
4720.000000 2.581942e-09
4725.000000 2.517373e-09
4730.000000 2.462047e-09
4735.000000 2.530828e-09
4740.000000 2.603682e-09
4745.000000 2.657967e-09
4750.000000 2.664250e-09
4755.000000 2.582117e-09
4760.000000 2.420107e-09
4765.000000 2.272716e-09
4770.000000 2.243262e-09
4775.000000 2.283283e-09
4780.000000 2.290183e-09
4785.000000 2.287553e-09
4790.000000 2.355386e-09
4795.000000 2.483286e-09
4800.000000 2.561976e-09
4805.000000 2.497806e-09
4810.000000 2.454467e-09
4815.000000 2.510227e-09
4820.000000 2.556806e-09
4825.000000 2.536857e-09
4830.000000 2.497558e-09
4835.000000 2.511329e-09
4840.000000 2.539277e-09
4845.000000 2.540045e-09
4850.000000 2.508867e-09
4855.000000 2.449251e-09
4860.000000 2.390458e-09
4865.000000 2.394723e-09
4870.000000 2.444451e-09
4875.000000 2.520429e-09
4880.000000 2.551470e-09
4885.000000 2.510913e-09
4890.000000 2.552254e-09
4895.000000 2.738252e-09
4900.000000 2.883201e-09
4905.000000 2.911886e-09
4910.000000 2.879397e-09
4915.000000 2.836230e-09
4920.000000 2.815913e-09
4925.000000 2.950336e-09
4930.000000 3.032259e-09
4935.000000 2.959091e-09
4940.000000 2.942331e-09
4945.000000 3.101305e-09
4950.000000 3.127590e-09
4955.000000 2.816566e-09
4960.000000 2.531837e-09
4965.000000 2.473154e-09
4970.000000 2.551222e-09
4975.000000 2.595122e-09
4980.000000 2.549780e-09
4985.000000 2.553690e-09
4990.000000 2.582933e-09
4995.000000 2.566306e-09
5000.000000 2.487555e-09
5005.000000 2.399416e-09
5010.000000 2.333576e-09
5015.000000 2.312092e-09
5020.000000 2.381338e-09
5025.000000 2.505295e-09
5030.000000 2.613170e-09
5035.000000 2.569342e-09
5040.000000 2.522225e-09
5045.000000 2.630587e-09
5050.000000 2.726349e-09
5055.000000 2.854464e-09
5060.000000 2.876495e-09
5065.000000 2.756359e-09
5070.000000 2.660081e-09
5075.000000 2.598827e-09
5080.000000 2.564172e-09
5085.000000 2.640828e-09
5090.000000 2.723562e-09
5095.000000 2.694004e-09
5100.000000 2.630415e-09
5105.000000 2.572793e-09
5110.000000 2.585155e-09
5115.000000 2.685107e-09
5120.000000 2.676178e-09
5125.000000 2.583868e-09
5130.000000 2.585401e-09
5135.000000 2.667379e-09
5140.000000 2.702922e-09
5145.000000 2.613280e-09
5150.000000 2.571668e-09
5155.000000 2.701473e-09
5160.000000 2.685533e-09
5165.000000 2.275711e-09
5170.000000 1.915422e-09
5175.000000 1.889845e-09
5180.000000 2.012440e-09
5185.000000 2.200324e-09
5190.000000 2.375251e-09
5195.000000 2.522313e-09
5200.000000 2.492813e-09
5205.000000 2.279935e-09
5210.000000 2.329172e-09
5215.000000 2.683236e-09
5220.000000 2.938456e-09
5225.000000 2.944383e-09
5230.000000 3.014358e-09
5235.000000 3.133825e-09
5240.000000 3.187622e-09
5245.000000 3.058472e-09
5250.000000 2.957549e-09
5255.000000 3.045242e-09
5260.000000 3.036062e-09
5265.000000 2.803990e-09
5270.000000 2.749597e-09
5275.000000 3.021888e-09
5280.000000 3.343265e-09
5285.000000 3.537225e-09
5290.000000 3.580633e-09
5295.000000 3.445735e-09
5300.000000 3.419940e-09
5305.000000 3.628062e-09
5310.000000 3.781527e-09
5315.000000 3.761604e-09
5320.000000 3.600311e-09
5325.000000 3.348902e-09
5330.000000 3.257296e-09
5335.000000 3.414028e-09
5340.000000 3.503419e-09
5345.000000 3.541907e-09
5350.000000 3.677329e-09
5355.000000 3.919737e-09
5360.000000 3.990619e-09
5365.000000 3.824300e-09
5370.000000 3.682288e-09
5375.000000 3.795127e-09
5380.000000 3.927052e-09
5385.000000 3.866687e-09
5390.000000 3.717789e-09
5395.000000 3.595222e-09
5400.000000 3.523912e-09
5405.000000 3.431161e-09
5410.000000 3.527904e-09
5415.000000 3.848963e-09
5420.000000 4.057795e-09
5425.000000 4.025658e-09
5430.000000 3.865975e-09
5435.000000 3.832572e-09
5440.000000 3.925344e-09
5445.000000 3.795002e-09
5450.000000 3.514944e-09
5455.000000 3.360994e-09
5460.000000 3.368523e-09
5465.000000 3.455950e-09
5470.000000 3.515559e-09
5475.000000 3.476679e-09
5480.000000 3.484903e-09
5485.000000 3.589927e-09
5490.000000 3.673354e-09
5495.000000 3.692571e-09
5500.000000 3.641359e-09
5505.000000 3.573063e-09
5510.000000 3.552814e-09
5515.000000 3.608140e-09
5520.000000 3.749079e-09
5525.000000 3.800946e-09
5530.000000 3.827641e-09
5535.000000 3.880073e-09
5540.000000 3.948302e-09
5545.000000 4.019609e-09
5550.000000 4.066855e-09
5555.000000 4.023131e-09
5560.000000 3.951300e-09
5565.000000 3.890937e-09
5570.000000 3.898134e-09
5575.000000 3.960736e-09
5580.000000 3.968301e-09
5585.000000 3.843667e-09
5590.000000 3.711087e-09
5595.000000 3.664207e-09
5600.000000 3.664100e-09
5605.000000 3.773160e-09
5610.000000 3.852735e-09
5615.000000 3.786232e-09
5620.000000 3.707757e-09
5625.000000 3.675638e-09
5630.000000 3.686644e-09
5635.000000 3.704588e-09
5640.000000 3.727060e-09
5645.000000 3.793599e-09
5650.000000 3.868034e-09
5655.000000 3.879125e-09
5660.000000 3.833916e-09
5665.000000 3.820872e-09
5670.000000 3.863285e-09
5675.000000 3.997188e-09
5680.000000 4.092171e-09
5685.000000 4.138745e-09
5690.000000 4.159268e-09
5695.000000 4.136377e-09
5700.000000 4.039436e-09
5705.000000 3.938355e-09
5710.000000 3.939864e-09
5715.000000 4.094390e-09
5720.000000 4.247711e-09
5725.000000 4.260138e-09
5730.000000 4.235569e-09
5735.000000 4.268911e-09
5740.000000 4.324080e-09
5745.000000 4.383298e-09
5750.000000 4.414304e-09
5755.000000 4.401461e-09
5760.000000 4.361178e-09
5765.000000 4.384284e-09
5770.000000 4.426742e-09
5775.000000 4.356122e-09
5780.000000 4.218808e-09
5785.000000 4.183994e-09
5790.000000 4.307340e-09
5795.000000 4.493439e-09
5800.000000 4.667920e-09
5805.000000 4.687788e-09
5810.000000 4.621030e-09
5815.000000 4.560085e-09
5820.000000 4.554962e-09
5825.000000 4.593308e-09
5830.000000 4.639823e-09
5835.000000 4.627044e-09
5840.000000 4.601052e-09
5845.000000 4.511903e-09
5850.000000 4.335784e-09
5855.000000 4.209766e-09
5860.000000 4.138763e-09
5865.000000 4.095145e-09
5870.000000 4.084697e-09
5875.000000 4.019577e-09
5880.000000 3.863170e-09
5885.000000 3.538918e-09
5890.000000 3.184380e-09
5895.000000 3.147739e-09
5900.000000 3.369513e-09
5905.000000 3.623949e-09
5910.000000 3.777550e-09
5915.000000 3.819317e-09
5920.000000 3.834282e-09
5925.000000 3.894109e-09
5930.000000 3.972014e-09
5935.000000 4.002261e-09
5940.000000 4.018674e-09
5945.000000 4.021063e-09
5950.000000 4.000187e-09
5955.000000 3.998186e-09
5960.000000 4.069865e-09
5965.000000 4.158768e-09
5970.000000 4.226192e-09
5975.000000 4.189389e-09
5980.000000 4.148886e-09
5985.000000 4.195985e-09
5990.000000 4.297787e-09
5995.000000 4.331267e-09
6000.000000 4.294950e-09
6005.000000 4.276450e-09
6010.000000 4.286946e-09
6015.000000 4.297347e-09
6020.000000 4.366798e-09
6025.000000 4.494748e-09
6030.000000 4.602887e-09
6035.000000 4.651233e-09
6040.000000 4.695988e-09
6045.000000 4.782765e-09
6050.000000 4.820341e-09
6055.000000 4.771606e-09
6060.000000 4.734344e-09
6065.000000 4.773871e-09
6070.000000 4.887513e-09
6075.000000 4.873548e-09
6080.000000 4.784492e-09
6085.000000 4.745281e-09
6090.000000 4.744302e-09
6095.000000 4.780600e-09
6100.000000 4.799816e-09
6105.000000 4.814552e-09
6110.000000 4.839974e-09
6115.000000 4.816972e-09
6120.000000 4.757977e-09
6125.000000 4.798223e-09
6130.000000 4.817917e-09
6135.000000 4.710284e-09
6140.000000 4.699513e-09
6145.000000 4.773444e-09
6150.000000 4.691693e-09
6155.000000 4.455539e-09
6160.000000 4.089459e-09
6165.000000 3.910730e-09
6170.000000 3.913936e-09
6175.000000 3.981419e-09
6180.000000 3.985534e-09
6185.000000 3.802585e-09
6190.000000 3.621281e-09
6195.000000 3.674969e-09
6200.000000 3.798347e-09
6205.000000 3.865769e-09
6210.000000 3.774056e-09
6215.000000 3.571136e-09
6220.000000 3.417207e-09
6225.000000 3.347015e-09
6230.000000 3.337241e-09
6235.000000 3.371706e-09
6240.000000 3.403020e-09
6245.000000 3.501692e-09
6250.000000 3.575151e-09
6255.000000 3.560267e-09
6260.000000 3.596916e-09
6265.000000 3.719682e-09
6270.000000 3.796212e-09
6275.000000 3.803234e-09
6280.000000 3.844293e-09
6285.000000 4.023093e-09
6290.000000 4.155639e-09
6295.000000 4.129324e-09
6300.000000 4.142481e-09
6305.000000 4.240948e-09
6310.000000 4.356032e-09
6315.000000 4.389291e-09
6320.000000 4.428685e-09
6325.000000 4.538965e-09
6330.000000 4.640485e-09
6335.000000 4.648413e-09
6340.000000 4.633695e-09
6345.000000 4.666593e-09
6350.000000 4.678743e-09
6355.000000 4.519189e-09
6360.000000 4.403559e-09
6365.000000 4.585366e-09
6370.000000 4.830173e-09
6375.000000 4.916079e-09
6380.000000 4.884157e-09
6385.000000 4.895928e-09
6390.000000 4.924016e-09
6395.000000 4.965797e-09
6400.000000 5.019179e-09
6405.000000 5.046310e-09
6410.000000 5.036772e-09
6415.000000 5.013425e-09
6420.000000 5.001471e-09
6425.000000 5.028492e-09
6430.000000 5.047949e-09
6435.000000 5.134801e-09
6440.000000 5.204469e-09
6445.000000 5.147293e-09
6450.000000 5.055469e-09
6455.000000 5.170368e-09
6460.000000 5.292746e-09
6465.000000 5.329361e-09
6470.000000 5.311084e-09
6475.000000 5.199831e-09
6480.000000 5.086627e-09
6485.000000 5.034914e-09
6490.000000 4.934488e-09
6495.000000 4.759371e-09
6500.000000 4.774967e-09
6505.000000 4.957932e-09
6510.000000 5.149205e-09
6515.000000 5.253736e-09
6520.000000 5.276412e-09
6525.000000 5.307465e-09
6530.000000 5.367677e-09
6535.000000 5.448977e-09
6540.000000 5.453461e-09
6545.000000 5.330089e-09
6550.000000 5.171547e-09
6555.000000 5.010443e-09
6560.000000 4.912186e-09
6565.000000 4.984228e-09
6570.000000 5.129361e-09
6575.000000 5.175699e-09
6580.000000 5.212291e-09
6585.000000 5.267179e-09
6590.000000 5.283965e-09
6595.000000 5.272452e-09
6600.000000 5.276646e-09
6605.000000 5.215259e-09
6610.000000 5.191395e-09
6615.000000 5.258843e-09
6620.000000 5.270337e-09
6625.000000 5.175916e-09
6630.000000 5.097222e-09
6635.000000 5.093391e-09
6640.000000 5.127835e-09
6645.000000 5.098227e-09
6650.000000 4.975944e-09
6655.000000 4.868841e-09
6660.000000 4.853650e-09
6665.000000 4.890151e-09
6670.000000 4.934901e-09
6675.000000 4.844063e-09
6680.000000 4.719412e-09
6685.000000 4.702263e-09
6690.000000 4.722707e-09
6695.000000 4.726671e-09
6700.000000 4.768223e-09
6705.000000 4.811302e-09
6710.000000 4.754960e-09
6715.000000 4.575615e-09
6720.000000 4.483967e-09
6725.000000 4.521518e-09
6730.000000 4.597488e-09
6735.000000 4.628578e-09
6740.000000 4.602202e-09
6745.000000 4.529806e-09
6750.000000 4.502517e-09
6755.000000 4.605636e-09
6760.000000 4.728361e-09
6765.000000 4.746661e-09
6770.000000 4.763284e-09
6775.000000 4.818746e-09
6780.000000 4.799684e-09
6785.000000 4.690045e-09
6790.000000 4.665136e-09
6795.000000 4.724747e-09
6800.000000 4.821155e-09
6805.000000 4.888335e-09
6810.000000 4.910706e-09
6815.000000 4.908558e-09
6820.000000 4.928189e-09
6825.000000 4.961466e-09
6830.000000 4.991317e-09
6835.000000 5.042359e-09
6840.000000 5.119513e-09
6845.000000 5.137708e-09
6850.000000 5.135395e-09
6855.000000 5.129213e-09
6860.000000 5.126221e-09
6865.000000 5.131479e-09
6870.000000 5.146490e-09
6875.000000 5.171408e-09
6880.000000 5.205976e-09
6885.000000 5.249023e-09
6890.000000 5.296901e-09
6895.000000 5.345043e-09
6900.000000 5.388930e-09
6905.000000 5.425334e-09
6910.000000 5.454341e-09
6915.000000 5.477383e-09
6920.000000 5.496039e-09
6925.000000 5.511817e-09
6930.000000 5.525929e-09
6935.000000 5.539806e-09
6940.000000 5.555583e-09
6945.000000 5.573955e-09
6950.000000 5.591362e-09
6955.000000 5.607335e-09
6960.000000 5.632145e-09
6965.000000 5.662936e-09
6970.000000 5.658803e-09
6975.000000 5.614747e-09
6980.000000 5.576877e-09
6985.000000 5.641145e-09
6990.000000 5.673617e-09
6995.000000 5.683565e-09
7000.000000 5.664898e-09
7005.000000 5.688711e-09
7010.000000 5.742566e-09
7015.000000 5.731350e-09
7020.000000 5.774658e-09
7025.000000 5.812189e-09
7030.000000 5.866859e-09
7035.000000 5.910344e-09
7040.000000 5.981210e-09
7045.000000 6.013513e-09
7050.000000 5.804905e-09
7055.000000 5.409514e-09
7060.000000 5.134975e-09
7065.000000 5.032081e-09
7070.000000 5.121200e-09
7075.000000 5.272476e-09
7080.000000 5.232860e-09
7085.000000 4.928626e-09
7090.000000 4.652410e-09
7095.000000 4.570980e-09
7100.000000 4.601907e-09
7105.000000 4.648175e-09
7110.000000 4.692148e-09
7115.000000 4.766485e-09
7120.000000 4.710231e-09
7125.000000 4.387454e-09
7130.000000 4.141501e-09
7135.000000 4.149418e-09
7140.000000 4.276275e-09
7145.000000 4.367810e-09
7150.000000 4.450247e-09
7155.000000 4.562527e-09
7160.000000 4.613782e-09
7165.000000 4.626105e-09
7170.000000 4.652816e-09
7175.000000 4.646777e-09
7180.000000 4.630223e-09
7185.000000 4.571541e-09
7190.000000 4.554583e-09
7195.000000 4.577194e-09
7200.000000 4.604057e-09
7205.000000 4.645662e-09
7210.000000 4.743469e-09
7215.000000 4.920964e-09
7220.000000 5.093201e-09
7225.000000 5.175172e-09
7230.000000 5.198804e-09
7235.000000 5.163332e-09
7240.000000 5.143389e-09
7245.000000 5.199959e-09
7250.000000 5.261521e-09
7255.000000 5.301711e-09
7260.000000 5.328217e-09
7265.000000 5.363096e-09
7270.000000 5.393881e-09
7275.000000 5.397165e-09
7280.000000 5.385086e-09
7285.000000 5.400180e-09
7290.000000 5.428187e-09
7295.000000 5.531464e-09
7300.000000 5.623745e-09
7305.000000 5.644607e-09
7310.000000 5.647423e-09
7315.000000 5.642429e-09
7320.000000 5.658741e-09
7325.000000 5.679620e-09
7330.000000 5.739810e-09
7335.000000 5.819067e-09
7340.000000 5.900391e-09
7345.000000 5.889499e-09
7350.000000 5.812135e-09
7355.000000 5.699382e-09
7360.000000 5.676964e-09
7365.000000 5.795878e-09
7370.000000 5.964926e-09
7375.000000 6.080513e-09
7380.000000 6.076507e-09
7385.000000 5.956978e-09
7390.000000 5.899813e-09
7395.000000 5.957448e-09
7400.000000 6.073011e-09
7405.000000 6.122827e-09
7410.000000 6.036426e-09
7415.000000 5.968026e-09
7420.000000 5.986055e-09
7425.000000 6.049679e-09
7430.000000 6.131398e-09
7435.000000 6.142199e-09
7440.000000 6.131012e-09
7445.000000 6.160333e-09
7450.000000 6.182819e-09
7455.000000 6.148150e-09
7460.000000 6.109475e-09
7465.000000 6.123780e-09
7470.000000 6.152859e-09
7475.000000 6.145588e-09
7480.000000 6.114358e-09
7485.000000 6.089714e-09
7490.000000 6.083229e-09
7495.000000 6.093784e-09
7500.000000 6.108732e-09
7505.000000 6.122761e-09
7510.000000 6.158662e-09
7515.000000 6.227412e-09
7520.000000 6.282658e-09
7525.000000 6.286438e-09
7530.000000 6.278771e-09
7535.000000 6.303398e-09
7540.000000 6.335413e-09
7545.000000 6.340863e-09
7550.000000 6.332273e-09
7555.000000 6.333505e-09
7560.000000 6.349368e-09
7565.000000 6.374499e-09
7570.000000 6.396990e-09
7575.000000 6.402131e-09
7580.000000 6.374449e-09
7585.000000 6.307927e-09
7590.000000 6.222483e-09
7595.000000 6.147942e-09
7600.000000 6.113800e-09
7605.000000 6.136307e-09
7610.000000 6.197468e-09
7615.000000 6.266238e-09
7620.000000 6.311233e-09
7625.000000 6.311972e-09
7630.000000 6.276071e-09
7635.000000 6.221980e-09
7640.000000 6.168548e-09
7645.000000 6.128050e-09
7650.000000 6.095634e-09
7655.000000 6.059807e-09
7660.000000 6.009114e-09
7665.000000 5.938598e-09
7670.000000 5.860294e-09
7675.000000 5.792743e-09
7680.000000 5.754322e-09
7685.000000 5.755750e-09
7690.000000 5.787940e-09
7695.000000 5.833841e-09
7700.000000 5.875533e-09
7705.000000 5.900958e-09
7710.000000 5.913919e-09
7715.000000 5.920171e-09
7720.000000 5.916321e-09
7725.000000 5.908843e-09
7730.000000 5.936079e-09
7735.000000 6.004779e-09
7740.000000 6.012747e-09
7745.000000 5.897463e-09
7750.000000 5.803825e-09
7755.000000 5.863101e-09
7760.000000 5.965303e-09
7765.000000 5.976755e-09
7770.000000 5.944777e-09
7775.000000 5.946167e-09
7780.000000 5.950005e-09
7785.000000 5.914560e-09
7790.000000 5.881712e-09
7795.000000 5.900268e-09
7800.000000 5.951447e-09
7805.000000 6.002197e-09
7810.000000 6.050890e-09
7815.000000 6.097266e-09
7820.000000 6.112287e-09
7825.000000 6.070650e-09
7830.000000 5.988122e-09
7835.000000 5.901248e-09
7840.000000 5.857967e-09
7845.000000 5.882613e-09
7850.000000 5.928770e-09
7855.000000 5.947057e-09
7860.000000 5.949632e-09
7865.000000 5.958018e-09
7870.000000 5.956717e-09
7875.000000 5.932560e-09
7880.000000 5.915576e-09
7885.000000 5.926125e-09
7890.000000 5.917454e-09
7895.000000 5.851213e-09
7900.000000 5.777460e-09
7905.000000 5.750414e-09
7910.000000 5.746283e-09
7915.000000 5.730650e-09
7920.000000 5.720107e-09
7925.000000 5.735397e-09
7930.000000 5.755437e-09
7935.000000 5.752570e-09
7940.000000 5.726126e-09
7945.000000 5.693716e-09
7950.000000 5.691506e-09
7955.000000 5.742380e-09
7960.000000 5.816904e-09
7965.000000 5.875476e-09
7970.000000 5.904869e-09
7975.000000 5.909925e-09
7980.000000 5.913649e-09
7985.000000 5.928822e-09
7990.000000 5.926204e-09
7995.000000 5.887905e-09
8000.000000 5.866625e-09
8005.000000 5.913821e-09
8010.000000 6.004649e-09
8015.000000 6.075695e-09
8020.000000 6.046629e-09
8025.000000 5.907512e-09
8030.000000 5.838976e-09
8035.000000 5.967753e-09
8040.000000 6.097619e-09
8045.000000 6.040360e-09
8050.000000 5.948255e-09
8055.000000 5.994516e-09
8060.000000 6.064858e-09
8065.000000 6.017712e-09
8070.000000 5.933668e-09
8075.000000 5.926866e-09
8080.000000 5.969559e-09
8085.000000 5.991993e-09
8090.000000 5.964387e-09
8095.000000 5.897642e-09
8100.000000 5.861811e-09
8105.000000 5.899955e-09
8110.000000 5.931639e-09
8115.000000 5.890509e-09
8120.000000 5.866904e-09
8125.000000 5.943817e-09
8130.000000 6.028277e-09
8135.000000 6.012737e-09
8140.000000 5.930569e-09
8145.000000 5.853930e-09
8150.000000 5.810309e-09
8155.000000 5.794315e-09
8160.000000 5.765421e-09
8165.000000 5.702134e-09
8170.000000 5.663330e-09
8175.000000 5.699951e-09
8180.000000 5.762411e-09
8185.000000 5.783731e-09
8190.000000 5.755487e-09
8195.000000 5.707739e-09
8200.000000 5.708040e-09
8205.000000 5.797852e-09
8210.000000 5.914987e-09
8215.000000 5.972265e-09
8220.000000 5.924838e-09
8225.000000 5.788656e-09
8230.000000 5.691098e-09
8235.000000 5.740528e-09
8240.000000 5.885286e-09
8245.000000 6.019036e-09
8250.000000 6.058632e-09
8255.000000 5.991392e-09
8260.000000 5.955509e-09
8265.000000 6.050605e-09
8270.000000 6.132248e-09
8275.000000 6.056258e-09
8280.000000 5.922621e-09
8285.000000 5.868718e-09
8290.000000 5.879496e-09
8295.000000 5.887078e-09
8300.000000 5.846914e-09
8305.000000 5.761103e-09
8310.000000 5.721250e-09
8315.000000 5.788703e-09
8320.000000 5.861219e-09
8325.000000 5.835629e-09
8330.000000 5.769334e-09
8335.000000 5.744425e-09
8340.000000 5.745172e-09
8345.000000 5.740179e-09
8350.000000 5.756762e-09
8355.000000 5.814451e-09
8360.000000 5.853632e-09
8365.000000 5.829408e-09
8370.000000 5.812210e-09
8375.000000 5.857594e-09
8380.000000 5.870794e-09
8385.000000 5.779261e-09
8390.000000 5.716454e-09
8395.000000 5.811375e-09
8400.000000 5.973164e-09
8405.000000 6.065544e-09
8410.000000 6.059165e-09
8415.000000 5.982317e-09
8420.000000 5.899622e-09
8425.000000 5.855169e-09
8430.000000 5.810009e-09
8435.000000 5.735616e-09
8440.000000 5.709883e-09
8445.000000 5.797478e-09
8450.000000 5.920732e-09
8455.000000 5.977057e-09
8460.000000 5.945698e-09
8465.000000 5.862148e-09
8470.000000 5.821119e-09
8475.000000 5.891689e-09
8480.000000 6.016639e-09
8485.000000 6.076429e-09
8490.000000 5.927308e-09
8495.000000 5.564861e-09
8500.000000 5.354403e-09
8505.000000 5.558248e-09
8510.000000 5.813938e-09
8515.000000 5.746234e-09
8520.000000 5.568314e-09
8525.000000 5.565994e-09
8530.000000 5.615900e-09
8535.000000 5.509011e-09
8540.000000 5.243618e-09
8545.000000 4.955022e-09
8550.000000 4.906324e-09
8555.000000 5.233737e-09
8560.000000 5.628423e-09
8565.000000 5.768558e-09
8570.000000 5.740522e-09
8575.000000 5.727138e-09
8580.000000 5.746990e-09
8585.000000 5.760280e-09
8590.000000 5.752244e-09
8595.000000 5.738117e-09
8600.000000 5.777114e-09
8605.000000 5.897812e-09
8610.000000 6.008952e-09
8615.000000 6.028101e-09
8620.000000 6.013922e-09
8625.000000 6.041405e-09
8630.000000 6.085538e-09
8635.000000 6.098530e-09
8640.000000 6.077701e-09
8645.000000 6.047650e-09
8650.000000 6.049373e-09
8655.000000 6.053109e-09
8660.000000 5.845803e-09
8665.000000 5.359015e-09
8670.000000 5.066239e-09
8675.000000 5.340524e-09
8680.000000 5.763330e-09
8685.000000 5.882934e-09
8690.000000 5.936624e-09
8695.000000 6.104250e-09
8700.000000 5.930690e-09
8705.000000 5.917236e-09
8710.000000 5.959263e-09
8715.000000 5.995259e-09
8720.000000 6.016636e-09
8725.000000 6.021524e-09
8730.000000 6.015437e-09
8735.000000 6.006755e-09
8740.000000 6.003833e-09
8745.000000 6.011700e-09
8750.000000 6.026875e-09
8755.000000 6.042608e-09
8760.000000 6.052037e-09
8765.000000 6.050676e-09
8770.000000 6.040215e-09
8775.000000 6.024725e-09
8780.000000 6.008374e-09
8785.000000 5.993964e-09
8790.000000 5.980858e-09
8795.000000 5.967064e-09
8800.000000 5.950631e-09
8805.000000 5.931719e-09
8810.000000 5.915785e-09
8815.000000 5.910341e-09
8820.000000 5.922687e-09
8825.000000 5.956121e-09
8830.000000 6.003392e-09
8835.000000 6.053216e-09
8840.000000 6.094243e-09
8845.000000 6.118183e-09
8850.000000 6.124710e-09
8855.000000 6.116610e-09
8860.000000 6.097001e-09
8865.000000 6.069526e-09
8870.000000 6.039129e-09
8875.000000 6.011244e-09
8880.000000 5.991147e-09
8885.000000 5.981796e-09
8890.000000 5.980165e-09
8895.000000 5.980947e-09
8900.000000 5.978734e-09
8905.000000 5.969793e-09
8910.000000 5.954675e-09
8915.000000 5.935541e-09
8920.000000 5.914764e-09
8925.000000 5.894965e-09
8930.000000 5.879317e-09
8935.000000 5.871240e-09
8940.000000 5.874000e-09
8945.000000 5.888954e-09
8950.000000 5.912511e-09
8955.000000 5.939174e-09
8960.000000 5.963276e-09
8965.000000 5.979234e-09
8970.000000 5.981629e-09
8975.000000 5.965142e-09
8980.000000 5.924982e-09
8985.000000 5.861530e-09
8990.000000 5.788790e-09
8995.000000 5.725909e-09
9000.000000 5.691999e-09
9005.000000 5.700062e-09
9010.000000 5.747393e-09
9015.000000 5.825208e-09
9020.000000 5.924024e-09
9025.000000 6.033013e-09
9030.000000 6.138094e-09
9035.000000 6.223807e-09
9040.000000 6.275185e-09
9045.000000 6.282576e-09
9050.000000 6.250332e-09
9055.000000 6.188174e-09
9060.000000 6.106397e-09
9065.000000 6.015490e-09
9070.000000 5.926643e-09
9075.000000 5.851294e-09
9080.000000 5.800388e-09
9085.000000 5.779799e-09
9090.000000 5.782323e-09
9095.000000 5.795720e-09
9100.000000 5.807521e-09
9105.000000 5.808316e-09
9110.000000 5.796641e-09
9115.000000 5.774057e-09
9120.000000 5.742483e-09
9125.000000 5.703928e-09
9130.000000 5.660624e-09
9135.000000 5.614943e-09
9140.000000 5.569278e-09
9145.000000 5.525989e-09
9150.000000 5.487430e-09
9155.000000 5.456005e-09
9160.000000 5.434027e-09
9165.000000 5.423753e-09
9170.000000 5.427038e-09
9175.000000 5.445633e-09
9180.000000 5.480977e-09
9185.000000 5.531594e-09
9190.000000 5.588451e-09
9195.000000 5.639575e-09
9200.000000 5.673186e-09
9205.000000 5.682038e-09
9210.000000 5.670676e-09
9215.000000 5.648217e-09
9220.000000 5.623902e-09
9225.000000 5.603517e-09
9230.000000 5.584017e-09
9235.000000 5.558942e-09
9240.000000 5.522005e-09
9245.000000 5.471807e-09
9250.000000 5.419859e-09
9255.000000 5.382564e-09
9260.000000 5.376030e-09
9265.000000 5.408155e-09
9270.000000 5.465504e-09
9275.000000 5.526417e-09
9280.000000 5.569075e-09
9285.000000 5.577808e-09
9290.000000 5.553021e-09
9295.000000 5.501279e-09
9300.000000 5.430222e-09
9305.000000 5.352106e-09
9310.000000 5.291183e-09
9315.000000 5.276295e-09
9320.000000 5.334646e-09
9325.000000 5.472816e-09
9330.000000 5.643562e-09
9335.000000 5.779010e-09
9340.000000 5.812228e-09
9345.000000 5.706799e-09
9350.000000 5.505592e-09
9355.000000 5.281959e-09
9360.000000 5.110205e-09
9365.000000 5.043563e-09
9370.000000 5.080658e-09
9375.000000 5.199051e-09
9380.000000 5.373771e-09
9385.000000 5.575391e-09
9390.000000 5.762871e-09
9395.000000 5.890680e-09
9400.000000 5.915027e-09
9405.000000 5.813563e-09
9410.000000 5.619747e-09
9415.000000 5.388519e-09
9420.000000 5.175616e-09
9425.000000 5.023316e-09
9430.000000 4.938951e-09
9435.000000 4.916475e-09
9440.000000 4.948068e-09
9445.000000 5.022229e-09
9450.000000 5.117854e-09
9455.000000 5.210110e-09
9460.000000 5.274724e-09
9465.000000 5.296740e-09
9470.000000 5.285392e-09
9475.000000 5.259218e-09
9480.000000 5.237171e-09
9485.000000 5.233418e-09
9490.000000 5.249557e-09
9495.000000 5.282406e-09
9500.000000 5.328189e-09
9505.000000 5.382334e-09
9510.000000 5.438353e-09
9515.000000 5.488932e-09
9520.000000 5.526985e-09
9525.000000 5.548498e-09
9530.000000 5.557404e-09
9535.000000 5.560684e-09
9540.000000 5.565274e-09
9545.000000 5.574885e-09
9550.000000 5.584769e-09
9555.000000 5.586879e-09
9560.000000 5.573284e-09
9565.000000 5.540007e-09
9570.000000 5.493387e-09
9575.000000 5.443750e-09
9580.000000 5.401581e-09
9585.000000 5.374798e-09
9590.000000 5.364792e-09
9595.000000 5.370375e-09
9600.000000 5.389967e-09
9605.000000 5.420224e-09
9610.000000 5.453093e-09
9615.000000 5.478827e-09
9620.000000 5.487827e-09
9625.000000 5.474436e-09
9630.000000 5.443146e-09
9635.000000 5.402337e-09
9640.000000 5.360717e-09
9645.000000 5.326031e-09
9650.000000 5.303620e-09
9655.000000 5.297840e-09
9660.000000 5.312605e-09
9665.000000 5.347358e-09
9670.000000 5.390211e-09
9675.000000 5.424858e-09
9680.000000 5.435338e-09
9685.000000 5.413271e-09
9690.000000 5.369901e-09
9695.000000 5.324076e-09
9700.000000 5.294670e-09
9705.000000 5.293352e-09
9710.000000 5.312998e-09
9715.000000 5.339300e-09
9720.000000 5.357741e-09
9725.000000 5.358858e-09
9730.000000 5.346470e-09
9735.000000 5.329452e-09
9740.000000 5.316917e-09
9745.000000 5.314836e-09
9750.000000 5.321052e-09
9755.000000 5.330318e-09
9760.000000 5.337254e-09
9765.000000 5.338866e-09
9770.000000 5.338156e-09
9775.000000 5.340476e-09
9780.000000 5.351162e-09
9785.000000 5.373252e-09
9790.000000 5.403754e-09
9795.000000 5.437409e-09
9800.000000 5.468828e-09
9805.000000 5.494073e-09
9810.000000 5.512896e-09
9815.000000 5.526510e-09
9820.000000 5.536234e-09
9825.000000 5.542929e-09
9830.000000 5.546380e-09
9835.000000 5.545955e-09
9840.000000 5.541036e-09
9845.000000 5.531871e-09
9850.000000 5.520921e-09
9855.000000 5.511470e-09
9860.000000 5.506785e-09
9865.000000 5.508606e-09
9870.000000 5.514780e-09
9875.000000 5.521709e-09
9880.000000 5.525768e-09
9885.000000 5.524730e-09
9890.000000 5.520027e-09
9895.000000 5.514545e-09
9900.000000 5.511108e-09
9905.000000 5.511243e-09
9910.000000 5.512900e-09
9915.000000 5.512722e-09
9920.000000 5.507400e-09
9925.000000 5.495586e-09
9930.000000 5.481037e-09
9935.000000 5.469488e-09
9940.000000 5.466617e-09
9945.000000 5.475572e-09
9950.000000 5.492930e-09
9955.000000 5.512793e-09
9960.000000 5.529114e-09
9965.000000 5.537722e-09
9970.000000 5.539012e-09
9975.000000 5.535264e-09
9980.000000 5.528825e-09
9985.000000 5.521837e-09
9990.000000 5.515733e-09
9995.000000 5.511672e-09
10000.000000 5.510733e-09
10005.000000 5.513296e-09
10010.000000 5.517998e-09
10015.000000 5.522746e-09
10020.000000 5.525459e-09
10025.000000 5.524304e-09
10030.000000 5.518312e-09
10035.000000 5.506798e-09
10040.000000 5.489248e-09
10045.000000 5.466556e-09
10050.000000 5.443379e-09
10055.000000 5.425766e-09
10060.000000 5.419653e-09
10065.000000 5.428355e-09
10070.000000 5.448472e-09
10075.000000 5.474010e-09
10080.000000 5.498802e-09
10085.000000 5.518106e-09
10090.000000 5.530756e-09
10095.000000 5.536947e-09
10100.000000 5.537066e-09
10105.000000 5.531811e-09
10110.000000 5.522590e-09
10115.000000 5.511146e-09
10120.000000 5.499235e-09
10125.000000 5.488243e-09
10130.000000 5.478763e-09
10135.000000 5.471086e-09
10140.000000 5.465360e-09
10145.000000 5.461355e-09
10150.000000 5.457528e-09
10155.000000 5.451941e-09
10160.000000 5.442698e-09
10165.000000 5.429261e-09
10170.000000 5.414649e-09
10175.000000 5.403177e-09
10180.000000 5.399136e-09
10185.000000 5.404808e-09
10190.000000 5.417267e-09
10195.000000 5.431641e-09
10200.000000 5.443002e-09
10205.000000 5.448030e-09
10210.000000 5.447653e-09
10215.000000 5.444420e-09
10220.000000 5.440979e-09
10225.000000 5.439333e-09
10230.000000 5.439773e-09
10235.000000 5.441950e-09
10240.000000 5.445400e-09
10245.000000 5.449676e-09
10250.000000 5.454134e-09
10255.000000 5.458091e-09
10260.000000 5.460885e-09
10265.000000 5.461949e-09
10270.000000 5.461053e-09
10275.000000 5.458070e-09
10280.000000 5.452931e-09
10285.000000 5.445687e-09
10290.000000 5.436826e-09
10295.000000 5.426969e-09
10300.000000 5.416740e-09
10305.000000 5.406544e-09
10310.000000 5.396222e-09
10315.000000 5.385385e-09
10320.000000 5.373687e-09
10325.000000 5.361286e-09
10330.000000 5.349663e-09
10335.000000 5.340819e-09
10340.000000 5.336715e-09
10345.000000 5.338295e-09
10350.000000 5.343894e-09
10355.000000 5.350851e-09
10360.000000 5.356476e-09
10365.000000 5.358824e-09
10370.000000 5.357934e-09
10375.000000 5.354586e-09
10380.000000 5.349627e-09
10385.000000 5.344178e-09
10390.000000 5.339768e-09
10395.000000 5.338201e-09
10400.000000 5.341182e-09
10405.000000 5.349544e-09
10410.000000 5.361893e-09
10415.000000 5.375968e-09
10420.000000 5.389418e-09
10425.000000 5.400045e-09
10430.000000 5.405941e-09
10435.000000 5.405324e-09
10440.000000 5.396621e-09
10445.000000 5.380016e-09
10450.000000 5.360278e-09
10455.000000 5.343976e-09
10460.000000 5.337556e-09
10465.000000 5.344775e-09
10470.000000 5.362367e-09
10475.000000 5.384397e-09
10480.000000 5.404749e-09
10485.000000 5.418766e-09
10490.000000 5.425510e-09
10495.000000 5.425446e-09
10500.000000 5.419263e-09
10505.000000 5.408304e-09
10510.000000 5.395699e-09
10515.000000 5.385209e-09
10520.000000 5.380568e-09
10525.000000 5.383977e-09
10530.000000 5.393737e-09
10535.000000 5.406725e-09
10540.000000 5.419641e-09
10545.000000 5.429603e-09
10550.000000 5.434831e-09
10555.000000 5.433863e-09
10560.000000 5.425423e-09
10565.000000 5.409039e-09
10570.000000 5.386380e-09
10575.000000 5.360004e-09
10580.000000 5.332491e-09
10585.000000 5.306404e-09
10590.000000 5.284240e-09
10595.000000 5.268451e-09
10600.000000 5.261408e-09
10605.000000 5.264325e-09
10610.000000 5.275613e-09
10615.000000 5.292549e-09
10620.000000 3.981405e-09
