1150.000000 9.159185e-09
1155.000000 9.889527e-09
1160.000000 8.487903e-09
1165.000000 8.191349e-09
1170.000000 7.436487e-09
1175.000000 6.915650e-09
1180.000000 6.888238e-09
1185.000000 5.535210e-09
1190.000000 3.199076e-09
1195.000000 2.281076e-09
1200.000000 1.735600e-09
1205.000000 9.307906e-10
1210.000000 4.004868e-10
1215.000000 3.187076e-10
1220.000000 7.145741e-10
1225.000000 1.547599e-09
1230.000000 2.813935e-09
1235.000000 4.673558e-09
1240.000000 6.541001e-09
1245.000000 7.493663e-09
1250.000000 8.056269e-09
1255.000000 7.837484e-09
1260.000000 6.938818e-09
1265.000000 7.998174e-09
1270.000000 9.630398e-09
1275.000000 9.941510e-09
1280.000000 1.082431e-08
1285.000000 1.089485e-08
1290.000000 1.011460e-08
1295.000000 9.307391e-09
1300.000000 8.033460e-09
1305.000000 7.223296e-09
1310.000000 8.967795e-09
1315.000000 1.142650e-08
1320.000000 1.166986e-08
1325.000000 1.097207e-08
1330.000000 9.848900e-09
1335.000000 9.724027e-09
1340.000000 1.163373e-08
1345.000000 1.204408e-08
1350.000000 1.194834e-08
1355.000000 1.194221e-08
1360.000000 1.146066e-08
1365.000000 1.085893e-08
1370.000000 1.086533e-08
1375.000000 1.091202e-08
1380.000000 1.104006e-08
1385.000000 1.117754e-08
1390.000000 1.112395e-08
1395.000000 1.086718e-08
1400.000000 1.094398e-08
1405.000000 1.085940e-08
1410.000000 1.059110e-08
1415.000000 1.070627e-08
1420.000000 1.088403e-08
1425.000000 1.096088e-08
1430.000000 1.074887e-08
1435.000000 1.067501e-08
1440.000000 1.113372e-08
1445.000000 1.163416e-08
1450.000000 1.199099e-08
1455.000000 1.219325e-08
1460.000000 1.192997e-08
1465.000000 1.137965e-08
1470.000000 1.116652e-08
1475.000000 1.125639e-08
1480.000000 1.117493e-08
1485.000000 1.116614e-08
1490.000000 1.162299e-08
1495.000000 1.195859e-08
1500.000000 1.188315e-08
1505.000000 1.125258e-08
1510.000000 1.067750e-08
1515.000000 1.083214e-08
1520.000000 1.106791e-08
1525.000000 1.068079e-08
1530.000000 1.027684e-08
1535.000000 1.046330e-08
1540.000000 1.098830e-08
1545.000000 1.084319e-08
1550.000000 1.069319e-08
1555.000000 1.045181e-08
1560.000000 1.014375e-08
1565.000000 1.000882e-08
1570.000000 1.003036e-08
1575.000000 1.008160e-08
1580.000000 1.010195e-08
1585.000000 1.004225e-08
1590.000000 9.895597e-09
1595.000000 9.762057e-09
1600.000000 9.528844e-09
1605.000000 9.196119e-09
1610.000000 9.147491e-09
1615.000000 9.271138e-09
1620.000000 9.385650e-09
1625.000000 9.420489e-09
1630.000000 9.438159e-09
1635.000000 9.283687e-09
1640.000000 8.916225e-09
1645.000000 8.921975e-09
1650.000000 8.713998e-09
1655.000000 8.349305e-09
1660.000000 8.480602e-09
1665.000000 8.580506e-09
1670.000000 8.401182e-09
1675.000000 8.722386e-09
1680.000000 9.038566e-09
1685.000000 9.007428e-09
1690.000000 8.976665e-09
1695.000000 9.078894e-09
1700.000000 9.003591e-09
1705.000000 8.695516e-09
1710.000000 8.521264e-09
1715.000000 8.346202e-09
1720.000000 7.922469e-09
1725.000000 7.922228e-09
1730.000000 8.270358e-09
1735.000000 8.540474e-09
1740.000000 8.653840e-09
1745.000000 8.725324e-09
1750.000000 8.713785e-09
1755.000000 8.640107e-09
1760.000000 8.477639e-09
1765.000000 8.401968e-09
1770.000000 8.291612e-09
1775.000000 8.283325e-09
1780.000000 8.304583e-09
1785.000000 7.883462e-09
1790.000000 7.749509e-09
1795.000000 8.535416e-09
1800.000000 8.767563e-09
1805.000000 8.696559e-09
1810.000000 8.764693e-09
1815.000000 8.750973e-09
1820.000000 8.716277e-09
1825.000000 8.567418e-09
1830.000000 8.330281e-09
1835.000000 8.224388e-09
1840.000000 7.897568e-09
1845.000000 7.722882e-09
1850.000000 7.659279e-09
1855.000000 7.634942e-09
1860.000000 7.697559e-09
1865.000000 7.808328e-09
1870.000000 7.939730e-09
1875.000000 7.904886e-09
1880.000000 7.855466e-09
1885.000000 7.700029e-09
1890.000000 7.496703e-09
1895.000000 7.408592e-09
1900.000000 7.380276e-09
1905.000000 7.435361e-09
1910.000000 7.431074e-09
1915.000000 7.364506e-09
1920.000000 7.300083e-09
1925.000000 7.264809e-09
1930.000000 7.375896e-09
1935.000000 7.473275e-09
1940.000000 7.515234e-09
1945.000000 7.545473e-09
1950.000000 7.553648e-09
1955.000000 7.595830e-09
1960.000000 7.509887e-09
1965.000000 7.588074e-09
1970.000000 7.655913e-09
1975.000000 7.748042e-09
1980.000000 7.306588e-09
1985.000000 7.010164e-09
1990.000000 6.878409e-09
1995.000000 6.840329e-09
2000.000000 6.929465e-09
2005.000000 7.081372e-09
2010.000000 7.012872e-09
2015.000000 6.866898e-09
2020.000000 6.889778e-09
2025.000000 6.945981e-09
2030.000000 7.112369e-09
2035.000000 7.117507e-09
2040.000000 7.042053e-09
2045.000000 6.999600e-09
2050.000000 6.926360e-09
2055.000000 6.831749e-09
2060.000000 6.676335e-09
2065.000000 6.606914e-09
2070.000000 6.727882e-09
2075.000000 6.777153e-09
2080.000000 6.869319e-09
2085.000000 6.959762e-09
2090.000000 6.755162e-09
2095.000000 6.632290e-09
2100.000000 6.497336e-09
2105.000000 6.556848e-09
2110.000000 6.604137e-09
2115.000000 6.549651e-09
2120.000000 6.530149e-09
2125.000000 6.387932e-09
2130.000000 6.434615e-09
2135.000000 6.284616e-09
2140.000000 6.093966e-09
2145.000000 5.961218e-09
2150.000000 6.073559e-09
2155.000000 6.174652e-09
2160.000000 6.213006e-09
2165.000000 6.003217e-09
2170.000000 5.766641e-09
2175.000000 5.760375e-09
2180.000000 5.771187e-09
2185.000000 5.743427e-09
2190.000000 5.696209e-09
2195.000000 5.862767e-09
2200.000000 5.921364e-09
2205.000000 5.673528e-09
2210.000000 5.408545e-09
2215.000000 5.204694e-09
2220.000000 5.277946e-09
2225.000000 5.145647e-09
2230.000000 5.170389e-09
2235.000000 5.092821e-09
2240.000000 5.107392e-09
2245.000000 5.048235e-09
2250.000000 5.071977e-09
2255.000000 5.150651e-09
2260.000000 5.113785e-09
2265.000000 5.109355e-09
2270.000000 5.204284e-09
2275.000000 5.284275e-09
2280.000000 5.353877e-09
2285.000000 5.409532e-09
2290.000000 5.376203e-09
2295.000000 5.306954e-09
2300.000000 5.108237e-09
2305.000000 5.103594e-09
2310.000000 5.148950e-09
2315.000000 5.192667e-09
2320.000000 5.051509e-09
2325.000000 4.876788e-09
2330.000000 4.839993e-09
2335.000000 4.794852e-09
2340.000000 4.731671e-09
2345.000000 4.716029e-09
2350.000000 4.704916e-09
2355.000000 4.741911e-09
2360.000000 4.764407e-09
2365.000000 4.747328e-09
2370.000000 4.656913e-09
2375.000000 4.629633e-09
2380.000000 4.703734e-09
2385.000000 4.673806e-09
2390.000000 4.475628e-09
2395.000000 4.471261e-09
2400.000000 4.510933e-09
2405.000000 4.524704e-09
2410.000000 4.589240e-09
2415.000000 4.649495e-09
2420.000000 4.683273e-09
2425.000000 4.725742e-09
2430.000000 4.834584e-09
2435.000000 4.780808e-09
2440.000000 4.769042e-09
2445.000000 4.891448e-09
2450.000000 5.031023e-09
2455.000000 5.142550e-09
2460.000000 5.178177e-09
2465.000000 5.144681e-09
2470.000000 4.939225e-09
2475.000000 4.858525e-09
2480.000000 4.884511e-09
2485.000000 4.940083e-09
2490.000000 4.984559e-09
2495.000000 4.827172e-09
2500.000000 4.862331e-09
2505.000000 4.937920e-09
2510.000000 4.932482e-09
2515.000000 4.849142e-09
2520.000000 4.789324e-09
2525.000000 4.818802e-09
2530.000000 4.739080e-09
2535.000000 4.761696e-09
2540.000000 4.737940e-09
2545.000000 4.727585e-09
2550.000000 4.727172e-09
2555.000000 4.771468e-09
2560.000000 4.811026e-09
2565.000000 4.851038e-09
2570.000000 4.855941e-09
2575.000000 4.849727e-09
2580.000000 4.544110e-09
2585.000000 4.548274e-09
2590.000000 4.927036e-09
2595.000000 5.041494e-09
2600.000000 4.922834e-09
2605.000000 4.807207e-09
2610.000000 4.800362e-09
2615.000000 4.824284e-09
2620.000000 4.918690e-09
2625.000000 4.906452e-09
2630.000000 4.900013e-09
2635.000000 5.015932e-09
2640.000000 5.154275e-09
2645.000000 5.223185e-09
2650.000000 5.379865e-09
2655.000000 5.293763e-09
2660.000000 5.173867e-09
2665.000000 5.133898e-09
2670.000000 5.051079e-09
2675.000000 4.977441e-09
2680.000000 4.977675e-09
2685.000000 4.943487e-09
2690.000000 4.885616e-09
2695.000000 4.795689e-09
2700.000000 4.754913e-09
2705.000000 4.834480e-09
2710.000000 4.892740e-09
2715.000000 4.819500e-09
2720.000000 4.802729e-09
2725.000000 4.838171e-09
2730.000000 4.892275e-09
2735.000000 4.790205e-09
2740.000000 4.758343e-09
2745.000000 4.719380e-09
2750.000000 4.720583e-09
2755.000000 4.570823e-09
2760.000000 4.675580e-09
2765.000000 4.745112e-09
2770.000000 4.631140e-09
2775.000000 4.500664e-09
2780.000000 4.466976e-09
2785.000000 4.416088e-09
2790.000000 4.364681e-09
2795.000000 4.404522e-09
2800.000000 4.517694e-09
2805.000000 4.544277e-09
2810.000000 4.650758e-09
2815.000000 4.733991e-09
2820.000000 4.971051e-09
2825.000000 4.967609e-09
2830.000000 4.697073e-09
2835.000000 4.499766e-09
2840.000000 4.445226e-09
2845.000000 4.444841e-09
2850.000000 4.452351e-09
2855.000000 4.435694e-09
2860.000000 4.418281e-09
2865.000000 4.646583e-09
2870.000000 4.941319e-09
2875.000000 4.665056e-09
2880.000000 4.482116e-09
2885.000000 4.576398e-09
2890.000000 4.662718e-09
2895.000000 4.605446e-09
2900.000000 4.664641e-09
2905.000000 4.670047e-09
2910.000000 4.629626e-09
2915.000000 4.729887e-09
2920.000000 4.651333e-09
2925.000000 4.583832e-09
2930.000000 4.534695e-09
2935.000000 4.478428e-09
2940.000000 4.436726e-09
2945.000000 4.553808e-09
2950.000000 4.628752e-09
2955.000000 4.550269e-09
2960.000000 4.564130e-09
2965.000000 4.604616e-09
2970.000000 4.558607e-09
2975.000000 4.511854e-09
2980.000000 4.540460e-09
2985.000000 4.518932e-09
2990.000000 4.452572e-09
2995.000000 4.440008e-09
3000.000000 4.429551e-09
3005.000000 4.435558e-09
3010.000000 4.495018e-09
3015.000000 4.510094e-09
3020.000000 4.358400e-09
3025.000000 4.274435e-09
3030.000000 4.176551e-09
3035.000000 4.155786e-09
3040.000000 4.246817e-09
3045.000000 4.287705e-09
3050.000000 4.310419e-09
3055.000000 4.365464e-09
3060.000000 4.262933e-09
3065.000000 4.201049e-09
3070.000000 4.239299e-09
3075.000000 4.216927e-09
3080.000000 4.350447e-09
3085.000000 4.378045e-09
3090.000000 4.225613e-09
3095.000000 4.264392e-09
3100.000000 4.232307e-09
3105.000000 4.149060e-09
3110.000000 4.137934e-09
3115.000000 4.176214e-09
3120.000000 4.223065e-09
3125.000000 4.246330e-09
3130.000000 4.349102e-09
3135.000000 4.399567e-09
3140.000000 4.280539e-09
3145.000000 4.235341e-09
3150.000000 4.240482e-09
3155.000000 4.261250e-09
3160.000000 4.446131e-09
3165.000000 4.342993e-09
3170.000000 4.218307e-09
3175.000000 4.264873e-09
3180.000000 4.263243e-09
3185.000000 4.156846e-09
3190.000000 4.091523e-09
3195.000000 4.280486e-09
3200.000000 4.448045e-09
3205.000000 4.486416e-09
3210.000000 4.446235e-09
3215.000000 4.394453e-09
3220.000000 4.376912e-09
3225.000000 4.414573e-09
3230.000000 4.483564e-09
3235.000000 4.545071e-09
3240.000000 4.565076e-09
3245.000000 4.521599e-09
3250.000000 4.420752e-09
3255.000000 4.299813e-09
3260.000000 4.245580e-09
3265.000000 4.300422e-09
3270.000000 4.345934e-09
3275.000000 4.275529e-09
3280.000000 4.172215e-09
3285.000000 4.147553e-09
3290.000000 4.194055e-09
3295.000000 4.253906e-09
3300.000000 4.263607e-09
3305.000000 4.194939e-09
3310.000000 4.112195e-09
3315.000000 4.082687e-09
3320.000000 4.091016e-09
3325.000000 4.106132e-09
3330.000000 4.138755e-09
3335.000000 4.196419e-09
3340.000000 4.235682e-09
3345.000000 4.219482e-09
3350.000000 4.178517e-09
3355.000000 4.150759e-09
3360.000000 4.125762e-09
3365.000000 4.092291e-09
3370.000000 4.085349e-09
3375.000000 4.130524e-09
3380.000000 4.182544e-09
3385.000000 4.191956e-09
3390.000000 4.170224e-09
3395.000000 4.146602e-09
3400.000000 4.134256e-09
3405.000000 4.135188e-09
3410.000000 4.140063e-09
3415.000000 4.137664e-09
3420.000000 4.122589e-09
3425.000000 4.094403e-09
3430.000000 4.059991e-09
3435.000000 4.030118e-09
3440.000000 4.018044e-09
3445.000000 4.029210e-09
3450.000000 4.046551e-09
3455.000000 4.052914e-09
3460.000000 4.052580e-09
3465.000000 4.050507e-09
3470.000000 4.032659e-09
3475.000000 3.991560e-09
3480.000000 3.955786e-09
3485.000000 3.952827e-09
3490.000000 3.970531e-09
3495.000000 3.982098e-09
3500.000000 3.964067e-09
3505.000000 3.914891e-09
3510.000000 3.884229e-09
3515.000000 3.868167e-09
3520.000000 3.840818e-09
3525.000000 3.869347e-09
3530.000000 3.869935e-09
3535.000000 3.881708e-09
3540.000000 3.872483e-09
3545.000000 3.858259e-09
3550.000000 3.835024e-09
3555.000000 3.822362e-09
3560.000000 3.813183e-09
3565.000000 3.805273e-09
3570.000000 3.787710e-09
3575.000000 3.793921e-09
3580.000000 3.774812e-09
3585.000000 3.706743e-09
3590.000000 3.698637e-09
3595.000000 3.709670e-09
3600.000000 3.685297e-09
3605.000000 3.712785e-09
3610.000000 3.759355e-09
3615.000000 3.756222e-09
3620.000000 3.747834e-09
3625.000000 3.694632e-09
3630.000000 3.683321e-09
3635.000000 3.645112e-09
3640.000000 3.614174e-09
3645.000000 3.615373e-09
3650.000000 3.598984e-09
3655.000000 3.624118e-09
3660.000000 3.662173e-09
3665.000000 3.657502e-09
3670.000000 3.594831e-09
3675.000000 3.644116e-09
3680.000000 3.605998e-09
3685.000000 3.589931e-09
3690.000000 3.656652e-09
3695.000000 3.653132e-09
3700.000000 3.668826e-09
3705.000000 3.761829e-09
3710.000000 3.865646e-09
3715.000000 3.936991e-09
3720.000000 3.868110e-09
3725.000000 4.009775e-09
3730.000000 4.207619e-09
3735.000000 4.162861e-09
3740.000000 4.771869e-09
3745.000000 4.783937e-09
3750.000000 4.275023e-09
3755.000000 4.993512e-09
3760.000000 5.719854e-09
3765.000000 5.229628e-09
3770.000000 4.504904e-09
3775.000000 5.432503e-09
3780.000000 7.048975e-09
3785.000000 7.566509e-09
3790.000000 6.711600e-09
3795.000000 5.137531e-09
3800.000000 4.865814e-09
3805.000000 6.453192e-09
3810.000000 7.951402e-09
3815.000000 8.654756e-09
3820.000000 8.548381e-09
3825.000000 7.765523e-09
3830.000000 6.166516e-09
3835.000000 4.842896e-09
3840.000000 5.660825e-09
3845.000000 7.458882e-09
3850.000000 8.747499e-09
3855.000000 9.319724e-09
3860.000000 9.413456e-09
3865.000000 9.253148e-09
3870.000000 8.978713e-09
3875.000000 8.321295e-09
3880.000000 7.059396e-09
3885.000000 5.328255e-09
3890.000000 4.532416e-09
3895.000000 5.790447e-09
3900.000000 7.509255e-09
3905.000000 8.615773e-09
3910.000000 9.196135e-09
3915.000000 9.490576e-09
3920.000000 9.633791e-09
3925.000000 9.667951e-09
3930.000000 9.488230e-09
3935.000000 9.332440e-09
3940.000000 9.491916e-09
3945.000000 9.407050e-09
3950.000000 8.976349e-09
3955.000000 8.149847e-09
3960.000000 6.924776e-09
3965.000000 5.293464e-09
3970.000000 4.318106e-09
3975.000000 5.320860e-09
3980.000000 6.962180e-09
3985.000000 8.032790e-09
3990.000000 8.654065e-09
3995.000000 9.023415e-09
4000.000000 9.183649e-09
4005.000000 9.127122e-09
4010.000000 9.093864e-09
4015.000000 9.100908e-09
4020.000000 9.051910e-09
4025.000000 8.900916e-09
4030.000000 8.912680e-09
4035.000000 8.923987e-09
4040.000000 8.919777e-09
4045.000000 8.885979e-09
4050.000000 8.832544e-09
4055.000000 8.736954e-09
4060.000000 8.589601e-09
4065.000000 8.475611e-09
4070.000000 8.381666e-09
4075.000000 8.207516e-09
4080.000000 7.978870e-09
4085.000000 7.604063e-09
4090.000000 6.800482e-09
4095.000000 5.418822e-09
4100.000000 4.194450e-09
4105.000000 4.560204e-09
4110.000000 6.010325e-09
4115.000000 7.142508e-09
4120.000000 7.729368e-09
4125.000000 7.943676e-09
4130.000000 8.073681e-09
4135.000000 8.224596e-09
4140.000000 8.331335e-09
4145.000000 8.442283e-09
4150.000000 8.587969e-09
4155.000000 8.622338e-09
4160.000000 8.614708e-09
4165.000000 8.533050e-09
4170.000000 8.343205e-09
4175.000000 8.146531e-09
4180.000000 8.121210e-09
4185.000000 8.180805e-09
4190.000000 8.231009e-09
4195.000000 8.259229e-09
4200.000000 8.251225e-09
4205.000000 8.263379e-09
4210.000000 8.284103e-09
4215.000000 8.292879e-09
4220.000000 8.239919e-09
4225.000000 8.162109e-09
4230.000000 8.136391e-09
4235.000000 8.107846e-09
4240.000000 8.106842e-09
4245.000000 8.044106e-09
4250.000000 7.967544e-09
4255.000000 7.963778e-09
4260.000000 7.901884e-09
4265.000000 7.841280e-09
4270.000000 7.757694e-09
4275.000000 7.781812e-09
4280.000000 7.807370e-09
4285.000000 7.784553e-09
4290.000000 7.808879e-09
4295.000000 7.749992e-09
4300.000000 7.683561e-09
4305.000000 7.659788e-09
4310.000000 7.555225e-09
4315.000000 7.339199e-09
4320.000000 7.076745e-09
4325.000000 6.655961e-09
4330.000000 5.890947e-09
4335.000000 4.699407e-09
4340.000000 3.782278e-09
4345.000000 4.241113e-09
4350.000000 5.421341e-09
4355.000000 6.350963e-09
4360.000000 6.880338e-09
4365.000000 7.133918e-09
4370.000000 7.265028e-09
4375.000000 7.319065e-09
4380.000000 7.254904e-09
4385.000000 7.100619e-09
4390.000000 7.115749e-09
4395.000000 7.202869e-09
4400.000000 7.203099e-09
4405.000000 7.168797e-09
4410.000000 7.143125e-09
4415.000000 7.126238e-09
4420.000000 7.058660e-09
4425.000000 6.957303e-09
4430.000000 6.897454e-09
4435.000000 6.878380e-09
4440.000000 6.939501e-09
4445.000000 6.931543e-09
4450.000000 6.933612e-09
4455.000000 6.984404e-09
4460.000000 6.972633e-09
4465.000000 6.856089e-09
4470.000000 6.729920e-09
4475.000000 6.685200e-09
4480.000000 6.602523e-09
4485.000000 6.692795e-09
4490.000000 6.784016e-09
4495.000000 6.798057e-09
4500.000000 6.797120e-09
4505.000000 6.772842e-09
4510.000000 6.721837e-09
4515.000000 6.704100e-09
4520.000000 6.671376e-09
4525.000000 6.652848e-09
4530.000000 6.648750e-09
4535.000000 6.579838e-09
4540.000000 6.513143e-09
4545.000000 6.466605e-09
4550.000000 6.414389e-09
4555.000000 6.410885e-09
4560.000000 6.429346e-09
4565.000000 6.430001e-09
4570.000000 6.448389e-09
4575.000000 6.420586e-09
4580.000000 6.382050e-09
4585.000000 6.321580e-09
4590.000000 6.276578e-09
4595.000000 6.280961e-09
4600.000000 6.290095e-09
4605.000000 6.245353e-09
4610.000000 6.201142e-09
4615.000000 6.193744e-09
4620.000000 6.199217e-09
4625.000000 6.190726e-09
4630.000000 6.128440e-09
4635.000000 6.093515e-09
4640.000000 6.116638e-09
4645.000000 6.169864e-09
4650.000000 6.134339e-09
4655.000000 6.100639e-09
4660.000000 6.097404e-09
4665.000000 6.075841e-09
4670.000000 6.073385e-09
4675.000000 6.067291e-09
4680.000000 6.045269e-09
4685.000000 6.025881e-09
4690.000000 5.979937e-09
4695.000000 5.918636e-09
4700.000000 5.868737e-09
4705.000000 5.820397e-09
4710.000000 5.793340e-09
4715.000000 5.788714e-09
4720.000000 5.785227e-09
4725.000000 5.757573e-09
4730.000000 5.735331e-09
4735.000000 5.678494e-09
4740.000000 5.687139e-09
4745.000000 5.676022e-09
4750.000000 5.672622e-09
4755.000000 5.642989e-09
4760.000000 5.577366e-09
4765.000000 5.523312e-09
4770.000000 5.488651e-09
4775.000000 5.471333e-09
4780.000000 5.457028e-09
4785.000000 5.419367e-09
4790.000000 5.365600e-09
4795.000000 5.362661e-09
4800.000000 5.386986e-09
4805.000000 5.414657e-09
4810.000000 5.423364e-09
4815.000000 5.345143e-09
4820.000000 5.275956e-09
4825.000000 5.236908e-09
4830.000000 5.150929e-09
4835.000000 5.104736e-09
4840.000000 5.024607e-09
4845.000000 4.786076e-09
4850.000000 4.339701e-09
4855.000000 3.729721e-09
4860.000000 3.067777e-09
4865.000000 2.912162e-09
4870.000000 3.432003e-09
4875.000000 4.069364e-09
4880.000000 4.534415e-09
4885.000000 4.818679e-09
4890.000000 4.940942e-09
4895.000000 5.034668e-09
4900.000000 5.117301e-09
4905.000000 5.114483e-09
4910.000000 5.113496e-09
4915.000000 5.153161e-09
4920.000000 5.149022e-09
4925.000000 5.091662e-09
4930.000000 5.062654e-09
4935.000000 5.115192e-09
4940.000000 5.179374e-09
4945.000000 5.124877e-09
4950.000000 5.067359e-09
4955.000000 5.055644e-09
4960.000000 5.048901e-09
4965.000000 5.021586e-09
4970.000000 4.986501e-09
4975.000000 4.967789e-09
4980.000000 4.956442e-09
4985.000000 4.923086e-09
4990.000000 4.893266e-09
4995.000000 4.868723e-09
5000.000000 4.711236e-09
5005.000000 4.625144e-09
5010.000000 4.725164e-09
5015.000000 4.748539e-09
5020.000000 4.725564e-09
5025.000000 4.753737e-09
5030.000000 4.803808e-09
5035.000000 4.767061e-09
5040.000000 4.658848e-09
5045.000000 4.575656e-09
5050.000000 4.553995e-09
5055.000000 4.554539e-09
5060.000000 4.519926e-09
5065.000000 4.553272e-09
5070.000000 4.547695e-09
5075.000000 4.563242e-09
5080.000000 4.595043e-09
5085.000000 4.629324e-09
5090.000000 4.619705e-09
5095.000000 4.598624e-09
5100.000000 4.548126e-09
5105.000000 4.532075e-09
5110.000000 4.507839e-09
5115.000000 4.488259e-09
5120.000000 4.486422e-09
5125.000000 4.505650e-09
5130.000000 4.477399e-09
5135.000000 4.473368e-09
5140.000000 4.455447e-09
5145.000000 4.404513e-09
5150.000000 4.408678e-09
5155.000000 4.363425e-09
5160.000000 4.306033e-09
5165.000000 4.298608e-09
5170.000000 4.243320e-09
5175.000000 4.214087e-09
5180.000000 4.239090e-09
5185.000000 4.260833e-09
5190.000000 4.265798e-09
5195.000000 4.238570e-09
5200.000000 4.206415e-09
5205.000000 4.212042e-09
5210.000000 4.185394e-09
5215.000000 4.141245e-09
5220.000000 4.138586e-09
5225.000000 4.107290e-09
5230.000000 4.063924e-09
5235.000000 4.076157e-09
5240.000000 4.089698e-09
5245.000000 4.075264e-09
5250.000000 4.071754e-09
5255.000000 4.066542e-09
5260.000000 4.054875e-09
5265.000000 4.042929e-09
5270.000000 4.012645e-09
5275.000000 4.010233e-09
5280.000000 3.997374e-09
5285.000000 3.973297e-09
5290.000000 3.976921e-09
5295.000000 3.965221e-09
5300.000000 3.947461e-09
5305.000000 3.917384e-09
5310.000000 3.898265e-09
5315.000000 3.887980e-09
5320.000000 3.877734e-09
5325.000000 3.868584e-09
5330.000000 3.847202e-09
5335.000000 3.859695e-09
5340.000000 3.859064e-09
5345.000000 3.843884e-09
5350.000000 3.841390e-09
5355.000000 3.835349e-09
5360.000000 3.816992e-09
5365.000000 3.786503e-09
5370.000000 3.775698e-09
5375.000000 3.793807e-09
5380.000000 3.789294e-09
5385.000000 3.807751e-09
5390.000000 3.811270e-09
5395.000000 3.768866e-09
5400.000000 3.743803e-09
5405.000000 3.712892e-09
5410.000000 3.684581e-09
5415.000000 3.685911e-09
5420.000000 3.680413e-09
5425.000000 3.663807e-09
5430.000000 3.669471e-09
5435.000000 3.682479e-09
5440.000000 3.668462e-09
5445.000000 3.624819e-09
5450.000000 3.598725e-09
5455.000000 3.598527e-09
5460.000000 3.603104e-09
5465.000000 3.612140e-09
5470.000000 3.572977e-09
5475.000000 3.566484e-09
5480.000000 3.576842e-09
5485.000000 3.587695e-09
5490.000000 3.591178e-09
5495.000000 3.560749e-09
5500.000000 3.558085e-09
5505.000000 3.552453e-09
5510.000000 3.559761e-09
5515.000000 3.531006e-09
5520.000000 3.495340e-09
5525.000000 3.499661e-09
5530.000000 3.479736e-09
5535.000000 3.487757e-09
5540.000000 3.472508e-09
5545.000000 3.431706e-09
5550.000000 3.447294e-09
5555.000000 3.450740e-09
5560.000000 3.422894e-09
5565.000000 3.419977e-09
5570.000000 3.419003e-09
5575.000000 3.418925e-09
5580.000000 3.412500e-09
5585.000000 3.408007e-09
5590.000000 3.414135e-09
5595.000000 3.392475e-09
5600.000000 3.363371e-09
5605.000000 3.354643e-09
5610.000000 3.359191e-09
5615.000000 3.347253e-09
5620.000000 3.318573e-09
5625.000000 3.336394e-09
5630.000000 3.339283e-09
5635.000000 3.306587e-09
5640.000000 3.283172e-09
5645.000000 3.277495e-09
5650.000000 3.266999e-09
5655.000000 3.268973e-09
5660.000000 3.267548e-09
5665.000000 3.236867e-09
5670.000000 3.221144e-09
5675.000000 3.226749e-09
5680.000000 3.259843e-09
5685.000000 3.254224e-09
5690.000000 3.215179e-09
5695.000000 3.179604e-09
5700.000000 3.185499e-09
5705.000000 3.176236e-09
5710.000000 3.149975e-09
5715.000000 3.164832e-09
5720.000000 3.176549e-09
5725.000000 3.160346e-09
5730.000000 3.145605e-09
5735.000000 3.130596e-09
5740.000000 3.110594e-09
5745.000000 3.105046e-09
5750.000000 3.115693e-09
5755.000000 3.112188e-09
5760.000000 3.120796e-09
5765.000000 3.121245e-09
5770.000000 3.110457e-09
5775.000000 3.081494e-09
5780.000000 3.039267e-09
5785.000000 2.984873e-09
5790.000000 2.983299e-09
5795.000000 3.006530e-09
5800.000000 3.025218e-09
5805.000000 3.014231e-09
5810.000000 3.027201e-09
5815.000000 3.031733e-09
5820.000000 3.036878e-09
5825.000000 3.004281e-09
5830.000000 2.993127e-09
5835.000000 3.022792e-09
5840.000000 3.059437e-09
5845.000000 3.042812e-09
5850.000000 3.015571e-09
5855.000000 3.019027e-09
5860.000000 3.003772e-09
5865.000000 2.959237e-09
5870.000000 2.947914e-09
5875.000000 2.945894e-09
5880.000000 2.939126e-09
5885.000000 2.866244e-09
5890.000000 2.765292e-09
5895.000000 2.726884e-09
5900.000000 2.787910e-09
5905.000000 2.874739e-09
5910.000000 2.908145e-09
5915.000000 2.911966e-09
5920.000000 2.920968e-09
5925.000000 2.901419e-09
5930.000000 2.899761e-09
5935.000000 2.885357e-09
5940.000000 2.877262e-09
5945.000000 2.855916e-09
5950.000000 2.833080e-09
5955.000000 2.814865e-09
5960.000000 2.801032e-09
5965.000000 2.773556e-09
5970.000000 2.768074e-09
5975.000000 2.770176e-09
5980.000000 2.747948e-09
5985.000000 2.775635e-09
5990.000000 2.767060e-09
5995.000000 2.745910e-09
6000.000000 2.731827e-09
6005.000000 2.729566e-09
6010.000000 2.728087e-09
6015.000000 2.728712e-09
6020.000000 2.734370e-09
6025.000000 2.739878e-09
6030.000000 2.736016e-09
6035.000000 2.717821e-09
6040.000000 2.688394e-09
6045.000000 2.680645e-09
6050.000000 2.680739e-09
6055.000000 2.675509e-09
6060.000000 2.664526e-09
6065.000000 2.653478e-09
6070.000000 2.649015e-09
6075.000000 2.639512e-09
6080.000000 2.637051e-09
6085.000000 2.635900e-09
6090.000000 2.626839e-09
6095.000000 2.616602e-09
6100.000000 2.613807e-09
6105.000000 2.613173e-09
6110.000000 2.609795e-09
6115.000000 2.602728e-09
6120.000000 2.590095e-09
6125.000000 2.578543e-09
6130.000000 2.574414e-09
6135.000000 2.563834e-09
6140.000000 2.556727e-09
6145.000000 2.536842e-09
6150.000000 2.528542e-09
6155.000000 2.517486e-09
6160.000000 2.516416e-09
6165.000000 2.515062e-09
6170.000000 2.502864e-09
6175.000000 2.501743e-09
6180.000000 2.506970e-09
6185.000000 2.500313e-09
6190.000000 2.499714e-09
6195.000000 2.496021e-09
6200.000000 2.494075e-09
6205.000000 2.488047e-09
6210.000000 2.485166e-09
6215.000000 2.477212e-09
6220.000000 2.473517e-09
6225.000000 2.467877e-09
6230.000000 2.456753e-09
6235.000000 2.449433e-09
6240.000000 2.442735e-09
6245.000000 2.438605e-09
6250.000000 2.447222e-09
6255.000000 2.449516e-09
6260.000000 2.432161e-09
6265.000000 2.397913e-09
6270.000000 2.385447e-09
6275.000000 2.348944e-09
6280.000000 2.297604e-09
6285.000000 2.320911e-09
6290.000000 2.357442e-09
6295.000000 2.367410e-09
6300.000000 2.373503e-09
6305.000000 2.365071e-09
6310.000000 2.359354e-09
6315.000000 2.349373e-09
6320.000000 2.350497e-09
6325.000000 2.353712e-09
6330.000000 2.349244e-09
6335.000000 2.344069e-09
6340.000000 2.326056e-09
6345.000000 2.286901e-09
6350.000000 2.280526e-09
6355.000000 2.298873e-09
6360.000000 2.295760e-09
6365.000000 2.273991e-09
6370.000000 2.250628e-09
6375.000000 2.249696e-09
6380.000000 2.252522e-09
6385.000000 2.250000e-09
6390.000000 2.252112e-09
6395.000000 2.251372e-09
6400.000000 2.246826e-09
6405.000000 2.242212e-09
6410.000000 2.230999e-09
6415.000000 2.211897e-09
6420.000000 2.209513e-09
6425.000000 2.212073e-09
6430.000000 2.205141e-09
6435.000000 2.201029e-09
6440.000000 2.191632e-09
6445.000000 2.172900e-09
6450.000000 2.154777e-09
6455.000000 2.138154e-09
6460.000000 2.136710e-09
6465.000000 2.129334e-09
6470.000000 2.120075e-09
6475.000000 2.106566e-09
6480.000000 2.096393e-09
6485.000000 2.087269e-09
6490.000000 2.079990e-09
6495.000000 2.094950e-09
6500.000000 2.117819e-09
6505.000000 2.122692e-09
6510.000000 2.119349e-09
6515.000000 2.103204e-09
6520.000000 2.096121e-09
6525.000000 2.076028e-09
6530.000000 2.049638e-09
6535.000000 2.019080e-09
6540.000000 1.976893e-09
6545.000000 1.903409e-09
6550.000000 1.789639e-09
6555.000000 1.616875e-09
6560.000000 1.424263e-09
6565.000000 1.427333e-09
6570.000000 1.632610e-09
6575.000000 1.805516e-09
6580.000000 1.902845e-09
6585.000000 1.949865e-09
6590.000000 1.974974e-09
6595.000000 1.995716e-09
6600.000000 2.012894e-09
6605.000000 2.019378e-09
6610.000000 2.017794e-09
6615.000000 2.017270e-09
6620.000000 2.009184e-09
6625.000000 1.996329e-09
6630.000000 1.973739e-09
6635.000000 1.958552e-09
6640.000000 1.952319e-09
6645.000000 1.941739e-09
6650.000000 1.940508e-09
6655.000000 1.939046e-09
6660.000000 1.936381e-09
6665.000000 1.934534e-09
6670.000000 1.928913e-09
6675.000000 1.920069e-09
6680.000000 1.919888e-09
6685.000000 1.930412e-09
6690.000000 1.934450e-09
6695.000000 1.930873e-09
6700.000000 1.927736e-09
6705.000000 1.925071e-09
6710.000000 1.920504e-09
6715.000000 1.912368e-09
6720.000000 1.908165e-09
6725.000000 1.903154e-09
6730.000000 1.896259e-09
6735.000000 1.896617e-09
6740.000000 1.893926e-09
6745.000000 1.890018e-09
6750.000000 1.882346e-09
6755.000000 1.874090e-09
6760.000000 1.875667e-09
6765.000000 1.880748e-09
6770.000000 1.873414e-09
6775.000000 1.866154e-09
6780.000000 1.859961e-09
6785.000000 1.854014e-09
6790.000000 1.850570e-09
6795.000000 1.854611e-09
6800.000000 1.851731e-09
6805.000000 1.842093e-09
6810.000000 1.843200e-09
6815.000000 1.839276e-09
6820.000000 1.827492e-09
6825.000000 1.816985e-09
6830.000000 1.813890e-09
6835.000000 1.813685e-09
6840.000000 1.816577e-09
6845.000000 1.813540e-09
6850.000000 1.809380e-09
6855.000000 1.805161e-09
6860.000000 1.801129e-09
6865.000000 1.796930e-09
6870.000000 1.792544e-09
6875.000000 1.788396e-09
6880.000000 1.784456e-09
6885.000000 1.780355e-09
6890.000000 1.776028e-09
6895.000000 1.771974e-09
6900.000000 1.768091e-09
6905.000000 1.764189e-09
6910.000000 1.760249e-09
6915.000000 1.756257e-09
6920.000000 1.752296e-09
6925.000000 1.748614e-09
6930.000000 1.745004e-09
6935.000000 1.741332e-09
6940.000000 1.737667e-09
6945.000000 1.734000e-09
6950.000000 1.730159e-09
6955.000000 1.726285e-09
6960.000000 1.722381e-09
6965.000000 1.718589e-09
6970.000000 1.715396e-09
6975.000000 1.714661e-09
6980.000000 1.704239e-09
6985.000000 1.692345e-09
6990.000000 1.681754e-09
6995.000000 1.683854e-09
7000.000000 1.682465e-09
7005.000000 1.678712e-09
7010.000000 1.688032e-09
7015.000000 1.687507e-09
7020.000000 1.679579e-09
7025.000000 1.670374e-09
7030.000000 1.667563e-09
7035.000000 1.662741e-09
7040.000000 1.659938e-09
7045.000000 1.657272e-09
7050.000000 1.655734e-09
7055.000000 1.649903e-09
7060.000000 1.639181e-09
7065.000000 1.629104e-09
7070.000000 1.626022e-09
7075.000000 1.627343e-09
7080.000000 1.629978e-09
7085.000000 1.629213e-09
7090.000000 1.628112e-09
7095.000000 1.627010e-09
7100.000000 1.624872e-09
7105.000000 1.620043e-09
7110.000000 1.616932e-09
7115.000000 1.616695e-09
7120.000000 1.618246e-09
7125.000000 1.619552e-09
7130.000000 1.612894e-09
7135.000000 1.609271e-09
7140.000000 1.605827e-09
7145.000000 1.603913e-09
7150.000000 1.605467e-09
7155.000000 1.607643e-09
7160.000000 1.603043e-09
7165.000000 1.581331e-09
7170.000000 1.550918e-09
7175.000000 1.525275e-09
7180.000000 1.510932e-09
7185.000000 1.488236e-09
7190.000000 1.494599e-09
7195.000000 1.511433e-09
7200.000000 1.515286e-09
7205.000000 1.530185e-09
7210.000000 1.566328e-09
7215.000000 1.583905e-09
7220.000000 1.583697e-09
7225.000000 1.568911e-09
7230.000000 1.540213e-09
7235.000000 1.514248e-09
7240.000000 1.507207e-09
7245.000000 1.512067e-09
7250.000000 1.509908e-09
7255.000000 1.506092e-09
7260.000000 1.511156e-09
7265.000000 1.500541e-09
7270.000000 1.489843e-09
7275.000000 1.471124e-09
7280.000000 1.481598e-09
7285.000000 1.486615e-09
7290.000000 1.470872e-09
7295.000000 1.476159e-09
7300.000000 1.475823e-09
7305.000000 1.467521e-09
7310.000000 1.466036e-09
7315.000000 1.464621e-09
7320.000000 1.463586e-09
7325.000000 1.473338e-09
7330.000000 1.468369e-09
7335.000000 1.465288e-09
7340.000000 1.470172e-09
7345.000000 1.461238e-09
7350.000000 1.451983e-09
7355.000000 1.449028e-09
7360.000000 1.445688e-09
7365.000000 1.440822e-09
7370.000000 1.429455e-09
7375.000000 1.430568e-09
7380.000000 1.428223e-09
7385.000000 1.419288e-09
7390.000000 1.418855e-09
7395.000000 1.424539e-09
7400.000000 1.422122e-09
7405.000000 1.415901e-09
7410.000000 1.412535e-09
7415.000000 1.405825e-09
7420.000000 1.401383e-09
7425.000000 1.400867e-09
7430.000000 1.402181e-09
7435.000000 1.398078e-09
7440.000000 1.395100e-09
7445.000000 1.390155e-09
7450.000000 1.389084e-09
7455.000000 1.387004e-09
7460.000000 1.380450e-09
7465.000000 1.377341e-09
7470.000000 1.375722e-09
7475.000000 1.372994e-09
7480.000000 1.370687e-09
7485.000000 1.365052e-09
7490.000000 1.364857e-09
7495.000000 1.359699e-09
7500.000000 1.356446e-09
7505.000000 1.353392e-09
7510.000000 1.348375e-09
7515.000000 1.345132e-09
7520.000000 1.342638e-09
7525.000000 1.341880e-09
7530.000000 1.341450e-09
7535.000000 1.339936e-09
7540.000000 1.335942e-09
7545.000000 1.332856e-09
7550.000000 1.328845e-09
7555.000000 1.326454e-09
7560.000000 1.324000e-09
7565.000000 1.321484e-09
7570.000000 1.318924e-09
7575.000000 1.316223e-09
7580.000000 1.313480e-09
7585.000000 1.310706e-09
7590.000000 1.307986e-09
7595.000000 1.305325e-09
7600.000000 1.302679e-09
7605.000000 1.299967e-09
7610.000000 1.297213e-09
7615.000000 1.294399e-09
7620.000000 1.291575e-09
7625.000000 1.288743e-09
7630.000000 1.285901e-09
7635.000000 1.283046e-09
7640.000000 1.280181e-09
7645.000000 1.277311e-09
7650.000000 1.274430e-09
7655.000000 1.271549e-09
7660.000000 1.268673e-09
7665.000000 1.265811e-09
7670.000000 1.262991e-09
7675.000000 1.260241e-09
7680.000000 1.257572e-09
7685.000000 1.254869e-09
7690.000000 1.252175e-09
7695.000000 1.249561e-09
7700.000000 1.247006e-09
7705.000000 1.244817e-09
7710.000000 1.243605e-09
7715.000000 1.242973e-09
7720.000000 1.241497e-09
7725.000000 1.239196e-09
7730.000000 1.236226e-09
7735.000000 1.232947e-09
7740.000000 1.229104e-09
7745.000000 1.228521e-09
7750.000000 1.226544e-09
7755.000000 1.222554e-09
7760.000000 1.219667e-09
7765.000000 1.207334e-09
7770.000000 1.179691e-09
7775.000000 1.167195e-09
7780.000000 1.187311e-09
7785.000000 1.201987e-09
7790.000000 1.201117e-09
7795.000000 1.200488e-09
7800.000000 1.201162e-09
7805.000000 1.197636e-09
7810.000000 1.194468e-09
7815.000000 1.192213e-09
7820.000000 1.191862e-09
7825.000000 1.188542e-09
7830.000000 1.184897e-09
7835.000000 1.179777e-09
7840.000000 1.178612e-09
7845.000000 1.170743e-09
7850.000000 1.166090e-09
7855.000000 1.165378e-09
7860.000000 1.167510e-09
7865.000000 1.165800e-09
7870.000000 1.159293e-09
7875.000000 1.153361e-09
7880.000000 1.152133e-09
7885.000000 1.154756e-09
7890.000000 1.148399e-09
7895.000000 1.139027e-09
7900.000000 1.138176e-09
7905.000000 1.141634e-09
7910.000000 1.143810e-09
7915.000000 1.141466e-09
7920.000000 1.134921e-09
7925.000000 1.135842e-09
7930.000000 1.135661e-09
7935.000000 1.135553e-09
7940.000000 1.131793e-09
7945.000000 1.123943e-09
7950.000000 1.120977e-09
7955.000000 1.120460e-09
7960.000000 1.116232e-09
7965.000000 1.112421e-09
7970.000000 1.110716e-09
7975.000000 1.110074e-09
7980.000000 1.110183e-09
7985.000000 1.108148e-09
7990.000000 1.104798e-09
7995.000000 1.101823e-09
8000.000000 1.099090e-09
8005.000000 1.098333e-09
8010.000000 1.091809e-09
8015.000000 1.089516e-09
8020.000000 1.085856e-09
8025.000000 1.086608e-09
8030.000000 1.084900e-09
8035.000000 1.083673e-09
8040.000000 1.081360e-09
8045.000000 1.080779e-09
8050.000000 1.081087e-09
8055.000000 1.080064e-09
8060.000000 1.077087e-09
8065.000000 1.073918e-09
8070.000000 1.074257e-09
8075.000000 1.071726e-09
8080.000000 1.068030e-09
8085.000000 1.068588e-09
8090.000000 1.068733e-09
8095.000000 1.067410e-09
8100.000000 1.067801e-09
8105.000000 1.067583e-09
8110.000000 1.063852e-09
8115.000000 1.060786e-09
8120.000000 1.062239e-09
8125.000000 1.057716e-09
8130.000000 1.051701e-09
8135.000000 1.042991e-09
8140.000000 1.038446e-09
8145.000000 1.030854e-09
8150.000000 1.022936e-09
8155.000000 1.015291e-09
8160.000000 1.003288e-09
8165.000000 9.958651e-10
8170.000000 1.011382e-09
8175.000000 1.013803e-09
8180.000000 1.009480e-09
8185.000000 1.013954e-09
8190.000000 1.012259e-09
8195.000000 1.011786e-09
8200.000000 1.018283e-09
8205.000000 1.035313e-09
8210.000000 1.031155e-09
8215.000000 1.020813e-09
8220.000000 1.006303e-09
8225.000000 9.696974e-10
8230.000000 9.479822e-10
8235.000000 9.802007e-10
8240.000000 1.003204e-09
8245.000000 1.008092e-09
8250.000000 1.013131e-09
8255.000000 9.993910e-10
8260.000000 9.993603e-10
8265.000000 1.004211e-09
8270.000000 9.927812e-10
8275.000000 9.778831e-10
8280.000000 9.765213e-10
8285.000000 9.767056e-10
8290.000000 9.690209e-10
8295.000000 9.686030e-10
8300.000000 9.685300e-10
8305.000000 9.665988e-10
8310.000000 9.689153e-10
8315.000000 9.640017e-10
8320.000000 9.554466e-10
8325.000000 9.604283e-10
8330.000000 9.646965e-10
8335.000000 9.616747e-10
8340.000000 9.584197e-10
8345.000000 9.602803e-10
8350.000000 9.590480e-10
8355.000000 9.529820e-10
8360.000000 9.451042e-10
8365.000000 9.462531e-10
8370.000000 9.437878e-10
8375.000000 9.421506e-10
8380.000000 9.405041e-10
8385.000000 9.354585e-10
8390.000000 9.327212e-10
8395.000000 9.306844e-10
8400.000000 9.337451e-10
8405.000000 9.307781e-10
8410.000000 9.225053e-10
8415.000000 9.181663e-10
8420.000000 9.221661e-10
8425.000000 9.219662e-10
8430.000000 9.131372e-10
8435.000000 9.051934e-10
8440.000000 8.982193e-10
8445.000000 8.969096e-10
8450.000000 9.081748e-10
8455.000000 9.144241e-10
8460.000000 9.068473e-10
8465.000000 8.922117e-10
8470.000000 8.929016e-10
8475.000000 9.036755e-10
8480.000000 9.177769e-10
8485.000000 9.235604e-10
8490.000000 9.121431e-10
8495.000000 8.886616e-10
8500.000000 8.654809e-10
8505.000000 8.674656e-10
8510.000000 8.903506e-10
8515.000000 9.083152e-10
8520.000000 9.218346e-10
8525.000000 9.212303e-10
8530.000000 9.125233e-10
8535.000000 8.892585e-10
8540.000000 8.548154e-10
8545.000000 8.380395e-10
8550.000000 8.611856e-10
8555.000000 8.973296e-10
8560.000000 9.232897e-10
8565.000000 9.385577e-10
8570.000000 9.443888e-10
8575.000000 9.371621e-10
8580.000000 9.211107e-10
8585.000000 8.930622e-10
8590.000000 8.568801e-10
8595.000000 8.240204e-10
8600.000000 8.163974e-10
8605.000000 8.473761e-10
8610.000000 8.945924e-10
8615.000000 9.331147e-10
8620.000000 9.526233e-10
8625.000000 9.631768e-10
8630.000000 9.657931e-10
8635.000000 9.684162e-10
8640.000000 9.607377e-10
8645.000000 9.421312e-10
8650.000000 9.072541e-10
8655.000000 8.594291e-10
8660.000000 8.049311e-10
8665.000000 7.732807e-10
8670.000000 7.955539e-10
8675.000000 8.383185e-10
8680.000000 8.839178e-10
8685.000000 9.237267e-10
8690.000000 9.504102e-10
8695.000000 9.692923e-10
8700.000000 9.843925e-10
8705.000000 9.907317e-10
8710.000000 9.929914e-10
8715.000000 9.847693e-10
8720.000000 9.694925e-10
8725.000000 9.496345e-10
8730.000000 9.217554e-10
8735.000000 8.810002e-10
8740.000000 8.304856e-10
8745.000000 7.731924e-10
8750.000000 7.399571e-10
8755.000000 7.609264e-10
8760.000000 8.106271e-10
8765.000000 8.542498e-10
8770.000000 8.849092e-10
8775.000000 9.094431e-10
8780.000000 9.184760e-10
8785.000000 9.251107e-10
8790.000000 9.309373e-10
8795.000000 9.352181e-10
8800.000000 9.416958e-10
8805.000000 9.392689e-10
8810.000000 9.307143e-10
8815.000000 9.251766e-10
8820.000000 9.189417e-10
8825.000000 9.053240e-10
8830.000000 8.908177e-10
8835.000000 8.776003e-10
8840.000000 8.608785e-10
8845.000000 8.339517e-10
8850.000000 7.907287e-10
8855.000000 7.364518e-10
8860.000000 6.883307e-10
8865.000000 6.847417e-10
8870.000000 7.300335e-10
8875.000000 7.847940e-10
8880.000000 8.236104e-10
8885.000000 8.543304e-10
8890.000000 8.757083e-10
8895.000000 8.897129e-10
8900.000000 9.001367e-10
8905.000000 9.113238e-10
8910.000000 9.109231e-10
8915.000000 9.105233e-10
8920.000000 9.043696e-10
8925.000000 8.974255e-10
8930.000000 8.905029e-10
8935.000000 8.819163e-10
8940.000000 8.831542e-10
8945.000000 8.824710e-10
8950.000000 8.788176e-10
8955.000000 8.775298e-10
8960.000000 8.738001e-10
8965.000000 8.677412e-10
8970.000000 8.639081e-10
8975.000000 8.602475e-10
8980.000000 8.449877e-10
8985.000000 8.108257e-10
8990.000000 7.833738e-10
8995.000000 7.792981e-10
9000.000000 7.511952e-10
9005.000000 6.998581e-10
9010.000000 6.544145e-10
9015.000000 6.295302e-10
9020.000000 6.626065e-10
9025.000000 7.183020e-10
9030.000000 7.793194e-10
9035.000000 8.265708e-10
9040.000000 8.505617e-10
9045.000000 8.617669e-10
9050.000000 8.707652e-10
9055.000000 8.677610e-10
9060.000000 8.550308e-10
9065.000000 8.512675e-10
9070.000000 8.351174e-10
9075.000000 8.223836e-10
9080.000000 8.225873e-10
9085.000000 8.227303e-10
9090.000000 8.227036e-10
9095.000000 8.222937e-10
9100.000000 8.226735e-10
9105.000000 8.290978e-10
9110.000000 8.355217e-10
9115.000000 8.327097e-10
9120.000000 8.315093e-10
9125.000000 8.316162e-10
9130.000000 8.150198e-10
9135.000000 8.134929e-10
9140.000000 8.335075e-10
9145.000000 8.296961e-10
9150.000000 8.148514e-10
9155.000000 8.004939e-10
9160.000000 8.128043e-10
9165.000000 8.218799e-10
9170.000000 8.181641e-10
9175.000000 8.062178e-10
9180.000000 8.128915e-10
9185.000000 8.181836e-10
9190.000000 8.185777e-10
9195.000000 8.119920e-10
9200.000000 8.018446e-10
9205.000000 7.843137e-10
9210.000000 7.555302e-10
9215.000000 7.133067e-10
9220.000000 6.704599e-10
9225.000000 6.242445e-10
9230.000000 6.008255e-10
9235.000000 6.354448e-10
9240.000000 6.893564e-10
9245.000000 7.242815e-10
9250.000000 7.516585e-10
9255.000000 7.746525e-10
9260.000000 7.926677e-10
9265.000000 8.021955e-10
9270.000000 8.159888e-10
9275.000000 8.213978e-10
9280.000000 8.189558e-10
9285.000000 8.206336e-10
9290.000000 8.135809e-10
9295.000000 7.996467e-10
9300.000000 7.751152e-10
9305.000000 7.721453e-10
9310.000000 7.550498e-10
9315.000000 7.311404e-10
9320.000000 7.216790e-10
9325.000000 7.371434e-10
9330.000000 7.621632e-10
9335.000000 7.659438e-10
9340.000000 7.576700e-10
9345.000000 7.578320e-10
9350.000000 7.694422e-10
9355.000000 7.373288e-10
9360.000000 7.401571e-10
9365.000000 7.444392e-10
9370.000000 7.420685e-10
9375.000000 7.681004e-10
9380.000000 7.864229e-10
9385.000000 8.147500e-10
9390.000000 8.369012e-10
9395.000000 8.516776e-10
9400.000000 8.376214e-10
9405.000000 8.142650e-10
9410.000000 7.868891e-10
9415.000000 7.715457e-10
9420.000000 7.552622e-10
9425.000000 7.331082e-10
9430.000000 7.211469e-10
9435.000000 7.297845e-10
9440.000000 7.108291e-10
9445.000000 7.361939e-10
9450.000000 7.495054e-10
9455.000000 7.264513e-10
9460.000000 7.193335e-10
9465.000000 7.388585e-10
9470.000000 7.445866e-10
9475.000000 7.347916e-10
9480.000000 7.215557e-10
9485.000000 7.332759e-10
9490.000000 7.331559e-10
9495.000000 6.953857e-10
9500.000000 6.807892e-10
9505.000000 6.998807e-10
9510.000000 6.997528e-10
9515.000000 6.657548e-10
9520.000000 6.361352e-10
9525.000000 6.314326e-10
9530.000000 6.263055e-10
9535.000000 6.069951e-10
9540.000000 5.908484e-10
9545.000000 5.671155e-10
9550.000000 5.871665e-10
9555.000000 6.069730e-10
9560.000000 6.345420e-10
9565.000000 6.542871e-10
9570.000000 6.819048e-10
9575.000000 6.983364e-10
9580.000000 6.912600e-10
9585.000000 6.923361e-10
9590.000000 6.947426e-10
9595.000000 7.018564e-10
9600.000000 7.065846e-10
9605.000000 7.062218e-10
9610.000000 7.132093e-10
9615.000000 7.034834e-10
9620.000000 6.950838e-10
9625.000000 6.972268e-10
9630.000000 6.919714e-10
9635.000000 6.882133e-10
9640.000000 6.926971e-10
9645.000000 6.946905e-10
9650.000000 6.983512e-10
9655.000000 7.013477e-10
9660.000000 6.985776e-10
9665.000000 6.950395e-10
9670.000000 6.981007e-10
9675.000000 6.990202e-10
9680.000000 6.909751e-10
9685.000000 6.911029e-10
9690.000000 6.968069e-10
9695.000000 6.891394e-10
9700.000000 6.839296e-10
9705.000000 6.812688e-10
9710.000000 6.772142e-10
9715.000000 6.665163e-10
9720.000000 6.571496e-10
9725.000000 6.647544e-10
9730.000000 6.776852e-10
9735.000000 6.779428e-10
9740.000000 6.819246e-10
9745.000000 6.860594e-10
9750.000000 6.792675e-10
9755.000000 6.710839e-10
9760.000000 6.775222e-10
9765.000000 6.701555e-10
9770.000000 6.712906e-10
9775.000000 6.763610e-10
9780.000000 6.748405e-10
9785.000000 6.649623e-10
9790.000000 6.646086e-10
9795.000000 6.696732e-10
9800.000000 6.787942e-10
9805.000000 6.689059e-10
9810.000000 6.672674e-10
9815.000000 6.706906e-10
9820.000000 6.691065e-10
9825.000000 6.658851e-10
9830.000000 6.624017e-10
9835.000000 6.575790e-10
9840.000000 6.642022e-10
9845.000000 6.611611e-10
9850.000000 6.529569e-10
9855.000000 6.396402e-10
9860.000000 6.247883e-10
9865.000000 6.383874e-10
9870.000000 6.315581e-10
9875.000000 6.248821e-10
9880.000000 6.287674e-10
9885.000000 6.374548e-10
9890.000000 6.418769e-10
9895.000000 6.394789e-10
9900.000000 6.384003e-10
9905.000000 6.390117e-10
9910.000000 6.420796e-10
9915.000000 6.366450e-10
9920.000000 6.321462e-10
9925.000000 6.312691e-10
9930.000000 6.357876e-10
9935.000000 6.454833e-10
9940.000000 6.425430e-10
9945.000000 6.312503e-10
9950.000000 6.313177e-10
9955.000000 6.336940e-10
9960.000000 6.267544e-10
9965.000000 6.170807e-10
9970.000000 6.256511e-10
9975.000000 6.289391e-10
9980.000000 6.270708e-10
9985.000000 6.216372e-10
9990.000000 6.199842e-10
9995.000000 6.182134e-10
10000.000000 6.116293e-10
10005.000000 6.029695e-10
10010.000000 5.907931e-10
10015.000000 5.854338e-10
10020.000000 5.749931e-10
10025.000000 5.450329e-10
10030.000000 5.356361e-10
10035.000000 5.033280e-10
10040.000000 4.973442e-10
10045.000000 4.928847e-10
10050.000000 5.031930e-10
10055.000000 5.195726e-10
10060.000000 5.541713e-10
10065.000000 5.677436e-10
10070.000000 5.961719e-10
10075.000000 5.784245e-10
10080.000000 5.728871e-10
10085.000000 5.664491e-10
10090.000000 5.917764e-10
10095.000000 5.905769e-10
10100.000000 6.333690e-10
10105.000000 6.420471e-10
10110.000000 6.379617e-10
10115.000000 6.307851e-10
10120.000000 6.242693e-10
10125.000000 6.209738e-10
10130.000000 6.203490e-10
10135.000000 6.206594e-10
10140.000000 6.201123e-10
10145.000000 6.175615e-10
10150.000000 6.135572e-10
10155.000000 6.093025e-10
10160.000000 6.060190e-10
10165.000000 6.044519e-10
10170.000000 6.041279e-10
10175.000000 6.041073e-10
10180.000000 6.034382e-10
10185.000000 6.014937e-10
10190.000000 5.985283e-10
10195.000000 5.951233e-10
10200.000000 5.918895e-10
10205.000000 5.893627e-10
10210.000000 5.878794e-10
10215.000000 5.877039e-10
10220.000000 5.890508e-10
10225.000000 5.918304e-10
10230.000000 5.951313e-10
10235.000000 5.977221e-10
10240.000000 5.983974e-10
10245.000000 5.964807e-10
10250.000000 5.926543e-10
10255.000000 5.881362e-10
10260.000000 5.841588e-10
10265.000000 5.816273e-10
10270.000000 5.805950e-10
10275.000000 5.807805e-10
10280.000000 5.818577e-10
10285.000000 5.833933e-10
10290.000000 5.846460e-10
10295.000000 5.847641e-10
10300.000000 5.829344e-10
10305.000000 5.788124e-10
10310.000000 5.732944e-10
10315.000000 5.677476e-10
10320.000000 5.635554e-10
10325.000000 5.617720e-10
10330.000000 5.625893e-10
10335.000000 5.658714e-10
10340.000000 5.714278e-10
10345.000000 5.788811e-10
10350.000000 5.873678e-10
10355.000000 5.958364e-10
10360.000000 6.032118e-10
10365.000000 6.083525e-10
10370.000000 6.099539e-10
10375.000000 6.066476e-10
10380.000000 5.971867e-10
10385.000000 5.815719e-10
10390.000000 5.630650e-10
10395.000000 5.461850e-10
10400.000000 5.353836e-10
10405.000000 5.333443e-10
10410.000000 5.381058e-10
10415.000000 5.459291e-10
10420.000000 5.530028e-10
10425.000000 5.566630e-10
10430.000000 5.571985e-10
10435.000000 5.560455e-10
10440.000000 5.546911e-10
10445.000000 5.540257e-10
10450.000000 5.533924e-10
10455.000000 5.515485e-10
10460.000000 5.472716e-10
10465.000000 5.402168e-10
10470.000000 5.323135e-10
10475.000000 5.263610e-10
10480.000000 5.251082e-10
10485.000000 5.298502e-10
10490.000000 5.381219e-10
10495.000000 5.460145e-10
10500.000000 5.496483e-10
10505.000000 5.468868e-10
10510.000000 5.401323e-10
10515.000000 5.335217e-10
10520.000000 5.311979e-10
10525.000000 5.355432e-10
10530.000000 5.443569e-10
10535.000000 5.536745e-10
10540.000000 5.595003e-10
10545.000000 5.592265e-10
10550.000000 5.538666e-10
10555.000000 5.458231e-10
10560.000000 5.375926e-10
10565.000000 5.311990e-10
10570.000000 5.274566e-10
10575.000000 5.266971e-10
10580.000000 5.291637e-10
10585.000000 5.345494e-10
10590.000000 5.411477e-10
10595.000000 5.467075e-10
10600.000000 5.490006e-10
10605.000000 5.465750e-10
10610.000000 5.399890e-10
10615.000000 5.305786e-10
10620.000000 3.911619e-10
