1150.000000 0.000000e+00
1155.000000 0.000000e+00
1160.000000 0.000000e+00
1165.000000 0.000000e+00
1170.000000 0.000000e+00
1175.000000 0.000000e+00
1180.000000 0.000000e+00
1185.000000 0.000000e+00
1190.000000 0.000000e+00
1195.000000 0.000000e+00
1200.000000 0.000000e+00
1205.000000 0.000000e+00
1210.000000 0.000000e+00
1215.000000 0.000000e+00
1220.000000 0.000000e+00
1225.000000 0.000000e+00
1230.000000 0.000000e+00
1235.000000 0.000000e+00
1240.000000 0.000000e+00
1245.000000 0.000000e+00
1250.000000 0.000000e+00
1255.000000 0.000000e+00
1260.000000 0.000000e+00
1265.000000 0.000000e+00
1270.000000 0.000000e+00
1275.000000 0.000000e+00
1280.000000 0.000000e+00
1285.000000 0.000000e+00
1290.000000 0.000000e+00
1295.000000 0.000000e+00
1300.000000 0.000000e+00
1305.000000 0.000000e+00
1310.000000 0.000000e+00
1315.000000 0.000000e+00
1320.000000 0.000000e+00
1325.000000 0.000000e+00
1330.000000 0.000000e+00
1335.000000 0.000000e+00
1340.000000 0.000000e+00
1345.000000 0.000000e+00
1350.000000 0.000000e+00
1355.000000 4.468786e-16
1360.000000 3.118288e-15
1365.000000 4.008749e-15
1370.000000 6.680161e-15
1375.000000 7.123774e-15
1380.000000 7.123771e-15
1385.000000 7.123773e-15
1390.000000 6.676931e-15
1395.000000 3.558694e-15
1400.000000 4.436454e-16
1405.000000 0.000000e+00
1410.000000 0.000000e+00
1415.000000 0.000000e+00
1420.000000 0.000000e+00
1425.000000 0.000000e+00
1430.000000 0.000000e+00
1435.000000 0.000000e+00
1440.000000 0.000000e+00
1445.000000 0.000000e+00
1450.000000 2.233858e-15
1455.000000 1.871825e-14
1460.000000 4.231720e-14
1465.000000 6.413216e-14
1470.000000 8.460994e-14
1475.000000 9.885135e-14
1480.000000 1.055223e-13
1485.000000 1.015047e-13
1490.000000 8.368333e-14
1495.000000 5.072110e-14
1500.000000 6.656277e-15
1505.000000 0.000000e+00
1510.000000 0.000000e+00
1515.000000 0.000000e+00
1520.000000 0.000000e+00
1525.000000 0.000000e+00
1530.000000 0.000000e+00
1535.000000 0.000000e+00
1540.000000 0.000000e+00
1545.000000 0.000000e+00
1550.000000 3.484042e-14
1555.000000 2.892169e-13
1560.000000 6.561618e-13
1565.000000 1.113047e-12
1570.000000 1.665660e-12
1575.000000 2.318008e-12
1580.000000 3.073655e-12
1585.000000 3.936608e-12
1590.000000 4.912653e-12
1595.000000 6.004018e-12
1600.000000 7.218264e-12
1605.000000 8.553621e-12
1610.000000 1.000695e-11
1615.000000 1.157604e-11
1620.000000 1.325021e-11
1625.000000 1.502677e-11
1630.000000 1.689906e-11
1635.000000 1.885814e-11
1640.000000 2.090140e-11
1645.000000 2.302034e-11
1650.000000 2.521272e-11
1655.000000 2.749953e-11
1660.000000 2.996008e-11
1665.000000 3.269810e-11
1670.000000 3.581817e-11
1675.000000 3.942895e-11
1680.000000 4.363518e-11
1685.000000 4.854354e-11
1690.000000 5.426324e-11
1695.000000 6.089843e-11
1700.000000 6.854736e-11
1705.000000 7.725692e-11
1710.000000 8.692935e-11
1715.000000 9.741042e-11
1720.000000 1.085395e-10
1725.000000 1.201563e-10
1730.000000 1.321011e-10
1735.000000 1.442157e-10
1740.000000 1.563355e-10
1745.000000 1.683045e-10
1750.000000 1.799659e-10
1755.000000 1.911837e-10
1760.000000 2.018810e-10
1765.000000 2.120074e-10
1770.000000 2.215113e-10
1775.000000 2.303450e-10
1780.000000 2.384588e-10
1785.000000 2.458006e-10
1790.000000 2.523223e-10
1795.000000 2.579721e-10
1800.000000 2.627085e-10
1805.000000 2.665448e-10
1810.000000 2.696444e-10
1815.000000 2.722338e-10
1820.000000 2.745451e-10
1825.000000 2.768039e-10
1830.000000 2.792411e-10
1835.000000 2.820907e-10
1840.000000 2.855784e-10
1845.000000 2.899358e-10
1850.000000 2.953831e-10
1855.000000 3.020300e-10
1860.000000 3.097098e-10
1865.000000 3.181443e-10
1870.000000 3.270456e-10
1875.000000 3.361312e-10
1880.000000 3.451106e-10
1885.000000 3.536977e-10
1890.000000 3.616075e-10
1895.000000 3.685491e-10
1900.000000 3.742503e-10
1905.000000 3.785415e-10
1910.000000 3.815289e-10
1915.000000 3.834303e-10
1920.000000 3.844727e-10
1925.000000 3.848788e-10
1930.000000 3.848783e-10
1935.000000 3.846959e-10
1940.000000 3.845574e-10
1945.000000 3.846924e-10
1950.000000 3.853177e-10
1955.000000 3.866011e-10
1960.000000 3.885673e-10
1965.000000 3.911883e-10
1970.000000 3.944257e-10
1975.000000 3.982476e-10
1980.000000 4.026176e-10
1985.000000 4.075031e-10
1990.000000 4.128645e-10
1995.000000 4.186717e-10
2000.000000 4.248827e-10
2005.000000 4.314498e-10
2010.000000 4.382815e-10
2015.000000 4.452710e-10
2020.000000 4.523100e-10
2025.000000 4.592920e-10
2030.000000 4.661068e-10
2035.000000 4.726471e-10
2040.000000 4.788090e-10
2045.000000 4.844806e-10
2050.000000 4.895594e-10
2055.000000 4.940033e-10
2060.000000 4.979108e-10
2065.000000 5.014423e-10
2070.000000 5.047583e-10
2075.000000 5.080265e-10
2080.000000 5.114096e-10
2085.000000 5.150700e-10
2090.000000 5.191732e-10
2095.000000 5.238848e-10
2100.000000 5.293547e-10
2105.000000 5.356619e-10
2110.000000 5.426724e-10
2115.000000 5.501674e-10
2120.000000 5.579261e-10
2125.000000 5.657230e-10
2130.000000 5.733387e-10
2135.000000 5.805449e-10
2140.000000 5.871205e-10
2145.000000 5.928437e-10
2150.000000 5.974969e-10
2155.000000 6.009401e-10
2160.000000 6.032372e-10
2165.000000 6.045263e-10
2170.000000 6.049536e-10
2175.000000 6.046691e-10
2180.000000 6.038151e-10
2185.000000 6.025427e-10
2190.000000 6.009950e-10
2195.000000 5.993216e-10
2200.000000 5.976659e-10
2205.000000 5.961379e-10
2210.000000 5.947810e-10
2215.000000 5.935954e-10
2220.000000 5.925876e-10
2225.000000 5.917589e-10
2230.000000 5.911184e-10
2235.000000 5.906662e-10
2240.000000 5.904041e-10
2245.000000 5.903400e-10
2250.000000 5.904673e-10
2255.000000 5.907423e-10
2260.000000 5.909893e-10
2265.000000 5.909890e-10
2270.000000 5.905117e-10
2275.000000 5.893291e-10
2280.000000 5.872227e-10
2285.000000 5.839594e-10
2290.000000 5.793155e-10
2295.000000 5.730673e-10
2300.000000 5.649961e-10
2305.000000 5.550114e-10
2310.000000 5.433416e-10
2315.000000 5.303359e-10
2320.000000 5.163563e-10
2325.000000 5.017624e-10
2330.000000 4.869125e-10
2335.000000 4.721753e-10
2340.000000 4.579054e-10
2345.000000 4.444661e-10
2350.000000 4.322169e-10
2355.000000 4.214481e-10
2360.000000 4.123053e-10
2365.000000 4.048713e-10
2370.000000 3.992218e-10
2375.000000 3.954322e-10
2380.000000 3.935837e-10
2385.000000 3.937509e-10
2390.000000 3.960128e-10
2395.000000 4.004468e-10
2400.000000 4.071162e-10
2405.000000 4.159913e-10
2410.000000 4.267693e-10
2415.000000 4.390502e-10
2420.000000 4.524239e-10
2425.000000 4.664811e-10
2430.000000 4.808090e-10
2435.000000 4.949974e-10
2440.000000 5.086372e-10
2445.000000 5.213167e-10
2450.000000 5.326359e-10
2455.000000 5.422823e-10
2460.000000 5.501892e-10
2465.000000 5.563793e-10
2470.000000 5.608817e-10
2475.000000 5.637301e-10
2480.000000 5.649550e-10
2485.000000 5.645905e-10
2490.000000 5.626638e-10
2495.000000 5.592083e-10
2500.000000 5.542626e-10
2505.000000 5.479227e-10
2510.000000 5.404267e-10
2515.000000 5.320774e-10
2520.000000 5.231815e-10
2525.000000 5.140437e-10
2530.000000 5.049704e-10
2535.000000 4.962659e-10
2540.000000 4.882393e-10
2545.000000 4.811935e-10
2550.000000 4.754371e-10
2555.000000 4.713077e-10
2560.000000 4.692035e-10
2565.000000 4.695503e-10
2570.000000 4.727834e-10
2575.000000 4.793282e-10
2580.000000 4.896175e-10
2585.000000 5.040779e-10
2590.000000 5.231429e-10
2595.000000 5.472390e-10
2600.000000 5.767566e-10
2605.000000 6.116698e-10
2610.000000 6.508863e-10
2615.000000 6.928920e-10
2620.000000 7.361381e-10
2625.000000 7.790750e-10
2630.000000 8.201545e-10
2635.000000 8.578258e-10
2640.000000 8.905377e-10
2645.000000 9.167382e-10
2650.000000 9.349366e-10
2655.000000 9.442143e-10
2660.000000 9.451294e-10
2665.000000 9.388205e-10
2670.000000 9.264756e-10
2675.000000 9.092826e-10
2680.000000 8.884395e-10
2685.000000 8.651317e-10
2690.000000 8.405521e-10
2695.000000 8.158917e-10
2700.000000 7.923120e-10
2705.000000 7.706871e-10
2710.000000 7.511450e-10
2715.000000 7.335233e-10
2720.000000 7.176351e-10
2725.000000 7.032902e-10
2730.000000 6.902988e-10
2735.000000 6.784734e-10
2740.000000 6.676231e-10
2745.000000 6.575624e-10
2750.000000 6.481092e-10
2755.000000 6.391737e-10
2760.000000 6.309149e-10
2765.000000 6.235807e-10
2770.000000 6.174238e-10
2775.000000 6.127044e-10
2780.000000 6.096746e-10
2785.000000 6.085960e-10
2790.000000 6.097258e-10
2795.000000 6.133142e-10
2800.000000 6.196124e-10
2805.000000 6.287425e-10
2810.000000 6.405190e-10
2815.000000 6.546310e-10
2820.000000 6.707594e-10
2825.000000 6.885906e-10
2830.000000 7.077984e-10
2835.000000 7.280681e-10
2840.000000 7.490771e-10
2845.000000 7.705114e-10
2850.000000 7.920542e-10
2855.000000 8.134793e-10
2860.000000 8.347633e-10
2865.000000 8.559721e-10
2870.000000 8.771746e-10
2875.000000 8.984398e-10
2880.000000 9.198350e-10
2885.000000 9.414355e-10
2890.000000 9.633097e-10
2895.000000 9.855240e-10
2900.000000 1.008144e-09
2905.000000 1.031176e-09
2910.000000 1.054462e-09
2915.000000 1.077792e-09
2920.000000 1.100947e-09
2925.000000 1.123704e-09
2930.000000 1.145849e-09
2935.000000 1.167160e-09
2940.000000 1.187417e-09
2945.000000 1.206399e-09
2950.000000 1.223901e-09
2955.000000 1.239784e-09
2960.000000 1.254122e-09
2965.000000 1.267066e-09
2970.000000 1.278780e-09
2975.000000 1.289420e-09
2980.000000 1.299144e-09
2985.000000 1.308118e-09
2990.000000 1.316491e-09
2995.000000 1.324430e-09
3000.000000 1.332090e-09
3005.000000 1.339598e-09
3010.000000 1.346999e-09
3015.000000 1.354309e-09
3020.000000 1.361541e-09
3025.000000 1.368713e-09
3030.000000 1.375834e-09
3035.000000 1.382924e-09
3040.000000 1.389991e-09
3045.000000 1.397049e-09
3050.000000 1.404119e-09
3055.000000 1.411200e-09
3060.000000 1.418305e-09
3065.000000 1.425436e-09
3070.000000 1.432587e-09
3075.000000 1.439767e-09
3080.000000 1.446977e-09
3085.000000 1.454216e-09
3090.000000 1.461485e-09
3095.000000 1.468787e-09
3100.000000 1.476125e-09
3105.000000 1.483495e-09
3110.000000 1.490874e-09
3115.000000 1.498257e-09
3120.000000 1.505614e-09
3125.000000 1.512922e-09
3130.000000 1.520168e-09
3135.000000 1.527332e-09
3140.000000 1.534387e-09
3145.000000 1.541318e-09
3150.000000 1.548109e-09
3155.000000 1.554757e-09
3160.000000 1.561319e-09
3165.000000 1.567876e-09
3170.000000 1.574503e-09
3175.000000 1.581282e-09
3180.000000 1.588288e-09
3185.000000 1.595610e-09
3190.000000 1.603316e-09
3195.000000 1.611493e-09
3200.000000 1.620210e-09
3205.000000 1.631596e-09
3210.000000 1.656579e-09
3215.000000 1.687065e-09
3220.000000 1.703403e-09
3225.000000 1.630490e-09
3230.000000 1.516223e-09
3235.000000 1.613137e-09
3240.000000 1.738888e-09
3245.000000 1.701716e-09
3250.000000 1.640993e-09
3255.000000 1.716716e-09
3260.000000 1.811750e-09
3265.000000 1.781036e-09
3270.000000 1.690759e-09
3275.000000 1.656053e-09
3280.000000 1.700349e-09
3285.000000 1.796072e-09
3290.000000 1.880974e-09
3295.000000 1.907391e-09
3300.000000 1.896327e-09
3305.000000 1.881403e-09
3310.000000 1.861244e-09
3315.000000 1.827601e-09
3320.000000 1.791100e-09
3325.000000 1.767471e-09
3330.000000 1.765363e-09
3335.000000 1.785811e-09
3340.000000 1.816918e-09
3345.000000 1.839982e-09
3350.000000 1.832372e-09
3355.000000 1.787733e-09
3360.000000 1.744772e-09
3365.000000 1.737850e-09
3370.000000 1.746101e-09
3375.000000 1.743135e-09
3380.000000 1.743619e-09
3385.000000 1.769274e-09
3390.000000 1.816740e-09
3395.000000 1.864642e-09
3400.000000 1.872781e-09
3405.000000 1.822681e-09
3410.000000 1.769757e-09
3415.000000 1.773860e-09
3420.000000 1.830652e-09
3425.000000 1.895508e-09
3430.000000 1.888546e-09
3435.000000 1.779626e-09
3440.000000 1.696760e-09
3445.000000 1.745453e-09
3450.000000 1.818749e-09
3455.000000 1.799115e-09
3460.000000 1.753394e-09
3465.000000 1.766829e-09
3470.000000 1.785962e-09
3475.000000 1.744104e-09
3480.000000 1.682397e-09
3485.000000 1.660478e-09
3490.000000 1.674835e-09
3495.000000 1.700635e-09
3500.000000 1.723534e-09
3505.000000 1.719365e-09
3510.000000 1.617870e-09
3515.000000 1.638986e-09
3520.000000 1.694957e-09
3525.000000 1.660835e-09
3530.000000 1.617712e-09
3535.000000 1.642121e-09
3540.000000 1.751866e-09
3545.000000 1.846236e-09
3550.000000 1.811190e-09
3555.000000 1.801927e-09
3560.000000 1.711348e-09
3565.000000 1.640243e-09
3570.000000 1.620961e-09
3575.000000 1.623022e-09
3580.000000 1.688467e-09
3585.000000 1.708847e-09
3590.000000 1.672662e-09
3595.000000 1.653350e-09
3600.000000 1.749643e-09
3605.000000 1.753893e-09
3610.000000 1.661247e-09
3615.000000 1.610612e-09
3620.000000 1.663945e-09
3625.000000 1.747776e-09
3630.000000 1.730960e-09
3635.000000 1.730158e-09
3640.000000 1.756686e-09
3645.000000 1.785641e-09
3650.000000 1.848456e-09
3655.000000 1.921552e-09
3660.000000 1.929827e-09
3665.000000 1.925829e-09
3670.000000 1.924857e-09
3675.000000 1.974086e-09
3680.000000 1.999837e-09
3685.000000 2.070778e-09
3690.000000 2.231261e-09
3695.000000 2.327476e-09
3700.000000 2.379494e-09
3705.000000 2.380406e-09
3710.000000 2.439872e-09
3715.000000 2.643658e-09
3720.000000 2.714717e-09
3725.000000 2.719748e-09
3730.000000 2.714810e-09
3735.000000 2.711604e-09
3740.000000 2.921965e-09
3745.000000 2.747089e-09
3750.000000 2.650120e-09
3755.000000 3.047667e-09
3760.000000 3.257327e-09
3765.000000 3.087117e-09
3770.000000 2.944468e-09
3775.000000 3.455021e-09
3780.000000 4.081686e-09
3785.000000 4.040581e-09
3790.000000 3.555649e-09
3795.000000 3.125693e-09
3800.000000 3.252946e-09
3805.000000 3.824550e-09
3810.000000 4.306583e-09
3815.000000 4.355223e-09
3820.000000 4.263460e-09
3825.000000 3.734205e-09
3830.000000 3.127269e-09
3835.000000 2.888944e-09
3840.000000 3.410645e-09
3845.000000 4.111835e-09
3850.000000 4.566121e-09
3855.000000 4.796624e-09
3860.000000 4.946223e-09
3865.000000 5.043075e-09
3870.000000 4.967639e-09
3875.000000 4.670818e-09
3880.000000 4.138276e-09
3885.000000 3.434961e-09
3890.000000 3.228330e-09
3895.000000 3.766504e-09
3900.000000 4.306421e-09
3905.000000 4.609601e-09
3910.000000 4.823959e-09
3915.000000 4.841465e-09
3920.000000 4.515013e-09
3925.000000 3.529530e-09
3930.000000 2.419225e-09
3935.000000 2.529236e-09
3940.000000 3.595736e-09
3945.000000 4.264823e-09
3950.000000 4.474358e-09
3955.000000 4.375508e-09
3960.000000 3.708266e-09
3965.000000 2.570975e-09
3970.000000 2.278044e-09
3975.000000 3.313560e-09
3980.000000 4.391111e-09
3985.000000 4.905802e-09
3990.000000 5.091414e-09
3995.000000 5.097155e-09
4000.000000 5.093581e-09
4005.000000 5.164830e-09
4010.000000 5.296565e-09
4015.000000 5.439087e-09
4020.000000 5.435342e-09
4025.000000 5.269624e-09
4030.000000 5.184986e-09
4035.000000 5.305848e-09
4040.000000 5.388314e-09
4045.000000 5.318319e-09
4050.000000 5.257156e-09
4055.000000 5.203185e-09
4060.000000 5.219835e-09
4065.000000 5.182757e-09
4070.000000 5.082507e-09
4075.000000 4.911107e-09
4080.000000 4.913230e-09
4085.000000 5.030018e-09
4090.000000 4.839055e-09
4095.000000 4.090631e-09
4100.000000 3.460588e-09
4105.000000 3.821146e-09
4110.000000 4.558404e-09
4115.000000 4.954100e-09
4120.000000 4.982693e-09
4125.000000 4.868591e-09
4130.000000 4.861579e-09
4135.000000 5.118379e-09
4140.000000 5.337122e-09
4145.000000 5.314523e-09
4150.000000 5.211706e-09
4155.000000 5.150203e-09
4160.000000 5.170375e-09
4165.000000 5.153005e-09
4170.000000 4.919680e-09
4175.000000 4.788223e-09
4180.000000 4.832486e-09
4185.000000 4.971081e-09
4190.000000 5.122216e-09
4195.000000 5.044147e-09
4200.000000 4.899907e-09
4205.000000 4.970696e-09
4210.000000 5.114547e-09
4215.000000 5.096723e-09
4220.000000 5.023768e-09
4225.000000 4.899172e-09
4230.000000 4.872406e-09
4235.000000 4.894011e-09
4240.000000 4.993198e-09
4245.000000 4.940235e-09
4250.000000 4.897213e-09
4255.000000 4.957675e-09
4260.000000 4.999523e-09
4265.000000 5.012382e-09
4270.000000 4.910087e-09
4275.000000 4.934818e-09
4280.000000 5.025934e-09
4285.000000 4.913636e-09
4290.000000 4.682033e-09
4295.000000 4.506592e-09
4300.000000 4.367135e-09
4305.000000 4.478533e-09
4310.000000 4.616072e-09
4315.000000 4.724419e-09
4320.000000 4.814976e-09
4325.000000 4.780496e-09
4330.000000 4.469018e-09
4335.000000 3.760364e-09
4340.000000 3.221947e-09
4345.000000 3.631873e-09
4350.000000 4.304290e-09
4355.000000 4.788625e-09
4360.000000 4.998971e-09
4365.000000 5.021647e-09
4370.000000 4.922225e-09
4375.000000 4.917345e-09
4380.000000 4.902035e-09
4385.000000 4.771235e-09
4390.000000 4.746736e-09
4395.000000 4.690651e-09
4400.000000 4.687613e-09
4405.000000 4.746261e-09
4410.000000 4.796560e-09
4415.000000 4.719161e-09
4420.000000 4.731498e-09
4425.000000 4.807431e-09
4430.000000 4.828354e-09
4435.000000 4.842367e-09
4440.000000 4.820367e-09
4445.000000 4.760122e-09
4450.000000 4.792838e-09
4455.000000 4.737869e-09
4460.000000 4.640185e-09
4465.000000 4.624569e-09
4470.000000 4.686528e-09
4475.000000 4.794230e-09
4480.000000 4.786020e-09
4485.000000 4.786787e-09
4490.000000 4.794993e-09
4495.000000 4.910544e-09
4500.000000 5.011952e-09
4505.000000 5.068059e-09
4510.000000 5.049618e-09
4515.000000 4.919512e-09
4520.000000 4.766356e-09
4525.000000 4.648453e-09
4530.000000 4.599029e-09
4535.000000 4.766284e-09
4540.000000 4.834749e-09
4545.000000 4.681052e-09
4550.000000 4.511342e-09
4555.000000 4.578367e-09
4560.000000 4.730876e-09
4565.000000 4.817512e-09
4570.000000 4.811096e-09
4575.000000 4.732413e-09
4580.000000 4.576139e-09
4585.000000 4.543287e-09
4590.000000 4.621785e-09
4595.000000 4.687752e-09
4600.000000 4.758879e-09
4605.000000 4.842764e-09
4610.000000 4.850904e-09
4615.000000 4.777433e-09
4620.000000 4.766098e-09
4625.000000 4.755174e-09
4630.000000 4.720506e-09
4635.000000 4.749918e-09
4640.000000 4.790561e-09
4645.000000 4.760787e-09
4650.000000 4.748899e-09
4655.000000 4.765473e-09
4660.000000 4.768379e-09
4665.000000 4.667831e-09
4670.000000 4.667527e-09
4675.000000 4.776477e-09
4680.000000 4.885931e-09
4685.000000 4.938558e-09
4690.000000 4.881820e-09
4695.000000 4.804748e-09
4700.000000 4.703788e-09
4705.000000 4.658967e-09
4710.000000 4.643840e-09
4715.000000 4.694492e-09
4720.000000 4.762791e-09
4725.000000 4.731554e-09
4730.000000 4.612226e-09
4735.000000 4.610230e-09
4740.000000 4.680286e-09
4745.000000 4.707897e-09
4750.000000 4.686688e-09
4755.000000 4.587823e-09
4760.000000 4.502316e-09
4765.000000 4.476387e-09
4770.000000 4.586231e-09
4775.000000 4.654442e-09
4780.000000 4.663402e-09
4785.000000 4.604585e-09
4790.000000 4.603657e-09
4795.000000 4.624018e-09
4800.000000 4.609162e-09
4805.000000 4.527821e-09
4810.000000 4.472173e-09
4815.000000 4.487820e-09
4820.000000 4.504840e-09
4825.000000 4.500104e-09
4830.000000 4.479154e-09
4835.000000 4.453216e-09
4840.000000 4.406012e-09
4845.000000 4.257696e-09
4850.000000 3.910162e-09
4855.000000 3.319263e-09
4860.000000 2.942664e-09
4865.000000 3.248526e-09
4870.000000 3.697658e-09
4875.000000 3.979685e-09
4880.000000 4.090701e-09
4885.000000 4.096058e-09
4890.000000 4.152073e-09
4895.000000 4.305362e-09
4900.000000 4.396051e-09
4905.000000 4.402562e-09
4910.000000 4.329272e-09
4915.000000 4.213724e-09
4920.000000 4.107886e-09
4925.000000 4.208735e-09
4930.000000 4.330123e-09
4935.000000 4.342250e-09
4940.000000 4.333478e-09
4945.000000 4.374881e-09
4950.000000 4.392610e-09
4955.000000 4.343534e-09
4960.000000 4.347208e-09
4965.000000 4.415222e-09
4970.000000 4.387000e-09
4975.000000 4.289785e-09
4980.000000 4.160294e-09
4985.000000 4.184388e-09
4990.000000 4.280022e-09
4995.000000 4.275121e-09
5000.000000 4.179670e-09
5005.000000 4.061332e-09
5010.000000 4.006263e-09
5015.000000 3.967247e-09
5020.000000 4.023305e-09
5025.000000 4.152155e-09
5030.000000 4.235518e-09
5035.000000 4.184236e-09
5040.000000 4.061048e-09
5045.000000 4.075050e-09
5050.000000 4.140980e-09
5055.000000 4.215034e-09
5060.000000 4.235233e-09
5065.000000 4.196840e-09
5070.000000 4.142426e-09
5075.000000 4.053228e-09
5080.000000 4.012508e-09
5085.000000 4.101485e-09
5090.000000 4.183379e-09
5095.000000 4.117783e-09
5100.000000 4.066574e-09
5105.000000 4.091083e-09
5110.000000 4.122059e-09
5115.000000 4.151988e-09
5120.000000 4.092434e-09
5125.000000 4.004070e-09
5130.000000 3.929788e-09
5135.000000 3.912680e-09
5140.000000 3.913586e-09
5145.000000 3.907802e-09
5150.000000 3.919814e-09
5155.000000 3.950513e-09
5160.000000 3.928072e-09
5165.000000 3.707041e-09
5170.000000 3.619969e-09
5175.000000 3.831515e-09
5180.000000 3.922500e-09
5185.000000 3.801202e-09
5190.000000 3.707500e-09
5195.000000 3.707994e-09
5200.000000 3.759676e-09
5205.000000 3.797159e-09
5210.000000 3.864157e-09
5215.000000 3.923154e-09
5220.000000 3.929503e-09
5225.000000 3.763708e-09
5230.000000 3.668872e-09
5235.000000 3.729705e-09
5240.000000 3.870037e-09
5245.000000 3.915220e-09
5250.000000 3.906547e-09
5255.000000 3.858311e-09
5260.000000 3.780631e-09
5265.000000 3.628424e-09
5270.000000 3.563180e-09
5275.000000 3.594709e-09
5280.000000 3.714842e-09
5285.000000 3.853154e-09
5290.000000 3.943929e-09
5295.000000 3.929157e-09
5300.000000 3.884707e-09
5305.000000 3.890554e-09
5310.000000 3.886757e-09
5315.000000 3.830551e-09
5320.000000 3.785715e-09
5325.000000 3.717355e-09
5330.000000 3.688039e-09
5335.000000 3.687602e-09
5340.000000 3.756405e-09
5345.000000 3.823121e-09
5350.000000 3.851337e-09
5355.000000 3.879859e-09
5360.000000 3.836393e-09
5365.000000 3.737788e-09
5370.000000 3.689456e-09
5375.000000 3.725686e-09
5380.000000 3.793517e-09
5385.000000 3.829499e-09
5390.000000 3.791543e-09
5395.000000 3.685194e-09
5400.000000 3.610323e-09
5405.000000 3.597664e-09
5410.000000 3.592623e-09
5415.000000 3.614822e-09
5420.000000 3.625731e-09
5425.000000 3.628782e-09
5430.000000 3.634647e-09
5435.000000 3.703414e-09
5440.000000 3.773646e-09
5445.000000 3.709870e-09
5450.000000 3.635491e-09
5455.000000 3.608694e-09
5460.000000 3.657953e-09
5465.000000 3.705241e-09
5470.000000 3.686100e-09
5475.000000 3.620317e-09
5480.000000 3.575636e-09
5485.000000 3.607312e-09
5490.000000 3.638276e-09
5495.000000 3.665523e-09
5500.000000 3.658973e-09
5505.000000 3.598992e-09
5510.000000 3.555599e-09
5515.000000 3.593585e-09
5520.000000 3.620254e-09
5525.000000 3.555688e-09
5530.000000 3.522544e-09
5535.000000 3.569134e-09
5540.000000 3.615510e-09
5545.000000 3.648239e-09
5550.000000 3.647642e-09
5555.000000 3.622022e-09
5560.000000 3.614653e-09
5565.000000 3.592103e-09
5570.000000 3.549460e-09
5575.000000 3.592532e-09
5580.000000 3.612368e-09
5585.000000 3.515931e-09
5590.000000 3.455947e-09
5595.000000 3.436412e-09
5600.000000 3.437893e-09
5605.000000 3.534827e-09
5610.000000 3.613410e-09
5615.000000 3.562742e-09
5620.000000 3.517929e-09
5625.000000 3.526602e-09
5630.000000 3.549648e-09
5635.000000 3.557482e-09
5640.000000 3.539197e-09
5645.000000 3.548329e-09
5650.000000 3.526089e-09
5655.000000 3.449164e-09
5660.000000 3.398817e-09
5665.000000 3.424222e-09
5670.000000 3.466426e-09
5675.000000 3.487962e-09
5680.000000 3.463626e-09
5685.000000 3.417102e-09
5690.000000 3.437632e-09
5695.000000 3.478690e-09
5700.000000 3.462596e-09
5705.000000 3.379854e-09
5710.000000 3.341139e-09
5715.000000 3.401527e-09
5720.000000 3.491331e-09
5725.000000 3.538357e-09
5730.000000 3.511109e-09
5735.000000 3.480785e-09
5740.000000 3.456998e-09
5745.000000 3.421543e-09
5750.000000 3.419280e-09
5755.000000 3.418616e-09
5760.000000 3.425861e-09
5765.000000 3.427577e-09
5770.000000 3.409615e-09
5775.000000 3.384329e-09
5780.000000 3.332251e-09
5785.000000 3.358952e-09
5790.000000 3.394596e-09
5795.000000 3.373294e-09
5800.000000 3.395245e-09
5805.000000 3.396765e-09
5810.000000 3.378894e-09
5815.000000 3.372558e-09
5820.000000 3.404238e-09
5825.000000 3.410499e-09
5830.000000 3.416565e-09
5835.000000 3.424967e-09
5840.000000 3.426931e-09
5845.000000 3.366369e-09
5850.000000 3.323642e-09
5855.000000 3.283795e-09
5860.000000 3.264499e-09
5865.000000 3.318435e-09
5870.000000 3.339405e-09
5875.000000 3.340183e-09
5880.000000 3.290786e-09
5885.000000 3.185106e-09
5890.000000 3.071374e-09
5895.000000 3.111847e-09
5900.000000 3.201854e-09
5905.000000 3.272202e-09
5910.000000 3.270798e-09
5915.000000 3.258550e-09
5920.000000 3.252653e-09
5925.000000 3.243532e-09
5930.000000 3.234687e-09
5935.000000 3.232304e-09
5940.000000 3.237490e-09
5945.000000 3.234626e-09
5950.000000 3.205044e-09
5955.000000 3.200246e-09
5960.000000 3.220390e-09
5965.000000 3.227852e-09
5970.000000 3.209153e-09
5975.000000 3.190722e-09
5980.000000 3.178419e-09
5985.000000 3.184912e-09
5990.000000 3.183406e-09
5995.000000 3.179228e-09
6000.000000 3.135443e-09
6005.000000 3.108725e-09
6010.000000 3.077841e-09
6015.000000 3.064904e-09
6020.000000 3.055933e-09
6025.000000 3.065032e-09
6030.000000 3.103348e-09
6035.000000 3.104901e-09
6040.000000 3.095550e-09
6045.000000 3.085961e-09
6050.000000 3.072129e-09
6055.000000 3.049174e-09
6060.000000 3.048891e-09
6065.000000 3.052052e-09
6070.000000 3.055721e-09
6075.000000 3.044797e-09
6080.000000 3.023799e-09
6085.000000 3.025056e-09
6090.000000 3.019873e-09
6095.000000 3.010040e-09
6100.000000 2.993558e-09
6105.000000 2.988156e-09
6110.000000 3.015227e-09
6115.000000 3.003809e-09
6120.000000 2.982500e-09
6125.000000 2.980858e-09
6130.000000 2.973284e-09
6135.000000 2.916937e-09
6140.000000 2.844313e-09
6145.000000 2.850377e-09
6150.000000 2.873709e-09
6155.000000 2.871324e-09
6160.000000 2.843446e-09
6165.000000 2.832471e-09
6170.000000 2.861561e-09
6175.000000 2.892197e-09
6180.000000 2.922628e-09
6185.000000 2.919356e-09
6190.000000 2.897253e-09
6195.000000 2.901906e-09
6200.000000 2.921548e-09
6205.000000 2.931210e-09
6210.000000 2.920264e-09
6215.000000 2.895632e-09
6220.000000 2.880090e-09
6225.000000 2.869245e-09
6230.000000 2.847034e-09
6235.000000 2.816676e-09
6240.000000 2.791378e-09
6245.000000 2.764181e-09
6250.000000 2.750236e-09
6255.000000 2.782946e-09
6260.000000 2.840801e-09
6265.000000 2.869422e-09
6270.000000 2.857254e-09
6275.000000 2.801251e-09
6280.000000 2.749945e-09
6285.000000 2.771893e-09
6290.000000 2.806229e-09
6295.000000 2.787979e-09
6300.000000 2.756325e-09
6305.000000 2.759500e-09
6310.000000 2.789383e-09
6315.000000 2.767136e-09
6320.000000 2.739350e-09
6325.000000 2.767366e-09
6330.000000 2.791832e-09
6335.000000 2.777189e-09
6340.000000 2.751398e-09
6345.000000 2.737942e-09
6350.000000 2.736874e-09
6355.000000 2.753015e-09
6360.000000 2.748461e-09
6365.000000 2.726597e-09
6370.000000 2.715304e-09
6375.000000 2.718971e-09
6380.000000 2.736771e-09
6385.000000 2.739823e-09
6390.000000 2.728589e-09
6395.000000 2.712749e-09
6400.000000 2.702729e-09
6405.000000 2.689821e-09
6410.000000 2.665675e-09
6415.000000 2.641872e-09
6420.000000 2.635444e-09
6425.000000 2.656566e-09
6430.000000 2.672149e-09
6435.000000 2.658279e-09
6440.000000 2.659243e-09
6445.000000 2.668302e-09
6450.000000 2.656952e-09
6455.000000 2.609435e-09
6460.000000 2.577373e-09
6465.000000 2.605939e-09
6470.000000 2.629357e-09
6475.000000 2.626805e-09
6480.000000 2.614105e-09
6485.000000 2.593600e-09
6490.000000 2.563686e-09
6495.000000 2.503243e-09
6500.000000 2.504203e-09
6505.000000 2.584247e-09
6510.000000 2.618478e-09
6515.000000 2.591628e-09
6520.000000 2.568489e-09
6525.000000 2.566510e-09
6530.000000 2.566256e-09
6535.000000 2.554441e-09
6540.000000 2.528458e-09
6545.000000 2.495035e-09
6550.000000 2.378741e-09
6555.000000 2.144315e-09
6560.000000 1.894364e-09
6565.000000 1.841628e-09
6570.000000 2.095283e-09
6575.000000 2.328170e-09
6580.000000 2.435034e-09
6585.000000 2.472362e-09
6590.000000 2.482643e-09
6595.000000 2.495873e-09
6600.000000 2.524982e-09
6605.000000 2.535066e-09
6610.000000 2.542065e-09
6615.000000 2.556562e-09
6620.000000 2.561105e-09
6625.000000 2.545721e-09
6630.000000 2.522983e-09
6635.000000 2.504964e-09
6640.000000 2.509605e-09
6645.000000 2.505498e-09
6650.000000 2.506573e-09
6655.000000 2.503171e-09
6660.000000 2.498813e-09
6665.000000 2.490306e-09
6670.000000 2.493548e-09
6675.000000 2.479675e-09
6680.000000 2.462862e-09
6685.000000 2.476741e-09
6690.000000 2.493306e-09
6695.000000 2.487464e-09
6700.000000 2.469990e-09
6705.000000 2.460081e-09
6710.000000 2.454563e-09
6715.000000 2.439484e-09
6720.000000 2.428310e-09
6725.000000 2.440989e-09
6730.000000 2.449024e-09
6735.000000 2.445175e-09
6740.000000 2.427800e-09
6745.000000 2.404858e-09
6750.000000 2.390119e-09
6755.000000 2.398207e-09
6760.000000 2.404926e-09
6765.000000 2.413009e-09
6770.000000 2.405424e-09
6775.000000 2.410123e-09
6780.000000 2.416281e-09
6785.000000 2.408479e-09
6790.000000 2.401760e-09
6795.000000 2.389743e-09
6800.000000 2.384599e-09
6805.000000 2.388218e-09
6810.000000 2.387698e-09
6815.000000 2.388868e-09
6820.000000 2.383763e-09
6825.000000 2.374437e-09
6830.000000 2.356248e-09
6835.000000 2.350050e-09
6840.000000 2.348345e-09
6845.000000 2.346344e-09
6850.000000 2.343554e-09
6855.000000 2.340938e-09
6860.000000 2.338332e-09
6865.000000 2.335764e-09
6870.000000 2.333318e-09
6875.000000 2.330817e-09
6880.000000 2.328367e-09
6885.000000 2.325879e-09
6890.000000 2.323277e-09
6895.000000 2.320325e-09
6900.000000 2.317294e-09
6905.000000 2.314232e-09
6910.000000 2.311166e-09
6915.000000 2.308313e-09
6920.000000 2.305919e-09
6925.000000 2.303332e-09
6930.000000 2.300592e-09
6935.000000 2.297869e-09
6940.000000 2.295625e-09
6945.000000 2.293756e-09
6950.000000 2.291275e-09
6955.000000 2.288377e-09
6960.000000 2.287007e-09
6965.000000 2.286656e-09
6970.000000 2.280123e-09
6975.000000 2.257417e-09
6980.000000 2.229998e-09
6985.000000 2.228554e-09
6990.000000 2.225321e-09
6995.000000 2.214986e-09
7000.000000 2.197091e-09
7005.000000 2.189999e-09
7010.000000 2.196073e-09
7015.000000 2.187730e-09
7020.000000 2.178224e-09
7025.000000 2.187022e-09
7030.000000 2.201266e-09
7035.000000 2.201229e-09
7040.000000 2.198527e-09
7045.000000 2.204324e-09
7050.000000 2.206693e-09
7055.000000 2.199184e-09
7060.000000 2.185383e-09
7065.000000 2.184201e-09
7070.000000 2.183975e-09
7075.000000 2.192911e-09
7080.000000 2.193711e-09
7085.000000 2.181264e-09
7090.000000 2.165751e-09
7095.000000 2.161975e-09
7100.000000 2.166376e-09
7105.000000 2.162955e-09
7110.000000 2.144612e-09
7115.000000 2.124537e-09
7120.000000 2.121397e-09
7125.000000 2.130296e-09
7130.000000 2.141174e-09
7135.000000 2.153101e-09
7140.000000 2.163259e-09
7145.000000 2.141966e-09
7150.000000 2.124179e-09
7155.000000 2.131733e-09
7160.000000 2.126826e-09
7165.000000 2.075471e-09
7170.000000 2.030682e-09
7175.000000 2.011547e-09
7180.000000 1.985576e-09
7185.000000 1.941101e-09
7190.000000 1.917092e-09
7195.000000 1.932497e-09
7200.000000 1.960000e-09
7205.000000 1.981815e-09
7210.000000 2.026008e-09
7215.000000 2.055900e-09
7220.000000 2.053075e-09
7225.000000 2.042001e-09
7230.000000 2.028566e-09
7235.000000 2.001356e-09
7240.000000 1.989116e-09
7245.000000 1.989387e-09
7250.000000 1.995599e-09
7255.000000 1.994886e-09
7260.000000 2.010958e-09
7265.000000 2.007098e-09
7270.000000 2.007377e-09
7275.000000 1.990733e-09
7280.000000 1.977868e-09
7285.000000 1.955760e-09
7290.000000 1.925039e-09
7295.000000 1.946626e-09
7300.000000 1.980012e-09
7305.000000 1.963641e-09
7310.000000 1.946164e-09
7315.000000 1.961618e-09
7320.000000 1.980017e-09
7325.000000 1.984566e-09
7330.000000 1.987405e-09
7335.000000 2.007941e-09
7340.000000 2.026994e-09
7345.000000 2.018939e-09
7350.000000 1.999832e-09
7355.000000 1.985506e-09
7360.000000 1.983387e-09
7365.000000 1.985883e-09
7370.000000 1.988750e-09
7375.000000 1.985940e-09
7380.000000 1.979969e-09
7385.000000 1.954060e-09
7390.000000 1.929425e-09
7395.000000 1.945234e-09
7400.000000 1.962045e-09
7405.000000 1.951421e-09
7410.000000 1.920254e-09
7415.000000 1.905029e-09
7420.000000 1.910305e-09
7425.000000 1.925745e-09
7430.000000 1.949044e-09
7435.000000 1.954783e-09
7440.000000 1.945094e-09
7445.000000 1.920615e-09
7450.000000 1.911403e-09
7455.000000 1.925704e-09
7460.000000 1.934829e-09
7465.000000 1.932771e-09
7470.000000 1.934927e-09
7475.000000 1.926640e-09
7480.000000 1.915402e-09
7485.000000 1.915103e-09
7490.000000 1.921983e-09
7495.000000 1.910383e-09
7500.000000 1.906486e-09
7505.000000 1.892440e-09
7510.000000 1.877012e-09
7515.000000 1.879355e-09
7520.000000 1.892979e-09
7525.000000 1.890989e-09
7530.000000 1.885921e-09
7535.000000 1.888409e-09
7540.000000 1.904952e-09
7545.000000 1.899032e-09
7550.000000 1.892838e-09
7555.000000 1.888768e-09
7560.000000 1.886354e-09
7565.000000 1.883962e-09
7570.000000 1.881002e-09
7575.000000 1.877754e-09
7580.000000 1.874574e-09
7585.000000 1.871697e-09
7590.000000 1.868870e-09
7595.000000 1.866018e-09
7600.000000 1.863152e-09
7605.000000 1.860669e-09
7610.000000 1.858048e-09
7615.000000 1.855424e-09
7620.000000 1.852795e-09
7625.000000 1.850163e-09
7630.000000 1.847522e-09
7635.000000 1.844875e-09
7640.000000 1.842221e-09
7645.000000 1.839561e-09
7650.000000 1.836893e-09
7655.000000 1.834218e-09
7660.000000 1.831533e-09
7665.000000 1.828834e-09
7670.000000 1.826045e-09
7675.000000 1.823113e-09
7680.000000 1.820169e-09
7685.000000 1.817447e-09
7690.000000 1.814913e-09
7695.000000 1.812073e-09
7700.000000 1.808821e-09
7705.000000 1.805789e-09
7710.000000 1.803576e-09
7715.000000 1.802608e-09
7720.000000 1.800727e-09
7725.000000 1.797816e-09
7730.000000 1.798002e-09
7735.000000 1.799797e-09
7740.000000 1.795190e-09
7745.000000 1.777902e-09
7750.000000 1.765259e-09
7755.000000 1.778154e-09
7760.000000 1.789625e-09
7765.000000 1.774752e-09
7770.000000 1.734443e-09
7775.000000 1.681570e-09
7780.000000 1.689631e-09
7785.000000 1.728625e-09
7790.000000 1.760534e-09
7795.000000 1.761849e-09
7800.000000 1.738731e-09
7805.000000 1.738469e-09
7810.000000 1.749054e-09
7815.000000 1.752293e-09
7820.000000 1.752606e-09
7825.000000 1.744990e-09
7830.000000 1.735847e-09
7835.000000 1.722415e-09
7840.000000 1.720189e-09
7845.000000 1.718512e-09
7850.000000 1.714685e-09
7855.000000 1.714851e-09
7860.000000 1.721841e-09
7865.000000 1.720588e-09
7870.000000 1.715954e-09
7875.000000 1.704851e-09
7880.000000 1.697168e-09
7885.000000 1.706047e-09
7890.000000 1.710989e-09
7895.000000 1.691779e-09
7900.000000 1.679606e-09
7905.000000 1.690550e-09
7910.000000 1.700337e-09
7915.000000 1.690815e-09
7920.000000 1.674112e-09
7925.000000 1.663364e-09
7930.000000 1.654735e-09
7935.000000 1.655239e-09
7940.000000 1.664410e-09
7945.000000 1.653662e-09
7950.000000 1.650884e-09
7955.000000 1.670191e-09
7960.000000 1.681345e-09
7965.000000 1.683553e-09
7970.000000 1.680051e-09
7975.000000 1.683630e-09
7980.000000 1.688628e-09
7985.000000 1.686943e-09
7990.000000 1.675492e-09
7995.000000 1.652987e-09
8000.000000 1.634305e-09
8005.000000 1.640288e-09
8010.000000 1.645669e-09
8015.000000 1.650056e-09
8020.000000 1.646964e-09
8025.000000 1.637686e-09
8030.000000 1.629117e-09
8035.000000 1.634614e-09
8040.000000 1.632949e-09
8045.000000 1.622020e-09
8050.000000 1.610388e-09
8055.000000 1.620416e-09
8060.000000 1.629883e-09
8065.000000 1.636720e-09
8070.000000 1.634943e-09
8075.000000 1.634455e-09
8080.000000 1.631631e-09
8085.000000 1.624528e-09
8090.000000 1.615136e-09
8095.000000 1.605844e-09
8100.000000 1.601419e-09
8105.000000 1.612953e-09
8110.000000 1.617773e-09
8115.000000 1.617109e-09
8120.000000 1.615778e-09
8125.000000 1.609367e-09
8130.000000 1.597193e-09
8135.000000 1.577955e-09
8140.000000 1.567220e-09
8145.000000 1.551248e-09
8150.000000 1.533580e-09
8155.000000 1.517999e-09
8160.000000 1.508229e-09
8165.000000 1.498986e-09
8170.000000 1.505412e-09
8175.000000 1.500651e-09
8180.000000 1.475552e-09
8185.000000 1.469600e-09
8190.000000 1.471697e-09
8195.000000 1.457571e-09
8200.000000 1.456329e-09
8205.000000 1.513805e-09
8210.000000 1.561612e-09
8215.000000 1.547034e-09
8220.000000 1.494939e-09
8225.000000 1.412118e-09
8230.000000 1.365181e-09
8235.000000 1.423307e-09
8240.000000 1.505267e-09
8245.000000 1.525735e-09
8250.000000 1.510290e-09
8255.000000 1.497709e-09
8260.000000 1.498205e-09
8265.000000 1.525399e-09
8270.000000 1.533665e-09
8275.000000 1.501515e-09
8280.000000 1.469766e-09
8285.000000 1.464090e-09
8290.000000 1.469203e-09
8295.000000 1.477785e-09
8300.000000 1.483049e-09
8305.000000 1.483380e-09
8310.000000 1.480034e-09
8315.000000 1.472324e-09
8320.000000 1.460435e-09
8325.000000 1.460805e-09
8330.000000 1.453523e-09
8335.000000 1.434574e-09
8340.000000 1.430472e-09
8345.000000 1.452438e-09
8350.000000 1.474743e-09
8355.000000 1.479986e-09
8360.000000 1.475790e-09
8365.000000 1.487752e-09
8370.000000 1.495984e-09
8375.000000 1.483401e-09
8380.000000 1.474418e-09
8385.000000 1.470679e-09
8390.000000 1.466010e-09
8395.000000 1.469952e-09
8400.000000 1.481647e-09
8405.000000 1.490878e-09
8410.000000 1.484579e-09
8415.000000 1.467853e-09
8420.000000 1.462683e-09
8425.000000 1.485519e-09
8430.000000 1.497047e-09
8435.000000 1.464561e-09
8440.000000 1.421750e-09
8445.000000 1.407207e-09
8450.000000 1.427545e-09
8455.000000 1.474949e-09
8460.000000 1.479817e-09
8465.000000 1.430076e-09
8470.000000 1.383328e-09
8475.000000 1.416262e-09
8480.000000 1.480279e-09
8485.000000 1.511893e-09
8490.000000 1.483208e-09
8495.000000 1.377136e-09
8500.000000 1.273923e-09
8505.000000 1.296149e-09
8510.000000 1.374115e-09
8515.000000 1.414295e-09
8520.000000 1.436958e-09
8525.000000 1.447357e-09
8530.000000 1.434425e-09
8535.000000 1.378056e-09
8540.000000 1.250199e-09
8545.000000 1.124756e-09
8550.000000 1.158403e-09
8555.000000 1.272373e-09
8560.000000 1.376164e-09
8565.000000 1.421419e-09
8570.000000 1.412438e-09
8575.000000 1.404812e-09
8580.000000 1.400620e-09
8585.000000 1.382379e-09
8590.000000 1.334154e-09
8595.000000 1.257204e-09
8600.000000 1.224180e-09
8605.000000 1.309248e-09
8610.000000 1.412228e-09
8615.000000 1.454942e-09
8620.000000 1.464264e-09
8625.000000 1.473260e-09
8630.000000 1.488761e-09
8635.000000 1.496978e-09
8640.000000 1.488140e-09
8645.000000 1.469845e-09
8650.000000 1.445176e-09
8655.000000 1.406747e-09
8660.000000 1.309209e-09
8665.000000 1.183833e-09
8670.000000 1.187366e-09
8675.000000 1.283056e-09
8680.000000 1.369575e-09
8685.000000 1.398010e-09
8690.000000 1.392606e-09
8695.000000 1.403164e-09
8700.000000 1.436096e-09
8705.000000 1.453845e-09
8710.000000 1.449272e-09
8715.000000 1.428745e-09
8720.000000 1.410448e-09
8725.000000 1.395185e-09
8730.000000 1.377323e-09
8735.000000 1.349948e-09
8740.000000 1.309729e-09
8745.000000 1.260132e-09
8750.000000 1.201696e-09
8755.000000 1.183370e-09
8760.000000 1.216096e-09
8765.000000 1.266703e-09
8770.000000 1.311417e-09
8775.000000 1.319063e-09
8780.000000 1.319176e-09
8785.000000 1.322084e-09
8790.000000 1.330202e-09
8795.000000 1.333819e-09
8800.000000 1.382810e-09
8805.000000 1.380068e-09
8810.000000 1.368229e-09
8815.000000 1.388596e-09
8820.000000 1.395286e-09
8825.000000 1.363488e-09
8830.000000 1.366317e-09
8835.000000 1.366881e-09
8840.000000 1.357558e-09
8845.000000 1.339590e-09
8850.000000 1.312421e-09
8855.000000 1.276150e-09
8860.000000 1.207539e-09
8865.000000 1.156365e-09
8870.000000 1.203084e-09
8875.000000 1.268440e-09
8880.000000 1.304303e-09
8885.000000 1.323987e-09
8890.000000 1.336902e-09
8895.000000 1.350438e-09
8900.000000 1.360540e-09
8905.000000 1.359458e-09
8910.000000 1.350740e-09
8915.000000 1.342623e-09
8920.000000 1.356468e-09
8925.000000 1.331873e-09
8930.000000 1.313713e-09
8935.000000 1.338381e-09
8940.000000 1.356194e-09
8945.000000 1.350371e-09
8950.000000 1.332802e-09
8955.000000 1.341473e-09
8960.000000 1.338764e-09
8965.000000 1.320242e-09
8970.000000 1.314511e-09
8975.000000 1.310596e-09
8980.000000 1.298180e-09
8985.000000 1.272090e-09
8990.000000 1.227396e-09
8995.000000 1.243698e-09
9000.000000 1.236183e-09
9005.000000 1.202786e-09
9010.000000 1.150101e-09
9015.000000 1.082766e-09
9020.000000 1.110473e-09
9025.000000 1.180142e-09
9030.000000 1.261430e-09
9035.000000 1.317661e-09
9040.000000 1.350567e-09
9045.000000 1.357866e-09
9050.000000 1.367732e-09
9055.000000 1.353687e-09
9060.000000 1.315584e-09
9065.000000 1.271997e-09
9070.000000 1.272985e-09
9075.000000 1.260951e-09
9080.000000 1.237264e-09
9085.000000 1.233462e-09
9090.000000 1.210188e-09
9095.000000 1.206209e-09
9100.000000 1.235680e-09
9105.000000 1.264858e-09
9110.000000 1.264477e-09
9115.000000 1.259869e-09
9120.000000 1.271794e-09
9125.000000 1.280540e-09
9130.000000 1.256628e-09
9135.000000 1.242836e-09
9140.000000 1.263005e-09
9145.000000 1.283613e-09
9150.000000 1.272191e-09
9155.000000 1.225481e-09
9160.000000 1.236361e-09
9165.000000 1.262923e-09
9170.000000 1.271575e-09
9175.000000 1.252060e-09
9180.000000 1.253104e-09
9185.000000 1.276417e-09
9190.000000 1.290376e-09
9195.000000 1.280548e-09
9200.000000 1.282568e-09
9205.000000 1.275711e-09
9210.000000 1.229630e-09
9215.000000 1.179180e-09
9220.000000 1.150775e-09
9225.000000 1.124604e-09
9230.000000 1.075103e-09
9235.000000 1.102984e-09
9240.000000 1.154800e-09
9245.000000 1.194931e-09
9250.000000 1.228808e-09
9255.000000 1.250545e-09
9260.000000 1.254428e-09
9265.000000 1.284338e-09
9270.000000 1.323497e-09
9275.000000 1.343269e-09
9280.000000 1.326358e-09
9285.000000 1.335384e-09
9290.000000 1.328519e-09
9295.000000 1.306722e-09
9300.000000 1.280463e-09
9305.000000 1.249921e-09
9310.000000 1.216827e-09
9315.000000 1.163175e-09
9320.000000 1.117121e-09
9325.000000 1.118020e-09
9330.000000 1.111930e-09
9335.000000 1.070616e-09
9340.000000 1.041194e-09
9345.000000 1.007262e-09
9350.000000 1.106643e-09
9355.000000 1.078676e-09
9360.000000 1.103715e-09
9365.000000 1.154009e-09
9370.000000 1.120701e-09
9375.000000 1.142855e-09
9380.000000 1.158235e-09
9385.000000 1.207604e-09
9390.000000 1.313301e-09
9395.000000 1.384536e-09
9400.000000 1.348242e-09
9405.000000 1.297436e-09
9410.000000 1.261400e-09
9415.000000 1.260544e-09
9420.000000 1.228577e-09
9425.000000 1.193457e-09
9430.000000 1.125495e-09
9435.000000 1.154982e-09
9440.000000 1.064435e-09
9445.000000 1.073223e-09
9450.000000 1.177541e-09
9455.000000 1.152635e-09
9460.000000 1.122785e-09
9465.000000 1.170677e-09
9470.000000 1.221135e-09
9475.000000 1.213360e-09
9480.000000 1.175548e-09
9485.000000 1.186961e-09
9490.000000 1.233306e-09
9495.000000 1.149690e-09
9500.000000 1.109642e-09
9505.000000 1.202145e-09
9510.000000 1.268589e-09
9515.000000 1.230480e-09
9520.000000 1.130541e-09
9525.000000 1.099721e-09
9530.000000 1.136713e-09
9535.000000 1.136757e-09
9540.000000 1.084896e-09
9545.000000 9.968749e-10
9550.000000 9.918448e-10
9555.000000 1.037939e-09
9560.000000 1.060304e-09
9565.000000 1.082545e-09
9570.000000 1.129784e-09
9575.000000 1.197370e-09
9580.000000 1.189912e-09
9585.000000 1.141004e-09
9590.000000 1.132875e-09
9595.000000 1.114177e-09
9600.000000 1.160961e-09
9605.000000 1.163252e-09
9610.000000 1.170424e-09
9615.000000 1.167307e-09
9620.000000 1.125732e-09
9625.000000 1.106920e-09
9630.000000 1.134147e-09
9635.000000 1.131699e-09
9640.000000 1.149053e-09
9645.000000 1.128046e-09
9650.000000 1.123982e-09
9655.000000 1.116638e-09
9660.000000 1.086983e-09
9665.000000 1.079274e-09
9670.000000 1.116394e-09
9675.000000 1.144801e-09
9680.000000 1.142125e-09
9685.000000 1.145623e-09
9690.000000 1.161225e-09
9695.000000 1.162500e-09
9700.000000 1.154999e-09
9705.000000 1.150522e-09
9710.000000 1.152837e-09
9715.000000 1.149956e-09
9720.000000 1.149461e-09
9725.000000 1.152578e-09
9730.000000 1.125918e-09
9735.000000 1.091450e-09
9740.000000 1.082092e-09
9745.000000 1.077199e-09
9750.000000 1.071788e-09
9755.000000 1.072454e-09
9760.000000 1.076456e-09
9765.000000 1.097725e-09
9770.000000 1.116139e-09
9775.000000 1.125642e-09
9780.000000 1.092574e-09
9785.000000 1.085397e-09
9790.000000 1.098420e-09
9795.000000 1.084309e-09
9800.000000 1.077057e-09
9805.000000 1.075417e-09
9810.000000 1.098878e-09
9815.000000 1.109009e-09
9820.000000 1.105851e-09
9825.000000 1.075739e-09
9830.000000 1.098002e-09
9835.000000 1.102770e-09
9840.000000 1.094543e-09
9845.000000 1.085093e-09
9850.000000 1.073054e-09
9855.000000 1.068421e-09
9860.000000 1.075305e-09
9865.000000 1.094083e-09
9870.000000 1.086490e-09
9875.000000 1.067133e-09
9880.000000 1.069656e-09
9885.000000 1.050123e-09
9890.000000 1.053166e-09
9895.000000 1.062193e-09
9900.000000 1.071651e-09
9905.000000 1.075948e-09
9910.000000 1.079078e-09
9915.000000 1.062710e-09
9920.000000 1.073009e-09
9925.000000 1.081983e-09
9930.000000 1.076471e-09
9935.000000 1.070326e-09
9940.000000 1.060471e-09
9945.000000 1.049358e-09
9950.000000 1.049743e-09
9955.000000 1.058425e-09
9960.000000 1.083948e-09
9965.000000 1.056936e-09
9970.000000 1.058131e-09
9975.000000 1.063061e-09
9980.000000 1.035269e-09
9985.000000 1.054228e-09
9990.000000 1.070843e-09
9995.000000 1.056321e-09
10000.000000 1.033594e-09
10005.000000 1.040480e-09
10010.000000 1.039958e-09
10015.000000 1.021151e-09
10020.000000 1.005899e-09
10025.000000 1.000329e-09
10030.000000 9.929981e-10
10035.000000 9.914817e-10
10040.000000 9.761983e-10
10045.000000 9.628486e-10
10050.000000 9.503399e-10
10055.000000 9.461643e-10
10060.000000 9.713431e-10
10065.000000 9.614343e-10
10070.000000 9.760983e-10
10075.000000 9.867321e-10
10080.000000 1.004388e-09
10085.000000 1.012453e-09
10090.000000 1.021173e-09
10095.000000 1.036914e-09
10100.000000 1.021099e-09
10105.000000 1.021608e-09
10110.000000 1.023051e-09
10115.000000 1.003893e-09
10120.000000 1.002579e-09
10125.000000 1.009757e-09
10130.000000 1.020141e-09
10135.000000 1.004553e-09
10140.000000 1.031432e-09
10145.000000 1.037694e-09
10150.000000 1.009110e-09
10155.000000 1.002433e-09
10160.000000 1.000697e-09
10165.000000 9.992668e-10
10170.000000 9.980946e-10
10175.000000 9.971352e-10
10180.000000 9.963299e-10
10185.000000 9.956295e-10
10190.000000 9.949874e-10
10195.000000 9.943522e-10
10200.000000 9.936699e-10
10205.000000 9.929069e-10
10210.000000 9.920534e-10
10215.000000 9.911199e-10
10220.000000 9.901124e-10
10225.000000 9.890376e-10
10230.000000 9.878987e-10
10235.000000 9.867084e-10
10240.000000 9.854677e-10
10245.000000 9.841887e-10
10250.000000 9.828731e-10
10255.000000 9.815339e-10
10260.000000 9.801679e-10
10265.000000 9.787791e-10
10270.000000 9.773646e-10
10275.000000 9.759317e-10
10280.000000 9.744753e-10
10285.000000 9.730011e-10
10290.000000 9.715101e-10
10295.000000 9.700007e-10
10300.000000 9.684754e-10
10305.000000 9.669379e-10
10310.000000 9.653953e-10
10315.000000 9.638578e-10
10320.000000 9.623370e-10
10325.000000 9.608416e-10
10330.000000 9.593819e-10
10335.000000 9.579644e-10
10340.000000 9.566044e-10
10345.000000 9.553072e-10
10350.000000 9.540857e-10
10355.000000 9.529427e-10
10360.000000 9.518619e-10
10365.000000 9.508299e-10
10370.000000 9.498240e-10
10375.000000 9.488286e-10
10380.000000 9.478167e-10
10385.000000 9.467731e-10
10390.000000 9.456794e-10
10395.000000 9.445155e-10
10400.000000 9.432616e-10
10405.000000 9.419130e-10
10410.000000 9.404753e-10
10415.000000 9.389833e-10
10420.000000 9.374512e-10
10425.000000 9.359082e-10
10430.000000 9.343791e-10
10435.000000 9.328900e-10
10440.000000 9.314616e-10
10445.000000 9.301236e-10
10450.000000 9.288905e-10
10455.000000 9.277866e-10
10460.000000 9.268038e-10
10465.000000 9.259304e-10
10470.000000 9.251527e-10
10475.000000 9.244521e-10
10480.000000 9.238214e-10
10485.000000 9.232380e-10
10490.000000 9.226981e-10
10495.000000 9.221799e-10
10500.000000 9.216729e-10
10505.000000 9.211675e-10
10510.000000 9.206590e-10
10515.000000 9.201452e-10
10520.000000 9.196284e-10
10525.000000 9.191092e-10
10530.000000 9.185878e-10
10535.000000 9.180620e-10
10540.000000 9.175303e-10
10545.000000 9.170008e-10
10550.000000 9.164626e-10
10555.000000 9.159228e-10
10560.000000 9.153825e-10
10565.000000 9.148350e-10
10570.000000 9.142845e-10
10575.000000 9.137333e-10
10580.000000 9.131790e-10
10585.000000 9.126184e-10
10590.000000 9.120565e-10
10595.000000 9.114919e-10
10600.000000 9.109231e-10
10605.000000 9.103526e-10
10610.000000 9.097775e-10
10615.000000 9.091983e-10
10620.000000 6.814834e-10
