1150.000000 4.186363e-11
1155.000000 2.281370e-11
1160.000000 2.933159e-12
1165.000000 2.675519e-12
1170.000000 4.440142e-13
1175.000000 0.000000e+00
1180.000000 0.000000e+00
1185.000000 0.000000e+00
1190.000000 0.000000e+00
1195.000000 3.955291e-13
1200.000000 4.394502e-12
1205.000000 1.545978e-11
1210.000000 2.096974e-11
1215.000000 1.172086e-11
1220.000000 2.791218e-12
1225.000000 2.027195e-12
1230.000000 3.842202e-12
1235.000000 4.781006e-12
1240.000000 4.050218e-12
1245.000000 2.242559e-12
1250.000000 2.764725e-12
1255.000000 1.512515e-12
1260.000000 3.989835e-12
1265.000000 3.220219e-12
1270.000000 2.263222e-12
1275.000000 2.173946e-12
1280.000000 1.883324e-12
1285.000000 6.100041e-13
1290.000000 1.040258e-13
1295.000000 4.524466e-13
1300.000000 1.395597e-12
1305.000000 1.976119e-12
1310.000000 1.468271e-12
1315.000000 1.330580e-12
1320.000000 2.022255e-12
1325.000000 1.256349e-12
1330.000000 1.758464e-12
1335.000000 1.728803e-12
1340.000000 1.576724e-12
1345.000000 1.571018e-12
1350.000000 2.370085e-12
1355.000000 2.421671e-12
1360.000000 1.569873e-12
1365.000000 8.692610e-13
1370.000000 4.587573e-12
1375.000000 4.588267e-12
1380.000000 1.414916e-12
1385.000000 3.062901e-13
1390.000000 6.407239e-13
1395.000000 4.512965e-13
1400.000000 6.414508e-13
1405.000000 2.900679e-13
1410.000000 5.809984e-13
1415.000000 1.874440e-12
1420.000000 9.451896e-13
1425.000000 1.377344e-12
1430.000000 2.674692e-12
1435.000000 2.352269e-12
1440.000000 1.867532e-12
1445.000000 3.878186e-12
1450.000000 3.129816e-12
1455.000000 1.125114e-12
1460.000000 3.823524e-13
1465.000000 1.047769e-12
1470.000000 1.021063e-12
1475.000000 2.068931e-12
1480.000000 1.860479e-12
1485.000000 2.768041e-12
1490.000000 4.591471e-12
1495.000000 3.579379e-12
1500.000000 2.900191e-12
1505.000000 3.181704e-12
1510.000000 2.839133e-12
1515.000000 1.121618e-12
1520.000000 1.242354e-12
1525.000000 2.684601e-12
1530.000000 6.339981e-12
1535.000000 6.870752e-12
1540.000000 5.059790e-12
1545.000000 1.968628e-12
1550.000000 2.541120e-12
1555.000000 4.998009e-12
1560.000000 6.334162e-12
1565.000000 4.546179e-12
1570.000000 2.823654e-12
1575.000000 4.548413e-12
1580.000000 4.918336e-12
1585.000000 2.690916e-12
1590.000000 4.292400e-12
1595.000000 4.236431e-12
1600.000000 3.056241e-12
1605.000000 3.151957e-12
1610.000000 4.656720e-12
1615.000000 3.261413e-12
1620.000000 1.833999e-12
1625.000000 1.372289e-12
1630.000000 2.468431e-12
1635.000000 1.547713e-12
1640.000000 7.342746e-13
1645.000000 1.365171e-12
1650.000000 2.976448e-12
1655.000000 4.503745e-12
1660.000000 5.519063e-12
1665.000000 5.227819e-12
1670.000000 5.070881e-12
1675.000000 5.687844e-12
1680.000000 5.681648e-12
1685.000000 4.767116e-12
1690.000000 5.619008e-12
1695.000000 9.202797e-12
1700.000000 9.882942e-12
1705.000000 1.013359e-11
1710.000000 1.187892e-11
1715.000000 1.261437e-11
1720.000000 1.356454e-11
1725.000000 1.762444e-11
1730.000000 1.772717e-11
1735.000000 1.989610e-11
1740.000000 2.612940e-11
1745.000000 3.069075e-11
1750.000000 3.593395e-11
1755.000000 3.901059e-11
1760.000000 3.941216e-11
1765.000000 4.740345e-11
1770.000000 6.016623e-11
1775.000000 6.768990e-11
1780.000000 6.595972e-11
1785.000000 5.984247e-11
1790.000000 6.237283e-11
1795.000000 7.044645e-11
1800.000000 7.133025e-11
1805.000000 6.824131e-11
1810.000000 7.322250e-11
1815.000000 8.214662e-11
1820.000000 9.437254e-11
1825.000000 9.617632e-11
1830.000000 9.311656e-11
1835.000000 8.110796e-11
1840.000000 6.358047e-11
1845.000000 5.641531e-11
1850.000000 7.034046e-11
1855.000000 8.642988e-11
1860.000000 1.053885e-10
1865.000000 1.246195e-10
1870.000000 1.258296e-10
1875.000000 1.287721e-10
1880.000000 1.434326e-10
1885.000000 1.415536e-10
1890.000000 1.335864e-10
1895.000000 1.292274e-10
1900.000000 1.422624e-10
1905.000000 1.609930e-10
1910.000000 1.741480e-10
1915.000000 1.796243e-10
1920.000000 1.627549e-10
1925.000000 1.210813e-10
1930.000000 1.010916e-10
1935.000000 1.459314e-10
1940.000000 2.060334e-10
1945.000000 2.251651e-10
1950.000000 2.136329e-10
1955.000000 1.848328e-10
1960.000000 1.846924e-10
1965.000000 1.669704e-10
1970.000000 1.909787e-10
1975.000000 2.387461e-10
1980.000000 1.985172e-10
1985.000000 2.300185e-10
1990.000000 1.993711e-10
1995.000000 1.267287e-10
2000.000000 2.024919e-10
2005.000000 2.500637e-10
2010.000000 2.001334e-10
2015.000000 2.465401e-10
2020.000000 2.616074e-10
2025.000000 2.320594e-10
2030.000000 2.174712e-10
2035.000000 2.842709e-10
2040.000000 3.403037e-10
2045.000000 3.059562e-10
2050.000000 3.308162e-10
2055.000000 3.935959e-10
2060.000000 3.520230e-10
2065.000000 2.804261e-10
2070.000000 3.704776e-10
2075.000000 4.541796e-10
2080.000000 5.106088e-10
2085.000000 5.083335e-10
2090.000000 4.672053e-10
2095.000000 4.277194e-10
2100.000000 4.841750e-10
2105.000000 5.468884e-10
2110.000000 5.524646e-10
2115.000000 5.605437e-10
2120.000000 5.282480e-10
2125.000000 5.515827e-10
2130.000000 5.561780e-10
2135.000000 5.161693e-10
2140.000000 4.996051e-10
2145.000000 5.428391e-10
2150.000000 5.441409e-10
2155.000000 5.413787e-10
2160.000000 5.398257e-10
2165.000000 5.006799e-10
2170.000000 4.972372e-10
2175.000000 4.355967e-10
2180.000000 4.576477e-10
2185.000000 5.429836e-10
2190.000000 6.208479e-10
2195.000000 6.826480e-10
2200.000000 7.197063e-10
2205.000000 6.852914e-10
2210.000000 5.709179e-10
2215.000000 4.875637e-10
2220.000000 4.677523e-10
2225.000000 5.092848e-10
2230.000000 5.434478e-10
2235.000000 5.763468e-10
2240.000000 6.050133e-10
2245.000000 5.865967e-10
2250.000000 6.082541e-10
2255.000000 6.262980e-10
2260.000000 5.859599e-10
2265.000000 5.272824e-10
2270.000000 4.807554e-10
2275.000000 4.404571e-10
2280.000000 4.585133e-10
2285.000000 5.143735e-10
2290.000000 5.838814e-10
2295.000000 5.856444e-10
2300.000000 5.605600e-10
2305.000000 5.331380e-10
2310.000000 5.487374e-10
2315.000000 5.348193e-10
2320.000000 5.106650e-10
2325.000000 4.895724e-10
2330.000000 4.593731e-10
2335.000000 4.413722e-10
2340.000000 3.729644e-10
2345.000000 3.767345e-10
2350.000000 3.679845e-10
2355.000000 4.340160e-10
2360.000000 4.773857e-10
2365.000000 3.792355e-10
2370.000000 4.100651e-10
2375.000000 4.890862e-10
2380.000000 4.710051e-10
2385.000000 3.422790e-10
2390.000000 3.225467e-10
2395.000000 3.603834e-10
2400.000000 3.431436e-10
2405.000000 3.104678e-10
2410.000000 2.699727e-10
2415.000000 2.986978e-10
2420.000000 4.092736e-10
2425.000000 5.530433e-10
2430.000000 6.283901e-10
2435.000000 5.973743e-10
2440.000000 5.394531e-10
2445.000000 5.730473e-10
2450.000000 5.394063e-10
2455.000000 4.850814e-10
2460.000000 5.149665e-10
2465.000000 5.377087e-10
2470.000000 5.442545e-10
2475.000000 5.417749e-10
2480.000000 5.339633e-10
2485.000000 4.605598e-10
2490.000000 3.992280e-10
2495.000000 4.181392e-10
2500.000000 5.631252e-10
2505.000000 5.668193e-10
2510.000000 4.786883e-10
2515.000000 4.246737e-10
2520.000000 3.354265e-10
2525.000000 2.976966e-10
2530.000000 3.371657e-10
2535.000000 3.700997e-10
2540.000000 4.057266e-10
2545.000000 4.238572e-10
2550.000000 4.259467e-10
2555.000000 4.880190e-10
2560.000000 5.609665e-10
2565.000000 6.329391e-10
2570.000000 7.238394e-10
2575.000000 7.673011e-10
2580.000000 7.097555e-10
2585.000000 6.715118e-10
2590.000000 6.915603e-10
2595.000000 7.152229e-10
2600.000000 6.169498e-10
2605.000000 5.681478e-10
2610.000000 5.559132e-10
2615.000000 5.377129e-10
2620.000000 6.300080e-10
2625.000000 6.899787e-10
2630.000000 6.514032e-10
2635.000000 8.462050e-10
2640.000000 1.367048e-09
2645.000000 1.604030e-09
2650.000000 1.462919e-09
2655.000000 1.396555e-09
2660.000000 1.526065e-09
2665.000000 1.352745e-09
2670.000000 1.211330e-09
2675.000000 1.260709e-09
2680.000000 1.281206e-09
2685.000000 1.292260e-09
2690.000000 1.270247e-09
2695.000000 1.287387e-09
2700.000000 1.466915e-09
2705.000000 1.457635e-09
2710.000000 1.243069e-09
2715.000000 1.178931e-09
2720.000000 1.245557e-09
2725.000000 1.306317e-09
2730.000000 1.511935e-09
2735.000000 1.334036e-09
2740.000000 9.591624e-10
2745.000000 7.230466e-10
2750.000000 7.249825e-10
2755.000000 8.344105e-10
2760.000000 8.572306e-10
2765.000000 9.916307e-10
2770.000000 1.091738e-09
2775.000000 1.175538e-09
2780.000000 1.077042e-09
2785.000000 8.327162e-10
2790.000000 6.354140e-10
2795.000000 4.081200e-10
2800.000000 2.784018e-10
2805.000000 2.988653e-10
2810.000000 5.286013e-10
2815.000000 9.981833e-10
2820.000000 1.541680e-09
2825.000000 1.700718e-09
2830.000000 1.736430e-09
2835.000000 1.706817e-09
2840.000000 1.439769e-09
2845.000000 1.361279e-09
2850.000000 1.212693e-09
2855.000000 9.170592e-10
2860.000000 1.136477e-09
2865.000000 1.325577e-09
2870.000000 1.395702e-09
2875.000000 1.512464e-09
2880.000000 1.448105e-09
2885.000000 1.375434e-09
2890.000000 1.432914e-09
2895.000000 1.431859e-09
2900.000000 1.418272e-09
2905.000000 1.497626e-09
2910.000000 1.683267e-09
2915.000000 1.843075e-09
2920.000000 1.724421e-09
2925.000000 1.570729e-09
2930.000000 1.541314e-09
2935.000000 1.606403e-09
2940.000000 1.612981e-09
2945.000000 1.632678e-09
2950.000000 1.650932e-09
2955.000000 1.681872e-09
2960.000000 1.779379e-09
2965.000000 1.812244e-09
2970.000000 1.818181e-09
2975.000000 1.720261e-09
2980.000000 1.742776e-09
2985.000000 1.801593e-09
2990.000000 1.850046e-09
2995.000000 1.846423e-09
3000.000000 1.726008e-09
3005.000000 1.667702e-09
3010.000000 1.702033e-09
3015.000000 1.692090e-09
3020.000000 1.719610e-09
3025.000000 1.938371e-09
3030.000000 2.104025e-09
3035.000000 2.115651e-09
3040.000000 2.203974e-09
3045.000000 2.014272e-09
3050.000000 1.913194e-09
3055.000000 1.963242e-09
3060.000000 1.798735e-09
3065.000000 1.676094e-09
3070.000000 1.764258e-09
3075.000000 1.810834e-09
3080.000000 1.852445e-09
3085.000000 1.777002e-09
3090.000000 1.699881e-09
3095.000000 1.536852e-09
3100.000000 1.475742e-09
3105.000000 1.631961e-09
3110.000000 1.862206e-09
3115.000000 1.917872e-09
3120.000000 1.734948e-09
3125.000000 1.684175e-09
3130.000000 1.769405e-09
3135.000000 1.849607e-09
3140.000000 1.864930e-09
3145.000000 1.832729e-09
3150.000000 1.873220e-09
3155.000000 1.817214e-09
3160.000000 1.741194e-09
3165.000000 1.861013e-09
3170.000000 1.995150e-09
3175.000000 1.992784e-09
3180.000000 1.921574e-09
3185.000000 1.926652e-09
3190.000000 1.978202e-09
3195.000000 2.018530e-09
3200.000000 2.108336e-09
3205.000000 2.298803e-09
3210.000000 2.361681e-09
3215.000000 2.346164e-09
3220.000000 2.255992e-09
3225.000000 2.120274e-09
3230.000000 2.054459e-09
3235.000000 2.133884e-09
3240.000000 2.248309e-09
3245.000000 2.288527e-09
3250.000000 2.330495e-09
3255.000000 2.461031e-09
3260.000000 2.607070e-09
3265.000000 2.662818e-09
3270.000000 2.604349e-09
3275.000000 2.470023e-09
3280.000000 2.373020e-09
3285.000000 2.407579e-09
3290.000000 2.544414e-09
3295.000000 2.697642e-09
3300.000000 2.760961e-09
3305.000000 2.680857e-09
3310.000000 2.557003e-09
3315.000000 2.502225e-09
3320.000000 2.511566e-09
3325.000000 2.537619e-09
3330.000000 2.544228e-09
3335.000000 2.520084e-09
3340.000000 2.502167e-09
3345.000000 2.519110e-09
3350.000000 2.531596e-09
3355.000000 2.495639e-09
3360.000000 2.424766e-09
3365.000000 2.357649e-09
3370.000000 2.338219e-09
3375.000000 2.387166e-09
3380.000000 2.461275e-09
3385.000000 2.510061e-09
3390.000000 2.527069e-09
3395.000000 2.520899e-09
3400.000000 2.495070e-09
3405.000000 2.459210e-09
3410.000000 2.444208e-09
3415.000000 2.470211e-09
3420.000000 2.507630e-09
3425.000000 2.515196e-09
3430.000000 2.472632e-09
3435.000000 2.387245e-09
3440.000000 2.315129e-09
3445.000000 2.304448e-09
3450.000000 2.335227e-09
3455.000000 2.370456e-09
3460.000000 2.396968e-09
3465.000000 2.409159e-09
3470.000000 2.396399e-09
3475.000000 2.356597e-09
3480.000000 2.315707e-09
3485.000000 2.300052e-09
3490.000000 2.309502e-09
3495.000000 2.339770e-09
3500.000000 2.400637e-09
3505.000000 2.489231e-09
3510.000000 2.560806e-09
3515.000000 2.540179e-09
3520.000000 2.478050e-09
3525.000000 2.453431e-09
3530.000000 2.516320e-09
3535.000000 2.611183e-09
3540.000000 2.698580e-09
3545.000000 2.756567e-09
3550.000000 2.776448e-09
3555.000000 2.736645e-09
3560.000000 2.646197e-09
3565.000000 2.510181e-09
3570.000000 2.380009e-09
3575.000000 2.326596e-09
3580.000000 2.283262e-09
3585.000000 2.229885e-09
3590.000000 2.310524e-09
3595.000000 2.516476e-09
3600.000000 2.629937e-09
3605.000000 2.533949e-09
3610.000000 2.416449e-09
3615.000000 2.395819e-09
3620.000000 2.443688e-09
3625.000000 2.548189e-09
3630.000000 2.580564e-09
3635.000000 2.545593e-09
3640.000000 2.570379e-09
3645.000000 2.552941e-09
3650.000000 2.580997e-09
3655.000000 2.762340e-09
3660.000000 2.907057e-09
3665.000000 2.902768e-09
3670.000000 2.846451e-09
3675.000000 2.821028e-09
3680.000000 2.769915e-09
3685.000000 2.747162e-09
3690.000000 2.817744e-09
3695.000000 2.939610e-09
3700.000000 2.967881e-09
3705.000000 2.833674e-09
3710.000000 2.789178e-09
3715.000000 2.863050e-09
3720.000000 2.847989e-09
3725.000000 2.840280e-09
3730.000000 2.799828e-09
3735.000000 2.659404e-09
3740.000000 2.637172e-09
3745.000000 2.565497e-09
3750.000000 2.548147e-09
3755.000000 2.805701e-09
3760.000000 2.956508e-09
3765.000000 2.937877e-09
3770.000000 2.900731e-09
3775.000000 3.145137e-09
3780.000000 3.479290e-09
3785.000000 3.511172e-09
3790.000000 3.242504e-09
3795.000000 2.947078e-09
3800.000000 2.963944e-09
3805.000000 3.306808e-09
3810.000000 3.536867e-09
3815.000000 3.437667e-09
3820.000000 3.166764e-09
3825.000000 2.859550e-09
3830.000000 2.545997e-09
3835.000000 2.357178e-09
3840.000000 2.578022e-09
3845.000000 3.104841e-09
3850.000000 3.485759e-09
3855.000000 3.552999e-09
3860.000000 3.505806e-09
3865.000000 3.575961e-09
3870.000000 3.579461e-09
3875.000000 3.478508e-09
3880.000000 3.271842e-09
3885.000000 2.935264e-09
3890.000000 2.776711e-09
3895.000000 3.036643e-09
3900.000000 3.349215e-09
3905.000000 3.503684e-09
3910.000000 3.611236e-09
3915.000000 3.640864e-09
3920.000000 3.447961e-09
3925.000000 2.935249e-09
3930.000000 2.220013e-09
3935.000000 1.932213e-09
3940.000000 2.358769e-09
3945.000000 2.974891e-09
3950.000000 3.413656e-09
3955.000000 3.493439e-09
3960.000000 3.092885e-09
3965.000000 2.326853e-09
3970.000000 1.992595e-09
3975.000000 2.563522e-09
3980.000000 3.356930e-09
3985.000000 3.815965e-09
3990.000000 4.031981e-09
3995.000000 4.136773e-09
4000.000000 4.172526e-09
4005.000000 4.195505e-09
4010.000000 4.257906e-09
4015.000000 4.345142e-09
4020.000000 4.407034e-09
4025.000000 4.392152e-09
4030.000000 4.316895e-09
4035.000000 4.326648e-09
4040.000000 4.377377e-09
4045.000000 4.300190e-09
4050.000000 4.255272e-09
4055.000000 4.202570e-09
4060.000000 4.152939e-09
4065.000000 4.147429e-09
4070.000000 4.147978e-09
4075.000000 4.073040e-09
4080.000000 4.063721e-09
4085.000000 4.172759e-09
4090.000000 4.151731e-09
4095.000000 3.802637e-09
4100.000000 3.417369e-09
4105.000000 3.493899e-09
4110.000000 3.878893e-09
4115.000000 4.171586e-09
4120.000000 4.267043e-09
4125.000000 4.246882e-09
4130.000000 4.214594e-09
4135.000000 4.295027e-09
4140.000000 4.406155e-09
4145.000000 4.403823e-09
4150.000000 4.359273e-09
4155.000000 4.328061e-09
4160.000000 4.385556e-09
4165.000000 4.425852e-09
4170.000000 4.325401e-09
4175.000000 4.204407e-09
4180.000000 4.202043e-09
4185.000000 4.244852e-09
4190.000000 4.274865e-09
4195.000000 4.237230e-09
4200.000000 4.189990e-09
4205.000000 4.269284e-09
4210.000000 4.387530e-09
4215.000000 4.399924e-09
4220.000000 4.317370e-09
4225.000000 4.160246e-09
4230.000000 4.107058e-09
4235.000000 4.148816e-09
4240.000000 4.194004e-09
4245.000000 4.209525e-09
4250.000000 4.204205e-09
4255.000000 4.207500e-09
4260.000000 4.195032e-09
4265.000000 4.209074e-09
4270.000000 4.159637e-09
4275.000000 4.157934e-09
4280.000000 4.185399e-09
4285.000000 4.087441e-09
4290.000000 3.936921e-09
4295.000000 3.787457e-09
4300.000000 3.592695e-09
4305.000000 3.496748e-09
4310.000000 3.596053e-09
4315.000000 3.917309e-09
4320.000000 4.160079e-09
4325.000000 4.102715e-09
4330.000000 3.936909e-09
4335.000000 3.624529e-09
4340.000000 3.320017e-09
4345.000000 3.491044e-09
4350.000000 3.862236e-09
4355.000000 4.123170e-09
4360.000000 4.297841e-09
4365.000000 4.381348e-09
4370.000000 4.361756e-09
4375.000000 4.301273e-09
4380.000000 4.208034e-09
4385.000000 4.094860e-09
4390.000000 4.140647e-09
4395.000000 4.231440e-09
4400.000000 4.280007e-09
4405.000000 4.305320e-09
4410.000000 4.331377e-09
4415.000000 4.362607e-09
4420.000000 4.407411e-09
4425.000000 4.436907e-09
4430.000000 4.428303e-09
4435.000000 4.391633e-09
4440.000000 4.402485e-09
4445.000000 4.415046e-09
4450.000000 4.399028e-09
4455.000000 4.285027e-09
4460.000000 4.208336e-09
4465.000000 4.259007e-09
4470.000000 4.363843e-09
4475.000000 4.457060e-09
4480.000000 4.459946e-09
4485.000000 4.450468e-09
4490.000000 4.443392e-09
4495.000000 4.471471e-09
4500.000000 4.554993e-09
4505.000000 4.654300e-09
4510.000000 4.679279e-09
4515.000000 4.616094e-09
4520.000000 4.499636e-09
4525.000000 4.347616e-09
4530.000000 4.248797e-09
4535.000000 4.301218e-09
4540.000000 4.387652e-09
4545.000000 4.344318e-09
4550.000000 4.294767e-09
4555.000000 4.361048e-09
4560.000000 4.457722e-09
4565.000000 4.489630e-09
4570.000000 4.501211e-09
4575.000000 4.480277e-09
4580.000000 4.404959e-09
4585.000000 4.329975e-09
4590.000000 4.332230e-09
4595.000000 4.345250e-09
4600.000000 4.350430e-09
4605.000000 4.389910e-09
4610.000000 4.439529e-09
4615.000000 4.452178e-09
4620.000000 4.447368e-09
4625.000000 4.437214e-09
4630.000000 4.428413e-09
4635.000000 4.398877e-09
4640.000000 4.359658e-09
4645.000000 4.320211e-09
4650.000000 4.306623e-09
4655.000000 4.346620e-09
4660.000000 4.367854e-09
4665.000000 4.269491e-09
4670.000000 4.216413e-09
4675.000000 4.300416e-09
4680.000000 4.351929e-09
4685.000000 4.356194e-09
4690.000000 4.351453e-09
4695.000000 4.337788e-09
4700.000000 4.268772e-09
4705.000000 4.214259e-09
4710.000000 4.225406e-09
4715.000000 4.303702e-09
4720.000000 4.355345e-09
4725.000000 4.333232e-09
4730.000000 4.282278e-09
4735.000000 4.272942e-09
4740.000000 4.300126e-09
4745.000000 4.327348e-09
4750.000000 4.305146e-09
4755.000000 4.259337e-09
4760.000000 4.219260e-09
4765.000000 4.184567e-09
4770.000000 4.215383e-09
4775.000000 4.298668e-09
4780.000000 4.306542e-09
4785.000000 4.259732e-09
4790.000000 4.246383e-09
4795.000000 4.276613e-09
4800.000000 4.275533e-09
4805.000000 4.259801e-09
4810.000000 4.251290e-09
4815.000000 4.280488e-09
4820.000000 4.288140e-09
4825.000000 4.237132e-09
4830.000000 4.194509e-09
4835.000000 4.167232e-09
4840.000000 4.132987e-09
4845.000000 4.093585e-09
4850.000000 3.922118e-09
4855.000000 3.525020e-09
4860.000000 3.169830e-09
4865.000000 3.247847e-09
4870.000000 3.583608e-09
4875.000000 3.820507e-09
4880.000000 3.947203e-09
4885.000000 3.947736e-09
4890.000000 3.954795e-09
4895.000000 4.065081e-09
4900.000000 4.157159e-09
4905.000000 4.158937e-09
4910.000000 4.087808e-09
4915.000000 4.004114e-09
4920.000000 3.952132e-09
4925.000000 4.018791e-09
4930.000000 4.097729e-09
4935.000000 4.068670e-09
4940.000000 4.049836e-09
4945.000000 4.119626e-09
4950.000000 4.160726e-09
4955.000000 4.117459e-09
4960.000000 4.094027e-09
4965.000000 4.121275e-09
4970.000000 4.113577e-09
4975.000000 4.075941e-09
4980.000000 4.001540e-09
4985.000000 3.978523e-09
4990.000000 4.033375e-09
4995.000000 4.044563e-09
5000.000000 4.009577e-09
5005.000000 3.957072e-09
5010.000000 3.901463e-09
5015.000000 3.839799e-09
5020.000000 3.850412e-09
5025.000000 3.936068e-09
5030.000000 3.988884e-09
5035.000000 3.947565e-09
5040.000000 3.890775e-09
5045.000000 3.928062e-09
5050.000000 4.001506e-09
5055.000000 4.065867e-09
5060.000000 4.095916e-09
5065.000000 4.037656e-09
5070.000000 3.961553e-09
5075.000000 3.899752e-09
5080.000000 3.878404e-09
5085.000000 3.947485e-09
5090.000000 4.023462e-09
5095.000000 3.989471e-09
5100.000000 3.927743e-09
5105.000000 3.936270e-09
5110.000000 3.969161e-09
5115.000000 4.008966e-09
5120.000000 3.986359e-09
5125.000000 3.913031e-09
5130.000000 3.859734e-09
5135.000000 3.826379e-09
5140.000000 3.796229e-09
5145.000000 3.806260e-09
5150.000000 3.846476e-09
5155.000000 3.885792e-09
5160.000000 3.835686e-09
5165.000000 3.603003e-09
5170.000000 3.444703e-09
5175.000000 3.561175e-09
5180.000000 3.681602e-09
5185.000000 3.652267e-09
5190.000000 3.651722e-09
5195.000000 3.706653e-09
5200.000000 3.753176e-09
5205.000000 3.760112e-09
5210.000000 3.778973e-09
5215.000000 3.805837e-09
5220.000000 3.795172e-09
5225.000000 3.716115e-09
5230.000000 3.683189e-09
5235.000000 3.747503e-09
5240.000000 3.826004e-09
5245.000000 3.850712e-09
5250.000000 3.833518e-09
5255.000000 3.822830e-09
5260.000000 3.738088e-09
5265.000000 3.576820e-09
5270.000000 3.518432e-09
5275.000000 3.589522e-09
5280.000000 3.704187e-09
5285.000000 3.800910e-09
5290.000000 3.853404e-09
5295.000000 3.806502e-09
5300.000000 3.775134e-09
5305.000000 3.821871e-09
5310.000000 3.858795e-09
5315.000000 3.827314e-09
5320.000000 3.746851e-09
5325.000000 3.671774e-09
5330.000000 3.648139e-09
5335.000000 3.687162e-09
5340.000000 3.707445e-09
5345.000000 3.719758e-09
5350.000000 3.756755e-09
5355.000000 3.821152e-09
5360.000000 3.817192e-09
5365.000000 3.720239e-09
5370.000000 3.673449e-09
5375.000000 3.716534e-09
5380.000000 3.747509e-09
5385.000000 3.739131e-09
5390.000000 3.712725e-09
5395.000000 3.668097e-09
5400.000000 3.618558e-09
5405.000000 3.590479e-09
5410.000000 3.604457e-09
5415.000000 3.654268e-09
5420.000000 3.686321e-09
5425.000000 3.682455e-09
5430.000000 3.676123e-09
5435.000000 3.696037e-09
5440.000000 3.734696e-09
5445.000000 3.715596e-09
5450.000000 3.687521e-09
5455.000000 3.672745e-09
5460.000000 3.674557e-09
5465.000000 3.681417e-09
5470.000000 3.684339e-09
5475.000000 3.640624e-09
5480.000000 3.609914e-09
5485.000000 3.641657e-09
5490.000000 3.664672e-09
5495.000000 3.670214e-09
5500.000000 3.659353e-09
5505.000000 3.625301e-09
5510.000000 3.627537e-09
5515.000000 3.670641e-09
5520.000000 3.688597e-09
5525.000000 3.639980e-09
5530.000000 3.593036e-09
5535.000000 3.606681e-09
5540.000000 3.644128e-09
5545.000000 3.659851e-09
5550.000000 3.665712e-09
5555.000000 3.644745e-09
5560.000000 3.611346e-09
5565.000000 3.572463e-09
5570.000000 3.554770e-09
5575.000000 3.582128e-09
5580.000000 3.584666e-09
5585.000000 3.528101e-09
5590.000000 3.462759e-09
5595.000000 3.448041e-09
5600.000000 3.472327e-09
5605.000000 3.541863e-09
5610.000000 3.591860e-09
5615.000000 3.551001e-09
5620.000000 3.522450e-09
5625.000000 3.545754e-09
5630.000000 3.572193e-09
5635.000000 3.557813e-09
5640.000000 3.530107e-09
5645.000000 3.535076e-09
5650.000000 3.533934e-09
5655.000000 3.473822e-09
5660.000000 3.428092e-09
5665.000000 3.462232e-09
5670.000000 3.520999e-09
5675.000000 3.534048e-09
5680.000000 3.495326e-09
5685.000000 3.456952e-09
5690.000000 3.466395e-09
5695.000000 3.484390e-09
5700.000000 3.467435e-09
5705.000000 3.409673e-09
5710.000000 3.376162e-09
5715.000000 3.424484e-09
5720.000000 3.491086e-09
5725.000000 3.518478e-09
5730.000000 3.514485e-09
5735.000000 3.514209e-09
5740.000000 3.517214e-09
5745.000000 3.494560e-09
5750.000000 3.462238e-09
5755.000000 3.444368e-09
5760.000000 3.453343e-09
5765.000000 3.477297e-09
5770.000000 3.487845e-09
5775.000000 3.467304e-09
5780.000000 3.429338e-09
5785.000000 3.413740e-09
5790.000000 3.424051e-09
5795.000000 3.428888e-09
5800.000000 3.442772e-09
5805.000000 3.449914e-09
5810.000000 3.451341e-09
5815.000000 3.455494e-09
5820.000000 3.472406e-09
5825.000000 3.491681e-09
5830.000000 3.488778e-09
5835.000000 3.475491e-09
5840.000000 3.467834e-09
5845.000000 3.453094e-09
5850.000000 3.417769e-09
5855.000000 3.364879e-09
5860.000000 3.357694e-09
5865.000000 3.398791e-09
5870.000000 3.440662e-09
5875.000000 3.439017e-09
5880.000000 3.394986e-09
5885.000000 3.300846e-09
5890.000000 3.194903e-09
5895.000000 3.189481e-09
5900.000000 3.277705e-09
5905.000000 3.356128e-09
5910.000000 3.377217e-09
5915.000000 3.375778e-09
5920.000000 3.373348e-09
5925.000000 3.363244e-09
5930.000000 3.351046e-09
5935.000000 3.353657e-09
5940.000000 3.352547e-09
5945.000000 3.332807e-09
5950.000000 3.315026e-09
5955.000000 3.320822e-09
5960.000000 3.332871e-09
5965.000000 3.339574e-09
5970.000000 3.334689e-09
5975.000000 3.310095e-09
5980.000000 3.291024e-09
5985.000000 3.275985e-09
5990.000000 3.281340e-09
5995.000000 3.285270e-09
6000.000000 3.272165e-09
6005.000000 3.238595e-09
6010.000000 3.224938e-09
6015.000000 3.210294e-09
6020.000000 3.188897e-09
6025.000000 3.199549e-09
6030.000000 3.226263e-09
6035.000000 3.243276e-09
6040.000000 3.239877e-09
6045.000000 3.237243e-09
6050.000000 3.224295e-09
6055.000000 3.220760e-09
6060.000000 3.219636e-09
6065.000000 3.212375e-09
6070.000000 3.211467e-09
6075.000000 3.198737e-09
6080.000000 3.181085e-09
6085.000000 3.175789e-09
6090.000000 3.170430e-09
6095.000000 3.153247e-09
6100.000000 3.132403e-09
6105.000000 3.138109e-09
6110.000000 3.165715e-09
6115.000000 3.157996e-09
6120.000000 3.130249e-09
6125.000000 3.122968e-09
6130.000000 3.114414e-09
6135.000000 3.074087e-09
6140.000000 3.061975e-09
6145.000000 3.080131e-09
6150.000000 3.084310e-09
6155.000000 3.056211e-09
6160.000000 3.016696e-09
6165.000000 3.006045e-09
6170.000000 3.036177e-09
6175.000000 3.075996e-09
6180.000000 3.097715e-09
6185.000000 3.086857e-09
6190.000000 3.075251e-09
6195.000000 3.087259e-09
6200.000000 3.100586e-09
6205.000000 3.112136e-09
6210.000000 3.105890e-09
6215.000000 3.080591e-09
6220.000000 3.061413e-09
6225.000000 3.057445e-09
6230.000000 3.037649e-09
6235.000000 3.023516e-09
6240.000000 3.011374e-09
6245.000000 2.993890e-09
6250.000000 2.983747e-09
6255.000000 2.982978e-09
6260.000000 3.001916e-09
6265.000000 3.017882e-09
6270.000000 3.018619e-09
6275.000000 2.980244e-09
6280.000000 2.943749e-09
6285.000000 2.975111e-09
6290.000000 2.989339e-09
6295.000000 2.965623e-09
6300.000000 2.954869e-09
6305.000000 2.959530e-09
6310.000000 2.966293e-09
6315.000000 2.945774e-09
6320.000000 2.941865e-09
6325.000000 2.970240e-09
6330.000000 2.982573e-09
6335.000000 2.959574e-09
6340.000000 2.950375e-09
6345.000000 2.962555e-09
6350.000000 2.974759e-09
6355.000000 2.963405e-09
6360.000000 2.938148e-09
6365.000000 2.940713e-09
6370.000000 2.951370e-09
6375.000000 2.957854e-09
6380.000000 2.958471e-09
6385.000000 2.957256e-09
6390.000000 2.945105e-09
6395.000000 2.929938e-09
6400.000000 2.918967e-09
6405.000000 2.915338e-09
6410.000000 2.902073e-09
6415.000000 2.890002e-09
6420.000000 2.886385e-09
6425.000000 2.906769e-09
6430.000000 2.907124e-09
6435.000000 2.900933e-09
6440.000000 2.902286e-09
6445.000000 2.905198e-09
6450.000000 2.892099e-09
6455.000000 2.873621e-09
6460.000000 2.856074e-09
6465.000000 2.858109e-09
6470.000000 2.869960e-09
6475.000000 2.871162e-09
6480.000000 2.870578e-09
6485.000000 2.855612e-09
6490.000000 2.807513e-09
6495.000000 2.762267e-09
6500.000000 2.803111e-09
6505.000000 2.857345e-09
6510.000000 2.876633e-09
6515.000000 2.851116e-09
6520.000000 2.840835e-09
6525.000000 2.841151e-09
6530.000000 2.836172e-09
6535.000000 2.829410e-09
6540.000000 2.812927e-09
6545.000000 2.763775e-09
6550.000000 2.663745e-09
6555.000000 2.457910e-09
6560.000000 2.207513e-09
6565.000000 2.228674e-09
6570.000000 2.492520e-09
6575.000000 2.659849e-09
6580.000000 2.730584e-09
6585.000000 2.747318e-09
6590.000000 2.749899e-09
6595.000000 2.763459e-09
6600.000000 2.792509e-09
6605.000000 2.801042e-09
6610.000000 2.803171e-09
6615.000000 2.810685e-09
6620.000000 2.808074e-09
6625.000000 2.799471e-09
6630.000000 2.780092e-09
6635.000000 2.768804e-09
6640.000000 2.776902e-09
6645.000000 2.783803e-09
6650.000000 2.786098e-09
6655.000000 2.777296e-09
6660.000000 2.757699e-09
6665.000000 2.748393e-09
6670.000000 2.757163e-09
6675.000000 2.749285e-09
6680.000000 2.748803e-09
6685.000000 2.759175e-09
6690.000000 2.756097e-09
6695.000000 2.746524e-09
6700.000000 2.739808e-09
6705.000000 2.731344e-09
6710.000000 2.719698e-09
6715.000000 2.698493e-09
6720.000000 2.692331e-09
6725.000000 2.704016e-09
6730.000000 2.707100e-09
6735.000000 2.703186e-09
6740.000000 2.697574e-09
6745.000000 2.694250e-09
6750.000000 2.688947e-09
6755.000000 2.684458e-09
6760.000000 2.686476e-09
6765.000000 2.687722e-09
6770.000000 2.683602e-09
6775.000000 2.685002e-09
6780.000000 2.681738e-09
6785.000000 2.673470e-09
6790.000000 2.669770e-09
6795.000000 2.666183e-09
6800.000000 2.674788e-09
6805.000000 2.673005e-09
6810.000000 2.675580e-09
6815.000000 2.675025e-09
6820.000000 2.668581e-09
6825.000000 2.663082e-09
6830.000000 2.659022e-09
6835.000000 2.649880e-09
6840.000000 2.645801e-09
6845.000000 2.642873e-09
6850.000000 2.640008e-09
6855.000000 2.637149e-09
6860.000000 2.634185e-09
6865.000000 2.631228e-09
6870.000000 2.628178e-09
6875.000000 2.625167e-09
6880.000000 2.622228e-09
6885.000000 2.619260e-09
6890.000000 2.616197e-09
6895.000000 2.613175e-09
6900.000000 2.610243e-09
6905.000000 2.607307e-09
6910.000000 2.604379e-09
6915.000000 2.601552e-09
6920.000000 2.598691e-09
6925.000000 2.595651e-09
6930.000000 2.592527e-09
6935.000000 2.589408e-09
6940.000000 2.586457e-09
6945.000000 2.583611e-09
6950.000000 2.580612e-09
6955.000000 2.577680e-09
6960.000000 2.574689e-09
6965.000000 2.571695e-09
6970.000000 2.568455e-09
6975.000000 2.560885e-09
6980.000000 2.552256e-09
6985.000000 2.557262e-09
6990.000000 2.559663e-09
6995.000000 2.556950e-09
7000.000000 2.538489e-09
7005.000000 2.521302e-09
7010.000000 2.521930e-09
7015.000000 2.513725e-09
7020.000000 2.511104e-09
7025.000000 2.515593e-09
7030.000000 2.525473e-09
7035.000000 2.524424e-09
7040.000000 2.530377e-09
7045.000000 2.542599e-09
7050.000000 2.539597e-09
7055.000000 2.528534e-09
7060.000000 2.521762e-09
7065.000000 2.521262e-09
7070.000000 2.519115e-09
7075.000000 2.520046e-09
7080.000000 2.514154e-09
7085.000000 2.501576e-09
7090.000000 2.492142e-09
7095.000000 2.495211e-09
7100.000000 2.500224e-09
7105.000000 2.494948e-09
7110.000000 2.482418e-09
7115.000000 2.471416e-09
7120.000000 2.465513e-09
7125.000000 2.464501e-09
7130.000000 2.464869e-09
7135.000000 2.472624e-09
7140.000000 2.476150e-09
7145.000000 2.459240e-09
7150.000000 2.445959e-09
7155.000000 2.448761e-09
7160.000000 2.441090e-09
7165.000000 2.414313e-09
7170.000000 2.395434e-09
7175.000000 2.371878e-09
7180.000000 2.344424e-09
7185.000000 2.309622e-09
7190.000000 2.304530e-09
7195.000000 2.316715e-09
7200.000000 2.323358e-09
7205.000000 2.335864e-09
7210.000000 2.365036e-09
7215.000000 2.385823e-09
7220.000000 2.389234e-09
7225.000000 2.385854e-09
7230.000000 2.373745e-09
7235.000000 2.349260e-09
7240.000000 2.339364e-09
7245.000000 2.339247e-09
7250.000000 2.343737e-09
7255.000000 2.349346e-09
7260.000000 2.354204e-09
7265.000000 2.349961e-09
7270.000000 2.349454e-09
7275.000000 2.329760e-09
7280.000000 2.318832e-09
7285.000000 2.301330e-09
7290.000000 2.288018e-09
7295.000000 2.315985e-09
7300.000000 2.331199e-09
7305.000000 2.318630e-09
7310.000000 2.312980e-09
7315.000000 2.324206e-09
7320.000000 2.331172e-09
7325.000000 2.327106e-09
7330.000000 2.325621e-09
7335.000000 2.338919e-09
7340.000000 2.350920e-09
7345.000000 2.343236e-09
7350.000000 2.325810e-09
7355.000000 2.316620e-09
7360.000000 2.319465e-09
7365.000000 2.321465e-09
7370.000000 2.323057e-09
7375.000000 2.322478e-09
7380.000000 2.314027e-09
7385.000000 2.283699e-09
7390.000000 2.271982e-09
7395.000000 2.291974e-09
7400.000000 2.296905e-09
7405.000000 2.282121e-09
7410.000000 2.257467e-09
7415.000000 2.250127e-09
7420.000000 2.259400e-09
7425.000000 2.274898e-09
7430.000000 2.297141e-09
7435.000000 2.299733e-09
7440.000000 2.286220e-09
7445.000000 2.268161e-09
7450.000000 2.270820e-09
7455.000000 2.280880e-09
7460.000000 2.278385e-09
7465.000000 2.279944e-09
7470.000000 2.285938e-09
7475.000000 2.278164e-09
7480.000000 2.270673e-09
7485.000000 2.266731e-09
7490.000000 2.259100e-09
7495.000000 2.247715e-09
7500.000000 2.253062e-09
7505.000000 2.246706e-09
7510.000000 2.227625e-09
7515.000000 2.234387e-09
7520.000000 2.240883e-09
7525.000000 2.234215e-09
7530.000000 2.231050e-09
7535.000000 2.235941e-09
7540.000000 2.245802e-09
7545.000000 2.240267e-09
7550.000000 2.231803e-09
7555.000000 2.228139e-09
7560.000000 2.225233e-09
7565.000000 2.222399e-09
7570.000000 2.219511e-09
7575.000000 2.216508e-09
7580.000000 2.213681e-09
7585.000000 2.210841e-09
7590.000000 2.207979e-09
7595.000000 2.205114e-09
7600.000000 2.202326e-09
7605.000000 2.199607e-09
7610.000000 2.196810e-09
7615.000000 2.193993e-09
7620.000000 2.191181e-09
7625.000000 2.188363e-09
7630.000000 2.185551e-09
7635.000000 2.182730e-09
7640.000000 2.179916e-09
7645.000000 2.177093e-09
7650.000000 2.174268e-09
7655.000000 2.171441e-09
7660.000000 2.168613e-09
7665.000000 2.165775e-09
7670.000000 2.162859e-09
7675.000000 2.159876e-09
7680.000000 2.156987e-09
7685.000000 2.154246e-09
7690.000000 2.151499e-09
7695.000000 2.148574e-09
7700.000000 2.145566e-09
7705.000000 2.142590e-09
7710.000000 2.139855e-09
7715.000000 2.137325e-09
7720.000000 2.134581e-09
7725.000000 2.131841e-09
7730.000000 2.132804e-09
7735.000000 2.139852e-09
7740.000000 2.131070e-09
7745.000000 2.108773e-09
7750.000000 2.099570e-09
7755.000000 2.114198e-09
7760.000000 2.124997e-09
7765.000000 2.120960e-09
7770.000000 2.096147e-09
7775.000000 2.069638e-09
7780.000000 2.071458e-09
7785.000000 2.090701e-09
7790.000000 2.101124e-09
7795.000000 2.093913e-09
7800.000000 2.085024e-09
7805.000000 2.084971e-09
7810.000000 2.085324e-09
7815.000000 2.093668e-09
7820.000000 2.097127e-09
7825.000000 2.090778e-09
7830.000000 2.071979e-09
7835.000000 2.061149e-09
7840.000000 2.070988e-09
7845.000000 2.075726e-09
7850.000000 2.071392e-09
7855.000000 2.072451e-09
7860.000000 2.076399e-09
7865.000000 2.072350e-09
7870.000000 2.068253e-09
7875.000000 2.059486e-09
7880.000000 2.054936e-09
7885.000000 2.059175e-09
7890.000000 2.056892e-09
7895.000000 2.047641e-09
7900.000000 2.043728e-09
7905.000000 2.053102e-09
7910.000000 2.052186e-09
7915.000000 2.039289e-09
7920.000000 2.026660e-09
7925.000000 2.020796e-09
7930.000000 2.008428e-09
7935.000000 2.002595e-09
7940.000000 2.002776e-09
7945.000000 1.997220e-09
7950.000000 2.009824e-09
7955.000000 2.020088e-09
7960.000000 2.021298e-09
7965.000000 2.024640e-09
7970.000000 2.025485e-09
7975.000000 2.023985e-09
7980.000000 2.021908e-09
7985.000000 2.023903e-09
7990.000000 2.018012e-09
7995.000000 2.000861e-09
8000.000000 1.982805e-09
8005.000000 1.986264e-09
8010.000000 1.991083e-09
8015.000000 1.994754e-09
8020.000000 1.993763e-09
8025.000000 1.981522e-09
8030.000000 1.972806e-09
8035.000000 1.981394e-09
8040.000000 1.985581e-09
8045.000000 1.966943e-09
8050.000000 1.958799e-09
8055.000000 1.971894e-09
8060.000000 1.981474e-09
8065.000000 1.981644e-09
8070.000000 1.977734e-09
8075.000000 1.975235e-09
8080.000000 1.972175e-09
8085.000000 1.963358e-09
8090.000000 1.959015e-09
8095.000000 1.952765e-09
8100.000000 1.951663e-09
8105.000000 1.962611e-09
8110.000000 1.965226e-09
8115.000000 1.962101e-09
8120.000000 1.960703e-09
8125.000000 1.956392e-09
8130.000000 1.946422e-09
8135.000000 1.936438e-09
8140.000000 1.929191e-09
8145.000000 1.916776e-09
8150.000000 1.907895e-09
8155.000000 1.901390e-09
8160.000000 1.887248e-09
8165.000000 1.876381e-09
8170.000000 1.879512e-09
8175.000000 1.876091e-09
8180.000000 1.868263e-09
8185.000000 1.875669e-09
8190.000000 1.871868e-09
8195.000000 1.853065e-09
8200.000000 1.863040e-09
8205.000000 1.902423e-09
8210.000000 1.915104e-09
8215.000000 1.900598e-09
8220.000000 1.874444e-09
8225.000000 1.831389e-09
8230.000000 1.803072e-09
8235.000000 1.847029e-09
8240.000000 1.887656e-09
8245.000000 1.891267e-09
8250.000000 1.886878e-09
8255.000000 1.875998e-09
8260.000000 1.882431e-09
8265.000000 1.887575e-09
8270.000000 1.884996e-09
8275.000000 1.864111e-09
8280.000000 1.851464e-09
8285.000000 1.850965e-09
8290.000000 1.849559e-09
8295.000000 1.850939e-09
8300.000000 1.852012e-09
8305.000000 1.846171e-09
8310.000000 1.847010e-09
8315.000000 1.846650e-09
8320.000000 1.840783e-09
8325.000000 1.839782e-09
8330.000000 1.827484e-09
8335.000000 1.814082e-09
8340.000000 1.813212e-09
8345.000000 1.826133e-09
8350.000000 1.836986e-09
8355.000000 1.840407e-09
8360.000000 1.838917e-09
8365.000000 1.838269e-09
8370.000000 1.839681e-09
8375.000000 1.837965e-09
8380.000000 1.834853e-09
8385.000000 1.823971e-09
8390.000000 1.817072e-09
8395.000000 1.821474e-09
8400.000000 1.824481e-09
8405.000000 1.822132e-09
8410.000000 1.822019e-09
8415.000000 1.821902e-09
8420.000000 1.817603e-09
8425.000000 1.816679e-09
8430.000000 1.809318e-09
8435.000000 1.796469e-09
8440.000000 1.787012e-09
8445.000000 1.781180e-09
8450.000000 1.788866e-09
8455.000000 1.804207e-09
8460.000000 1.807422e-09
8465.000000 1.790943e-09
8470.000000 1.776622e-09
8475.000000 1.779116e-09
8480.000000 1.792868e-09
8485.000000 1.797188e-09
8490.000000 1.770415e-09
8495.000000 1.687710e-09
8500.000000 1.629309e-09
8505.000000 1.695446e-09
8510.000000 1.742153e-09
8515.000000 1.739325e-09
8520.000000 1.738345e-09
8525.000000 1.733200e-09
8530.000000 1.713938e-09
8535.000000 1.645087e-09
8540.000000 1.511200e-09
8545.000000 1.452713e-09
8550.000000 1.542694e-09
8555.000000 1.630758e-09
8560.000000 1.694558e-09
8565.000000 1.720224e-09
8570.000000 1.715775e-09
8575.000000 1.709097e-09
8580.000000 1.703422e-09
8585.000000 1.696222e-09
8590.000000 1.683000e-09
8595.000000 1.665913e-09
8600.000000 1.678426e-09
8605.000000 1.691658e-09
8610.000000 1.689737e-09
8615.000000 1.692590e-09
8620.000000 1.699369e-09
8625.000000 1.707879e-09
8630.000000 1.711769e-09
8635.000000 1.708936e-09
8640.000000 1.703871e-09
8645.000000 1.689580e-09
8650.000000 1.663057e-09
8655.000000 1.604432e-09
8660.000000 1.481810e-09
8665.000000 1.451912e-09
8670.000000 1.563417e-09
8675.000000 1.629875e-09
8680.000000 1.654117e-09
8685.000000 1.661871e-09
8690.000000 1.664230e-09
8695.000000 1.681508e-09
8700.000000 1.690882e-09
8705.000000 1.697886e-09
8710.000000 1.689141e-09
8715.000000 1.683122e-09
8720.000000 1.684247e-09
8725.000000 1.674224e-09
8730.000000 1.654036e-09
8735.000000 1.640135e-09
8740.000000 1.624504e-09
8745.000000 1.615024e-09
8750.000000 1.601488e-09
8755.000000 1.612674e-09
8760.000000 1.636178e-09
8765.000000 1.648054e-09
8770.000000 1.649404e-09
8775.000000 1.649330e-09
8780.000000 1.653885e-09
8785.000000 1.646062e-09
8790.000000 1.635857e-09
8795.000000 1.631755e-09
8800.000000 1.636009e-09
8805.000000 1.615148e-09
8810.000000 1.610977e-09
8815.000000 1.637314e-09
8820.000000 1.646037e-09
8825.000000 1.639395e-09
8830.000000 1.632552e-09
8835.000000 1.623158e-09
8840.000000 1.612783e-09
8845.000000 1.609805e-09
8850.000000 1.604094e-09
8855.000000 1.580215e-09
8860.000000 1.548228e-09
8865.000000 1.537890e-09
8870.000000 1.561830e-09
8875.000000 1.587259e-09
8880.000000 1.601006e-09
8885.000000 1.612349e-09
8890.000000 1.616270e-09
8895.000000 1.614314e-09
8900.000000 1.616454e-09
8905.000000 1.623717e-09
8910.000000 1.613707e-09
8915.000000 1.606404e-09
8920.000000 1.613270e-09
8925.000000 1.594293e-09
8930.000000 1.600694e-09
8935.000000 1.618985e-09
8940.000000 1.623768e-09
8945.000000 1.616091e-09
8950.000000 1.600759e-09
8955.000000 1.594655e-09
8960.000000 1.591594e-09
8965.000000 1.584325e-09
8970.000000 1.574375e-09
8975.000000 1.573368e-09
8980.000000 1.564235e-09
8985.000000 1.527563e-09
8990.000000 1.489786e-09
8995.000000 1.530347e-09
9000.000000 1.504612e-09
9005.000000 1.484309e-09
9010.000000 1.460282e-09
9015.000000 1.435550e-09
9020.000000 1.460092e-09
9025.000000 1.506405e-09
9030.000000 1.574601e-09
9035.000000 1.626804e-09
9040.000000 1.635083e-09
9045.000000 1.625478e-09
9050.000000 1.630477e-09
9055.000000 1.617828e-09
9060.000000 1.573798e-09
9065.000000 1.541345e-09
9070.000000 1.527068e-09
9075.000000 1.515868e-09
9080.000000 1.495217e-09
9085.000000 1.486258e-09
9090.000000 1.470009e-09
9095.000000 1.482807e-09
9100.000000 1.502014e-09
9105.000000 1.514363e-09
9110.000000 1.519163e-09
9115.000000 1.517355e-09
9120.000000 1.523128e-09
9125.000000 1.533171e-09
9130.000000 1.501450e-09
9135.000000 1.483062e-09
9140.000000 1.520786e-09
9145.000000 1.535031e-09
9150.000000 1.496506e-09
9155.000000 1.470546e-09
9160.000000 1.497095e-09
9165.000000 1.518448e-09
9170.000000 1.503802e-09
9175.000000 1.475353e-09
9180.000000 1.500668e-09
9185.000000 1.525475e-09
9190.000000 1.532723e-09
9195.000000 1.514684e-09
9200.000000 1.519824e-09
9205.000000 1.511223e-09
9210.000000 1.491201e-09
9215.000000 1.468702e-09
9220.000000 1.450069e-09
9225.000000 1.434701e-09
9230.000000 1.425105e-09
9235.000000 1.439449e-09
9240.000000 1.456021e-09
9245.000000 1.460180e-09
9250.000000 1.458531e-09
9255.000000 1.459432e-09
9260.000000 1.464977e-09
9265.000000 1.486691e-09
9270.000000 1.503565e-09
9275.000000 1.517800e-09
9280.000000 1.518499e-09
9285.000000 1.515581e-09
9290.000000 1.513457e-09
9295.000000 1.498905e-09
9300.000000 1.467577e-09
9305.000000 1.436897e-09
9310.000000 1.419526e-09
9315.000000 1.402657e-09
9320.000000 1.401493e-09
9325.000000 1.411426e-09
9330.000000 1.435068e-09
9335.000000 1.431175e-09
9340.000000 1.413340e-09
9345.000000 1.401314e-09
9350.000000 1.404241e-09
9355.000000 1.366245e-09
9360.000000 1.358477e-09
9365.000000 1.369198e-09
9370.000000 1.372971e-09
9375.000000 1.399462e-09
9380.000000 1.433417e-09
9385.000000 1.494197e-09
9390.000000 1.533527e-09
9395.000000 1.550040e-09
9400.000000 1.529703e-09
9405.000000 1.496390e-09
9410.000000 1.446971e-09
9415.000000 1.407216e-09
9420.000000 1.377682e-09
9425.000000 1.326109e-09
9430.000000 1.310306e-09
9435.000000 1.334934e-09
9440.000000 1.322700e-09
9445.000000 1.360514e-09
9450.000000 1.402129e-09
9455.000000 1.405820e-09
9460.000000 1.405561e-09
9465.000000 1.419158e-09
9470.000000 1.417653e-09
9475.000000 1.403647e-09
9480.000000 1.371905e-09
9485.000000 1.386269e-09
9490.000000 1.370365e-09
9495.000000 1.348365e-09
9500.000000 1.358260e-09
9505.000000 1.403193e-09
9510.000000 1.422710e-09
9515.000000 1.398187e-09
9520.000000 1.372160e-09
9525.000000 1.382692e-09
9530.000000 1.374216e-09
9535.000000 1.362172e-09
9540.000000 1.331745e-09
9545.000000 1.308984e-09
9550.000000 1.329855e-09
9555.000000 1.349565e-09
9560.000000 1.372579e-09
9565.000000 1.381789e-09
9570.000000 1.391903e-09
9575.000000 1.397684e-09
9580.000000 1.380195e-09
9585.000000 1.361353e-09
9590.000000 1.353011e-09
9595.000000 1.353661e-09
9600.000000 1.351401e-09
9605.000000 1.336275e-09
9610.000000 1.332794e-09
9615.000000 1.319618e-09
9620.000000 1.338184e-09
9625.000000 1.320208e-09
9630.000000 1.333304e-09
9635.000000 1.331867e-09
9640.000000 1.320882e-09
9645.000000 1.314795e-09
9650.000000 1.324960e-09
9655.000000 1.327453e-09
9660.000000 1.328592e-09
9665.000000 1.328822e-09
9670.000000 1.341947e-09
9675.000000 1.331718e-09
9680.000000 1.344857e-09
9685.000000 1.353677e-09
9690.000000 1.350285e-09
9695.000000 1.360908e-09
9700.000000 1.345492e-09
9705.000000 1.328469e-09
9710.000000 1.333672e-09
9715.000000 1.326627e-09
9720.000000 1.319018e-09
9725.000000 1.304728e-09
9730.000000 1.294463e-09
9735.000000 1.278638e-09
9740.000000 1.294083e-09
9745.000000 1.301783e-09
9750.000000 1.294948e-09
9755.000000 1.283489e-09
9760.000000 1.307501e-09
9765.000000 1.318849e-09
9770.000000 1.282370e-09
9775.000000 1.280424e-09
9780.000000 1.286364e-09
9785.000000 1.306875e-09
9790.000000 1.305880e-09
9795.000000 1.290426e-09
9800.000000 1.301140e-09
9805.000000 1.313763e-09
9810.000000 1.324727e-09
9815.000000 1.307552e-09
9820.000000 1.284665e-09
9825.000000 1.277201e-09
9830.000000 1.275903e-09
9835.000000 1.278082e-09
9840.000000 1.280615e-09
9845.000000 1.293393e-09
9850.000000 1.299682e-09
9855.000000 1.297607e-09
9860.000000 1.288485e-09
9865.000000 1.283003e-09
9870.000000 1.274788e-09
9875.000000 1.289235e-09
9880.000000 1.255650e-09
9885.000000 1.262875e-09
9890.000000 1.266103e-09
9895.000000 1.237082e-09
9900.000000 1.243573e-09
9905.000000 1.283701e-09
9910.000000 1.272285e-09
9915.000000 1.273505e-09
9920.000000 1.238317e-09
9925.000000 1.248074e-09
9930.000000 1.214849e-09
9935.000000 1.223210e-09
9940.000000 1.219910e-09
9945.000000 1.228898e-09
9950.000000 1.232528e-09
9955.000000 1.245210e-09
9960.000000 1.257635e-09
9965.000000 1.249886e-09
9970.000000 1.246830e-09
9975.000000 1.256549e-09
9980.000000 1.259396e-09
9985.000000 1.225310e-09
9990.000000 1.238788e-09
9995.000000 1.257953e-09
10000.000000 1.263090e-09
10005.000000 1.239024e-09
10010.000000 1.229139e-09
10015.000000 1.231895e-09
10020.000000 1.220091e-09
10025.000000 1.210622e-09
10030.000000 1.211427e-09
10035.000000 1.199302e-09
10040.000000 1.162291e-09
10045.000000 1.133288e-09
10050.000000 1.131467e-09
10055.000000 1.130864e-09
10060.000000 1.178912e-09
10065.000000 1.180994e-09
10070.000000 1.154758e-09
10075.000000 1.196755e-09
10080.000000 1.218832e-09
10085.000000 1.213661e-09
10090.000000 1.206159e-09
10095.000000 1.181893e-09
10100.000000 1.212811e-09
10105.000000 1.187451e-09
10110.000000 1.174703e-09
10115.000000 1.166694e-09
10120.000000 1.221455e-09
10125.000000 1.192474e-09
10130.000000 1.198223e-09
10135.000000 1.185187e-09
10140.000000 1.156822e-09
10145.000000 1.190099e-09
10150.000000 1.208288e-09
10155.000000 1.208370e-09
10160.000000 1.225045e-09
10165.000000 1.197303e-09
10170.000000 1.177627e-09
10175.000000 1.151759e-09
10180.000000 1.149980e-09
10185.000000 1.149265e-09
10190.000000 1.140074e-09
10195.000000 1.122939e-09
10200.000000 1.104568e-09
10205.000000 1.174430e-09
10210.000000 1.203490e-09
10215.000000 1.182071e-09
10220.000000 1.153690e-09
10225.000000 1.150116e-09
10230.000000 1.149498e-09
10235.000000 1.147599e-09
10240.000000 1.144691e-09
10245.000000 1.141189e-09
10250.000000 1.137827e-09
10255.000000 1.135471e-09
10260.000000 1.134951e-09
10265.000000 1.136586e-09
10270.000000 1.139349e-09
10275.000000 1.141701e-09
10280.000000 1.142138e-09
10285.000000 1.139945e-09
10290.000000 1.136478e-09
10295.000000 1.133882e-09
10300.000000 1.134278e-09
10305.000000 1.138792e-09
10310.000000 1.145926e-09
10315.000000 1.153187e-09
10320.000000 1.158062e-09
10325.000000 1.158992e-09
10330.000000 1.156847e-09
10335.000000 1.153434e-09
10340.000000 1.150597e-09
10345.000000 1.149583e-09
10350.000000 1.150046e-09
10355.000000 1.151050e-09
10360.000000 1.151606e-09
10365.000000 1.150861e-09
10370.000000 1.148297e-09
10375.000000 1.143535e-09
10380.000000 1.136251e-09
10385.000000 1.126625e-09
10390.000000 1.116129e-09
10395.000000 1.106733e-09
10400.000000 1.100372e-09
10405.000000 1.098195e-09
10410.000000 1.099306e-09
10415.000000 1.102006e-09
10420.000000 1.104561e-09
10425.000000 1.105544e-09
10430.000000 1.104335e-09
10435.000000 1.100616e-09
10440.000000 1.094179e-09
10445.000000 1.085364e-09
10450.000000 1.076024e-09
10455.000000 1.068564e-09
10460.000000 1.065347e-09
10465.000000 1.067649e-09
10470.000000 1.073910e-09
10475.000000 1.081484e-09
10480.000000 1.087691e-09
10485.000000 1.090587e-09
10490.000000 1.090159e-09
10495.000000 1.087130e-09
10500.000000 1.082326e-09
10505.000000 1.076841e-09
10510.000000 1.072453e-09
10515.000000 1.071222e-09
10520.000000 1.075072e-09
10525.000000 1.084493e-09
10530.000000 1.096223e-09
10535.000000 1.105545e-09
10540.000000 1.107826e-09
10545.000000 1.100508e-09
10550.000000 1.086502e-09
10555.000000 1.070810e-09
10560.000000 1.058489e-09
10565.000000 1.052968e-09
10570.000000 1.053496e-09
10575.000000 1.057702e-09
10580.000000 1.063109e-09
10585.000000 1.067819e-09
10590.000000 1.071425e-09
10595.000000 1.074091e-09
10600.000000 1.076035e-09
10605.000000 1.077457e-09
10610.000000 1.078507e-09
10615.000000 1.079305e-09
10620.000000 8.098393e-10
