1150.000000 0.000000e+00
1155.000000 0.000000e+00
1160.000000 0.000000e+00
1165.000000 0.000000e+00
1170.000000 0.000000e+00
1175.000000 0.000000e+00
1180.000000 0.000000e+00
1185.000000 0.000000e+00
1190.000000 0.000000e+00
1195.000000 0.000000e+00
1200.000000 0.000000e+00
1205.000000 0.000000e+00
1210.000000 0.000000e+00
1215.000000 0.000000e+00
1220.000000 0.000000e+00
1225.000000 0.000000e+00
1230.000000 0.000000e+00
1235.000000 0.000000e+00
1240.000000 0.000000e+00
1245.000000 0.000000e+00
1250.000000 0.000000e+00
1255.000000 0.000000e+00
1260.000000 0.000000e+00
1265.000000 0.000000e+00
1270.000000 0.000000e+00
1275.000000 0.000000e+00
1280.000000 0.000000e+00
1285.000000 0.000000e+00
1290.000000 0.000000e+00
1295.000000 0.000000e+00
1300.000000 0.000000e+00
1305.000000 0.000000e+00
1310.000000 0.000000e+00
1315.000000 0.000000e+00
1320.000000 0.000000e+00
1325.000000 0.000000e+00
1330.000000 0.000000e+00
1335.000000 0.000000e+00
1340.000000 0.000000e+00
1345.000000 0.000000e+00
1350.000000 0.000000e+00
1355.000000 0.000000e+00
1360.000000 0.000000e+00
1365.000000 0.000000e+00
1370.000000 0.000000e+00
1375.000000 0.000000e+00
1380.000000 0.000000e+00
1385.000000 0.000000e+00
1390.000000 0.000000e+00
1395.000000 0.000000e+00
1400.000000 0.000000e+00
1405.000000 0.000000e+00
1410.000000 0.000000e+00
1415.000000 0.000000e+00
1420.000000 0.000000e+00
1425.000000 0.000000e+00
1430.000000 0.000000e+00
1435.000000 0.000000e+00
1440.000000 0.000000e+00
1445.000000 0.000000e+00
1450.000000 0.000000e+00
1455.000000 0.000000e+00
1460.000000 0.000000e+00
1465.000000 0.000000e+00
1470.000000 0.000000e+00
1475.000000 0.000000e+00
1480.000000 0.000000e+00
1485.000000 0.000000e+00
1490.000000 0.000000e+00
1495.000000 0.000000e+00
1500.000000 0.000000e+00
1505.000000 0.000000e+00
1510.000000 0.000000e+00
1515.000000 0.000000e+00
1520.000000 0.000000e+00
1525.000000 0.000000e+00
1530.000000 0.000000e+00
1535.000000 0.000000e+00
1540.000000 0.000000e+00
1545.000000 0.000000e+00
1550.000000 0.000000e+00
1555.000000 0.000000e+00
1560.000000 0.000000e+00
1565.000000 0.000000e+00
1570.000000 0.000000e+00
1575.000000 0.000000e+00
1580.000000 0.000000e+00
1585.000000 0.000000e+00
1590.000000 0.000000e+00
1595.000000 0.000000e+00
1600.000000 0.000000e+00
1605.000000 0.000000e+00
1610.000000 0.000000e+00
1615.000000 0.000000e+00
1620.000000 0.000000e+00
1625.000000 0.000000e+00
1630.000000 0.000000e+00
1635.000000 0.000000e+00
1640.000000 0.000000e+00
1645.000000 0.000000e+00
1650.000000 0.000000e+00
1655.000000 0.000000e+00
1660.000000 0.000000e+00
1665.000000 0.000000e+00
1670.000000 0.000000e+00
1675.000000 0.000000e+00
1680.000000 0.000000e+00
1685.000000 0.000000e+00
1690.000000 0.000000e+00
1695.000000 0.000000e+00
1700.000000 0.000000e+00
1705.000000 0.000000e+00
1710.000000 0.000000e+00
1715.000000 0.000000e+00
1720.000000 0.000000e+00
1725.000000 0.000000e+00
1730.000000 0.000000e+00
1735.000000 0.000000e+00
1740.000000 0.000000e+00
1745.000000 0.000000e+00
1750.000000 0.000000e+00
1755.000000 0.000000e+00
1760.000000 0.000000e+00
1765.000000 0.000000e+00
1770.000000 0.000000e+00
1775.000000 0.000000e+00
1780.000000 0.000000e+00
1785.000000 0.000000e+00
1790.000000 0.000000e+00
1795.000000 0.000000e+00
1800.000000 0.000000e+00
1805.000000 0.000000e+00
1810.000000 0.000000e+00
1815.000000 0.000000e+00
1820.000000 0.000000e+00
1825.000000 0.000000e+00
1830.000000 0.000000e+00
1835.000000 0.000000e+00
1840.000000 0.000000e+00
1845.000000 0.000000e+00
1850.000000 0.000000e+00
1855.000000 0.000000e+00
1860.000000 0.000000e+00
1865.000000 0.000000e+00
1870.000000 0.000000e+00
1875.000000 0.000000e+00
1880.000000 0.000000e+00
1885.000000 0.000000e+00
1890.000000 0.000000e+00
1895.000000 0.000000e+00
1900.000000 0.000000e+00
1905.000000 0.000000e+00
1910.000000 0.000000e+00
1915.000000 0.000000e+00
1920.000000 0.000000e+00
1925.000000 0.000000e+00
1930.000000 0.000000e+00
1935.000000 0.000000e+00
1940.000000 0.000000e+00
1945.000000 0.000000e+00
1950.000000 0.000000e+00
1955.000000 0.000000e+00
1960.000000 0.000000e+00
1965.000000 0.000000e+00
1970.000000 0.000000e+00
1975.000000 0.000000e+00
1980.000000 0.000000e+00
1985.000000 0.000000e+00
1990.000000 0.000000e+00
1995.000000 0.000000e+00
2000.000000 0.000000e+00
2005.000000 0.000000e+00
2010.000000 0.000000e+00
2015.000000 0.000000e+00
2020.000000 0.000000e+00
2025.000000 0.000000e+00
2030.000000 0.000000e+00
2035.000000 0.000000e+00
2040.000000 0.000000e+00
2045.000000 0.000000e+00
2050.000000 0.000000e+00
2055.000000 0.000000e+00
2060.000000 0.000000e+00
2065.000000 0.000000e+00
2070.000000 0.000000e+00
2075.000000 0.000000e+00
2080.000000 0.000000e+00
2085.000000 0.000000e+00
2090.000000 0.000000e+00
2095.000000 0.000000e+00
2100.000000 0.000000e+00
2105.000000 0.000000e+00
2110.000000 0.000000e+00
2115.000000 0.000000e+00
2120.000000 0.000000e+00
2125.000000 0.000000e+00
2130.000000 0.000000e+00
2135.000000 0.000000e+00
2140.000000 0.000000e+00
2145.000000 0.000000e+00
2150.000000 0.000000e+00
2155.000000 0.000000e+00
2160.000000 0.000000e+00
2165.000000 0.000000e+00
2170.000000 0.000000e+00
2175.000000 0.000000e+00
2180.000000 0.000000e+00
2185.000000 0.000000e+00
2190.000000 0.000000e+00
2195.000000 0.000000e+00
2200.000000 0.000000e+00
2205.000000 0.000000e+00
2210.000000 0.000000e+00
2215.000000 0.000000e+00
2220.000000 0.000000e+00
2225.000000 0.000000e+00
2230.000000 0.000000e+00
2235.000000 0.000000e+00
2240.000000 0.000000e+00
2245.000000 0.000000e+00
2250.000000 0.000000e+00
2255.000000 0.000000e+00
2260.000000 0.000000e+00
2265.000000 0.000000e+00
2270.000000 0.000000e+00
2275.000000 0.000000e+00
2280.000000 0.000000e+00
2285.000000 0.000000e+00
2290.000000 0.000000e+00
2295.000000 0.000000e+00
2300.000000 0.000000e+00
2305.000000 0.000000e+00
2310.000000 0.000000e+00
2315.000000 0.000000e+00
2320.000000 0.000000e+00
2325.000000 0.000000e+00
2330.000000 0.000000e+00
2335.000000 0.000000e+00
2340.000000 0.000000e+00
2345.000000 0.000000e+00
2350.000000 0.000000e+00
2355.000000 0.000000e+00
2360.000000 0.000000e+00
2365.000000 0.000000e+00
2370.000000 0.000000e+00
2375.000000 0.000000e+00
2380.000000 0.000000e+00
2385.000000 0.000000e+00
2390.000000 0.000000e+00
2395.000000 0.000000e+00
2400.000000 0.000000e+00
2405.000000 0.000000e+00
2410.000000 0.000000e+00
2415.000000 0.000000e+00
2420.000000 0.000000e+00
2425.000000 0.000000e+00
2430.000000 0.000000e+00
2435.000000 0.000000e+00
2440.000000 0.000000e+00
2445.000000 0.000000e+00
2450.000000 0.000000e+00
2455.000000 0.000000e+00
2460.000000 0.000000e+00
2465.000000 0.000000e+00
2470.000000 0.000000e+00
2475.000000 0.000000e+00
2480.000000 0.000000e+00
2485.000000 0.000000e+00
2490.000000 0.000000e+00
2495.000000 0.000000e+00
2500.000000 0.000000e+00
2505.000000 0.000000e+00
2510.000000 0.000000e+00
2515.000000 0.000000e+00
2520.000000 0.000000e+00
2525.000000 0.000000e+00
2530.000000 0.000000e+00
2535.000000 0.000000e+00
2540.000000 0.000000e+00
2545.000000 0.000000e+00
2550.000000 0.000000e+00
2555.000000 0.000000e+00
2560.000000 0.000000e+00
2565.000000 0.000000e+00
2570.000000 0.000000e+00
2575.000000 0.000000e+00
2580.000000 0.000000e+00
2585.000000 0.000000e+00
2590.000000 0.000000e+00
2595.000000 0.000000e+00
2600.000000 0.000000e+00
2605.000000 0.000000e+00
2610.000000 0.000000e+00
2615.000000 0.000000e+00
2620.000000 0.000000e+00
2625.000000 0.000000e+00
2630.000000 0.000000e+00
2635.000000 0.000000e+00
2640.000000 0.000000e+00
2645.000000 0.000000e+00
2650.000000 0.000000e+00
2655.000000 0.000000e+00
2660.000000 0.000000e+00
2665.000000 0.000000e+00
2670.000000 0.000000e+00
2675.000000 0.000000e+00
2680.000000 0.000000e+00
2685.000000 0.000000e+00
2690.000000 0.000000e+00
2695.000000 0.000000e+00
2700.000000 0.000000e+00
2705.000000 0.000000e+00
2710.000000 0.000000e+00
2715.000000 0.000000e+00
2720.000000 0.000000e+00
2725.000000 0.000000e+00
2730.000000 0.000000e+00
2735.000000 0.000000e+00
2740.000000 0.000000e+00
2745.000000 0.000000e+00
2750.000000 4.756426e-16
2755.000000 3.324321e-15
2760.000000 4.273877e-15
2765.000000 7.598194e-15
2770.000000 1.092079e-14
2775.000000 1.187035e-14
2780.000000 1.471902e-14
2785.000000 1.471731e-14
2790.000000 1.139302e-14
2795.000000 7.119145e-15
2800.000000 9.478636e-16
2805.000000 0.000000e+00
2810.000000 0.000000e+00
2815.000000 0.000000e+00
2820.000000 0.000000e+00
2825.000000 0.000000e+00
2830.000000 0.000000e+00
2835.000000 0.000000e+00
2840.000000 0.000000e+00
2845.000000 0.000000e+00
2850.000000 4.280514e-15
2855.000000 3.515033e-14
2860.000000 7.598302e-14
2865.000000 1.172880e-13
2870.000000 1.547932e-13
2875.000000 1.837486e-13
2880.000000 1.951354e-13
2885.000000 1.870550e-13
2890.000000 1.557081e-13
2895.000000 9.397201e-14
2900.000000 1.232299e-14
2905.000000 0.000000e+00
2910.000000 0.000000e+00
2915.000000 0.000000e+00
2920.000000 0.000000e+00
2925.000000 0.000000e+00
2930.000000 0.000000e+00
2935.000000 0.000000e+00
2940.000000 0.000000e+00
2945.000000 0.000000e+00
2950.000000 6.325274e-14
2955.000000 5.210735e-13
2960.000000 1.148304e-12
2965.000000 1.873804e-12
2970.000000 2.668607e-12
2975.000000 3.508031e-12
2980.000000 4.363585e-12
2985.000000 5.211060e-12
2990.000000 6.023861e-12
2995.000000 6.773029e-12
3000.000000 7.434827e-12
3005.000000 7.991709e-12
3010.000000 8.456485e-12
3015.000000 8.843869e-12
3020.000000 9.179518e-12
3025.000000 9.479101e-12
3030.000000 9.766340e-12
3035.000000 1.006070e-11
3040.000000 1.037929e-11
3045.000000 1.074632e-11
3050.000000 1.118125e-11
3055.000000 1.169690e-11
3060.000000 1.228850e-11
3065.000000 1.294848e-11
3070.000000 1.366778e-11
3075.000000 1.443125e-11
3080.000000 1.523459e-11
3085.000000 1.606499e-11
3090.000000 1.691154e-11
3095.000000 1.776754e-11
3100.000000 1.861789e-11
3105.000000 1.945681e-11
3110.000000 2.028101e-11
3115.000000 2.108910e-11
3120.000000 2.187581e-11
3125.000000 2.264206e-11
3130.000000 2.338271e-11
3135.000000 2.409677e-11
3140.000000 2.478375e-11
3145.000000 2.544039e-11
3150.000000 2.606280e-11
3155.000000 2.664817e-11
3160.000000 2.719749e-11
3165.000000 2.770312e-11
3170.000000 2.816554e-11
3175.000000 2.857857e-11
3180.000000 2.893607e-11
3185.000000 2.923940e-11
3190.000000 2.948535e-11
3195.000000 2.966716e-11
3200.000000 2.978156e-11
3205.000000 2.983231e-11
3210.000000 2.983043e-11
3215.000000 2.979049e-11
3220.000000 2.972782e-11
3225.000000 2.965850e-11
3230.000000 2.960251e-11
3235.000000 2.957117e-11
3240.000000 2.958403e-11
3245.000000 2.965480e-11
3250.000000 2.980104e-11
3255.000000 3.003705e-11
3260.000000 3.036849e-11
3265.000000 3.080249e-11
3270.000000 3.134613e-11
3275.000000 3.200471e-11
3280.000000 3.278713e-11
3285.000000 3.369646e-11
3290.000000 3.474149e-11
3295.000000 3.592703e-11
3300.000000 3.725693e-11
3305.000000 3.873308e-11
3310.000000 4.034506e-11
3315.000000 4.207377e-11
3320.000000 4.389602e-11
3325.000000 4.579984e-11
3330.000000 4.776455e-11
3335.000000 4.976862e-11
3340.000000 5.179779e-11
3345.000000 5.383183e-11
3350.000000 5.585383e-11
3355.000000 5.784745e-11
3360.000000 5.980827e-11
3365.000000 6.174101e-11
3370.000000 6.364403e-11
3375.000000 6.551697e-11
3380.000000 6.736241e-11
3385.000000 6.917839e-11
3390.000000 7.096781e-11
3395.000000 7.273351e-11
3400.000000 7.447325e-11
3405.000000 7.618562e-11
3410.000000 7.786735e-11
3415.000000 7.951106e-11
3420.000000 8.110910e-11
3425.000000 8.265449e-11
3430.000000 8.414189e-11
3435.000000 8.556197e-11
3440.000000 8.690947e-11
3445.000000 8.817710e-11
3450.000000 8.935826e-11
3455.000000 9.045491e-11
3460.000000 9.148716e-11
3465.000000 9.247844e-11
3470.000000 9.345740e-11
3475.000000 9.444884e-11
3480.000000 9.548136e-11
3485.000000 9.658246e-11
3490.000000 9.777849e-11
3495.000000 9.909652e-11
3500.000000 1.005642e-10
3505.000000 1.021946e-10
3510.000000 1.039921e-10
3515.000000 1.059402e-10
3520.000000 1.080307e-10
3525.000000 1.102484e-10
3530.000000 1.125862e-10
3535.000000 1.150310e-10
3540.000000 1.175711e-10
3545.000000 1.201971e-10
3550.000000 1.228929e-10
3555.000000 1.256473e-10
3560.000000 1.284356e-10
3565.000000 1.312321e-10
3570.000000 1.340127e-10
3575.000000 1.367521e-10
3580.000000 1.394260e-10
3585.000000 1.420056e-10
3590.000000 1.444646e-10
3595.000000 1.467814e-10
3600.000000 1.489291e-10
3605.000000 1.508974e-10
3610.000000 1.527191e-10
3615.000000 1.544413e-10
3620.000000 1.561075e-10
3625.000000 1.577690e-10
3630.000000 1.594686e-10
3635.000000 1.612530e-10
3640.000000 1.631731e-10
3645.000000 1.652756e-10
3650.000000 1.676025e-10
3655.000000 1.701625e-10
3660.000000 1.728754e-10
3665.000000 1.756291e-10
3670.000000 1.783034e-10
3675.000000 1.807803e-10
3680.000000 1.829417e-10
3685.000000 1.846704e-10
3690.000000 1.858474e-10
3695.000000 1.863538e-10
3700.000000 1.908638e-10
3705.000000 2.151172e-10
3710.000000 1.973196e-10
3715.000000 1.865900e-10
3720.000000 1.895304e-10
3725.000000 1.945392e-10
3730.000000 1.930947e-10
3735.000000 1.826712e-10
3740.000000 1.719434e-10
3745.000000 1.708819e-10
3750.000000 1.834228e-10
3755.000000 2.015246e-10
3760.000000 2.222380e-10
3765.000000 2.442678e-10
3770.000000 2.664376e-10
3775.000000 2.853537e-10
3780.000000 2.921504e-10
3785.000000 2.814465e-10
3790.000000 2.626325e-10
3795.000000 2.497433e-10
3800.000000 2.532171e-10
3805.000000 2.711896e-10
3810.000000 2.747568e-10
3815.000000 2.440742e-10
3820.000000 2.088296e-10
3825.000000 2.006188e-10
3830.000000 2.068493e-10
3835.000000 2.088021e-10
3840.000000 2.160840e-10
3845.000000 2.371127e-10
3850.000000 2.488022e-10
3855.000000 2.328131e-10
3860.000000 2.146768e-10
3865.000000 2.214489e-10
3870.000000 2.399955e-10
3875.000000 2.492846e-10
3880.000000 2.488234e-10
3885.000000 2.459153e-10
3890.000000 2.465897e-10
3895.000000 2.547795e-10
3900.000000 2.705708e-10
3905.000000 2.894805e-10
3910.000000 2.989837e-10
3915.000000 2.882672e-10
3920.000000 2.591681e-10
3925.000000 2.196687e-10
3930.000000 1.815428e-10
3935.000000 1.593951e-10
3940.000000 1.707120e-10
3945.000000 2.199094e-10
3950.000000 2.742337e-10
3955.000000 2.952119e-10
3960.000000 2.682458e-10
3965.000000 2.080714e-10
3970.000000 1.795092e-10
3975.000000 2.304032e-10
3980.000000 3.160500e-10
3985.000000 3.790476e-10
3990.000000 4.211569e-10
3995.000000 4.583679e-10
4000.000000 4.835375e-10
4005.000000 4.920443e-10
4010.000000 5.093128e-10
4015.000000 5.505484e-10
4020.000000 5.754413e-10
4025.000000 5.520714e-10
4030.000000 5.248098e-10
4035.000000 5.387563e-10
4040.000000 5.646051e-10
4045.000000 5.641727e-10
4050.000000 5.516549e-10
4055.000000 5.521417e-10
4060.000000 5.645575e-10
4065.000000 5.754977e-10
4070.000000 5.688219e-10
4075.000000 5.495484e-10
4080.000000 5.760098e-10
4085.000000 6.750061e-10
4090.000000 7.422002e-10
4095.000000 6.931082e-10
4100.000000 6.234185e-10
4105.000000 6.366556e-10
4110.000000 6.765351e-10
4115.000000 6.656141e-10
4120.000000 6.338260e-10
4125.000000 6.306893e-10
4130.000000 6.455926e-10
4135.000000 6.515367e-10
4140.000000 6.426857e-10
4145.000000 6.305657e-10
4150.000000 6.472096e-10
4155.000000 7.060684e-10
4160.000000 7.540057e-10
4165.000000 7.425570e-10
4170.000000 7.020377e-10
4175.000000 6.825240e-10
4180.000000 7.039774e-10
4185.000000 7.538739e-10
4190.000000 7.699533e-10
4195.000000 7.163892e-10
4200.000000 6.718838e-10
4205.000000 7.091966e-10
4210.000000 7.708710e-10
4215.000000 7.697502e-10
4220.000000 6.774419e-10
4225.000000 5.298099e-10
4230.000000 4.637341e-10
4235.000000 5.730827e-10
4240.000000 7.426041e-10
4245.000000 8.288908e-10
4250.000000 8.257576e-10
4255.000000 7.847758e-10
4260.000000 7.651155e-10
4265.000000 8.003651e-10
4270.000000 8.542610e-10
4275.000000 8.756189e-10
4280.000000 8.450954e-10
4285.000000 7.771789e-10
4290.000000 7.386978e-10
4295.000000 7.732136e-10
4300.000000 8.162609e-10
4305.000000 8.164046e-10
4310.000000 8.599602e-10
4315.000000 1.015763e-09
4320.000000 1.170155e-09
4325.000000 1.201853e-09
4330.000000 1.154780e-09
4335.000000 1.116863e-09
4340.000000 1.121348e-09
4345.000000 1.168962e-09
4350.000000 1.235010e-09
4355.000000 1.294783e-09
4360.000000 1.345527e-09
4365.000000 1.382557e-09
4370.000000 1.374958e-09
4375.000000 1.298793e-09
4380.000000 1.177788e-09
4385.000000 1.070301e-09
4390.000000 1.071150e-09
4395.000000 1.208948e-09
4400.000000 1.310748e-09
4405.000000 1.238574e-09
4410.000000 1.141870e-09
4415.000000 1.188024e-09
4420.000000 1.302472e-09
4425.000000 1.362119e-09
4430.000000 1.366308e-09
4435.000000 1.364834e-09
4440.000000 1.406619e-09
4445.000000 1.492171e-09
4450.000000 1.506219e-09
4455.000000 1.374237e-09
4460.000000 1.239424e-09
4465.000000 1.254783e-09
4470.000000 1.379818e-09
4475.000000 1.518972e-09
4480.000000 1.630360e-09
4485.000000 1.696132e-09
4490.000000 1.704460e-09
4495.000000 1.669819e-09
4500.000000 1.669185e-09
4505.000000 1.757040e-09
4510.000000 1.866566e-09
4515.000000 1.900067e-09
4520.000000 1.806087e-09
4525.000000 1.607857e-09
4530.000000 1.469527e-09
4535.000000 1.515707e-09
4540.000000 1.632622e-09
4545.000000 1.683386e-09
4550.000000 1.708853e-09
4555.000000 1.785898e-09
4560.000000 1.901695e-09
4565.000000 2.008995e-09
4570.000000 2.066644e-09
4575.000000 2.056447e-09
4580.000000 2.010615e-09
4585.000000 1.964127e-09
4590.000000 1.911858e-09
4595.000000 1.856467e-09
4600.000000 1.860225e-09
4605.000000 1.975943e-09
4610.000000 2.168476e-09
4615.000000 2.357045e-09
4620.000000 2.433776e-09
4625.000000 2.336763e-09
4630.000000 2.148435e-09
4635.000000 1.974928e-09
4640.000000 1.843562e-09
4645.000000 1.774360e-09
4650.000000 1.842558e-09
4655.000000 2.054929e-09
4660.000000 2.189801e-09
4665.000000 2.079831e-09
4670.000000 1.922403e-09
4675.000000 1.936624e-09
4680.000000 2.034244e-09
4685.000000 2.079381e-09
4690.000000 2.122918e-09
4695.000000 2.229170e-09
4700.000000 2.307106e-09
4705.000000 2.277359e-09
4710.000000 2.246535e-09
4715.000000 2.313339e-09
4720.000000 2.371360e-09
4725.000000 2.314792e-09
4730.000000 2.245621e-09
4735.000000 2.285960e-09
4740.000000 2.397560e-09
4745.000000 2.491362e-09
4750.000000 2.511064e-09
4755.000000 2.426554e-09
4760.000000 2.243010e-09
4765.000000 2.016818e-09
4770.000000 1.898474e-09
4775.000000 1.975755e-09
4780.000000 2.085888e-09
4785.000000 2.079993e-09
4790.000000 2.088349e-09
4795.000000 2.231537e-09
4800.000000 2.329022e-09
4805.000000 2.217795e-09
4810.000000 2.081761e-09
4815.000000 2.119772e-09
4820.000000 2.220643e-09
4825.000000 2.231994e-09
4830.000000 2.209269e-09
4835.000000 2.242963e-09
4840.000000 2.299421e-09
4845.000000 2.309096e-09
4850.000000 2.241745e-09
4855.000000 2.116438e-09
4860.000000 2.035741e-09
4865.000000 2.082968e-09
4870.000000 2.208479e-09
4875.000000 2.319121e-09
4880.000000 2.346545e-09
4885.000000 2.293603e-09
4890.000000 2.314557e-09
4895.000000 2.519444e-09
4900.000000 2.756167e-09
4905.000000 2.842227e-09
4910.000000 2.783535e-09
4915.000000 2.684554e-09
4920.000000 2.704547e-09
4925.000000 2.901894e-09
4930.000000 3.035190e-09
4935.000000 2.936136e-09
4940.000000 2.907265e-09
4945.000000 3.164369e-09
4950.000000 3.242522e-09
4955.000000 2.753368e-09
4960.000000 2.184614e-09
4965.000000 2.077861e-09
4970.000000 2.232634e-09
4975.000000 2.302725e-09
4980.000000 2.318345e-09
4985.000000 2.391851e-09
4990.000000 2.455956e-09
4995.000000 2.419440e-09
5000.000000 2.319592e-09
5005.000000 2.224646e-09
5010.000000 2.152853e-09
5015.000000 2.127330e-09
5020.000000 2.229553e-09
5025.000000 2.468246e-09
5030.000000 2.612101e-09
5035.000000 2.498313e-09
5040.000000 2.376049e-09
5045.000000 2.508303e-09
5050.000000 2.779590e-09
5055.000000 2.978883e-09
5060.000000 3.033986e-09
5065.000000 2.949828e-09
5070.000000 2.786600e-09
5075.000000 2.636428e-09
5080.000000 2.619661e-09
5085.000000 2.783869e-09
5090.000000 2.962048e-09
5095.000000 2.981806e-09
5100.000000 2.872609e-09
5105.000000 2.750216e-09
5110.000000 2.743285e-09
5115.000000 2.888815e-09
5120.000000 2.986309e-09
5125.000000 2.885956e-09
5130.000000 2.795147e-09
5135.000000 2.894160e-09
5140.000000 2.946414e-09
5145.000000 2.771084e-09
5150.000000 2.733401e-09
5155.000000 3.072594e-09
5160.000000 3.171857e-09
5165.000000 2.528367e-09
5170.000000 1.785930e-09
5175.000000 1.664407e-09
5180.000000 1.926670e-09
5185.000000 2.133529e-09
5190.000000 2.291563e-09
5195.000000 2.478664e-09
5200.000000 2.501341e-09
5205.000000 2.255091e-09
5210.000000 2.137071e-09
5215.000000 2.465119e-09
5220.000000 2.856998e-09
5225.000000 2.915267e-09
5230.000000 2.897397e-09
5235.000000 3.088859e-09
5240.000000 3.195022e-09
5245.000000 2.950717e-09
5250.000000 2.745905e-09
5255.000000 2.930211e-09
5260.000000 3.098577e-09
5265.000000 2.862974e-09
5270.000000 2.634940e-09
5275.000000 2.877237e-09
5280.000000 3.370332e-09
5285.000000 3.712754e-09
5290.000000 3.738758e-09
5295.000000 3.499719e-09
5300.000000 3.348523e-09
5305.000000 3.547310e-09
5310.000000 3.835162e-09
5315.000000 3.875909e-09
5320.000000 3.667911e-09
5325.000000 3.374426e-09
5330.000000 3.234635e-09
5335.000000 3.377644e-09
5340.000000 3.588374e-09
5345.000000 3.663764e-09
5350.000000 3.762171e-09
5355.000000 4.015960e-09
5360.000000 4.136525e-09
5365.000000 3.902977e-09
5370.000000 3.686016e-09
5375.000000 3.833185e-09
5380.000000 4.042214e-09
5385.000000 3.958963e-09
5390.000000 3.749100e-09
5395.000000 3.655823e-09
5400.000000 3.598463e-09
5405.000000 3.489168e-09
5410.000000 3.544783e-09
5415.000000 3.901333e-09
5420.000000 4.185421e-09
5425.000000 4.080783e-09
5430.000000 3.920387e-09
5435.000000 4.034902e-09
5440.000000 4.103620e-09
5445.000000 3.781619e-09
5450.000000 3.322732e-09
5455.000000 3.089704e-09
5460.000000 3.112337e-09
5465.000000 3.268037e-09
5470.000000 3.389354e-09
5475.000000 3.385406e-09
5480.000000 3.392382e-09
5485.000000 3.531852e-09
5490.000000 3.666069e-09
5495.000000 3.636622e-09
5500.000000 3.497286e-09
5505.000000 3.382357e-09
5510.000000 3.412323e-09
5515.000000 3.619047e-09
5520.000000 3.827700e-09
5525.000000 3.881883e-09
5530.000000 3.874620e-09
5535.000000 3.936640e-09
5540.000000 4.043947e-09
5545.000000 4.117653e-09
5550.000000 4.099615e-09
5555.000000 3.980214e-09
5560.000000 3.850210e-09
5565.000000 3.805062e-09
5570.000000 3.850687e-09
5575.000000 3.931268e-09
5580.000000 3.925638e-09
5585.000000 3.763349e-09
5590.000000 3.567663e-09
5595.000000 3.488404e-09
5600.000000 3.547281e-09
5605.000000 3.681734e-09
5610.000000 3.746346e-09
5615.000000 3.651926e-09
5620.000000 3.529933e-09
5625.000000 3.512980e-09
5630.000000 3.521004e-09
5635.000000 3.466345e-09
5640.000000 3.453378e-09
5645.000000 3.578213e-09
5650.000000 3.721035e-09
5655.000000 3.743220e-09
5660.000000 3.678629e-09
5665.000000 3.623680e-09
5670.000000 3.658021e-09
5675.000000 3.807475e-09
5680.000000 3.980107e-09
5685.000000 4.073831e-09
5690.000000 4.076171e-09
5695.000000 4.012931e-09
5700.000000 3.920557e-09
5705.000000 3.852977e-09
5710.000000 3.896226e-09
5715.000000 4.070551e-09
5720.000000 4.198739e-09
5725.000000 4.140419e-09
5730.000000 4.044890e-09
5735.000000 4.090698e-09
5740.000000 4.239171e-09
5745.000000 4.376296e-09
5750.000000 4.419115e-09
5755.000000 4.352313e-09
5760.000000 4.295415e-09
5765.000000 4.341257e-09
5770.000000 4.384847e-09
5775.000000 4.313933e-09
5780.000000 4.198078e-09
5785.000000 4.163471e-09
5790.000000 4.292082e-09
5795.000000 4.577430e-09
5800.000000 4.834195e-09
5805.000000 4.888078e-09
5810.000000 4.772127e-09
5815.000000 4.605273e-09
5820.000000 4.517913e-09
5825.000000 4.582065e-09
5830.000000 4.710933e-09
5835.000000 4.776131e-09
5840.000000 4.700752e-09
5845.000000 4.476313e-09
5850.000000 4.216989e-09
5855.000000 4.041442e-09
5860.000000 3.959996e-09
5865.000000 3.940117e-09
5870.000000 3.943605e-09
5875.000000 3.902213e-09
5880.000000 3.681247e-09
5885.000000 3.248845e-09
5890.000000 2.901358e-09
5895.000000 2.909142e-09
5900.000000 3.146810e-09
5905.000000 3.384191e-09
5910.000000 3.520745e-09
5915.000000 3.547842e-09
5920.000000 3.554581e-09
5925.000000 3.620574e-09
5930.000000 3.710324e-09
5935.000000 3.769071e-09
5940.000000 3.806885e-09
5945.000000 3.841282e-09
5950.000000 3.844522e-09
5955.000000 3.809953e-09
5960.000000 3.827804e-09
5965.000000 3.950420e-09
5970.000000 4.039879e-09
5975.000000 3.988010e-09
5980.000000 3.950218e-09
5985.000000 4.078835e-09
5990.000000 4.254114e-09
5995.000000 4.317942e-09
6000.000000 4.289808e-09
6005.000000 4.245826e-09
6010.000000 4.226355e-09
6015.000000 4.257326e-09
6020.000000 4.365280e-09
6025.000000 4.543173e-09
6030.000000 4.697696e-09
6035.000000 4.765370e-09
6040.000000 4.840820e-09
6045.000000 4.994618e-09
6050.000000 5.083214e-09
6055.000000 4.996657e-09
6060.000000 4.922741e-09
6065.000000 5.038500e-09
6070.000000 5.194972e-09
6075.000000 5.206295e-09
6080.000000 5.122178e-09
6085.000000 5.060896e-09
6090.000000 5.074550e-09
6095.000000 5.162193e-09
6100.000000 5.257748e-09
6105.000000 5.292554e-09
6110.000000 5.255898e-09
6115.000000 5.185467e-09
6120.000000 5.180252e-09
6125.000000 5.273677e-09
6130.000000 5.279347e-09
6135.000000 5.080371e-09
6140.000000 4.945838e-09
6145.000000 5.067520e-09
6150.000000 5.061841e-09
6155.000000 4.587697e-09
6160.000000 3.991735e-09
6165.000000 3.718250e-09
6170.000000 3.762111e-09
6175.000000 3.915352e-09
6180.000000 3.915924e-09
6185.000000 3.644705e-09
6190.000000 3.387408e-09
6195.000000 3.425842e-09
6200.000000 3.630003e-09
6205.000000 3.757204e-09
6210.000000 3.695003e-09
6215.000000 3.451098e-09
6220.000000 3.202129e-09
6225.000000 3.106730e-09
6230.000000 3.116332e-09
6235.000000 3.146259e-09
6240.000000 3.222737e-09
6245.000000 3.365166e-09
6250.000000 3.464289e-09
6255.000000 3.446214e-09
6260.000000 3.454334e-09
6265.000000 3.607132e-09
6270.000000 3.746708e-09
6275.000000 3.736618e-09
6280.000000 3.767171e-09
6285.000000 4.002291e-09
6290.000000 4.214402e-09
6295.000000 4.191365e-09
6300.000000 4.151187e-09
6305.000000 4.325641e-09
6310.000000 4.550589e-09
6315.000000 4.628730e-09
6320.000000 4.676250e-09
6325.000000 4.835945e-09
6330.000000 5.001151e-09
6335.000000 5.046439e-09
6340.000000 5.048248e-09
6345.000000 5.071573e-09
6350.000000 4.957038e-09
6355.000000 4.635458e-09
6360.000000 4.487218e-09
6365.000000 4.813635e-09
6370.000000 5.263144e-09
6375.000000 5.416794e-09
6380.000000 5.339834e-09
6385.000000 5.247062e-09
6390.000000 5.243075e-09
6395.000000 5.350806e-09
6400.000000 5.503663e-09
6405.000000 5.614519e-09
6410.000000 5.629048e-09
6415.000000 5.540381e-09
6420.000000 5.432544e-09
6425.000000 5.409146e-09
6430.000000 5.529526e-09
6435.000000 5.760289e-09
6440.000000 5.881535e-09
6445.000000 5.755901e-09
6450.000000 5.637739e-09
6455.000000 5.782831e-09
6460.000000 6.056283e-09
6465.000000 6.212942e-09
6470.000000 6.126081e-09
6475.000000 5.813507e-09
6480.000000 5.531224e-09
6485.000000 5.455138e-09
6490.000000 5.335203e-09
6495.000000 4.979801e-09
6500.000000 4.762953e-09
6505.000000 5.018412e-09
6510.000000 5.409741e-09
6515.000000 5.539251e-09
6520.000000 5.527903e-09
6525.000000 5.617638e-09
6530.000000 5.828244e-09
6535.000000 6.057257e-09
6540.000000 6.125240e-09
6545.000000 5.916942e-09
6550.000000 5.557033e-09
6555.000000 5.251692e-09
6560.000000 5.173238e-09
6565.000000 5.370581e-09
6570.000000 5.615350e-09
6575.000000 5.695608e-09
6580.000000 5.711241e-09
6585.000000 5.804632e-09
6590.000000 5.914029e-09
6595.000000 5.933430e-09
6600.000000 5.856360e-09
6605.000000 5.742590e-09
6610.000000 5.713071e-09
6615.000000 5.819227e-09
6620.000000 5.880752e-09
6625.000000 5.752369e-09
6630.000000 5.605327e-09
6635.000000 5.616731e-09
6640.000000 5.661971e-09
6645.000000 5.573624e-09
6650.000000 5.383627e-09
6655.000000 5.209524e-09
6660.000000 5.177929e-09
6665.000000 5.316865e-09
6670.000000 5.402019e-09
6675.000000 5.251900e-09
6680.000000 5.042919e-09
6685.000000 4.990884e-09
6690.000000 5.054674e-09
6695.000000 5.131975e-09
6700.000000 5.220692e-09
6705.000000 5.303393e-09
6710.000000 5.224944e-09
6715.000000 4.913459e-09
6720.000000 4.647517e-09
6725.000000 4.683928e-09
6730.000000 4.872148e-09
6735.000000 4.971644e-09
6740.000000 4.925024e-09
6745.000000 4.794649e-09
6750.000000 4.755495e-09
6755.000000 4.917835e-09
6760.000000 5.122541e-09
6765.000000 5.206368e-09
6770.000000 5.258098e-09
6775.000000 5.367014e-09
6780.000000 5.375748e-09
6785.000000 5.171224e-09
6790.000000 5.001159e-09
6795.000000 5.105227e-09
6800.000000 5.338668e-09
6805.000000 5.481644e-09
6810.000000 5.511191e-09
6815.000000 5.490076e-09
6820.000000 5.496350e-09
6825.000000 5.575939e-09
6830.000000 5.683374e-09
6835.000000 5.763312e-09
6840.000000 5.824361e-09
6845.000000 5.891151e-09
6850.000000 5.964321e-09
6855.000000 6.037687e-09
6860.000000 6.112777e-09
6865.000000 6.191179e-09
6870.000000 6.266061e-09
6875.000000 6.331740e-09
6880.000000 6.393925e-09
6885.000000 6.458958e-09
6890.000000 6.523578e-09
6895.000000 6.584882e-09
6900.000000 6.650540e-09
6905.000000 6.728364e-09
6910.000000 6.815473e-09
6915.000000 6.903786e-09
6920.000000 6.983200e-09
6925.000000 7.050180e-09
6930.000000 7.119461e-09
6935.000000 7.203458e-09
6940.000000 7.290497e-09
6945.000000 7.364491e-09
6950.000000 7.422809e-09
6955.000000 7.474730e-09
6960.000000 7.543274e-09
6965.000000 7.620558e-09
6970.000000 7.610731e-09
6975.000000 7.468954e-09
6980.000000 7.365026e-09
6985.000000 7.443712e-09
6990.000000 7.573150e-09
6995.000000 7.604148e-09
7000.000000 7.618058e-09
7005.000000 7.715051e-09
7010.000000 7.811124e-09
7015.000000 7.814445e-09
7020.000000 7.799994e-09
7025.000000 7.858884e-09
7030.000000 7.956391e-09
7035.000000 8.059615e-09
7040.000000 8.253702e-09
7045.000000 8.486244e-09
7050.000000 8.250971e-09
7055.000000 7.257480e-09
7060.000000 6.222358e-09
7065.000000 5.920553e-09
7070.000000 6.255040e-09
7075.000000 6.742024e-09
7080.000000 6.800844e-09
7085.000000 6.162906e-09
7090.000000 5.431345e-09
7095.000000 5.229952e-09
7100.000000 5.380595e-09
7105.000000 5.547415e-09
7110.000000 5.784961e-09
7115.000000 6.114983e-09
7120.000000 6.084774e-09
7125.000000 5.410824e-09
7130.000000 4.721002e-09
7135.000000 4.651987e-09
7140.000000 4.950691e-09
7145.000000 5.177219e-09
7150.000000 5.307511e-09
7155.000000 5.430648e-09
7160.000000 5.495632e-09
7165.000000 5.454402e-09
7170.000000 5.416326e-09
7175.000000 5.476004e-09
7180.000000 5.532420e-09
7185.000000 5.481848e-09
7190.000000 5.410243e-09
7195.000000 5.429093e-09
7200.000000 5.524205e-09
7205.000000 5.656044e-09
7210.000000 5.846919e-09
7215.000000 6.113093e-09
7220.000000 6.388901e-09
7225.000000 6.588472e-09
7230.000000 6.661251e-09
7235.000000 6.621125e-09
7240.000000 6.609666e-09
7245.000000 6.745168e-09
7250.000000 6.959918e-09
7255.000000 7.147382e-09
7260.000000 7.286904e-09
7265.000000 7.390116e-09
7270.000000 7.461671e-09
7275.000000 7.491795e-09
7280.000000 7.449504e-09
7285.000000 7.364152e-09
7290.000000 7.433711e-09
7295.000000 7.776305e-09
7300.000000 8.139886e-09
7305.000000 8.268104e-09
7310.000000 8.262963e-09
7315.000000 8.298609e-09
7320.000000 8.376048e-09
7325.000000 8.473467e-09
7330.000000 8.684750e-09
7335.000000 9.049463e-09
7340.000000 9.348433e-09
7345.000000 9.364201e-09
7350.000000 9.150357e-09
7355.000000 8.890330e-09
7360.000000 8.824859e-09
7365.000000 9.100000e-09
7370.000000 9.560677e-09
7375.000000 9.947297e-09
7380.000000 1.003744e-08
7385.000000 9.782700e-09
7390.000000 9.536689e-09
7395.000000 9.627622e-09
7400.000000 9.919122e-09
7405.000000 1.013332e-08
7410.000000 1.010379e-08
7415.000000 9.841212e-09
7420.000000 9.682029e-09
7425.000000 9.878272e-09
7430.000000 1.015169e-08
7435.000000 1.019306e-08
7440.000000 1.014066e-08
7445.000000 1.019281e-08
7450.000000 1.025142e-08
7455.000000 1.019501e-08
7460.000000 1.014355e-08
7465.000000 1.022037e-08
7470.000000 1.031188e-08
7475.000000 1.028524e-08
7480.000000 1.019925e-08
7485.000000 1.015586e-08
7490.000000 1.017158e-08
7495.000000 1.021585e-08
7500.000000 1.022970e-08
7505.000000 1.019474e-08
7510.000000 1.021785e-08
7515.000000 1.036627e-08
7520.000000 1.048522e-08
7525.000000 1.044205e-08
7530.000000 1.038011e-08
7535.000000 1.044854e-08
7540.000000 1.053502e-08
7545.000000 1.050035e-08
7550.000000 1.040106e-08
7555.000000 1.033331e-08
7560.000000 1.029468e-08
7565.000000 1.025329e-08
7570.000000 1.020412e-08
7575.000000 1.015213e-08
7580.000000 1.009838e-08
7585.000000 1.004411e-08
7590.000000 9.995314e-09
7595.000000 9.955791e-09
7600.000000 9.918748e-09
7605.000000 9.876612e-09
7610.000000 9.830682e-09
7615.000000 9.784432e-09
7620.000000 9.738336e-09
7625.000000 9.692130e-09
7630.000000 9.646997e-09
7635.000000 9.603652e-09
7640.000000 9.559997e-09
7645.000000 9.514016e-09
7650.000000 9.466615e-09
7655.000000 9.418915e-09
7660.000000 9.369933e-09
7665.000000 9.319480e-09
7670.000000 9.271442e-09
7675.000000 9.229618e-09
7680.000000 9.193595e-09
7685.000000 9.161466e-09
7690.000000 9.131480e-09
7695.000000 9.101588e-09
7700.000000 9.068671e-09
7705.000000 9.033736e-09
7710.000000 9.007936e-09
7715.000000 8.989022e-09
7720.000000 8.935015e-09
7725.000000 8.854558e-09
7730.000000 8.914803e-09
7735.000000 9.169501e-09
7740.000000 9.235958e-09
7745.000000 8.852330e-09
7750.000000 8.493964e-09
7755.000000 8.622450e-09
7760.000000 8.929264e-09
7765.000000 9.010044e-09
7770.000000 8.988326e-09
7775.000000 9.070893e-09
7780.000000 9.142166e-09
7785.000000 9.068361e-09
7790.000000 9.001094e-09
7795.000000 9.107808e-09
7800.000000 9.306037e-09
7805.000000 9.469739e-09
7810.000000 9.612632e-09
7815.000000 9.767575e-09
7820.000000 9.871343e-09
7825.000000 9.844072e-09
7830.000000 9.669342e-09
7835.000000 9.414665e-09
7840.000000 9.293359e-09
7845.000000 9.445786e-09
7850.000000 9.682647e-09
7855.000000 9.792021e-09
7860.000000 9.829998e-09
7865.000000 9.900582e-09
7870.000000 9.960711e-09
7875.000000 9.955582e-09
7880.000000 9.949759e-09
7885.000000 9.992119e-09
7890.000000 9.972679e-09
7895.000000 9.809002e-09
7900.000000 9.646563e-09
7905.000000 9.621075e-09
7910.000000 9.618455e-09
7915.000000 9.529455e-09
7920.000000 9.504155e-09
7925.000000 9.673706e-09
7930.000000 9.858154e-09
7935.000000 9.847673e-09
7940.000000 9.674252e-09
7945.000000 9.480503e-09
7950.000000 9.443085e-09
7955.000000 9.653855e-09
7960.000000 9.958521e-09
7965.000000 1.017396e-08
7970.000000 1.028564e-08
7975.000000 1.034195e-08
7980.000000 1.038004e-08
7985.000000 1.040481e-08
7990.000000 1.035872e-08
7995.000000 1.022265e-08
8000.000000 1.013767e-08
8005.000000 1.025629e-08
8010.000000 1.058724e-08
8015.000000 1.096706e-08
8020.000000 1.095711e-08
8025.000000 1.039625e-08
8030.000000 1.008386e-08
8035.000000 1.063095e-08
8040.000000 1.122557e-08
8045.000000 1.104406e-08
8050.000000 1.065030e-08
8055.000000 1.075348e-08
8060.000000 1.103566e-08
8065.000000 1.101139e-08
8070.000000 1.081772e-08
8075.000000 1.075473e-08
8080.000000 1.089002e-08
8085.000000 1.111558e-08
8090.000000 1.113156e-08
8095.000000 1.079646e-08
8100.000000 1.054683e-08
8105.000000 1.073309e-08
8110.000000 1.092298e-08
8115.000000 1.070660e-08
8120.000000 1.050760e-08
8125.000000 1.076126e-08
8130.000000 1.109335e-08
8135.000000 1.103936e-08
8140.000000 1.072893e-08
8145.000000 1.047602e-08
8150.000000 1.045186e-08
8155.000000 1.064103e-08
8160.000000 1.071500e-08
8165.000000 1.045641e-08
8170.000000 1.022839e-08
8175.000000 1.036446e-08
8180.000000 1.054799e-08
8185.000000 1.042029e-08
8190.000000 1.017039e-08
8195.000000 1.009075e-08
8200.000000 1.018314e-08
8205.000000 1.037346e-08
8210.000000 1.068183e-08
8215.000000 1.103455e-08
8220.000000 1.103302e-08
8225.000000 1.048553e-08
8230.000000 1.004944e-08
8235.000000 1.033907e-08
8240.000000 1.100378e-08
8245.000000 1.144114e-08
8250.000000 1.138997e-08
8255.000000 1.094205e-08
8260.000000 1.071915e-08
8265.000000 1.112952e-08
8270.000000 1.153241e-08
8275.000000 1.129040e-08
8280.000000 1.081787e-08
8285.000000 1.068847e-08
8290.000000 1.081660e-08
8295.000000 1.089769e-08
8300.000000 1.075271e-08
8305.000000 1.040289e-08
8310.000000 1.023096e-08
8315.000000 1.049670e-08
8320.000000 1.079805e-08
8325.000000 1.071685e-08
8330.000000 1.045477e-08
8335.000000 1.033260e-08
8340.000000 1.035024e-08
8345.000000 1.041248e-08
8350.000000 1.050850e-08
8355.000000 1.061754e-08
8360.000000 1.060769e-08
8365.000000 1.043172e-08
8370.000000 1.036140e-08
8375.000000 1.055630e-08
8380.000000 1.058702e-08
8385.000000 1.015407e-08
8390.000000 9.869042e-09
8395.000000 1.029735e-08
8400.000000 1.097129e-08
8405.000000 1.126118e-08
8410.000000 1.116752e-08
8415.000000 1.091933e-08
8420.000000 1.068420e-08
8425.000000 1.053863e-08
8430.000000 1.040883e-08
8435.000000 1.024770e-08
8440.000000 1.021350e-08
8445.000000 1.041307e-08
8450.000000 1.061692e-08
8455.000000 1.059681e-08
8460.000000 1.046615e-08
8465.000000 1.041414e-08
8470.000000 1.047794e-08
8475.000000 1.061931e-08
8480.000000 1.075994e-08
8485.000000 1.078757e-08
8490.000000 1.054836e-08
8495.000000 1.003546e-08
8500.000000 9.653400e-09
8505.000000 9.718550e-09
8510.000000 9.917645e-09
8515.000000 9.893845e-09
8520.000000 9.808494e-09
8525.000000 9.929311e-09
8530.000000 1.024510e-08
8535.000000 1.041061e-08
8540.000000 9.570604e-09
8545.000000 7.557319e-09
8550.000000 6.421914e-09
8555.000000 7.771577e-09
8560.000000 9.875332e-09
8565.000000 1.065566e-08
8570.000000 1.048945e-08
8575.000000 1.038226e-08
8580.000000 1.045581e-08
8585.000000 1.052805e-08
8590.000000 1.058095e-08
8595.000000 1.066673e-08
8600.000000 1.082025e-08
8605.000000 1.101756e-08
8610.000000 1.111290e-08
8615.000000 1.102628e-08
8620.000000 1.096412e-08
8625.000000 1.112834e-08
8630.000000 1.142191e-08
8635.000000 1.167212e-08
8640.000000 1.181810e-08
8645.000000 1.190022e-08
8650.000000 1.207291e-08
8655.000000 1.219538e-08
8660.000000 1.132041e-08
8665.000000 9.147066e-09
8670.000000 7.787437e-09
8675.000000 8.913554e-09
8680.000000 1.068809e-08
8685.000000 1.108853e-08
8690.000000 1.106663e-08
8695.000000 1.149108e-08
8700.000000 1.083117e-08
8705.000000 1.113683e-08
8710.000000 1.123579e-08
8715.000000 1.126120e-08
8720.000000 1.128254e-08
8725.000000 1.130042e-08
8730.000000 1.131536e-08
8735.000000 1.132796e-08
8740.000000 1.133882e-08
8745.000000 1.134845e-08
8750.000000 1.135745e-08
8755.000000 1.136625e-08
8760.000000 1.137491e-08
8765.000000 1.138338e-08
8770.000000 1.139159e-08
8775.000000 1.139948e-08
8780.000000 1.140699e-08
8785.000000 1.141405e-08
8790.000000 1.142059e-08
8795.000000 1.142656e-08
8800.000000 1.143186e-08
8805.000000 1.143634e-08
8810.000000 1.143956e-08
8815.000000 1.144100e-08
8820.000000 1.144014e-08
8825.000000 1.143643e-08
8830.000000 1.142937e-08
8835.000000 1.141839e-08
8840.000000 1.140298e-08
8845.000000 1.138260e-08
8850.000000 1.135675e-08
8855.000000 1.132535e-08
8860.000000 1.128926e-08
8865.000000 1.124971e-08
8870.000000 1.120802e-08
8875.000000 1.116552e-08
8880.000000 1.112349e-08
8885.000000 1.108322e-08
8890.000000 1.104600e-08
8895.000000 1.101316e-08
8900.000000 1.098592e-08
8905.000000 1.096518e-08
8910.000000 1.095071e-08
8915.000000 1.094191e-08
8920.000000 1.093816e-08
8925.000000 1.093878e-08
8930.000000 1.094314e-08
8935.000000 1.095061e-08
8940.000000 1.096055e-08
8945.000000 1.097225e-08
8950.000000 1.098518e-08
8955.000000 1.099884e-08
8960.000000 1.101316e-08
8965.000000 1.102834e-08
8970.000000 1.104454e-08
8975.000000 1.106188e-08
8980.000000 1.108055e-08
8985.000000 1.110070e-08
8990.000000 1.112245e-08
8995.000000 1.114604e-08
9000.000000 1.117152e-08
9005.000000 1.119875e-08
9010.000000 1.122674e-08
9015.000000 1.125418e-08
9020.000000 1.127972e-08
9025.000000 1.130204e-08
9030.000000 1.131984e-08
9035.000000 1.133173e-08
9040.000000 1.133643e-08
9045.000000 1.133257e-08
9050.000000 1.131890e-08
9055.000000 1.129468e-08
9060.000000 1.126069e-08
9065.000000 1.121826e-08
9070.000000 1.116868e-08
9075.000000 1.111342e-08
9080.000000 1.105380e-08
9085.000000 1.099119e-08
9090.000000 1.092698e-08
9095.000000 1.086253e-08
9100.000000 1.079920e-08
9105.000000 1.073821e-08
9110.000000 1.068052e-08
9115.000000 1.062680e-08
9120.000000 1.057793e-08
9125.000000 1.053457e-08
9130.000000 1.049755e-08
9135.000000 1.046758e-08
9140.000000 1.044546e-08
9145.000000 1.043196e-08
9150.000000 1.042773e-08
9155.000000 1.043298e-08
9160.000000 1.044631e-08
9165.000000 1.046585e-08
9170.000000 1.048964e-08
9175.000000 1.051569e-08
9180.000000 1.054208e-08
9185.000000 1.056683e-08
9190.000000 1.058794e-08
9195.000000 1.060352e-08
9200.000000 1.061161e-08
9205.000000 1.061110e-08
9210.000000 1.060265e-08
9215.000000 1.058772e-08
9220.000000 1.056779e-08
9225.000000 1.054437e-08
9230.000000 1.051894e-08
9235.000000 1.049301e-08
9240.000000 1.046808e-08
9245.000000 1.044565e-08
9250.000000 1.042718e-08
9255.000000 1.041364e-08
9260.000000 1.040486e-08
9265.000000 1.040021e-08
9270.000000 1.039903e-08
9275.000000 1.040062e-08
9280.000000 1.040429e-08
9285.000000 1.040939e-08
9290.000000 1.041522e-08
9295.000000 1.042112e-08
9300.000000 1.042638e-08
9305.000000 1.043043e-08
9310.000000 1.043283e-08
9315.000000 1.043327e-08
9320.000000 1.043134e-08
9325.000000 1.042674e-08
9330.000000 1.041913e-08
9335.000000 1.040814e-08
9340.000000 1.039343e-08
9345.000000 1.037465e-08
9350.000000 1.035151e-08
9355.000000 1.032396e-08
9360.000000 1.029288e-08
9365.000000 1.025940e-08
9370.000000 1.022463e-08
9375.000000 1.018980e-08
9380.000000 1.015602e-08
9385.000000 1.012450e-08
9390.000000 1.009639e-08
9395.000000 1.007284e-08
9400.000000 1.005498e-08
9405.000000 1.004363e-08
9410.000000 1.003861e-08
9415.000000 1.003946e-08
9420.000000 1.004566e-08
9425.000000 1.005670e-08
9430.000000 1.007202e-08
9435.000000 1.009116e-08
9440.000000 1.011356e-08
9445.000000 1.013870e-08
9450.000000 1.016611e-08
9455.000000 1.019529e-08
9460.000000 1.022599e-08
9465.000000 1.025798e-08
9470.000000 1.029108e-08
9475.000000 1.032505e-08
9480.000000 1.035971e-08
9485.000000 1.039484e-08
9490.000000 1.043023e-08
9495.000000 1.046569e-08
9500.000000 1.050096e-08
9505.000000 1.053584e-08
9510.000000 1.056991e-08
9515.000000 1.060275e-08
9520.000000 1.063390e-08
9525.000000 1.066294e-08
9530.000000 1.068946e-08
9535.000000 1.071293e-08
9540.000000 1.073301e-08
9545.000000 1.074920e-08
9550.000000 1.076111e-08
9555.000000 1.076847e-08
9560.000000 1.077150e-08
9565.000000 1.077057e-08
9570.000000 1.076610e-08
9575.000000 1.075848e-08
9580.000000 1.074810e-08
9585.000000 1.073541e-08
9590.000000 1.072073e-08
9595.000000 1.070447e-08
9600.000000 1.068711e-08
9605.000000 1.066898e-08
9610.000000 1.065050e-08
9615.000000 1.063205e-08
9620.000000 1.061409e-08
9625.000000 1.059701e-08
9630.000000 1.058114e-08
9635.000000 1.056701e-08
9640.000000 1.055496e-08
9645.000000 1.054536e-08
9650.000000 1.053865e-08
9655.000000 1.053508e-08
9660.000000 1.053455e-08
9665.000000 1.053687e-08
9670.000000 1.054177e-08
9675.000000 1.054906e-08
9680.000000 1.055849e-08
9685.000000 1.056981e-08
9690.000000 1.058278e-08
9695.000000 1.059721e-08
9700.000000 1.061286e-08
9705.000000 1.062949e-08
9710.000000 1.064696e-08
9715.000000 1.066508e-08
9720.000000 1.068375e-08
9725.000000 1.070283e-08
9730.000000 1.072213e-08
9735.000000 1.074154e-08
9740.000000 1.076091e-08
9745.000000 1.078004e-08
9750.000000 1.079885e-08
9755.000000 1.081718e-08
9760.000000 1.083497e-08
9765.000000 1.085209e-08
9770.000000 1.086850e-08
9775.000000 1.088412e-08
9780.000000 1.089887e-08
9785.000000 1.091270e-08
9790.000000 1.092546e-08
9795.000000 1.093718e-08
9800.000000 1.094771e-08
9805.000000 1.095704e-08
9810.000000 1.096510e-08
9815.000000 1.097192e-08
9820.000000 1.097751e-08
9825.000000 1.098185e-08
9830.000000 1.098496e-08
9835.000000 1.098682e-08
9840.000000 1.098743e-08
9845.000000 1.098681e-08
9850.000000 1.098494e-08
9855.000000 1.098191e-08
9860.000000 1.097795e-08
9865.000000 1.097336e-08
9870.000000 1.096838e-08
9875.000000 1.096339e-08
9880.000000 1.095862e-08
9885.000000 1.095443e-08
9890.000000 1.095106e-08
9895.000000 1.094884e-08
9900.000000 1.094807e-08
9905.000000 1.094888e-08
9910.000000 1.095112e-08
9915.000000 1.095449e-08
9920.000000 1.095873e-08
9925.000000 1.096350e-08
9930.000000 1.096851e-08
9935.000000 1.097345e-08
9940.000000 1.097806e-08
9945.000000 1.098199e-08
9950.000000 1.098495e-08
9955.000000 1.098674e-08
9960.000000 1.098728e-08
9965.000000 1.098661e-08
9970.000000 1.098468e-08
9975.000000 1.098153e-08
9980.000000 1.097714e-08
9985.000000 1.097156e-08
9990.000000 1.096481e-08
9995.000000 1.095687e-08
10000.000000 1.094773e-08
10005.000000 1.093756e-08
10010.000000 1.092669e-08
10015.000000 1.091565e-08
10020.000000 1.090491e-08
10025.000000 1.089492e-08
10030.000000 1.088621e-08
10035.000000 1.087928e-08
10040.000000 1.087458e-08
10045.000000 1.087261e-08
10050.000000 1.087384e-08
10055.000000 1.087848e-08
10060.000000 1.088619e-08
10065.000000 1.089640e-08
10070.000000 1.090844e-08
10075.000000 1.092170e-08
10080.000000 1.093557e-08
10085.000000 1.094943e-08
10090.000000 1.096268e-08
10095.000000 1.097466e-08
10100.000000 1.098479e-08
10105.000000 1.099254e-08
10110.000000 1.099755e-08
10115.000000 1.099958e-08
10120.000000 1.099839e-08
10125.000000 1.099376e-08
10130.000000 1.098540e-08
10135.000000 1.097309e-08
10140.000000 1.095658e-08
10145.000000 1.093565e-08
10150.000000 1.091005e-08
10155.000000 1.087990e-08
10160.000000 1.084627e-08
10165.000000 1.081045e-08
10170.000000 1.077380e-08
10175.000000 1.073773e-08
10180.000000 1.070357e-08
10185.000000 1.067274e-08
10190.000000 1.064659e-08
10195.000000 1.062648e-08
10200.000000 1.061378e-08
10205.000000 1.060926e-08
10210.000000 1.061251e-08
10215.000000 1.062255e-08
10220.000000 1.063837e-08
10225.000000 1.065900e-08
10230.000000 1.068339e-08
10235.000000 1.071056e-08
10240.000000 1.073953e-08
10245.000000 1.076926e-08
10250.000000 1.079877e-08
10255.000000 1.082711e-08
10260.000000 1.085353e-08
10265.000000 1.087729e-08
10270.000000 1.089769e-08
10275.000000 1.091401e-08
10280.000000 1.092554e-08
10285.000000 1.093157e-08
10290.000000 1.093140e-08
10295.000000 1.092431e-08
10300.000000 1.090962e-08
10305.000000 1.088726e-08
10310.000000 1.085843e-08
10315.000000 1.082496e-08
10320.000000 1.078865e-08
10325.000000 1.075132e-08
10330.000000 1.071484e-08
10335.000000 1.068102e-08
10340.000000 1.065172e-08
10345.000000 1.062876e-08
10350.000000 1.061392e-08
10355.000000 1.060823e-08
10360.000000 1.061102e-08
10365.000000 1.062084e-08
10370.000000 1.063622e-08
10375.000000 1.065559e-08
10380.000000 1.067755e-08
10385.000000 1.070057e-08
10390.000000 1.072315e-08
10395.000000 1.074381e-08
10400.000000 1.076109e-08
10405.000000 1.077401e-08
10410.000000 1.078261e-08
10415.000000 1.078741e-08
10420.000000 1.078899e-08
10425.000000 1.078786e-08
10430.000000 1.078466e-08
10435.000000 1.077989e-08
10440.000000 1.077409e-08
10445.000000 1.076788e-08
10450.000000 1.076173e-08
10455.000000 1.075614e-08
10460.000000 1.075111e-08
10465.000000 1.074664e-08
10470.000000 1.074263e-08
10475.000000 1.073900e-08
10480.000000 1.073571e-08
10485.000000 1.073267e-08
10490.000000 1.072982e-08
10495.000000 1.072711e-08
10500.000000 1.072443e-08
10505.000000 1.072177e-08
10510.000000 1.071909e-08
10515.000000 1.071640e-08
10520.000000 1.071370e-08
10525.000000 1.071096e-08
10530.000000 1.070823e-08
10535.000000 1.070545e-08
10540.000000 1.070269e-08
10545.000000 1.069991e-08
10550.000000 1.069709e-08
10555.000000 1.069426e-08
10560.000000 1.069145e-08
10565.000000 1.068860e-08
10570.000000 1.068574e-08
10575.000000 1.068286e-08
10580.000000 1.067994e-08
10585.000000 1.067702e-08
10590.000000 1.067413e-08
10595.000000 1.067117e-08
10600.000000 1.066822e-08
10605.000000 1.066525e-08
10610.000000 1.066226e-08
10615.000000 1.065927e-08
10620.000000 7.991943e-09
