10380. 0
10390. 0
10400. 0
10410. 0
10420. 1.43151e-09
10430. 1.93148e-08
10440. 7.85522e-08
10450. 2.19853e-07
10460. 5.04561e-07
10470. 1.02064e-06
10480. 1.89002e-06
10490. 3.27147e-06
10500. 5.36987e-06
10510. 8.40375e-06
10520. 1.26214e-05
10530. 1.82771e-05
10540. 2.56226e-05
10550. 3.48608e-05
10560. 4.60854e-05
10570. 5.94187e-05
10580. 7.46094e-05
10590. 9.22451e-05
10600. 0.000112
10610. 0.000133655
10620. 0.00015721
10630. 0.000183288
10640. 0.000211772
10650. 0.000242297
10660. 0.000276859
10670. 0.000315509
10680. 0.000358885
10690. 0.000408338
10700. 0.000466129
10710. 0.000534009
10720. 0.000609705
10730. 0.000699013
10740. 0.000814455
10750. 0.000922625
10760. 0.00109071
10770. 0.00123686
10780. 0.00144336
10790. 0.00169695
10800. 0.0019059
10810. 0.00222686
10820. 0.00257817
10830. 0.00297896
10840. 0.00329364
10850. 0.00383706
10860. 0.00411039
10870. 0.00494988
10880. 0.00555755
10890. 0.00606262
10900. 0.00662347
10910. 0.00765867
10920. 0.00850669
10930. 0.00886574
10940. 0.0102943
10950. 0.0108211
10960. 0.0120149
10970. 0.0139536
10980. 0.0139104
10990. 0.0155082
11000. 0.0162758
11010. 0.0181467
11020. 0.0196847
11030. 0.0213701
11040. 0.0232519
11050. 0.026867
11060. 0.0246302
11070. 0.0297254
11080. 0.0305848
11090. 0.0330289
11100. 0.0372759
11110. 0.0327906
11120. 0.0415219
11130. 0.03346
11140. 0.040704
11150. 0.042877
11160. 0.0381957
11170. 0.0368802
11180. 0.042105
11190. 0.0311139
11200. 0.0374295
11210. 0.0433474
11220. 0.0318419
11230. 0.0380444
11240. 0.0364741
11250. 0.0474868
11260. 0.0348485
11270. 0.0612213
11280. 0.0462039
11290. 0.0636862
11300. 0.0481054
11310. 0.0974809
11320. 0.0876895
11330. 0.0749755
11340. 0.0538855
11350. 0.0289444
11360. 0.0778681
11370. 0.126686
11380. 0.108338
11390. 0.126616
11400. 0.127823
11410. 0.114924
11420. 0.122973
11430. 0.149206
11440. 0.0916958
11450. 0.109697
11460. 0.15073
11470. 0.0806219
11480. 0.172829
11490. 0.156011
11500. 0.126951
11510. 0.155917
11520. 0.1742
11530. 0.185771
11540. 0.16874
11550. 0.192141
11560. 0.206188
11570. 0.232636
11580. 0.241693
11590. 0.258219
11600. 0.246029
11610. 0.280927
11620. 0.290164
11630. 0.313955
11640. 0.314705
11650. 0.325138
11660. 0.333732
11670. 0.341297
11680. 0.350456
11690. 0.355794
11700. 0.36892
11710. 0.375199
11720. 0.386219
11730. 0.392609
11740. 0.36687
11750. 0.402537
11760. 0.412618
11770. 0.415933
11780. 0.384675
11790. 0.423151
11800. 0.415772
11810. 0.425276
11820. 0.374674
11830. 0.428746
11840. 0.414772
11850. 0.40924
11860. 0.440736
11870. 0.430368
11880. 0.388909
11890. 0.427034
11900. 0.436002
11910. 0.430933
11920. 0.439435
11930. 0.436376
11940. 0.44141
11950. 0.437104
11960. 0.435146
11970. 0.447367
11980. 0.442779
11990. 0.4243
12000. 0.447833
12010. 0.444163
12020. 0.446831
12030. 0.457923
12040. 0.414549
12050. 0.447038
12060. 0.468221
12070. 0.457536
12080. 0.461051
12090. 0.460399
12100. 0.459995
12110. 0.464392
12120. 0.459751
12130. 0.481844
12140. 0.473158
12150. 0.469714
12160. 0.482539
12170. 0.48363
12180. 0.487032
12190. 0.480601
12200. 0.487826
12210. 0.492807
12220. 0.488971
12230. 0.492101
12240. 0.491781
12250. 0.499812
12260. 0.502902
12270. 0.496559
12280. 0.505419
12290. 0.506338
12300. 0.505946
12310. 0.509409
12320. 0.509991
12330. 0.508107
12340. 0.512224
12350. 0.512987
12360. 0.514094
12370. 0.514985
12380. 0.516395
12390. 0.51756
12400. 0.518402
12410. 0.519571
12420. 0.520268
12430. 0.521346
12440. 0.521392
12450. 0.522341
12460. 0.522965
12470. 0.523061
12480. 0.522906
12490. 0.523401
12500. 0.522717
12510. 0.521654
12520. 0.52302
12530. 0.520907
12540. 0.518594
12550. 0.52206
12560. 0.517448
12570. 0.517836
12580. 0.520598
12590. 0.513109
12600. 0.516648
12610. 0.505228
12620. 0.499915
12630. 0.497944
12640. 0.488359
12650. 0.498728
12660. 0.494131
12670. 0.497673
12680. 0.489399
12690. 0.412098
12700. 0.497986
12710. 0.505462
12720. 0.50585
12730. 0.505455
12740. 0.50644
12750. 0.508401
12760. 0.511753
12770. 0.508465
12780. 0.515963
12790. 0.514249
12800. 0.514108
12810. 0.514238
12820. 0.520316
12830. 0.518272
12840. 0.517926
12850. 0.51606
12860. 0.51963
12870. 0.51756
12880. 0.514246
12890. 0.49969
12900. 0.51062
12910. 0.51611
12920. 0.497862
12930. 0.51449
12940. 0.511112
12950. 0.5069
12960. 0.496204
12970. 0.483757
12980. 0.486394
12990. 0.510584
13000. 0.47228
13010. 0.478023
13020. 0.506888
13030. 0.474492
13040. 0.432843
13050. 0.494227
13060. 0.499636
13070. 0.437624
13080. 0.455864
13090. 0.493608
13100. 0.405825
13110. 0.479292
13120. 0.478597
13130. 0.460967
13140. 0.407702
13150. 0.424024
13160. 0.462685
13170. 0.428757
13180. 0.467656
13190. 0.411667
13200. 0.368887
13210. 0.409788
13220. 0.427592
13230. 0.371074
13240. 0.409227
13250. 0.4379
13260. 0.412639
13270. 0.377398
13280. 0.356132
13290. 0.295424
13300. 0.346158
13310. 0.269627
13320. 0.259355
13330. 0.32313
13340. 0.279569
13350. 0.347673
13360. 0.298205
13370. 0.281768
13380. 0.283338
13390. 0.343682
13400. 0.279848
13410. 0.309723
13420. 0.341748
13430. 0.298789
13440. 0.212395
13450. 0.263805
13460. 0.220717
13470. 0.178383
13480. 0.0603391
13490. 0.16619
13500. 0.109494
13510. 0.0619693
13520. 0.0539127
13530. 0.0245419
13540. 0.0219937
13550. 0.00541796
13560. 0.0309301
13570. 0.0185263
13580. 0.0037722
13590. 0.00201311
13600. 0.00327417
13610. 0.00127204
13620. 0
13630. 0.00532443
13640. 0.00566392
13650. 0
13660. 0.0125488
13670. 0.00339299
13680. 0
13690. 0.00625234
13700. 0.00284602
13710. 0.000576524
13720. 0.00310026
13730. 0.0137426
13740. 0.0250349
13750. 0.0119101
13760. 0.022431
13770. 0.00816521
13780. 0.0247181
13790. 0.00458518
13800. 0.00641374
13810. 0.00040581
13820. 0.00183209
13830. 0.0001259
13840. 0.0014476
13850. 0.000805357
13860. 0.00306416
13870. 0.00839884
13880. 0.00195728
13890. 0.0105182
13900. 0.00868782
13910. 0.0140487
13920. 0.00307616
13930. 0.00384249
13940. 0.00903611
13950. 0.001035
13960. 0.000244779
13970. 0.00237492
13980. 0.0127356
13990. 0.00868438
14000. 4.9249e-05
14010. 9.3196e-05
14020. 0.00545861
14030. 0.00980561
14040. 0.00445978
14050. 0.000551631
14060. 0.00752385
14070. 0.000614649
14080. 0.00650322
14090. 0.00194779
14100. 0.0026826
14110. 0.0086373
14120. 0.00429406
14130. 0.00737249
14140. 0.00140554
14150. 0.00160908
14160. 0.00773319
14170. 0.00467617
14180. 0.00511274
14190. 0.000993274
14200. 0.00291561
14210. 0.00371686
14220. 0.00663902
14230. 0.00212782
14240. 0.00392975
14250. 0.00444896
14260. 0.00320136
14270. 0.00452124
14280. 0.00223985
14290. 0.00444367
14300. 0.00471971
14310. 0.00373395
14320. 0.00163102
14330. 0.00272149
14340. 0.0020693
14350. 0.00181972
14360. 0.00221675
14370. 0.00173862
14380. 0.000862955
14390. 0.00174757
14400. 0.00143179
14410. 0.00130223
14420. 0.000979761
14430. 0.00105578
14440. 0.00147509
14450. 0.00122569
14460. 0.000563581
14470. 0.0015993
14480. 0.00198971
14490. 0.00214217
14500. 0.000919166
14510. 0.000538168
14520. 0.00133975
14530. 0.00131579
14540. 0.00139515
14550. 0.000867761
14560. 0.00080932
14570. 0.000550461
14580. 0.000310868
14590. 0.000113537
14600. 0
14610. 0
