5.302086588000000120e+03 -8.025800129815168659e-18
5.306955579000000398e+03 -1.380900029525515953e-17
5.311824628000000303e+03 3.937799923503588670e-18
5.316693736999999601e+03 -2.559299917166364700e-18
5.321562904999999773e+03 -2.485200043918098790e-18
5.326432130999999572e+03 -4.879200116579776066e-18
5.331301416999999674e+03 -1.091399967303695860e-17
5.336170761000000311e+03 1.682899948855869868e-17
5.341040162999999666e+03 1.197799961342208044e-17
5.345909623999999894e+03 -3.441300063659966040e-18
5.350779142999999749e+03 1.915099969275222905e-17
5.355648720000000139e+03 1.050500021916011406e-17
5.360518355000000156e+03 1.854799991545209783e-17
5.365388047999999799e+03 9.317100203543124420e-18
5.370257798999999977e+03 -4.952599988234668976e-18
5.375127607999999782e+03 7.908500128690861464e-18
5.379997475000000122e+03 7.424799648055578107e-18
5.384867398000000321e+03 -8.919999742777855189e-18
5.389737379999999575e+03 3.361700059723681910e-17
5.394607417999999598e+03 6.043599930994134192e-17
5.399477514000000156e+03 9.189099794014831258e-18
5.404347667000000001e+03 6.673200182432745676e-18
5.409217875999999706e+03 3.575799879415272105e-17
5.414088142999999945e+03 2.628399979920115090e-17
5.418958466000000044e+03 -1.156400047312781226e-18
5.423828846000000340e+03 1.736800030186560215e-17
5.428699281999999585e+03 -1.672800073576597400e-17
5.433569774999999936e+03 -4.431099835147549914e-18
5.438440324000000146e+03 1.241299983549330429e-17
5.443310929000000215e+03 7.662199656677684496e-18
5.448181590999999571e+03 4.818299936597294467e-17
5.453052308000000266e+03 3.281599859670986964e-17
5.457923080999999911e+03 -1.961099979447664305e-17
5.462793910000000324e+03 8.881699832850578040e-19
5.467664794000000256e+03 8.240699998595220143e-18
5.472535734000000048e+03 4.941899993420989287e-18
5.477406729000000269e+03 1.024900022728414029e-17
5.482277780000000348e+03 -1.954300017145080259e-18
5.487148884999999609e+03 5.945000001977813293e-18
5.492020045999999638e+03 8.125400120192066168e-18
5.496891262000000097e+03 1.382699974538431341e-17
5.501762531999999737e+03 2.223900057703314005e-17
5.506633858000000146e+03 2.390399975840693362e-18
5.511505237000000307e+03 2.682899932631028892e-17
5.516376672000000326e+03 -2.270099997429809473e-18
5.521248160000000098e+03 1.473000056006456415e-17
5.526119703000000300e+03 3.329800046195727536e-18
5.530991301000000021e+03 2.879799937691620218e-18
5.535862952000000405e+03 6.412199883753888854e-18
5.540734656999999970e+03 -1.435099963828256772e-17
5.545606415999999626e+03 -1.191599994496939335e-17
5.550478229000000283e+03 1.858999918387386525e-17
5.555350094999999783e+03 -4.638599849565278581e-19
5.560222015000000283e+03 -7.341600167683769477e-18
5.565093987999999626e+03 8.354500198547815478e-18
5.569966013999999632e+03 6.083699992729479868e-18
5.574838093999999728e+03 -8.831200249659062562e-18
5.579710226999999577e+03 4.210599953620514432e-18
5.584582411999999749e+03 3.426800001112217741e-18
5.589454651000000013e+03 -1.213400029348044672e-18
5.594326941999999690e+03 2.492999943504167564e-17
5.599199284999999691e+03 -2.754500066068159553e-18
5.604071681999999782e+03 -5.727099949116031978e-18
5.608944129999999859e+03 1.160800007106588605e-17
5.613816630999999688e+03 -2.770500013861619629e-18
5.618689183999999841e+03 -3.505100090715874788e-18
5.623561789000000317e+03 1.809100082499002620e-17
5.628434446000000207e+03 6.094000045716990168e-18
5.633307155000000421e+03 -3.044000045571918391e-18
5.638179914999999710e+03 1.799800049513038302e-18
5.643052727000000232e+03 -7.057600112072875720e-18
5.647925591000000168e+03 -2.777799934466188383e-19
5.652798506000000089e+03 1.423199978099946405e-17
5.657671471999999994e+03 1.557000081775093865e-17
5.662544490000000224e+03 1.181100011955374968e-17
5.667417558000000099e+03 2.234300034108820712e-17
5.672290676999999960e+03 -9.950300345007566681e-18
5.677163846999999805e+03 -9.217300449048295354e-19
5.682037067999999636e+03 9.713500042329561236e-18
5.686910340000000360e+03 3.647199793785134306e-18
5.691783661999999822e+03 -6.423599776763364974e-19
5.696657033999999840e+03 1.824799929166228458e-18
5.701530456000000413e+03 -4.015499945271626780e-19
5.706403929000000062e+03 7.397600295153609451e-18
5.711277452000000267e+03 1.003200014692881667e-17
5.716151023999999779e+03 -1.091599979575811182e-17
5.721024647000000186e+03 -4.678600132639235048e-18
5.725898318999999901e+03 3.060300053132582078e-18
5.730772039999999834e+03 -1.624300034079806356e-18
5.735645811999999751e+03 3.700700181443839030e-18
5.740519631999999547e+03 3.980000196814206483e-18
5.745393501999999899e+03 -8.749100092321336906e-18
5.750267420999999558e+03 -1.523699982342332236e-18
5.755141389000000345e+03 -2.323299911731004310e-18
5.760015406000000439e+03 -7.518199919741390673e-18
5.764889471000000412e+03 1.094099967541130197e-17
5.769763584999999694e+03 2.883400034512604132e-18
5.774637748000000101e+03 -2.052100062509062380e-18
5.779511959999999817e+03 -4.188400080340816276e-18
5.784386218999999983e+03 2.249700069163026704e-18
5.789260527000000366e+03 -1.421700030815688687e-18
5.794134882999999718e+03 1.580800053231714599e-17
5.799009286999999858e+03 9.935499602307155357e-18
5.803883738999999878e+03 9.062800067825947122e-18
5.808758238999999776e+03 1.024900022728414029e-17
5.813632786999999553e+03 1.097700002323568170e-18
5.818507381999999780e+03 -5.666700047968022450e-18
5.823382023999999547e+03 2.325300034452157531e-18
5.828256714000000102e+03 -8.323600039585284577e-18
5.833131451000000197e+03 -1.017800000658626371e-17
5.838006234999999833e+03 4.597600125516204919e-18
5.842881065999999919e+03 -2.994299932442435414e-18
5.847755944000000454e+03 2.878399934504874218e-18
5.852630868999999620e+03 1.011100003133069358e-17
5.857505839999999807e+03 2.020400019894192700e-18
5.862380858999999873e+03 1.135300014055048889e-17
5.867255922999999711e+03 1.197600031788153977e-17
5.872131034000000000e+03 -1.279500011417641800e-17
5.877006191000000399e+03 7.638199838385070951e-18
5.881881394000000000e+03 1.412100041460097327e-17
5.886756642999999713e+03 -1.460300021189684760e-17
5.891631938000000446e+03 -1.188699981987389675e-17
5.896507279000000381e+03 1.547899936984152986e-17
5.901382665000000088e+03 -2.837399900263070849e-18
5.906258096999999907e+03 5.932299884442980383e-18
5.911133574999999837e+03 1.645299978483419777e-18
5.916009097000000111e+03 -8.888299700162985510e-18
5.920884664999999586e+03 4.076800180817611994e-18
5.925760277999999744e+03 7.895700335892215913e-18
5.930635935999999674e+03 -6.375300183808510843e-18
5.935511639000000287e+03 4.467600006857064813e-18
5.940387386999999762e+03 2.830800032950663379e-18
5.945263178999999582e+03 9.653300318889789541e-18
5.950139016000000083e+03 1.323799999995164218e-17
5.955014897000000019e+03 9.012600130811328978e-18
5.959890822999999727e+03 -1.037000020728839718e-17
5.964766792999999780e+03 -7.708100115663405140e-19
5.969642805999999837e+03 6.516099972545143278e-18
5.974518863999999667e+03 -4.956199878260499753e-18
5.979394965999999840e+03 7.672799976227551546e-18
5.984271111000000019e+03 -9.212800172925700607e-18
5.989147299999999632e+03 -8.665699607060677891e-18
5.994023532999999588e+03 1.036199971640378430e-17
5.998899808999999550e+03 2.936700037667917885e-19
6.003776128000000426e+03 -5.531499858388067736e-18
6.008652490999999827e+03 5.080999925998825250e-18
6.013528895999999804e+03 -6.337600186620487777e-18
6.018405345000000125e+03 -4.143399800656706464e-18
6.023281836000000112e+03 1.653499964652265137e-17
6.028158370000000104e+03 3.182099916789177744e-18
6.033034947000000102e+03 -1.363899979012448639e-17
6.037911565999999766e+03 1.803899928860126756e-17
6.042788227000000006e+03 8.152899739656391573e-18
6.047664931000000252e+03 1.267999967515500822e-17
6.052541677000000163e+03 1.916199954053795921e-17
6.057418464999999742e+03 -8.045999880373713595e-18
6.062295294999999896e+03 -6.861299812956385340e-18
6.067172166999999718e+03 1.391699947757192048e-17
6.072049081000000115e+03 6.373299957689781053e-19
6.076926035999999840e+03 3.209700038697928342e-18
6.081803033000000141e+03 3.808200160260924230e-18
6.086680070999999771e+03 -2.647599896592751867e-19
6.091557149999999638e+03 1.573900022754526949e-18
6.096434269999999742e+03 8.118200340140404616e-18
6.101311432000000423e+03 -1.079699993847500815e-17
6.106188634000000093e+03 -2.113699995930733212e-18
6.111065878000000339e+03 9.519100190670411437e-18
6.115943161999999575e+03 -1.106000035987501819e-17
6.120820485999999619e+03 -3.179099939502601051e-18
6.125697850999999901e+03 1.609300044249346322e-19
6.130575257000000420e+03 -1.928799900016448660e-18
6.135452701999999590e+03 -3.646099974442683800e-17
6.140330187999999907e+03 5.671800030034718142e-18
6.145207714000000124e+03 4.306200112145411776e-18
6.150085280000000239e+03 3.514000140516639089e-18
6.154962884999999915e+03 5.825199847452064571e-18
6.159840530999999828e+03 8.303699728408483837e-18
6.164718214999999873e+03 6.128000064025063541e-18
6.169595940000000155e+03 8.856699746402234746e-18
6.174473702999999659e+03 9.973499659262382033e-19
6.179351505999999972e+03 7.020400145565140960e-18
6.184229347999999845e+03 1.665399950380575504e-18
6.189107229000000189e+03 -1.466299955083322833e-18
6.193985149000000092e+03 1.973299942225117028e-18
6.198863107999999556e+03 -1.411399977828178386e-18
6.203741105000000061e+03 -1.119899979000842896e-17
6.208619141000000127e+03 2.891199934098672907e-18
6.213497215000000324e+03 6.242100116949709349e-18
6.218375328000000081e+03 -5.344700142197055155e-18
6.223253478999999970e+03 6.069999813834070347e-18
6.228131667999999991e+03 -7.988099719036839317e-18
6.233009895000000142e+03 -1.277599977550607495e-17
6.237888160000000425e+03 7.784900320021350409e-18
6.242766462999999931e+03 1.578299982548334328e-17
6.247644803000000138e+03 -5.900900108390467452e-18
6.252523180999999568e+03 1.121499994459704218e-17
6.257401595999999699e+03 4.143099947684655992e-18
6.262280048999999963e+03 -1.570300029331119604e-18
6.267158539000000019e+03 1.073400020866174446e-17
6.272037065999999868e+03 8.188399850005329862e-18
6.276915630000000419e+03 -7.944099785056641681e-20
6.281794230000000425e+03 -9.456400107034045078e-19
6.286672867999999653e+03 -6.833200073957652713e-18
6.291551542000000154e+03 1.999500060947121626e-18
6.296430253000000448e+03 6.094299898689040641e-18
6.301309000000000196e+03 -5.111900084961356152e-18
6.306187783000000309e+03 4.856999829709771632e-18
6.311066603000000214e+03 1.042400021203708393e-17
6.315945458000000144e+03 -8.699000244160837679e-18
6.320824349999999868e+03 9.493000160802525755e-18
6.325703277999999955e+03 1.642100030283758390e-18
6.330582241000000067e+03 -7.205800272159713817e-18
6.335461239999999634e+03 -6.457399927555930222e-18
6.340340274000000136e+03 6.476999972170374213e-18
6.345219344000000092e+03 3.763299969430933335e-18
6.350098449000000073e+03 -1.556800028143947915e-18
6.354977589000000080e+03 9.569300127685029581e-18
6.359856764000000112e+03 -7.541299765527546524e-18
6.364735974000000169e+03 -3.369699930222835379e-18
6.369615219000000252e+03 8.944800271903420065e-18
6.374494499000000360e+03 -4.729999895132361358e-18
6.379373813000000155e+03 8.903999588189241975e-18
6.384253161999999975e+03 5.752900022614290618e-19
6.389132545000000391e+03 4.673500150572539356e-18
6.394011962999999923e+03 -2.087999907889016919e-18
6.398891413999999713e+03 -5.828800047670625055e-19
6.403770900000000438e+03 -9.074599799264016062e-18
6.408650419999999940e+03 2.102400088377799439e-18
6.413529972999999700e+03 1.416999990575162383e-18
6.418409560000000056e+03 -1.828099966220008762e-18
6.423289181000000099e+03 5.638400131261051991e-18
6.428168835000000399e+03 5.126800089335273840e-18
6.433048522000000048e+03 2.570699913573417389e-18
6.437928243000000293e+03 1.125399985611769233e-17
6.442807996999999887e+03 -7.628899846758137261e-18
6.447687783999999738e+03 -4.665000042597944443e-18
6.452567603000000418e+03 8.618299676419551746e-18
6.457447455999999875e+03 -8.807000253658211185e-18
6.462327341000000160e+03 1.124999961067538588e-17
6.467207258999999794e+03 7.520600397879019560e-18
6.472087209000000257e+03 4.547499863765399415e-19
6.476967192000000068e+03 -6.503300034343655677e-21
6.481847206999999798e+03 1.215200036399506002e-17
6.486727253000000019e+03 -8.978599698912949329e-18
6.491607331999999587e+03 -9.405800305741439972e-20
6.496487442999999985e+03 1.709400003267986195e-17
6.501367586000000301e+03 -2.305899960750798234e-18
6.506247760000000198e+03 -7.557299920116159739e-18
6.511127966000000015e+03 1.174099996021644971e-17
6.516008203000000321e+03 -1.090399988661180504e-17
6.520888471000000209e+03 9.612000018085629422e-18
6.525768771000000015e+03 1.537499960578646280e-17
6.530649102000000312e+03 8.829200126937909341e-18
6.535529464000000189e+03 3.690900159136617034e-18
6.540409856000000218e+03 6.935200128881872833e-18
6.545290280000000166e+03 -7.045500010674873462e-19
6.550170734000000266e+03 3.667000016107816129e-18
6.555051217999999608e+03 1.121199976051531235e-17
6.559931733000000349e+03 -3.091300094154078758e-18
6.564812278000000333e+03 1.086199979100942506e-17
6.569692853999999897e+03 7.845300221169359937e-18
6.574573459000000184e+03 -2.665100039824653428e-18
6.579454095000000052e+03 1.242899978328676436e-18
6.584334759999999733e+03 6.322700182246570089e-18
6.589215454999999565e+03 2.258599912168637867e-18
6.594096179999999549e+03 1.181000005819317307e-17
6.598976934000000256e+03 5.212500136698830272e-18
6.603857716999999866e+03 2.694700077659404109e-18
6.608738529999999628e+03 7.111099672550967891e-18
6.613619372000000112e+03 2.378299977840267673e-18
6.618500243000000410e+03 -3.457600071220629726e-18
6.623381142999999611e+03 1.107200026902132497e-17
6.628262071000000105e+03 6.050499858073745272e-18
6.633143028999999842e+03 -1.081300009306362136e-17
6.638024014999999963e+03 5.835300136321643316e-18
6.642905028999999558e+03 1.924199948630041273e-18
6.647786071999999876e+03 -5.370999936182872393e-18
6.652667142999999669e+03 5.785199874570837812e-18
6.657548243000000184e+03 5.267999819898075664e-18
6.662429369999999835e+03 -2.634800000396529748e-18
6.667310524999999870e+03 1.229800022365250706e-17
6.672191708000000290e+03 -4.742300070841024880e-18
6.677072919000000184e+03 -4.864800142886146683e-18
6.681954157000000123e+03 9.469600048454013155e-18
6.686835423000000446e+03 -3.728600156324640100e-18
6.691716715999999906e+03 -5.445600046906579747e-18
6.696598036000000320e+03 5.332000024662222245e-18
6.701479382999999871e+03 -7.773400027965025666e-18
6.706360757000000376e+03 4.946499944807396674e-18
6.711242159000000356e+03 1.308000023114788837e-17
6.716123587000000043e+03 8.054099943124562549e-19
6.721005041000000347e+03 6.017599886582790857e-19
6.725886523000000125e+03 8.614699786393720970e-18
6.730768030000000181e+03 -7.009599648307036077e-18
6.735649564000000282e+03 -2.290999956376880547e-18
6.740531124000000091e+03 9.911900139431017477e-18
6.745412710999999945e+03 -9.677099959474165253e-18
6.750294323000000077e+03 2.509000098092780778e-18
6.755175960999999916e+03 1.223799985074036065e-17
6.760057625000000371e+03 -9.525600175923853129e-18
6.764939314000000195e+03 3.083199928005653234e-18
6.769821028999999726e+03 8.881099920111323957e-18
6.774702769999999873e+03 -6.464899974169948524e-18
6.779584534999999960e+03 4.075400177630865995e-18
6.784466325999999754e+03 -2.216700060516741657e-19
6.789348141999999825e+03 8.840300063577758420e-18
6.794229983000000175e+03 1.193300016091858318e-17
6.799111848999999893e+03 1.197899967478265705e-17
6.803993738999999550e+03 -1.565999972275793317e-17
6.808875654000000395e+03 8.412399946294383480e-19
6.813757593999999699e+03 7.396999762028895952e-18
6.818639557999999852e+03 4.175099843271576144e-18
6.823521545999999944e+03 7.938500315146934671e-18
6.828403557999999975e+03 5.844500039094458090e-18
6.833285595000000285e+03 8.864099497366980994e-19
6.838167655000000195e+03 6.912800077893936843e-18
6.843049739000000045e+03 8.421600262657504530e-18
6.847931846999999834e+03 -3.802299880951583484e-18
6.852813978000000134e+03 1.117700009443696864e-17
6.857696133000000373e+03 8.332300325268117322e-18
6.862578311999999642e+03 -5.599200042032164009e-18
6.867460512999999992e+03 8.666699668421254502e-18
6.872342738000000281e+03 -3.972400061346069265e-18
6.877224984999999833e+03 -3.881500046459274793e-19
6.882107256000000234e+03 5.300199893193233649e-18
6.886989548999999897e+03 6.289699811708767050e-18
6.891871865000000071e+03 -6.357000053526693935e-18
6.896754203999999845e+03 5.588899989044653709e-18
6.901636564999999791e+03 -1.435599973829029764e-18
6.906518947999999909e+03 1.668899958347440502e-19
6.911401353999999628e+03 1.210600002295037360e-17
6.916283781000000090e+03 7.082199636309590210e-18
6.921166231000000153e+03 -1.654900029877557078e-18
6.926048703000000387e+03 1.737099965876671943e-17
6.930931196000000455e+03 4.787500114643066247e-18
6.935813710999999785e+03 2.633099937442580138e-18
6.940696246999999858e+03 6.367700048340373624e-18
6.945578805000000102e+03 -4.066299950121863861e-18
6.950461384000000180e+03 7.003199751907713302e-18
6.955343985000000430e+03 1.064699983337525466e-17
6.960226606000000174e+03 3.009899938409726102e-18
6.965109249000000091e+03 2.800800053289743309e-18
6.969991912000000411e+03 1.539800018989911229e-17
6.974874595999999656e+03 2.584499974527792688e-18
6.979757300999999643e+03 3.873599954621510534e-18
6.984640026000000034e+03 1.483899980374190172e-19
6.989522770999999921e+03 -8.208200072328011686e-18
6.994405536999999640e+03 6.907300154001071762e-18
6.999288322999999764e+03 1.059099970590541469e-17
7.004171129000000292e+03 -9.263999964505742223e-19
7.009053955000000315e+03 9.480399718531505484e-18
7.013936800999999832e+03 1.381299971351685342e-17
7.018819666999999754e+03 -8.719300083573501531e-18
7.023702551999999741e+03 4.164399848457896454e-18
7.028585455999999795e+03 4.859600071965332075e-18
7.033468380000000252e+03 -5.670000085021802754e-18
7.038351324000000204e+03 6.954500320524266351e-18
7.043234285999999884e+03 3.471399925379851887e-18
7.048117266999999629e+03 -4.533700009606177254e-18
7.053000267999999778e+03 9.406600318640749461e-18
7.057883286999999655e+03 6.984599768653845922e-18
7.062766324999999597e+03 -4.457400042723673429e-18
7.067649381000000176e+03 1.022599964317149080e-17
7.072532455999999911e+03 2.271199940849351861e-18
7.077415549000000283e+03 -6.224299913950604177e-19
7.082298660000000382e+03 1.340600038236116210e-17
7.087181789999999637e+03 2.589399985681403686e-18
7.092064937000000100e+03 7.805199745843707985e-19
7.096948102999999719e+03 8.753700043707744293e-18
7.101831285999999636e+03 5.287599864512519655e-18
7.106714487000000190e+03 3.527699905821742333e-18
7.111597705000000133e+03 9.184499842628423872e-18
7.116480940999999802e+03 1.072499965641655496e-17
7.121364193999999770e+03 -1.611600019942550015e-18
7.126247464000000036e+03 6.582599917120425108e-18
7.131130752000000030e+03 -1.801000081786699607e-18
7.136014055999999982e+03 -3.228599926622634479e-19
7.140897377000000233e+03 8.391700165055550239e-18
7.145780714999999873e+03 5.130399979361104616e-18
7.150664069999999811e+03 -6.463700148691440357e-18
7.155547440999999708e+03 1.301300025589231823e-17
7.160430827999999565e+03 -3.753399858269592423e-18
7.165314231999999720e+03 2.663900007550992123e-18
7.170197651999999835e+03 6.362700155127796849e-18
7.175081087999999909e+03 5.143500038722106915e-18
7.179964539999999943e+03 5.485300166815756034e-18
7.184848007999999936e+03 1.370399964265890330e-17
7.189731490999999551e+03 1.795900099720003915e-18
7.194614990000000034e+03 8.166799682669732651e-18
7.199498504999999568e+03 1.270799973888992821e-17
7.204382034999999632e+03 4.304800108958665777e-18
7.209265580000000227e+03 -8.464099768554713401e-19
7.214149140999999872e+03 5.618800086646608000e-18
7.219032715999999709e+03 -4.857099918563890549e-18
7.223916306000000077e+03 -1.341599996199116252e-18
7.228799912000000404e+03 8.613999991595501108e-18
7.233683530999999675e+03 -1.305300002197839185e-18
7.238567165999999816e+03 4.545299976926314638e-18
7.243450815000000148e+03 8.618299676419551746e-18
7.248334477999999763e+03 -5.938399927870252685e-19
7.253218154999999570e+03 3.095299926006078923e-18
7.258101846999999907e+03 4.774100202310013475e-18
7.262985552000000098e+03 2.617999962155577756e-18
7.267869271999999910e+03 5.561799897816191416e-18
7.272753004999999575e+03 7.198799842635677544e-19
7.277636752000000342e+03 -5.160700018789228296e-18
7.282520512000000053e+03 9.675600281023606614e-18
7.287404285999999956e+03 7.247500101199737049e-18
7.292288072999999713e+03 5.804199799650874581e-18
7.297171873999999661e+03 8.918299886619058717e-18
7.302055687000000034e+03 -1.484300025597936130e-18
7.306939513000000261e+03 8.954200352384472671e-18
7.311823352999999770e+03 9.524299848000919769e-18
7.316707204999999703e+03 -3.468599919006359888e-19
7.321591069000000061e+03 -1.198299950663465721e-18
7.326474946999999702e+03 1.519000066178897816e-17
7.331358836000000338e+03 3.709000111710196110e-18
7.336242737999999918e+03 4.551699873325637413e-18
7.341126651999999922e+03 1.031300001845798060e-17
7.346010578000000351e+03 1.021299967266460742e-17
7.350894516000000294e+03 8.304999849536264058e-19
7.355778465999999753e+03 1.036700002320666735e-17
7.360662427999999636e+03 -1.114500040564520163e-18
7.365546400999999605e+03 1.089600022290780471e-17
7.370430385999999999e+03 1.551499992446106274e-17
7.375314381999999569e+03 3.564499943428004776e-20
7.380198389000000134e+03 3.021599981659285330e-20
7.385082406999999876e+03 4.394899930000391764e-18
7.389966437000000042e+03 -3.064799915664870548e-18
7.394850476999999955e+03 1.513800077976144463e-17
7.399734529000000293e+03 6.836699875129364574e-18
7.404618590000000040e+03 2.951600042041835573e-18
7.409502663000000211e+03 8.804900042082939047e-18
7.414386746000000130e+03 9.718300171424206456e-18
7.419270838999999796e+03 -5.841699929323389522e-19
7.424154942999999548e+03 5.600700134073028925e-18
7.429039055999999619e+03 1.827500053480754678e-17
7.433923179999999775e+03 9.216099796389174635e-18
7.438807313000000249e+03 -9.236100196420094291e-19
7.443691456999999900e+03 -1.759699987777692627e-18
7.448575609999999870e+03 -7.480199966183740566e-19
7.453459772000000157e+03 1.322700015216591202e-17
7.458343944000000192e+03 1.000900038999677974e-17
7.463228124999999636e+03 -1.257999953615678818e-18
7.468112315999999737e+03 1.209300005244349021e-17
7.472996514999999818e+03 8.229000356011270120e-18
7.477880723999999645e+03 -4.944800088648600202e-18
7.482764941000000363e+03 6.754600131381945194e-18
7.487649166999999579e+03 6.884000130506678079e-18
7.492533402000000024e+03 -3.734600110897793487e-18
7.497417645000000448e+03 9.103800102067750492e-18
7.502301897000000281e+03 2.588699984088030686e-18
7.507186157000000094e+03 -5.928700201212302744e-19
7.512070424999999886e+03 -1.851999902453656529e-18
7.516954700999999659e+03 2.825000049290594687e-18
7.521838985000000321e+03 -2.670900023484722120e-18
7.526723277000000053e+03 4.424800027602346055e-18
7.531607576999999765e+03 6.310500095392025484e-18
7.536491884000000027e+03 6.201899966360244757e-18
7.541376199000000270e+03 5.029799927623630496e-18
7.546260521000000153e+03 -4.249900131703521330e-18
7.551144849999999678e+03 -6.916000026093598231e-18
7.556029187000000093e+03 -1.318199987248180221e-18
7.560913529999999810e+03 -1.392900021389883980e-17
7.565797881000000416e+03 -5.209200099645049968e-18
7.570682238000000325e+03 4.525299990485701258e-18
7.575566601999999875e+03 -7.980300233041076819e-18
7.580450971999999638e+03 -5.519600038095879880e-18
7.585335348999999951e+03 4.927600108581478821e-18
7.590219732999999906e+03 -6.773399878753744131e-18
7.595104121999999734e+03 2.036899998367941081e-18
7.599988518000000113e+03 6.758599963233945360e-18
7.604872919000000365e+03 -1.203199961817076719e-17
7.609757327000000259e+03 7.757199695668174619e-18
7.614641740000000027e+03 6.559399982480150341e-18
7.619526159000000007e+03 -9.270000125874048748e-19
7.624410584000000199e+03 5.232599798403256291e-18
7.629295014000000265e+03 6.854100032904723787e-18
7.634179449000000204e+03 -2.319300079879004144e-18
7.639063889000000017e+03 5.424800176813627590e-18
7.643948335000000043e+03 4.080900101523731076e-18
7.648832784999999603e+03 2.105299976810257216e-18
7.653717241000000286e+03 4.412300087775750977e-18
7.658601700999999593e+03 1.350099959417103967e-17
7.663486165000000256e+03 2.718000101153797792e-18
7.668370633999999882e+03 2.200699957626916728e-17
7.673255108000000291e+03 1.172100038736614261e-17
7.678139586000000236e+03 6.246499890627878903e-18
7.683024067999999716e+03 8.266499761900749076e-18
7.687908553999999640e+03 -7.294599765278506444e-19
7.692793044000000009e+03 -6.702600042559258524e-19
7.697677537999999913e+03 1.170400017141695278e-17
7.702562036000000262e+03 1.023799996590810385e-18
7.707446536999999807e+03 -4.138399907444129688e-18
7.712331041000000369e+03 8.892400034459410868e-18
7.717215548999999555e+03 2.267899955494359842e-19
7.722100061000000096e+03 -2.174000015019776962e-18
7.726984575000000405e+03 7.860300314397396541e-18
7.731869093000000248e+03 1.110900005782082189e-17
7.736753612999999859e+03 8.965000022461965001e-18
7.741638135999999577e+03 7.116599596443832972e-18
7.746522662000000309e+03 -7.350399715040108585e-18
7.751407189999999900e+03 -6.615500198804109231e-18
7.756291720999999598e+03 4.156999890697997069e-18
7.761176253999999972e+03 -2.677099948970960201e-18
7.766060790000000452e+03 -2.058800018675588765e-18
7.770945327000000361e+03 6.042500194369744942e-18
7.775829867000000377e+03 7.690099631558485567e-18
7.780714407999999821e+03 -1.243499994465507089e-18
7.785598950999999943e+03 1.393899917314338080e-17
7.790483495999999832e+03 -1.621899969532483746e-18
7.795368042000000059e+03 4.092600157697987376e-18
7.800252590000000055e+03 1.243500035824537717e-17
7.805137139000000388e+03 9.239299731029449402e-18
7.810021689000000151e+03 6.152200060025914919e-18
7.814906240000000253e+03 3.041299921257392170e-18
7.819790793000000122e+03 -1.254300036774275067e-17
7.824675345999999990e+03 8.657800032210796477e-18
7.829559900000000198e+03 1.446400078176343683e-17
7.834444454000000405e+03 -2.880600028139112134e-18
7.839329009000000042e+03 -1.495299976781242861e-18
7.844213565000000017e+03 1.253000039723586729e-17
7.849098119999999653e+03 -1.855599999274640443e-18
7.853982675999999628e+03 8.458299784894644709e-18
7.858867231999999603e+03 6.037999918247150195e-18
7.863751787999999578e+03 3.939400104398572502e-19
7.868636343000000124e+03 6.076899947708834565e-19
7.873520899000000099e+03 5.336200034222460243e-18
7.878405453000000307e+03 7.255900120320213045e-19
7.883290007999999943e+03 1.288800003044575490e-17
7.888174562000000151e+03 8.595600186049871561e-18
7.893059113999999681e+03 6.424699823580483932e-18
7.897943666999999550e+03 9.086300269028578638e-18
7.902828217999999652e+03 9.927900294019630691e-18
7.907712768000000324e+03 -1.110799958286993901e-18
7.912597316999999748e+03 1.015999972927649728e-17
7.917481864000000314e+03 3.366300011110089297e-18
7.922366409999999632e+03 1.048800000321092424e-17
7.927250955000000431e+03 1.951300039858503565e-17
7.932135497000000214e+03 1.145599984324497934e-17
7.937020037999999658e+03 2.109800046137698825e-18
7.941904577999999674e+03 7.389599804268996567e-18
7.946789114999999583e+03 2.432900102123361647e-18
7.951673649999999725e+03 -9.247599661295806482e-18
7.956558181999999761e+03 2.293599950478257223e-17
7.961442713000000367e+03 1.219200033687628678e-17
7.966327240999999958e+03 1.436799985423175755e-17
7.971211766000000353e+03 1.381699995895915986e-17
7.976096289000000070e+03 -6.021900088394724340e-18
7.980980808999999681e+03 4.498699955786921413e-20
7.985865326000000096e+03 1.156499991410292946e-17
7.990749839000000065e+03 -3.555500205438730764e-18
7.995634350000000268e+03 6.652399898749487242e-18
8.000518858000000364e+03 2.316800050554654501e-17
8.005403362000000016e+03 -2.754300095155074859e-18
8.010287862000000132e+03 1.052499979201042117e-17
8.015172359000000142e+03 1.609100052656746313e-17
8.020056851999999708e+03 -3.100600085781012448e-18
8.024941342000000077e+03 7.510599784273253455e-18
8.029825826999999663e+03 2.785700119361771555e-17
8.034710307999999714e+03 -5.769799839516631819e-18
8.039594785000000229e+03 1.178800036262171274e-17
8.044479258000000300e+03 3.165600021033490618e-17
8.049363726999999926e+03 1.662500020589087100e-17
8.054248190999999679e+03 2.732599921683419986e-17
8.059132649999999558e+03 3.411099947649838765e-17
8.064017103999999563e+03 2.500899931944355255e-18
8.068901554000000033e+03 3.659199868367563589e-17
8.073785998000000291e+03 2.402100073373980289e-17
8.078670438000000104e+03 1.926000059079079172e-17
8.083554871999999705e+03 2.272799997667243811e-17
8.088439301000000341e+03 2.640600066774659695e-17
8.093323725000000195e+03 9.713299864621323404e-18
8.098208142999999836e+03 2.524800074973156160e-17
8.103092555000000175e+03 2.591000001140265007e-17
8.107976961000000301e+03 5.838000053841016398e-18
8.112861361999999644e+03 1.842999929234895822e-17
8.117745756999999685e+03 -3.519500064409504170e-18
8.122630145000000084e+03 1.373699980640155320e-18
8.127514527000000271e+03 2.917799870569755011e-17
8.132398903000000246e+03 1.180499975139029002e-17
8.137283271999999670e+03 2.342199954752075301e-17
8.142167634999999791e+03 3.173899951299847698e-17
8.147051991000000271e+03 1.173499959205299005e-17
8.151936340000000200e+03 2.564099922183918037e-17
8.156820682999999917e+03 3.175900074021000918e-17
8.161705017999999654e+03 1.193500028363973640e-17
8.166589345999999750e+03 1.807299972049964721e-17
8.171473667000000205e+03 2.171900010239657963e-17
8.176357979999999770e+03 1.032800011168601720e-17
8.181242285999999694e+03 2.407899932956957098e-17
8.186126583999999639e+03 3.097399972145228550e-17
8.191010874999999942e+03 2.411400065000913979e-17
8.195895157999999356e+03 9.660899627177314206e-18
8.200779431999999360e+03 3.927600124806319797e-17
8.205663699000000634e+03 1.660100038759825745e-17
8.210547957000000679e+03 1.703599978248886875e-17
8.215432208000000173e+03 4.819099985685755755e-17
8.220316448999999920e+03 2.557200077822368212e-17
8.225200682000000597e+03 1.646100006892365752e-17
8.230084907000000385e+03 3.120699995639622233e-17
8.234969123000000764e+03 1.640099969601151110e-17
8.239853329999999914e+03 1.766299937808161352e-17
8.244737527999999656e+03 2.390099998791551006e-17
8.249621715999999651e+03 2.108199989319806876e-17
8.254505896000000575e+03 2.131399923960081643e-17
8.259390065999999933e+03 3.014700108863401949e-17
8.264274226999999883e+03 2.807400044679242662e-17
8.269158378000000084e+03 3.001999908610507783e-17
8.274042520000000877e+03 3.681300149101510361e-17
8.278926650999999765e+03 2.773399943653108034e-17
8.283810772999999244e+03 3.089000118460875064e-17
8.288694885000000795e+03 2.454299967673629143e-17
8.293578987000000780e+03 3.018299998889232725e-17
8.298463078000000678e+03 3.273699953948860529e-17
8.303347159000000829e+03 3.239000058124506039e-17
8.308231229999999414e+03 2.254200014413376430e-17
8.313115289999999732e+03 3.802099951397529417e-17
8.317999338999999964e+03 3.808800114359208941e-17
8.322883378000000448e+03 2.931199865620869038e-17
8.327767405000000508e+03 4.678799896757166604e-17
8.332651422000000821e+03 3.452699853271865591e-17
8.337535427000000709e+03 3.341599901710888359e-17
8.342419421000000511e+03 3.230499950149911127e-17
8.347303402999999889e+03 2.364300070049899562e-17
8.352187374999999520e+03 2.875499839277263303e-17
8.357071334000000206e+03 4.328200055871055866e-17
8.361955282000000807e+03 4.218400101360766973e-17
8.366839217999999164e+03 3.860600149550749661e-17
8.371723142000000735e+03 6.077399854312030988e-17
8.376607052999999723e+03 3.758800024180583609e-17
8.381490953000000445e+03 3.402899940801478091e-17
8.386374840000000404e+03 5.230599841118225581e-17
8.391258714999999938e+03 2.743399922633157337e-17
8.396142578000000867e+03 3.720600161748394748e-17
8.401026427000000695e+03 4.818900138849762944e-17
8.405910264000000097e+03 2.688699957650128212e-17
8.410794088000000556e+03 3.259499909809285213e-17
8.415677900000000591e+03 5.851099782329773676e-17
8.420561697999999524e+03 2.667600069149003071e-17
8.425445481999999174e+03 3.558899917756323708e-17
8.430329254000000219e+03 4.564900104258819884e-17
8.435213012000000163e+03 4.661700088262225395e-17
8.440096756000000823e+03 4.614499839020969551e-17
8.444980487000000721e+03 6.032499828918162603e-17
8.449864203999999518e+03 2.593800007513757006e-17
8.454747907000000851e+03 4.685199958592611890e-17
8.459631595999999263e+03 5.245199909802031541e-17
8.464515269999999873e+03 3.873899890311622261e-17
8.469398930999999720e+03 3.995799842822336844e-17
8.474282576999999947e+03 5.253799941194622859e-17
8.479166209000000890e+03 4.670499966490809524e-17
8.484049826000000394e+03 4.194799976740139051e-17
8.488933428000000276e+03 4.186999994436009021e-17
8.493817016000000876e+03 3.081899930954964896e-17
8.498700589000000036e+03 7.643099890897712577e-17
8.503584145999999237e+03 6.014800149042997938e-17
8.508467688999999154e+03 4.651999906654938550e-17
8.513351215999999113e+03 4.479000044623148130e-17
8.518234727999999450e+03 5.242999940244885508e-17
8.523118223999999827e+03 2.056300030710269750e-17
8.528001704000000245e+03 5.336900159892925125e-17
8.532885168999999223e+03 4.723599998733038583e-17
8.537768618000000060e+03 4.631699901806152187e-17
8.542652050999999119e+03 7.776899994572860036e-17
8.547535468000000037e+03 7.656600140239068031e-17
8.552418868999999177e+03 5.208700068964761663e-17
8.557302254000000175e+03 6.964199674950940643e-17
8.562185622000000876e+03 6.503399855010310367e-17
8.567068972999999460e+03 6.593199905798047137e-17
8.571952307999999903e+03 9.286599903688701652e-17
8.576835626000000047e+03 7.749499802218163505e-17
8.581718926999999894e+03 5.365299917299830735e-17
8.586602211999999781e+03 6.124500180135290426e-17
8.591485479000000851e+03 6.039199991879842127e-17
8.596368728999999803e+03 8.312400179527439092e-17
8.601251960999999937e+03 8.910500069751051198e-17
8.606135175999999774e+03 8.222199773323226658e-17
8.611018373999999312e+03 8.210899824411262257e-17
8.615901554000000033e+03 1.059999992727835916e-16
8.620784716000000117e+03 8.380000026163232684e-17
8.625667859999999564e+03 6.048699995778891139e-17
8.630550986000000194e+03 9.097399874796182695e-17
8.635434094000000186e+03 7.530099740033578530e-17
8.640317183999999543e+03 6.366799910397793420e-17
8.645200254999999743e+03 7.868799760627501411e-17
8.650083307999999306e+03 6.163400168237944169e-17
8.654966341999999713e+03 6.958500069658205261e-17
8.659849357999999484e+03 8.964700252207975784e-17
8.664732355000000098e+03 6.713199989877849925e-17
8.669615331999999398e+03 8.806700152531976946e-17
8.674498290999999881e+03 8.627100050956503408e-17
8.679381230999999389e+03 6.689999889801452647e-17
8.684264150999999401e+03 9.284600111839793452e-17
8.689147052000000258e+03 9.077800326490106236e-17
8.694029934000000139e+03 7.170499843210645830e-17
8.698912795000000187e+03 9.202600043356186713e-17
8.703795637999999599e+03 8.906200054054755539e-17
8.708678459999999177e+03 6.870300117047391068e-17
8.713561261999999260e+03 8.491300155432447748e-17
8.718444043999999849e+03 9.012500041957210062e-17
8.723326805999999124e+03 7.354800315898890693e-17
8.728209548000000723e+03 8.850499696838904783e-17
8.733092269000000670e+03 9.628999737726451715e-17
8.737974969999999303e+03 7.088499774727039090e-17
8.742857649999999921e+03 1.042299981980426230e-16
8.747740309000000707e+03 9.229400033458414767e-17
8.752622948000000179e+03 8.480499823610465377e-17
8.757505564999999478e+03 9.324599919284897701e-17
8.762388161999999284e+03 1.113300004154955795e-16
8.767270737000000736e+03 9.140499955177135692e-17
8.772153291000000536e+03 1.021100004625182173e-16
8.777035823000000164e+03 8.848900260406472248e-17
8.781918333999999959e+03 8.576100064853423976e-17
8.786800822999999582e+03 1.012499973232590855e-16
8.791683290000000852e+03 9.004199780818607961e-17
8.796565736000000470e+03 9.565200289696971754e-17
8.801448158999999578e+03 1.210499946528142945e-16
8.806330561000000671e+03 8.803900311594607458e-17
8.811212939999999435e+03 1.111000045005364353e-16
8.816095295999999507e+03 1.144999947508151968e-16
8.820977630999999747e+03 9.068300322591057224e-17
8.825859941999999137e+03 1.031999995167364934e-16
8.830742231000000174e+03 1.134500047684648856e-16
8.835624497000000702e+03 1.023799988319004260e-16
8.840506740999999238e+03 1.127600037886976520e-16
8.845388961000000563e+03 1.178100009853379898e-16
8.850271157999999559e+03 9.547699794913309859e-17
8.855153331999999864e+03 1.169299999275897760e-16
8.860035481999999320e+03 1.238799979040399162e-16
8.864917609000000084e+03 1.084600013272917938e-16
8.869799712000000000e+03 1.132199956186159405e-16
8.874681791999999405e+03 1.211199939849709820e-16
8.879563846999999441e+03 1.135700055142891784e-16
8.884445879000000787e+03 1.076499996017002674e-16
8.889327886999999464e+03 1.386500025728887699e-16
8.894209870000000592e+03 1.210000064740364900e-16
8.899091829000000871e+03 1.269800061420926470e-16
8.903973764000000301e+03 1.392200028068317106e-16
8.908855674000000363e+03 1.102699982390109264e-16
8.913737559999999576e+03 1.204399985818931898e-16
8.918619420999999420e+03 1.089399976931440647e-16
8.923501256999999896e+03 9.843800013960751815e-17
8.928383067999999184e+03 1.232899997516078935e-16
8.933264853999999104e+03 1.280099982059538762e-16
8.938146614999999656e+03 8.469900000368965859e-17
8.943028350000000501e+03 9.871499976569437563e-17
8.947910060000000158e+03 8.986799871197432513e-17
8.952791744000000108e+03 8.521299680144030914e-17
8.957673403000000690e+03 1.319600040065762973e-16
8.962555035999999745e+03 1.484699996375426958e-16
8.967436642999999094e+03 1.172500063280844905e-16
8.972318224000000555e+03 1.353599942568550589e-16
8.977199779000000490e+03 1.400000010372447136e-16
8.982081308000000718e+03 1.167500054262982372e-16
8.986962810999999419e+03 1.461199993696142454e-16
8.991844286999999895e+03 1.453599990576903245e-16
8.996725736000000325e+03 1.486799976340127580e-16
9.001607158999999228e+03 1.700500036185283149e-16
9.006488554999999906e+03 1.401299941248686470e-16
9.011369924000000537e+03 1.420200025628788089e-16
9.016251265000000785e+03 1.905100050501171345e-16
9.021132579999999507e+03 1.728899992115535771e-16
9.026013868000000002e+03 1.563100042484304912e-16
9.030895128000000113e+03 1.727100047102620383e-16
9.035776361000000179e+03 1.680199965162047782e-16
9.040657565999999861e+03 1.665999987196921470e-16
9.045538742999999158e+03 1.587000003533371056e-16
9.050419893000000229e+03 1.687299954144610937e-16
9.055301014999999097e+03 1.656499983297872458e-16
9.060182108000000881e+03 1.802899966761223652e-16
9.065063174000000799e+03 1.669600009571650255e-16
9.069944210999999996e+03 1.670999996214784004e-16
9.074825220000000627e+03 1.990099939107038392e-16
9.079706200000000536e+03 1.387000039865563753e-16
9.084587150999999722e+03 1.832599985916613617e-16
9.089468074000000342e+03 1.839199960762500719e-16
9.094348968000000241e+03 1.822399988695997731e-16
9.099229832999999417e+03 1.865400013310056313e-16
9.104110670000000027e+03 1.908999975478787355e-16
9.108991475999999238e+03 1.645700048522584112e-16
9.113872253999999884e+03 2.045399940906413483e-16
9.118753001999999469e+03 1.930200019008480416e-16
9.123633721000000151e+03 1.769699980997999317e-16
9.128514409999999771e+03 1.923400064977702495e-16
9.133395069000000149e+03 1.794500046902421163e-16
9.138275697999999466e+03 1.836399987476233222e-16
9.143156296999999540e+03 1.981200005111559848e-16
9.148036867000000711e+03 2.021199944905562105e-16
9.152917406000000483e+03 1.634599946446612523e-16
9.157797914000000674e+03 2.161699946844593072e-16
9.162678393000000142e+03 1.856099988595898121e-16
9.167558839999999691e+03 1.838699946625824665e-16
9.172439258000000336e+03 1.999399963821196584e-16
9.177319643999999244e+03 2.167800039902702128e-16
9.182199999000000389e+03 2.001700055319686035e-16
9.187080324000000473e+03 2.243900126861988640e-16
9.191960617000000639e+03 2.002900062777928964e-16
9.196840878999999404e+03 2.043400016708607275e-16
9.201721110000000408e+03 2.380900029844287228e-16
9.206601308999999674e+03 2.159700022646786864e-16
9.211481476000000839e+03 2.147499968879466761e-16
9.216361612000000605e+03 2.196700009969630805e-16
9.221241717000000790e+03 2.099700046781334474e-16
9.226121789000000717e+03 2.432499953502039120e-16
9.231001829000000726e+03 2.825999961758661038e-16
9.235881837000000814e+03 2.241099888877925127e-16
9.240761812999999165e+03 2.095799989454820455e-16
9.245641756999999416e+03 2.417699905633342340e-16
9.250521667999999408e+03 2.073699973418669700e-16
9.255401545999999144e+03 2.149700004611061798e-16
9.260281392000000778e+03 2.173500042242131535e-16
9.265161205000000336e+03 1.989800036504151166e-16
9.270040983999999298e+03 1.960800010670328076e-16
9.274920731000000160e+03 1.799599979338280102e-16
9.279800445000000764e+03 1.332400031387755536e-16
9.284680125999999291e+03 1.403899935350063147e-16
9.289559773000000860e+03 1.726199942247264680e-16
9.294439386000000013e+03 1.519900038685355510e-16
9.299318966000000728e+03 1.637299996314883614e-16
9.304198512000000846e+03 1.825800031885835696e-16
9.309078025000000707e+03 1.626000047402919213e-16
9.313957502999999633e+03 1.679800006792266142e-16
9.318836948000000120e+03 1.897299935848143306e-16
9.323716357999999673e+03 1.738799954384366423e-16
9.328595734000000448e+03 1.966599936427753889e-16
9.333475075000000288e+03 1.858899961882165617e-16
9.338354381999999532e+03 1.663900007232220848e-16
9.343233653999999660e+03 1.791499962082364838e-16
9.348112891999999192e+03 1.979699962701531686e-16
9.352992094999999608e+03 1.906500037144305093e-16
9.357871262000000570e+03 1.995200003891795340e-16
9.362750394999999116e+03 2.075299939246694268e-16
9.367629492000000027e+03 2.282499947663959141e-16
9.372508555000000342e+03 2.347599988314168478e-16
9.377387581000000864e+03 2.304100081912331850e-16
9.382266572000000451e+03 2.127700044341805457e-16
9.387145527999999103e+03 2.489499976896333193e-16
9.392024448000000120e+03 2.524999921809148971e-16
9.396903331999999864e+03 2.584399960119928901e-16
9.401782178999999815e+03 2.745500068033980470e-16
9.406660991000000649e+03 2.593299894115407445e-16
9.411539767000000211e+03 2.663300020365482910e-16
9.416418505999999979e+03 2.781399971316577888e-16
9.421297209000000294e+03 2.736000064134931457e-16
9.426175875000000815e+03 2.509899971337564966e-16
9.431054503999999724e+03 2.774900052237585200e-16
9.435933096999999179e+03 2.637599981954603370e-16
9.440811653000000661e+03 2.734699868560896106e-16
9.445690172000000530e+03 2.562499923268668966e-16
9.450568654000000606e+03 2.869800035461180909e-16
9.455447098000000551e+03 2.754900016166135068e-16
9.460325505000000703e+03 2.697699881238052166e-16
9.465203874999999243e+03 2.498899925028487791e-16
9.470082206999999471e+03 2.681099888356439998e-16
9.474960500999999567e+03 2.689600128679932919e-16
9.479838757999999871e+03 2.534200023105310758e-16
9.484716975999999704e+03 2.721400127800023506e-16
9.489595156999999745e+03 2.839900037120900124e-16
9.494473299999999654e+03 2.599400119522414510e-16
9.499351403999999093e+03 2.722099988772692372e-16
9.504229470000000219e+03 2.794999879378133730e-16
9.509107497000000876e+03 3.168099893193523876e-16
9.513985485999999582e+03 2.866199880737554115e-16
9.518863435999999638e+03 2.651000043180166401e-16
9.523741346999999223e+03 2.895400018105166035e-16
9.528619219000000157e+03 3.306799950119639455e-16
9.533497052999999141e+03 3.429500084067713334e-16
9.538374846999999136e+03 2.912899983493235897e-16
9.543252602000000479e+03 3.138400006387031919e-16
9.548130316999999195e+03 3.330499931983814778e-16
9.553007992999999260e+03 2.840800009627357818e-16
9.557885629000000336e+03 3.132300045677820872e-16
9.562763225999999122e+03 2.781699873919465113e-16
9.567640783000000738e+03 2.889800071532631041e-16
9.572518298999999388e+03 3.040999952480055940e-16
9.577395775999999387e+03 3.212799939402501441e-16
9.582273213000000396e+03 2.574799900453985475e-16
9.587150609000000259e+03 2.712300082270756134e-16
9.592027964999999313e+03 3.157400014185129944e-16
9.596905280000000857e+03 2.862599990711723339e-16
9.601782554999999775e+03 3.175399993709875860e-16
9.606659788999999364e+03 3.237700061073817701e-16
9.611536981999999625e+03 2.933900047838038138e-16
9.616414134000000558e+03 3.247100009205972299e-16
9.621291245000000345e+03 3.312300105623076051e-16
9.626168315000000803e+03 3.213100106703184683e-16
9.631045344000000114e+03 3.087899902071730533e-16
9.635922330999999758e+03 3.191200069851924748e-16
9.640799277000000075e+03 3.146299912109158355e-16
9.645676181000000724e+03 3.300199975273752353e-16
9.650553042999999889e+03 3.360499986090989977e-16
9.655429862999999386e+03 3.319400094605639206e-16
9.660306641999999556e+03 3.975700015681788314e-16
9.665183377999999720e+03 3.780300102662061904e-16
9.670060072000000218e+03 3.447299952058670422e-16
9.674936723999999231e+03 3.462200055694261615e-16
9.679813333000000057e+03 3.371799935002954378e-16
9.684689899999999398e+03 3.628999901249946574e-16
9.689566424000000552e+03 3.949499963134232719e-16
9.694442906000000221e+03 3.665499874436114460e-16
9.699319343999999546e+03 3.714700047875176513e-16
9.704195739000000685e+03 4.064899996565954614e-16
9.709072092000000339e+03 3.848200116598538738e-16
9.713948400999999649e+03 3.805999876375145427e-16
9.718824667000000773e+03 3.880099906787727723e-16
9.723700888999999734e+03 3.909499890991332454e-16
9.728577068000000509e+03 3.869299972012439377e-16
9.733453202999999121e+03 3.901300082666318792e-16
9.738329293999999209e+03 3.869400027779333791e-16
9.743205341999999291e+03 4.020400061890765878e-16
9.748081345000000510e+03 4.147299891070444985e-16
9.752957304999999906e+03 3.768699986449414261e-16
9.757833220000000438e+03 3.914200129755205770e-16
9.762709090000000288e+03 4.405300038754796478e-16
9.767584917000000132e+03 4.283400086244081896e-16
9.772460698000000775e+03 4.731700214512300860e-16
9.777336434999999256e+03 4.300000079125694064e-16
9.782212127999999211e+03 3.909300044155339642e-16
9.787087774999999965e+03 4.329999868535073246e-16
9.791963377000000037e+03 4.391200116556564581e-16
9.796838933999999426e+03 4.623500225830036534e-16
9.801714445999999953e+03 4.886100027115774895e-16
9.806589912999999797e+03 4.496399755720976565e-16
9.811465334000000439e+03 4.122199922563135914e-16
9.816340709000000061e+03 4.738799938797067998e-16
9.821216039000000819e+03 4.452899849319139937e-16
9.826091323000000557e+03 4.021900104300794041e-16
9.830966560999999274e+03 4.830699837200607381e-16
9.835841753000000608e+03 4.854399819064782705e-16
9.840716898999999103e+03 4.405699997124578118e-16
9.845591997999999876e+03 4.641699787492979245e-16
9.850467051999999967e+03 4.660500213152880475e-16
9.855342058000000179e+03 4.760499864114539105e-16
9.860217018999999709e+03 5.297500223828044332e-16
9.865091931999999360e+03 4.718699846958723451e-16
9.869966798999999810e+03 5.175100257180653696e-16
9.874841618000000381e+03 5.043100230867319633e-16
9.879716390999999931e+03 4.933399935077231128e-16
9.884591115999999602e+03 4.338500108858566167e-16
9.889465795000000071e+03 4.840099785332761979e-16
9.894340425000000323e+03 3.984599949677266858e-16
9.899215008999999554e+03 4.141400041895022767e-16
9.904089544000000387e+03 4.036699887471694803e-16
9.908964031999999861e+03 3.699100083266916453e-16
9.913838472999999794e+03 3.885600062291164319e-16
9.918712864999999510e+03 3.378200063012848668e-16
9.923587208999999348e+03 3.215699968455663351e-16
9.928461504999999306e+03 3.677999963155219798e-16
9.933335752999999386e+03 3.971900014122168709e-16
9.938209951999999248e+03 4.206799985148119330e-16
9.943084102999999232e+03 3.978799891570943036e-16
9.947958205000000817e+03 3.747100116898837568e-16
9.952832258000000365e+03 4.433699994685049101e-16
9.957706263000000035e+03 4.619300001202839272e-16
9.962580218999999488e+03 4.619899806408613724e-16
9.967454125000000204e+03 3.783399978551216626e-16
9.972327982999999222e+03 4.322899879552510091e-16
9.977201790999999503e+03 4.424300046552894503e-16
9.982075548999999228e+03 4.086500130814327324e-16
9.986949259000000893e+03 4.121699908426459859e-16
9.991822917999999845e+03 4.569200119955115543e-16
9.996696528000000399e+03 3.962900024359795751e-16
1.000157008800000040e+04 4.807400078404009715e-16
1.000644359799999984e+04 4.806899799569537644e-16
1.001131705800000054e+04 4.617899749861909507e-16
1.001619046800000069e+04 4.961899946774378165e-16
1.002106382699999995e+04 4.846600233807346701e-16
1.002593713600000046e+04 4.680899942896316231e-16
1.003081039500000043e+04 4.871399770316176513e-16
1.003568360299999949e+04 4.865300074304761482e-16
1.004055675999999949e+04 5.103999782192535691e-16
1.004542986600000040e+04 5.203899906782891941e-16
1.005030292100000042e+04 5.044700064346446192e-16
1.005517592599999989e+04 4.550799917362791970e-16
1.006004887899999994e+04 5.033999920640256243e-16
1.006492178000000058e+04 4.724299793531258444e-16
1.006979463100000066e+04 4.720599847738533254e-16
1.007466742999999951e+04 5.131899988683908276e-16
1.007954017700000077e+04 5.940499874747728806e-16
1.008441287200000079e+04 5.747200074041601027e-16
1.008928551599999992e+04 6.108000110671674664e-16
1.009415810699999929e+04 5.520699758176656879e-16
1.009903064699999959e+04 6.386900002236137967e-16
1.010390313400000014e+04 5.456600010497595667e-16
1.010877556899999945e+04 5.556799772993043125e-16
1.011364795100000083e+04 5.841100028991844627e-16
1.011852028099999916e+04 5.910099862270771966e-16
1.012339255899999989e+04 5.429599776512680775e-16
1.012826478300000053e+04 5.517800258519087002e-16
1.013313695499999994e+04 5.838999916678245996e-16
1.013800907299999926e+04 5.516500062945051651e-16
1.014288113899999917e+04 6.044500168198387903e-16
1.014775315199999932e+04 5.661100233744385465e-16
1.015481400000000031e+04 5.408799823701667363e-16
1.018295299999999952e+04 5.557500163361304025e-16
1.021109199999999873e+04 5.747799879247375478e-16
1.023923300000000017e+04 5.984500059984037505e-16
1.026737199999999939e+04 6.183599918796489105e-16
1.029551099999999860e+04 6.383599750115398399e-16
1.032365099999999984e+04 6.657199862408009951e-16
1.035179000000000087e+04 6.968599878763028724e-16
1.037993000000000029e+04 7.289800066317779752e-16
1.040806899999999951e+04 7.521899799359666860e-16
1.043620900000000074e+04 7.724900244894224513e-16
1.046434900000000016e+04 7.957799894675674900e-16
1.049248799999999937e+04 8.191299879058491773e-16
1.052062700000000041e+04 8.410599885476182334e-16
1.054876699999999801e+04 8.592500210899043332e-16
1.057690599999999904e+04 8.828099778199866802e-16
1.060504600000000028e+04 9.021799801973572237e-16
1.063318500000000131e+04 9.204699626274193310e-16
1.066132400000000052e+04 9.372999778937702448e-16
1.068946500000000015e+04 9.449100395292580994e-16
1.071760400000000118e+04 9.617200436422301303e-16
1.074574399999999878e+04 9.770899858657514439e-16
1.077388299999999981e+04 9.914600056950390559e-16
1.080202200000000084e+04 1.011699963848798969e-15
1.083016299999999865e+04 1.024300002455680314e-15
1.085830199999999968e+04 1.026099947468595702e-15
1.088644100000000071e+04 1.010599985687670854e-15
1.091458100000000013e+04 9.692300495108235707e-16
1.094271999999999935e+04 9.141199683800906549e-16
1.097086000000000058e+04 8.465599852323772191e-16
1.099899899999999980e+04 7.854399935826382288e-16
1.102713800000000083e+04 7.354199981297524207e-16
1.105527800000000025e+04 6.856000083315370343e-16
1.108341799999999967e+04 6.406200177334919234e-16
1.111155700000000070e+04 5.891600133307146013e-16
1.113969700000000012e+04 5.386500093178421805e-16
1.116783599999999933e+04 5.055500263819530556e-16
1.119597600000000057e+04 4.805500077624199912e-16
1.122411499999999978e+04 4.785800208853433022e-16
1.125225399999999900e+04 4.931800101598104568e-16
1.128039500000000044e+04 5.109899896065753927e-16
1.130853399999999965e+04 5.124400041331563481e-16
1.133667299999999886e+04 4.750299999242821227e-16
1.136481300000000010e+04 4.323300102620087747e-16
1.139295200000000114e+04 4.226699965452675048e-16
1.142109199999999873e+04 4.351300100180558730e-16
1.144923099999999977e+04 4.491899893188688094e-16
1.147737000000000080e+04 4.612499914823163343e-16
1.150551000000000022e+04 4.765399949714405232e-16
1.153364999999999964e+04 4.933900213911703199e-16
1.156179000000000087e+04 4.951600026135765872e-16
1.158992900000000191e+04 4.866699796250099214e-16
1.161806799999999930e+04 4.770600202614954603e-16
1.164620800000000054e+04 4.634700118975106520e-16
1.167434800000000178e+04 4.426499949935591531e-16
1.170476599999999962e+04 4.439600108558267337e-16
1.174475699999999961e+04 4.567799868614185778e-16
1.178474699999999939e+04 4.886799888088443761e-16
1.182473700000000099e+04 5.501300056706573231e-16
1.186472799999999916e+04 6.213699763972762701e-16
1.190471899999999914e+04 6.912300245736995551e-16
1.194470900000000074e+04 7.426800233997874357e-16
1.198469900000000052e+04 7.841300041901502500e-16
1.202469000000000051e+04 8.314000013006565652e-16
1.206468099999999868e+04 8.842100174026796319e-16
1.210467100000000028e+04 9.394400066350082346e-16
1.214466100000000188e+04 9.920499641428016761e-16
1.218465099999999984e+04 1.041699965016414965e-15
1.222464100000000144e+04 1.088300012005202332e-15
1.226463199999999961e+04 1.132200035595498210e-15
1.230462299999999959e+04 1.161099952722867684e-15
1.234461299999999937e+04 1.179500049436072850e-15
1.238460300000000097e+04 1.182599978264786775e-15
1.242459399999999914e+04 1.173899996984419450e-15
1.246458499999999913e+04 1.175799997764229252e-15
1.250457500000000073e+04 1.191299959545154101e-15
1.254456500000000051e+04 1.245500009653180678e-15
1.258455500000000029e+04 1.324399964019616280e-15
1.262454500000000007e+04 1.389400001842490406e-15
1.266453600000000006e+04 1.422300032063268313e-15
1.270452700000000186e+04 1.434199997939243978e-15
1.274451699999999983e+04 1.438899972005321277e-15
1.278450699999999961e+04 1.442400018022494453e-15
1.282449799999999959e+04 1.435899993064383359e-15
1.286448999999999978e+04 1.412600022509548879e-15
1.290447999999999956e+04 1.380999976104569510e-15
1.294446900000000096e+04 1.342499999311256610e-15
1.298445899999999892e+04 1.307299957001328058e-15
1.302444900000000052e+04 1.278499989761734592e-15
1.306443999999999869e+04 1.249100005558129861e-15
1.310443199999999888e+04 1.214699985866882995e-15
1.314442200000000048e+04 1.170099995424799845e-15
1.318441200000000026e+04 1.102699995624999065e-15
1.322440300000000025e+04 1.014700048668855294e-15
1.326439400000000023e+04 8.616599886435204279e-16
1.330438400000000001e+04 6.623500127205905579e-16
1.334437400000000162e+04 4.488999864135526183e-16
1.338436399999999958e+04 2.748300041320247966e-16
1.342435400000000118e+04 1.815899937268107035e-16
1.346434499999999935e+04 1.247000052063208840e-16
1.350433599999999933e+04 9.515799740026324857e-17
1.354432599999999911e+04 7.579600213122221833e-17
1.358431600000000071e+04 6.788399971981780735e-17
1.362430700000000070e+04 6.615400109949990315e-17
1.366429799999999886e+04 6.820699720540751359e-17
1.370428800000000047e+04 7.081499841511370349e-17
1.374427800000000025e+04 7.608799688745343710e-17
1.378426900000000023e+04 8.131499750029032195e-17
1.382425900000000183e+04 8.160500040560651302e-17
1.386424899999999980e+04 7.974199776023498240e-17
1.390424000000000160e+04 7.643899939986173865e-17
1.394422999999999956e+04 7.271300072656357782e-17
1.398422000000000116e+04 7.068300024168494154e-17
1.402421099999999933e+04 7.003400095052073645e-17
1.406420199999999932e+04 6.924000020669843583e-17
1.410419199999999910e+04 6.798299669552815370e-17
1.414418200000000070e+04 6.727399703145180219e-17
1.418417300000000068e+04 6.743799716841901567e-17
1.422416300000000047e+04 6.951400213024540114e-17
1.426415300000000025e+04 7.354399960482415027e-17
1.430414400000000023e+04 7.984000211921026512e-17
1.434413400000000001e+04 8.666800088147618439e-17
1.438412399999999980e+04 9.325300044955362583e-17
1.442411499999999978e+04 1.003300004285327077e-16
1.446410699999999997e+04 1.121499944828867465e-16
1.450409699999999975e+04 1.279000030368190248e-16
1.454408600000000115e+04 1.441699971761368376e-16
1.458407799999999952e+04 1.570400010651758888e-16
1.462406799999999930e+04 1.636000065438644280e-16
1.466405699999999888e+04 1.690000004012882028e-16
1.470404899999999907e+04 1.765700000253488892e-16
1.474403900000000067e+04 1.860299948525299366e-16
1.478402900000000045e+04 1.974800009450563567e-16
1.482402000000000044e+04 2.092899960401658544e-16
1.486401099999999860e+04 2.219500019327348434e-16
1.490400100000000020e+04 2.350100058997548749e-16
1.494399100000000180e+04 2.509600068734677740e-16
1.498398199999999997e+04 2.691999878898622758e-16
1.502397200000000157e+04 2.893000003188680178e-16
1.506396199999999953e+04 3.099100059914596536e-16
1.510395300000000134e+04 3.327300000327765642e-16
1.514394299999999930e+04 3.566799889652899147e-16
1.518393300000000090e+04 3.817499936820898656e-16
1.522392399999999907e+04 4.089300104100594821e-16
1.526391499999999905e+04 4.392399991665909501e-16
1.530390500000000065e+04 4.693199920081632739e-16
1.534389500000000044e+04 5.003699963930193818e-16
1.538388600000000042e+04 5.330999847496359877e-16
1.542387699999999859e+04 5.670400126109645649e-16
1.546386700000000019e+04 6.001999760674311350e-16
1.550385700000000179e+04 6.256300227263733669e-16
1.554384699999999975e+04 6.480799957186381566e-16
1.558383699999999953e+04 6.682300095613115040e-16
1.562382799999999952e+04 6.891000014091510067e-16
1.566381900000000132e+04 7.150999953624769759e-16
1.570380899999999929e+04 7.406099807558163325e-16
1.574379900000000089e+04 7.573499987715214769e-16
1.578378999999999905e+04 7.665399886118754152e-16
1.582378099999999904e+04 7.705199846727865589e-16
1.586377100000000064e+04 7.696599815335274271e-16
1.590376100000000042e+04 7.564500262650637828e-16
1.594375100000000020e+04 7.343800004892017501e-16
1.598374099999999999e+04 6.990900138681866317e-16
1.602373199999999997e+04 6.573799939630167472e-16
1.606372399999999834e+04 6.064200036969154793e-16
1.610371399999999994e+04 5.504300141526629556e-16
1.614370299999999952e+04 4.965399781033314527e-16
1.618369499999999971e+04 4.492100004722476923e-16
1.622368599999999969e+04 4.130199884052156763e-16
1.626367599999999948e+04 3.840299946178616286e-16
1.630366600000000108e+04 3.690299940340536307e-16
1.634365599999999904e+04 3.629400124317524231e-16
1.638364600000000064e+04 3.675300045635846715e-16
1.642363699999999881e+04 3.759400094084154077e-16
1.646362800000000061e+04 3.861099898989629698e-16
1.650361799999999857e+04 3.961799940319549228e-16
1.654360800000000017e+04 4.003999915845146522e-16
1.658359899999999834e+04 3.956599952116795875e-16
1.662359000000000015e+04 3.710400032178880854e-16
1.666358000000000175e+04 3.334100086707441572e-16
1.670356999999999971e+04 3.016399998109422923e-16
1.674356000000000131e+04 2.886100125739905851e-16
1.678354999999999927e+04 3.016100095506535697e-16
1.682354100000000108e+04 3.207400104363755276e-16
1.686353200000000288e+04 3.315299925745336359e-16
1.690352200000000084e+04 3.330599987750709192e-16
1.694351199999999881e+04 3.249500024122458156e-16
1.698350300000000061e+04 3.149199941162320266e-16
1.702349399999999878e+04 3.064299975974449624e-16
1.706348400000000038e+04 3.003600006787430360e-16
1.710347400000000198e+04 2.987799930645381472e-16
1.714346500000000015e+04 3.003899909390317586e-16
1.718345500000000175e+04 3.031200045978119702e-16
1.722344499999999971e+04 3.025299932104901467e-16
1.726343600000000151e+04 2.937599993630763328e-16
1.730342599999999948e+04 2.809500024643943284e-16
1.734341600000000108e+04 2.661199908051884279e-16
1.738340699999999924e+04 2.520600115043754915e-16
1.742339800000000105e+04 2.395499966179195179e-16
1.746338799999999901e+04 2.281599975157501447e-16
1.750337800000000061e+04 2.179600002951342583e-16
1.754336999999999898e+04 2.077699954163180125e-16
1.758335900000000038e+04 1.992900044742203897e-16
1.762334899999999834e+04 1.904899938967382516e-16
1.766334100000000035e+04 1.785799959742935430e-16
1.770333099999999831e+04 1.663200013910653974e-16
1.774331999999999971e+04 1.557999977699547965e-16
1.778331200000000172e+04 1.462299945387490968e-16
1.782330299999999988e+04 1.372300047763761388e-16
1.786329300000000148e+04 1.288399978500344846e-16
1.790328299999999945e+04 1.221499992837220120e-16
1.794327400000000125e+04 1.160899947068197262e-16
1.798326399999999921e+04 1.096100007544222163e-16
1.802325400000000081e+04 1.035999975911875359e-16
1.806324500000000262e+04 1.004699990928460825e-16
1.810323500000000058e+04 1.003300004285327077e-16
1.814322500000000218e+04 1.009699999946323359e-16
1.818321600000000035e+04 1.003800018422003131e-16
1.822320699999999852e+04 1.010499982860335643e-16
1.826319700000000012e+04 1.022800026220101156e-16
1.830318700000000172e+04 9.982600259002659816e-17
1.834317799999999988e+04 9.543700211215493459e-17
1.838316800000000148e+04 9.232000027559791443e-17
1.842315799999999945e+04 8.927000006865768952e-17
1.846314900000000125e+04 8.730299765923109183e-17
1.850313899999999921e+04 8.506599688042228548e-17
1.854312900000000081e+04 8.091799712837917163e-17
1.858311999999999898e+04 7.490299779424467092e-17
1.862311100000000079e+04 7.080400022168919843e-17
1.866310099999999875e+04 6.959599889000655766e-17
1.870309100000000035e+04 7.474499967980214221e-17
1.874308199999999852e+04 8.296499782920699773e-17
1.878307300000000032e+04 9.513500177923427440e-17
1.882306299999999828e+04 1.065400026289929094e-16
1.886305299999999988e+04 1.139799959305398615e-16
1.886945000000000073e+04 1.192600022770291444e-16
1.892683300000000236e+04 1.252999957005525473e-16
1.898421399999999994e+04 1.285900040165862583e-16
1.904159500000000116e+04 1.286600033487429458e-16
1.909897799999999916e+04 1.264500017451278702e-16
1.915636100000000079e+04 1.210200043925255720e-16
1.921374200000000201e+04 1.133100061041515108e-16
1.927112299999999959e+04 1.054999983709973383e-16
1.932850600000000122e+04 9.989800039054321369e-17
1.938588899999999921e+04 9.836700157327086668e-17
1.944327000000000044e+04 9.934699884090939090e-17
1.950065100000000166e+04 1.011500011133687751e-16
1.955803399999999965e+04 1.044000003575345213e-16
1.961541699999999764e+04 1.096800000865789037e-16
1.967279799999999886e+04 1.161699996156658550e-16
1.973017900000000009e+04 1.233400011652754989e-16
1.978756200000000172e+04 1.292100056641968045e-16
1.984494399999999951e+04 1.355499943348360391e-16
1.990232599999999729e+04 1.433300051902565886e-16
1.995970699999999852e+04 1.533000064959133307e-16
2.001709000000000015e+04 1.635599974719964631e-16
2.007447200000000157e+04 1.723300045543000778e-16
2.013185299999999916e+04 1.818200028766596486e-16
2.018923500000000058e+04 1.923600044162593315e-16
2.024661800000000221e+04 2.028200010470128855e-16
2.030399799999999959e+04 2.153500006170681403e-16
2.036138100000000122e+04 2.275200111845403174e-16
2.041876300000000265e+04 2.361299952142618735e-16
2.047614600000000064e+04 2.437699941704792473e-16
2.053352799999999843e+04 2.522699962659557529e-16
2.059090900000000329e+04 2.599400119522414510e-16
2.064829099999999744e+04 2.664800062775511073e-16
2.070567399999999907e+04 2.710800039860727971e-16
2.076305400000000009e+04 2.735600105765149817e-16
2.082043600000000151e+04 2.756099891275479987e-16
2.087781899999999951e+04 2.757199975315726510e-16
2.093520200000000114e+04 2.754699904632346239e-16
2.099258400000000256e+04 2.743399955720381839e-16
2.104996399999999994e+04 2.724899962058959868e-16
2.110734700000000157e+04 2.679399999110419024e-16
2.116472999999999956e+04 2.615199930966667381e-16
2.122211000000000058e+04 2.560199964119077524e-16
2.127949200000000201e+04 2.509799915570670552e-16
2.133687500000000000e+04 2.448599932246975234e-16
2.139425800000000163e+04 2.360000021266379401e-16
2.145163999999999942e+04 2.261599939086051314e-16
2.150902000000000044e+04 2.169200026545835876e-16
2.156640299999999843e+04 2.082600039763046252e-16
2.162378499999999985e+04 1.992200051420637023e-16
2.168116599999999744e+04 1.880799998733425553e-16
2.173854799999999886e+04 1.755899961402654645e-16
2.179593100000000049e+04 1.600899946546712133e-16
2.185331300000000192e+04 1.425799972201323082e-16
2.191069599999999991e+04 1.223799951986811563e-16
2.196807600000000093e+04 1.031399991438243470e-16
2.202545899999999892e+04 8.808099742128416669e-17
2.208284100000000035e+04 7.883000135639321748e-17
2.214022200000000157e+04 7.582499977477587727e-17
2.219760400000000300e+04 7.403400154736586259e-17
2.225498700000000099e+04 7.069599690346937471e-17
2.231236899999999878e+04 6.724100245117828703e-17
2.236975199999999677e+04 6.307800095154591146e-17
2.242713199999999779e+04 5.854599748937608047e-17
2.248451499999999942e+04 5.424999858213497891e-17
2.254189700000000084e+04 5.095000123302407754e-17
2.259927699999999822e+04 4.899700133700677751e-17
2.265665999999999985e+04 4.760799965240773343e-17
2.271404299999999785e+04 4.547600118055640842e-17
2.277142499999999927e+04 4.346800039124923247e-17
2.282880800000000090e+04 4.224100037525747376e-17
2.288618800000000192e+04 4.059500029178310441e-17
2.294357099999999991e+04 3.901800030628545842e-17
2.300095300000000134e+04 3.878800108260386397e-17
2.305833300000000236e+04 4.003800002834704706e-17
2.311571600000000035e+04 3.992500053922740306e-17
2.317309900000000198e+04 3.646300152150921633e-17
2.323048099999999977e+04 3.314399887064429660e-17
2.328786399999999776e+04 3.201400067072540634e-17
2.334524399999999878e+04 3.129799974994440601e-17
2.340262699999999677e+04 3.055199864270733247e-17
2.346000899999999820e+04 3.029699871219193531e-17
2.351738899999999921e+04 3.135200140905431787e-17
2.357477200000000084e+04 3.286699924455743912e-17
2.363215400000000227e+04 3.383999856421376472e-17
2.368953700000000026e+04 3.362000160849916148e-17
2.374692000000000189e+04 3.220800099414869303e-17
2.380429999999999927e+04 3.165699944451487024e-17
2.386168200000000070e+04 3.254699946150762504e-17
2.391906500000000233e+04 3.443300103663058005e-17
2.397644500000000335e+04 3.730799960445663622e-17
2.403382800000000134e+04 4.008999991037458059e-17
2.409120999999999913e+04 4.253099997185121463e-17
2.414859299999999712e+04 4.564100055170358596e-17
2.420597599999999875e+04 4.774699908254114420e-17
2.426335599999999977e+04 4.822000080913366670e-17
2.432073800000000119e+04 4.949400122753068844e-17
2.437812099999999919e+04 5.060500074314046076e-17
2.443550100000000020e+04 5.051999966339451164e-17
2.449288399999999820e+04 5.106200148796375749e-17
2.455026599999999962e+04 5.214999876509965522e-17
2.460764900000000125e+04 5.303300083411021141e-17
2.466503100000000268e+04 5.398499969237504075e-17
2.472241200000000026e+04 5.446300089858983375e-17
2.477979400000000169e+04 5.383399952591471065e-17
2.483717699999999968e+04 5.423699861162809552e-17
2.489455700000000070e+04 5.368699960489668700e-17
2.495194000000000233e+04 5.284300075612923117e-17
