1.195000000000000000e+03 8.861500769853591919e-03
1.205000000000000000e+03 6.944999843835830688e-02
1.215000000000000000e+03 6.080998778343200684e-01
1.225000000000000000e+03 1.437000036239624023e-01
1.235000000000000000e+03 6.269500125199556351e-03
1.245000000000000000e+03 4.075500182807445526e-03
1.255000000000000000e+03 3.378000110387802124e-03
1.265000000000000000e+03 4.162500146776437759e-03
1.275000000000000000e+03 2.414999995380640030e-03
1.285000000000000000e+03 1.954500097781419754e-03
1.295000000000000000e+03 4.668000154197216034e-03
1.305000000000000000e+03 1.381000038236379623e-02
1.315000000000000000e+03 4.480999894440174103e-03
1.325000000000000000e+03 4.649499896913766861e-03
1.335000000000000000e+03 1.930500008165836334e-02
1.345000000000000000e+03 5.063000135123729706e-03
1.355000000000000000e+03 4.196499940007925034e-03
1.365000000000000000e+03 3.432499943301081657e-03
1.375000000000000000e+03 3.225999884307384491e-03
1.385000000000000000e+03 4.494499880820512772e-03
1.395000000000000000e+03 8.898999541997909546e-03
1.405000000000000000e+03 6.819500122219324112e-03
1.415000000000000000e+03 4.612499848008155823e-03
1.425000000000000000e+03 5.121000111103057861e-03
1.435000000000000000e+03 5.578999873250722885e-03
1.445000000000000000e+03 5.570500157773494720e-03
1.455000000000000000e+03 6.039499770849943161e-03
1.465000000000000000e+03 7.693499792367219925e-03
1.475000000000000000e+03 9.194499813020229340e-03
1.485000000000000000e+03 8.851000107824802399e-03
1.495000000000000000e+03 8.617000654339790344e-03
1.505000000000000000e+03 9.397000074386596680e-03
1.515000000000000000e+03 1.000650040805339813e-02
1.525000000000000000e+03 1.268499996513128281e-02
1.535000000000000000e+03 1.412499975413084030e-02
1.545000000000000000e+03 2.262499928474426270e-02
1.555000000000000000e+03 2.343500033020973206e-02
1.565000000000000000e+03 1.981999911367893219e-02
1.575000000000000000e+03 1.843499951064586639e-02
1.585000000000000000e+03 1.794500090181827545e-02
1.595000000000000000e+03 1.871000044047832489e-02
1.605000000000000000e+03 2.070000022649765015e-02
1.615000000000000000e+03 2.381500042974948883e-02
1.625000000000000000e+03 2.703000046312808990e-02
1.635000000000000000e+03 3.087499924004077911e-02
1.645000000000000000e+03 3.214500099420547485e-02
1.655000000000000000e+03 4.616000130772590637e-02
1.665000000000000000e+03 4.273999854922294617e-02
1.675000000000000000e+03 4.141499847173690796e-02
1.685000000000000000e+03 4.840499907732009888e-02
1.695000000000000000e+03 6.238999962806701660e-02
1.705000000000000000e+03 7.017499953508377075e-02
1.715000000000000000e+03 7.330500334501266479e-02
1.725000000000000000e+03 7.720000296831130981e-02
1.735000000000000000e+03 8.125499635934829712e-02
1.745000000000000000e+03 9.635499864816665649e-02
1.755000000000000000e+03 1.146999970078468323e-01
1.765000000000000000e+03 1.298999935388565063e-01
1.775000000000000000e+03 1.497000008821487427e-01
1.785000000000000000e+03 1.645999997854232788e-01
1.795000000000000000e+03 1.685000061988830566e-01
1.805000000000000000e+03 1.960500031709671021e-01
1.815000000000000000e+03 2.398999929428100586e-01
1.825000000000000000e+03 2.396499961614608765e-01
1.835000000000000000e+03 2.391999959945678711e-01
1.845000000000000000e+03 2.193499952554702759e-01
1.855000000000000000e+03 2.453500032424926758e-01
1.865000000000000000e+03 2.870000004768371582e-01
1.875000000000000000e+03 3.197999894618988037e-01
1.885000000000000000e+03 3.494499921798706055e-01
1.895000000000000000e+03 3.793500065803527832e-01
1.905000000000000000e+03 3.992500007152557373e-01
1.915000000000000000e+03 4.422000050544738770e-01
1.925000000000000000e+03 4.377500116825103760e-01
1.935000000000000000e+03 4.032000005245208740e-01
1.945000000000000000e+03 5.530999898910522461e-01
1.955000000000000000e+03 5.768499970436096191e-01
1.965000000000000000e+03 6.370499730110168457e-01
1.975000000000000000e+03 6.571499705314636230e-01
1.985000000000000000e+03 6.555500030517578125e-01
1.995000000000000000e+03 7.052000164985656738e-01
2.005649047851562500e+03 7.756500244140625000e-01
2.015650756835937500e+03 8.497499823570251465e-01
2.025652587890625000e+03 8.730999827384948730e-01
2.035654418945312500e+03 9.743000268936157227e-01
2.045656250000000000e+03 1.083500027656555176e+00
2.055657958984375000e+03 1.116000056266784668e+00
2.065659912109375000e+03 1.172000050544738770e+00
2.075661865234375000e+03 1.340999960899353027e+00
2.085663818359375000e+03 1.585000038146972656e+00
2.095665771484375000e+03 2.233000040054321289e+00
2.105667724609375000e+03 2.916500091552734375e+00
2.115669677734375000e+03 3.500999927520751953e+00
2.125671630859375000e+03 3.270499944686889648e+00
2.135673583984375000e+03 3.446500062942504883e+00
2.145675537109375000e+03 4.172500133514404297e+00
2.155677734375000000e+03 3.771500110626220703e+00
2.165679687500000000e+03 3.363500118255615234e+00
2.175681640625000000e+03 3.666500091552734375e+00
2.185683837890625000e+03 4.621500015258789062e+00
2.195685791015625000e+03 4.888999938964843750e+00
2.205687988281250000e+03 4.933000087738037109e+00
2.215689941406250000e+03 4.119500160217285156e+00
2.225692138671875000e+03 5.157001018524169922e+00
2.235694335937500000e+03 6.540500164031982422e+00
2.245696533203125000e+03 6.125500202178955078e+00
2.255698486328125000e+03 5.445000171661376953e+00
2.265700683593750000e+03 4.110000133514404297e+00
2.275702880859375000e+03 4.133999824523925781e+00
2.285705078125000000e+03 5.396500110626220703e+00
2.295707275390625000e+03 4.954999923706054688e+00
2.305709472656250000e+03 5.415999889373779297e+00
2.315711669921875000e+03 5.295499801635742188e+00
2.325713867187500000e+03 5.527500152587890625e+00
2.335716064453125000e+03 4.663499832153320312e+00
2.345718261718750000e+03 4.055500030517578125e+00
2.355720458984375000e+03 5.335000038146972656e+00
2.365722656250000000e+03 5.054999828338623047e+00
2.375725097656250000e+03 5.040999889373779297e+00
2.385727294921875000e+03 4.361000061035156250e+00
2.395729492187500000e+03 4.593999862670898438e+00
2.405731689453125000e+03 4.109499931335449219e+00
2.415734130859375000e+03 5.326499938964843750e+00
2.425736328125000000e+03 7.324500083923339844e+00
2.435738525390625000e+03 6.905499935150146484e+00
2.445740966796875000e+03 6.340000152587890625e+00
2.455743164062500000e+03 5.146500110626220703e+00
2.465745605468750000e+03 5.244999885559082031e+00
2.475747802734375000e+03 5.770500183105468750e+00
2.485750244140625000e+03 4.748499870300292969e+00
2.495752441406250000e+03 5.859000205993652344e+00
2.505754882812500000e+03 6.266499996185302734e+00
2.515757080078125000e+03 4.806499958038330078e+00
2.525759521484375000e+03 4.318500041961669922e+00
2.535761718750000000e+03 5.361499786376953125e+00
2.545764160156250000e+03 6.196000099182128906e+00
2.555766601562500000e+03 8.223999977111816406e+00
2.565768798828125000e+03 1.055000019073486328e+01
2.575771240234375000e+03 1.301000022888183594e+01
2.585773681640625000e+03 1.297999954223632812e+01
2.595775878906250000e+03 1.085000038146972656e+01
2.605778320312500000e+03 8.915499687194824219e+00
2.615780761718750000e+03 9.304499626159667969e+00
2.625782958984375000e+03 1.080000019073486328e+01
2.635785400390625000e+03 1.695499992370605469e+01
2.645787841796875000e+03 2.590999984741210938e+01
2.655790283203125000e+03 2.625499916076660156e+01
2.665792724609375000e+03 2.589500045776367188e+01
2.675794921875000000e+03 2.605999946594238281e+01
2.685797363281250000e+03 2.533499908447265625e+01
2.695799804687500000e+03 2.480999946594238281e+01
2.705802246093750000e+03 2.776000022888183594e+01
2.715804687500000000e+03 2.329500007629394531e+01
2.725807128906250000e+03 2.048500061035156250e+01
2.735809570312500000e+03 2.053499984741210938e+01
2.745812011718750000e+03 1.381499958038330078e+01
2.755814453125000000e+03 1.815500068664550781e+01
2.765816894531250000e+03 2.520499992370605469e+01
2.775819091796875000e+03 2.432999992370605469e+01
2.785821533203125000e+03 1.654000091552734375e+01
2.795823974609375000e+03 9.058500289916992188e+00
2.805826416015625000e+03 9.978500366210937500e+00
2.815828857421875000e+03 2.169000053405761719e+01
2.825831542968750000e+03 3.047500038146972656e+01
2.835833984375000000e+03 3.252999877929687500e+01
2.845836425781250000e+03 2.447500038146972656e+01
2.855838867187500000e+03 1.695999908447265625e+01
2.865841308593750000e+03 3.334000015258789062e+01
2.875843750000000000e+03 3.479000091552734375e+01
2.885846191406250000e+03 3.329000091552734375e+01
2.895848632812500000e+03 4.891999816894531250e+01
2.905851074218750000e+03 6.225500106811523438e+01
2.915853515625000000e+03 6.018000030517578125e+01
2.925855957031250000e+03 5.395000076293945312e+01
2.935858642578125000e+03 5.545000076293945312e+01
2.945861083984375000e+03 5.268000030517578125e+01
2.955863525390625000e+03 5.711500167846679688e+01
2.965865966796875000e+03 5.258000183105468750e+01
2.975868408203125000e+03 5.246500015258789062e+01
2.985870849609375000e+03 4.820000076293945312e+01
2.995873535156250000e+03 5.015499877929687500e+01
3.005875976562500000e+03 4.361500167846679688e+01
3.015878417968750000e+03 4.727500152587890625e+01
3.025880859375000000e+03 5.068999862670898438e+01
3.035883300781250000e+03 6.445500183105468750e+01
3.045885986328125000e+03 6.254999923706054688e+01
3.055888427734375000e+03 6.167499923706054688e+01
3.065890869140625000e+03 5.770500183105468750e+01
3.075893310546875000e+03 6.384999847412109375e+01
3.085895996093750000e+03 6.350999832153320312e+01
3.095898437500000000e+03 5.164500045776367188e+01
3.105900878906250000e+03 6.481999969482421875e+01
3.115903564453125000e+03 7.563999938964843750e+01
3.125906005859375000e+03 6.808000183105468750e+01
3.135908447265625000e+03 7.258000183105468750e+01
3.145911132812500000e+03 6.881500244140625000e+01
3.155913574218750000e+03 6.568499755859375000e+01
3.165916015625000000e+03 6.560001373291015625e+01
3.175918457031250000e+03 8.025000000000000000e+01
3.185921142578125000e+03 6.903500366210937500e+01
3.195923583984375000e+03 7.386000061035156250e+01
3.205926269531250000e+03 8.348999786376953125e+01
3.215928710937500000e+03 7.259500122070312500e+01
3.225931152343750000e+03 7.144999694824218750e+01
3.235933837890625000e+03 6.862500000000000000e+01
3.245936279296875000e+03 7.895999145507812500e+01
3.255938720703125000e+03 9.098999786376953125e+01
3.265941406250000000e+03 1.015500030517578125e+02
3.275943847656250000e+03 9.883000183105468750e+01
3.285946533203125000e+03 9.521000671386718750e+01
3.295948974609375000e+03 1.100000000000000000e+02
3.305951416015625000e+03 1.053499984741210938e+02
3.315954101562500000e+03 1.001350021362304688e+02
3.325956542968750000e+03 9.906999969482421875e+01
3.335959228515625000e+03 9.548999786376953125e+01
3.345961669921875000e+03 9.938999938964843750e+01
3.355964355468750000e+03 9.775499725341796875e+01
3.365966796875000000e+03 8.396000671386718750e+01
3.375969482421875000e+03 8.736000061035156250e+01
3.385971923828125000e+03 9.560001373291015625e+01
3.395974365234375000e+03 9.944499969482421875e+01
3.405977050781250000e+03 1.043000030517578125e+02
3.415979492187500000e+03 9.584999847412109375e+01
3.425982177734375000e+03 1.030500030517578125e+02
3.435984619140625000e+03 9.870500183105468750e+01
3.445987304687500000e+03 8.269000244140625000e+01
3.455989746093750000e+03 9.734999847412109375e+01
3.465992431640625000e+03 9.607499694824218750e+01
3.475994873046875000e+03 9.351999664306640625e+01
3.485997558593750000e+03 9.314998626708984375e+01
3.496000000000000000e+03 9.243000793457031250e+01
3.506002685546875000e+03 1.087500000000000000e+02
3.516005371093750000e+03 1.016500015258789062e+02
3.526007812500000000e+03 9.424001312255859375e+01
3.536010498046875000e+03 1.071500015258789062e+02
3.546012939453125000e+03 1.150500030517578125e+02
3.556015625000000000e+03 1.084000015258789062e+02
3.566018066406250000e+03 9.426999664306640625e+01
3.576020751953125000e+03 8.259500122070312500e+01
3.586023193359375000e+03 7.211000061035156250e+01
3.596025878906250000e+03 1.030500030517578125e+02
3.606028320312500000e+03 1.005000000000000000e+02
3.616031005859375000e+03 9.119499206542968750e+01
3.626033691406250000e+03 1.035500030517578125e+02
3.636036132812500000e+03 1.034000015258789062e+02
3.646038818359375000e+03 1.050999984741210938e+02
3.656041259765625000e+03 1.196500015258789062e+02
3.666043945312500000e+03 1.279000015258789062e+02
3.676046630859375000e+03 1.225500030517578125e+02
3.686049072265625000e+03 1.143499984741210938e+02
3.696051757812500000e+03 1.275000000000000000e+02
3.706054199218750000e+03 1.185500030517578125e+02
3.716056884765625000e+03 1.220000000000000000e+02
3.726059570312500000e+03 1.096500015258789062e+02
3.736062011718750000e+03 9.574500274658203125e+01
3.746064697265625000e+03 9.368499755859375000e+01
3.756067138671875000e+03 1.103000030517578125e+02
3.766069824218750000e+03 1.128000030517578125e+02
3.776072509765625000e+03 1.330500030517578125e+02
3.786074951171875000e+03 1.375500030517578125e+02
3.796077636718750000e+03 1.107500000000000000e+02
3.806080322265625000e+03 1.245500030517578125e+02
3.816082763671875000e+03 1.118499984741210938e+02
3.826085449218750000e+03 8.194999694824218750e+01
3.836088134765625000e+03 7.109500122070312500e+01
3.846090576171875000e+03 9.931999969482421875e+01
3.856093261718750000e+03 1.045500030517578125e+02
3.866095703125000000e+03 1.043000030517578125e+02
3.876098388671875000e+03 1.039000015258789062e+02
3.886101074218750000e+03 1.019499969482421875e+02
3.896103515625000000e+03 1.214499969482421875e+02
3.906106201171875000e+03 1.289499969482421875e+02
3.916108886718750000e+03 1.387500000000000000e+02
3.926111328125000000e+03 1.056999969482421875e+02
3.936114013671875000e+03 6.045500183105468750e+01
3.946116699218750000e+03 1.063000030517578125e+02
3.956119384765625000e+03 1.360500030517578125e+02
3.966121826171875000e+03 8.840499877929687500e+01
3.976124511718750000e+03 9.587999725341796875e+01
3.986127197265625000e+03 1.576499938964843750e+02
3.996129638671875000e+03 1.722500000000000000e+02
4.006132324218750000e+03 1.741999969482421875e+02
4.016135009765625000e+03 1.811999969482421875e+02
4.026137451171875000e+03 1.825500030517578125e+02
4.036140136718750000e+03 1.749499969482421875e+02
4.046142822265625000e+03 1.738000030517578125e+02
4.056145507812500000e+03 1.731499938964843750e+02
4.066147949218750000e+03 1.651000061035156250e+02
4.076150634765625000e+03 1.688000030517578125e+02
4.086153320312500000e+03 1.799499969482421875e+02
4.096155761718750000e+03 1.776000061035156250e+02
4.106158691406250000e+03 1.503999938964843750e+02
4.116161132812500000e+03 1.821999969482421875e+02
4.126163574218750000e+03 1.793999938964843750e+02
4.136166503906250000e+03 1.760000000000000000e+02
4.146168945312500000e+03 1.741000061035156250e+02
4.156171386718750000e+03 1.738000030517578125e+02
4.166174316406250000e+03 1.846999969482421875e+02
4.176176757812500000e+03 1.668999938964843750e+02
4.186179687500000000e+03 1.688000030517578125e+02
4.196182128906250000e+03 1.705000000000000000e+02
4.206184570312500000e+03 1.761999969482421875e+02
4.216187500000000000e+03 1.801999969482421875e+02
4.226189941406250000e+03 1.586000061035156250e+02
4.236192382812500000e+03 1.715000000000000000e+02
4.246195312500000000e+03 1.771999969482421875e+02
4.256197753906250000e+03 1.698999938964843750e+02
4.266200683593750000e+03 1.701999969482421875e+02
4.276203125000000000e+03 1.573000030517578125e+02
4.286205566406250000e+03 1.591000061035156250e+02
4.296208496093750000e+03 1.478999938964843750e+02
4.306210937500000000e+03 1.138000030517578125e+02
4.316213378906250000e+03 1.690000000000000000e+02
4.326216308593750000e+03 1.650000000000000000e+02
4.336218750000000000e+03 1.735000000000000000e+02
4.346221679687500000e+03 1.673999938964843750e+02
4.356224121093750000e+03 1.726999969482421875e+02
4.366226562500000000e+03 1.933999938964843750e+02
4.376229492187500000e+03 1.811000061035156250e+02
4.386231933593750000e+03 1.571000061035156250e+02
4.396234863281250000e+03 1.830000000000000000e+02
4.406237304687500000e+03 1.716999969482421875e+02
4.416239746093750000e+03 1.936000061035156250e+02
4.426242675781250000e+03 1.985000000000000000e+02
4.436245117187500000e+03 1.913999938964843750e+02
4.446248046875000000e+03 1.978000030517578125e+02
4.456250488281250000e+03 1.826000061035156250e+02
4.466252929687500000e+03 1.896000061035156250e+02
4.476255859375000000e+03 2.081999969482421875e+02
4.486258300781250000e+03 1.978000030517578125e+02
4.496261230468750000e+03 2.031999969482421875e+02
4.506263671875000000e+03 2.148999938964843750e+02
4.516266113281250000e+03 2.113999938964843750e+02
4.526269042968750000e+03 1.946000061035156250e+02
4.536271484375000000e+03 1.975000000000000000e+02
4.546274414062500000e+03 1.983999938964843750e+02
4.556276855468750000e+03 2.038999938964843750e+02
4.566279296875000000e+03 2.081999969482421875e+02
4.576282226562500000e+03 2.105000000000000000e+02
4.586284667968750000e+03 1.976000061035156250e+02
4.596287597656250000e+03 2.013999938964843750e+02
4.606290039062500000e+03 2.045000000000000000e+02
4.616292968750000000e+03 2.060000000000000000e+02
4.626295410156250000e+03 2.108999938964843750e+02
4.636297851562500000e+03 2.045000000000000000e+02
4.646300781250000000e+03 1.981000061035156250e+02
4.656303222656250000e+03 2.046999969482421875e+02
4.666306152343750000e+03 1.926000061035156250e+02
4.676308593750000000e+03 2.020000000000000000e+02
4.686311035156250000e+03 1.998999938964843750e+02
4.696313964843750000e+03 1.995000000000000000e+02
4.706316406250000000e+03 1.881999969482421875e+02
4.716319335937500000e+03 2.023000030517578125e+02
4.726321777343750000e+03 2.046000061035156250e+02
4.736324707031250000e+03 1.996000061035156250e+02
4.746327148437500000e+03 2.056000061035156250e+02
4.756329589843750000e+03 2.021000061035156250e+02
4.766332519531250000e+03 1.961000061035156250e+02
4.776334960937500000e+03 2.080000000000000000e+02
4.786337890625000000e+03 2.013999938964843750e+02
4.796340332031250000e+03 2.081000061035156250e+02
4.806343261718750000e+03 2.040000000000000000e+02
4.816345703125000000e+03 2.095000000000000000e+02
4.826348144531250000e+03 2.028000030517578125e+02
4.836351074218750000e+03 2.023999938964843750e+02
4.846353515625000000e+03 1.973999938964843750e+02
4.856356445312500000e+03 1.835000000000000000e+02
4.866358886718750000e+03 1.628999938964843750e+02
4.876361816406250000e+03 1.835000000000000000e+02
4.886364257812500000e+03 1.918999938964843750e+02
4.896366699218750000e+03 1.965000000000000000e+02
4.906369628906250000e+03 2.011999969482421875e+02
4.916372070312500000e+03 1.901000061035156250e+02
4.926375000000000000e+03 1.901000061035156250e+02
4.936377441406250000e+03 1.893000030517578125e+02
4.946380371093750000e+03 2.063000030517578125e+02
4.956382812500000000e+03 1.931000061035156250e+02
4.966385742187500000e+03 2.021999969482421875e+02
4.976388183593750000e+03 2.023000030517578125e+02
4.986390625000000000e+03 1.871000061035156250e+02
4.996393554687500000e+03 1.975000000000000000e+02
5.006395996093750000e+03 1.861999969482421875e+02
5.016398925781250000e+03 1.816999969482421875e+02
5.026401367187500000e+03 1.898999938964843750e+02
5.036404296875000000e+03 1.938999938964843750e+02
5.046406738281250000e+03 1.873999938964843750e+02
5.056409667968750000e+03 1.998000030517578125e+02
5.066412109375000000e+03 1.966000061035156250e+02
5.076414550781250000e+03 1.911000061035156250e+02
5.086417480468750000e+03 1.923999938964843750e+02
5.096419921875000000e+03 1.921000061035156250e+02
5.106422851562500000e+03 1.951999969482421875e+02
5.116425292968750000e+03 2.001999969482421875e+02
5.126428222656250000e+03 1.871999969482421875e+02
5.136430664062500000e+03 1.866000061035156250e+02
5.146433593750000000e+03 1.878999938964843750e+02
5.156436035156250000e+03 1.905000000000000000e+02
5.166438476562500000e+03 1.673000030517578125e+02
5.176441406250000000e+03 1.730000000000000000e+02
5.186443847656250000e+03 1.658000030517578125e+02
5.196446777343750000e+03 1.833000030517578125e+02
5.206449218750000000e+03 1.836000061035156250e+02
5.216452148437500000e+03 1.911000061035156250e+02
5.226454589843750000e+03 1.828000030517578125e+02
5.236457519531250000e+03 1.898999938964843750e+02
5.246459960937500000e+03 1.963000030517578125e+02
5.256462890625000000e+03 1.935000000000000000e+02
5.266465332031250000e+03 1.678000030517578125e+02
5.276467773437500000e+03 1.833000030517578125e+02
5.286470703125000000e+03 1.901999969482421875e+02
5.296473144531250000e+03 1.923000030517578125e+02
5.306476074218750000e+03 1.956999969482421875e+02
5.316478515625000000e+03 1.968000030517578125e+02
5.326481445312500000e+03 1.775000000000000000e+02
5.336483886718750000e+03 1.928000030517578125e+02
5.346486816406250000e+03 1.863000030517578125e+02
5.356489257812500000e+03 1.995000000000000000e+02
5.366492187500000000e+03 1.876000061035156250e+02
5.376494628906250000e+03 1.886999969482421875e+02
5.386497558593750000e+03 1.908999938964843750e+02
5.396500000000000000e+03 1.836999969482421875e+02
5.406502441406250000e+03 1.773999938964843750e+02
5.416505371093750000e+03 1.886000061035156250e+02
5.426507812500000000e+03 1.830000000000000000e+02
5.436510742187500000e+03 1.883999938964843750e+02
5.446513183593750000e+03 1.883999938964843750e+02
5.456516113281250000e+03 1.906000061035156250e+02
5.466518554687500000e+03 1.883999938964843750e+02
5.476521484375000000e+03 1.838000030517578125e+02
5.486523925781250000e+03 1.868000030517578125e+02
5.496526855468750000e+03 1.900000000000000000e+02
5.506529296875000000e+03 1.866999969482421875e+02
5.516532226562500000e+03 1.876000061035156250e+02
5.526534667968750000e+03 1.851000061035156250e+02
5.536537597656250000e+03 1.886999969482421875e+02
5.546540039062500000e+03 1.903000030517578125e+02
5.556542968750000000e+03 1.901999969482421875e+02
5.566545410156250000e+03 1.826000061035156250e+02
5.576547851562500000e+03 1.851000061035156250e+02
5.586550781250000000e+03 1.791999969482421875e+02
5.596553222656250000e+03 1.813000030517578125e+02
5.606556152343750000e+03 1.848000030517578125e+02
5.616558593750000000e+03 1.828999938964843750e+02
5.626561523437500000e+03 1.855000000000000000e+02
5.636563964843750000e+03 1.866000061035156250e+02
5.646566894531250000e+03 1.858999938964843750e+02
5.656569335937500000e+03 1.803000030517578125e+02
5.666572265625000000e+03 1.833999938964843750e+02
5.676574707031250000e+03 1.891999969482421875e+02
5.686577636718750000e+03 1.815000000000000000e+02
5.696580078125000000e+03 1.865000000000000000e+02
5.706583007812500000e+03 1.773999938964843750e+02
5.716585449218750000e+03 1.828000030517578125e+02
5.726588378906250000e+03 1.896999969482421875e+02
5.736590820312500000e+03 1.881000061035156250e+02
5.746593750000000000e+03 1.871999969482421875e+02
5.756596191406250000e+03 1.835000000000000000e+02
5.766599121093750000e+03 1.851000061035156250e+02
5.776601562500000000e+03 1.861999969482421875e+02
5.786604003906250000e+03 1.788000030517578125e+02
5.796606933593750000e+03 1.833000030517578125e+02
5.806609375000000000e+03 1.843000030517578125e+02
5.816612304687500000e+03 1.858000030517578125e+02
5.826614746093750000e+03 1.878000030517578125e+02
5.836617675781250000e+03 1.861999969482421875e+02
5.846620117187500000e+03 1.865000000000000000e+02
5.856623046875000000e+03 1.788000030517578125e+02
5.866625488281250000e+03 1.835000000000000000e+02
5.876628417968750000e+03 1.853000030517578125e+02
5.886630859375000000e+03 1.753999938964843750e+02
5.896633789062500000e+03 1.616000061035156250e+02
5.906636230468750000e+03 1.818000030517578125e+02
5.916639160156250000e+03 1.791999969482421875e+02
5.926641601562500000e+03 1.813000030517578125e+02
5.936644531250000000e+03 1.801000061035156250e+02
5.946646972656250000e+03 1.778000030517578125e+02
5.956649902343750000e+03 1.786999969482421875e+02
5.966652343750000000e+03 1.810000000000000000e+02
5.976655273437500000e+03 1.785000000000000000e+02
5.986657714843750000e+03 1.761999969482421875e+02
5.996660644531250000e+03 1.778999938964843750e+02
6.006663085937500000e+03 1.750000000000000000e+02
6.016666015625000000e+03 1.755000000000000000e+02
6.026668457031250000e+03 1.723000030517578125e+02
6.036671386718750000e+03 1.791999969482421875e+02
6.046673828125000000e+03 1.781000061035156250e+02
6.056676757812500000e+03 1.768000030517578125e+02
6.066679199218750000e+03 1.763999938964843750e+02
6.076682128906250000e+03 1.761999969482421875e+02
6.086684570312500000e+03 1.746999969482421875e+02
6.096687500000000000e+03 1.748000030517578125e+02
6.106689941406250000e+03 1.706999969482421875e+02
6.116692871093750000e+03 1.750000000000000000e+02
6.126695312500000000e+03 1.708999938964843750e+02
6.136698242187500000e+03 1.686999969482421875e+02
6.146700683593750000e+03 1.716999969482421875e+02
6.156703613281250000e+03 1.716999969482421875e+02
6.166706054687500000e+03 1.613000030517578125e+02
6.176708984375000000e+03 1.711000061035156250e+02
6.186711425781250000e+03 1.728000030517578125e+02
6.196714355468750000e+03 1.711000061035156250e+02
6.206716796875000000e+03 1.738000030517578125e+02
6.216719238281250000e+03 1.693999938964843750e+02
6.226722167968750000e+03 1.716999969482421875e+02
6.236724609375000000e+03 1.670000000000000000e+02
6.246727539062500000e+03 1.660000000000000000e+02
6.256729980468750000e+03 1.636000061035156250e+02
6.266732910156250000e+03 1.701000061035156250e+02
6.276735351562500000e+03 1.701000061035156250e+02
6.286738281250000000e+03 1.701000061035156250e+02
6.296740722656250000e+03 1.681000061035156250e+02
6.311745117187500000e+03 1.643000030517578125e+02
6.331750488281250000e+03 1.655000000000000000e+02
6.351755859375000000e+03 1.660000000000000000e+02
6.371761230468750000e+03 1.658000030517578125e+02
6.391766601562500000e+03 1.655000000000000000e+02
6.411771972656250000e+03 1.618000030517578125e+02
6.431777343750000000e+03 1.625000000000000000e+02
6.451782714843750000e+03 1.631000061035156250e+02
6.471788085937500000e+03 1.606999969482421875e+02
6.491793457031250000e+03 1.561999969482421875e+02
6.511798828125000000e+03 1.610000000000000000e+02
6.531804199218750000e+03 1.603000030517578125e+02
6.551809570312500000e+03 1.536000061035156250e+02
6.571814941406250000e+03 1.388000030517578125e+02
6.591820312500000000e+03 1.553000030517578125e+02
6.611825683593750000e+03 1.575000000000000000e+02
6.631831054687500000e+03 1.558999938964843750e+02
6.651836425781250000e+03 1.563999938964843750e+02
6.671841796875000000e+03 1.538999938964843750e+02
6.691847167968750000e+03 1.550000000000000000e+02
6.711852539062500000e+03 1.520000000000000000e+02
6.731857910156250000e+03 1.525000000000000000e+02
6.751863281250000000e+03 1.513999938964843750e+02
6.771868652343750000e+03 1.511999969482421875e+02
6.791874023437500000e+03 1.501999969482421875e+02
6.811879394531250000e+03 1.496000061035156250e+02
6.831884765625000000e+03 1.483000030517578125e+02
6.851890136718750000e+03 1.458999938964843750e+02
6.871895507812500000e+03 1.471000061035156250e+02
6.891900878906250000e+03 1.465000000000000000e+02
6.911906250000000000e+03 1.451999969482421875e+02
6.931911621093750000e+03 1.451999969482421875e+02
6.951916992187500000e+03 1.440000000000000000e+02
6.971922363281250000e+03 1.420000000000000000e+02
6.991927734375000000e+03 1.428999938964843750e+02
7.011933105468750000e+03 1.390000000000000000e+02
7.031938476562500000e+03 1.391999969482421875e+02
7.051943847656250000e+03 1.418999938964843750e+02
7.071949218750000000e+03 1.403999938964843750e+02
7.091954589843750000e+03 1.388000030517578125e+02
7.111959960937500000e+03 1.388999938964843750e+02
7.131965332031250000e+03 1.376999969482421875e+02
7.151970703125000000e+03 1.370000000000000000e+02
7.171976562500000000e+03 1.356999969482421875e+02
7.191981933593750000e+03 1.331000061035156250e+02
7.211987304687500000e+03 1.333999938964843750e+02
7.231992675781250000e+03 1.351000061035156250e+02
7.251998046875000000e+03 1.353000030517578125e+02
7.272003417968750000e+03 1.348999938964843750e+02
7.292008789062500000e+03 1.321999969482421875e+02
7.312014160156250000e+03 1.328999938964843750e+02
7.332019531250000000e+03 1.321000061035156250e+02
7.352024902343750000e+03 1.311999969482421875e+02
7.372030273437500000e+03 1.310000000000000000e+02
7.392035644531250000e+03 1.281000061035156250e+02
7.412041015625000000e+03 1.260999984741210938e+02
7.432046386718750000e+03 1.288999938964843750e+02
7.452051757812500000e+03 1.281999969482421875e+02
7.472057128906250000e+03 1.286000061035156250e+02
7.492062500000000000e+03 1.273000030517578125e+02
7.512067871093750000e+03 1.265000000000000000e+02
7.532073242187500000e+03 1.261999969482421875e+02
7.552078613281250000e+03 1.258000030517578125e+02
7.572083984375000000e+03 1.250999984741210938e+02
7.592089355468750000e+03 1.243000030517578125e+02
7.612094726562500000e+03 1.240000000000000000e+02
7.632100585937500000e+03 1.244000015258789062e+02
7.652105957031250000e+03 1.224000015258789062e+02
7.672111328125000000e+03 1.188000030517578125e+02
7.692116699218750000e+03 1.205999984741210938e+02
7.712122070312500000e+03 1.206999969482421875e+02
7.732127441406250000e+03 1.210999984741210938e+02
7.752132812500000000e+03 1.190999984741210938e+02
7.772138183593750000e+03 1.199000015258789062e+02
7.792143554687500000e+03 1.190000000000000000e+02
7.812148925781250000e+03 1.190000000000000000e+02
7.832154296875000000e+03 1.179000015258789062e+02
7.852159667968750000e+03 1.183000030517578125e+02
7.872165039062500000e+03 1.180000000000000000e+02
7.892170410156250000e+03 1.176999969482421875e+02
7.912175781250000000e+03 1.160999984741210938e+02
7.932181152343750000e+03 1.145999984741210938e+02
7.952186523437500000e+03 1.136999969482421875e+02
7.972192382812500000e+03 1.155000000000000000e+02
7.992197753906250000e+03 1.138000030517578125e+02
8.012203125000000000e+03 1.145000000000000000e+02
8.032208496093750000e+03 1.131999969482421875e+02
8.052213867187500000e+03 1.118000030517578125e+02
8.072219238281250000e+03 1.123000030517578125e+02
8.092224609375000000e+03 1.098000030517578125e+02
8.112229980468750000e+03 1.116999969482421875e+02
8.132235351562500000e+03 1.118000030517578125e+02
8.152240722656250000e+03 1.110000000000000000e+02
8.172246093750000000e+03 1.106999969482421875e+02
8.192251953125000000e+03 1.065999984741210938e+02
8.212256835937500000e+03 1.083000030517578125e+02
8.232262695312500000e+03 1.075999984741210938e+02
8.252267578125000000e+03 1.078000030517578125e+02
8.272273437500000000e+03 1.079000015258789062e+02
8.292278320312500000e+03 1.075000000000000000e+02
8.312284179687500000e+03 1.070000000000000000e+02
8.332289062500000000e+03 1.035000000000000000e+02
8.352294921875000000e+03 1.054000015258789062e+02
8.372299804687500000e+03 1.053000030517578125e+02
8.392305664062500000e+03 1.043000030517578125e+02
8.412311523437500000e+03 1.045999984741210938e+02
8.432316406250000000e+03 1.029000015258789062e+02
8.452322265625000000e+03 1.034000015258789062e+02
8.472327148437500000e+03 1.025999984741210938e+02
8.492333007812500000e+03 9.719999694824218750e+01
8.512337890625000000e+03 1.004000015258789062e+02
8.532343750000000000e+03 9.739998626708984375e+01
8.552348632812500000e+03 8.780000305175781250e+01
8.572354492187500000e+03 1.011999969482421875e+02
8.592359375000000000e+03 9.980000305175781250e+01
8.612365234375000000e+03 9.980000305175781250e+01
8.632370117187500000e+03 1.000000000000000000e+02
8.652375976562500000e+03 9.709999847412109375e+01
8.672381835937500000e+03 8.810001373291015625e+01
8.692386718750000000e+03 9.680000305175781250e+01
8.702389648437500000e+03 9.600000000000000000e+01
8.722394531250000000e+03 9.530000305175781250e+01
8.742400390625000000e+03 9.559999847412109375e+01
8.762405273437500000e+03 9.580000305175781250e+01
8.782411132812500000e+03 9.340000152587890625e+01
8.802416992187500000e+03 9.350000000000000000e+01
8.822421875000000000e+03 9.230000305175781250e+01
8.842427734375000000e+03 9.369999694824218750e+01
8.862432617187500000e+03 9.219999694824218750e+01
8.882438476562500000e+03 9.240000152587890625e+01
8.902443359375000000e+03 9.200000000000000000e+01
8.922449218750000000e+03 9.109999847412109375e+01
8.942454101562500000e+03 9.140000152587890625e+01
8.962459960937500000e+03 9.190000152587890625e+01
8.982464843750000000e+03 8.940000152587890625e+01
9.002470703125000000e+03 8.890000152587890625e+01
9.022475585937500000e+03 8.909999847412109375e+01
9.042481445312500000e+03 8.809999847412109375e+01
9.062487304687500000e+03 8.809999847412109375e+01
9.082492187500000000e+03 8.540000152587890625e+01
9.102498046875000000e+03 8.650000000000000000e+01
9.122502929687500000e+03 8.730000305175781250e+01
9.142508789062500000e+03 8.650000000000000000e+01
9.162513671875000000e+03 8.600000000000000000e+01
9.182519531250000000e+03 8.609999847412109375e+01
9.202524414062500000e+03 8.350000000000000000e+01
9.222530273437500000e+03 8.280000305175781250e+01
9.242535156250000000e+03 8.340000152587890625e+01
9.262541015625000000e+03 8.390000152587890625e+01
9.282546875000000000e+03 8.450000000000000000e+01
9.302551757812500000e+03 8.400000000000000000e+01
9.322557617187500000e+03 8.480000305175781250e+01
9.342562500000000000e+03 8.350000000000000000e+01
9.362568359375000000e+03 8.200000000000000000e+01
9.382573242187500000e+03 8.280000305175781250e+01
9.402579101562500000e+03 8.209999847412109375e+01
9.422583984375000000e+03 8.059999847412109375e+01
9.442589843750000000e+03 8.219999694824218750e+01
9.462594726562500000e+03 8.169999694824218750e+01
9.482600585937500000e+03 8.009999847412109375e+01
9.502606445312500000e+03 8.030000305175781250e+01
9.522611328125000000e+03 7.959999847412109375e+01
9.542617187500000000e+03 7.850000000000000000e+01
9.562622070312500000e+03 7.990000152587890625e+01
9.582627929687500000e+03 7.959999847412109375e+01
9.602632812500000000e+03 7.880000305175781250e+01
9.622638671875000000e+03 7.838935089111328125e+01
9.642643554687500000e+03 7.817941284179687500e+01
9.662649414062500000e+03 7.717265319824218750e+01
9.682654296875000000e+03 7.762555694580078125e+01
9.702660156250000000e+03 7.720777893066406250e+01
9.722666015625000000e+03 7.764972686767578125e+01
9.742670898437500000e+03 7.586094665527343750e+01
9.762676757812500000e+03 7.649548339843750000e+01
9.782681640625000000e+03 7.606363677978515625e+01
9.802687500000000000e+03 7.568952941894531250e+01
9.822692382812500000e+03 7.596312713623046875e+01
9.842698242187500000e+03 7.536926269531250000e+01
9.862703125000000000e+03 7.500386810302734375e+01
9.882708984375000000e+03 7.473538208007812500e+01
9.902714843750000000e+03 7.363179016113281250e+01
9.922719726562500000e+03 7.430486297607421875e+01
9.942725585937500000e+03 7.420057678222656250e+01
9.962730468750000000e+03 7.379315185546875000e+01
9.982736328125000000e+03 7.357116699218750000e+01
1.000274121093750000e+04 7.323773193359375000e+01
1.002274707031250000e+04 7.300727844238281250e+01
1.004275195312500000e+04 7.138765716552734375e+01
1.006275781250000000e+04 6.899416351318359375e+01
1.008276269531250000e+04 7.187686920166015625e+01
1.010276855468750000e+04 7.176548767089843750e+01
1.012277441406250000e+04 7.137299346923828125e+01
1.014277929687500000e+04 7.070594787597656250e+01
1.016278515625000000e+04 7.012577819824218750e+01
1.018279003906250000e+04 6.987606811523437500e+01
1.020279589843750000e+04 6.950995635986328125e+01
1.022280078125000000e+04 6.916306304931640625e+01
1.024280664062500000e+04 6.981610107421875000e+01
1.026281152343750000e+04 6.954940795898437500e+01
1.028281738281250000e+04 6.945960998535156250e+01
1.030282324218750000e+04 6.842381286621093750e+01
1.032282812500000000e+04 6.863899230957031250e+01
1.034283398437500000e+04 6.683367919921875000e+01
1.036283886718750000e+04 6.794361114501953125e+01
1.038284472656250000e+04 6.694673156738281250e+01
1.040284960937500000e+04 6.683846282958984375e+01
1.042285546875000000e+04 6.682946014404296875e+01
1.044286035156250000e+04 6.702232360839843750e+01
1.046286621093750000e+04 6.549031066894531250e+01
1.048287207031250000e+04 6.592070770263671875e+01
1.050287695312500000e+04 6.603578948974609375e+01
1.052288281250000000e+04 6.572431945800781250e+01
1.054288769531250000e+04 6.511802673339843750e+01
1.056289355468750000e+04 6.539733886718750000e+01
1.058289843750000000e+04 6.370441055297851562e+01
1.060290429687500000e+04 6.385567092895507812e+01
1.062290917968750000e+04 6.445622253417968750e+01
1.064291503906250000e+04 6.376211166381835938e+01
1.066292089843750000e+04 6.309300994873046875e+01
1.068292578125000000e+04 6.250492858886718750e+01
1.070293164062500000e+04 6.149423980712890625e+01
1.072293652343750000e+04 6.241352081298828125e+01
1.074294238281250000e+04 6.149777984619140625e+01
1.076294726562500000e+04 6.142462921142578125e+01
1.078295312500000000e+04 6.101913070678710938e+01
1.080295800781250000e+04 6.205273056030273438e+01
1.082296386718750000e+04 5.918495941162109375e+01
1.084296972656250000e+04 5.999493026733398438e+01
1.086297460937500000e+04 6.108934020996093750e+01
1.088298046875000000e+04 5.811977005004882812e+01
1.090298535156250000e+04 6.028704071044921875e+01
1.092299121093750000e+04 5.963124084472656250e+01
1.094299609375000000e+04 5.591788864135742188e+01
1.096300195312500000e+04 5.740626907348632812e+01
1.098300683593750000e+04 5.728665924072265625e+01
1.100301269531250000e+04 5.866410064697265625e+01
1.102301855468750000e+04 5.737828826904296875e+01
1.104302343750000000e+04 5.803477859497070312e+01
1.106302929687500000e+04 5.794182968139648438e+01
1.108303417968750000e+04 5.765679168701171875e+01
1.110304003906250000e+04 5.764046096801757812e+01
1.112304492187500000e+04 5.680030822753906250e+01
1.114305078125000000e+04 5.686175918579101562e+01
1.116305566406250000e+04 5.693167114257812500e+01
1.118306152343750000e+04 5.669741821289062500e+01
1.120306738281250000e+04 5.552505111694335938e+01
1.122307226562500000e+04 5.643431091308593750e+01
1.124307812500000000e+04 5.609680175781250000e+01
1.126308300781250000e+04 5.465652084350585938e+01
1.128308886718750000e+04 5.541207885742187500e+01
1.130309375000000000e+04 5.457809066772460938e+01
1.132309960937500000e+04 5.491460037231445312e+01
1.134310449218750000e+04 5.453310012817382812e+01
1.136311035156250000e+04 5.492914962768554688e+01
1.138311621093750000e+04 5.372719955444335938e+01
1.140312109375000000e+04 5.325865936279296875e+01
1.142312695312500000e+04 5.349507141113281250e+01
1.144313183593750000e+04 5.343017959594726562e+01
1.146313769531250000e+04 5.413747024536132812e+01
1.148314257812500000e+04 5.371170043945312500e+01
1.150314843750000000e+04 5.354111099243164062e+01
1.152315332031250000e+04 5.323780059814453125e+01
1.154315917968750000e+04 5.344589996337890625e+01
1.156316503906250000e+04 5.295668029785156250e+01
1.158316992187500000e+04 5.285517883300781250e+01
1.160317578125000000e+04 5.166225051879882812e+01
1.162318066406250000e+04 5.098537063598632812e+01
1.164318652343750000e+04 5.150770950317382812e+01
1.166319140625000000e+04 5.149890136718750000e+01
1.168319726562500000e+04 5.169551849365234375e+01
1.170320214843750000e+04 5.084181976318359375e+01
1.172320800781250000e+04 5.155614089965820312e+01
1.174321386718750000e+04 5.148318099975585938e+01
1.176321875000000000e+04 5.005136871337890625e+01
1.178322460937500000e+04 4.975910949707031250e+01
1.180322949218750000e+04 5.097069931030273438e+01
1.182323535156250000e+04 5.024544143676757812e+01
1.184324023437500000e+04 4.855664062500000000e+01
1.186324609375000000e+04 5.007569885253906250e+01
1.188325195312500000e+04 4.838156890869140625e+01
1.190325683593750000e+04 4.932461929321289062e+01
1.192326269531250000e+04 4.974626159667968750e+01
1.194326757812500000e+04 4.966247940063476562e+01
1.196327343750000000e+04 4.890552139282226562e+01
1.198327832031250000e+04 4.668336105346679688e+01
1.200328417968750000e+04 4.797074127197265625e+01
1.202328906250000000e+04 4.890864181518554688e+01
1.204329492187500000e+04 4.693597030639648438e+01
1.206330078125000000e+04 4.836389923095703125e+01
1.208330566406250000e+04 4.613803863525390625e+01
1.210331152343750000e+04 4.716687011718750000e+01
1.212331640625000000e+04 4.768590164184570312e+01
1.214332226562500000e+04 4.775809097290039062e+01
1.216332714843750000e+04 4.775606918334960938e+01
1.218333300781250000e+04 4.745394897460937500e+01
1.220333789062500000e+04 4.721936035156250000e+01
1.222334375000000000e+04 4.708216094970703125e+01
1.224334960937500000e+04 4.683694839477539062e+01
1.226335449218750000e+04 4.675682067871093750e+01
1.228336035156250000e+04 4.600920104980468750e+01
1.230336523437500000e+04 4.642211914062500000e+01
1.232337109375000000e+04 4.605794906616210938e+01
1.234337597656250000e+04 4.598770141601562500e+01
1.236338183593750000e+04 4.591085052490234375e+01
1.238338769531250000e+04 4.592177963256835938e+01
1.240339257812500000e+04 4.523551940917968750e+01
1.242339843750000000e+04 4.511307144165039062e+01
1.244340332031250000e+04 4.490644073486328125e+01
1.246340917968750000e+04 4.501887893676757812e+01
1.248341406250000000e+04 4.492472076416015625e+01
1.250341992187500000e+04 4.491299057006835938e+01
1.252342480468750000e+04 4.421992874145507812e+01
1.254343066406250000e+04 4.439183044433593750e+01
1.256343652343750000e+04 4.409854888916015625e+01
1.258344140625000000e+04 4.393693923950195312e+01
1.260344726562500000e+04 4.394984054565429688e+01
1.262345214843750000e+04 4.361957931518554688e+01
1.264345800781250000e+04 4.348155975341796875e+01
1.266346289062500000e+04 4.332548141479492188e+01
1.268346875000000000e+04 4.265121841430664062e+01
1.270347460937500000e+04 4.329648971557617188e+01
1.272347949218750000e+04 4.312049865722656250e+01
1.274348535156250000e+04 4.270111846923828125e+01
1.276349023437500000e+04 4.285569000244140625e+01
1.278349609375000000e+04 4.260778045654296875e+01
1.280350097656250000e+04 4.191643142700195312e+01
1.282350683593750000e+04 3.754504013061523438e+01
1.284351171875000000e+04 4.110097122192382812e+01
1.286351757812500000e+04 4.155606842041015625e+01
1.288352343750000000e+04 4.162078094482421875e+01
1.290352832031250000e+04 4.119453048706054688e+01
1.292353417968750000e+04 4.147491073608398438e+01
1.294353906250000000e+04 4.117267990112304688e+01
1.296354492187500000e+04 4.138526153564453125e+01
1.298354980468750000e+04 4.089680099487304688e+01
1.300355566406250000e+04 4.107743072509765625e+01
1.302356152343750000e+04 4.056111145019531250e+01
1.304356640625000000e+04 4.027732849121093750e+01
1.306357226562500000e+04 4.057839965820312500e+01
1.308357714843750000e+04 4.040097045898437500e+01
1.310358300781250000e+04 4.022858810424804688e+01
1.312358789062500000e+04 3.924431991577148438e+01
1.314359375000000000e+04 3.996184158325195312e+01
1.316359960937500000e+04 3.872156143188476562e+01
1.318360449218750000e+04 3.954685974121093750e+01
1.320361035156250000e+04 3.965904998779296875e+01
1.322361523437500000e+04 3.935504913330078125e+01
1.324362109375000000e+04 3.939804077148437500e+01
1.326362597656250000e+04 3.902624893188476562e+01
1.328363183593750000e+04 3.890589904785156250e+01
1.330363671875000000e+04 3.813821029663085938e+01
1.332364257812500000e+04 3.817301940917968750e+01
1.334364843750000000e+04 3.881599044799804688e+01
1.336365332031250000e+04 3.851889038085937500e+01
1.338365917968750000e+04 3.828052902221679688e+01
1.340366406250000000e+04 3.776020050048828125e+01
1.342366992187500000e+04 3.807667160034179688e+01
1.344367480468750000e+04 3.807141113281250000e+01
1.346368066406250000e+04 3.779042053222656250e+01
1.348368652343750000e+04 3.786344909667968750e+01
1.350369140625000000e+04 3.723928070068359375e+01
1.352369726562500000e+04 3.756161117553710938e+01
1.354370214843750000e+04 3.740583038330078125e+01
1.356370800781250000e+04 3.637253952026367188e+01
1.358371289062500000e+04 3.708288955688476562e+01
1.360371875000000000e+04 3.656011962890625000e+01
1.362372460937500000e+04 3.680767059326171875e+01
1.364372949218750000e+04 3.634309005737304688e+01
1.366373535156250000e+04 3.661497879028320312e+01
1.368374023437500000e+04 3.605030059814453125e+01
1.370374609375000000e+04 3.585577011108398438e+01
1.372375097656250000e+04 3.614876937866210938e+01
1.374375683593750000e+04 3.594990158081054688e+01
1.376376171875000000e+04 3.547024154663085938e+01
1.378376757812500000e+04 3.584024810791015625e+01
1.380377343750000000e+04 3.576660919189453125e+01
1.382377832031250000e+04 3.534777069091796875e+01
1.384378417968750000e+04 3.558649063110351562e+01
1.386378906250000000e+04 3.514371871948242188e+01
1.388379492187500000e+04 3.535803985595703125e+01
1.390379980468750000e+04 3.502037811279296875e+01
1.392380566406250000e+04 3.514186096191406250e+01
1.394381152343750000e+04 3.490345001220703125e+01
1.396381640625000000e+04 3.473062896728515625e+01
1.398382226562500000e+04 3.488447189331054688e+01
1.400382714843750000e+04 3.411927032470703125e+01
1.402383300781250000e+04 3.423630142211914062e+01
1.404383789062500000e+04 3.400965118408203125e+01
1.406384375000000000e+04 3.398757934570312500e+01
1.408384960937500000e+04 3.404776000976562500e+01
1.410385449218750000e+04 3.402320861816406250e+01
1.412386035156250000e+04 3.315822982788085938e+01
1.414386523437500000e+04 3.326282119750976562e+01
1.416387109375000000e+04 3.352830886840820312e+01
1.418387597656250000e+04 3.348542022705078125e+01
1.420388183593750000e+04 3.316839981079101562e+01
1.422388671875000000e+04 3.238137054443359375e+01
1.424389257812500000e+04 3.278812026977539062e+01
1.426389843750000000e+04 3.221186065673828125e+01
1.428390332031250000e+04 3.214038848876953125e+01
1.430390917968750000e+04 3.228979873657226562e+01
1.432391406250000000e+04 3.243576049804687500e+01
1.434391992187500000e+04 3.234524917602539062e+01
1.436392480468750000e+04 3.244546890258789062e+01
1.438393066406250000e+04 3.249826049804687500e+01
1.440393652343750000e+04 3.106197929382324219e+01
1.442394140625000000e+04 3.163612937927246094e+01
1.444394726562500000e+04 3.134056091308593750e+01
1.446395214843750000e+04 3.192845916748046875e+01
1.448395800781250000e+04 3.165925025939941406e+01
1.450396289062500000e+04 3.141031074523925781e+01
1.452396875000000000e+04 3.098067092895507812e+01
1.454397460937500000e+04 3.097409057617187500e+01
1.456397949218750000e+04 3.084511947631835938e+01
1.458398535156250000e+04 3.136523056030273438e+01
1.460399023437500000e+04 3.114463043212890625e+01
1.462399609375000000e+04 3.077849006652832031e+01
1.464400097656250000e+04 3.073576927185058594e+01
1.466400683593750000e+04 3.054582023620605469e+01
1.468401269531250000e+04 3.062928962707519531e+01
1.470401757812500000e+04 3.041102027893066406e+01
1.472402343750000000e+04 3.023772048950195312e+01
1.474402832031250000e+04 2.975864982604980469e+01
1.476403417968750000e+04 2.981258010864257812e+01
1.478403906250000000e+04 2.958572959899902344e+01
1.480404492187500000e+04 3.017402076721191406e+01
1.482405078125000000e+04 2.993131065368652344e+01
1.484405566406250000e+04 2.949227905273437500e+01
1.486406152343750000e+04 2.977269935607910156e+01
1.488406640625000000e+04 2.747193908691406250e+01
1.490407226562500000e+04 2.979812049865722656e+01
1.492407714843750000e+04 2.958411026000976562e+01
1.494408300781250000e+04 2.979184913635253906e+01
1.496408886718750000e+04 2.889440917968750000e+01
1.498409375000000000e+04 2.929504013061523438e+01
1.500409960937500000e+04 2.924604988098144531e+01
1.502410449218750000e+04 2.805220985412597656e+01
1.504411035156250000e+04 2.762425994873046875e+01
1.506411523437500000e+04 2.735257911682128906e+01
1.508412109375000000e+04 2.827812004089355469e+01
1.510412597656250000e+04 2.905570030212402344e+01
1.512413183593750000e+04 2.850322914123535156e+01
1.514413769531250000e+04 2.827753067016601562e+01
1.516414257812500000e+04 2.841337013244628906e+01
1.518414843750000000e+04 2.849428939819335938e+01
1.520415332031250000e+04 2.838928031921386719e+01
1.522415917968750000e+04 2.762458038330078125e+01
1.524416406250000000e+04 2.782542991638183594e+01
1.526416992187500000e+04 2.821599960327148438e+01
1.528417578125000000e+04 2.826659965515136719e+01
1.530418066406250000e+04 2.709387016296386719e+01
1.532418652343750000e+04 2.796977996826171875e+01
1.534419140625000000e+04 2.744101905822753906e+01
1.536419726562500000e+04 2.781924057006835938e+01
1.538420214843750000e+04 2.749386024475097656e+01
1.540420800781250000e+04 2.693670082092285156e+01
1.542421386718750000e+04 2.719388961791992188e+01
1.544421875000000000e+04 2.757859039306640625e+01
1.546422460937500000e+04 2.752529907226562500e+01
1.548422949218750000e+04 2.675848960876464844e+01
1.550423535156250000e+04 2.669592094421386719e+01
1.552424023437500000e+04 2.705480003356933594e+01
1.554424609375000000e+04 2.620844078063964844e+01
1.556425195312500000e+04 2.642358016967773438e+01
1.558425683593750000e+04 2.652552986145019531e+01
1.560426269531250000e+04 2.643601989746093750e+01
1.562426757812500000e+04 2.660296058654785156e+01
1.564427343750000000e+04 2.629231071472167969e+01
1.566427832031250000e+04 2.590353012084960938e+01
1.568428417968750000e+04 2.577527999877929688e+01
1.570429003906250000e+04 2.590608024597167969e+01
1.572429492187500000e+04 2.604037094116210938e+01
1.574430078125000000e+04 2.548630905151367188e+01
1.576430566406250000e+04 2.461243057250976562e+01
1.578431152343750000e+04 2.430617904663085938e+01
1.580431640625000000e+04 2.576791954040527344e+01
1.582432226562500000e+04 2.482822990417480469e+01
1.584432812500000000e+04 2.517383003234863281e+01
1.586433300781250000e+04 2.524548912048339844e+01
1.588433886718750000e+04 2.414086914062500000e+01
1.590434375000000000e+04 2.298329925537109375e+01
1.592434960937500000e+04 2.450473976135253906e+01
1.594435449218750000e+04 2.527754974365234375e+01
1.596436035156250000e+04 2.424809074401855469e+01
1.598436621093750000e+04 2.524292945861816406e+01
1.600437109375000000e+04 2.449354934692382812e+01
1.602437695312500000e+04 2.453082084655761719e+01
1.604438183593750000e+04 2.449345016479492188e+01
1.606438769531250000e+04 2.435153961181640625e+01
1.608439257812500000e+04 2.457504081726074219e+01
1.610439843750000000e+04 2.339075088500976562e+01
1.612440429687500000e+04 2.393041038513183594e+01
1.614440917968750000e+04 2.419426918029785156e+01
1.616441503906250000e+04 2.302428054809570312e+01
1.618441992187500000e+04 2.416216087341308594e+01
1.620442578125000000e+04 2.322344017028808594e+01
1.622443066406250000e+04 2.369786071777343750e+01
1.624443652343750000e+04 2.400486946105957031e+01
1.626444238281250000e+04 2.390774917602539062e+01
1.628444726562500000e+04 2.411528968811035156e+01
1.630445312500000000e+04 2.372707939147949219e+01
1.632445800781250000e+04 2.360983085632324219e+01
1.634446386718750000e+04 2.332996940612792969e+01
1.636446875000000000e+04 2.304030990600585938e+01
1.638447460937500000e+04 2.236790084838867188e+01
1.640448046875000000e+04 2.229219055175781250e+01
1.642448632812500000e+04 2.224225044250488281e+01
1.644449023437500000e+04 2.220369911193847656e+01
1.646449609375000000e+04 2.279022026062011719e+01
1.648450195312500000e+04 2.282176017761230469e+01
1.650450781250000000e+04 2.236142921447753906e+01
1.652451171875000000e+04 2.241337013244628906e+01
1.654451757812500000e+04 2.261166000366210938e+01
1.656452343750000000e+04 2.258381080627441406e+01
1.658452929687500000e+04 2.256390953063964844e+01
1.660453515625000000e+04 2.232018089294433594e+01
1.662453906250000000e+04 2.239261054992675781e+01
1.664454492187500000e+04 2.224246978759765625e+01
1.666455078125000000e+04 2.189748001098632812e+01
1.668455664062500000e+04 2.157674980163574219e+01
1.670456250000000000e+04 2.210651969909667969e+01
1.672456640625000000e+04 2.120467948913574219e+01
1.674457226562500000e+04 2.168461036682128906e+01
1.676457812500000000e+04 2.097662925720214844e+01
1.678458398437500000e+04 2.129293060302734375e+01
1.680458789062500000e+04 2.032037925720214844e+01
1.682459375000000000e+04 1.997562980651855469e+01
1.684459960937500000e+04 2.090660095214843750e+01
1.686460546875000000e+04 2.098456954956054688e+01
1.688461132812500000e+04 2.095402908325195312e+01
1.690461523437500000e+04 2.076684951782226562e+01
1.692462109375000000e+04 2.110331916809082031e+01
1.694462695312500000e+04 2.096776962280273438e+01
1.696463281250000000e+04 2.089480972290039062e+01
1.698463867187500000e+04 2.080706977844238281e+01
1.700464257812500000e+04 2.046495056152343750e+01
1.702464843750000000e+04 2.030180931091308594e+01
1.704465429687500000e+04 2.033200073242187500e+01
1.706466015625000000e+04 2.036527061462402344e+01
1.708466406250000000e+04 2.001926994323730469e+01
1.710466992187500000e+04 2.015283966064453125e+01
1.712467578125000000e+04 1.934646034240722656e+01
1.714468164062500000e+04 2.021582031250000000e+01
1.716468750000000000e+04 1.999264907836914062e+01
1.718469140625000000e+04 1.991436004638671875e+01
1.720469726562500000e+04 1.961533927917480469e+01
1.722470312500000000e+04 1.959919929504394531e+01
1.724470898437500000e+04 1.894848060607910156e+01
1.726471484375000000e+04 1.935390090942382812e+01
1.728471875000000000e+04 1.926221084594726562e+01
1.730472460937500000e+04 1.936758041381835938e+01
1.732473046875000000e+04 1.898431968688964844e+01
1.734473632812500000e+04 1.802545928955078125e+01
1.736474023437500000e+04 1.756531906127929688e+01
1.738474609375000000e+04 1.817317962646484375e+01
1.740475195312500000e+04 1.867223930358886719e+01
1.742475781250000000e+04 1.850148963928222656e+01
1.744476367187500000e+04 1.879701042175292969e+01
1.746476757812500000e+04 1.841127014160156250e+01
1.748477343750000000e+04 1.833333015441894531e+01
1.750477929687500000e+04 1.837571907043457031e+01
1.752478515625000000e+04 1.828273010253906250e+01
1.754479101562500000e+04 1.847821998596191406e+01
1.756479492187500000e+04 1.838674926757812500e+01
1.758480078125000000e+04 1.834938049316406250e+01
1.760480664062500000e+04 1.828352928161621094e+01
1.762481250000000000e+04 1.776292037963867188e+01
1.764481640625000000e+04 1.804509925842285156e+01
1.766482226562500000e+04 1.815909004211425781e+01
1.768482812500000000e+04 1.796121978759765625e+01
1.770483398437500000e+04 1.781196022033691406e+01
1.772483984375000000e+04 1.788788032531738281e+01
1.774484375000000000e+04 1.787955093383789062e+01
1.776484960937500000e+04 1.753154945373535156e+01
1.778485546875000000e+04 1.740695953369140625e+01
1.780486132812500000e+04 1.743294906616210938e+01
1.782486718750000000e+04 1.737401008605957031e+01
1.784487109375000000e+04 1.734926033020019531e+01
1.786487695312500000e+04 1.725292015075683594e+01
1.788488281250000000e+04 1.744277954101562500e+01
1.790488867187500000e+04 1.727395057678222656e+01
1.792489453125000000e+04 1.713978958129882812e+01
1.794489843750000000e+04 1.699321937561035156e+01
1.796490429687500000e+04 1.698122978210449219e+01
1.798491015625000000e+04 1.694734954833984375e+01
1.800491601562500000e+04 1.686091041564941406e+01
1.802491992187500000e+04 1.654754066467285156e+01
1.804492578125000000e+04 1.675906944274902344e+01
1.806493164062500000e+04 1.664920043945312500e+01
1.808493750000000000e+04 1.662420082092285156e+01
1.810494335937500000e+04 1.659096908569335938e+01
1.812494726562500000e+04 1.640900039672851562e+01
1.814495312500000000e+04 1.622127914428710938e+01
1.816495898437500000e+04 1.578326988220214844e+01
1.818496484375000000e+04 1.464521026611328125e+01
1.820497070312500000e+04 1.567584991455078125e+01
1.822497460937500000e+04 1.554718971252441406e+01
1.824498046875000000e+04 1.603128051757812500e+01
1.826498632812500000e+04 1.602260971069335938e+01
1.828499218750000000e+04 1.580350017547607422e+01
1.830499609375000000e+04 1.594157981872558594e+01
1.832500195312500000e+04 1.579656982421875000e+01
1.834500781250000000e+04 1.570635032653808594e+01
1.836501367187500000e+04 1.569997024536132812e+01
1.838501953125000000e+04 1.549631977081298828e+01
1.840502343750000000e+04 1.552237033843994141e+01
1.842502929687500000e+04 1.521681022644042969e+01
1.844503515625000000e+04 1.534255027770996094e+01
1.846504101562500000e+04 1.544264984130859375e+01
1.848504687500000000e+04 1.480401039123535156e+01
1.850505078125000000e+04 1.538883972167968750e+01
1.852505664062500000e+04 1.526702976226806641e+01
1.854506250000000000e+04 1.514105987548828125e+01
1.856506835937500000e+04 1.488494968414306641e+01
1.858507226562500000e+04 1.506939983367919922e+01
1.860507812500000000e+04 1.480303001403808594e+01
1.862508398437500000e+04 1.468327045440673828e+01
1.864508984375000000e+04 1.474499034881591797e+01
1.866509570312500000e+04 1.449713039398193359e+01
1.868509960937500000e+04 1.449505043029785156e+01
1.870510546875000000e+04 1.462574005126953125e+01
1.872511132812500000e+04 1.414955043792724609e+01
1.874511718750000000e+04 1.374512004852294922e+01
1.876512304687500000e+04 1.196891021728515625e+01
1.878512695312500000e+04 1.398346042633056641e+01
1.880513281250000000e+04 1.410984992980957031e+01
1.882513867187500000e+04 1.429771041870117188e+01
1.884514453125000000e+04 1.421770954132080078e+01
1.886514843750000000e+04 1.393367958068847656e+01
1.888515429687500000e+04 1.422622966766357422e+01
1.890516015625000000e+04 1.383874034881591797e+01
1.892516601562500000e+04 1.378415012359619141e+01
1.894517187500000000e+04 1.361408042907714844e+01
1.896517578125000000e+04 1.333275985717773438e+01
1.898518164062500000e+04 1.378929996490478516e+01
1.900518750000000000e+04 1.368153953552246094e+01
1.902519335937500000e+04 1.397655010223388672e+01
1.904519921875000000e+04 1.367329978942871094e+01
1.906520312500000000e+04 1.373056983947753906e+01
1.908520898437500000e+04 1.361219024658203125e+01
1.910521484375000000e+04 1.370530986785888672e+01
1.912522070312500000e+04 1.338304996490478516e+01
1.914522656250000000e+04 1.363212013244628906e+01
1.916523046875000000e+04 1.350298976898193359e+01
1.918523632812500000e+04 1.342936992645263672e+01
1.920524218750000000e+04 1.318848037719726562e+01
1.922524804687500000e+04 1.342671966552734375e+01
1.924525195312500000e+04 1.322074985504150391e+01
1.926525781250000000e+04 1.330484008789062500e+01
1.928526367187500000e+04 1.295676994323730469e+01
1.930526953125000000e+04 1.292475986480712891e+01
1.932527539062500000e+04 1.275961017608642578e+01
1.934527929687500000e+04 1.295571994781494141e+01
1.936528515625000000e+04 1.292362022399902344e+01
1.938529101562500000e+04 1.296899032592773438e+01
1.940529687500000000e+04 1.252834987640380859e+01
1.942530273437500000e+04 1.267815017700195312e+01
1.944530664062500000e+04 1.158812046051025391e+01
1.946531250000000000e+04 1.142763042449951172e+01
1.948531835937500000e+04 1.244211006164550781e+01
1.950532421875000000e+04 1.242224025726318359e+01
1.952532812500000000e+04 1.204992961883544922e+01
1.954533398437500000e+04 1.265135002136230469e+01
1.956533984375000000e+04 1.257588958740234375e+01
1.958534570312500000e+04 1.254512977600097656e+01
1.960535156250000000e+04 1.244295978546142578e+01
1.962535546875000000e+04 1.233316993713378906e+01
1.964536132812500000e+04 1.195497035980224609e+01
1.966536718750000000e+04 1.214671993255615234e+01
1.968537304687500000e+04 1.236308002471923828e+01
1.970537890625000000e+04 1.224656009674072266e+01
1.972538281250000000e+04 1.185525989532470703e+01
1.974538867187500000e+04 1.204992961883544922e+01
1.976539453125000000e+04 1.213261985778808594e+01
1.978540039062500000e+04 1.176033973693847656e+01
1.980540429687500000e+04 1.186417961120605469e+01
1.982541015625000000e+04 1.187267017364501953e+01
1.984541601562500000e+04 1.186375999450683594e+01
1.986542187500000000e+04 1.150386047363281250e+01
1.988542773437500000e+04 1.193550014495849609e+01
1.990543164062500000e+04 1.189406967163085938e+01
1.992543750000000000e+04 1.170872974395751953e+01
1.994544335937500000e+04 1.147821044921875000e+01
1.996544921875000000e+04 1.164288997650146484e+01
1.998545507812500000e+04 1.151369953155517578e+01
2.000545898437500000e+04 1.166102981567382812e+01
2.002546484375000000e+04 1.152914047241210938e+01
2.004547070312500000e+04 1.144188022613525391e+01
2.006547656250000000e+04 1.140563964843750000e+01
2.008548242187500000e+04 1.151558971405029297e+01
2.010548632812500000e+04 1.146022987365722656e+01
2.012549218750000000e+04 1.140273952484130859e+01
2.014549804687500000e+04 1.132120037078857422e+01
2.016550390625000000e+04 1.133862972259521484e+01
2.018550781250000000e+04 1.130130958557128906e+01
2.020551367187500000e+04 1.113774967193603516e+01
2.022551953125000000e+04 1.092578983306884766e+01
2.024552539062500000e+04 1.109179973602294922e+01
2.026553125000000000e+04 1.109414958953857422e+01
2.028553515625000000e+04 1.100269031524658203e+01
2.030554101562500000e+04 1.074219989776611328e+01
2.032554687500000000e+04 1.100636005401611328e+01
2.034555273437500000e+04 1.083804035186767578e+01
2.036555859375000000e+04 1.082161998748779297e+01
2.038556250000000000e+04 1.052871036529541016e+01
2.040556835937500000e+04 1.083909034729003906e+01
2.042557421875000000e+04 1.074892044067382812e+01
2.044558007812500000e+04 1.078316974639892578e+01
2.046558398437500000e+04 1.075222015380859375e+01
2.048558984375000000e+04 1.065721988677978516e+01
2.050559570312500000e+04 1.063918972015380859e+01
2.052560156250000000e+04 1.049701023101806641e+01
2.054560742187500000e+04 1.053586006164550781e+01
2.056561132812500000e+04 1.053483963012695312e+01
2.058561718750000000e+04 1.046679019927978516e+01
2.060562304687500000e+04 1.025893020629882812e+01
2.062562890625000000e+04 1.044972991943359375e+01
2.064563476562500000e+04 1.002420043945312500e+01
2.066563867187500000e+04 1.037199020385742188e+01
2.068564453125000000e+04 1.029255962371826172e+01
2.070565039062500000e+04 1.009162044525146484e+01
2.072565625000000000e+04 1.017949962615966797e+01
2.074566015625000000e+04 1.023138999938964844e+01
2.076566601562500000e+04 1.019194030761718750e+01
2.078567187500000000e+04 1.016394042968750000e+01
2.080567773437500000e+04 9.932424545288085938e+00
2.082568359375000000e+04 1.004796028137207031e+01
2.084568750000000000e+04 9.855086326599121094e+00
2.086569335937500000e+04 1.000508022308349609e+01
2.088569921875000000e+04 9.963475227355957031e+00
2.090570507812500000e+04 9.947033882141113281e+00
2.092571093750000000e+04 9.618074417114257812e+00
2.094571484375000000e+04 9.710592269897460938e+00
2.096572070312500000e+04 9.670780181884765625e+00
2.098572656250000000e+04 9.733356475830078125e+00
2.100573242187500000e+04 9.725115776062011719e+00
2.102573828125000000e+04 9.687521934509277344e+00
2.104574218750000000e+04 9.699466705322265625e+00
2.106574804687500000e+04 9.700283050537109375e+00
2.108575390625000000e+04 9.643069267272949219e+00
2.110575976562500000e+04 9.458071708679199219e+00
2.112576367187500000e+04 9.570342063903808594e+00
2.114576953125000000e+04 9.523366928100585938e+00
2.116577539062500000e+04 9.343638420104980469e+00
2.118578125000000000e+04 9.449934005737304688e+00
2.120578710937500000e+04 9.333051681518554688e+00
2.122579101562500000e+04 9.358583450317382812e+00
2.124579687500000000e+04 9.201120376586914062e+00
2.126580273437500000e+04 9.257521629333496094e+00
2.128580859375000000e+04 9.310640335083007812e+00
2.130581445312500000e+04 9.253056526184082031e+00
2.132581835937500000e+04 9.265181541442871094e+00
2.134582421875000000e+04 9.221926689147949219e+00
2.136583007812500000e+04 9.016719818115234375e+00
2.138583593750000000e+04 9.172521591186523438e+00
2.140583984375000000e+04 9.116041183471679688e+00
2.142584570312500000e+04 9.099525451660156250e+00
2.144585156250000000e+04 9.029050827026367188e+00
2.146585742187500000e+04 8.947999000549316406e+00
2.148586328125000000e+04 9.008625984191894531e+00
2.150586718750000000e+04 8.973722457885742188e+00
2.152587304687500000e+04 8.902677536010742188e+00
2.154587890625000000e+04 8.878581047058105469e+00
2.156588476562500000e+04 8.866478919982910156e+00
2.158589062500000000e+04 8.833585739135742188e+00
2.160589453125000000e+04 8.753266334533691406e+00
2.162590039062500000e+04 8.655013084411621094e+00
2.164590625000000000e+04 8.472414970397949219e+00
2.166591210937500000e+04 7.608471870422363281e+00
2.168591796875000000e+04 8.303814888000488281e+00
2.170592187500000000e+04 8.517407417297363281e+00
2.172592773437500000e+04 8.551423072814941406e+00
2.174593359375000000e+04 8.555308341979980469e+00
2.176593945312500000e+04 8.460639953613281250e+00
2.178594335937500000e+04 8.317131042480468750e+00
2.180594921875000000e+04 8.528556823730468750e+00
2.182595507812500000e+04 8.343378067016601562e+00
2.184596093750000000e+04 8.456617355346679688e+00
2.186596679687500000e+04 8.453033447265625000e+00
2.188597070312500000e+04 8.166020393371582031e+00
2.190597656250000000e+04 8.322843551635742188e+00
2.192598242187500000e+04 8.370332717895507812e+00
2.194598828125000000e+04 8.328809738159179688e+00
2.196599414062500000e+04 8.298452377319335938e+00
2.198599804687500000e+04 8.297028541564941406e+00
2.200600390625000000e+04 8.256199836730957031e+00
2.202600976562500000e+04 8.210253715515136719e+00
2.204601562500000000e+04 8.213644027709960938e+00
2.206602148437500000e+04 7.784324169158935547e+00
2.208602539062500000e+04 7.972390174865722656e+00
2.210603125000000000e+04 8.109716415405273438e+00
2.212603710937500000e+04 8.097628593444824219e+00
2.214604296875000000e+04 8.062319755554199219e+00
2.216604687500000000e+04 7.971261978149414062e+00
2.218605273437500000e+04 7.962715148925781250e+00
2.220605859375000000e+04 8.001108169555664062e+00
2.222606445312500000e+04 7.957787036895751953e+00
2.224607031250000000e+04 7.923604011535644531e+00
2.226607421875000000e+04 7.752663135528564453e+00
2.228608007812500000e+04 7.844775199890136719e+00
2.230608593750000000e+04 7.837719917297363281e+00
2.232609179687500000e+04 7.830867767333984375e+00
2.234609765625000000e+04 7.821339130401611328e+00
2.236610156250000000e+04 7.778253078460693359e+00
2.238610742187500000e+04 7.619206905364990234e+00
2.240611328125000000e+04 7.665627956390380859e+00
2.242611914062500000e+04 7.652956008911132812e+00
2.244612304687500000e+04 7.661191940307617188e+00
2.246612890625000000e+04 7.656466007232666016e+00
2.248613476562500000e+04 7.515487194061279297e+00
2.250614062500000000e+04 7.589760780334472656e+00
2.252614648437500000e+04 7.546569824218750000e+00
2.254615039062500000e+04 7.409714221954345703e+00
2.256615625000000000e+04 7.463243007659912109e+00
2.258616210937500000e+04 7.492930889129638672e+00
2.260616796875000000e+04 7.477593898773193359e+00
2.262617382812500000e+04 7.300589084625244141e+00
2.264617773437500000e+04 7.391807079315185547e+00
2.266618359375000000e+04 7.336788177490234375e+00
2.268618945312500000e+04 7.366651058197021484e+00
2.270619531250000000e+04 7.350574016571044922e+00
2.272620117187500000e+04 7.299821853637695312e+00
2.274620507812500000e+04 7.255055904388427734e+00
2.276621093750000000e+04 7.290438175201416016e+00
2.278621679687500000e+04 7.277380943298339844e+00
2.280622265625000000e+04 7.234086990356445312e+00
2.282622656250000000e+04 6.916335105895996094e+00
2.284623242187500000e+04 7.153233051300048828e+00
2.286623828125000000e+04 7.119959831237792969e+00
2.288624414062500000e+04 7.141174793243408203e+00
2.290625000000000000e+04 7.124009132385253906e+00
2.292625390625000000e+04 7.089127063751220703e+00
2.294625976562500000e+04 6.839078903198242188e+00
2.296626562500000000e+04 6.892733097076416016e+00
2.298627148437500000e+04 6.879396915435791016e+00
2.300627734375000000e+04 6.915575027465820312e+00
2.302628125000000000e+04 6.930193901062011719e+00
2.304628710937500000e+04 6.918959140777587891e+00
2.306629296875000000e+04 6.905086994171142578e+00
2.308629882812500000e+04 6.889011859893798828e+00
2.310630273437500000e+04 6.848699092864990234e+00
2.312630859375000000e+04 6.840815067291259766e+00
2.314631445312500000e+04 6.838899135589599609e+00
2.316632031250000000e+04 6.744756221771240234e+00
2.318632617187500000e+04 6.681327819824218750e+00
2.320633007812500000e+04 6.755138874053955078e+00
2.322633593750000000e+04 6.609423160552978516e+00
2.324634179687500000e+04 6.471087932586669922e+00
2.326634765625000000e+04 6.468368053436279297e+00
2.328635351562500000e+04 6.589564800262451172e+00
2.330635742187500000e+04 6.604533195495605469e+00
2.332636328125000000e+04 6.527567863464355469e+00
2.334636914062500000e+04 6.562234878540039062e+00
2.336637500000000000e+04 6.470884799957275391e+00
2.338638085937500000e+04 6.444324970245361328e+00
2.340638476562500000e+04 6.525742053985595703e+00
2.342639062500000000e+04 6.515161991119384766e+00
2.344639648437500000e+04 6.499184131622314453e+00
2.346640234375000000e+04 6.461030006408691406e+00
2.348640625000000000e+04 6.461789131164550781e+00
2.350641210937500000e+04 6.450948238372802734e+00
2.352641796875000000e+04 6.186943054199218750e+00
2.354642382812500000e+04 6.165344238281250000e+00
2.356642968750000000e+04 6.271039962768554688e+00
2.358643359375000000e+04 6.180925846099853516e+00
2.360643945312500000e+04 6.260481834411621094e+00
2.362644531250000000e+04 6.283697128295898438e+00
2.364645117187500000e+04 6.253308773040771484e+00
2.366645703125000000e+04 6.243799209594726562e+00
2.368646093750000000e+04 6.232675075531005859e+00
2.370646679687500000e+04 6.154332160949707031e+00
2.372647265625000000e+04 6.183487892150878906e+00
2.374647851562500000e+04 5.954613208770751953e+00
2.376648437500000000e+04 6.139264106750488281e+00
2.378648828125000000e+04 6.173411846160888672e+00
2.380649414062500000e+04 6.141696929931640625e+00
2.382650000000000000e+04 6.065281867980957031e+00
2.384650585937500000e+04 5.751458168029785156e+00
2.386650976562500000e+04 5.758801937103271484e+00
2.388651562500000000e+04 5.963880062103271484e+00
2.390652148437500000e+04 5.976233005523681641e+00
2.392652734375000000e+04 5.944046020507812500e+00
2.394653320312500000e+04 5.945261001586914062e+00
2.396653710937500000e+04 5.925429821014404297e+00
2.398654296875000000e+04 5.956749916076660156e+00
2.400654882812500000e+04 5.867729187011718750e+00
2.402655468750000000e+04 5.916553020477294922e+00
2.404656054687500000e+04 5.894377231597900391e+00
2.406656445312500000e+04 5.867162227630615234e+00
2.408657031250000000e+04 5.855766773223876953e+00
2.410657617187500000e+04 5.847336769104003906e+00
2.412658203125000000e+04 5.843752861022949219e+00
2.414658593750000000e+04 5.593778133392333984e+00
2.416659179687500000e+04 5.434239864349365234e+00
2.418659765625000000e+04 5.709578037261962891e+00
2.420660351562500000e+04 5.673696994781494141e+00
2.422660937500000000e+04 5.692430973052978516e+00
2.424661328125000000e+04 5.649125099182128906e+00
2.426661914062500000e+04 5.644865989685058594e+00
2.428662500000000000e+04 5.638613224029541016e+00
2.430663085937500000e+04 5.661161899566650391e+00
2.432663671875000000e+04 5.629043102264404297e+00
2.434664062500000000e+04 5.582339763641357422e+00
2.436664648437500000e+04 5.525257110595703125e+00
2.438665234375000000e+04 5.521800041198730469e+00
2.440665820312500000e+04 5.580002784729003906e+00
2.442666406250000000e+04 5.557671070098876953e+00
2.444666796875000000e+04 5.542601108551025391e+00
2.446667382812500000e+04 5.417651176452636719e+00
2.448667968750000000e+04 5.366827011108398438e+00
2.450668554687500000e+04 5.351323127746582031e+00
2.452668945312500000e+04 5.344523906707763672e+00
2.454669531250000000e+04 5.404881954193115234e+00
2.456670117187500000e+04 5.307820796966552734e+00
2.458670703125000000e+04 5.242171764373779297e+00
2.460671289062500000e+04 5.393798828125000000e+00
2.462671679687500000e+04 5.375060081481933594e+00
2.464672265625000000e+04 5.371799945831298828e+00
2.466672851562500000e+04 5.343614101409912109e+00
2.468673437500000000e+04 5.337766170501708984e+00
2.470674023437500000e+04 5.169590950012207031e+00
2.472674414062500000e+04 5.315050125122070312e+00
2.474675000000000000e+04 5.207941055297851562e+00
2.476675585937500000e+04 5.281967163085937500e+00
2.478676171875000000e+04 5.242603778839111328e+00
2.480676757812500000e+04 5.024641990661621094e+00
2.482677148437500000e+04 5.025888919830322266e+00
2.484677734375000000e+04 5.191023826599121094e+00
2.486678320312500000e+04 5.001423835754394531e+00
2.488678906250000000e+04 5.154564857482910156e+00
2.490679296875000000e+04 5.153316020965576172e+00
2.492679882812500000e+04 5.136147022247314453e+00
2.494680468750000000e+04 5.078344821929931641e+00
2.496681054687500000e+04 5.094283103942871094e+00
2.498681640625000000e+04 5.074542999267578125e+00
2.500682031250000000e+04 5.090984821319580078e+00
2.505683398437500000e+04 5.053444862365722656e+00
2.515686132812500000e+04 4.941577911376953125e+00
2.525688867187500000e+04 4.894886016845703125e+00
2.535691601562500000e+04 4.822793006896972656e+00
2.545694335937500000e+04 4.742044925689697266e+00
2.555697070312500000e+04 4.667749881744384766e+00
2.565699804687500000e+04 4.591385841369628906e+00
2.575702539062500000e+04 4.565695762634277344e+00
2.585705273437500000e+04 4.443346977233886719e+00
2.595708007812500000e+04 4.423010826110839844e+00
2.605710742187500000e+04 4.367140769958496094e+00
2.615713476562500000e+04 4.284614086151123047e+00
2.625716210937500000e+04 4.086294174194335938e+00
2.635718945312500000e+04 4.168105125427246094e+00
2.645721679687500000e+04 4.105946063995361328e+00
2.655724414062500000e+04 4.057826995849609375e+00
2.665727148437500000e+04 3.974363088607788086e+00
2.675729687500000000e+04 3.944365024566650391e+00
2.685732421875000000e+04 3.913913965225219727e+00
2.695735156250000000e+04 3.858138084411621094e+00
