3400.9 0.00314
3403.8 0.00314
3406.7 0.00313
3409.6 0.00313
3412.5 0.00312
3415.4 0.00312
3418.3 0.00311
3421.2 0.00310
3424.1 0.00310
3427.0 0.00309
3429.9 0.00308
3432.8 0.00308
3435.7 0.00307
3438.6 0.00306
3441.5 0.00305
3444.4 0.00305
3447.3 0.00304
3450.2 0.00305
3453.1 0.00341
3456.0 0.00378
3458.9 0.00415
3461.8 0.00453
3464.7 0.00490
3467.6 0.00528
3470.5 0.00566
3473.4 0.00605
3476.3 0.00644
3479.2 0.00685
3482.1 0.00724
3485.0 0.00765
3487.9 0.00806
3490.8 0.00847
3493.7 0.00890
3496.6 0.00931
3499.5 0.00975
3502.4 0.01113
3505.3 0.01273
3508.2 0.01433
3511.1 0.01597
3514.0 0.01761
3516.9 0.01926
3519.8 0.02095
3522.7 0.02265
3525.6 0.02435
3528.5 0.02608
3531.4 0.02783
3534.3 0.02959
3537.2 0.03136
3540.1 0.03316
3543.0 0.03498
3545.9 0.03681
3548.8 0.03865
3551.7 0.04221
3554.6 0.04701
3557.5 0.05185
3560.4 0.05673
3563.3 0.06166
3566.2 0.06662
3569.1 0.07163
3572.0 0.07668
3574.9 0.08177
3577.8 0.08690
3580.7 0.09208
3583.6 0.09729
3586.5 0.10257
3589.4 0.10787
3592.3 0.11321
3595.2 0.11861
3598.1 0.12404
3601.0 0.13011
3603.9 0.13738
3606.8 0.14474
3609.7 0.15215
3612.6 0.15966
3615.5 0.16723
3618.4 0.17489
3621.3 0.18264
3624.2 0.19045
3627.1 0.19834
3630.0 0.20632
3632.9 0.21412
3635.8 0.22198
3638.7 0.22991
3641.6 0.23790
3644.5 0.24595
3647.4 0.25406
3650.3 0.26206
3653.2 0.26858
3656.1 0.27512
3659.0 0.28174
3661.9 0.28838
3664.8 0.29509
3667.7 0.30184
3670.6 0.30853
3673.5 0.31479
3676.4 0.32108
3679.3 0.32739
3682.2 0.33374
3685.1 0.34011
3688.0 0.34649
3690.9 0.35291
3693.8 0.35935
3696.7 0.36582
3699.6 0.37230
3702.5 0.37789
3705.4 0.38336
3708.3 0.38887
3711.2 0.39440
3714.1 0.39999
3717.0 0.40561
3719.9 0.41127
3722.8 0.41697
3725.7 0.42270
3728.6 0.42847
3731.5 0.43418
3734.4 0.43978
3737.3 0.44539
3740.2 0.45106
3743.1 0.45674
3746.0 0.46246
3748.9 0.46821
3751.8 0.47382
3754.7 0.47933
3757.6 0.48485
3760.5 0.49042
3763.4 0.49607
3766.3 0.50176
3769.2 0.50747
3772.1 0.51321
3775.0 0.51899
3777.9 0.52479
3780.8 0.53061
3783.7 0.53647
3786.6 0.54235
3789.5 0.54827
3792.4 0.55416
3795.3 0.56004
3798.2 0.56594
3801.1 0.57130
3804.0 0.57572
3806.9 0.58016
3809.8 0.58461
3812.7 0.58907
3815.6 0.59357
3818.5 0.59808
3821.4 0.60262
3824.3 0.60729
3827.2 0.61198
3830.1 0.61670
3833.0 0.62142
3835.9 0.62618
3838.8 0.63095
3841.7 0.63575
3844.6 0.64056
3847.5 0.64539
3850.4 0.65005
3853.3 0.65329
3856.2 0.65649
3859.1 0.65970
3862.0 0.66292
3864.9 0.66614
3867.8 0.66937
3870.7 0.67263
3873.6 0.67588
3876.5 0.67914
3879.4 0.68241
3882.3 0.68569
3885.2 0.68887
3888.1 0.69206
3891.0 0.69525
3893.9 0.69845
3896.8 0.70168
3899.7 0.70491
3902.6 0.70843
3905.5 0.71202
3908.4 0.71562
3911.3 0.71921
3914.2 0.72372
3917.1 0.72861
3920.0 0.73348
3922.9 0.73840
3925.8 0.74334
3928.7 0.74830
3931.6 0.75329
3934.5 0.75830
3937.4 0.76331
3940.3 0.76836
3943.2 0.77305
3946.1 0.77667
3949.0 0.78030
3951.9 0.78357
3954.8 0.78662
3957.7 0.78969
3960.6 0.79277
3963.5 0.79585
3966.4 0.79894
3969.3 0.80203
3972.2 0.80515
3975.1 0.80867
3978.0 0.81229
3980.9 0.81594
3983.8 0.81961
3986.7 0.82326
3989.6 0.82694
3992.5 0.83063
3995.4 0.83431
3998.3 0.83802
4001.2 0.84136
4004.1 0.84410
4007.0 0.84669
4009.9 0.84927
4012.8 0.85187
4015.7 0.85447
4018.6 0.85707
4021.5 0.85970
4024.4 0.86231
4027.3 0.86494
4030.2 0.86757
4033.1 0.87019
4036.0 0.87287
4038.9 0.87557
4041.8 0.87826
4044.7 0.88095
4047.6 0.88367
4050.5 0.88629
4053.4 0.88858
4056.3 0.89086
4059.2 0.89314
4062.1 0.89542
4065.0 0.89774
4067.9 0.90007
4070.8 0.90240
4073.7 0.90474
4076.6 0.90709
4079.5 0.90943
4082.4 0.91180
4085.3 0.91415
4088.2 0.91651
4091.1 0.91888
4094.0 0.92124
4096.9 0.92363
4099.8 0.92601
4102.7 0.92846
4105.6 0.93093
4108.5 0.93339
4111.4 0.93588
4114.3 0.93835
4117.2 0.94084
4120.1 0.94332
4123.0 0.94581
4125.9 0.94814
4128.8 0.95035
4131.7 0.95256
4134.6 0.95478
4137.5 0.95699
4140.4 0.95922
4143.3 0.96145
4146.2 0.96368
4149.1 0.96591
4152.0 0.96747
4154.9 0.96876
4157.8 0.97031
4160.7 0.97190
4163.6 0.97347
4166.5 0.97506
4169.4 0.97664
4172.3 0.97821
4175.2 0.97980
4178.1 0.98138
4181.0 0.98296
4183.9 0.98455
4186.8 0.98593
4189.7 0.98722
4192.6 0.98851
4195.5 0.98979
4198.4 0.99108
4201.3 0.99183
4204.2 0.99191
4207.1 0.99199
4210.0 0.99207
4212.9 0.99216
4215.8 0.99227
4218.7 0.99249
4221.6 0.99273
4224.5 0.99295
4227.4 0.99318
4230.3 0.99340
4233.2 0.99364
4236.1 0.99385
4239.0 0.99406
4241.9 0.99427
4244.8 0.99448
4247.7 0.99465
4250.6 0.99488
4253.5 0.99544
4256.4 0.99601
4259.3 0.99659
4262.2 0.99713
4265.1 0.99770
4268.0 0.99825
4270.9 0.99882
4273.8 0.99936
4276.7 0.99980
4279.6 0.99998
4282.5 1.00014
4285.4 1.00030
4288.3 1.00047
4291.2 1.00064
4294.1 1.00082
4297.0 1.00098
4299.9 1.00113
4302.8 1.00051
4305.7 0.99984
4308.6 0.99976
4311.5 0.99975
4314.4 0.99976
4317.3 0.99976
4320.2 0.99975
4323.1 0.99975
4326.0 0.99973
4328.9 0.99971
4331.8 0.99969
4334.7 0.99967
4337.6 0.99947
4340.5 0.99908
4343.4 0.99867
4346.3 0.99826
4349.2 0.99785
4352.1 0.99791
4355.0 0.99814
4357.9 0.99837
4360.8 0.99861
4363.7 0.99884
4366.6 0.99906
4369.5 0.99935
4372.4 0.99965
4375.3 0.99994
4378.2 1.00023
4381.1 1.00053
4384.0 1.00082
4386.9 1.00110
4389.8 1.00138
4392.7 1.00168
4395.6 1.00197
4398.5 1.00237
4401.4 1.00295
4404.3 1.00360
4407.2 1.00423
4410.1 1.00487
4413.0 1.00551
4415.9 1.00614
4418.8 1.00679
4421.7 1.00741
4424.6 1.00805
4427.5 1.00862
4430.4 1.00876
4433.3 1.00886
4436.2 1.00898
4439.1 1.00908
4442.0 1.00919
4444.9 1.00932
4447.8 1.00942
4450.7 1.00866
4453.6 1.00515
4456.5 1.00163
4459.4 0.99824
4462.3 0.99494
4465.2 0.99162
4468.1 0.98831
4471.0 0.98496
4473.9 0.98163
4476.8 0.97828
4479.7 0.97491
4482.6 0.97155
4485.5 0.96815
4488.4 0.96473
4491.3 0.96114
4494.2 0.95756
4497.1 0.95396
4500.0 0.95034
4502.9 0.94870
4505.8 0.94702
4508.7 0.94536
4511.6 0.94370
4514.5 0.94203
4517.4 0.94034
4520.3 0.93875
4523.2 0.93719
4526.1 0.93563
4529.0 0.93404
4531.9 0.93245
4534.8 0.93087
4537.7 0.92928
4540.6 0.92769
4543.5 0.92609
4546.4 0.92447
4549.3 0.92286
4552.2 0.91994
4555.1 0.91663
4558.0 0.91330
4560.9 0.90997
4563.8 0.90665
4566.7 0.90329
4569.6 0.89994
4572.5 0.89658
4575.4 0.89320
4578.3 0.88982
4581.2 0.88645
4584.1 0.88308
4587.0 0.87971
4589.9 0.87631
4592.8 0.87292
4595.7 0.86951
4598.6 0.86609
4601.5 0.86140
4604.4 0.85553
4607.3 0.84963
4610.2 0.84366
4613.1 0.83758
4616.0 0.83149
4618.9 0.82538
4621.8 0.81927
4624.7 0.81316
4627.6 0.80703
4630.5 0.80087
4633.4 0.79472
4636.3 0.78856
4639.2 0.78238
4642.1 0.77627
4645.0 0.77017
4647.9 0.76406
4650.8 0.75788
4653.7 0.75158
4656.6 0.74525
4659.5 0.73892
4662.4 0.73258
4665.3 0.72621
4668.2 0.71984
4671.1 0.71338
4674.0 0.70683
4676.9 0.70026
4679.8 0.69370
4682.7 0.68712
4685.6 0.68053
4688.5 0.67392
4691.4 0.66730
4694.3 0.66069
4697.2 0.65405
4700.1 0.64741
4703.0 0.64071
4705.9 0.63400
4708.8 0.62727
4711.7 0.62054
4714.6 0.61379
4717.5 0.60703
4720.4 0.60026
4723.3 0.59346
4726.2 0.58668
4729.1 0.57988
4732.0 0.57308
4734.9 0.56630
4737.8 0.55952
4740.7 0.55272
4743.6 0.54590
4746.5 0.53907
4749.4 0.53222
4752.3 0.52437
4755.2 0.51624
4758.1 0.50809
4761.0 0.49993
4763.9 0.49170
4766.8 0.48345
4769.7 0.47521
4772.6 0.46694
4775.5 0.45867
4778.4 0.45037
4781.3 0.44207
4784.2 0.43376
4787.1 0.42542
4790.0 0.41709
4792.9 0.40880
4795.8 0.40052
4798.7 0.39222
4801.6 0.38482
4804.5 0.37813
4807.4 0.37144
4810.3 0.36474
4813.2 0.35802
4816.1 0.35129
4819.0 0.34454
4821.9 0.33777
4824.8 0.33095
4827.7 0.32412
4830.6 0.31727
4833.5 0.31041
4836.4 0.30356
4839.3 0.29669
4842.2 0.28979
4845.1 0.28289
4848.0 0.27598
4850.9 0.26965
4853.8 0.26462
4856.7 0.25959
4859.6 0.25455
4862.5 0.24951
4865.4 0.24443
4868.3 0.23937
4871.2 0.23429
4874.1 0.22921
4877.0 0.22412
4879.9 0.21901
4882.8 0.21390
4885.7 0.20878
4888.6 0.20365
4891.5 0.19851
4894.4 0.19335
4897.3 0.18819
4900.2 0.18314
4903.1 0.17961
4906.0 0.17606
4908.9 0.17251
4911.8 0.16895
4914.7 0.16535
4917.6 0.16175
4920.5 0.15812
4923.4 0.15451
4926.3 0.15089
4929.2 0.14725
4932.1 0.14364
4935.0 0.13999
4937.9 0.13635
4940.8 0.13271
4943.7 0.12907
4946.6 0.12542
4949.5 0.12179
4952.4 0.11964
4955.3 0.11781
4958.2 0.11598
4961.1 0.11415
4964.0 0.11231
4966.9 0.11047
4969.8 0.10864
4972.7 0.10679
4975.6 0.10494
4978.5 0.10309
4981.4 0.10124
4984.3 0.09938
4987.2 0.09753
4990.1 0.09567
4993.0 0.09380
4995.9 0.09193
4998.8 0.09007
5001.7 0.08812
5004.6 0.08609
5007.5 0.08406
5010.4 0.08203
5013.3 0.08000
5016.2 0.07797
5019.1 0.07594
5022.0 0.07390
5024.9 0.07187
5027.8 0.06983
5030.7 0.06779
5033.6 0.06575
5036.5 0.06370
5039.4 0.06166
5042.3 0.05961
5045.2 0.05757
5048.1 0.05552
5051.0 0.05360
5053.9 0.05195
5056.8 0.05029
5059.7 0.04864
5062.6 0.04698
5065.5 0.04532
5068.4 0.04367
5071.3 0.04200
5074.2 0.04034
5077.1 0.03868
5080.0 0.03701
5082.9 0.03535
5085.8 0.03368
5088.7 0.03201
5091.6 0.03034
5094.5 0.02868
5097.4 0.02700
5100.3 0.02543
5103.2 0.02481
5106.1 0.02418
5109.0 0.02355
5111.9 0.02291
5114.8 0.02228
5117.7 0.02165
5120.6 0.02102
5123.5 0.02038
5126.4 0.01975
5129.3 0.01911
5132.2 0.01847
5135.1 0.01784
5138.0 0.01720
5140.9 0.01656
5143.8 0.01592
5146.7 0.01528
5149.6 0.01464
5152.5 0.01416
5155.4 0.01373
5158.3 0.01328
5161.2 0.01283
5164.1 0.01238
5167.0 0.01194
5169.9 0.01149
5172.8 0.01104
5175.7 0.01060
5178.6 0.01014
5181.5 0.00969
5184.4 0.00924
5187.3 0.00880
5190.2 0.00834
5193.1 0.00790
5196.0 0.00744
5198.9 0.00700
5201.8 0.00670
5204.7 0.00651
5207.6 0.00630
5210.5 0.00611
5213.4 0.00591
5216.3 0.00572
5219.2 0.00553
5222.1 0.00532
5225.0 0.00513
5227.9 0.00493
5230.8 0.00473
5233.7 0.00454
5236.6 0.00434
5239.5 0.00414
5242.4 0.00394
5245.3 0.00375
5248.2 0.00356
5251.1 0.00334
5254.0 0.00315
5256.9 0.00296
5259.8 0.00276
5262.7 0.00256
5265.6 0.00236
5268.5 0.00216
5271.4 0.00196
5274.3 0.00177
5277.2 0.00157
5280.1 0.00136
5283.0 0.00117
5285.9 0.00097
5288.8 0.00077
5291.7 0.00057
5294.6 0.00037
5297.5 0.00017
5300.4 -0.00003
