3000.00000000 0.00092296
3020.00000000 0.00107261
3040.00000000 0.00045887
3060.00000000 0.00014322
3080.00000000 0.00004892
3100.00000000 0.00003243
3120.00000000 0.00002699
3140.00000000 0.00002313
3160.00000000 0.00003485
3180.00000000 0.00002998
3200.00000000 0.00002648
3220.00000000 0.00001664
3240.00000000 0.00002460
3260.00000000 0.00002240
3280.00000000 0.00003816
3300.00000000 0.00001703
3320.00000000 0.00001726
3340.00000000 0.00000389
3360.00000000 0.00001113
3380.00000000 0.00001984
3400.00000000 0.00001476
3420.00000000 0.00001397
3440.00000000 0.00001380
3460.00000000 0.00001095
3480.00000000 0.00001474
3500.00000000 0.00001370
3520.00000000 0.00001235
3540.00000000 0.00001901
3560.00000000 0.00000927
3580.00000000 0.00001785
3600.00000000 0.00001385
3620.00000000 0.00001282
3640.00000000 0.00000813
3660.00000000 0.00001171
3680.00000000 0.00001061
3700.00000000 0.00008145
3720.00000000 0.00012631
3740.00000000 0.00010582
3760.00000000 0.00009859
3780.00000000 0.00008042
3800.00000000 0.00006769
3820.00000000 0.00003111
3840.00000000 0.00003992
3860.00000000 0.00005759
3880.00000000 0.00006777
3900.00000000 0.00006846
3920.00000000 0.00011573
3940.00000000 0.00014361
3960.00000000 0.00006090
3980.00000000 0.00006229
4000.00000000 0.00012423
4020.00000000 0.00024311
4040.00000000 0.00007124
4060.00000000 0.00003164
4080.00000000 0.00004357
4100.00000000 0.00002206
4120.00000000 0.00002271
4140.00000000 0.00003554
4160.00000000 0.00002801
4180.00000000 0.00000912
4200.00000000 0.00002392
4220.00000000 0.00001578
4240.00000000 0.00001809
4260.00000000 0.00001858
4280.00000000 0.00001524
4300.00000000 0.00002523
4320.00000000 0.00005445
4340.00000000 0.00001903
4360.00000000 0.00000348
4380.00000000 0.00000308
4400.00000000 0.00000926
4420.00000000 0.00001956
4440.00000000 0.00002987
4460.00000000 0.00001445
4480.00000000 0.00001600
4500.00000000 0.00004661
4520.00000000 0.00005794
4540.00000000 0.00005730
4560.00000000 0.00006428
4580.00000000 0.00003593
4600.00000000 0.00002936
4620.00000000 0.00002170
4640.00000000 0.00002209
4660.00000000 0.00011573
4680.00000000 0.00019514
4700.00000000 0.00007479
4720.00000000 0.00002107
4740.00000000 0.00002187
4760.00000000 0.00002120
4780.00000000 0.00003089
4800.00000000 0.00009443
4820.00000000 0.00003613
4840.00000000 0.00000687
4860.00000000 0.00001187
4880.00000000 0.00001662
4900.00000000 0.00000753
4920.00000000 0.00001591
4940.00000000 0.00000790
4960.00000000 0.00001954
4980.00000000 0.00002399
5000.00000000 0.00001824
5020.00000000 0.00001692
5040.00000000 0.00001189
5060.00000000 0.00001911
5080.00000000 0.00000998
5100.00000000 0.00000763
5120.00000000 0.00000937
5140.00000000 0.00001711
5160.00000000 0.00001059
5180.00000000 0.00000821
5200.00000000 0.00000783
5220.00000000 0.00000498
5240.00000000 0.00002105
5260.00000000 0.00001233
5280.00000000 0.00001000
5300.00000000 0.00002035
5320.00000000 0.00001229
5340.00000000 0.00001557
5360.00000000 0.00001293
5380.00000000 0.00002373
5400.00000000 0.00003042
5420.00000000 0.00001125
5440.00000000 0.00001262
5460.00000000 0.00001388
5480.00000000 0.00001065
5500.00000000 0.00001591
5520.00000000 0.00001147
5540.00000000 0.00002557
5560.00000000 0.00001175
5580.00000000 0.00001838
5600.00000000 0.00001041
5620.00000000 0.00001545
5640.00000000 0.00001502
5660.00000000 0.00001796
5680.00000000 0.00000912
5700.00000000 0.00001480
5720.00000000 0.00001416
5740.00000000 0.00001878
5760.00000000 0.00000904
5780.00000000 0.00000464
5800.00000000 0.00000174
5820.00000000 0.00001725
5840.00000000 0.00001565
5860.00000000 0.00002421
5880.00000000 0.00000996
5900.00000000 0.00000635
5920.00000000 0.00001211
5940.00000000 0.00001087
5960.00000000 0.00001456
5980.00000000 0.00001498
6000.00000000 0.00002085
6020.00000000 0.00003176
6040.00000000 0.00002944
6060.00000000 0.00002390
6080.00000000 0.00001340
6100.00000000 0.00001618
6120.00000000 0.00001240
6140.00000000 0.00001726
6160.00000000 0.00001289
6180.00000000 0.00000833
6200.00000000 0.00001074
6220.00000000 0.00001475
6240.00000000 0.00002524
6260.00000000 0.00001415
6280.00000000 0.00002464
6300.00000000 0.00002142
6320.00000000 0.00003981
6340.00000000 0.00000563
6360.00000000 0.00001185
6380.00000000 0.00000616
6400.00000000 0.00002117
6420.00000000 0.00001590
6440.00000000 0.00003653
6460.00000000 0.00001706
6480.00000000 0.00000916
6500.00000000 0.00001920
6520.00000000 0.00002936
6540.00000000 0.00000893
6560.00000000 0.00004973
6580.00000000 0.00002373
6600.00000000 0.00003694
6620.00000000 0.00002764
6640.00000000 0.00009053
6660.00000000 0.00008971
6680.00000000 0.00009868
6700.00000000 0.00015354
6720.00000000 0.00013090
6740.00000000 0.00019184
6760.00000000 0.00017025
6780.00000000 0.00022269
6800.00000000 0.00025444
6820.00000000 0.00035961
6840.00000000 0.00048998
6860.00000000 0.00071194
6880.00000000 0.00092023
6900.00000000 0.00136081
6920.00000000 0.00194159
6940.00000000 0.00243475
6960.00000000 0.00309814
6980.00000000 0.00399955
7000.00000000 0.00546691
7020.00000000 0.00798721
7040.00000000 0.01233272
7060.00000000 0.02002651
7080.00000000 0.03329296
7100.00000000 0.05437966
7120.00000000 0.08491274
7140.00000000 0.12719190
7160.00000000 0.18314685
7180.00000000 0.25173483
7200.00000000 0.36417062
7220.00000000 0.53576283
7240.00000000 0.67864077
7260.00000000 0.81101702
7280.00000000 0.87850010
7300.00000000 0.90791974
7320.00000000 0.92298469
7340.00000000 0.93824763
7360.00000000 0.93993607
7380.00000000 0.94346086
7400.00000000 0.94405944
7420.00000000 0.94431770
7440.00000000 0.94518275
7460.00000000 0.94673864
7480.00000000 0.94690775
7500.00000000 0.94887027
7520.00000000 0.94827657
7540.00000000 0.94847720
7560.00000000 0.94968142
7580.00000000 0.93633779
7600.00000000 0.45414966
7620.00000000 0.55902002
7640.00000000 0.57623994
7660.00000000 0.79150300
7680.00000000 0.91250308
7700.00000000 0.94675778
7720.00000000 0.95271978
7740.00000000 0.95190853
7760.00000000 0.95310980
7780.00000000 0.95411037
7800.00000000 0.95350878
7820.00000000 0.95371784
7840.00000000 0.95351606
7860.00000000 0.95281567
7880.00000000 0.95366602
7900.00000000 0.95297272
7920.00000000 0.95174594
7940.00000000 0.95374964
7960.00000000 0.95318000
7980.00000000 0.95072915
8000.00000000 0.95196099
8020.00000000 0.95159127
8040.00000000 0.95105460
8060.00000000 0.95106624
8080.00000000 0.95134175
8100.00000000 0.95012800
8120.00000000 0.94188709
8140.00000000 0.91213324
8160.00000000 0.88501306
8180.00000000 0.88420918
8200.00000000 0.88716142
8220.00000000 0.92643098
8240.00000000 0.85784622
8260.00000000 0.92013821
8280.00000000 0.89445310
8300.00000000 0.90833933
8320.00000000 0.92634708
8340.00000000 0.92962365
8360.00000000 0.93910604
8380.00000000 0.94389656
8400.00000000 0.94796431
8420.00000000 0.94773937
8440.00000000 0.95045105
8460.00000000 0.95549017
8480.00000000 0.95641092
8500.00000000 0.95522453
8520.00000000 0.95827008
8540.00000000 0.95935434
8560.00000000 0.96165150
8580.00000000 0.96247147
8600.00000000 0.96348441
8620.00000000 0.96525356
8640.00000000 0.96432870
8660.00000000 0.95118642
8680.00000000 0.90331719
8700.00000000 0.79568750
8720.00000000 0.62215170
8740.00000000 0.42622726
8760.00000000 0.26170969
8780.00000000 0.15046344
8800.00000000 0.08519988
8820.00000000 0.04875626
8840.00000000 0.02871906
8860.00000000 0.01745958
8880.00000000 0.01091831
8900.00000000 0.00702809
8920.00000000 0.00467878
8940.00000000 0.00316392
8960.00000000 0.00212805
8980.00000000 0.00140141
9000.00000000 0.00098803
9020.00000000 0.00072586
9040.00000000 0.00058709
9060.00000000 0.00043966
9080.00000000 0.00028957
9100.00000000 0.00025855
9120.00000000 0.00018527
9140.00000000 0.00014160
9160.00000000 0.00007907
9180.00000000 0.00008852
9200.00000000 0.00006050
9220.00000000 0.00003738
9240.00000000 0.00003982
9260.00000000 0.00002263
9280.00000000 0.00004080
9300.00000000 0.00001083
9320.00000000 0.00001936
9340.00000000 0.00001904
9360.00000000 0.00001893
9380.00000000 0.00001592
9400.00000000 0.00003263
9420.00000000 0.00002057
9440.00000000 0.00000976
9460.00000000 0.00000295
9480.00000000 0.00000744
9500.00000000 0.00000468
9520.00000000 0.00001154
9540.00000000 0.00001643
9560.00000000 0.00000732
9580.00000000 0.00002049
9600.00000000 0.00001566
9620.00000000 0.00001963
9640.00000000 0.00000635
9660.00000000 0.00000877
9680.00000000 0.00001028
9700.00000000 0.00000990
9720.00000000 0.00000968
9740.00000000 0.00002459
9760.00000000 0.00003278
9780.00000000 0.00001403
9800.00000000 0.00000838
9820.00000000 0.00001754
9840.00000000 0.00001641
9860.00000000 0.00000536
9880.00000000 0.00001699
9900.00000000 0.00001648
9920.00000000 0.00001071
9940.00000000 0.00002745
9960.00000000 0.00001771
9980.00000000 0.00000375
10000.00000000 0.00001043
10020.00000000 0.00000789
10040.00000000 0.00000867
10060.00000000 0.00001050
10080.00000000 0.00002149
10100.00000000 0.00001448
10120.00000000 0.00001048
10140.00000000 0.00000414
10160.00000000 0.00001338
10180.00000000 0.00001802
10200.00000000 0.00001292
10220.00000000 0.00001781
10240.00000000 0.00002209
10260.00000000 0.00002992
10280.00000000 0.00001557
10300.00000000 0.00000963
10320.00000000 0.00002107
10340.00000000 0.00000426
10360.00000000 0.00002029
10380.00000000 0.00002916
10400.00000000 0.00000536
10420.00000000 0.00001561
10440.00000000 0.00000954
10460.00000000 0.00002885
10480.00000000 0.00001893
10500.00000000 0.00000743
10520.00000000 0.00001585
10540.00000000 0.00000979
10560.00000000 0.00003406
10580.00000000 0.00003617
10600.00000000 0.00004664
10620.00000000 0.00007349
10640.00000000 0.00010302
10660.00000000 0.00009295
10680.00000000 0.00011742
10700.00000000 0.00012202
10720.00000000 0.00017427
10740.00000000 0.00018685
10760.00000000 0.00022091
10780.00000000 0.00025662
10800.00000000 0.00032643
10820.00000000 0.00034298
10840.00000000 0.00042685
10860.00000000 0.00053174
10880.00000000 0.00066763
10900.00000000 0.00083476
10920.00000000 0.00113102
10940.00000000 0.00147285
10960.00000000 0.00192762
10980.00000000 0.00253177
11000.00000000 0.00190947
