1150.000000 1.081777e-11
1155.000000 9.983192e-12
1160.000000 5.944246e-12
1165.000000 3.894488e-12
1170.000000 2.913096e-12
1175.000000 1.799925e-12
1180.000000 1.445762e-12
1185.000000 8.050196e-13
1190.000000 1.456427e-13
1195.000000 5.351814e-13
1200.000000 2.399301e-12
1205.000000 7.076008e-12
1210.000000 2.007841e-11
1215.000000 2.836923e-11
1220.000000 1.733471e-11
1225.000000 5.030635e-12
1230.000000 1.257038e-12
1235.000000 8.407958e-13
1240.000000 8.881455e-13
1245.000000 9.107333e-13
1250.000000 7.511070e-13
1255.000000 6.239824e-13
1260.000000 6.348660e-13
1265.000000 4.784228e-13
1270.000000 4.109988e-13
1275.000000 7.247745e-13
1280.000000 9.582237e-13
1285.000000 1.011167e-12
1290.000000 8.293027e-13
1295.000000 8.119343e-13
1300.000000 1.187426e-12
1305.000000 1.271062e-12
1310.000000 9.610570e-13
1315.000000 9.085052e-13
1320.000000 8.480319e-13
1325.000000 8.564283e-13
1330.000000 1.180205e-12
1335.000000 1.411557e-12
1340.000000 1.007702e-12
1345.000000 7.666255e-13
1350.000000 7.280636e-13
1355.000000 6.644204e-13
1360.000000 6.536269e-13
1365.000000 7.763566e-13
1370.000000 7.812013e-13
1375.000000 6.721862e-13
1380.000000 7.713841e-13
1385.000000 8.645138e-13
1390.000000 9.395465e-13
1395.000000 1.076758e-12
1400.000000 1.047530e-12
1405.000000 9.334379e-13
1410.000000 8.813153e-13
1415.000000 1.006758e-12
1420.000000 9.789587e-13
1425.000000 1.007242e-12
1430.000000 1.131294e-12
1435.000000 1.102958e-12
1440.000000 9.598356e-13
1445.000000 9.990571e-13
1450.000000 1.108155e-12
1455.000000 1.190319e-12
1460.000000 1.147190e-12
1465.000000 1.325033e-12
1470.000000 1.511301e-12
1475.000000 1.564364e-12
1480.000000 1.540767e-12
1485.000000 1.624844e-12
1490.000000 1.604392e-12
1495.000000 1.709446e-12
1500.000000 1.756546e-12
1505.000000 1.555120e-12
1510.000000 1.466269e-12
1515.000000 1.698664e-12
1520.000000 1.944074e-12
1525.000000 2.189942e-12
1530.000000 2.321924e-12
1535.000000 2.026854e-12
1540.000000 1.994952e-12
1545.000000 2.414214e-12
1550.000000 2.814806e-12
1555.000000 2.678068e-12
1560.000000 2.262639e-12
1565.000000 2.047480e-12
1570.000000 2.188536e-12
1575.000000 2.314275e-12
1580.000000 2.168709e-12
1585.000000 2.014212e-12
1590.000000 1.903377e-12
1595.000000 1.903000e-12
1600.000000 1.982144e-12
1605.000000 2.150382e-12
1610.000000 2.391717e-12
1615.000000 2.508281e-12
1620.000000 2.279203e-12
1625.000000 2.391772e-12
1630.000000 2.775412e-12
1635.000000 2.974171e-12
1640.000000 2.756433e-12
1645.000000 2.871209e-12
1650.000000 3.133045e-12
1655.000000 3.399775e-12
1660.000000 3.487729e-12
1665.000000 3.256247e-12
1670.000000 3.071065e-12
1675.000000 3.351187e-12
1680.000000 3.473642e-12
1685.000000 3.310565e-12
1690.000000 3.641800e-12
1695.000000 4.243991e-12
1700.000000 4.599198e-12
1705.000000 4.725842e-12
1710.000000 4.703646e-12
1715.000000 4.993329e-12
1720.000000 5.325512e-12
1725.000000 5.519003e-12
1730.000000 5.559388e-12
1735.000000 5.617676e-12
1740.000000 5.961519e-12
1745.000000 6.628429e-12
1750.000000 7.373283e-12
1755.000000 7.945400e-12
1760.000000 8.454837e-12
1765.000000 8.927147e-12
1770.000000 9.698185e-12
1775.000000 1.063304e-11
1780.000000 1.110352e-11
1785.000000 9.881232e-12
1790.000000 8.286448e-12
1795.000000 1.013114e-11
1800.000000 1.146745e-11
1805.000000 1.200781e-11
1810.000000 1.313941e-11
1815.000000 1.442741e-11
1820.000000 1.551602e-11
1825.000000 1.579359e-11
1830.000000 1.543633e-11
1835.000000 1.541029e-11
1840.000000 1.458218e-11
1845.000000 1.357219e-11
1850.000000 1.372639e-11
1855.000000 1.525701e-11
1860.000000 1.646668e-11
1865.000000 1.780671e-11
1870.000000 1.965456e-11
1875.000000 2.322252e-11
1880.000000 2.755499e-11
1885.000000 2.990584e-11
1890.000000 3.262437e-11
1895.000000 2.917427e-11
1900.000000 2.630105e-11
1905.000000 3.126308e-11
1910.000000 3.501681e-11
1915.000000 3.629443e-11
1920.000000 3.489627e-11
1925.000000 3.268635e-11
1930.000000 2.856927e-11
1935.000000 2.924983e-11
1940.000000 3.726012e-11
1945.000000 4.331652e-11
1950.000000 4.198665e-11
1955.000000 3.139911e-11
1960.000000 2.189733e-11
1965.000000 3.114941e-11
1970.000000 4.142010e-11
1975.000000 3.370050e-11
1980.000000 4.305527e-11
1985.000000 4.675034e-11
1990.000000 3.936637e-11
1995.000000 5.618398e-11
2000.000000 5.966422e-11
2005.000000 5.325704e-11
2010.000000 6.373784e-11
2015.000000 7.356403e-11
2020.000000 6.771120e-11
2025.000000 7.356962e-11
2030.000000 7.591554e-11
2035.000000 5.730057e-11
2040.000000 6.698465e-11
2045.000000 8.068811e-11
2050.000000 9.533670e-11
2055.000000 7.861470e-11
2060.000000 7.258250e-11
2065.000000 1.026215e-10
2070.000000 1.164951e-10
2075.000000 1.151291e-10
2080.000000 1.144397e-10
2085.000000 1.150092e-10
2090.000000 1.140326e-10
2095.000000 1.258728e-10
2100.000000 1.552676e-10
2105.000000 1.840894e-10
2110.000000 1.886130e-10
2115.000000 2.030960e-10
2120.000000 2.253680e-10
2125.000000 2.136116e-10
2130.000000 1.875245e-10
2135.000000 1.870597e-10
2140.000000 1.970815e-10
2145.000000 2.114091e-10
2150.000000 2.178828e-10
2155.000000 2.145592e-10
2160.000000 1.958659e-10
2165.000000 1.838147e-10
2170.000000 1.594023e-10
2175.000000 1.470870e-10
2180.000000 1.699589e-10
2185.000000 2.094725e-10
2190.000000 2.559053e-10
2195.000000 2.795795e-10
2200.000000 2.728124e-10
2205.000000 2.381796e-10
2210.000000 1.950281e-10
2215.000000 1.937956e-10
2220.000000 2.114608e-10
2225.000000 2.357387e-10
2230.000000 2.483149e-10
2235.000000 2.663992e-10
2240.000000 2.589611e-10
2245.000000 2.468622e-10
2250.000000 2.464916e-10
2255.000000 2.258880e-10
2260.000000 1.979067e-10
2265.000000 1.747842e-10
2270.000000 1.826556e-10
2275.000000 2.040326e-10
2280.000000 2.259183e-10
2285.000000 2.363900e-10
2290.000000 2.295795e-10
2295.000000 2.126032e-10
2300.000000 2.319216e-10
2305.000000 2.521429e-10
2310.000000 2.440361e-10
2315.000000 2.264441e-10
2320.000000 2.327755e-10
2325.000000 2.407162e-10
2330.000000 1.992645e-10
2335.000000 1.555592e-10
2340.000000 1.380154e-10
2345.000000 1.467064e-10
2350.000000 1.668871e-10
2355.000000 1.820684e-10
2360.000000 1.772748e-10
2365.000000 1.908549e-10
2370.000000 1.997326e-10
2375.000000 2.041839e-10
2380.000000 1.773326e-10
2385.000000 1.412113e-10
2390.000000 1.372862e-10
2395.000000 1.357788e-10
2400.000000 1.184480e-10
2405.000000 1.146080e-10
2410.000000 1.428056e-10
2415.000000 2.001895e-10
2420.000000 2.618642e-10
2425.000000 2.863239e-10
2430.000000 2.689854e-10
2435.000000 2.630058e-10
2440.000000 2.643261e-10
2445.000000 2.396541e-10
2450.000000 2.192024e-10
2455.000000 2.171562e-10
2460.000000 2.099490e-10
2465.000000 1.958643e-10
2470.000000 2.006512e-10
2475.000000 1.963164e-10
2480.000000 1.879341e-10
2485.000000 1.896210e-10
2490.000000 2.007185e-10
2495.000000 2.426983e-10
2500.000000 2.588770e-10
2505.000000 2.430449e-10
2510.000000 2.092769e-10
2515.000000 1.717934e-10
2520.000000 1.570332e-10
2525.000000 1.618186e-10
2530.000000 1.920236e-10
2535.000000 2.051858e-10
2540.000000 2.031258e-10
2545.000000 2.246992e-10
2550.000000 2.606904e-10
2555.000000 2.827333e-10
2560.000000 3.179549e-10
2565.000000 3.875032e-10
2570.000000 4.026149e-10
2575.000000 3.558748e-10
2580.000000 3.551541e-10
2585.000000 3.777542e-10
2590.000000 3.691654e-10
2595.000000 3.160986e-10
2600.000000 2.769806e-10
2605.000000 2.747346e-10
2610.000000 2.814333e-10
2615.000000 3.145960e-10
2620.000000 3.216224e-10
2625.000000 3.353975e-10
2630.000000 4.418109e-10
2635.000000 6.091544e-10
2640.000000 7.214096e-10
2645.000000 7.263399e-10
2650.000000 7.375124e-10
2655.000000 7.677408e-10
2660.000000 7.195904e-10
2665.000000 7.056119e-10
2670.000000 7.183888e-10
2675.000000 7.203529e-10
2680.000000 7.053940e-10
2685.000000 6.954826e-10
2690.000000 6.862540e-10
2695.000000 7.169306e-10
2700.000000 7.715398e-10
2705.000000 7.587805e-10
2710.000000 6.942842e-10
2715.000000 6.301735e-10
2720.000000 6.077095e-10
2725.000000 6.426906e-10
2730.000000 6.480889e-10
2735.000000 5.445274e-10
2740.000000 4.282412e-10
2745.000000 4.174315e-10
2750.000000 4.647538e-10
2755.000000 5.459768e-10
2760.000000 6.259328e-10
2765.000000 6.715402e-10
2770.000000 6.664135e-10
2775.000000 6.113176e-10
2780.000000 5.218641e-10
2785.000000 4.095931e-10
2790.000000 3.024783e-10
2795.000000 2.431781e-10
2800.000000 2.584634e-10
2805.000000 3.533953e-10
2810.000000 5.240514e-10
2815.000000 7.372578e-10
2820.000000 8.422138e-10
2825.000000 8.797558e-10
2830.000000 9.157520e-10
2835.000000 9.071946e-10
2840.000000 8.176888e-10
2845.000000 6.771819e-10
2850.000000 5.965606e-10
2855.000000 7.400702e-10
2860.000000 9.486634e-10
2865.000000 1.016342e-09
2870.000000 9.953446e-10
2875.000000 9.369860e-10
2880.000000 9.510168e-10
2885.000000 1.062879e-09
2890.000000 1.221034e-09
2895.000000 1.405065e-09
2900.000000 1.527488e-09
2905.000000 1.543241e-09
2910.000000 1.545584e-09
2915.000000 1.505716e-09
2920.000000 1.380028e-09
2925.000000 1.307666e-09
2930.000000 1.355298e-09
2935.000000 1.390198e-09
2940.000000 1.391306e-09
2945.000000 1.391594e-09
2950.000000 1.428556e-09
2955.000000 1.496807e-09
2960.000000 1.469289e-09
2965.000000 1.391198e-09
2970.000000 1.399524e-09
2975.000000 1.438054e-09
2980.000000 1.294961e-09
2985.000000 1.254139e-09
2990.000000 1.332454e-09
2995.000000 1.265766e-09
3000.000000 1.186718e-09
3005.000000 1.233622e-09
3010.000000 1.302460e-09
3015.000000 1.290571e-09
3020.000000 1.352663e-09
3025.000000 1.478246e-09
3030.000000 1.511276e-09
3035.000000 1.473177e-09
3040.000000 1.467867e-09
3045.000000 1.529401e-09
3050.000000 1.536436e-09
3055.000000 1.429339e-09
3060.000000 1.372018e-09
3065.000000 1.419678e-09
3070.000000 1.490665e-09
3075.000000 1.512722e-09
3080.000000 1.553199e-09
3085.000000 1.508129e-09
3090.000000 1.388991e-09
3095.000000 1.341459e-09
3100.000000 1.453553e-09
3105.000000 1.634788e-09
3110.000000 1.718963e-09
3115.000000 1.631653e-09
3120.000000 1.600783e-09
3125.000000 1.641026e-09
3130.000000 1.683598e-09
3135.000000 1.738569e-09
3140.000000 1.697966e-09
3145.000000 1.667104e-09
3150.000000 1.692683e-09
3155.000000 1.569777e-09
3160.000000 1.540704e-09
3165.000000 1.627698e-09
3170.000000 1.730390e-09
3175.000000 1.752386e-09
3180.000000 1.733234e-09
3185.000000 1.764929e-09
3190.000000 1.800291e-09
3195.000000 1.816307e-09
3200.000000 1.826754e-09
3205.000000 1.850330e-09
3210.000000 1.843846e-09
3215.000000 1.775545e-09
3220.000000 1.682546e-09
3225.000000 1.616418e-09
3230.000000 1.597575e-09
3235.000000 1.629414e-09
3240.000000 1.702922e-09
3245.000000 1.802426e-09
3250.000000 1.906057e-09
3255.000000 1.996882e-09
3260.000000 2.074981e-09
3265.000000 2.128133e-09
3270.000000 2.100206e-09
3275.000000 1.981374e-09
3280.000000 1.921746e-09
3285.000000 2.041157e-09
3290.000000 2.222190e-09
3295.000000 2.311942e-09
3300.000000 2.305038e-09
3305.000000 2.253747e-09
3310.000000 2.206756e-09
3315.000000 2.188574e-09
3320.000000 2.170526e-09
3325.000000 2.127095e-09
3330.000000 2.092007e-09
3335.000000 2.102641e-09
3340.000000 2.144874e-09
3345.000000 2.184182e-09
3350.000000 2.186656e-09
3355.000000 2.136747e-09
3360.000000 2.065274e-09
3365.000000 2.015940e-09
3370.000000 2.018833e-09
3375.000000 2.077635e-09
3380.000000 2.142872e-09
3385.000000 2.170772e-09
3390.000000 2.183509e-09
3395.000000 2.209293e-09
3400.000000 2.226462e-09
3405.000000 2.210686e-09
3410.000000 2.181784e-09
3415.000000 2.166945e-09
3420.000000 2.166219e-09
3425.000000 2.160718e-09
3430.000000 2.112888e-09
3435.000000 2.012070e-09
3440.000000 1.933643e-09
3445.000000 1.946481e-09
3450.000000 2.016547e-09
3455.000000 2.081776e-09
3460.000000 2.111945e-09
3465.000000 2.101655e-09
3470.000000 2.075072e-09
3475.000000 2.053153e-09
3480.000000 2.022222e-09
3485.000000 1.976900e-09
3490.000000 1.967061e-09
3495.000000 2.037165e-09
3500.000000 2.160092e-09
3505.000000 2.272607e-09
3510.000000 2.299760e-09
3515.000000 2.295043e-09
3520.000000 2.235082e-09
3525.000000 2.208943e-09
3530.000000 2.301779e-09
3535.000000 2.421971e-09
3540.000000 2.509701e-09
3545.000000 2.537913e-09
3550.000000 2.510592e-09
3555.000000 2.445241e-09
3560.000000 2.362614e-09
3565.000000 2.209905e-09
3570.000000 2.081188e-09
3575.000000 2.026189e-09
3580.000000 1.945972e-09
3585.000000 1.933387e-09
3590.000000 2.106197e-09
3595.000000 2.295915e-09
3600.000000 2.326642e-09
3605.000000 2.222334e-09
3610.000000 2.153042e-09
3615.000000 2.160788e-09
3620.000000 2.213853e-09
3625.000000 2.345747e-09
3630.000000 2.331629e-09
3635.000000 2.302999e-09
3640.000000 2.377136e-09
3645.000000 2.366166e-09
3650.000000 2.423410e-09
3655.000000 2.605811e-09
3660.000000 2.713450e-09
3665.000000 2.674607e-09
3670.000000 2.628432e-09
3675.000000 2.599316e-09
3680.000000 2.530393e-09
3685.000000 2.519074e-09
3690.000000 2.604851e-09
3695.000000 2.713307e-09
3700.000000 2.719421e-09
3705.000000 2.573856e-09
3710.000000 2.603294e-09
3715.000000 2.700113e-09
3720.000000 2.560005e-09
3725.000000 2.520371e-09
3730.000000 2.451327e-09
3735.000000 2.293808e-09
3740.000000 2.373627e-09
3745.000000 2.331263e-09
3750.000000 2.354366e-09
3755.000000 2.599269e-09
3760.000000 2.653642e-09
3765.000000 2.650555e-09
3770.000000 2.704004e-09
3775.000000 2.961190e-09
3780.000000 3.199683e-09
3785.000000 3.133131e-09
3790.000000 2.848084e-09
3795.000000 2.651943e-09
3800.000000 2.781960e-09
3805.000000 3.084746e-09
3810.000000 3.159427e-09
3815.000000 2.951465e-09
3820.000000 2.699439e-09
3825.000000 2.407069e-09
3830.000000 2.130645e-09
3835.000000 2.029183e-09
3840.000000 2.330339e-09
3845.000000 2.819536e-09
3850.000000 3.069542e-09
3855.000000 3.051895e-09
3860.000000 3.031085e-09
3865.000000 3.118908e-09
3870.000000 3.039657e-09
3875.000000 2.926985e-09
3880.000000 2.771322e-09
3885.000000 2.561562e-09
3890.000000 2.576061e-09
3895.000000 2.842159e-09
3900.000000 3.014871e-09
3905.000000 3.102147e-09
3910.000000 3.223498e-09
3915.000000 3.192194e-09
3920.000000 2.918175e-09
3925.000000 2.376931e-09
3930.000000 1.699738e-09
3935.000000 1.579526e-09
3940.000000 2.136305e-09
3945.000000 2.704276e-09
3950.000000 3.022363e-09
3955.000000 2.999143e-09
3960.000000 2.560388e-09
3965.000000 1.916687e-09
3970.000000 1.827500e-09
3975.000000 2.501683e-09
3980.000000 3.179133e-09
3985.000000 3.513693e-09
3990.000000 3.668898e-09
3995.000000 3.741732e-09
4000.000000 3.785312e-09
4005.000000 3.810112e-09
4010.000000 3.888464e-09
4015.000000 3.958981e-09
4020.000000 4.000109e-09
4025.000000 3.978031e-09
4030.000000 3.877822e-09
4035.000000 3.892720e-09
4040.000000 3.911649e-09
4045.000000 3.816518e-09
4050.000000 3.838145e-09
4055.000000 3.782342e-09
4060.000000 3.708002e-09
4065.000000 3.695309e-09
4070.000000 3.711648e-09
4075.000000 3.695207e-09
4080.000000 3.752948e-09
4085.000000 3.876871e-09
4090.000000 3.853209e-09
4095.000000 3.543411e-09
4100.000000 3.227185e-09
4105.000000 3.369602e-09
4110.000000 3.714261e-09
4115.000000 3.918150e-09
4120.000000 3.951308e-09
4125.000000 3.930117e-09
4130.000000 3.906230e-09
4135.000000 3.975705e-09
4140.000000 4.040836e-09
4145.000000 4.019819e-09
4150.000000 3.982288e-09
4155.000000 3.957715e-09
4160.000000 4.041124e-09
4165.000000 4.057096e-09
4170.000000 3.902709e-09
4175.000000 3.805686e-09
4180.000000 3.845654e-09
4185.000000 3.891451e-09
4190.000000 3.933802e-09
4195.000000 3.875908e-09
4200.000000 3.813368e-09
4205.000000 3.903837e-09
4210.000000 4.011673e-09
4215.000000 4.004080e-09
4220.000000 3.900139e-09
4225.000000 3.720599e-09
4230.000000 3.769781e-09
4235.000000 3.812093e-09
4240.000000 3.837683e-09
4245.000000 3.838282e-09
4250.000000 3.831714e-09
4255.000000 3.846679e-09
4260.000000 3.839804e-09
4265.000000 3.847645e-09
4270.000000 3.737807e-09
4275.000000 3.735699e-09
4280.000000 3.767409e-09
4285.000000 3.662630e-09
4290.000000 3.522966e-09
4295.000000 3.359814e-09
4300.000000 3.102980e-09
4305.000000 3.012290e-09
4310.000000 3.200074e-09
4315.000000 3.612963e-09
4320.000000 3.788853e-09
4325.000000 3.716615e-09
4330.000000 3.708640e-09
4335.000000 3.487029e-09
4340.000000 3.206177e-09
4345.000000 3.407333e-09
4350.000000 3.683617e-09
4355.000000 3.885213e-09
4360.000000 4.057594e-09
4365.000000 4.126795e-09
4370.000000 4.047713e-09
4375.000000 3.951961e-09
4380.000000 3.825675e-09
4385.000000 3.722157e-09
4390.000000 3.829598e-09
4395.000000 3.931812e-09
4400.000000 3.945140e-09
4405.000000 3.944188e-09
4410.000000 4.024403e-09
4415.000000 4.084802e-09
4420.000000 4.142922e-09
4425.000000 4.150257e-09
4430.000000 4.121840e-09
4435.000000 4.093407e-09
4440.000000 4.118927e-09
4445.000000 4.120706e-09
4450.000000 4.077937e-09
4455.000000 3.954510e-09
4460.000000 3.935138e-09
4465.000000 4.033816e-09
4470.000000 4.162100e-09
4475.000000 4.246560e-09
4480.000000 4.191957e-09
4485.000000 4.197839e-09
4490.000000 4.208325e-09
4495.000000 4.260199e-09
4500.000000 4.374933e-09
4505.000000 4.448629e-09
4510.000000 4.407092e-09
4515.000000 4.321311e-09
4520.000000 4.214526e-09
4525.000000 4.049623e-09
4530.000000 3.974027e-09
4535.000000 4.089009e-09
4540.000000 4.180730e-09
4545.000000 4.107935e-09
4550.000000 4.046452e-09
4555.000000 4.136131e-09
4560.000000 4.230792e-09
4565.000000 4.257229e-09
4570.000000 4.283919e-09
4575.000000 4.265299e-09
4580.000000 4.162306e-09
4585.000000 4.125498e-09
4590.000000 4.142596e-09
4595.000000 4.146114e-09
4600.000000 4.155916e-09
4605.000000 4.219421e-09
4610.000000 4.250400e-09
4615.000000 4.228507e-09
4620.000000 4.247632e-09
4625.000000 4.252565e-09
4630.000000 4.218175e-09
4635.000000 4.171929e-09
4640.000000 4.136440e-09
4645.000000 4.087357e-09
4650.000000 4.092939e-09
4655.000000 4.147843e-09
4660.000000 4.145673e-09
4665.000000 4.018132e-09
4670.000000 4.045684e-09
4675.000000 4.132815e-09
4680.000000 4.141130e-09
4685.000000 4.170527e-09
4690.000000 4.163420e-09
4695.000000 4.127043e-09
4700.000000 4.015177e-09
4705.000000 3.980943e-09
4710.000000 4.048085e-09
4715.000000 4.152105e-09
4720.000000 4.207165e-09
4725.000000 4.159014e-09
4730.000000 4.074072e-09
4735.000000 4.097878e-09
4740.000000 4.156285e-09
4745.000000 4.182751e-09
4750.000000 4.132725e-09
4755.000000 4.083955e-09
4760.000000 4.061772e-09
4765.000000 4.050885e-09
4770.000000 4.126311e-09
4775.000000 4.208369e-09
4780.000000 4.198221e-09
4785.000000 4.124069e-09
4790.000000 4.142318e-09
4795.000000 4.177975e-09
4800.000000 4.142575e-09
4805.000000 4.125693e-09
4810.000000 4.168425e-09
4815.000000 4.215757e-09
4820.000000 4.174543e-09
4825.000000 4.104171e-09
4830.000000 4.075001e-09
4835.000000 4.061523e-09
4840.000000 4.026046e-09
4845.000000 3.974284e-09
4850.000000 3.832922e-09
4855.000000 3.529736e-09
4860.000000 3.252051e-09
4865.000000 3.296616e-09
4870.000000 3.480332e-09
4875.000000 3.688295e-09
4880.000000 3.828528e-09
4885.000000 3.865848e-09
4890.000000 3.903497e-09
4895.000000 4.009957e-09
4900.000000 4.069954e-09
4905.000000 4.081327e-09
4910.000000 4.038557e-09
4915.000000 3.979095e-09
4920.000000 3.898888e-09
4925.000000 3.945528e-09
4930.000000 3.986164e-09
4935.000000 3.978000e-09
4940.000000 3.999167e-09
4945.000000 4.058467e-09
4950.000000 4.082566e-09
4955.000000 4.039083e-09
4960.000000 4.038297e-09
4965.000000 4.047160e-09
4970.000000 4.064073e-09
4975.000000 4.028658e-09
4980.000000 3.909041e-09
4985.000000 3.885797e-09
4990.000000 3.918190e-09
4995.000000 3.914665e-09
5000.000000 3.862969e-09
5005.000000 3.800401e-09
5010.000000 3.776560e-09
5015.000000 3.730587e-09
5020.000000 3.754328e-09
5025.000000 3.804846e-09
5030.000000 3.868576e-09
5035.000000 3.849856e-09
5040.000000 3.803347e-09
5045.000000 3.849198e-09
5050.000000 3.882999e-09
5055.000000 3.943514e-09
5060.000000 3.964258e-09
5065.000000 3.934191e-09
5070.000000 3.893353e-09
5075.000000 3.838081e-09
5080.000000 3.816299e-09
5085.000000 3.876952e-09
5090.000000 3.917324e-09
5095.000000 3.897052e-09
5100.000000 3.862330e-09
5105.000000 3.855412e-09
5110.000000 3.886480e-09
5115.000000 3.936961e-09
5120.000000 3.911241e-09
5125.000000 3.853227e-09
5130.000000 3.816803e-09
5135.000000 3.774412e-09
5140.000000 3.746362e-09
5145.000000 3.750906e-09
5150.000000 3.768284e-09
5155.000000 3.777123e-09
5160.000000 3.719280e-09
5165.000000 3.540031e-09
5170.000000 3.451997e-09
5175.000000 3.512211e-09
5180.000000 3.524185e-09
5185.000000 3.535826e-09
5190.000000 3.590414e-09
5195.000000 3.651465e-09
5200.000000 3.703464e-09
5205.000000 3.715344e-09
5210.000000 3.739771e-09
5215.000000 3.748074e-09
5220.000000 3.748629e-09
5225.000000 3.682407e-09
5230.000000 3.685027e-09
5235.000000 3.727517e-09
5240.000000 3.778944e-09
5245.000000 3.786023e-09
5250.000000 3.780644e-09
5255.000000 3.764597e-09
5260.000000 3.659757e-09
5265.000000 3.519903e-09
5270.000000 3.488140e-09
5275.000000 3.557349e-09
5280.000000 3.653039e-09
5285.000000 3.744036e-09
5290.000000 3.803768e-09
5295.000000 3.780000e-09
5300.000000 3.773860e-09
5305.000000 3.798811e-09
5310.000000 3.826453e-09
5315.000000 3.814568e-09
5320.000000 3.740531e-09
5325.000000 3.639817e-09
5330.000000 3.620596e-09
5335.000000 3.657255e-09
5340.000000 3.682332e-09
5345.000000 3.704538e-09
5350.000000 3.750194e-09
5355.000000 3.799605e-09
5360.000000 3.768864e-09
5365.000000 3.706969e-09
5370.000000 3.683653e-09
5375.000000 3.713598e-09
5380.000000 3.728780e-09
5385.000000 3.732811e-09
5390.000000 3.703592e-09
5395.000000 3.654956e-09
5400.000000 3.605158e-09
5405.000000 3.572209e-09
5410.000000 3.595736e-09
5415.000000 3.642660e-09
5420.000000 3.667285e-09
5425.000000 3.676541e-09
5430.000000 3.674212e-09
5435.000000 3.685715e-09
5440.000000 3.710154e-09
5445.000000 3.703840e-09
5450.000000 3.701196e-09
5455.000000 3.684850e-09
5460.000000 3.696714e-09
5465.000000 3.691416e-09
5470.000000 3.674185e-09
5475.000000 3.639607e-09
5480.000000 3.644456e-09
5485.000000 3.675270e-09
5490.000000 3.690955e-09
5495.000000 3.679872e-09
5500.000000 3.673626e-09
5505.000000 3.677560e-09
5510.000000 3.686020e-09
5515.000000 3.705563e-09
5520.000000 3.708271e-09
5525.000000 3.673074e-09
5530.000000 3.656720e-09
5535.000000 3.663211e-09
5540.000000 3.696405e-09
5545.000000 3.712810e-09
5550.000000 3.713011e-09
5555.000000 3.680383e-09
5560.000000 3.655240e-09
5565.000000 3.624774e-09
5570.000000 3.606633e-09
5575.000000 3.607895e-09
5580.000000 3.598421e-09
5585.000000 3.549287e-09
5590.000000 3.525980e-09
5595.000000 3.513115e-09
5600.000000 3.524726e-09
5605.000000 3.580551e-09
5610.000000 3.593602e-09
5615.000000 3.566236e-09
5620.000000 3.568026e-09
5625.000000 3.567165e-09
5630.000000 3.582795e-09
5635.000000 3.571577e-09
5640.000000 3.557998e-09
5645.000000 3.550474e-09
5650.000000 3.516501e-09
5655.000000 3.469065e-09
5660.000000 3.452090e-09
5665.000000 3.475645e-09
5670.000000 3.521395e-09
5675.000000 3.549279e-09
5680.000000 3.527389e-09
5685.000000 3.497045e-09
5690.000000 3.495840e-09
5695.000000 3.497293e-09
5700.000000 3.486970e-09
5705.000000 3.452734e-09
5710.000000 3.432076e-09
5715.000000 3.472073e-09
5720.000000 3.521014e-09
5725.000000 3.553300e-09
5730.000000 3.562642e-09
5735.000000 3.558903e-09
5740.000000 3.542701e-09
5745.000000 3.526233e-09
5750.000000 3.504424e-09
5755.000000 3.505017e-09
5760.000000 3.516187e-09
5765.000000 3.525267e-09
5770.000000 3.523205e-09
5775.000000 3.498281e-09
5780.000000 3.462159e-09
5785.000000 3.442182e-09
5790.000000 3.446132e-09
5795.000000 3.464089e-09
5800.000000 3.484917e-09
5805.000000 3.483825e-09
5810.000000 3.484794e-09
5815.000000 3.503335e-09
5820.000000 3.516754e-09
5825.000000 3.516142e-09
5830.000000 3.516281e-09
5835.000000 3.527889e-09
5840.000000 3.531470e-09
5845.000000 3.509516e-09
5850.000000 3.473724e-09
5855.000000 3.433090e-09
5860.000000 3.423612e-09
5865.000000 3.449136e-09
5870.000000 3.478782e-09
5875.000000 3.480278e-09
5880.000000 3.440829e-09
5885.000000 3.347422e-09
5890.000000 3.239876e-09
5895.000000 3.235821e-09
5900.000000 3.323733e-09
5905.000000 3.400407e-09
5910.000000 3.420674e-09
5915.000000 3.426745e-09
5920.000000 3.434532e-09
5925.000000 3.411138e-09
5930.000000 3.392872e-09
5935.000000 3.406084e-09
5940.000000 3.400677e-09
5945.000000 3.376451e-09
5950.000000 3.363575e-09
5955.000000 3.375824e-09
5960.000000 3.390699e-09
5965.000000 3.407344e-09
5970.000000 3.400497e-09
5975.000000 3.367238e-09
5980.000000 3.331815e-09
5985.000000 3.316565e-09
5990.000000 3.323937e-09
5995.000000 3.323255e-09
6000.000000 3.309883e-09
6005.000000 3.281351e-09
6010.000000 3.269949e-09
6015.000000 3.264653e-09
6020.000000 3.260751e-09
6025.000000 3.272770e-09
6030.000000 3.287250e-09
6035.000000 3.302298e-09
6040.000000 3.305137e-09
6045.000000 3.318483e-09
6050.000000 3.317310e-09
6055.000000 3.305632e-09
6060.000000 3.302401e-09
6065.000000 3.298863e-09
6070.000000 3.315408e-09
6075.000000 3.290489e-09
6080.000000 3.257228e-09
6085.000000 3.247045e-09
6090.000000 3.248886e-09
6095.000000 3.227279e-09
6100.000000 3.180175e-09
6105.000000 3.194925e-09
6110.000000 3.235654e-09
6115.000000 3.220469e-09
6120.000000 3.189353e-09
6125.000000 3.189782e-09
6130.000000 3.172780e-09
6135.000000 3.122725e-09
6140.000000 3.125902e-09
6145.000000 3.156957e-09
6150.000000 3.155747e-09
6155.000000 3.112637e-09
6160.000000 3.056609e-09
6165.000000 3.059202e-09
6170.000000 3.091788e-09
6175.000000 3.146798e-09
6180.000000 3.170698e-09
6185.000000 3.157199e-09
6190.000000 3.145638e-09
6195.000000 3.176974e-09
6200.000000 3.192970e-09
6205.000000 3.196913e-09
6210.000000 3.172505e-09
6215.000000 3.137561e-09
6220.000000 3.134781e-09
6225.000000 3.128226e-09
6230.000000 3.097284e-09
6235.000000 3.091068e-09
6240.000000 3.079790e-09
6245.000000 3.059501e-09
6250.000000 3.059872e-09
6255.000000 3.049977e-09
6260.000000 3.071062e-09
6265.000000 3.091309e-09
6270.000000 3.097820e-09
6275.000000 3.054379e-09
6280.000000 3.021529e-09
6285.000000 3.072471e-09
6290.000000 3.089379e-09
6295.000000 3.059721e-09
6300.000000 3.031556e-09
6305.000000 3.050068e-09
6310.000000 3.049030e-09
6315.000000 3.012769e-09
6320.000000 3.025600e-09
6325.000000 3.077941e-09
6330.000000 3.082207e-09
6335.000000 3.053008e-09
6340.000000 3.043823e-09
6345.000000 3.051180e-09
6350.000000 3.057742e-09
6355.000000 3.035490e-09
6360.000000 3.023317e-09
6365.000000 3.042822e-09
6370.000000 3.063312e-09
6375.000000 3.074677e-09
6380.000000 3.064661e-09
6385.000000 3.054730e-09
6390.000000 3.034466e-09
6395.000000 3.011930e-09
6400.000000 3.007857e-09
6405.000000 3.008574e-09
6410.000000 2.995032e-09
6415.000000 2.988858e-09
6420.000000 2.999963e-09
6425.000000 3.017878e-09
6430.000000 3.007359e-09
6435.000000 3.011083e-09
6440.000000 3.020064e-09
6445.000000 3.010693e-09
6450.000000 2.977553e-09
6455.000000 2.955969e-09
6460.000000 2.952919e-09
6465.000000 2.969678e-09
6470.000000 2.982516e-09
6475.000000 2.986733e-09
6480.000000 2.987175e-09
6485.000000 2.972838e-09
6490.000000 2.916072e-09
6495.000000 2.883335e-09
6500.000000 2.953386e-09
6505.000000 3.016228e-09
6510.000000 3.012869e-09
6515.000000 2.981463e-09
6520.000000 2.996299e-09
6525.000000 3.007602e-09
6530.000000 3.003914e-09
6535.000000 2.998833e-09
6540.000000 2.967500e-09
6545.000000 2.906273e-09
6550.000000 2.803976e-09
6555.000000 2.596840e-09
6560.000000 2.343868e-09
6565.000000 2.436757e-09
6570.000000 2.703850e-09
6575.000000 2.857566e-09
6580.000000 2.912506e-09
6585.000000 2.919001e-09
6590.000000 2.907574e-09
6595.000000 2.919183e-09
6600.000000 2.956069e-09
6605.000000 2.961552e-09
6610.000000 2.960721e-09
6615.000000 2.971502e-09
6620.000000 2.969951e-09
6625.000000 2.948566e-09
6630.000000 2.912554e-09
6635.000000 2.904047e-09
6640.000000 2.906035e-09
6645.000000 2.898886e-09
6650.000000 2.902881e-09
6655.000000 2.894062e-09
6660.000000 2.873166e-09
6665.000000 2.869221e-09
6670.000000 2.875132e-09
6675.000000 2.862343e-09
6680.000000 2.866621e-09
6685.000000 2.877129e-09
6690.000000 2.877374e-09
6695.000000 2.865890e-09
6700.000000 2.856648e-09
6705.000000 2.837640e-09
6710.000000 2.819977e-09
6715.000000 2.802954e-09
6720.000000 2.805766e-09
6725.000000 2.827420e-09
6730.000000 2.839374e-09
6735.000000 2.829006e-09
6740.000000 2.812657e-09
6745.000000 2.802232e-09
6750.000000 2.796186e-09
6755.000000 2.812171e-09
6760.000000 2.816234e-09
6765.000000 2.810589e-09
6770.000000 2.803610e-09
6775.000000 2.803856e-09
6780.000000 2.798672e-09
6785.000000 2.788671e-09
6790.000000 2.792891e-09
6795.000000 2.794082e-09
6800.000000 2.792581e-09
6805.000000 2.784070e-09
6810.000000 2.784095e-09
6815.000000 2.780683e-09
6820.000000 2.769704e-09
6825.000000 2.762550e-09
6830.000000 2.746188e-09
6835.000000 2.731127e-09
6840.000000 2.726449e-09
6845.000000 2.723450e-09
6850.000000 2.720450e-09
6855.000000 2.717448e-09
6860.000000 2.714455e-09
6865.000000 2.711455e-09
6870.000000 2.708460e-09
6875.000000 2.705461e-09
6880.000000 2.702466e-09
6885.000000 2.699460e-09
6890.000000 2.696468e-09
6895.000000 2.693467e-09
6900.000000 2.690469e-09
6905.000000 2.687476e-09
6910.000000 2.684481e-09
6915.000000 2.681477e-09
6920.000000 2.678481e-09
6925.000000 2.675485e-09
6930.000000 2.672486e-09
6935.000000 2.669486e-09
6940.000000 2.666485e-09
6945.000000 2.663491e-09
6950.000000 2.660488e-09
6955.000000 2.657493e-09
6960.000000 2.654498e-09
6965.000000 2.651494e-09
6970.000000 2.648498e-09
6975.000000 2.645819e-09
6980.000000 2.648300e-09
6985.000000 2.665123e-09
6990.000000 2.654816e-09
6995.000000 2.649217e-09
7000.000000 2.619867e-09
7005.000000 2.590971e-09
7010.000000 2.611767e-09
7015.000000 2.597314e-09
7020.000000 2.586783e-09
7025.000000 2.579684e-09
7030.000000 2.590762e-09
7035.000000 2.594618e-09
7040.000000 2.605537e-09
7045.000000 2.627767e-09
7050.000000 2.620703e-09
7055.000000 2.605017e-09
7060.000000 2.604196e-09
7065.000000 2.598305e-09
7070.000000 2.604855e-09
7075.000000 2.613973e-09
7080.000000 2.600004e-09
7085.000000 2.587510e-09
7090.000000 2.587901e-09
7095.000000 2.589650e-09
7100.000000 2.587988e-09
7105.000000 2.589682e-09
7110.000000 2.571571e-09
7115.000000 2.571203e-09
7120.000000 2.575511e-09
7125.000000 2.583478e-09
7130.000000 2.587193e-09
7135.000000 2.585985e-09
7140.000000 2.567576e-09
7145.000000 2.550261e-09
7150.000000 2.562041e-09
7155.000000 2.574425e-09
7160.000000 2.549936e-09
7165.000000 2.512713e-09
7170.000000 2.493827e-09
7175.000000 2.475671e-09
7180.000000 2.458709e-09
7185.000000 2.422139e-09
7190.000000 2.413447e-09
7195.000000 2.432883e-09
7200.000000 2.445408e-09
7205.000000 2.470464e-09
7210.000000 2.515753e-09
7215.000000 2.543176e-09
7220.000000 2.539364e-09
7225.000000 2.519884e-09
7230.000000 2.486515e-09
7235.000000 2.458770e-09
7240.000000 2.463669e-09
7245.000000 2.469764e-09
7250.000000 2.454550e-09
7255.000000 2.452932e-09
7260.000000 2.465144e-09
7265.000000 2.455385e-09
7270.000000 2.451063e-09
7275.000000 2.426874e-09
7280.000000 2.432421e-09
7285.000000 2.415356e-09
7290.000000 2.376164e-09
7295.000000 2.410212e-09
7300.000000 2.427639e-09
7305.000000 2.415739e-09
7310.000000 2.416146e-09
7315.000000 2.415630e-09
7320.000000 2.416289e-09
7325.000000 2.416333e-09
7330.000000 2.406111e-09
7335.000000 2.409743e-09
7340.000000 2.414409e-09
7345.000000 2.405968e-09
7350.000000 2.392421e-09
7355.000000 2.387419e-09
7360.000000 2.390909e-09
7365.000000 2.391172e-09
7370.000000 2.390846e-09
7375.000000 2.379465e-09
7380.000000 2.359792e-09
7385.000000 2.313588e-09
7390.000000 2.298438e-09
7395.000000 2.314714e-09
7400.000000 2.306358e-09
7405.000000 2.285182e-09
7410.000000 2.279269e-09
7415.000000 2.300431e-09
7420.000000 2.319346e-09
7425.000000 2.373746e-09
7430.000000 2.406271e-09
7435.000000 2.411641e-09
7440.000000 2.394570e-09
7445.000000 2.369712e-09
7450.000000 2.386192e-09
7455.000000 2.403627e-09
7460.000000 2.388855e-09
7465.000000 2.387375e-09
7470.000000 2.397566e-09
7475.000000 2.391017e-09
7480.000000 2.384595e-09
7485.000000 2.383962e-09
7490.000000 2.367504e-09
7495.000000 2.349625e-09
7500.000000 2.367373e-09
7505.000000 2.358713e-09
7510.000000 2.337564e-09
7515.000000 2.350598e-09
7520.000000 2.356525e-09
7525.000000 2.343062e-09
7530.000000 2.343655e-09
7535.000000 2.354998e-09
7540.000000 2.358115e-09
7545.000000 2.344462e-09
7550.000000 2.336770e-09
7555.000000 2.333016e-09
7560.000000 2.329677e-09
7565.000000 2.326346e-09
7570.000000 2.323014e-09
7575.000000 2.319680e-09
7580.000000 2.316346e-09
7585.000000 2.313013e-09
7590.000000 2.309682e-09
7595.000000 2.306348e-09
7600.000000 2.303016e-09
7605.000000 2.299680e-09
7610.000000 2.296347e-09
7615.000000 2.293016e-09
7620.000000 2.289683e-09
7625.000000 2.286349e-09
7630.000000 2.283014e-09
7635.000000 2.279682e-09
7640.000000 2.276347e-09
7645.000000 2.273012e-09
7650.000000 2.269680e-09
7655.000000 2.266347e-09
7660.000000 2.263013e-09
7665.000000 2.259682e-09
7670.000000 2.256344e-09
7675.000000 2.253014e-09
7680.000000 2.249679e-09
7685.000000 2.246347e-09
7690.000000 2.243018e-09
7695.000000 2.239681e-09
7700.000000 2.236345e-09
7705.000000 2.233016e-09
7710.000000 2.229684e-09
7715.000000 2.226347e-09
7720.000000 2.223016e-09
7725.000000 2.219680e-09
7730.000000 2.218404e-09
7735.000000 2.225646e-09
7740.000000 2.209358e-09
7745.000000 2.178215e-09
7750.000000 2.178713e-09
7755.000000 2.202330e-09
7760.000000 2.209531e-09
7765.000000 2.208940e-09
7770.000000 2.179113e-09
7775.000000 2.155553e-09
7780.000000 2.173296e-09
7785.000000 2.187724e-09
7790.000000 2.188888e-09
7795.000000 2.181989e-09
7800.000000 2.169367e-09
7805.000000 2.172438e-09
7810.000000 2.172482e-09
7815.000000 2.185816e-09
7820.000000 2.191874e-09
7825.000000 2.182423e-09
7830.000000 2.157039e-09
7835.000000 2.147681e-09
7840.000000 2.163160e-09
7845.000000 2.165783e-09
7850.000000 2.162152e-09
7855.000000 2.163543e-09
7860.000000 2.167703e-09
7865.000000 2.162446e-09
7870.000000 2.158562e-09
7875.000000 2.148234e-09
7880.000000 2.141098e-09
7885.000000 2.145644e-09
7890.000000 2.141492e-09
7895.000000 2.131115e-09
7900.000000 2.133296e-09
7905.000000 2.136386e-09
7910.000000 2.125227e-09
7915.000000 2.109405e-09
7920.000000 2.106923e-09
7925.000000 2.103183e-09
7930.000000 2.079681e-09
7935.000000 2.073828e-09
7940.000000 2.075275e-09
7945.000000 2.072422e-09
7950.000000 2.098219e-09
7955.000000 2.111389e-09
7960.000000 2.103447e-09
7965.000000 2.103119e-09
7970.000000 2.109060e-09
7975.000000 2.114090e-09
7980.000000 2.114534e-09
7985.000000 2.109205e-09
7990.000000 2.101914e-09
7995.000000 2.079529e-09
8000.000000 2.068151e-09
8005.000000 2.082669e-09
8010.000000 2.085592e-09
8015.000000 2.090465e-09
8020.000000 2.086632e-09
8025.000000 2.067931e-09
8030.000000 2.066106e-09
8035.000000 2.078651e-09
8040.000000 2.073096e-09
8045.000000 2.046782e-09
8050.000000 2.049794e-09
8055.000000 2.070440e-09
8060.000000 2.077734e-09
8065.000000 2.076292e-09
8070.000000 2.064805e-09
8075.000000 2.061246e-09
8080.000000 2.054492e-09
8085.000000 2.044186e-09
8090.000000 2.039803e-09
8095.000000 2.029852e-09
8100.000000 2.026987e-09
8105.000000 2.025528e-09
8110.000000 2.024069e-09
8115.000000 2.022619e-09
8120.000000 2.021160e-09
8125.000000 2.019705e-09
8130.000000 2.018246e-09
8135.000000 2.016789e-09
8140.000000 2.015335e-09
8145.000000 2.013876e-09
8150.000000 2.012421e-09
8155.000000 2.010964e-09
8160.000000 2.009511e-09
8165.000000 2.008049e-09
8170.000000 2.006596e-09
8175.000000 2.005138e-09
8180.000000 2.003683e-09
8185.000000 2.002227e-09
8190.000000 2.000769e-09
8195.000000 1.999314e-09
8200.000000 1.997853e-09
8205.000000 1.996403e-09
8210.000000 1.994944e-09
8215.000000 1.993490e-09
8220.000000 1.992035e-09
8225.000000 1.990574e-09
8230.000000 1.989119e-09
8235.000000 1.987662e-09
8240.000000 1.986204e-09
8245.000000 1.984745e-09
8250.000000 1.983293e-09
8255.000000 1.981835e-09
8260.000000 1.980382e-09
8265.000000 1.978923e-09
8270.000000 1.977469e-09
8275.000000 1.976010e-09
8280.000000 1.974559e-09
8285.000000 1.973101e-09
8290.000000 1.971644e-09
8295.000000 1.970188e-09
8300.000000 1.968731e-09
8305.000000 1.967272e-09
8310.000000 1.965816e-09
8315.000000 1.964363e-09
8320.000000 1.962902e-09
8325.000000 1.961449e-09
8330.000000 1.959989e-09
8335.000000 1.958533e-09
8340.000000 1.957078e-09
8345.000000 1.955621e-09
8350.000000 1.954165e-09
8355.000000 1.952708e-09
8360.000000 1.951253e-09
8365.000000 1.949795e-09
8370.000000 1.948340e-09
8375.000000 1.946885e-09
8380.000000 1.945426e-09
8385.000000 1.943970e-09
8390.000000 1.942512e-09
8395.000000 1.941057e-09
8400.000000 1.939602e-09
8405.000000 1.940043e-09
8410.000000 1.949989e-09
8415.000000 1.950565e-09
8420.000000 1.948611e-09
8425.000000 1.945405e-09
8430.000000 1.941116e-09
8435.000000 1.922368e-09
8440.000000 1.911545e-09
8445.000000 1.912362e-09
8450.000000 1.926704e-09
8455.000000 1.938474e-09
8460.000000 1.935366e-09
8465.000000 1.913201e-09
8470.000000 1.906347e-09
8475.000000 1.919050e-09
8480.000000 1.918470e-09
8485.000000 1.912446e-09
8490.000000 1.873961e-09
8495.000000 1.752726e-09
8500.000000 1.726282e-09
8505.000000 1.840178e-09
8510.000000 1.869949e-09
8515.000000 1.863506e-09
8520.000000 1.873682e-09
8525.000000 1.866490e-09
8530.000000 1.831892e-09
8535.000000 1.699257e-09
8540.000000 1.493974e-09
8545.000000 1.546162e-09
8550.000000 1.746469e-09
8555.000000 1.816785e-09
8560.000000 1.851969e-09
8565.000000 1.864885e-09
8570.000000 1.856111e-09
8575.000000 1.853219e-09
8580.000000 1.842836e-09
8585.000000 1.835856e-09
8590.000000 1.828654e-09
8595.000000 1.807095e-09
8600.000000 1.806630e-09
8605.000000 1.815769e-09
8610.000000 1.813239e-09
8615.000000 1.813172e-09
8620.000000 1.821676e-09
8625.000000 1.829894e-09
8630.000000 1.829143e-09
8635.000000 1.820670e-09
8640.000000 1.811617e-09
8645.000000 1.789298e-09
8650.000000 1.761055e-09
8655.000000 1.672266e-09
8660.000000 1.494951e-09
8665.000000 1.531669e-09
8670.000000 1.683212e-09
8675.000000 1.740501e-09
8680.000000 1.755565e-09
8685.000000 1.754341e-09
8690.000000 1.750418e-09
8695.000000 1.768715e-09
8700.000000 1.774692e-09
8705.000000 1.775647e-09
8710.000000 1.757924e-09
8715.000000 1.752447e-09
8720.000000 1.761739e-09
8725.000000 1.759210e-09
8730.000000 1.742393e-09
8735.000000 1.727204e-09
8740.000000 1.720164e-09
8745.000000 1.711054e-09
8750.000000 1.703293e-09
8755.000000 1.747867e-09
8760.000000 1.756641e-09
8765.000000 1.759875e-09
8770.000000 1.769684e-09
8775.000000 1.778202e-09
8780.000000 1.783643e-09
8785.000000 1.780716e-09
8790.000000 1.794209e-09
8795.000000 1.729411e-09
8800.000000 1.711026e-09
8805.000000 1.690792e-09
8810.000000 1.710566e-09
8815.000000 1.743320e-09
8820.000000 1.748279e-09
8825.000000 1.749165e-09
8830.000000 1.751545e-09
8835.000000 1.746846e-09
8840.000000 1.743033e-09
8845.000000 1.747196e-09
8850.000000 1.749612e-09
8855.000000 1.743840e-09
8860.000000 1.726957e-09
8865.000000 1.723814e-09
8870.000000 1.739404e-09
8875.000000 1.748971e-09
8880.000000 1.752871e-09
8885.000000 1.755351e-09
8890.000000 1.754268e-09
8895.000000 1.754886e-09
8900.000000 1.759449e-09
8905.000000 1.762075e-09
8910.000000 1.761638e-09
8915.000000 1.762923e-09
8920.000000 1.754241e-09
8925.000000 1.732108e-09
8930.000000 1.729390e-09
8935.000000 1.714024e-09
8940.000000 1.704698e-09
8945.000000 1.708798e-09
8950.000000 1.722852e-09
8955.000000 1.740485e-09
8960.000000 1.755184e-09
8965.000000 1.762000e-09
8970.000000 1.760051e-09
8975.000000 1.750024e-09
8980.000000 1.732888e-09
8985.000000 1.710810e-09
8990.000000 1.689132e-09
8995.000000 1.674374e-09
9000.000000 1.672918e-09
9005.000000 1.688204e-09
9010.000000 1.716043e-09
9015.000000 1.749327e-09
9020.000000 1.780819e-09
9025.000000 1.804896e-09
9030.000000 1.820174e-09
9035.000000 1.826876e-09
9040.000000 1.825399e-09
9045.000000 1.816054e-09
9050.000000 1.798961e-09
9055.000000 1.774179e-09
9060.000000 1.741907e-09
9065.000000 1.704043e-09
9070.000000 1.666811e-09
9075.000000 1.638138e-09
9080.000000 1.625701e-09
9085.000000 1.633310e-09
9090.000000 1.654668e-09
9095.000000 1.679580e-09
9100.000000 1.697827e-09
9105.000000 1.702618e-09
9110.000000 1.696118e-09
9115.000000 1.683933e-09
9120.000000 1.671803e-09
9125.000000 1.663446e-09
9130.000000 1.657303e-09
9135.000000 1.649786e-09
9140.000000 1.637327e-09
9145.000000 1.618501e-09
9150.000000 1.597519e-09
9155.000000 1.580740e-09
9160.000000 1.574470e-09
9165.000000 1.582233e-09
9170.000000 1.600338e-09
9175.000000 1.622329e-09
9180.000000 1.641651e-09
9185.000000 1.653581e-09
9190.000000 1.658166e-09
9195.000000 1.657301e-09
9200.000000 1.653019e-09
9205.000000 1.647096e-09
9210.000000 1.640603e-09
9215.000000 1.634358e-09
9220.000000 1.629086e-09
9225.000000 1.624942e-09
9230.000000 1.620591e-09
9235.000000 1.614127e-09
9240.000000 1.603745e-09
9245.000000 1.589175e-09
9250.000000 1.574112e-09
9255.000000 1.563800e-09
9260.000000 1.563332e-09
9265.000000 1.574783e-09
9270.000000 1.592386e-09
9275.000000 1.607377e-09
9280.000000 1.611007e-09
9285.000000 1.597791e-09
9290.000000 1.570747e-09
9295.000000 1.536159e-09
9300.000000 1.500622e-09
9305.000000 1.470521e-09
9310.000000 1.451700e-09
9315.000000 1.449814e-09
9320.000000 1.469991e-09
9325.000000 1.512469e-09
9330.000000 1.564739e-09
9335.000000 1.609380e-09
9340.000000 1.629261e-09
9345.000000 1.614830e-09
9350.000000 1.576273e-09
9355.000000 1.531366e-09
9360.000000 1.498093e-09
9365.000000 1.489043e-09
9370.000000 1.502735e-09
9375.000000 1.532279e-09
9380.000000 1.570240e-09
9385.000000 1.609050e-09
9390.000000 1.640794e-09
9395.000000 1.657422e-09
9400.000000 1.651315e-09
9405.000000 1.619207e-09
9410.000000 1.569154e-09
9415.000000 1.513551e-09
9420.000000 1.464912e-09
9425.000000 1.432437e-09
9430.000000 1.416715e-09
9435.000000 1.415047e-09
9440.000000 1.424346e-09
9445.000000 1.441111e-09
9450.000000 1.460775e-09
9455.000000 1.478350e-09
9460.000000 1.489019e-09
9465.000000 1.489937e-09
9470.000000 1.483450e-09
9475.000000 1.473888e-09
9480.000000 1.465651e-09
9485.000000 1.461706e-09
9490.000000 1.461377e-09
9495.000000 1.462558e-09
9500.000000 1.463129e-09
9505.000000 1.461915e-09
9510.000000 1.460301e-09
9515.000000 1.460641e-09
9520.000000 1.465272e-09
9525.000000 1.475279e-09
9530.000000 1.488548e-09
9535.000000 1.501738e-09
9540.000000 1.511493e-09
9545.000000 1.515766e-09
9550.000000 1.515853e-09
9555.000000 1.514346e-09
9560.000000 1.513846e-09
9565.000000 1.515741e-09
9570.000000 1.518298e-09
9575.000000 1.518568e-09
9580.000000 1.513650e-09
9585.000000 1.502305e-09
9590.000000 1.487625e-09
9595.000000 1.474361e-09
9600.000000 1.467214e-09
9605.000000 1.468758e-09
9610.000000 1.476028e-09
9615.000000 1.483937e-09
9620.000000 1.487385e-09
9625.000000 1.483368e-09
9630.000000 1.474337e-09
9635.000000 1.464824e-09
9640.000000 1.459414e-09
9645.000000 1.461027e-09
9650.000000 1.468236e-09
9655.000000 1.477961e-09
9660.000000 1.487041e-09
9665.000000 1.493207e-09
9670.000000 1.496499e-09
9675.000000 1.497868e-09
9680.000000 1.498306e-09
9685.000000 1.498533e-09
9690.000000 1.498520e-09
9695.000000 1.497982e-09
9700.000000 1.496588e-09
9705.000000 1.494035e-09
9710.000000 1.490093e-09
9715.000000 1.484562e-09
9720.000000 1.477284e-09
9725.000000 1.468447e-09
9730.000000 1.459191e-09
9735.000000 1.451014e-09
9740.000000 1.445383e-09
9745.000000 1.443153e-09
9750.000000 1.443596e-09
9755.000000 1.445353e-09
9760.000000 1.447040e-09
9765.000000 1.447568e-09
9770.000000 1.446560e-09
9775.000000 1.443933e-09
9780.000000 1.439663e-09
9785.000000 1.434036e-09
9790.000000 1.428151e-09
9795.000000 1.423403e-09
9800.000000 1.421184e-09
9805.000000 1.422259e-09
9810.000000 1.425849e-09
9815.000000 1.430563e-09
9820.000000 1.434995e-09
9825.000000 1.438023e-09
9830.000000 1.439318e-09
9835.000000 1.438859e-09
9840.000000 1.436636e-09
9845.000000 1.432673e-09
9850.000000 1.426994e-09
9855.000000 1.419655e-09
9860.000000 1.410740e-09
9865.000000 1.400751e-09
9870.000000 1.391262e-09
9875.000000 1.384264e-09
9880.000000 1.381692e-09
9885.000000 1.384455e-09
9890.000000 1.390835e-09
9895.000000 1.398097e-09
9900.000000 1.403506e-09
9905.000000 1.405270e-09
9910.000000 1.404083e-09
9915.000000 1.401600e-09
9920.000000 1.399517e-09
9925.000000 1.399054e-09
9930.000000 1.400200e-09
9935.000000 1.402460e-09
9940.000000 1.405322e-09
9945.000000 1.408331e-09
9950.000000 1.411280e-09
9955.000000 1.414044e-09
9960.000000 1.416490e-09
9965.000000 1.418329e-09
9970.000000 1.418866e-09
9975.000000 1.417246e-09
9980.000000 1.412686e-09
9985.000000 1.405110e-09
9990.000000 1.396331e-09
9995.000000 1.388893e-09
10000.000000 1.385282e-09
10005.000000 1.386662e-09
10010.000000 1.390815e-09
10015.000000 1.394204e-09
10020.000000 1.393314e-09
10025.000000 1.386051e-09
10030.000000 1.374032e-09
10035.000000 1.360301e-09
10040.000000 1.347984e-09
10045.000000 1.339634e-09
10050.000000 1.336309e-09
10055.000000 1.338487e-09
10060.000000 1.346499e-09
10065.000000 1.359688e-09
10070.000000 1.374872e-09
10075.000000 1.387886e-09
10080.000000 1.394632e-09
10085.000000 1.392654e-09
10090.000000 1.383710e-09
10095.000000 1.371211e-09
10100.000000 1.358628e-09
10105.000000 1.348587e-09
10110.000000 1.341511e-09
10115.000000 1.336966e-09
10120.000000 1.334426e-09
10125.000000 1.333149e-09
10130.000000 1.331892e-09
10135.000000 1.329203e-09
10140.000000 1.323720e-09
10145.000000 1.315025e-09
10150.000000 1.305186e-09
10155.000000 1.297231e-09
10160.000000 1.294129e-09
10165.000000 1.297280e-09
10170.000000 1.304022e-09
10175.000000 1.310120e-09
10180.000000 1.311370e-09
10185.000000 1.305364e-09
10190.000000 1.294341e-09
10195.000000 1.282340e-09
10200.000000 1.273431e-09
10205.000000 1.270204e-09
10210.000000 1.271444e-09
10215.000000 1.274450e-09
10220.000000 1.276473e-09
10225.000000 1.275675e-09
10230.000000 1.272606e-09
10235.000000 1.268723e-09
10240.000000 1.265529e-09
10245.000000 1.264020e-09
10250.000000 1.263868e-09
10255.000000 1.264242e-09
10260.000000 1.264290e-09
10265.000000 1.263563e-09
10270.000000 1.262615e-09
10275.000000 1.262406e-09
10280.000000 1.263868e-09
10285.000000 1.267491e-09
10290.000000 1.272554e-09
10295.000000 1.277867e-09
10300.000000 1.282241e-09
10305.000000 1.284831e-09
10310.000000 1.285701e-09
10315.000000 1.285257e-09
10320.000000 1.283953e-09
10325.000000 1.282172e-09
10330.000000 1.280141e-09
10335.000000 1.278043e-09
10340.000000 1.276027e-09
10345.000000 1.274124e-09
10350.000000 1.272026e-09
10355.000000 1.269286e-09
10360.000000 1.265523e-09
10365.000000 1.261028e-09
10370.000000 1.257843e-09
10375.000000 1.258683e-09
10380.000000 1.266163e-09
10385.000000 1.281120e-09
10390.000000 1.299804e-09
10395.000000 1.316694e-09
10400.000000 1.326300e-09
10405.000000 1.325216e-09
10410.000000 1.315447e-09
10415.000000 1.301084e-09
10420.000000 1.286319e-09
10425.000000 1.274419e-09
10430.000000 1.266183e-09
10435.000000 1.261482e-09
10440.000000 1.260062e-09
10445.000000 1.261353e-09
10450.000000 1.263983e-09
10455.000000 1.266271e-09
10460.000000 1.266597e-09
10465.000000 1.264270e-09
10470.000000 1.261009e-09
10475.000000 1.259461e-09
10480.000000 1.262219e-09
10485.000000 1.270431e-09
10490.000000 1.281459e-09
10495.000000 1.291236e-09
10500.000000 1.295673e-09
10505.000000 1.292138e-09
10510.000000 1.281731e-09
10515.000000 1.266997e-09
10520.000000 1.250600e-09
10525.000000 1.234980e-09
10530.000000 1.221997e-09
10535.000000 1.213282e-09
10540.000000 1.210368e-09
10545.000000 1.213934e-09
10550.000000 1.222466e-09
10555.000000 1.233593e-09
10560.000000 1.244887e-09
10565.000000 1.254158e-09
10570.000000 1.259774e-09
10575.000000 1.260344e-09
10580.000000 1.254622e-09
10585.000000 1.242592e-09
10590.000000 1.227447e-09
10595.000000 1.213625e-09
10600.000000 1.205528e-09
10605.000000 1.206078e-09
10610.000000 1.214297e-09
10615.000000 1.227737e-09
10620.000000 9.307135e-10
