1150.000000 8.234962e-11
1155.000000 1.012924e-10
1160.000000 7.816391e-11
1165.000000 3.445517e-11
1170.000000 2.970327e-11
1175.000000 3.717217e-11
1180.000000 1.200948e-11
1185.000000 1.771587e-12
1190.000000 4.835004e-12
1195.000000 8.399963e-12
1200.000000 9.994022e-12
1205.000000 1.700085e-11
1210.000000 3.309415e-11
1215.000000 4.947179e-11
1220.000000 3.519316e-11
1225.000000 1.208837e-11
1230.000000 4.672395e-12
1235.000000 8.554474e-12
1240.000000 1.110853e-11
1245.000000 8.801189e-12
1250.000000 8.433262e-12
1255.000000 7.147328e-12
1260.000000 6.456648e-12
1265.000000 5.879491e-12
1270.000000 3.971492e-12
1275.000000 4.908080e-12
1280.000000 8.442775e-12
1285.000000 5.315169e-12
1290.000000 7.443763e-12
1295.000000 1.012596e-11
1300.000000 9.083498e-12
1305.000000 8.542615e-12
1310.000000 4.524011e-12
1315.000000 5.728813e-12
1320.000000 7.825215e-12
1325.000000 4.958963e-12
1330.000000 2.911746e-12
1335.000000 6.969174e-12
1340.000000 1.069462e-11
1345.000000 7.500989e-12
1350.000000 7.890488e-12
1355.000000 5.981851e-12
1360.000000 4.774022e-12
1365.000000 9.896472e-12
1370.000000 1.194827e-11
1375.000000 1.180838e-11
1380.000000 5.926877e-12
1385.000000 8.049554e-12
1390.000000 1.104333e-11
1395.000000 1.023333e-11
1400.000000 1.250919e-11
1405.000000 8.927756e-12
1410.000000 6.519821e-12
1415.000000 1.089340e-11
1420.000000 1.325528e-11
1425.000000 1.046220e-11
1430.000000 9.242779e-12
1435.000000 8.741588e-12
1440.000000 1.235840e-11
1445.000000 1.542233e-11
1450.000000 9.720069e-12
1455.000000 8.200973e-12
1460.000000 1.314390e-11
1465.000000 1.888474e-11
1470.000000 6.006563e-12
1475.000000 5.482402e-12
1480.000000 2.297629e-11
1485.000000 1.153792e-11
1490.000000 1.755433e-11
1495.000000 2.651424e-11
1500.000000 1.493534e-11
1505.000000 8.486867e-12
1510.000000 1.277602e-11
1515.000000 1.968240e-11
1520.000000 1.384969e-11
1525.000000 7.887876e-12
1530.000000 2.176893e-11
1535.000000 2.110380e-11
1540.000000 9.679786e-12
1545.000000 1.783427e-11
1550.000000 2.540297e-11
1555.000000 1.827595e-11
1560.000000 1.857547e-11
1565.000000 2.303053e-11
1570.000000 1.737167e-11
1575.000000 1.730008e-11
1580.000000 3.316195e-11
1585.000000 2.280476e-11
1590.000000 7.464071e-12
1595.000000 2.041481e-11
1600.000000 2.396888e-11
1605.000000 5.567041e-12
1610.000000 1.011530e-11
1615.000000 3.001021e-11
1620.000000 3.092509e-11
1625.000000 1.707515e-11
1630.000000 1.475267e-11
1635.000000 2.527245e-11
1640.000000 2.494632e-11
1645.000000 1.808684e-11
1650.000000 2.406012e-11
1655.000000 3.546547e-11
1660.000000 2.892626e-11
1665.000000 2.040339e-11
1670.000000 2.208933e-11
1675.000000 2.623678e-11
1680.000000 2.738737e-11
1685.000000 2.851850e-11
1690.000000 3.531983e-11
1695.000000 4.395091e-11
1700.000000 5.083156e-11
1705.000000 6.820124e-11
1710.000000 8.985945e-11
1715.000000 1.016009e-10
1720.000000 1.040339e-10
1725.000000 1.164227e-10
1730.000000 1.280531e-10
1735.000000 1.265845e-10
1740.000000 1.372942e-10
1745.000000 1.654480e-10
1750.000000 1.891103e-10
1755.000000 1.979229e-10
1760.000000 1.931071e-10
1765.000000 2.023696e-10
1770.000000 2.388866e-10
1775.000000 2.878585e-10
1780.000000 3.089521e-10
1785.000000 2.938991e-10
1790.000000 3.054134e-10
1795.000000 3.373790e-10
1800.000000 3.276395e-10
1805.000000 3.026207e-10
1810.000000 3.158513e-10
1815.000000 3.296636e-10
1820.000000 3.448191e-10
1825.000000 3.512005e-10
1830.000000 3.370355e-10
1835.000000 3.117312e-10
1840.000000 2.708810e-10
1845.000000 2.364278e-10
1850.000000 2.290508e-10
1855.000000 2.619513e-10
1860.000000 3.016298e-10
1865.000000 3.430102e-10
1870.000000 3.683327e-10
1875.000000 3.727082e-10
1880.000000 3.934673e-10
1885.000000 4.092244e-10
1890.000000 4.028935e-10
1895.000000 3.836879e-10
1900.000000 3.724558e-10
1905.000000 3.903514e-10
1910.000000 4.104106e-10
1915.000000 4.333318e-10
1920.000000 4.288799e-10
1925.000000 3.681420e-10
1930.000000 2.984534e-10
1935.000000 3.268479e-10
1940.000000 4.466171e-10
1945.000000 5.288385e-10
1950.000000 5.470259e-10
1955.000000 5.243017e-10
1960.000000 4.697441e-10
1965.000000 4.368789e-10
1970.000000 4.595102e-10
1975.000000 5.273066e-10
1980.000000 4.932865e-10
1985.000000 4.875262e-10
1990.000000 4.480055e-10
1995.000000 3.959812e-10
2000.000000 4.672198e-10
2005.000000 4.596817e-10
2010.000000 4.384825e-10
2015.000000 4.816769e-10
2020.000000 5.012395e-10
2025.000000 5.294948e-10
2030.000000 5.760143e-10
2035.000000 6.084617e-10
2040.000000 5.738390e-10
2045.000000 6.060712e-10
2050.000000 6.380417e-10
2055.000000 6.655901e-10
2060.000000 6.738099e-10
2065.000000 6.562760e-10
2070.000000 6.858156e-10
2075.000000 7.121786e-10
2080.000000 8.509346e-10
2085.000000 8.996184e-10
2090.000000 8.581488e-10
2095.000000 7.742859e-10
2100.000000 7.339475e-10
2105.000000 7.360486e-10
2110.000000 8.077802e-10
2115.000000 8.435921e-10
2120.000000 8.671822e-10
2125.000000 8.725686e-10
2130.000000 8.120434e-10
2135.000000 7.013294e-10
2140.000000 6.941724e-10
2145.000000 7.875852e-10
2150.000000 8.158654e-10
2155.000000 8.470748e-10
2160.000000 7.842141e-10
2165.000000 7.413209e-10
2170.000000 7.319136e-10
2175.000000 6.710523e-10
2180.000000 6.857104e-10
2185.000000 7.803391e-10
2190.000000 8.544669e-10
2195.000000 8.916587e-10
2200.000000 9.054631e-10
2205.000000 9.238618e-10
2210.000000 9.063553e-10
2215.000000 8.374968e-10
2220.000000 7.477253e-10
2225.000000 7.123279e-10
2230.000000 7.106848e-10
2235.000000 8.043183e-10
2240.000000 8.500938e-10
2245.000000 7.901239e-10
2250.000000 8.353419e-10
2255.000000 8.649896e-10
2260.000000 8.035575e-10
2265.000000 7.204007e-10
2270.000000 6.494451e-10
2275.000000 6.178762e-10
2280.000000 6.691748e-10
2285.000000 7.869020e-10
2290.000000 8.122323e-10
2295.000000 7.914411e-10
2300.000000 7.666835e-10
2305.000000 7.664320e-10
2310.000000 7.627352e-10
2315.000000 7.604816e-10
2320.000000 7.390799e-10
2325.000000 7.670388e-10
2330.000000 7.647997e-10
2335.000000 6.711355e-10
2340.000000 5.748113e-10
2345.000000 5.280615e-10
2350.000000 5.084843e-10
2355.000000 5.344690e-10
2360.000000 5.682407e-10
2365.000000 5.597744e-10
2370.000000 5.863158e-10
2375.000000 5.996099e-10
2380.000000 5.598566e-10
2385.000000 4.864867e-10
2390.000000 4.595271e-10
2395.000000 4.705829e-10
2400.000000 4.730291e-10
2405.000000 4.204516e-10
2410.000000 3.851229e-10
2415.000000 4.299942e-10
2420.000000 5.739694e-10
2425.000000 7.168868e-10
2430.000000 7.563801e-10
2435.000000 7.315089e-10
2440.000000 7.664361e-10
2445.000000 8.043237e-10
2450.000000 7.512311e-10
2455.000000 7.440560e-10
2460.000000 7.491199e-10
2465.000000 6.894310e-10
2470.000000 6.450288e-10
2475.000000 6.712350e-10
2480.000000 6.976744e-10
2485.000000 6.465431e-10
2490.000000 5.869764e-10
2495.000000 6.277144e-10
2500.000000 7.405404e-10
2505.000000 7.680019e-10
2510.000000 7.402761e-10
2515.000000 6.588116e-10
2520.000000 5.649445e-10
2525.000000 5.286016e-10
2530.000000 5.245764e-10
2535.000000 5.242550e-10
2540.000000 5.325394e-10
2545.000000 5.316527e-10
2550.000000 5.950633e-10
2555.000000 6.586786e-10
2560.000000 7.169741e-10
2565.000000 7.995969e-10
2570.000000 8.977459e-10
2575.000000 8.424843e-10
2580.000000 6.712153e-10
2585.000000 7.162065e-10
2590.000000 8.397162e-10
2595.000000 8.474957e-10
2600.000000 7.725175e-10
2605.000000 7.439445e-10
2610.000000 7.194976e-10
2615.000000 7.206381e-10
2620.000000 8.008631e-10
2625.000000 8.196914e-10
2630.000000 8.878883e-10
2635.000000 1.153644e-09
2640.000000 1.378038e-09
2645.000000 1.544747e-09
2650.000000 1.602387e-09
2655.000000 1.578385e-09
2660.000000 1.482841e-09
2665.000000 1.333267e-09
2670.000000 1.261528e-09
2675.000000 1.323123e-09
2680.000000 1.402465e-09
2685.000000 1.389002e-09
2690.000000 1.331624e-09
2695.000000 1.335570e-09
2700.000000 1.363769e-09
2705.000000 1.309841e-09
2710.000000 1.246412e-09
2715.000000 1.220259e-09
2720.000000 1.207341e-09
2725.000000 1.237527e-09
2730.000000 1.253329e-09
2735.000000 1.216566e-09
2740.000000 1.061940e-09
2745.000000 8.955472e-10
2750.000000 8.339616e-10
2755.000000 9.162305e-10
2760.000000 1.077719e-09
2765.000000 1.212740e-09
2770.000000 1.315580e-09
2775.000000 1.317790e-09
2780.000000 1.215077e-09
2785.000000 1.031436e-09
2790.000000 8.638456e-10
2795.000000 6.749465e-10
2800.000000 5.560050e-10
2805.000000 6.292574e-10
2810.000000 9.129621e-10
2815.000000 1.302453e-09
2820.000000 1.571960e-09
2825.000000 1.662703e-09
2830.000000 1.714617e-09
2835.000000 1.614187e-09
2840.000000 1.554161e-09
2845.000000 1.550301e-09
2850.000000 1.369131e-09
2855.000000 1.283294e-09
2860.000000 1.408802e-09
2865.000000 1.508144e-09
2870.000000 1.553869e-09
2875.000000 1.648402e-09
2880.000000 1.670062e-09
2885.000000 1.626382e-09
2890.000000 1.610512e-09
2895.000000 1.638984e-09
2900.000000 1.778171e-09
2905.000000 1.986777e-09
2910.000000 2.077755e-09
2915.000000 2.044790e-09
2920.000000 1.958417e-09
2925.000000 1.842820e-09
2930.000000 1.832879e-09
2935.000000 1.862958e-09
2940.000000 1.885105e-09
2945.000000 1.869125e-09
2950.000000 1.838249e-09
2955.000000 1.955850e-09
2960.000000 2.094104e-09
2965.000000 2.097624e-09
2970.000000 2.008088e-09
2975.000000 1.945911e-09
2980.000000 1.952001e-09
2985.000000 1.886953e-09
2990.000000 1.936200e-09
2995.000000 2.061433e-09
3000.000000 2.038836e-09
3005.000000 1.996244e-09
3010.000000 2.029180e-09
3015.000000 2.010752e-09
3020.000000 1.976712e-09
3025.000000 1.971792e-09
3030.000000 2.044876e-09
3035.000000 2.088165e-09
3040.000000 2.056437e-09
3045.000000 2.042626e-09
3050.000000 2.062702e-09
3055.000000 2.038432e-09
3060.000000 1.981101e-09
3065.000000 2.012686e-09
3070.000000 2.057992e-09
3075.000000 2.110224e-09
3080.000000 2.128427e-09
3085.000000 2.140172e-09
3090.000000 2.115592e-09
3095.000000 2.017135e-09
3100.000000 2.000847e-09
3105.000000 2.093149e-09
3110.000000 2.203993e-09
3115.000000 2.206073e-09
3120.000000 2.113039e-09
3125.000000 2.095544e-09
3130.000000 2.127350e-09
3135.000000 2.155137e-09
3140.000000 2.236247e-09
3145.000000 2.287007e-09
3150.000000 2.251217e-09
3155.000000 2.238704e-09
3160.000000 2.414169e-09
3165.000000 2.441987e-09
3170.000000 2.505144e-09
3175.000000 2.477443e-09
3180.000000 2.386439e-09
3185.000000 2.370263e-09
3190.000000 2.428605e-09
3195.000000 2.451751e-09
3200.000000 2.604857e-09
3205.000000 2.655307e-09
3210.000000 2.636602e-09
3215.000000 2.546288e-09
3220.000000 2.445445e-09
3225.000000 2.397320e-09
3230.000000 2.386967e-09
3235.000000 2.382103e-09
3240.000000 2.384950e-09
3245.000000 2.410716e-09
3250.000000 2.470633e-09
3255.000000 2.560655e-09
3260.000000 2.642032e-09
3265.000000 2.672491e-09
3270.000000 2.636906e-09
3275.000000 2.551957e-09
3280.000000 2.488297e-09
3285.000000 2.504274e-09
3290.000000 2.572514e-09
3295.000000 2.635483e-09
3300.000000 2.645133e-09
3305.000000 2.587438e-09
3310.000000 2.524102e-09
3315.000000 2.514501e-09
3320.000000 2.537631e-09
3325.000000 2.551686e-09
3330.000000 2.542874e-09
3335.000000 2.517549e-09
3340.000000 2.503274e-09
3345.000000 2.516761e-09
3350.000000 2.527242e-09
3355.000000 2.502615e-09
3360.000000 2.455312e-09
3365.000000 2.413099e-09
3370.000000 2.397770e-09
3375.000000 2.417976e-09
3380.000000 2.455268e-09
3385.000000 2.486720e-09
3390.000000 2.504116e-09
3395.000000 2.506001e-09
3400.000000 2.493848e-09
3405.000000 2.474725e-09
3410.000000 2.467665e-09
3415.000000 2.487434e-09
3420.000000 2.525274e-09
3425.000000 2.562314e-09
3430.000000 2.577146e-09
3435.000000 2.555165e-09
3440.000000 2.502430e-09
3445.000000 2.440173e-09
3450.000000 2.407313e-09
3455.000000 2.424985e-09
3460.000000 2.451831e-09
3465.000000 2.445334e-09
3470.000000 2.421673e-09
3475.000000 2.408233e-09
3480.000000 2.402023e-09
3485.000000 2.393379e-09
3490.000000 2.387357e-09
3495.000000 2.395814e-09
3500.000000 2.431018e-09
3505.000000 2.481337e-09
3510.000000 2.476351e-09
3515.000000 2.464691e-09
3520.000000 2.463474e-09
3525.000000 2.506308e-09
3530.000000 2.600361e-09
3535.000000 2.682667e-09
3540.000000 2.734826e-09
3545.000000 2.756770e-09
3550.000000 2.726245e-09
3555.000000 2.665946e-09
3560.000000 2.607710e-09
3565.000000 2.493633e-09
3570.000000 2.408039e-09
3575.000000 2.376038e-09
3580.000000 2.334640e-09
3585.000000 2.306299e-09
3590.000000 2.382320e-09
3595.000000 2.477341e-09
3600.000000 2.480715e-09
3605.000000 2.430461e-09
3610.000000 2.407775e-09
3615.000000 2.424709e-09
3620.000000 2.488220e-09
3625.000000 2.553396e-09
3630.000000 2.484225e-09
3635.000000 2.454165e-09
3640.000000 2.494734e-09
3645.000000 2.519437e-09
3650.000000 2.611702e-09
3655.000000 2.763208e-09
3660.000000 2.845290e-09
3665.000000 2.859619e-09
3670.000000 2.841719e-09
3675.000000 2.769007e-09
3680.000000 2.681345e-09
3685.000000 2.700780e-09
3690.000000 2.822212e-09
3695.000000 2.929619e-09
3700.000000 2.943606e-09
3705.000000 2.859628e-09
3710.000000 2.925217e-09
3715.000000 3.063292e-09
3720.000000 3.014989e-09
3725.000000 2.994267e-09
3730.000000 2.926658e-09
3735.000000 2.873351e-09
3740.000000 3.077536e-09
3745.000000 3.049201e-09
3750.000000 3.014010e-09
3755.000000 3.292543e-09
3760.000000 3.400260e-09
3765.000000 3.372132e-09
3770.000000 3.322710e-09
3775.000000 3.678940e-09
3780.000000 4.116908e-09
3785.000000 4.121389e-09
3790.000000 3.829564e-09
3795.000000 3.528145e-09
3800.000000 3.725863e-09
3805.000000 4.300906e-09
3810.000000 4.600547e-09
3815.000000 4.555150e-09
3820.000000 4.376392e-09
3825.000000 3.930575e-09
3830.000000 3.351402e-09
3835.000000 3.062405e-09
3840.000000 3.481105e-09
3845.000000 4.165410e-09
3850.000000 4.609547e-09
3855.000000 4.742997e-09
3860.000000 4.817266e-09
3865.000000 4.904963e-09
3870.000000 4.785420e-09
3875.000000 4.502672e-09
3880.000000 4.113105e-09
3885.000000 3.552821e-09
3890.000000 3.381454e-09
3895.000000 3.775573e-09
3900.000000 4.167734e-09
3905.000000 4.434177e-09
3910.000000 4.603992e-09
3915.000000 4.534681e-09
3920.000000 4.266275e-09
3925.000000 3.648333e-09
3930.000000 2.747924e-09
3935.000000 2.597093e-09
3940.000000 3.363223e-09
3945.000000 4.002445e-09
3950.000000 4.232802e-09
3955.000000 4.084958e-09
3960.000000 3.537625e-09
3965.000000 2.766651e-09
3970.000000 2.618885e-09
3975.000000 3.384535e-09
3980.000000 4.156611e-09
3985.000000 4.586465e-09
3990.000000 4.802291e-09
3995.000000 4.870983e-09
4000.000000 4.895179e-09
4005.000000 4.966016e-09
4010.000000 5.092242e-09
4015.000000 5.201422e-09
4020.000000 5.257544e-09
4025.000000 5.203492e-09
4030.000000 5.134182e-09
4035.000000 5.196609e-09
4040.000000 5.248504e-09
4045.000000 5.187974e-09
4050.000000 5.168322e-09
4055.000000 5.083168e-09
4060.000000 5.033358e-09
4065.000000 5.011707e-09
4070.000000 4.975935e-09
4075.000000 4.859494e-09
4080.000000 4.831862e-09
4085.000000 4.865769e-09
4090.000000 4.697815e-09
4095.000000 4.215223e-09
4100.000000 3.738255e-09
4105.000000 3.918966e-09
4110.000000 4.445240e-09
4115.000000 4.784314e-09
4120.000000 4.890595e-09
4125.000000 4.915574e-09
4130.000000 4.965031e-09
4135.000000 5.122760e-09
4140.000000 5.220788e-09
4145.000000 5.207575e-09
4150.000000 5.142947e-09
4155.000000 5.087651e-09
4160.000000 5.176119e-09
4165.000000 5.198814e-09
4170.000000 5.003748e-09
4175.000000 4.828117e-09
4180.000000 4.863299e-09
4185.000000 4.958060e-09
4190.000000 5.031285e-09
4195.000000 4.991075e-09
4200.000000 4.934408e-09
4205.000000 5.021902e-09
4210.000000 5.137266e-09
4215.000000 5.121935e-09
4220.000000 5.016986e-09
4225.000000 4.873137e-09
4230.000000 4.913493e-09
4235.000000 4.968170e-09
4240.000000 5.010244e-09
4245.000000 5.011625e-09
4250.000000 4.998051e-09
4255.000000 4.998287e-09
4260.000000 4.966948e-09
4265.000000 4.952461e-09
4270.000000 4.873992e-09
4275.000000 4.887891e-09
4280.000000 4.884908e-09
4285.000000 4.745479e-09
4290.000000 4.608670e-09
4295.000000 4.510797e-09
4300.000000 4.367541e-09
4305.000000 4.390467e-09
4310.000000 4.515297e-09
4315.000000 4.624380e-09
4320.000000 4.634324e-09
4325.000000 4.516275e-09
4330.000000 4.332889e-09
4335.000000 3.892253e-09
4340.000000 3.505477e-09
4345.000000 3.801078e-09
4350.000000 4.286572e-09
4355.000000 4.653686e-09
4360.000000 4.934753e-09
4365.000000 5.054403e-09
4370.000000 5.023401e-09
4375.000000 5.007870e-09
4380.000000 4.949402e-09
4385.000000 4.827275e-09
4390.000000 4.863457e-09
4395.000000 4.863226e-09
4400.000000 4.854735e-09
4405.000000 4.898337e-09
4410.000000 4.958699e-09
4415.000000 4.978169e-09
4420.000000 5.030009e-09
4425.000000 5.026599e-09
4430.000000 4.955031e-09
4435.000000 4.911325e-09
4440.000000 4.909693e-09
4445.000000 4.869611e-09
4450.000000 4.854365e-09
4455.000000 4.773299e-09
4460.000000 4.751036e-09
4465.000000 4.788744e-09
4470.000000 4.852385e-09
4475.000000 4.923245e-09
4480.000000 4.864170e-09
4485.000000 4.848509e-09
4490.000000 4.852855e-09
4495.000000 4.903863e-09
4500.000000 4.982761e-09
4505.000000 5.045779e-09
4510.000000 5.027446e-09
4515.000000 4.927227e-09
4520.000000 4.794431e-09
4525.000000 4.662847e-09
4530.000000 4.600145e-09
4535.000000 4.695436e-09
4540.000000 4.786570e-09
4545.000000 4.704622e-09
4550.000000 4.596484e-09
4555.000000 4.654001e-09
4560.000000 4.787670e-09
4565.000000 4.865985e-09
4570.000000 4.915822e-09
4575.000000 4.887445e-09
4580.000000 4.743926e-09
4585.000000 4.675592e-09
4590.000000 4.686852e-09
4595.000000 4.721646e-09
4600.000000 4.748907e-09
4605.000000 4.803804e-09
4610.000000 4.832880e-09
4615.000000 4.802829e-09
4620.000000 4.797810e-09
4625.000000 4.772220e-09
4630.000000 4.730368e-09
4635.000000 4.723597e-09
4640.000000 4.735429e-09
4645.000000 4.695180e-09
4650.000000 4.699387e-09
4655.000000 4.712600e-09
4660.000000 4.702619e-09
4665.000000 4.601201e-09
4670.000000 4.605924e-09
4675.000000 4.704674e-09
4680.000000 4.727932e-09
4685.000000 4.745885e-09
4690.000000 4.723871e-09
4695.000000 4.666320e-09
4700.000000 4.571520e-09
4705.000000 4.524112e-09
4710.000000 4.588615e-09
4715.000000 4.675587e-09
4720.000000 4.707714e-09
4725.000000 4.646245e-09
4730.000000 4.558122e-09
4735.000000 4.553421e-09
4740.000000 4.603609e-09
4745.000000 4.643925e-09
4750.000000 4.620488e-09
4755.000000 4.544771e-09
4760.000000 4.472353e-09
4765.000000 4.452685e-09
4770.000000 4.531882e-09
4775.000000 4.601766e-09
4780.000000 4.583763e-09
4785.000000 4.518936e-09
4790.000000 4.515233e-09
4795.000000 4.530353e-09
4800.000000 4.498609e-09
4805.000000 4.469490e-09
4810.000000 4.497305e-09
4815.000000 4.516458e-09
4820.000000 4.447563e-09
4825.000000 4.379538e-09
4830.000000 4.372617e-09
4835.000000 4.339354e-09
4840.000000 4.269371e-09
4845.000000 4.149393e-09
4850.000000 3.875701e-09
4855.000000 3.393410e-09
4860.000000 3.021959e-09
4865.000000 3.248514e-09
4870.000000 3.649651e-09
4875.000000 3.885656e-09
4880.000000 4.023853e-09
4885.000000 4.059017e-09
4890.000000 4.133828e-09
4895.000000 4.264144e-09
4900.000000 4.310372e-09
4905.000000 4.306454e-09
4910.000000 4.271060e-09
4915.000000 4.226007e-09
4920.000000 4.142155e-09
4925.000000 4.198013e-09
4930.000000 4.270849e-09
4935.000000 4.232377e-09
4940.000000 4.278779e-09
4945.000000 4.380534e-09
4950.000000 4.390419e-09
4955.000000 4.325890e-09
4960.000000 4.322300e-09
4965.000000 4.336690e-09
4970.000000 4.308607e-09
4975.000000 4.265348e-09
4980.000000 4.136210e-09
4985.000000 4.114014e-09
4990.000000 4.202175e-09
4995.000000 4.217815e-09
5000.000000 4.157087e-09
5005.000000 4.069403e-09
5010.000000 4.012257e-09
5015.000000 3.955243e-09
5020.000000 3.992551e-09
5025.000000 4.082516e-09
5030.000000 4.126649e-09
5035.000000 4.091220e-09
5040.000000 4.038786e-09
5045.000000 4.094626e-09
5050.000000 4.134968e-09
5055.000000 4.188895e-09
5060.000000 4.221270e-09
5065.000000 4.175338e-09
5070.000000 4.117715e-09
5075.000000 4.054482e-09
5080.000000 4.044048e-09
5085.000000 4.117244e-09
5090.000000 4.163269e-09
5095.000000 4.118376e-09
5100.000000 4.083346e-09
5105.000000 4.109653e-09
5110.000000 4.136400e-09
5115.000000 4.157739e-09
5120.000000 4.108295e-09
5125.000000 4.021581e-09
5130.000000 4.001353e-09
5135.000000 3.982715e-09
5140.000000 3.966153e-09
5145.000000 3.988498e-09
5150.000000 4.004886e-09
5155.000000 3.995720e-09
5160.000000 3.931862e-09
5165.000000 3.755771e-09
5170.000000 3.699995e-09
5175.000000 3.850218e-09
5180.000000 3.876697e-09
5185.000000 3.792964e-09
5190.000000 3.781819e-09
5195.000000 3.802905e-09
5200.000000 3.837354e-09
5205.000000 3.830309e-09
5210.000000 3.871182e-09
5215.000000 3.911304e-09
5220.000000 3.892485e-09
5225.000000 3.794885e-09
5230.000000 3.778740e-09
5235.000000 3.840017e-09
5240.000000 3.902767e-09
5245.000000 3.915730e-09
5250.000000 3.897711e-09
5255.000000 3.868947e-09
5260.000000 3.751949e-09
5265.000000 3.598715e-09
5270.000000 3.598608e-09
5275.000000 3.680843e-09
5280.000000 3.770597e-09
5285.000000 3.853073e-09
5290.000000 3.902988e-09
5295.000000 3.868244e-09
5300.000000 3.841425e-09
5305.000000 3.863318e-09
5310.000000 3.866279e-09
5315.000000 3.815881e-09
5320.000000 3.762761e-09
5325.000000 3.690216e-09
5330.000000 3.690521e-09
5335.000000 3.722417e-09
5340.000000 3.730252e-09
5345.000000 3.761776e-09
5350.000000 3.809169e-09
5355.000000 3.853585e-09
5360.000000 3.813312e-09
5365.000000 3.729105e-09
5370.000000 3.709121e-09
5375.000000 3.759480e-09
5380.000000 3.773988e-09
5385.000000 3.773703e-09
5390.000000 3.733406e-09
5395.000000 3.678253e-09
5400.000000 3.641541e-09
5405.000000 3.627868e-09
5410.000000 3.654913e-09
5415.000000 3.695987e-09
5420.000000 3.705930e-09
5425.000000 3.692412e-09
5430.000000 3.681727e-09
5435.000000 3.703700e-09
5440.000000 3.743860e-09
5445.000000 3.727180e-09
5450.000000 3.721897e-09
5455.000000 3.703703e-09
5460.000000 3.688980e-09
5465.000000 3.677791e-09
5470.000000 3.663782e-09
5475.000000 3.603433e-09
5480.000000 3.606687e-09
5485.000000 3.658707e-09
5490.000000 3.667648e-09
5495.000000 3.660247e-09
5500.000000 3.648370e-09
5505.000000 3.622767e-09
5510.000000 3.618639e-09
5515.000000 3.657619e-09
5520.000000 3.650634e-09
5525.000000 3.581410e-09
5530.000000 3.563912e-09
5535.000000 3.599218e-09
5540.000000 3.629357e-09
5545.000000 3.638779e-09
5550.000000 3.648097e-09
5555.000000 3.628237e-09
5560.000000 3.598124e-09
5565.000000 3.571164e-09
5570.000000 3.552361e-09
5575.000000 3.564614e-09
5580.000000 3.568124e-09
5585.000000 3.505890e-09
5590.000000 3.458328e-09
5595.000000 3.452034e-09
5600.000000 3.457973e-09
5605.000000 3.514660e-09
5610.000000 3.546865e-09
5615.000000 3.498659e-09
5620.000000 3.492940e-09
5625.000000 3.502024e-09
5630.000000 3.506757e-09
5635.000000 3.499102e-09
5640.000000 3.479014e-09
5645.000000 3.489989e-09
5650.000000 3.482878e-09
5655.000000 3.417001e-09
5660.000000 3.378767e-09
5665.000000 3.399301e-09
5670.000000 3.444360e-09
5675.000000 3.469641e-09
5680.000000 3.432275e-09
5685.000000 3.388617e-09
5690.000000 3.401678e-09
5695.000000 3.420785e-09
5700.000000 3.403309e-09
5705.000000 3.363099e-09
5710.000000 3.346479e-09
5715.000000 3.380207e-09
5720.000000 3.417926e-09
5725.000000 3.436547e-09
5730.000000 3.434987e-09
5735.000000 3.424831e-09
5740.000000 3.408526e-09
5745.000000 3.386179e-09
5750.000000 3.372966e-09
5755.000000 3.356890e-09
5760.000000 3.347739e-09
5765.000000 3.356254e-09
5770.000000 3.371962e-09
5775.000000 3.364234e-09
5780.000000 3.333891e-09
5785.000000 3.314898e-09
5790.000000 3.325396e-09
5795.000000 3.337555e-09
5800.000000 3.347145e-09
5805.000000 3.341650e-09
5810.000000 3.343061e-09
5815.000000 3.350561e-09
5820.000000 3.371955e-09
5825.000000 3.390124e-09
5830.000000 3.380998e-09
5835.000000 3.374726e-09
5840.000000 3.377628e-09
5845.000000 3.360289e-09
5850.000000 3.307886e-09
5855.000000 3.263615e-09
5860.000000 3.278453e-09
5865.000000 3.315765e-09
5870.000000 3.331482e-09
5875.000000 3.315396e-09
5880.000000 3.278939e-09
5885.000000 3.183685e-09
5890.000000 3.064724e-09
5895.000000 3.072006e-09
5900.000000 3.178819e-09
5905.000000 3.242799e-09
5910.000000 3.234247e-09
5915.000000 3.221072e-09
5920.000000 3.219669e-09
5925.000000 3.217359e-09
5930.000000 3.207718e-09
5935.000000 3.207799e-09
5940.000000 3.189276e-09
5945.000000 3.166173e-09
5950.000000 3.155988e-09
5955.000000 3.164823e-09
5960.000000 3.181819e-09
5965.000000 3.182197e-09
5970.000000 3.167700e-09
5975.000000 3.147122e-09
5980.000000 3.130079e-09
5985.000000 3.111705e-09
5990.000000 3.118013e-09
5995.000000 3.129847e-09
6000.000000 3.122306e-09
6005.000000 3.095652e-09
6010.000000 3.090145e-09
6015.000000 3.075454e-09
6020.000000 3.061413e-09
6025.000000 3.071650e-09
6030.000000 3.081883e-09
6035.000000 3.091881e-09
6040.000000 3.072228e-09
6045.000000 3.094669e-09
6050.000000 3.097464e-09
6055.000000 3.084603e-09
6060.000000 3.083765e-09
6065.000000 3.077416e-09
6070.000000 3.079178e-09
6075.000000 3.059069e-09
6080.000000 3.046048e-09
6085.000000 3.033059e-09
6090.000000 3.031141e-09
6095.000000 3.031617e-09
6100.000000 3.017730e-09
6105.000000 3.013565e-09
6110.000000 3.040167e-09
6115.000000 3.043862e-09
6120.000000 3.014511e-09
6125.000000 2.997663e-09
6130.000000 2.995744e-09
6135.000000 2.949249e-09
6140.000000 2.922194e-09
6145.000000 2.945569e-09
6150.000000 2.955130e-09
6155.000000 2.938648e-09
6160.000000 2.911866e-09
6165.000000 2.912012e-09
6170.000000 2.925715e-09
6175.000000 2.955288e-09
6180.000000 2.974796e-09
6185.000000 2.977966e-09
6190.000000 2.966228e-09
6195.000000 2.963194e-09
6200.000000 2.975248e-09
6205.000000 2.991266e-09
6210.000000 2.966974e-09
6215.000000 2.933423e-09
6220.000000 2.930741e-09
6225.000000 2.937021e-09
6230.000000 2.909672e-09
6235.000000 2.883246e-09
6240.000000 2.867115e-09
6245.000000 2.849538e-09
6250.000000 2.848783e-09
6255.000000 2.872897e-09
6260.000000 2.884385e-09
6265.000000 2.883207e-09
6270.000000 2.875053e-09
6275.000000 2.825955e-09
6280.000000 2.773611e-09
6285.000000 2.825015e-09
6290.000000 2.841989e-09
6295.000000 2.819868e-09
6300.000000 2.795551e-09
6305.000000 2.808691e-09
6310.000000 2.827818e-09
6315.000000 2.808454e-09
6320.000000 2.812212e-09
6325.000000 2.838344e-09
6330.000000 2.835242e-09
6335.000000 2.807958e-09
6340.000000 2.803901e-09
6345.000000 2.793601e-09
6350.000000 2.796395e-09
6355.000000 2.809963e-09
6360.000000 2.789531e-09
6365.000000 2.779882e-09
6370.000000 2.779210e-09
6375.000000 2.794141e-09
6380.000000 2.796786e-09
6385.000000 2.790574e-09
6390.000000 2.777825e-09
6395.000000 2.765942e-09
6400.000000 2.755349e-09
6405.000000 2.750555e-09
6410.000000 2.738367e-09
6415.000000 2.729646e-09
6420.000000 2.735816e-09
6425.000000 2.758997e-09
6430.000000 2.743123e-09
6435.000000 2.731978e-09
6440.000000 2.731414e-09
6445.000000 2.735975e-09
6450.000000 2.709242e-09
6455.000000 2.676443e-09
6460.000000 2.673991e-09
6465.000000 2.691129e-09
6470.000000 2.696616e-09
6475.000000 2.687669e-09
6480.000000 2.679133e-09
6485.000000 2.664556e-09
6490.000000 2.624309e-09
6495.000000 2.584966e-09
6500.000000 2.643213e-09
6505.000000 2.700978e-09
6510.000000 2.706211e-09
6515.000000 2.678801e-09
6520.000000 2.676335e-09
6525.000000 2.681857e-09
6530.000000 2.662869e-09
6535.000000 2.638619e-09
6540.000000 2.596135e-09
6545.000000 2.527660e-09
6550.000000 2.421277e-09
6555.000000 2.226893e-09
6560.000000 1.937113e-09
6565.000000 1.921380e-09
6570.000000 2.214350e-09
6575.000000 2.415965e-09
6580.000000 2.517045e-09
6585.000000 2.549290e-09
6590.000000 2.566677e-09
6595.000000 2.588131e-09
6600.000000 2.609647e-09
6605.000000 2.619507e-09
6610.000000 2.629703e-09
6615.000000 2.634897e-09
6620.000000 2.635715e-09
6625.000000 2.619243e-09
6630.000000 2.586935e-09
6635.000000 2.575842e-09
6640.000000 2.580256e-09
6645.000000 2.585691e-09
6650.000000 2.585142e-09
6655.000000 2.580042e-09
6660.000000 2.566540e-09
6665.000000 2.554165e-09
6670.000000 2.557153e-09
6675.000000 2.544710e-09
6680.000000 2.548477e-09
6685.000000 2.554600e-09
6690.000000 2.555742e-09
6695.000000 2.554173e-09
6700.000000 2.545999e-09
6705.000000 2.529498e-09
6710.000000 2.515048e-09
6715.000000 2.494912e-09
6720.000000 2.489569e-09
6725.000000 2.504626e-09
6730.000000 2.512319e-09
6735.000000 2.502226e-09
6740.000000 2.496587e-09
6745.000000 2.479259e-09
6750.000000 2.468097e-09
6755.000000 2.462237e-09
6760.000000 2.472965e-09
6765.000000 2.484552e-09
6770.000000 2.477400e-09
6775.000000 2.477125e-09
6780.000000 2.472545e-09
6785.000000 2.463419e-09
6790.000000 2.458714e-09
6795.000000 2.458708e-09
6800.000000 2.451386e-09
6805.000000 2.443798e-09
6810.000000 2.449799e-09
6815.000000 2.447893e-09
6820.000000 2.435712e-09
6825.000000 2.430402e-09
6830.000000 2.426701e-09
6835.000000 2.423099e-09
6840.000000 2.416850e-09
6845.000000 2.413259e-09
6850.000000 2.409996e-09
6855.000000 2.406710e-09
6860.000000 2.403578e-09
6865.000000 2.400163e-09
6870.000000 2.396606e-09
6875.000000 2.393377e-09
6880.000000 2.390218e-09
6885.000000 2.387002e-09
6890.000000 2.383762e-09
6895.000000 2.380474e-09
6900.000000 2.377251e-09
6905.000000 2.374044e-09
6910.000000 2.370852e-09
6915.000000 2.367942e-09
6920.000000 2.365370e-09
6925.000000 2.362737e-09
6930.000000 2.360125e-09
6935.000000 2.357642e-09
6940.000000 2.355447e-09
6945.000000 2.353472e-09
6950.000000 2.350893e-09
6955.000000 2.348172e-09
6960.000000 2.345517e-09
6965.000000 2.342979e-09
6970.000000 2.341433e-09
6975.000000 2.339488e-09
6980.000000 2.322835e-09
6985.000000 2.318870e-09
6990.000000 2.310548e-09
6995.000000 2.306039e-09
7000.000000 2.292247e-09
7005.000000 2.278784e-09
7010.000000 2.287941e-09
7015.000000 2.285691e-09
7020.000000 2.280827e-09
7025.000000 2.278150e-09
7030.000000 2.287508e-09
7035.000000 2.291250e-09
7040.000000 2.296956e-09
7045.000000 2.307029e-09
7050.000000 2.297987e-09
7055.000000 2.290550e-09
7060.000000 2.291248e-09
7065.000000 2.276911e-09
7070.000000 2.276271e-09
7075.000000 2.285854e-09
7080.000000 2.277180e-09
7085.000000 2.267152e-09
7090.000000 2.259285e-09
7095.000000 2.258747e-09
7100.000000 2.260067e-09
7105.000000 2.257609e-09
7110.000000 2.246326e-09
7115.000000 2.228061e-09
7120.000000 2.237899e-09
7125.000000 2.256283e-09
7130.000000 2.266031e-09
7135.000000 2.277793e-09
7140.000000 2.270340e-09
7145.000000 2.249438e-09
7150.000000 2.241878e-09
7155.000000 2.255097e-09
7160.000000 2.242681e-09
7165.000000 2.208837e-09
7170.000000 2.182134e-09
7175.000000 2.165874e-09
7180.000000 2.149456e-09
7185.000000 2.102902e-09
7190.000000 2.099398e-09
7195.000000 2.118447e-09
7200.000000 2.119527e-09
7205.000000 2.127808e-09
7210.000000 2.172609e-09
7215.000000 2.203136e-09
7220.000000 2.209772e-09
7225.000000 2.199912e-09
7230.000000 2.175116e-09
7235.000000 2.143788e-09
7240.000000 2.147716e-09
7245.000000 2.146097e-09
7250.000000 2.147601e-09
7255.000000 2.142647e-09
7260.000000 2.153182e-09
7265.000000 2.138683e-09
7270.000000 2.135057e-09
7275.000000 2.113456e-09
7280.000000 2.118067e-09
7285.000000 2.116592e-09
7290.000000 2.095060e-09
7295.000000 2.112852e-09
7300.000000 2.109948e-09
7305.000000 2.090728e-09
7310.000000 2.091003e-09
7315.000000 2.104255e-09
7320.000000 2.106513e-09
7325.000000 2.112165e-09
7330.000000 2.109517e-09
7335.000000 2.111476e-09
7340.000000 2.121273e-09
7345.000000 2.105589e-09
7350.000000 2.087479e-09
7355.000000 2.074773e-09
7360.000000 2.078568e-09
7365.000000 2.077228e-09
7370.000000 2.080589e-09
7375.000000 2.081824e-09
7380.000000 2.071325e-09
7385.000000 2.042731e-09
7390.000000 2.032233e-09
7395.000000 2.043147e-09
7400.000000 2.048335e-09
7405.000000 2.051422e-09
7410.000000 2.024172e-09
7415.000000 2.015192e-09
7420.000000 2.015108e-09
7425.000000 2.025384e-09
7430.000000 2.044260e-09
7435.000000 2.047192e-09
7440.000000 2.035073e-09
7445.000000 2.016730e-09
7450.000000 2.020134e-09
7455.000000 2.026255e-09
7460.000000 2.017322e-09
7465.000000 2.013230e-09
7470.000000 2.022673e-09
7475.000000 2.018981e-09
7480.000000 2.011542e-09
7485.000000 2.005967e-09
7490.000000 1.994664e-09
7495.000000 1.982158e-09
7500.000000 1.987150e-09
7505.000000 1.980486e-09
7510.000000 1.968782e-09
7515.000000 1.967403e-09
7520.000000 1.977912e-09
7525.000000 1.974092e-09
7530.000000 1.968227e-09
7535.000000 1.972610e-09
7540.000000 1.973179e-09
7545.000000 1.968192e-09
7550.000000 1.960576e-09
7555.000000 1.957193e-09
7560.000000 1.954156e-09
7565.000000 1.951296e-09
7570.000000 1.948340e-09
7575.000000 1.945130e-09
7580.000000 1.942000e-09
7585.000000 1.939158e-09
7590.000000 1.936233e-09
7595.000000 1.933286e-09
7600.000000 1.930584e-09
7605.000000 1.927895e-09
7610.000000 1.925071e-09
7615.000000 1.922161e-09
7620.000000 1.919245e-09
7625.000000 1.916326e-09
7630.000000 1.913410e-09
7635.000000 1.910500e-09
7640.000000 1.907587e-09
7645.000000 1.904683e-09
7650.000000 1.901783e-09
7655.000000 1.898887e-09
7660.000000 1.895994e-09
7665.000000 1.893120e-09
7670.000000 1.890363e-09
7675.000000 1.887756e-09
7680.000000 1.885349e-09
7685.000000 1.883274e-09
7690.000000 1.881260e-09
7695.000000 1.879161e-09
7700.000000 1.877071e-09
7705.000000 1.874952e-09
7710.000000 1.874046e-09
7715.000000 1.874446e-09
7720.000000 1.873915e-09
7725.000000 1.871753e-09
7730.000000 1.866243e-09
7735.000000 1.862621e-09
7740.000000 1.853205e-09
7745.000000 1.840379e-09
7750.000000 1.841392e-09
7755.000000 1.844239e-09
7760.000000 1.842740e-09
7765.000000 1.836669e-09
7770.000000 1.786929e-09
7775.000000 1.744669e-09
7780.000000 1.785029e-09
7785.000000 1.824954e-09
7790.000000 1.832464e-09
7795.000000 1.827424e-09
7800.000000 1.823384e-09
7805.000000 1.818568e-09
7810.000000 1.817924e-09
7815.000000 1.822142e-09
7820.000000 1.828586e-09
7825.000000 1.822250e-09
7830.000000 1.800948e-09
7835.000000 1.790305e-09
7840.000000 1.796432e-09
7845.000000 1.798452e-09
7850.000000 1.794334e-09
7855.000000 1.793874e-09
7860.000000 1.782635e-09
7865.000000 1.786557e-09
7870.000000 1.788760e-09
7875.000000 1.779163e-09
7880.000000 1.768559e-09
7885.000000 1.777865e-09
7890.000000 1.782645e-09
7895.000000 1.762733e-09
7900.000000 1.755762e-09
7905.000000 1.762250e-09
7910.000000 1.775928e-09
7915.000000 1.763707e-09
7920.000000 1.744079e-09
7925.000000 1.738804e-09
7930.000000 1.730353e-09
7935.000000 1.727963e-09
7940.000000 1.729315e-09
7945.000000 1.719542e-09
7950.000000 1.727223e-09
7955.000000 1.741509e-09
7960.000000 1.751846e-09
7965.000000 1.741940e-09
7970.000000 1.739704e-09
7975.000000 1.741554e-09
7980.000000 1.745170e-09
7985.000000 1.737417e-09
7990.000000 1.726699e-09
7995.000000 1.723697e-09
8000.000000 1.708788e-09
8005.000000 1.704620e-09
8010.000000 1.706662e-09
8015.000000 1.717042e-09
8020.000000 1.705661e-09
8025.000000 1.703248e-09
8030.000000 1.699462e-09
8035.000000 1.692279e-09
8040.000000 1.691555e-09
8045.000000 1.680022e-09
8050.000000 1.683189e-09
8055.000000 1.690894e-09
8060.000000 1.694953e-09
8065.000000 1.696326e-09
8070.000000 1.693342e-09
8075.000000 1.684761e-09
8080.000000 1.685681e-09
8085.000000 1.679265e-09
8090.000000 1.676481e-09
8095.000000 1.668735e-09
8100.000000 1.674747e-09
8105.000000 1.678918e-09
8110.000000 1.680579e-09
8115.000000 1.676481e-09
8120.000000 1.674063e-09
8125.000000 1.674656e-09
8130.000000 1.663718e-09
8135.000000 1.653316e-09
8140.000000 1.651985e-09
8145.000000 1.641002e-09
8150.000000 1.630555e-09
8155.000000 1.622092e-09
8160.000000 1.605929e-09
8165.000000 1.598000e-09
8170.000000 1.615813e-09
8175.000000 1.616963e-09
8180.000000 1.602684e-09
8185.000000 1.613070e-09
8190.000000 1.622003e-09
8195.000000 1.607730e-09
8200.000000 1.608990e-09
8205.000000 1.639937e-09
8210.000000 1.647109e-09
8215.000000 1.630299e-09
8220.000000 1.603417e-09
8225.000000 1.571179e-09
8230.000000 1.539187e-09
8235.000000 1.579891e-09
8240.000000 1.617723e-09
8245.000000 1.618419e-09
8250.000000 1.617266e-09
8255.000000 1.606289e-09
8260.000000 1.609748e-09
8265.000000 1.610324e-09
8270.000000 1.598395e-09
8275.000000 1.588321e-09
8280.000000 1.585591e-09
8285.000000 1.586465e-09
8290.000000 1.579613e-09
8295.000000 1.580359e-09
8300.000000 1.584217e-09
8305.000000 1.579057e-09
8310.000000 1.579527e-09
8315.000000 1.570665e-09
8320.000000 1.557609e-09
8325.000000 1.551836e-09
8330.000000 1.548484e-09
8335.000000 1.540694e-09
8340.000000 1.549641e-09
8345.000000 1.560585e-09
8350.000000 1.568245e-09
8355.000000 1.565850e-09
8360.000000 1.558533e-09
8365.000000 1.556414e-09
8370.000000 1.556844e-09
8375.000000 1.552724e-09
8380.000000 1.546230e-09
8385.000000 1.540501e-09
8390.000000 1.541109e-09
8395.000000 1.545786e-09
8400.000000 1.549102e-09
8405.000000 1.545070e-09
8410.000000 1.533027e-09
8415.000000 1.528752e-09
8420.000000 1.532582e-09
8425.000000 1.548165e-09
8430.000000 1.534975e-09
8435.000000 1.516461e-09
8440.000000 1.496368e-09
8445.000000 1.481931e-09
8450.000000 1.486471e-09
8455.000000 1.504690e-09
8460.000000 1.510702e-09
8465.000000 1.499049e-09
8470.000000 1.484538e-09
8475.000000 1.493459e-09
8480.000000 1.513453e-09
8485.000000 1.505167e-09
8490.000000 1.489728e-09
8495.000000 1.421836e-09
8500.000000 1.367530e-09
8505.000000 1.406755e-09
8510.000000 1.451811e-09
8515.000000 1.461890e-09
8520.000000 1.468680e-09
8525.000000 1.467914e-09
8530.000000 1.456520e-09
8535.000000 1.396436e-09
8540.000000 1.260171e-09
8545.000000 1.231091e-09
8550.000000 1.345541e-09
8555.000000 1.414669e-09
8560.000000 1.433639e-09
8565.000000 1.460714e-09
8570.000000 1.459313e-09
8575.000000 1.457213e-09
8580.000000 1.453508e-09
8585.000000 1.429695e-09
8590.000000 1.407865e-09
8595.000000 1.379677e-09
8600.000000 1.370576e-09
8605.000000 1.396291e-09
8610.000000 1.420938e-09
8615.000000 1.437039e-09
8620.000000 1.453574e-09
8625.000000 1.452166e-09
8630.000000 1.452486e-09
8635.000000 1.456508e-09
8640.000000 1.455289e-09
8645.000000 1.436454e-09
8650.000000 1.409524e-09
8655.000000 1.351304e-09
8660.000000 1.242580e-09
8665.000000 1.195593e-09
8670.000000 1.277095e-09
8675.000000 1.347457e-09
8680.000000 1.376704e-09
8685.000000 1.393327e-09
8690.000000 1.408344e-09
8695.000000 1.426901e-09
8700.000000 1.446975e-09
8705.000000 1.461345e-09
8710.000000 1.458128e-09
8715.000000 1.452361e-09
8720.000000 1.458121e-09
8725.000000 1.441212e-09
8730.000000 1.420898e-09
8735.000000 1.401513e-09
8740.000000 1.366000e-09
8745.000000 1.326969e-09
8750.000000 1.283903e-09
8755.000000 1.296824e-09
8760.000000 1.348634e-09
8765.000000 1.390825e-09
8770.000000 1.407282e-09
8775.000000 1.409853e-09
8780.000000 1.412811e-09
8785.000000 1.409391e-09
8790.000000 1.400215e-09
8795.000000 1.395066e-09
8800.000000 1.404158e-09
8805.000000 1.398364e-09
8810.000000 1.402472e-09
8815.000000 1.416377e-09
8820.000000 1.410023e-09
8825.000000 1.400193e-09
8830.000000 1.397192e-09
8835.000000 1.378439e-09
8840.000000 1.352751e-09
8845.000000 1.332346e-09
8850.000000 1.318681e-09
8855.000000 1.278005e-09
8860.000000 1.222510e-09
8865.000000 1.206494e-09
8870.000000 1.254388e-09
8875.000000 1.290732e-09
8880.000000 1.319166e-09
8885.000000 1.344012e-09
8890.000000 1.342782e-09
8895.000000 1.360181e-09
8900.000000 1.373373e-09
8905.000000 1.378919e-09
8910.000000 1.365909e-09
8915.000000 1.366578e-09
8920.000000 1.373131e-09
8925.000000 1.356826e-09
8930.000000 1.356561e-09
8935.000000 1.377153e-09
8940.000000 1.383001e-09
8945.000000 1.380289e-09
8950.000000 1.357782e-09
8955.000000 1.345166e-09
8960.000000 1.352463e-09
8965.000000 1.327069e-09
8970.000000 1.304642e-09
8975.000000 1.316071e-09
8980.000000 1.314591e-09
8985.000000 1.271252e-09
8990.000000 1.215225e-09
8995.000000 1.239663e-09
9000.000000 1.248843e-09
9005.000000 1.179659e-09
9010.000000 1.130196e-09
9015.000000 1.093593e-09
9020.000000 1.128556e-09
9025.000000 1.188141e-09
9030.000000 1.283524e-09
9035.000000 1.341367e-09
9040.000000 1.368503e-09
9045.000000 1.402038e-09
9050.000000 1.412577e-09
9055.000000 1.366677e-09
9060.000000 1.318036e-09
9065.000000 1.292318e-09
9070.000000 1.291641e-09
9075.000000 1.267799e-09
9080.000000 1.249626e-09
9085.000000 1.253246e-09
9090.000000 1.235193e-09
9095.000000 1.239119e-09
9100.000000 1.253014e-09
9105.000000 1.285956e-09
9110.000000 1.290232e-09
9115.000000 1.303617e-09
9120.000000 1.290028e-09
9125.000000 1.292832e-09
9130.000000 1.268330e-09
9135.000000 1.255645e-09
9140.000000 1.291268e-09
9145.000000 1.310989e-09
9150.000000 1.271567e-09
9155.000000 1.240516e-09
9160.000000 1.258896e-09
9165.000000 1.286168e-09
9170.000000 1.280025e-09
9175.000000 1.247620e-09
9180.000000 1.264117e-09
9185.000000 1.281673e-09
9190.000000 1.311951e-09
9195.000000 1.296549e-09
9200.000000 1.316093e-09
9205.000000 1.292036e-09
9210.000000 1.231299e-09
9215.000000 1.182019e-09
9220.000000 1.147537e-09
9225.000000 1.100362e-09
9230.000000 1.059079e-09
9235.000000 1.091662e-09
9240.000000 1.162829e-09
9245.000000 1.209166e-09
9250.000000 1.245959e-09
9255.000000 1.256679e-09
9260.000000 1.288181e-09
9265.000000 1.304217e-09
9270.000000 1.344300e-09
9275.000000 1.358939e-09
9280.000000 1.382833e-09
9285.000000 1.346217e-09
9290.000000 1.337431e-09
9295.000000 1.300891e-09
9300.000000 1.260072e-09
9305.000000 1.236244e-09
9310.000000 1.207313e-09
9315.000000 1.180421e-09
9320.000000 1.167692e-09
9325.000000 1.176801e-09
9330.000000 1.192381e-09
9335.000000 1.169620e-09
9340.000000 1.151606e-09
9345.000000 1.120637e-09
9350.000000 1.169072e-09
9355.000000 1.100931e-09
9360.000000 1.122139e-09
9365.000000 1.171132e-09
9370.000000 1.141080e-09
9375.000000 1.168274e-09
9380.000000 1.178109e-09
9385.000000 1.252849e-09
9390.000000 1.342976e-09
9395.000000 1.391053e-09
9400.000000 1.336151e-09
9405.000000 1.296424e-09
9410.000000 1.278134e-09
9415.000000 1.250105e-09
9420.000000 1.202160e-09
9425.000000 1.163962e-09
9430.000000 1.146432e-09
9435.000000 1.176168e-09
9440.000000 1.099375e-09
9445.000000 1.114538e-09
9450.000000 1.191883e-09
9455.000000 1.157889e-09
9460.000000 1.132442e-09
9465.000000 1.170126e-09
9470.000000 1.196998e-09
9475.000000 1.184123e-09
9480.000000 1.171555e-09
9485.000000 1.184861e-09
9490.000000 1.178697e-09
9495.000000 1.165361e-09
9500.000000 1.129201e-09
9505.000000 1.182400e-09
9510.000000 1.249236e-09
9515.000000 1.216484e-09
9520.000000 1.146938e-09
9525.000000 1.110991e-09
9530.000000 1.111309e-09
9535.000000 1.116826e-09
9540.000000 1.046334e-09
9545.000000 9.650502e-10
9550.000000 9.924774e-10
9555.000000 9.974257e-10
9560.000000 1.061968e-09
9565.000000 1.067955e-09
9570.000000 1.104430e-09
9575.000000 1.157202e-09
9580.000000 1.163499e-09
9585.000000 1.141062e-09
9590.000000 1.087246e-09
9595.000000 1.100126e-09
9600.000000 1.139566e-09
9605.000000 1.140010e-09
9610.000000 1.143744e-09
9615.000000 1.120365e-09
9620.000000 1.136007e-09
9625.000000 1.132491e-09
9630.000000 1.108775e-09
9635.000000 1.106715e-09
9640.000000 1.104067e-09
9645.000000 1.076022e-09
9650.000000 1.078302e-09
9655.000000 1.089883e-09
9660.000000 1.079093e-09
9665.000000 1.075744e-09
9670.000000 1.144201e-09
9675.000000 1.121732e-09
9680.000000 1.111132e-09
9685.000000 1.129596e-09
9690.000000 1.138515e-09
9695.000000 1.145922e-09
9700.000000 1.115572e-09
9705.000000 1.112119e-09
9710.000000 1.117665e-09
9715.000000 1.106928e-09
9720.000000 1.108889e-09
9725.000000 1.095629e-09
9730.000000 1.084037e-09
9735.000000 1.075795e-09
9740.000000 1.072458e-09
9745.000000 1.076227e-09
9750.000000 1.074507e-09
9755.000000 1.063060e-09
9760.000000 1.064378e-09
9765.000000 1.067814e-09
9770.000000 1.080027e-09
9775.000000 1.078543e-09
9780.000000 1.069903e-09
9785.000000 1.065473e-09
9790.000000 1.056811e-09
9795.000000 1.046837e-09
9800.000000 1.051958e-09
9805.000000 1.061786e-09
9810.000000 1.076127e-09
9815.000000 1.078927e-09
9820.000000 1.078661e-09
9825.000000 1.076040e-09
9830.000000 1.069841e-09
9835.000000 1.065236e-09
9840.000000 1.057403e-09
9845.000000 1.050000e-09
9850.000000 1.047743e-09
9855.000000 1.051186e-09
9860.000000 1.050326e-09
9865.000000 1.052933e-09
9870.000000 1.044012e-09
9875.000000 1.051200e-09
9880.000000 1.051487e-09
9885.000000 1.045306e-09
9890.000000 1.045239e-09
9895.000000 1.036678e-09
9900.000000 1.033579e-09
9905.000000 1.038081e-09
9910.000000 1.040268e-09
9915.000000 1.039318e-09
9920.000000 1.038068e-09
9925.000000 1.036052e-09
9930.000000 1.035363e-09
9935.000000 1.030971e-09
9940.000000 1.036392e-09
9945.000000 1.037708e-09
9950.000000 1.036498e-09
9955.000000 1.036794e-09
9960.000000 1.028446e-09
9965.000000 1.028078e-09
9970.000000 1.033136e-09
9975.000000 1.028066e-09
9980.000000 1.022038e-09
9985.000000 1.024733e-09
9990.000000 1.038031e-09
9995.000000 1.036587e-09
10000.000000 1.031360e-09
10005.000000 1.030917e-09
10010.000000 1.034648e-09
10015.000000 1.023374e-09
10020.000000 1.009789e-09
10025.000000 9.963789e-10
10030.000000 9.759838e-10
10035.000000 9.548242e-10
10040.000000 9.440183e-10
10045.000000 9.115494e-10
10050.000000 8.978567e-10
10055.000000 9.044460e-10
10060.000000 9.354204e-10
10065.000000 9.346063e-10
10070.000000 9.417915e-10
10075.000000 9.589152e-10
10080.000000 9.753839e-10
10085.000000 9.774832e-10
10090.000000 9.786161e-10
10095.000000 9.614918e-10
10100.000000 9.586315e-10
10105.000000 9.555254e-10
10110.000000 9.501276e-10
10115.000000 9.460043e-10
10120.000000 9.468678e-10
10125.000000 9.548222e-10
10130.000000 9.677730e-10
10135.000000 9.820214e-10
10140.000000 9.937913e-10
10145.000000 1.000208e-09
10150.000000 1.000747e-09
10155.000000 9.957773e-10
10160.000000 9.858027e-10
10165.000000 9.717909e-10
10170.000000 9.559051e-10
10175.000000 9.407627e-10
10180.000000 9.289550e-10
10185.000000 9.222860e-10
10190.000000 9.205246e-10
10195.000000 9.226575e-10
10200.000000 9.275824e-10
10205.000000 9.340868e-10
10210.000000 9.406911e-10
10215.000000 9.458048e-10
10220.000000 9.478941e-10
10225.000000 9.461070e-10
10230.000000 9.413639e-10
10235.000000 9.352611e-10
10240.000000 9.294496e-10
10245.000000 9.253810e-10
10250.000000 9.240304e-10
10255.000000 9.261688e-10
10260.000000 9.324513e-10
10265.000000 9.424423e-10
10270.000000 9.528951e-10
10275.000000 9.594727e-10
10280.000000 9.579685e-10
10285.000000 9.465001e-10
10290.000000 9.292112e-10
10295.000000 9.125712e-10
10300.000000 9.030190e-10
10305.000000 9.043408e-10
10310.000000 9.134469e-10
10315.000000 9.245941e-10
10320.000000 9.319997e-10
10325.000000 9.320010e-10
10330.000000 9.264761e-10
10335.000000 9.194301e-10
10340.000000 9.149030e-10
10345.000000 9.151789e-10
10350.000000 9.179608e-10
10355.000000 9.191979e-10
10360.000000 9.148692e-10
10365.000000 9.031697e-10
10370.000000 8.880275e-10
10375.000000 8.755578e-10
10380.000000 8.718321e-10
10385.000000 8.801402e-10
10390.000000 8.965510e-10
10395.000000 9.143687e-10
10400.000000 9.268455e-10
10405.000000 9.296038e-10
10410.000000 9.244048e-10
10415.000000 9.153719e-10
10420.000000 9.067395e-10
10425.000000 9.014210e-10
10430.000000 8.989292e-10
10435.000000 8.974728e-10
10440.000000 8.951956e-10
10445.000000 8.910593e-10
10450.000000 8.861014e-10
10455.000000 8.821565e-10
10460.000000 8.810471e-10
10465.000000 8.835709e-10
10470.000000 8.879038e-10
10475.000000 8.911946e-10
10480.000000 8.906507e-10
10485.000000 8.849789e-10
10490.000000 8.768051e-10
10495.000000 8.702636e-10
10500.000000 8.694124e-10
10505.000000 8.761398e-10
10510.000000 8.866824e-10
10515.000000 8.950995e-10
10520.000000 8.955183e-10
10525.000000 8.849208e-10
10530.000000 8.677011e-10
10535.000000 8.511022e-10
10540.000000 8.423488e-10
10545.000000 8.455221e-10
10550.000000 8.565686e-10
10555.000000 8.682944e-10
10560.000000 8.734887e-10
10565.000000 8.677997e-10
10570.000000 8.543348e-10
10575.000000 8.390634e-10
10580.000000 8.280322e-10
10585.000000 8.251518e-10
10590.000000 8.287858e-10
10595.000000 8.351663e-10
10600.000000 8.404184e-10
10605.000000 8.417711e-10
10610.000000 8.393217e-10
10615.000000 8.342612e-10
10620.000000 6.216915e-10
