1150.000000 9.128921e-12
1155.000000 8.423569e-12
1160.000000 5.014728e-12
1165.000000 3.286229e-12
1170.000000 2.459337e-12
1175.000000 1.518423e-12
1180.000000 1.220306e-12
1185.000000 6.786307e-13
1190.000000 1.228491e-13
1195.000000 4.521888e-13
1200.000000 2.025363e-12
1205.000000 5.971232e-12
1210.000000 1.694479e-11
1215.000000 2.394063e-11
1220.000000 1.462886e-11
1225.000000 4.245956e-12
1230.000000 1.061228e-12
1235.000000 7.112948e-13
1240.000000 7.510293e-13
1245.000000 7.675920e-13
1250.000000 6.322798e-13
1255.000000 5.246601e-13
1260.000000 5.341066e-13
1265.000000 4.042040e-13
1270.000000 3.476565e-13
1275.000000 6.133043e-13
1280.000000 8.087990e-13
1285.000000 8.509775e-13
1290.000000 6.994650e-13
1295.000000 6.835367e-13
1300.000000 1.000945e-12
1305.000000 1.072241e-12
1310.000000 8.112114e-13
1315.000000 7.658273e-13
1320.000000 7.144192e-13
1325.000000 7.222643e-13
1330.000000 9.946765e-13
1335.000000 1.189487e-12
1340.000000 8.489347e-13
1345.000000 6.449584e-13
1350.000000 6.148154e-13
1355.000000 5.607102e-13
1360.000000 5.513427e-13
1365.000000 6.568347e-13
1370.000000 6.594074e-13
1375.000000 5.670549e-13
1380.000000 6.505462e-13
1385.000000 7.289467e-13
1390.000000 7.947913e-13
1395.000000 9.069917e-13
1400.000000 8.820842e-13
1405.000000 7.878633e-13
1410.000000 7.456106e-13
1415.000000 8.488364e-13
1420.000000 8.248842e-13
1425.000000 8.484126e-13
1430.000000 9.529710e-13
1435.000000 9.307499e-13
1440.000000 8.099795e-13
1445.000000 8.425503e-13
1450.000000 9.363245e-13
1455.000000 1.004758e-12
1460.000000 9.687359e-13
1465.000000 1.116701e-12
1470.000000 1.274408e-12
1475.000000 1.319389e-12
1480.000000 1.300488e-12
1485.000000 1.370352e-12
1490.000000 1.353225e-12
1495.000000 1.443885e-12
1500.000000 1.484763e-12
1505.000000 1.312948e-12
1510.000000 1.237413e-12
1515.000000 1.433622e-12
1520.000000 1.642314e-12
1525.000000 1.848751e-12
1530.000000 1.960763e-12
1535.000000 1.711399e-12
1540.000000 1.683762e-12
1545.000000 2.037345e-12
1550.000000 2.375193e-12
1555.000000 2.261272e-12
1560.000000 1.911006e-12
1565.000000 1.727323e-12
1570.000000 1.846464e-12
1575.000000 1.952260e-12
1580.000000 1.829093e-12
1585.000000 1.698397e-12
1590.000000 1.606945e-12
1595.000000 1.605207e-12
1600.000000 1.671975e-12
1605.000000 1.814028e-12
1610.000000 2.019577e-12
1615.000000 2.115838e-12
1620.000000 1.923352e-12
1625.000000 2.019623e-12
1630.000000 2.341959e-12
1635.000000 2.510286e-12
1640.000000 2.327244e-12
1645.000000 2.423914e-12
1650.000000 2.645280e-12
1655.000000 2.870163e-12
1660.000000 2.943452e-12
1665.000000 2.746349e-12
1670.000000 2.590596e-12
1675.000000 2.829634e-12
1680.000000 2.930834e-12
1685.000000 2.791623e-12
1690.000000 3.072308e-12
1695.000000 3.581209e-12
1700.000000 3.883050e-12
1705.000000 3.988388e-12
1710.000000 3.968172e-12
1715.000000 4.213082e-12
1720.000000 4.494766e-12
1725.000000 4.658292e-12
1730.000000 4.692044e-12
1735.000000 4.743077e-12
1740.000000 5.033128e-12
1745.000000 5.595365e-12
1750.000000 6.224138e-12
1755.000000 6.705478e-12
1760.000000 7.135914e-12
1765.000000 7.534480e-12
1770.000000 8.186458e-12
1775.000000 8.975266e-12
1780.000000 9.370338e-12
1785.000000 8.339898e-12
1790.000000 6.994186e-12
1795.000000 8.550849e-12
1800.000000 9.678881e-12
1805.000000 1.013549e-11
1810.000000 1.109005e-11
1815.000000 1.217638e-11
1820.000000 1.309429e-11
1825.000000 1.332819e-11
1830.000000 1.302707e-11
1835.000000 1.300441e-11
1840.000000 1.230441e-11
1845.000000 1.145322e-11
1850.000000 1.158345e-11
1855.000000 1.287428e-11
1860.000000 1.389603e-11
1865.000000 1.502625e-11
1870.000000 1.658566e-11
1875.000000 1.959994e-11
1880.000000 2.325327e-11
1885.000000 2.523644e-11
1890.000000 2.753044e-11
1895.000000 2.461888e-11
1900.000000 2.219465e-11
1905.000000 2.638173e-11
1910.000000 2.954962e-11
1915.000000 3.062860e-11
1920.000000 2.944940e-11
1925.000000 2.758501e-11
1930.000000 2.411013e-11
1935.000000 2.468575e-11
1940.000000 3.144630e-11
1945.000000 3.655561e-11
1950.000000 3.543359e-11
1955.000000 2.649936e-11
1960.000000 1.847945e-11
1965.000000 2.628811e-11
1970.000000 3.495628e-11
1975.000000 2.844269e-11
1980.000000 3.633778e-11
1985.000000 3.945346e-11
1990.000000 3.322227e-11
1995.000000 4.741607e-11
2000.000000 5.035196e-11
2005.000000 4.494478e-11
2010.000000 5.379157e-11
2015.000000 6.208535e-11
2020.000000 5.714386e-11
2025.000000 6.208669e-11
2030.000000 6.406850e-11
2035.000000 4.835896e-11
2040.000000 5.652973e-11
2045.000000 6.809663e-11
2050.000000 8.045842e-11
2055.000000 6.634619e-11
2060.000000 6.125590e-11
2065.000000 8.660521e-11
2070.000000 9.831502e-11
2075.000000 9.716080e-11
2080.000000 9.657798e-11
2085.000000 9.705810e-11
2090.000000 9.623516e-11
2095.000000 1.062294e-10
2100.000000 1.310353e-10
2105.000000 1.553588e-10
2110.000000 1.591778e-10
2115.000000 1.714011e-10
2120.000000 1.901964e-10
2125.000000 1.802763e-10
2130.000000 1.582597e-10
2135.000000 1.578668e-10
2140.000000 1.663229e-10
2145.000000 1.784172e-10
2150.000000 1.838803e-10
2155.000000 1.810748e-10
2160.000000 1.652991e-10
2165.000000 1.551288e-10
2170.000000 1.345260e-10
2175.000000 1.241302e-10
2180.000000 1.434328e-10
2185.000000 1.767803e-10
2190.000000 2.159668e-10
2195.000000 2.359479e-10
2200.000000 2.302384e-10
2205.000000 2.010100e-10
2210.000000 1.645929e-10
2215.000000 1.635513e-10
2220.000000 1.784592e-10
2225.000000 1.989486e-10
2230.000000 2.095607e-10
2235.000000 2.248221e-10
2240.000000 2.185453e-10
2245.000000 2.083343e-10
2250.000000 2.080233e-10
2255.000000 1.906366e-10
2260.000000 1.670220e-10
2265.000000 1.475055e-10
2270.000000 1.541496e-10
2275.000000 1.721906e-10
2280.000000 1.906618e-10
2285.000000 1.994975e-10
2290.000000 1.937489e-10
2295.000000 1.794224e-10
2300.000000 1.957282e-10
2305.000000 2.127934e-10
2310.000000 2.059511e-10
2315.000000 1.911045e-10
2320.000000 1.964475e-10
2325.000000 2.031486e-10
2330.000000 1.681678e-10
2335.000000 1.312831e-10
2340.000000 1.164757e-10
2345.000000 1.238123e-10
2350.000000 1.408405e-10
2355.000000 1.536542e-10
2360.000000 1.496091e-10
2365.000000 1.610693e-10
2370.000000 1.685620e-10
2375.000000 1.723195e-10
2380.000000 1.496599e-10
2385.000000 1.191740e-10
2390.000000 1.158631e-10
2395.000000 1.145894e-10
2400.000000 9.996066e-11
2405.000000 9.672188e-11
2410.000000 1.205194e-10
2415.000000 1.689494e-10
2420.000000 2.209976e-10
2425.000000 2.416401e-10
2430.000000 2.270063e-10
2435.000000 2.219599e-10
2440.000000 2.230725e-10
2445.000000 2.022526e-10
2450.000000 1.849944e-10
2455.000000 1.832677e-10
2460.000000 1.771837e-10
2465.000000 1.652982e-10
2470.000000 1.693396e-10
2475.000000 1.656798e-10
2480.000000 1.586045e-10
2485.000000 1.600293e-10
2490.000000 1.693943e-10
2495.000000 2.048224e-10
2500.000000 2.184774e-10
2505.000000 2.051146e-10
2510.000000 1.766146e-10
2515.000000 1.449833e-10
2520.000000 1.325249e-10
2525.000000 1.365659e-10
2530.000000 1.620567e-10
2535.000000 1.731621e-10
2540.000000 1.714253e-10
2545.000000 1.896326e-10
2550.000000 2.200055e-10
2555.000000 2.386095e-10
2560.000000 2.683334e-10
2565.000000 3.270294e-10
2570.000000 3.397828e-10
2575.000000 3.003359e-10
2580.000000 2.997276e-10
2585.000000 3.188007e-10
2590.000000 3.115518e-10
2595.000000 2.667668e-10
2600.000000 2.337545e-10
2605.000000 2.318579e-10
2610.000000 2.375095e-10
2615.000000 2.654978e-10
2620.000000 2.714304e-10
2625.000000 2.830554e-10
2630.000000 3.728599e-10
2635.000000 5.140869e-10
2640.000000 6.088231e-10
2645.000000 6.129860e-10
2650.000000 6.224138e-10
2655.000000 6.479259e-10
2660.000000 6.072878e-10
2665.000000 5.954920e-10
2670.000000 6.062738e-10
2675.000000 6.079292e-10
2680.000000 5.953081e-10
2685.000000 5.869434e-10
2690.000000 5.791539e-10
2695.000000 6.050442e-10
2700.000000 6.511297e-10
2705.000000 6.403640e-10
2710.000000 5.859330e-10
2715.000000 5.318256e-10
2720.000000 5.128675e-10
2725.000000 5.423902e-10
2730.000000 5.469471e-10
2735.000000 4.595468e-10
2740.000000 3.614093e-10
2745.000000 3.522870e-10
2750.000000 3.922236e-10
2755.000000 4.607699e-10
2760.000000 5.282477e-10
2765.000000 5.667385e-10
2770.000000 5.624100e-10
2775.000000 5.159116e-10
2780.000000 4.404204e-10
2785.000000 3.456695e-10
2790.000000 2.552726e-10
2795.000000 2.052263e-10
2800.000000 2.181260e-10
2805.000000 2.982438e-10
2810.000000 4.422654e-10
2815.000000 6.221980e-10
2820.000000 7.107741e-10
2825.000000 7.424595e-10
2830.000000 7.728381e-10
2835.000000 7.656176e-10
2840.000000 6.900789e-10
2845.000000 5.714998e-10
2850.000000 5.034587e-10
2855.000000 6.245737e-10
2860.000000 8.006106e-10
2865.000000 8.577302e-10
2870.000000 8.400096e-10
2875.000000 7.907571e-10
2880.000000 8.025982e-10
2885.000000 8.970056e-10
2890.000000 1.030477e-09
2895.000000 1.185784e-09
2900.000000 1.289101e-09
2905.000000 1.302398e-09
2910.000000 1.304377e-09
2915.000000 1.270729e-09
2920.000000 1.164655e-09
2925.000000 1.103587e-09
2930.000000 1.143786e-09
2935.000000 1.173239e-09
2940.000000 1.174174e-09
2945.000000 1.174416e-09
2950.000000 1.205611e-09
2955.000000 1.263211e-09
2960.000000 1.239987e-09
2965.000000 1.174083e-09
2970.000000 1.181110e-09
2975.000000 1.213627e-09
2980.000000 1.092865e-09
2985.000000 1.058416e-09
2990.000000 1.124505e-09
2995.000000 1.068229e-09
3000.000000 1.001517e-09
3005.000000 1.041100e-09
3010.000000 1.099197e-09
3015.000000 1.089161e-09
3020.000000 1.141560e-09
3025.000000 1.247546e-09
3030.000000 1.275419e-09
3035.000000 1.243270e-09
3040.000000 1.238787e-09
3045.000000 1.290718e-09
3050.000000 1.296655e-09
3055.000000 1.206273e-09
3060.000000 1.157897e-09
3065.000000 1.198119e-09
3070.000000 1.258030e-09
3075.000000 1.276644e-09
3080.000000 1.310802e-09
3085.000000 1.272763e-09
3090.000000 1.172223e-09
3095.000000 1.132107e-09
3100.000000 1.226707e-09
3105.000000 1.379655e-09
3110.000000 1.450694e-09
3115.000000 1.377012e-09
3120.000000 1.350960e-09
3125.000000 1.384925e-09
3130.000000 1.420848e-09
3135.000000 1.467245e-09
3140.000000 1.432974e-09
3145.000000 1.406933e-09
3150.000000 1.428518e-09
3155.000000 1.346697e-09
3160.000000 1.453287e-09
3165.000000 1.548083e-09
3170.000000 1.636276e-09
3175.000000 1.657172e-09
3180.000000 1.634870e-09
3185.000000 1.641886e-09
3190.000000 1.651796e-09
3195.000000 1.673967e-09
3200.000000 1.776245e-09
3205.000000 1.806859e-09
3210.000000 1.798868e-09
3215.000000 1.745307e-09
3220.000000 1.652933e-09
3225.000000 1.553669e-09
3230.000000 1.514333e-09
3235.000000 1.575773e-09
3240.000000 1.678567e-09
3245.000000 1.758962e-09
3250.000000 1.840409e-09
3255.000000 1.954307e-09
3260.000000 2.062878e-09
3265.000000 2.104976e-09
3270.000000 2.035146e-09
3275.000000 1.873294e-09
3280.000000 1.787309e-09
3285.000000 1.906106e-09
3290.000000 2.111493e-09
3295.000000 2.239677e-09
3300.000000 2.257970e-09
3305.000000 2.199983e-09
3310.000000 2.134236e-09
3315.000000 2.110021e-09
3320.000000 2.097807e-09
3325.000000 2.061918e-09
3330.000000 2.028240e-09
3335.000000 2.030622e-09
3340.000000 2.059623e-09
3345.000000 2.087903e-09
3350.000000 2.086856e-09
3355.000000 2.040314e-09
3360.000000 1.965578e-09
3365.000000 1.896518e-09
3370.000000 1.875705e-09
3375.000000 1.923635e-09
3380.000000 1.995951e-09
3385.000000 2.044720e-09
3390.000000 2.076183e-09
3395.000000 2.105887e-09
3400.000000 2.119115e-09
3405.000000 2.100385e-09
3410.000000 2.064174e-09
3415.000000 2.032024e-09
3420.000000 2.011786e-09
3425.000000 1.990790e-09
3430.000000 1.920764e-09
3435.000000 1.787403e-09
3440.000000 1.696605e-09
3445.000000 1.739554e-09
3450.000000 1.849451e-09
3455.000000 1.928451e-09
3460.000000 1.957914e-09
3465.000000 1.953719e-09
3470.000000 1.938257e-09
3475.000000 1.923360e-09
3480.000000 1.891870e-09
3485.000000 1.842464e-09
3490.000000 1.841461e-09
3495.000000 1.941910e-09
3500.000000 2.093073e-09
3505.000000 2.205260e-09
3510.000000 2.206655e-09
3515.000000 2.196955e-09
3520.000000 2.112627e-09
3525.000000 2.088210e-09
3530.000000 2.206761e-09
3535.000000 2.318401e-09
3540.000000 2.411500e-09
3545.000000 2.435971e-09
3550.000000 2.406980e-09
3555.000000 2.348184e-09
3560.000000 2.272921e-09
3565.000000 2.118136e-09
3570.000000 1.953634e-09
3575.000000 1.861018e-09
3580.000000 1.758010e-09
3585.000000 1.762266e-09
3590.000000 1.938117e-09
3595.000000 2.112784e-09
3600.000000 2.161908e-09
3605.000000 2.167460e-09
3610.000000 2.016765e-09
3615.000000 1.972945e-09
3620.000000 2.042916e-09
3625.000000 2.204614e-09
3630.000000 2.277899e-09
3635.000000 2.263475e-09
3640.000000 2.276935e-09
3645.000000 2.214682e-09
3650.000000 2.250361e-09
3655.000000 2.498058e-09
3660.000000 2.682110e-09
3665.000000 2.645346e-09
3670.000000 2.544561e-09
3675.000000 2.513114e-09
3680.000000 2.471318e-09
3685.000000 2.446803e-09
3690.000000 2.523989e-09
3695.000000 2.690562e-09
3700.000000 2.741385e-09
3705.000000 2.520820e-09
3710.000000 2.411619e-09
3715.000000 2.485051e-09
3720.000000 2.451760e-09
3725.000000 2.482423e-09
3730.000000 2.424658e-09
3735.000000 2.230667e-09
3740.000000 2.184853e-09
3745.000000 2.050419e-09
3750.000000 2.054866e-09
3755.000000 2.340042e-09
3760.000000 2.496654e-09
3765.000000 2.494643e-09
3770.000000 2.501857e-09
3775.000000 2.758370e-09
3780.000000 3.027341e-09
3785.000000 2.951990e-09
3790.000000 2.656146e-09
3795.000000 2.441220e-09
3800.000000 2.518707e-09
3805.000000 2.809592e-09
3810.000000 2.918687e-09
3815.000000 2.675502e-09
3820.000000 2.366446e-09
3825.000000 2.110575e-09
3830.000000 1.896789e-09
3835.000000 1.751677e-09
3840.000000 1.927160e-09
3845.000000 2.382677e-09
3850.000000 2.675856e-09
3855.000000 2.623091e-09
3860.000000 2.521230e-09
3865.000000 2.606637e-09
3870.000000 2.616863e-09
3875.000000 2.579223e-09
3880.000000 2.451821e-09
3885.000000 2.285362e-09
3890.000000 2.325913e-09
3895.000000 2.568291e-09
3900.000000 2.751881e-09
3905.000000 2.835470e-09
3910.000000 2.920591e-09
3915.000000 2.905475e-09
3920.000000 2.696059e-09
3925.000000 2.234327e-09
3930.000000 1.657448e-09
3935.000000 1.458402e-09
3940.000000 1.776962e-09
3945.000000 2.294407e-09
3950.000000 2.771220e-09
3955.000000 2.913847e-09
3960.000000 2.536910e-09
3965.000000 1.813425e-09
3970.000000 1.555300e-09
3975.000000 2.164629e-09
3980.000000 2.919331e-09
3985.000000 3.305488e-09
3990.000000 3.453177e-09
3995.000000 3.540257e-09
4000.000000 3.590372e-09
4005.000000 3.608269e-09
4010.000000 3.676212e-09
4015.000000 3.760768e-09
4020.000000 3.828784e-09
4025.000000 3.808040e-09
4030.000000 3.717791e-09
4035.000000 3.743000e-09
4040.000000 3.752885e-09
4045.000000 3.623547e-09
4050.000000 3.619625e-09
4055.000000 3.590354e-09
4060.000000 3.552007e-09
4065.000000 3.528896e-09
4070.000000 3.510201e-09
4075.000000 3.510257e-09
4080.000000 3.612860e-09
4085.000000 3.794199e-09
4090.000000 3.803402e-09
4095.000000 3.494391e-09
4100.000000 3.196710e-09
4105.000000 3.304062e-09
4110.000000 3.582501e-09
4115.000000 3.804249e-09
4120.000000 3.881790e-09
4125.000000 3.838224e-09
4130.000000 3.776050e-09
4135.000000 3.829319e-09
4140.000000 3.895370e-09
4145.000000 3.884556e-09
4150.000000 3.837210e-09
4155.000000 3.802026e-09
4160.000000 3.859898e-09
4165.000000 3.881510e-09
4170.000000 3.788905e-09
4175.000000 3.697244e-09
4180.000000 3.680447e-09
4185.000000 3.706243e-09
4190.000000 3.738964e-09
4195.000000 3.662135e-09
4200.000000 3.609538e-09
4205.000000 3.724054e-09
4210.000000 3.867358e-09
4215.000000 3.905191e-09
4220.000000 3.823582e-09
4225.000000 3.601827e-09
4230.000000 3.569610e-09
4235.000000 3.591490e-09
4240.000000 3.653827e-09
4245.000000 3.677271e-09
4250.000000 3.662934e-09
4255.000000 3.640864e-09
4260.000000 3.619326e-09
4265.000000 3.642508e-09
4270.000000 3.579496e-09
4275.000000 3.601154e-09
4280.000000 3.605481e-09
4285.000000 3.501340e-09
4290.000000 3.382781e-09
4295.000000 3.243755e-09
4300.000000 2.978125e-09
4305.000000 2.787792e-09
4310.000000 2.904834e-09
4315.000000 3.428730e-09
4320.000000 3.772031e-09
4325.000000 3.714121e-09
4330.000000 3.595792e-09
4335.000000 3.358382e-09
4340.000000 3.158730e-09
4345.000000 3.371044e-09
4350.000000 3.603781e-09
4355.000000 3.769707e-09
4360.000000 3.906958e-09
4365.000000 3.986245e-09
4370.000000 3.956550e-09
4375.000000 3.888582e-09
4380.000000 3.744009e-09
4385.000000 3.563237e-09
4390.000000 3.594981e-09
4395.000000 3.720174e-09
4400.000000 3.817751e-09
4405.000000 3.837754e-09
4410.000000 3.880695e-09
4415.000000 3.943298e-09
4420.000000 4.045569e-09
4425.000000 4.073244e-09
4430.000000 4.056863e-09
4435.000000 4.026649e-09
4440.000000 4.054309e-09
4445.000000 4.085365e-09
4450.000000 4.055768e-09
4455.000000 3.888971e-09
4460.000000 3.811051e-09
4465.000000 3.901815e-09
4470.000000 4.059743e-09
4475.000000 4.169532e-09
4480.000000 4.140171e-09
4485.000000 4.151745e-09
4490.000000 4.153256e-09
4495.000000 4.174175e-09
4500.000000 4.273156e-09
4505.000000 4.381333e-09
4510.000000 4.406147e-09
4515.000000 4.350423e-09
4520.000000 4.224822e-09
4525.000000 4.014773e-09
4530.000000 3.899922e-09
4535.000000 4.008160e-09
4540.000000 4.113690e-09
4545.000000 4.061080e-09
4550.000000 4.019163e-09
4555.000000 4.107148e-09
4560.000000 4.197935e-09
4565.000000 4.220355e-09
4570.000000 4.214772e-09
4575.000000 4.204969e-09
4580.000000 4.150820e-09
4585.000000 4.104548e-09
4590.000000 4.081024e-09
4595.000000 4.064971e-09
4600.000000 4.083531e-09
4605.000000 4.166893e-09
4610.000000 4.237063e-09
4615.000000 4.235615e-09
4620.000000 4.232169e-09
4625.000000 4.228764e-09
4630.000000 4.225235e-09
4635.000000 4.175250e-09
4640.000000 4.120064e-09
4645.000000 4.048667e-09
4650.000000 4.040445e-09
4655.000000 4.096717e-09
4660.000000 4.117642e-09
4665.000000 4.006009e-09
4670.000000 3.992358e-09
4675.000000 4.061218e-09
4680.000000 4.117279e-09
4685.000000 4.158032e-09
4690.000000 4.140350e-09
4695.000000 4.126419e-09
4700.000000 4.047243e-09
4705.000000 3.974151e-09
4710.000000 3.985994e-09
4715.000000 4.094088e-09
4720.000000 4.174859e-09
4725.000000 4.149585e-09
4730.000000 4.066079e-09
4735.000000 4.087302e-09
4740.000000 4.141919e-09
4745.000000 4.175388e-09
4750.000000 4.149137e-09
4755.000000 4.104822e-09
4760.000000 4.055889e-09
4765.000000 4.010715e-09
4770.000000 4.048812e-09
4775.000000 4.161633e-09
4780.000000 4.217307e-09
4785.000000 4.139653e-09
4790.000000 4.099923e-09
4795.000000 4.131954e-09
4800.000000 4.148540e-09
4805.000000 4.130298e-09
4810.000000 4.135690e-09
4815.000000 4.189319e-09
4820.000000 4.172652e-09
4825.000000 4.095104e-09
4830.000000 4.034953e-09
4835.000000 4.014669e-09
4840.000000 4.015225e-09
4845.000000 4.026280e-09
4850.000000 3.879031e-09
4855.000000 3.506331e-09
4860.000000 3.147069e-09
4865.000000 3.242163e-09
4870.000000 3.530376e-09
4875.000000 3.754399e-09
4880.000000 3.882202e-09
4885.000000 3.840734e-09
4890.000000 3.807453e-09
4895.000000 3.985321e-09
4900.000000 4.124781e-09
4905.000000 4.108772e-09
4910.000000 3.999527e-09
4915.000000 3.906398e-09
4920.000000 3.833760e-09
4925.000000 3.929198e-09
4930.000000 4.012532e-09
4935.000000 3.955061e-09
4940.000000 3.937397e-09
4945.000000 4.036092e-09
4950.000000 4.104463e-09
4955.000000 4.048794e-09
4960.000000 4.028349e-09
4965.000000 4.064760e-09
4970.000000 4.074739e-09
4975.000000 4.034735e-09
4980.000000 3.921882e-09
4985.000000 3.880252e-09
4990.000000 3.933687e-09
4995.000000 3.935703e-09
5000.000000 3.873529e-09
5005.000000 3.811868e-09
5010.000000 3.784788e-09
5015.000000 3.713652e-09
5020.000000 3.722752e-09
5025.000000 3.819593e-09
5030.000000 3.896909e-09
5035.000000 3.838099e-09
5040.000000 3.728480e-09
5045.000000 3.827082e-09
5050.000000 3.935383e-09
5055.000000 4.016365e-09
5060.000000 4.047335e-09
5065.000000 3.974866e-09
5070.000000 3.864767e-09
5075.000000 3.788675e-09
5080.000000 3.769445e-09
5085.000000 3.884226e-09
5090.000000 3.971343e-09
5095.000000 3.904500e-09
5100.000000 3.800509e-09
5105.000000 3.807336e-09
5110.000000 3.858148e-09
5115.000000 3.941030e-09
5120.000000 3.928885e-09
5125.000000 3.841575e-09
5130.000000 3.775888e-09
5135.000000 3.735296e-09
5140.000000 3.710346e-09
5145.000000 3.721783e-09
5150.000000 3.761577e-09
5155.000000 3.814679e-09
5160.000000 3.752917e-09
5165.000000 3.440185e-09
5170.000000 3.244774e-09
5175.000000 3.407530e-09
5180.000000 3.546849e-09
5185.000000 3.517982e-09
5190.000000 3.546663e-09
5195.000000 3.612513e-09
5200.000000 3.699738e-09
5205.000000 3.697393e-09
5210.000000 3.690574e-09
5215.000000 3.726198e-09
5220.000000 3.743957e-09
5225.000000 3.637542e-09
5230.000000 3.619915e-09
5235.000000 3.705110e-09
5240.000000 3.800100e-09
5245.000000 3.795966e-09
5250.000000 3.778917e-09
5255.000000 3.793728e-09
5260.000000 3.703413e-09
5265.000000 3.494070e-09
5270.000000 3.408269e-09
5275.000000 3.510935e-09
5280.000000 3.678320e-09
5285.000000 3.803769e-09
5290.000000 3.863721e-09
5295.000000 3.782425e-09
5300.000000 3.731799e-09
5305.000000 3.802764e-09
5310.000000 3.889783e-09
5315.000000 3.873854e-09
5320.000000 3.762014e-09
5325.000000 3.614723e-09
5330.000000 3.585492e-09
5335.000000 3.665043e-09
5340.000000 3.702134e-09
5345.000000 3.714293e-09
5350.000000 3.761027e-09
5355.000000 3.842950e-09
5360.000000 3.812046e-09
5365.000000 3.695175e-09
5370.000000 3.633956e-09
5375.000000 3.697499e-09
5380.000000 3.748200e-09
5385.000000 3.752390e-09
5390.000000 3.715282e-09
5395.000000 3.648355e-09
5400.000000 3.578920e-09
5405.000000 3.522455e-09
5410.000000 3.541223e-09
5415.000000 3.622336e-09
5420.000000 3.667659e-09
5425.000000 3.661169e-09
5430.000000 3.645736e-09
5435.000000 3.680119e-09
5440.000000 3.727728e-09
5445.000000 3.698521e-09
5450.000000 3.676745e-09
5455.000000 3.658476e-09
5460.000000 3.668037e-09
5465.000000 3.679154e-09
5470.000000 3.691465e-09
5475.000000 3.618187e-09
5480.000000 3.577785e-09
5485.000000 3.645913e-09
5490.000000 3.691636e-09
5495.000000 3.690898e-09
5500.000000 3.670968e-09
5505.000000 3.646565e-09
5510.000000 3.660010e-09
5515.000000 3.693714e-09
5520.000000 3.704300e-09
5525.000000 3.654101e-09
5530.000000 3.604283e-09
5535.000000 3.618809e-09
5540.000000 3.666429e-09
5545.000000 3.682384e-09
5550.000000 3.700469e-09
5555.000000 3.679194e-09
5560.000000 3.630110e-09
5565.000000 3.569621e-09
5570.000000 3.542433e-09
5575.000000 3.576506e-09
5580.000000 3.608765e-09
5585.000000 3.537951e-09
5590.000000 3.460266e-09
5595.000000 3.459745e-09
5600.000000 3.508436e-09
5605.000000 3.603045e-09
5610.000000 3.649800e-09
5615.000000 3.572607e-09
5620.000000 3.530789e-09
5625.000000 3.546265e-09
5630.000000 3.577770e-09
5635.000000 3.551762e-09
5640.000000 3.536748e-09
5645.000000 3.569561e-09
5650.000000 3.551248e-09
5655.000000 3.468139e-09
5660.000000 3.417233e-09
5665.000000 3.452442e-09
5670.000000 3.523345e-09
5675.000000 3.546088e-09
5680.000000 3.515635e-09
5685.000000 3.481653e-09
5690.000000 3.490335e-09
5695.000000 3.512884e-09
5700.000000 3.496582e-09
5705.000000 3.408798e-09
5710.000000 3.356140e-09
5715.000000 3.438156e-09
5720.000000 3.545650e-09
5725.000000 3.573746e-09
5730.000000 3.570574e-09
5735.000000 3.562475e-09
5740.000000 3.555501e-09
5745.000000 3.539601e-09
5750.000000 3.502067e-09
5755.000000 3.487145e-09
5760.000000 3.509868e-09
5765.000000 3.551448e-09
5770.000000 3.564881e-09
5775.000000 3.518503e-09
5780.000000 3.473929e-09
5785.000000 3.450743e-09
5790.000000 3.464232e-09
5795.000000 3.501078e-09
5800.000000 3.516903e-09
5805.000000 3.498206e-09
5810.000000 3.497526e-09
5815.000000 3.513801e-09
5820.000000 3.534387e-09
5825.000000 3.552045e-09
5830.000000 3.558182e-09
5835.000000 3.566849e-09
5840.000000 3.562801e-09
5845.000000 3.543546e-09
5850.000000 3.500138e-09
5855.000000 3.426132e-09
5860.000000 3.403900e-09
5865.000000 3.462261e-09
5870.000000 3.522927e-09
5875.000000 3.534809e-09
5880.000000 3.482545e-09
5885.000000 3.351623e-09
5890.000000 3.204920e-09
5895.000000 3.219582e-09
5900.000000 3.356887e-09
5905.000000 3.451000e-09
5910.000000 3.474948e-09
5915.000000 3.487126e-09
5920.000000 3.485626e-09
5925.000000 3.446096e-09
5930.000000 3.430956e-09
5935.000000 3.444789e-09
5940.000000 3.437104e-09
5945.000000 3.401354e-09
5950.000000 3.385313e-09
5955.000000 3.407857e-09
5960.000000 3.442272e-09
5965.000000 3.464607e-09
5970.000000 3.444343e-09
5975.000000 3.406823e-09
5980.000000 3.373721e-09
5985.000000 3.354595e-09
5990.000000 3.348064e-09
5995.000000 3.344732e-09
6000.000000 3.332205e-09
6005.000000 3.316680e-09
6010.000000 3.307925e-09
6015.000000 3.271496e-09
6020.000000 3.258477e-09
6025.000000 3.284849e-09
6030.000000 3.318623e-09
6035.000000 3.335824e-09
6040.000000 3.331561e-09
6045.000000 3.337941e-09
6050.000000 3.343027e-09
6055.000000 3.339579e-09
6060.000000 3.345911e-09
6065.000000 3.346381e-09
6070.000000 3.359752e-09
6075.000000 3.337241e-09
6080.000000 3.302313e-09
6085.000000 3.279331e-09
6090.000000 3.283249e-09
6095.000000 3.271150e-09
6100.000000 3.236519e-09
6105.000000 3.247271e-09
6110.000000 3.278734e-09
6115.000000 3.253462e-09
6120.000000 3.218237e-09
6125.000000 3.224573e-09
6130.000000 3.215164e-09
6135.000000 3.161268e-09
6140.000000 3.141664e-09
6145.000000 3.171599e-09
6150.000000 3.193424e-09
6155.000000 3.146150e-09
6160.000000 3.063463e-09
6165.000000 3.062977e-09
6170.000000 3.105358e-09
6175.000000 3.180187e-09
6180.000000 3.200341e-09
6185.000000 3.172923e-09
6190.000000 3.160977e-09
6195.000000 3.201310e-09
6200.000000 3.220602e-09
6205.000000 3.232127e-09
6210.000000 3.222169e-09
6215.000000 3.196613e-09
6220.000000 3.177584e-09
6225.000000 3.160441e-09
6230.000000 3.141793e-09
6235.000000 3.148421e-09
6240.000000 3.134912e-09
6245.000000 3.103718e-09
6250.000000 3.100242e-09
6255.000000 3.086619e-09
6260.000000 3.108291e-09
6265.000000 3.138841e-09
6270.000000 3.151919e-09
6275.000000 3.107981e-09
6280.000000 3.059580e-09
6285.000000 3.108477e-09
6290.000000 3.138673e-09
6295.000000 3.100889e-09
6300.000000 3.048973e-09
6305.000000 3.071160e-09
6310.000000 3.099335e-09
6315.000000 3.053392e-09
6320.000000 3.034884e-09
6325.000000 3.093042e-09
6330.000000 3.125529e-09
6335.000000 3.101204e-09
6340.000000 3.078011e-09
6345.000000 3.084675e-09
6350.000000 3.093831e-09
6355.000000 3.056723e-09
6360.000000 3.035365e-09
6365.000000 3.064462e-09
6370.000000 3.098644e-09
6375.000000 3.111447e-09
6380.000000 3.098909e-09
6385.000000 3.083044e-09
6390.000000 3.062776e-09
6395.000000 3.038775e-09
6400.000000 3.030499e-09
6405.000000 3.024669e-09
6410.000000 3.006514e-09
6415.000000 3.003543e-09
6420.000000 3.018031e-09
6425.000000 3.045294e-09
6430.000000 3.045446e-09
6435.000000 3.050455e-09
6440.000000 3.059366e-09
6445.000000 3.045327e-09
6450.000000 3.007318e-09
6455.000000 2.979268e-09
6460.000000 2.976173e-09
6465.000000 2.999285e-09
6470.000000 3.015083e-09
6475.000000 3.016430e-09
6480.000000 3.023955e-09
6485.000000 3.022974e-09
6490.000000 2.980254e-09
6495.000000 2.923429e-09
6500.000000 2.949937e-09
6505.000000 3.028046e-09
6510.000000 3.066750e-09
6515.000000 3.037587e-09
6520.000000 3.029305e-09
6525.000000 3.031553e-09
6530.000000 3.035190e-09
6535.000000 3.043916e-09
6540.000000 3.029636e-09
6545.000000 2.993051e-09
6550.000000 2.875727e-09
6555.000000 2.639809e-09
6560.000000 2.403342e-09
6565.000000 2.494322e-09
6570.000000 2.739883e-09
6575.000000 2.895028e-09
6580.000000 2.949713e-09
6585.000000 2.945566e-09
6590.000000 2.929951e-09
6595.000000 2.948131e-09
6600.000000 2.995090e-09
6605.000000 3.006243e-09
6610.000000 3.003047e-09
6615.000000 3.021924e-09
6620.000000 3.030466e-09
6625.000000 3.003105e-09
6630.000000 2.953854e-09
6635.000000 2.944647e-09
6640.000000 2.949464e-09
6645.000000 2.940849e-09
6650.000000 2.946693e-09
6655.000000 2.943076e-09
6660.000000 2.936590e-09
6665.000000 2.941577e-09
6670.000000 2.954506e-09
6675.000000 2.936211e-09
6680.000000 2.929962e-09
6685.000000 2.945982e-09
6690.000000 2.968458e-09
6695.000000 2.965860e-09
6700.000000 2.952579e-09
6705.000000 2.934783e-09
6710.000000 2.917361e-09
6715.000000 2.890392e-09
6720.000000 2.882667e-09
6725.000000 2.912528e-09
6730.000000 2.936025e-09
6735.000000 2.923315e-09
6740.000000 2.899588e-09
6745.000000 2.880823e-09
6750.000000 2.878175e-09
6755.000000 2.910221e-09
6760.000000 2.923563e-09
6765.000000 2.919266e-09
6770.000000 2.905320e-09
6775.000000 2.903962e-09
6780.000000 2.904857e-09
6785.000000 2.889584e-09
6790.000000 2.888142e-09
6795.000000 2.896992e-09
6800.000000 2.893596e-09
6805.000000 2.882127e-09
6810.000000 2.895387e-09
6815.000000 2.906466e-09
6820.000000 2.896120e-09
6825.000000 2.896383e-09
6830.000000 2.872373e-09
6835.000000 2.843808e-09
6840.000000 2.837824e-09
6845.000000 2.835724e-09
6850.000000 2.833621e-09
6855.000000 2.831518e-09
6860.000000 2.829419e-09
6865.000000 2.827315e-09
6870.000000 2.825218e-09
6875.000000 2.823117e-09
6880.000000 2.821012e-09
6885.000000 2.818914e-09
6890.000000 2.816813e-09
6895.000000 2.814712e-09
6900.000000 2.812606e-09
6905.000000 2.810509e-09
6910.000000 2.808408e-09
6915.000000 2.806306e-09
6920.000000 2.804204e-09
6925.000000 2.802101e-09
6930.000000 2.799997e-09
6935.000000 2.797901e-09
6940.000000 2.795798e-09
6945.000000 2.793698e-09
6950.000000 2.791593e-09
6955.000000 2.789494e-09
6960.000000 2.787393e-09
6965.000000 2.785291e-09
6970.000000 2.783190e-09
6975.000000 2.780145e-09
6980.000000 2.776336e-09
6985.000000 2.796049e-09
6990.000000 2.791883e-09
6995.000000 2.776268e-09
7000.000000 2.735093e-09
7005.000000 2.717395e-09
7010.000000 2.738869e-09
7015.000000 2.720852e-09
7020.000000 2.701113e-09
7025.000000 2.698266e-09
7030.000000 2.710882e-09
7035.000000 2.718902e-09
7040.000000 2.729846e-09
7045.000000 2.751835e-09
7050.000000 2.760233e-09
7055.000000 2.752944e-09
7060.000000 2.738274e-09
7065.000000 2.722780e-09
7070.000000 2.732032e-09
7075.000000 2.741789e-09
7080.000000 2.727295e-09
7085.000000 2.723981e-09
7090.000000 2.709773e-09
7095.000000 2.700765e-09
7100.000000 2.690709e-09
7105.000000 2.687872e-09
7110.000000 2.672678e-09
7115.000000 2.676021e-09
7120.000000 2.681672e-09
7125.000000 2.696705e-09
7130.000000 2.723485e-09
7135.000000 2.727340e-09
7140.000000 2.701197e-09
7145.000000 2.678629e-09
7150.000000 2.690119e-09
7155.000000 2.702656e-09
7160.000000 2.676636e-09
7165.000000 2.641366e-09
7170.000000 2.630421e-09
7175.000000 2.611248e-09
7180.000000 2.596987e-09
7185.000000 2.553999e-09
7190.000000 2.542697e-09
7195.000000 2.568354e-09
7200.000000 2.591040e-09
7205.000000 2.616986e-09
7210.000000 2.662542e-09
7215.000000 2.703094e-09
7220.000000 2.709746e-09
7225.000000 2.689402e-09
7230.000000 2.655995e-09
7235.000000 2.630533e-09
7240.000000 2.647134e-09
7245.000000 2.645941e-09
7250.000000 2.607035e-09
7255.000000 2.587409e-09
7260.000000 2.605421e-09
7265.000000 2.598282e-09
7270.000000 2.599506e-09
7275.000000 2.573957e-09
7280.000000 2.577257e-09
7285.000000 2.553033e-09
7290.000000 2.512675e-09
7295.000000 2.571115e-09
7300.000000 2.596110e-09
7305.000000 2.583570e-09
7310.000000 2.591561e-09
7315.000000 2.585051e-09
7320.000000 2.583360e-09
7325.000000 2.588499e-09
7330.000000 2.583705e-09
7335.000000 2.590616e-09
7340.000000 2.599004e-09
7345.000000 2.587943e-09
7350.000000 2.563131e-09
7355.000000 2.555028e-09
7360.000000 2.558992e-09
7365.000000 2.566802e-09
7370.000000 2.579868e-09
7375.000000 2.569695e-09
7380.000000 2.529968e-09
7385.000000 2.479235e-09
7390.000000 2.467681e-09
7395.000000 2.481191e-09
7400.000000 2.477765e-09
7405.000000 2.450099e-09
7410.000000 2.450146e-09
7415.000000 2.481765e-09
7420.000000 2.500272e-09
7425.000000 2.509158e-09
7430.000000 2.536635e-09
7435.000000 2.544212e-09
7440.000000 2.532650e-09
7445.000000 2.516073e-09
7450.000000 2.504541e-09
7455.000000 2.504229e-09
7460.000000 2.515494e-09
7465.000000 2.532086e-09
7470.000000 2.536902e-09
7475.000000 2.520111e-09
7480.000000 2.501159e-09
7485.000000 2.499236e-09
7490.000000 2.503711e-09
7495.000000 2.497372e-09
7500.000000 2.476752e-09
7505.000000 2.450288e-09
7510.000000 2.441745e-09
7515.000000 2.463522e-09
7520.000000 2.484726e-09
7525.000000 2.478490e-09
7530.000000 2.470657e-09
7535.000000 2.488628e-09
7540.000000 2.510945e-09
7545.000000 2.509483e-09
7550.000000 2.491828e-09
7555.000000 2.487174e-09
7560.000000 2.485103e-09
7565.000000 2.483029e-09
7570.000000 2.480962e-09
7575.000000 2.478894e-09
7580.000000 2.476819e-09
7585.000000 2.474746e-09
7590.000000 2.472681e-09
7595.000000 2.470608e-09
7600.000000 2.468538e-09
7605.000000 2.466465e-09
7610.000000 2.464398e-09
7615.000000 2.462332e-09
7620.000000 2.460260e-09
7625.000000 2.458189e-09
7630.000000 2.456118e-09
7635.000000 2.454051e-09
7640.000000 2.451980e-09
7645.000000 2.449907e-09
7650.000000 2.447841e-09
7655.000000 2.445771e-09
7660.000000 2.443701e-09
7665.000000 2.441632e-09
7670.000000 2.439557e-09
7675.000000 2.437494e-09
7680.000000 2.435417e-09
7685.000000 2.433353e-09
7690.000000 2.431280e-09
7695.000000 2.429211e-09
7700.000000 2.427140e-09
7705.000000 2.425073e-09
7710.000000 2.422999e-09
7715.000000 2.420933e-09
7720.000000 2.418862e-09
7725.000000 2.416793e-09
7730.000000 2.416814e-09
7735.000000 2.426569e-09
7740.000000 2.417226e-09
7745.000000 2.380754e-09
7750.000000 2.349977e-09
7755.000000 2.355012e-09
7760.000000 2.380302e-09
7765.000000 2.397443e-09
7770.000000 2.391597e-09
7775.000000 2.364805e-09
7780.000000 2.347224e-09
7785.000000 2.359701e-09
7790.000000 2.372494e-09
7795.000000 2.355869e-09
7800.000000 2.330551e-09
7805.000000 2.325776e-09
7810.000000 2.341178e-09
7815.000000 2.363457e-09
7820.000000 2.376716e-09
7825.000000 2.371378e-09
7830.000000 2.355780e-09
7835.000000 2.341698e-09
7840.000000 2.332320e-09
7845.000000 2.328786e-09
7850.000000 2.335436e-09
7855.000000 2.352884e-09
7860.000000 2.368616e-09
7865.000000 2.370226e-09
7870.000000 2.359067e-09
7875.000000 2.342732e-09
7880.000000 2.331082e-09
7885.000000 2.329998e-09
7890.000000 2.333153e-09
7895.000000 2.332047e-09
7900.000000 2.324657e-09
7905.000000 2.313380e-09
7910.000000 2.304825e-09
7915.000000 2.300995e-09
7920.000000 2.288649e-09
7925.000000 2.260847e-09
7930.000000 2.241278e-09
7935.000000 2.248935e-09
7940.000000 2.260713e-09
7945.000000 2.253583e-09
7950.000000 2.246555e-09
7955.000000 2.260004e-09
7960.000000 2.275629e-09
7965.000000 2.273120e-09
7970.000000 2.266109e-09
7975.000000 2.272456e-09
7980.000000 2.286048e-09
7985.000000 2.292675e-09
7990.000000 2.282342e-09
7995.000000 2.254781e-09
8000.000000 2.229847e-09
8005.000000 2.226207e-09
8010.000000 2.239313e-09
8015.000000 2.253660e-09
8020.000000 2.249888e-09
8025.000000 2.223523e-09
8030.000000 2.210311e-09
8035.000000 2.233786e-09
8040.000000 2.247782e-09
8045.000000 2.213551e-09
8050.000000 2.180211e-09
8055.000000 2.198407e-09
8060.000000 2.234484e-09
8065.000000 2.243065e-09
8070.000000 2.234027e-09
8075.000000 2.230075e-09
8080.000000 2.230062e-09
8085.000000 2.224663e-09
8090.000000 2.209289e-09
8095.000000 2.187838e-09
8100.000000 2.179931e-09
8105.000000 2.197453e-09
8110.000000 2.217263e-09
8115.000000 2.216181e-09
8120.000000 2.205467e-09
8125.000000 2.200007e-09
8130.000000 2.189603e-09
8135.000000 2.162655e-09
8140.000000 2.129907e-09
8145.000000 2.107009e-09
8150.000000 2.098606e-09
8155.000000 2.097257e-09
8160.000000 2.077051e-09
8165.000000 2.026868e-09
8170.000000 1.990729e-09
8175.000000 2.007277e-09
8180.000000 2.046011e-09
8185.000000 2.061091e-09
8190.000000 2.038375e-09
8195.000000 1.992903e-09
8200.000000 1.980280e-09
8205.000000 2.034638e-09
8210.000000 2.096211e-09
8215.000000 2.099896e-09
8220.000000 2.060907e-09
8225.000000 2.017974e-09
8230.000000 1.989136e-09
8235.000000 1.981491e-09
8240.000000 1.996015e-09
8245.000000 2.026656e-09
8250.000000 2.054658e-09
8255.000000 2.067128e-09
8260.000000 2.077936e-09
8265.000000 2.096473e-09
8270.000000 2.095053e-09
8275.000000 2.053896e-09
8280.000000 2.010595e-09
8285.000000 2.005665e-09
8290.000000 2.028700e-09
8295.000000 2.050605e-09
8300.000000 2.046877e-09
8305.000000 2.014018e-09
8310.000000 1.995471e-09
8315.000000 2.022163e-09
8320.000000 2.047826e-09
8325.000000 2.026975e-09
8330.000000 1.993191e-09
8335.000000 1.990164e-09
8340.000000 2.007733e-09
8345.000000 2.023273e-09
8350.000000 2.037079e-09
8355.000000 2.054044e-09
8360.000000 2.067003e-09
8365.000000 2.070210e-09
8370.000000 2.073748e-09
8375.000000 2.084225e-09
8380.000000 2.084120e-09
8385.000000 2.061847e-09
8390.000000 2.044914e-09
8395.000000 2.058595e-09
8400.000000 2.083264e-09
8405.000000 2.092435e-09
8410.000000 2.087380e-09
8415.000000 2.079154e-09
8420.000000 2.075203e-09
8425.000000 2.076861e-09
8430.000000 2.074340e-09
8435.000000 2.059439e-09
8440.000000 2.039290e-09
8445.000000 2.027165e-09
8450.000000 2.035992e-09
8455.000000 2.066392e-09
8460.000000 2.088484e-09
8465.000000 2.077759e-09
8470.000000 2.053786e-09
8475.000000 2.044532e-09
8480.000000 2.054026e-09
8485.000000 2.063309e-09
8490.000000 2.021966e-09
8495.000000 1.914494e-09
8500.000000 1.843219e-09
8505.000000 1.889967e-09
8510.000000 1.967585e-09
8515.000000 1.975139e-09
8520.000000 1.945459e-09
8525.000000 1.938969e-09
8530.000000 1.948726e-09
8535.000000 1.927782e-09
8540.000000 1.802813e-09
8545.000000 1.575890e-09
8550.000000 1.461667e-09
8555.000000 1.618401e-09
8560.000000 1.849725e-09
8565.000000 1.928686e-09
8570.000000 1.904434e-09
8575.000000 1.893117e-09
8580.000000 1.900841e-09
8585.000000 1.892162e-09
8590.000000 1.877089e-09
8595.000000 1.859922e-09
8600.000000 1.849540e-09
8605.000000 1.860114e-09
8610.000000 1.881146e-09
8615.000000 1.902857e-09
8620.000000 1.916600e-09
8625.000000 1.916625e-09
8630.000000 1.904713e-09
8635.000000 1.885530e-09
8640.000000 1.863927e-09
8645.000000 1.843696e-09
8650.000000 1.825837e-09
8655.000000 1.810278e-09
8660.000000 1.796895e-09
8665.000000 1.786051e-09
8670.000000 1.779350e-09
8675.000000 1.778888e-09
8680.000000 1.786618e-09
8685.000000 1.802580e-09
8690.000000 1.821865e-09
8695.000000 1.837664e-09
8700.000000 1.843311e-09
8705.000000 1.835508e-09
8710.000000 1.819705e-09
8715.000000 1.804716e-09
8720.000000 1.799272e-09
8725.000000 1.807955e-09
8730.000000 1.824521e-09
8735.000000 1.838575e-09
8740.000000 1.839783e-09
8745.000000 1.822664e-09
8750.000000 1.794297e-09
8755.000000 1.766617e-09
8760.000000 1.751492e-09
8765.000000 1.755383e-09
8770.000000 1.770701e-09
8775.000000 1.784454e-09
8780.000000 1.783677e-09
8785.000000 1.760950e-09
8790.000000 1.723338e-09
8795.000000 1.683447e-09
8800.000000 1.654033e-09
8805.000000 1.643660e-09
8810.000000 1.649978e-09
8815.000000 1.666460e-09
8820.000000 1.686311e-09
8825.000000 1.704361e-09
8830.000000 1.719641e-09
8835.000000 1.732805e-09
8840.000000 1.744620e-09
8845.000000 1.755413e-09
8850.000000 1.764354e-09
8855.000000 1.770183e-09
8860.000000 1.771658e-09
8865.000000 1.768238e-09
8870.000000 1.761207e-09
8875.000000 1.752539e-09
8880.000000 1.744261e-09
8885.000000 1.738256e-09
8890.000000 1.735987e-09
8895.000000 1.738772e-09
8900.000000 1.747758e-09
8905.000000 1.762599e-09
8910.000000 1.779041e-09
8915.000000 1.791351e-09
8920.000000 1.793917e-09
8925.000000 1.784046e-09
8930.000000 1.766572e-09
8935.000000 1.749237e-09
8940.000000 1.739744e-09
8945.000000 1.742474e-09
8950.000000 1.753222e-09
8955.000000 1.764479e-09
8960.000000 1.768657e-09
8965.000000 1.760849e-09
8970.000000 1.743078e-09
8975.000000 1.720017e-09
8980.000000 1.696573e-09
8985.000000 1.677054e-09
8990.000000 1.664266e-09
8995.000000 1.660431e-09
9000.000000 1.667566e-09
9005.000000 1.686038e-09
9010.000000 1.711975e-09
9015.000000 1.739873e-09
9020.000000 1.764219e-09
9025.000000 1.781093e-09
9030.000000 1.790676e-09
9035.000000 1.794735e-09
9040.000000 1.795068e-09
9045.000000 1.792182e-09
9050.000000 1.783222e-09
9055.000000 1.764047e-09
9060.000000 1.730746e-09
9065.000000 1.683092e-09
9070.000000 1.630373e-09
9075.000000 1.585557e-09
9080.000000 1.561404e-09
9085.000000 1.564938e-09
9090.000000 1.588324e-09
9095.000000 1.618000e-09
9100.000000 1.640288e-09
9105.000000 1.646107e-09
9110.000000 1.638314e-09
9115.000000 1.624351e-09
9120.000000 1.611852e-09
9125.000000 1.605596e-09
9130.000000 1.603000e-09
9135.000000 1.598659e-09
9140.000000 1.587174e-09
9145.000000 1.566160e-09
9150.000000 1.541081e-09
9155.000000 1.520402e-09
9160.000000 1.512552e-09
9165.000000 1.522455e-09
9170.000000 1.545936e-09
9175.000000 1.575340e-09
9180.000000 1.602863e-09
9185.000000 1.622806e-09
9190.000000 1.634942e-09
9195.000000 1.641152e-09
9200.000000 1.643490e-09
9205.000000 1.643867e-09
9210.000000 1.643736e-09
9215.000000 1.644388e-09
9220.000000 1.646965e-09
9225.000000 1.651325e-09
9230.000000 1.653989e-09
9235.000000 1.650181e-09
9240.000000 1.635371e-09
9245.000000 1.608586e-09
9250.000000 1.578138e-09
9255.000000 1.555930e-09
9260.000000 1.553640e-09
9265.000000 1.577355e-09
9270.000000 1.618590e-09
9275.000000 1.663283e-09
9280.000000 1.697185e-09
9285.000000 1.709991e-09
9290.000000 1.701621e-09
9295.000000 1.675927e-09
9300.000000 1.637331e-09
9305.000000 1.591989e-09
9310.000000 1.550560e-09
9315.000000 1.525452e-09
9320.000000 1.528474e-09
9325.000000 1.563788e-09
9330.000000 1.615684e-09
9335.000000 1.660809e-09
9340.000000 1.676067e-09
9345.000000 1.648558e-09
9350.000000 1.591885e-09
9355.000000 1.529853e-09
9360.000000 1.486477e-09
9365.000000 1.477873e-09
9370.000000 1.499602e-09
9375.000000 1.539313e-09
9380.000000 1.584046e-09
9385.000000 1.622670e-09
9390.000000 1.648763e-09
9395.000000 1.657727e-09
9400.000000 1.645477e-09
9405.000000 1.611084e-09
9410.000000 1.561891e-09
9415.000000 1.508409e-09
9420.000000 1.461221e-09
9425.000000 1.428389e-09
9430.000000 1.411446e-09
9435.000000 1.409413e-09
9440.000000 1.420934e-09
9445.000000 1.443409e-09
9450.000000 1.471004e-09
9455.000000 1.496637e-09
9460.000000 1.513402e-09
9465.000000 1.517326e-09
9470.000000 1.512065e-09
9475.000000 1.504205e-09
9480.000000 1.500359e-09
9485.000000 1.504359e-09
9490.000000 1.512840e-09
9495.000000 1.519656e-09
9500.000000 1.518722e-09
9505.000000 1.507239e-09
9510.000000 1.490911e-09
9515.000000 1.478750e-09
9520.000000 1.479654e-09
9525.000000 1.498357e-09
9530.000000 1.528699e-09
9535.000000 1.560357e-09
9540.000000 1.582943e-09
9545.000000 1.589796e-09
9550.000000 1.583871e-09
9555.000000 1.571838e-09
9560.000000 1.560503e-09
9565.000000 1.554426e-09
9570.000000 1.552286e-09
9575.000000 1.550520e-09
9580.000000 1.545495e-09
9585.000000 1.535225e-09
9590.000000 1.522000e-09
9595.000000 1.509766e-09
9600.000000 1.502450e-09
9605.000000 1.502275e-09
9610.000000 1.506995e-09
9615.000000 1.512663e-09
9620.000000 1.515315e-09
9625.000000 1.512752e-09
9630.000000 1.507288e-09
9635.000000 1.502978e-09
9640.000000 1.503867e-09
9645.000000 1.512005e-09
9650.000000 1.524325e-09
9655.000000 1.535771e-09
9660.000000 1.541304e-09
9665.000000 1.537998e-09
9670.000000 1.528336e-09
9675.000000 1.516928e-09
9680.000000 1.508408e-09
9685.000000 1.505690e-09
9690.000000 1.507216e-09
9695.000000 1.509717e-09
9700.000000 1.509858e-09
9705.000000 1.505396e-09
9710.000000 1.496944e-09
9715.000000 1.486206e-09
9720.000000 1.474955e-09
9725.000000 1.464578e-09
9730.000000 1.455433e-09
9735.000000 1.447499e-09
9740.000000 1.440724e-09
9745.000000 1.435227e-09
9750.000000 1.431595e-09
9755.000000 1.430577e-09
9760.000000 1.432862e-09
9765.000000 1.438246e-09
9770.000000 1.444232e-09
9775.000000 1.447433e-09
9780.000000 1.444560e-09
9785.000000 1.434142e-09
9790.000000 1.419440e-09
9795.000000 1.405523e-09
9800.000000 1.397456e-09
9805.000000 1.398288e-09
9810.000000 1.405842e-09
9815.000000 1.415934e-09
9820.000000 1.424309e-09
9825.000000 1.427899e-09
9830.000000 1.426801e-09
9835.000000 1.422290e-09
9840.000000 1.415756e-09
9845.000000 1.408269e-09
9850.000000 1.400090e-09
9855.000000 1.391155e-09
9860.000000 1.381440e-09
9865.000000 1.371444e-09
9870.000000 1.363027e-09
9875.000000 1.358592e-09
9880.000000 1.360451e-09
9885.000000 1.369597e-09
9890.000000 1.383600e-09
9895.000000 1.398704e-09
9900.000000 1.411143e-09
9905.000000 1.418360e-09
9910.000000 1.420929e-09
9915.000000 1.420619e-09
9920.000000 1.419302e-09
9925.000000 1.418504e-09
9930.000000 1.418900e-09
9935.000000 1.420836e-09
9940.000000 1.424588e-09
9945.000000 1.430166e-09
9950.000000 1.436867e-09
9955.000000 1.443710e-09
9960.000000 1.449679e-09
9965.000000 1.453772e-09
9970.000000 1.454946e-09
9975.000000 1.452177e-09
9980.000000 1.444555e-09
9985.000000 1.432426e-09
9990.000000 1.419386e-09
9995.000000 1.410291e-09
10000.000000 1.409862e-09
10005.000000 1.420323e-09
10010.000000 1.437384e-09
10015.000000 1.454245e-09
10020.000000 1.464095e-09
10025.000000 1.462437e-09
10030.000000 1.450815e-09
10035.000000 1.433091e-09
10040.000000 1.413330e-09
10045.000000 1.395326e-09
10050.000000 1.382172e-09
10055.000000 1.376679e-09
10060.000000 1.381414e-09
10065.000000 1.396584e-09
10070.000000 1.416297e-09
10075.000000 1.432325e-09
10080.000000 1.436554e-09
10085.000000 1.424484e-09
10090.000000 1.401008e-09
10095.000000 1.374612e-09
10100.000000 1.353870e-09
10105.000000 1.344613e-09
10110.000000 1.345521e-09
10115.000000 1.352520e-09
10120.000000 1.361312e-09
10125.000000 1.368085e-09
10130.000000 1.370293e-09
10135.000000 1.365872e-09
10140.000000 1.352984e-09
10145.000000 1.331563e-09
10150.000000 1.306159e-09
10155.000000 1.283080e-09
10160.000000 1.268570e-09
10165.000000 1.266304e-09
10170.000000 1.273332e-09
10175.000000 1.284148e-09
10180.000000 1.293149e-09
10185.000000 1.296392e-09
10190.000000 1.294221e-09
10195.000000 1.288636e-09
10200.000000 1.281760e-09
10205.000000 1.275353e-09
10210.000000 1.270247e-09
10215.000000 1.266896e-09
10220.000000 1.265697e-09
10225.000000 1.266775e-09
10230.000000 1.269545e-09
10235.000000 1.273137e-09
10240.000000 1.276694e-09
10245.000000 1.279554e-09
10250.000000 1.281634e-09
10255.000000 1.283059e-09
10260.000000 1.283975e-09
10265.000000 1.284568e-09
10270.000000 1.285110e-09
10275.000000 1.285897e-09
10280.000000 1.287228e-09
10285.000000 1.289329e-09
10290.000000 1.292240e-09
10295.000000 1.295937e-09
10300.000000 1.300364e-09
10305.000000 1.305251e-09
10310.000000 1.309813e-09
10315.000000 1.313045e-09
10320.000000 1.313987e-09
10325.000000 1.312252e-09
10330.000000 1.308979e-09
10335.000000 1.305884e-09
10340.000000 1.304657e-09
10345.000000 1.306296e-09
10350.000000 1.309931e-09
10355.000000 1.313991e-09
10360.000000 1.316914e-09
10365.000000 1.318061e-09
10370.000000 1.319174e-09
10375.000000 1.322906e-09
10380.000000 1.331813e-09
10385.000000 1.346648e-09
10390.000000 1.363409e-09
10395.000000 1.376288e-09
10400.000000 1.379534e-09
10405.000000 1.369774e-09
10410.000000 1.349872e-09
10415.000000 1.325066e-09
10420.000000 1.300717e-09
10425.000000 1.280957e-09
10430.000000 1.266710e-09
10435.000000 1.257677e-09
10440.000000 1.253391e-09
10445.000000 1.252987e-09
10450.000000 1.254551e-09
10455.000000 1.255779e-09
10460.000000 1.254486e-09
10465.000000 1.250158e-09
10470.000000 1.246619e-09
10475.000000 1.249368e-09
10480.000000 1.263715e-09
10485.000000 1.291544e-09
10490.000000 1.325797e-09
10495.000000 1.355990e-09
10500.000000 1.371690e-09
10505.000000 1.366439e-09
10510.000000 1.344137e-09
10515.000000 1.312656e-09
10520.000000 1.280116e-09
10525.000000 1.253106e-09
10530.000000 1.234212e-09
10535.000000 1.224479e-09
10540.000000 1.224723e-09
10545.000000 1.234797e-09
10550.000000 1.252106e-09
10555.000000 1.273114e-09
10560.000000 1.294196e-09
10565.000000 1.311829e-09
10570.000000 1.322730e-09
10575.000000 1.323712e-09
10580.000000 1.311861e-09
10585.000000 1.286786e-09
10590.000000 1.254677e-09
10595.000000 1.224244e-09
10600.000000 1.204178e-09
10605.000000 1.200263e-09
10610.000000 1.210776e-09
10615.000000 1.231099e-09
10620.000000 9.389410e-10
