1150.000000 1.470881e-09
1155.000000 1.438487e-09
1160.000000 7.616228e-10
1165.000000 3.130640e-10
1170.000000 3.557027e-10
1175.000000 3.707910e-10
1180.000000 2.796958e-10
1185.000000 1.575920e-10
1190.000000 2.033825e-11
1195.000000 1.655532e-11
1200.000000 1.165415e-10
1205.000000 1.313354e-10
1210.000000 8.922087e-11
1215.000000 1.161872e-10
1220.000000 1.653971e-10
1225.000000 2.021473e-10
1230.000000 2.876117e-10
1235.000000 4.023464e-10
1240.000000 5.326259e-10
1245.000000 7.668143e-10
1250.000000 8.924149e-10
1255.000000 6.666310e-10
1260.000000 5.806629e-10
1265.000000 9.677814e-10
1270.000000 1.260785e-09
1275.000000 1.606722e-09
1280.000000 2.019477e-09
1285.000000 1.897300e-09
1290.000000 1.649215e-09
1295.000000 1.456039e-09
1300.000000 1.115834e-09
1305.000000 1.119728e-09
1310.000000 1.863150e-09
1315.000000 2.313283e-09
1320.000000 2.406722e-09
1325.000000 2.361056e-09
1330.000000 2.354956e-09
1335.000000 2.758073e-09
1340.000000 3.111652e-09
1345.000000 2.986250e-09
1350.000000 2.931219e-09
1355.000000 2.831801e-09
1360.000000 2.373005e-09
1365.000000 2.220718e-09
1370.000000 2.391884e-09
1375.000000 2.617034e-09
1380.000000 2.698062e-09
1385.000000 2.910370e-09
1390.000000 2.901957e-09
1395.000000 2.923083e-09
1400.000000 3.034755e-09
1405.000000 3.059573e-09
1410.000000 2.811248e-09
1415.000000 2.693047e-09
1420.000000 2.904710e-09
1425.000000 3.135330e-09
1430.000000 2.817946e-09
1435.000000 2.896241e-09
1440.000000 3.289198e-09
1445.000000 3.769179e-09
1450.000000 4.218507e-09
1455.000000 4.303445e-09
1460.000000 3.888881e-09
1465.000000 3.407613e-09
1470.000000 3.413032e-09
1475.000000 3.514150e-09
1480.000000 3.701172e-09
1485.000000 4.063306e-09
1490.000000 4.325113e-09
1495.000000 4.500917e-09
1500.000000 4.275314e-09
1505.000000 3.721211e-09
1510.000000 3.481264e-09
1515.000000 3.779228e-09
1520.000000 3.906793e-09
1525.000000 3.659107e-09
1530.000000 3.557810e-09
1535.000000 3.857495e-09
1540.000000 4.118960e-09
1545.000000 3.893456e-09
1550.000000 3.683781e-09
1555.000000 3.408674e-09
1560.000000 3.194659e-09
1565.000000 3.238483e-09
1570.000000 3.221601e-09
1575.000000 3.610655e-09
1580.000000 3.982274e-09
1585.000000 4.059415e-09
1590.000000 4.036961e-09
1595.000000 3.869056e-09
1600.000000 3.690861e-09
1605.000000 3.638581e-09
1610.000000 3.669327e-09
1615.000000 3.640062e-09
1620.000000 3.467068e-09
1625.000000 3.536805e-09
1630.000000 3.496678e-09
1635.000000 3.482163e-09
1640.000000 3.374420e-09
1645.000000 3.324594e-09
1650.000000 3.125220e-09
1655.000000 2.919250e-09
1660.000000 3.189792e-09
1665.000000 3.346120e-09
1670.000000 3.180967e-09
1675.000000 3.507403e-09
1680.000000 3.768363e-09
1685.000000 3.710942e-09
1690.000000 3.638594e-09
1695.000000 3.707584e-09
1700.000000 3.752600e-09
1705.000000 3.641679e-09
1710.000000 3.439446e-09
1715.000000 3.262191e-09
1720.000000 3.197793e-09
1725.000000 3.365563e-09
1730.000000 3.474549e-09
1735.000000 3.706881e-09
1740.000000 3.828218e-09
1745.000000 3.871324e-09
1750.000000 4.113570e-09
1755.000000 4.138907e-09
1760.000000 3.912595e-09
1765.000000 3.919592e-09
1770.000000 3.952073e-09
1775.000000 4.141000e-09
1780.000000 4.194838e-09
1785.000000 4.021156e-09
1790.000000 4.194706e-09
1795.000000 4.584969e-09
1800.000000 4.614992e-09
1805.000000 4.389070e-09
1810.000000 4.344664e-09
1815.000000 4.351158e-09
1820.000000 4.392489e-09
1825.000000 4.166481e-09
1830.000000 3.928777e-09
1835.000000 3.887226e-09
1840.000000 3.745366e-09
1845.000000 3.666141e-09
1850.000000 3.639456e-09
1855.000000 3.609260e-09
1860.000000 3.752869e-09
1865.000000 4.034316e-09
1870.000000 4.186196e-09
1875.000000 4.050571e-09
1880.000000 3.996907e-09
1885.000000 4.007443e-09
1890.000000 4.029968e-09
1895.000000 3.977835e-09
1900.000000 4.037665e-09
1905.000000 4.020190e-09
1910.000000 3.956730e-09
1915.000000 4.037064e-09
1920.000000 4.072958e-09
1925.000000 4.055171e-09
1930.000000 4.193032e-09
1935.000000 4.294787e-09
1940.000000 4.423033e-09
1945.000000 4.472577e-09
1950.000000 4.379213e-09
1955.000000 4.183588e-09
1960.000000 4.107160e-09
1965.000000 4.170662e-09
1970.000000 4.409822e-09
1975.000000 4.676212e-09
1980.000000 4.607166e-09
1985.000000 4.678866e-09
1990.000000 4.652765e-09
1995.000000 4.324889e-09
2000.000000 4.153456e-09
2005.000000 4.159685e-09
2010.000000 4.011488e-09
2015.000000 3.867657e-09
2020.000000 3.846749e-09
2025.000000 3.894139e-09
2030.000000 4.194351e-09
2035.000000 4.125034e-09
2040.000000 3.894004e-09
2045.000000 3.916128e-09
2050.000000 4.140670e-09
2055.000000 4.204388e-09
2060.000000 4.066298e-09
2065.000000 3.904170e-09
2070.000000 3.952304e-09
2075.000000 4.025167e-09
2080.000000 4.203530e-09
2085.000000 4.382535e-09
2090.000000 4.324419e-09
2095.000000 4.180937e-09
2100.000000 3.940080e-09
2105.000000 3.808291e-09
2110.000000 3.934235e-09
2115.000000 3.913378e-09
2120.000000 3.792284e-09
2125.000000 3.884927e-09
2130.000000 3.919627e-09
2135.000000 3.654256e-09
2140.000000 3.286587e-09
2145.000000 3.347085e-09
2150.000000 3.693826e-09
2155.000000 3.825665e-09
2160.000000 3.823232e-09
2165.000000 3.696668e-09
2170.000000 3.440320e-09
2175.000000 3.356470e-09
2180.000000 3.284332e-09
2185.000000 3.375016e-09
2190.000000 3.560144e-09
2195.000000 3.855674e-09
2200.000000 4.082518e-09
2205.000000 3.967195e-09
2210.000000 3.659218e-09
2215.000000 3.356154e-09
2220.000000 3.003543e-09
2225.000000 2.771361e-09
2230.000000 3.018957e-09
2235.000000 3.065665e-09
2240.000000 3.127137e-09
2245.000000 2.992156e-09
2250.000000 2.750395e-09
2255.000000 2.767669e-09
2260.000000 2.944428e-09
2265.000000 2.952486e-09
2270.000000 2.981340e-09
2275.000000 3.196058e-09
2280.000000 3.399093e-09
2285.000000 3.215389e-09
2290.000000 3.325773e-09
2295.000000 3.439102e-09
2300.000000 3.110695e-09
2305.000000 2.804703e-09
2310.000000 2.776093e-09
2315.000000 2.922699e-09
2320.000000 2.896079e-09
2325.000000 2.904183e-09
2330.000000 2.892594e-09
2335.000000 2.833110e-09
2340.000000 2.661309e-09
2345.000000 2.448654e-09
2350.000000 2.405351e-09
2355.000000 2.685428e-09
2360.000000 2.760778e-09
2365.000000 2.600346e-09
2370.000000 2.637352e-09
2375.000000 2.726382e-09
2380.000000 2.708480e-09
2385.000000 2.585783e-09
2390.000000 2.375345e-09
2395.000000 2.410116e-09
2400.000000 2.461844e-09
2405.000000 2.470631e-09
2410.000000 2.431144e-09
2415.000000 2.490204e-09
2420.000000 2.687618e-09
2425.000000 2.876361e-09
2430.000000 2.819845e-09
2435.000000 2.700250e-09
2440.000000 2.711071e-09
2445.000000 2.877655e-09
2450.000000 2.969450e-09
2455.000000 3.087887e-09
2460.000000 3.086694e-09
2465.000000 3.052558e-09
2470.000000 2.809487e-09
2475.000000 2.597746e-09
2480.000000 2.564714e-09
2485.000000 2.646266e-09
2490.000000 2.833745e-09
2495.000000 2.920339e-09
2500.000000 2.976428e-09
2505.000000 2.946457e-09
2510.000000 2.781878e-09
2515.000000 2.743691e-09
2520.000000 2.823328e-09
2525.000000 2.638179e-09
2530.000000 2.529150e-09
2535.000000 2.674652e-09
2540.000000 2.713159e-09
2545.000000 2.531232e-09
2550.000000 2.401501e-09
2555.000000 2.513828e-09
2560.000000 2.784419e-09
2565.000000 2.896670e-09
2570.000000 2.956688e-09
2575.000000 2.927009e-09
2580.000000 2.580091e-09
2585.000000 2.475630e-09
2590.000000 2.849904e-09
2595.000000 3.006532e-09
2600.000000 3.063827e-09
2605.000000 2.957605e-09
2610.000000 2.830050e-09
2615.000000 2.747165e-09
2620.000000 2.784059e-09
2625.000000 2.869631e-09
2630.000000 2.966444e-09
2635.000000 3.089156e-09
2640.000000 3.371316e-09
2645.000000 3.631374e-09
2650.000000 3.805015e-09
2655.000000 3.793594e-09
2660.000000 3.706835e-09
2665.000000 3.449758e-09
2670.000000 3.300447e-09
2675.000000 3.304439e-09
2680.000000 3.416894e-09
2685.000000 3.423340e-09
2690.000000 3.317273e-09
2695.000000 3.197223e-09
2700.000000 3.219279e-09
2705.000000 3.392565e-09
2710.000000 3.348482e-09
2715.000000 3.215521e-09
2720.000000 3.217129e-09
2725.000000 3.220461e-09
2730.000000 3.207353e-09
2735.000000 3.234229e-09
2740.000000 3.237566e-09
2745.000000 3.017024e-09
2750.000000 2.798434e-09
2755.000000 2.663250e-09
2760.000000 2.721040e-09
2765.000000 2.900690e-09
2770.000000 2.853864e-09
2775.000000 2.882069e-09
2780.000000 3.126559e-09
2785.000000 3.226631e-09
2790.000000 3.184591e-09
2795.000000 2.946850e-09
2800.000000 2.542134e-09
2805.000000 2.482356e-09
2810.000000 3.062651e-09
2815.000000 3.644653e-09
2820.000000 3.836043e-09
2825.000000 3.810170e-09
2830.000000 3.514569e-09
2835.000000 3.389433e-09
2840.000000 3.404677e-09
2845.000000 3.333570e-09
2850.000000 3.266354e-09
2855.000000 3.231518e-09
2860.000000 3.118116e-09
2865.000000 3.111780e-09
2870.000000 3.089182e-09
2875.000000 3.132977e-09
2880.000000 3.191952e-09
2885.000000 3.153688e-09
2890.000000 3.277163e-09
2895.000000 3.367257e-09
2900.000000 3.359864e-09
2905.000000 3.460487e-09
2910.000000 3.731653e-09
2915.000000 3.966408e-09
2920.000000 3.965597e-09
2925.000000 3.742980e-09
2930.000000 3.623379e-09
2935.000000 3.555743e-09
2940.000000 3.501236e-09
2945.000000 3.534198e-09
2950.000000 3.496258e-09
2955.000000 3.504415e-09
2960.000000 3.647553e-09
2965.000000 3.716674e-09
2970.000000 3.672692e-09
2975.000000 3.642733e-09
2980.000000 3.631883e-09
2985.000000 3.587945e-09
2990.000000 3.673601e-09
2995.000000 3.748963e-09
3000.000000 3.733267e-09
3005.000000 3.668465e-09
3010.000000 3.808576e-09
3015.000000 3.902041e-09
3020.000000 3.856489e-09
3025.000000 3.820323e-09
3030.000000 3.689685e-09
3035.000000 3.603577e-09
3040.000000 3.636726e-09
3045.000000 3.679022e-09
3050.000000 3.697888e-09
3055.000000 3.692936e-09
3060.000000 3.573339e-09
3065.000000 3.430167e-09
3070.000000 3.446720e-09
3075.000000 3.508323e-09
3080.000000 3.575981e-09
3085.000000 3.577003e-09
3090.000000 3.537387e-09
3095.000000 3.541149e-09
3100.000000 3.625841e-09
3105.000000 3.730163e-09
3110.000000 3.723011e-09
3115.000000 3.753461e-09
3120.000000 3.691387e-09
3125.000000 3.687456e-09
3130.000000 3.775925e-09
3135.000000 3.880659e-09
3140.000000 3.897893e-09
3145.000000 3.915301e-09
3150.000000 3.868777e-09
3155.000000 3.818434e-09
3160.000000 3.810470e-09
3165.000000 3.798452e-09
3170.000000 3.776535e-09
3175.000000 3.815308e-09
3180.000000 3.817685e-09
3185.000000 3.662858e-09
3190.000000 3.693126e-09
3195.000000 3.775299e-09
3200.000000 3.837672e-09
3205.000000 3.849395e-09
3210.000000 3.853339e-09
3215.000000 3.857563e-09
3220.000000 3.862136e-09
3225.000000 3.867099e-09
3230.000000 3.872498e-09
3235.000000 3.878387e-09
3240.000000 3.884816e-09
3245.000000 3.891809e-09
3250.000000 3.899435e-09
3255.000000 3.907659e-09
3260.000000 3.916295e-09
3265.000000 3.925098e-09
3270.000000 3.933834e-09
3275.000000 3.942245e-09
3280.000000 3.950085e-09
3285.000000 3.957095e-09
3290.000000 3.963034e-09
3295.000000 3.967638e-09
3300.000000 3.970682e-09
3305.000000 3.972010e-09
3310.000000 3.971736e-09
3315.000000 3.970025e-09
3320.000000 3.967105e-09
3325.000000 3.963157e-09
3330.000000 3.958396e-09
3335.000000 3.953005e-09
3340.000000 3.947207e-09
3345.000000 3.941182e-09
3350.000000 3.935147e-09
3355.000000 3.929226e-09
3360.000000 3.923477e-09
3365.000000 3.917878e-09
3370.000000 3.912414e-09
3375.000000 3.907071e-09
3380.000000 3.901811e-09
3385.000000 3.896651e-09
3390.000000 3.891542e-09
3395.000000 3.886489e-09
3400.000000 3.881471e-09
3405.000000 3.876485e-09
3410.000000 3.871590e-09
3415.000000 3.866881e-09
3420.000000 3.862428e-09
3425.000000 3.858317e-09
3430.000000 3.854635e-09
3435.000000 3.851461e-09
3440.000000 3.848877e-09
3445.000000 3.846956e-09
3450.000000 3.845784e-09
3455.000000 3.845381e-09
3460.000000 3.845605e-09
3465.000000 3.846252e-09
3470.000000 3.847124e-09
3475.000000 3.848017e-09
3480.000000 3.848715e-09
3485.000000 3.849018e-09
3490.000000 3.848727e-09
3495.000000 3.847638e-09
3500.000000 3.845547e-09
3505.000000 3.841726e-09
3510.000000 3.832344e-09
3515.000000 3.816403e-09
3520.000000 3.799466e-09
3525.000000 3.789550e-09
3530.000000 3.821623e-09
3535.000000 3.868365e-09
3540.000000 3.888045e-09
3545.000000 3.882348e-09
3550.000000 3.852459e-09
3555.000000 3.777398e-09
3560.000000 3.751022e-09
3565.000000 3.769524e-09
3570.000000 3.801422e-09
3575.000000 3.768281e-09
3580.000000 3.715299e-09
3585.000000 3.692970e-09
3590.000000 3.727219e-09
3595.000000 3.754739e-09
3600.000000 3.777277e-09
3605.000000 3.721365e-09
3610.000000 3.750404e-09
3615.000000 3.763507e-09
3620.000000 3.709314e-09
3625.000000 3.739367e-09
3630.000000 3.808124e-09
3635.000000 3.866766e-09
3640.000000 3.758768e-09
3645.000000 3.691651e-09
3650.000000 3.722943e-09
3655.000000 3.749028e-09
3660.000000 3.622654e-09
3665.000000 3.592037e-09
3670.000000 3.686333e-09
3675.000000 3.708184e-09
3680.000000 3.738688e-09
3685.000000 3.980530e-09
3690.000000 4.277436e-09
3695.000000 4.435720e-09
3700.000000 4.649731e-09
3705.000000 4.873629e-09
3710.000000 5.140480e-09
3715.000000 5.542762e-09
3720.000000 5.606382e-09
3725.000000 6.129885e-09
3730.000000 6.263555e-09
3735.000000 6.059135e-09
3740.000000 7.134299e-09
3745.000000 6.667471e-09
3750.000000 5.748735e-09
3755.000000 6.807850e-09
3760.000000 7.434089e-09
3765.000000 6.674159e-09
3770.000000 5.833274e-09
3775.000000 7.052351e-09
3780.000000 8.418856e-09
3785.000000 8.555761e-09
3790.000000 7.749088e-09
3795.000000 6.229515e-09
3800.000000 6.544177e-09
3805.000000 8.228437e-09
3810.000000 8.964541e-09
3815.000000 8.984596e-09
3820.000000 8.900491e-09
3825.000000 8.398130e-09
3830.000000 6.912128e-09
3835.000000 5.938495e-09
3840.000000 7.335454e-09
3845.000000 8.511504e-09
3850.000000 8.726654e-09
3855.000000 8.779644e-09
3860.000000 8.753253e-09
3865.000000 8.780460e-09
3870.000000 8.831275e-09
3875.000000 8.579098e-09
3880.000000 7.727556e-09
3885.000000 6.175552e-09
3890.000000 5.949212e-09
3895.000000 7.494900e-09
3900.000000 8.300964e-09
3905.000000 8.600937e-09
3910.000000 8.637808e-09
3915.000000 8.626116e-09
3920.000000 8.585266e-09
3925.000000 8.403013e-09
3930.000000 7.864171e-09
3935.000000 7.876862e-09
3940.000000 8.379997e-09
3945.000000 8.434891e-09
3950.000000 8.453195e-09
3955.000000 8.254367e-09
3960.000000 7.415749e-09
3965.000000 5.881811e-09
3970.000000 5.131808e-09
3975.000000 6.546677e-09
3980.000000 7.621809e-09
3985.000000 7.965745e-09
3990.000000 8.130333e-09
3995.000000 8.110926e-09
4000.000000 8.000932e-09
4005.000000 8.070064e-09
4010.000000 8.089681e-09
4015.000000 8.075435e-09
4020.000000 8.081495e-09
4025.000000 8.004779e-09
4030.000000 7.946799e-09
4035.000000 7.957104e-09
4040.000000 7.925691e-09
4045.000000 7.855357e-09
4050.000000 7.812306e-09
4055.000000 7.847738e-09
4060.000000 7.862110e-09
4065.000000 7.816928e-09
4070.000000 7.728180e-09
4075.000000 7.640073e-09
4080.000000 7.630055e-09
4085.000000 7.543856e-09
4090.000000 7.144418e-09
4095.000000 6.142673e-09
4100.000000 4.949371e-09
4105.000000 5.501465e-09
4110.000000 6.727296e-09
4115.000000 7.277178e-09
4120.000000 7.380587e-09
4125.000000 7.283446e-09
4130.000000 7.234614e-09
4135.000000 7.324490e-09
4140.000000 7.349701e-09
4145.000000 7.356102e-09
4150.000000 7.373145e-09
4155.000000 7.307710e-09
4160.000000 7.192652e-09
4165.000000 7.174510e-09
4170.000000 7.066194e-09
4175.000000 6.993132e-09
4180.000000 6.977155e-09
4185.000000 7.013060e-09
4190.000000 7.019564e-09
4195.000000 7.036111e-09
4200.000000 7.024171e-09
4205.000000 7.069515e-09
4210.000000 7.070668e-09
4215.000000 6.954631e-09
4220.000000 6.924313e-09
4225.000000 6.932152e-09
4230.000000 6.856656e-09
4235.000000 6.815506e-09
4240.000000 6.857618e-09
4245.000000 6.879105e-09
4250.000000 6.865030e-09
4255.000000 6.802136e-09
4260.000000 6.759808e-09
4265.000000 6.740317e-09
4270.000000 6.653863e-09
4275.000000 6.631644e-09
4280.000000 6.753520e-09
4285.000000 6.764990e-09
4290.000000 6.683966e-09
4295.000000 6.594880e-09
4300.000000 6.523230e-09
4305.000000 6.545616e-09
4310.000000 6.565605e-09
4315.000000 6.564389e-09
4320.000000 6.537883e-09
4325.000000 6.460224e-09
4330.000000 6.078023e-09
4335.000000 5.095128e-09
4340.000000 4.326195e-09
4345.000000 5.085024e-09
4350.000000 5.973916e-09
4355.000000 6.387844e-09
4360.000000 6.489219e-09
4365.000000 6.498383e-09
4370.000000 6.473575e-09
4375.000000 6.474443e-09
4380.000000 6.439653e-09
4385.000000 6.315106e-09
4390.000000 6.298617e-09
4395.000000 6.359556e-09
4400.000000 6.392501e-09
4405.000000 6.361623e-09
4410.000000 6.239079e-09
4415.000000 6.097627e-09
4420.000000 6.050881e-09
4425.000000 5.994182e-09
4430.000000 5.932146e-09
4435.000000 5.943867e-09
4440.000000 5.993546e-09
4445.000000 6.054350e-09
4450.000000 6.114376e-09
4455.000000 6.187624e-09
4460.000000 6.187665e-09
4465.000000 6.123810e-09
4470.000000 6.047692e-09
4475.000000 5.996244e-09
4480.000000 5.956352e-09
4485.000000 5.999736e-09
4490.000000 6.004703e-09
4495.000000 6.030179e-09
4500.000000 5.992685e-09
4505.000000 5.967883e-09
4510.000000 5.955910e-09
4515.000000 5.877685e-09
4520.000000 5.811038e-09
4525.000000 5.871889e-09
4530.000000 5.850188e-09
4535.000000 5.847724e-09
4540.000000 5.851398e-09
4545.000000 5.779326e-09
4550.000000 5.703209e-09
4555.000000 5.759956e-09
4560.000000 5.858627e-09
4565.000000 5.896708e-09
4570.000000 5.808959e-09
4575.000000 5.741617e-09
4580.000000 5.687478e-09
4585.000000 5.624482e-09
4590.000000 5.656152e-09
4595.000000 5.706958e-09
4600.000000 5.755873e-09
4605.000000 5.743323e-09
4610.000000 5.733706e-09
4615.000000 5.745497e-09
4620.000000 5.721181e-09
4625.000000 5.608432e-09
4630.000000 5.511036e-09
4635.000000 5.571630e-09
4640.000000 5.683898e-09
4645.000000 5.724945e-09
4650.000000 5.675317e-09
4655.000000 5.639965e-09
4660.000000 5.644834e-09
4665.000000 5.616942e-09
4670.000000 5.627094e-09
4675.000000 5.630174e-09
4680.000000 5.625064e-09
4685.000000 5.636593e-09
4690.000000 5.641767e-09
4695.000000 5.635897e-09
4700.000000 5.606229e-09
4705.000000 5.626038e-09
4710.000000 5.581147e-09
4715.000000 5.505351e-09
4720.000000 5.441724e-09
4725.000000 5.377865e-09
4730.000000 5.387944e-09
4735.000000 5.376339e-09
4740.000000 5.394191e-09
4745.000000 5.345001e-09
4750.000000 5.317287e-09
4755.000000 5.292782e-09
4760.000000 5.262119e-09
4765.000000 5.225622e-09
4770.000000 5.238017e-09
4775.000000 5.243264e-09
4780.000000 5.293898e-09
4785.000000 5.322590e-09
4790.000000 5.351997e-09
4795.000000 5.315211e-09
4800.000000 5.290509e-09
4805.000000 5.212981e-09
4810.000000 5.088378e-09
4815.000000 5.039443e-09
4820.000000 5.068927e-09
4825.000000 5.061793e-09
4830.000000 5.069052e-09
4835.000000 5.070113e-09
4840.000000 5.003344e-09
4845.000000 4.881741e-09
4850.000000 4.563269e-09
4855.000000 3.910534e-09
4860.000000 3.397520e-09
4865.000000 3.846238e-09
4870.000000 4.443490e-09
4875.000000 4.687974e-09
4880.000000 4.759110e-09
4885.000000 4.798625e-09
4890.000000 4.847589e-09
4895.000000 4.860166e-09
4900.000000 4.883873e-09
4905.000000 4.890693e-09
4910.000000 4.907615e-09
4915.000000 4.910975e-09
4920.000000 4.846784e-09
4925.000000 4.821783e-09
4930.000000 4.844561e-09
4935.000000 4.869894e-09
4940.000000 4.934360e-09
4945.000000 4.970446e-09
4950.000000 4.901064e-09
4955.000000 4.880894e-09
4960.000000 4.892125e-09
4965.000000 4.875361e-09
4970.000000 4.818498e-09
4975.000000 4.783983e-09
4980.000000 4.755539e-09
4985.000000 4.720134e-09
4990.000000 4.726760e-09
4995.000000 4.756863e-09
5000.000000 4.742250e-09
5005.000000 4.679238e-09
5010.000000 4.620529e-09
5015.000000 4.555711e-09
5020.000000 4.557330e-09
5025.000000 4.569335e-09
5030.000000 4.566346e-09
5035.000000 4.610653e-09
5040.000000 4.639769e-09
5045.000000 4.635584e-09
5050.000000 4.589784e-09
5055.000000 4.566139e-09
5060.000000 4.565453e-09
5065.000000 4.568640e-09
5070.000000 4.543039e-09
5075.000000 4.499062e-09
5080.000000 4.469405e-09
5085.000000 4.465370e-09
5090.000000 4.470504e-09
5095.000000 4.444728e-09
5100.000000 4.409192e-09
5105.000000 4.437559e-09
5110.000000 4.443704e-09
5115.000000 4.410612e-09
5120.000000 4.367174e-09
5125.000000 4.381840e-09
5130.000000 4.378004e-09
5135.000000 4.377023e-09
5140.000000 4.365128e-09
5145.000000 4.326338e-09
5150.000000 4.314559e-09
5155.000000 4.291924e-09
5160.000000 4.240007e-09
5165.000000 4.152447e-09
5170.000000 4.172557e-09
5175.000000 4.258688e-09
5180.000000 4.229725e-09
5185.000000 4.204331e-09
5190.000000 4.231436e-09
5195.000000 4.203593e-09
5200.000000 4.192936e-09
5205.000000 4.222897e-09
5210.000000 4.190089e-09
5215.000000 4.163434e-09
5220.000000 4.167784e-09
5225.000000 4.125390e-09
5230.000000 4.096761e-09
5235.000000 4.078693e-09
5240.000000 4.097429e-09
5245.000000 4.071043e-09
5250.000000 4.052473e-09
5255.000000 4.035556e-09
5260.000000 4.009273e-09
5265.000000 4.010728e-09
5270.000000 4.005180e-09
5275.000000 3.941203e-09
5280.000000 3.966518e-09
5285.000000 4.014249e-09
5290.000000 4.050788e-09
5295.000000 4.021419e-09
5300.000000 3.993033e-09
5305.000000 3.974237e-09
5310.000000 3.921742e-09
5315.000000 3.880692e-09
5320.000000 3.909011e-09
5325.000000 3.964546e-09
5330.000000 3.949004e-09
5335.000000 3.937101e-09
5340.000000 3.940580e-09
5345.000000 3.930420e-09
5350.000000 3.913916e-09
5355.000000 3.890369e-09
5360.000000 3.806325e-09
5365.000000 3.776293e-09
5370.000000 3.787855e-09
5375.000000 3.804486e-09
5380.000000 3.807739e-09
5385.000000 3.807711e-09
5390.000000 3.820990e-09
5395.000000 3.794935e-09
5400.000000 3.731878e-09
5405.000000 3.714902e-09
5410.000000 3.735777e-09
5415.000000 3.744901e-09
5420.000000 3.725420e-09
5425.000000 3.719488e-09
5430.000000 3.713869e-09
5435.000000 3.692812e-09
5440.000000 3.689809e-09
5445.000000 3.644946e-09
5450.000000 3.624968e-09
5455.000000 3.615172e-09
5460.000000 3.616765e-09
5465.000000 3.634048e-09
5470.000000 3.615337e-09
5475.000000 3.582352e-09
5480.000000 3.538183e-09
5485.000000 3.525393e-09
5490.000000 3.516593e-09
5495.000000 3.549844e-09
5500.000000 3.569592e-09
5505.000000 3.556437e-09
5510.000000 3.549907e-09
5515.000000 3.555007e-09
5520.000000 3.514198e-09
5525.000000 3.468714e-09
5530.000000 3.453599e-09
5535.000000 3.455380e-09
5540.000000 3.472063e-09
5545.000000 3.491635e-09
5550.000000 3.506602e-09
5555.000000 3.514766e-09
5560.000000 3.513524e-09
5565.000000 3.506536e-09
5570.000000 3.492414e-09
5575.000000 3.490249e-09
5580.000000 3.484798e-09
5585.000000 3.441911e-09
5590.000000 3.420864e-09
5595.000000 3.418307e-09
5600.000000 3.413557e-09
5605.000000 3.416256e-09
5610.000000 3.432047e-09
5615.000000 3.409221e-09
5620.000000 3.394810e-09
5625.000000 3.377794e-09
5630.000000 3.351136e-09
5635.000000 3.355059e-09
5640.000000 3.374717e-09
5645.000000 3.370108e-09
5650.000000 3.326119e-09
5655.000000 3.286576e-09
5660.000000 3.283204e-09
5665.000000 3.281226e-09
5670.000000 3.288307e-09
5675.000000 3.278119e-09
5680.000000 3.272747e-09
5685.000000 3.268823e-09
5690.000000 3.237885e-09
5695.000000 3.213295e-09
5700.000000 3.210877e-09
5705.000000 3.171274e-09
5710.000000 3.170528e-09
5715.000000 3.200318e-09
5720.000000 3.195069e-09
5725.000000 3.197774e-09
5730.000000 3.202180e-09
5735.000000 3.179441e-09
5740.000000 3.157602e-09
5745.000000 3.111893e-09
5750.000000 3.105687e-09
5755.000000 3.119424e-09
5760.000000 3.135303e-09
5765.000000 3.126947e-09
5770.000000 3.081966e-09
5775.000000 2.994707e-09
5780.000000 2.888806e-09
5785.000000 2.925973e-09
5790.000000 2.974983e-09
5795.000000 2.964818e-09
5800.000000 2.981889e-09
5805.000000 2.987755e-09
5810.000000 2.993908e-09
5815.000000 3.013875e-09
5820.000000 3.024808e-09
5825.000000 3.001111e-09
5830.000000 2.992922e-09
5835.000000 2.999512e-09
5840.000000 2.994444e-09
5845.000000 2.986869e-09
5850.000000 2.981815e-09
5855.000000 2.960707e-09
5860.000000 2.984311e-09
5865.000000 2.987369e-09
5870.000000 2.944597e-09
5875.000000 2.916251e-09
5880.000000 2.884056e-09
5885.000000 2.726077e-09
5890.000000 2.535356e-09
5895.000000 2.586270e-09
5900.000000 2.769877e-09
5905.000000 2.892383e-09
5910.000000 2.886088e-09
5915.000000 2.884108e-09
5920.000000 2.843235e-09
5925.000000 2.824250e-09
5930.000000 2.842615e-09
5935.000000 2.875515e-09
5940.000000 2.847614e-09
5945.000000 2.799925e-09
5950.000000 2.762053e-09
5955.000000 2.741066e-09
5960.000000 2.753648e-09
5965.000000 2.753133e-09
5970.000000 2.752228e-09
5975.000000 2.760169e-09
5980.000000 2.756239e-09
5985.000000 2.752943e-09
5990.000000 2.750742e-09
5995.000000 2.746967e-09
6000.000000 2.739150e-09
6005.000000 2.755544e-09
6010.000000 2.738107e-09
6015.000000 2.729028e-09
6020.000000 2.738139e-09
6025.000000 2.752895e-09
6030.000000 2.756529e-09
6035.000000 2.716331e-09
6040.000000 2.707375e-09
6045.000000 2.723791e-09
6050.000000 2.721231e-09
6055.000000 2.715927e-09
6060.000000 2.717027e-09
6065.000000 2.717661e-09
6070.000000 2.707011e-09
6075.000000 2.685485e-09
6080.000000 2.660619e-09
6085.000000 2.667226e-09
6090.000000 2.677138e-09
6095.000000 2.660062e-09
6100.000000 2.639499e-09
6105.000000 2.652388e-09
6110.000000 2.670378e-09
6115.000000 2.672360e-09
6120.000000 2.662951e-09
6125.000000 2.640162e-09
6130.000000 2.620508e-09
6135.000000 2.617986e-09
6140.000000 2.617480e-09
6145.000000 2.605475e-09
6150.000000 2.591160e-09
6155.000000 2.567198e-09
6160.000000 2.566085e-09
6165.000000 2.584691e-09
6170.000000 2.564818e-09
6175.000000 2.548192e-09
6180.000000 2.564071e-09
6185.000000 2.566438e-09
6190.000000 2.554158e-09
6195.000000 2.556059e-09
6200.000000 2.562920e-09
6205.000000 2.556564e-09
6210.000000 2.550599e-09
6215.000000 2.547887e-09
6220.000000 2.540679e-09
6225.000000 2.529805e-09
6230.000000 2.514914e-09
6235.000000 2.504823e-09
6240.000000 2.498650e-09
6245.000000 2.493684e-09
6250.000000 2.495222e-09
6255.000000 2.508739e-09
6260.000000 2.505311e-09
6265.000000 2.481293e-09
6270.000000 2.450054e-09
6275.000000 2.398596e-09
6280.000000 2.309072e-09
6285.000000 2.329719e-09
6290.000000 2.406356e-09
6295.000000 2.421354e-09
6300.000000 2.427043e-09
6305.000000 2.425254e-09
6310.000000 2.422003e-09
6315.000000 2.411515e-09
6320.000000 2.413181e-09
6325.000000 2.423978e-09
6330.000000 2.427211e-09
6335.000000 2.418581e-09
6340.000000 2.389605e-09
6345.000000 2.352964e-09
6350.000000 2.356390e-09
6355.000000 2.388746e-09
6360.000000 2.387146e-09
6365.000000 2.366501e-09
6370.000000 2.332973e-09
6375.000000 2.337038e-09
6380.000000 2.360663e-09
6385.000000 2.376422e-09
6390.000000 2.369279e-09
6395.000000 2.357474e-09
6400.000000 2.359395e-09
6405.000000 2.356908e-09
6410.000000 2.353872e-09
6415.000000 2.339313e-09
6420.000000 2.337230e-09
6425.000000 2.342369e-09
6430.000000 2.330058e-09
6435.000000 2.327042e-09
6440.000000 2.311532e-09
6445.000000 2.292504e-09
6450.000000 2.277489e-09
6455.000000 2.253850e-09
6460.000000 2.259644e-09
6465.000000 2.275384e-09
6470.000000 2.277985e-09
6475.000000 2.262556e-09
6480.000000 2.241380e-09
6485.000000 2.230654e-09
6490.000000 2.242493e-09
6495.000000 2.247393e-09
6500.000000 2.258655e-09
6505.000000 2.267916e-09
6510.000000 2.276065e-09
6515.000000 2.269210e-09
6520.000000 2.276803e-09
6525.000000 2.261732e-09
6530.000000 2.243850e-09
6535.000000 2.238795e-09
6540.000000 2.229063e-09
6545.000000 2.187591e-09
6550.000000 2.116412e-09
6555.000000 1.987100e-09
6560.000000 1.794257e-09
6565.000000 1.750491e-09
6570.000000 1.966302e-09
6575.000000 2.123719e-09
6580.000000 2.178121e-09
6585.000000 2.199554e-09
6590.000000 2.212833e-09
6595.000000 2.216164e-09
6600.000000 2.217756e-09
6605.000000 2.210171e-09
6610.000000 2.192877e-09
6615.000000 2.177380e-09
6620.000000 2.170688e-09
6625.000000 2.169805e-09
6630.000000 2.166658e-09
6635.000000 2.159177e-09
6640.000000 2.147067e-09
6645.000000 2.140781e-09
6650.000000 2.135826e-09
6655.000000 2.114226e-09
6660.000000 2.104193e-09
6665.000000 2.106562e-09
6670.000000 2.104186e-09
6675.000000 2.093929e-09
6680.000000 2.089494e-09
6685.000000 2.091006e-09
6690.000000 2.094405e-09
6695.000000 2.078978e-09
6700.000000 2.074091e-09
6705.000000 2.075628e-09
6710.000000 2.070467e-09
6715.000000 2.058506e-09
6720.000000 2.051833e-09
6725.000000 2.055930e-09
6730.000000 2.052036e-09
6735.000000 2.035372e-09
6740.000000 2.021989e-09
6745.000000 2.023198e-09
6750.000000 2.030095e-09
6755.000000 2.037885e-09
6760.000000 2.034060e-09
6765.000000 2.026559e-09
6770.000000 2.016544e-09
6775.000000 2.012007e-09
6780.000000 1.999557e-09
6785.000000 1.989460e-09
6790.000000 1.994789e-09
6795.000000 1.998829e-09
6800.000000 1.995251e-09
6805.000000 1.984820e-09
6810.000000 1.977484e-09
6815.000000 1.989058e-09
6820.000000 1.980342e-09
6825.000000 1.961833e-09
6830.000000 1.960143e-09
6835.000000 1.966039e-09
6840.000000 1.975053e-09
6845.000000 1.972566e-09
6850.000000 1.967868e-09
6855.000000 1.963466e-09
6860.000000 1.959152e-09
6865.000000 1.954764e-09
6870.000000 1.950400e-09
6875.000000 1.945990e-09
6880.000000 1.941869e-09
6885.000000 1.937598e-09
6890.000000 1.933255e-09
6895.000000 1.928917e-09
6900.000000 1.924635e-09
6905.000000 1.920364e-09
6910.000000 1.916106e-09
6915.000000 1.911902e-09
6920.000000 1.907951e-09
6925.000000 1.904120e-09
6930.000000 1.900596e-09
6935.000000 1.897199e-09
6940.000000 1.894028e-09
6945.000000 1.891007e-09
6950.000000 1.887824e-09
6955.000000 1.884493e-09
6960.000000 1.880869e-09
6965.000000 1.877418e-09
6970.000000 1.873956e-09
6975.000000 1.869343e-09
6980.000000 1.860695e-09
6985.000000 1.842507e-09
6990.000000 1.819420e-09
6995.000000 1.812785e-09
7000.000000 1.795147e-09
7005.000000 1.791722e-09
7010.000000 1.814785e-09
7015.000000 1.819021e-09
7020.000000 1.818143e-09
7025.000000 1.806953e-09
7030.000000 1.807395e-09
7035.000000 1.809500e-09
7040.000000 1.805308e-09
7045.000000 1.811605e-09
7050.000000 1.813036e-09
7055.000000 1.799556e-09
7060.000000 1.787666e-09
7065.000000 1.785591e-09
7070.000000 1.797696e-09
7075.000000 1.801693e-09
7080.000000 1.804616e-09
7085.000000 1.803142e-09
7090.000000 1.797851e-09
7095.000000 1.785044e-09
7100.000000 1.786589e-09
7105.000000 1.789374e-09
7110.000000 1.776095e-09
7115.000000 1.783670e-09
7120.000000 1.796427e-09
7125.000000 1.794866e-09
7130.000000 1.782418e-09
7135.000000 1.773419e-09
7140.000000 1.784822e-09
7145.000000 1.779988e-09
7150.000000 1.776812e-09
7155.000000 1.769152e-09
7160.000000 1.764785e-09
7165.000000 1.741424e-09
7170.000000 1.709660e-09
7175.000000 1.667565e-09
7180.000000 1.651085e-09
7185.000000 1.622361e-09
7190.000000 1.630164e-09
7195.000000 1.645549e-09
7200.000000 1.657420e-09
7205.000000 1.666447e-09
7210.000000 1.708496e-09
7215.000000 1.734636e-09
7220.000000 1.720889e-09
7225.000000 1.699106e-09
7230.000000 1.671621e-09
7235.000000 1.650659e-09
7240.000000 1.649479e-09
7245.000000 1.651444e-09
7250.000000 1.648585e-09
7255.000000 1.637960e-09
7260.000000 1.637186e-09
7265.000000 1.629608e-09
7270.000000 1.633931e-09
7275.000000 1.617542e-09
7280.000000 1.624658e-09
7285.000000 1.626649e-09
7290.000000 1.589512e-09
7295.000000 1.588719e-09
7300.000000 1.588923e-09
7305.000000 1.592799e-09
7310.000000 1.614425e-09
7315.000000 1.597996e-09
7320.000000 1.589759e-09
7325.000000 1.591588e-09
7330.000000 1.581011e-09
7335.000000 1.588558e-09
7340.000000 1.595343e-09
7345.000000 1.588414e-09
7350.000000 1.595005e-09
7355.000000 1.589294e-09
7360.000000 1.573113e-09
7365.000000 1.564420e-09
7370.000000 1.554487e-09
7375.000000 1.558654e-09
7380.000000 1.567747e-09
7385.000000 1.547121e-09
7390.000000 1.527334e-09
7395.000000 1.508177e-09
7400.000000 1.519149e-09
7405.000000 1.525363e-09
7410.000000 1.501119e-09
7415.000000 1.494698e-09
7420.000000 1.513940e-09
7425.000000 1.546950e-09
7430.000000 1.553458e-09
7435.000000 1.550475e-09
7440.000000 1.541784e-09
7445.000000 1.535542e-09
7450.000000 1.539975e-09
7455.000000 1.540446e-09
7460.000000 1.534156e-09
7465.000000 1.517975e-09
7470.000000 1.513108e-09
7475.000000 1.525135e-09
7480.000000 1.524286e-09
7485.000000 1.522704e-09
7490.000000 1.519713e-09
7495.000000 1.516749e-09
7500.000000 1.513878e-09
7505.000000 1.509207e-09
7510.000000 1.506074e-09
7515.000000 1.500344e-09
7520.000000 1.498723e-09
7525.000000 1.497603e-09
7530.000000 1.497012e-09
7535.000000 1.491443e-09
7540.000000 1.491710e-09
7545.000000 1.482708e-09
7550.000000 1.476898e-09
7555.000000 1.474355e-09
7560.000000 1.471958e-09
7565.000000 1.469500e-09
7570.000000 1.466936e-09
7575.000000 1.464344e-09
7580.000000 1.461597e-09
7585.000000 1.458859e-09
7590.000000 1.456200e-09
7595.000000 1.453580e-09
7600.000000 1.450881e-09
7605.000000 1.448260e-09
7610.000000 1.445374e-09
7615.000000 1.442375e-09
7620.000000 1.439370e-09
7625.000000 1.436368e-09
7630.000000 1.433361e-09
7635.000000 1.430352e-09
7640.000000 1.427331e-09
7645.000000 1.424301e-09
7650.000000 1.421259e-09
7655.000000 1.418203e-09
7660.000000 1.415129e-09
7665.000000 1.412051e-09
7670.000000 1.408967e-09
7675.000000 1.405865e-09
7680.000000 1.402729e-09
7685.000000 1.399444e-09
7690.000000 1.396234e-09
7695.000000 1.392918e-09
7700.000000 1.389744e-09
7705.000000 1.387190e-09
7710.000000 1.386593e-09
7715.000000 1.388242e-09
7720.000000 1.388027e-09
7725.000000 1.385474e-09
7730.000000 1.382439e-09
7735.000000 1.379606e-09
7740.000000 1.377414e-09
7745.000000 1.378016e-09
7750.000000 1.373770e-09
7755.000000 1.372726e-09
7760.000000 1.366267e-09
7765.000000 1.346941e-09
7770.000000 1.291984e-09
7775.000000 1.239321e-09
7780.000000 1.293231e-09
7785.000000 1.341482e-09
7790.000000 1.346201e-09
7795.000000 1.349056e-09
7800.000000 1.344269e-09
7805.000000 1.339310e-09
7810.000000 1.339779e-09
7815.000000 1.339756e-09
7820.000000 1.336471e-09
7825.000000 1.333243e-09
7830.000000 1.331074e-09
7835.000000 1.325537e-09
7840.000000 1.319716e-09
7845.000000 1.312786e-09
7850.000000 1.308303e-09
7855.000000 1.310638e-09
7860.000000 1.308394e-09
7865.000000 1.304151e-09
7870.000000 1.300341e-09
7875.000000 1.286358e-09
7880.000000 1.281910e-09
7885.000000 1.289194e-09
7890.000000 1.287875e-09
7895.000000 1.272235e-09
7900.000000 1.267673e-09
7905.000000 1.277934e-09
7910.000000 1.278482e-09
7915.000000 1.276824e-09
7920.000000 1.273029e-09
7925.000000 1.272619e-09
7930.000000 1.268676e-09
7935.000000 1.268091e-09
7940.000000 1.266117e-09
7945.000000 1.260559e-09
7950.000000 1.252071e-09
7955.000000 1.250391e-09
7960.000000 1.248025e-09
7965.000000 1.241235e-09
7970.000000 1.245515e-09
7975.000000 1.240937e-09
7980.000000 1.241425e-09
7985.000000 1.242624e-09
7990.000000 1.242706e-09
7995.000000 1.238799e-09
8000.000000 1.229345e-09
8005.000000 1.229826e-09
8010.000000 1.223891e-09
8015.000000 1.216769e-09
8020.000000 1.216186e-09
8025.000000 1.215642e-09
8030.000000 1.216726e-09
8035.000000 1.213816e-09
8040.000000 1.210210e-09
8045.000000 1.210377e-09
8050.000000 1.212182e-09
8055.000000 1.209623e-09
8060.000000 1.201327e-09
8065.000000 1.205131e-09
8070.000000 1.200295e-09
8075.000000 1.201780e-09
8080.000000 1.198891e-09
8085.000000 1.195325e-09
8090.000000 1.196012e-09
8095.000000 1.199627e-09
8100.000000 1.197524e-09
8105.000000 1.199855e-09
8110.000000 1.194532e-09
8115.000000 1.195212e-09
8120.000000 1.194100e-09
8125.000000 1.195234e-09
8130.000000 1.188629e-09
8135.000000 1.177913e-09
8140.000000 1.175386e-09
8145.000000 1.167836e-09
8150.000000 1.157167e-09
8155.000000 1.144690e-09
8160.000000 1.138689e-09
8165.000000 1.118604e-09
8170.000000 1.135190e-09
8175.000000 1.151018e-09
8180.000000 1.133263e-09
8185.000000 1.136403e-09
8190.000000 1.139632e-09
8195.000000 1.150197e-09
8200.000000 1.149906e-09
8205.000000 1.171367e-09
8210.000000 1.176659e-09
8215.000000 1.153673e-09
8220.000000 1.137718e-09
8225.000000 1.105944e-09
8230.000000 1.066764e-09
8235.000000 1.095700e-09
8240.000000 1.139050e-09
8245.000000 1.149500e-09
8250.000000 1.156845e-09
8255.000000 1.153179e-09
8260.000000 1.144779e-09
8265.000000 1.150878e-09
8270.000000 1.144759e-09
8275.000000 1.121949e-09
8280.000000 1.118894e-09
8285.000000 1.118559e-09
8290.000000 1.110645e-09
8295.000000 1.109874e-09
8300.000000 1.118802e-09
8305.000000 1.114910e-09
8310.000000 1.113885e-09
8315.000000 1.115110e-09
8320.000000 1.102364e-09
8325.000000 1.107909e-09
8330.000000 1.117083e-09
8335.000000 1.113961e-09
8340.000000 1.112835e-09
8345.000000 1.111723e-09
8350.000000 1.117309e-09
8355.000000 1.110190e-09
8360.000000 1.100241e-09
8365.000000 1.111332e-09
8370.000000 1.108762e-09
8375.000000 1.089826e-09
8380.000000 1.109274e-09
8385.000000 1.122072e-09
8390.000000 1.095934e-09
8395.000000 1.085809e-09
8400.000000 1.117817e-09
8405.000000 1.130697e-09
8410.000000 1.097415e-09
8415.000000 1.064810e-09
8420.000000 1.111604e-09
8425.000000 1.150476e-09
8430.000000 1.133109e-09
8435.000000 1.068340e-09
8440.000000 1.032878e-09
8445.000000 1.060329e-09
8450.000000 1.118552e-09
8455.000000 1.164032e-09
8460.000000 1.131359e-09
8465.000000 1.048155e-09
8470.000000 1.023344e-09
8475.000000 1.097854e-09
8480.000000 1.165291e-09
8485.000000 1.198088e-09
8490.000000 1.188585e-09
8495.000000 1.125368e-09
8500.000000 1.025550e-09
8505.000000 9.898818e-10
8510.000000 1.066382e-09
8515.000000 1.146035e-09
8520.000000 1.187152e-09
8525.000000 1.198128e-09
8530.000000 1.177113e-09
8535.000000 1.125236e-09
8540.000000 1.038652e-09
8545.000000 9.545793e-10
8550.000000 9.903653e-10
8555.000000 1.090698e-09
8560.000000 1.155005e-09
8565.000000 1.179768e-09
8570.000000 1.179255e-09
8575.000000 1.174319e-09
8580.000000 1.159606e-09
8585.000000 1.127200e-09
8590.000000 1.060203e-09
8595.000000 9.619492e-10
8600.000000 9.094598e-10
8605.000000 9.882503e-10
8610.000000 1.087035e-09
8615.000000 1.139565e-09
8620.000000 1.159129e-09
8625.000000 1.163700e-09
8630.000000 1.165945e-09
8635.000000 1.170522e-09
8640.000000 1.165231e-09
8645.000000 1.155832e-09
8650.000000 1.131447e-09
8655.000000 1.071894e-09
8660.000000 9.661066e-10
8665.000000 8.634705e-10
8670.000000 9.029994e-10
8675.000000 9.942138e-10
8680.000000 1.032480e-09
8685.000000 1.060073e-09
8690.000000 1.104580e-09
8695.000000 1.141352e-09
8700.000000 1.153716e-09
8705.000000 1.145724e-09
8710.000000 1.142177e-09
8715.000000 1.148874e-09
8720.000000 1.140078e-09
8725.000000 1.131511e-09
8730.000000 1.112310e-09
8735.000000 1.084027e-09
8740.000000 1.030302e-09
8745.000000 9.459157e-10
8750.000000 8.524980e-10
8755.000000 8.720578e-10
8760.000000 9.679633e-10
8765.000000 1.034530e-09
8770.000000 1.065107e-09
8775.000000 1.076562e-09
8780.000000 1.083015e-09
8785.000000 1.081538e-09
8790.000000 1.085898e-09
8795.000000 1.089853e-09
8800.000000 1.091589e-09
8805.000000 1.097074e-09
8810.000000 1.093877e-09
8815.000000 1.087669e-09
8820.000000 1.083919e-09
8825.000000 1.070508e-09
8830.000000 1.068078e-09
8835.000000 1.064423e-09
8840.000000 1.054630e-09
8845.000000 1.036319e-09
8850.000000 1.003482e-09
8855.000000 9.418600e-10
8860.000000 8.461645e-10
8865.000000 8.104172e-10
8870.000000 8.908355e-10
8875.000000 9.668690e-10
8880.000000 1.013236e-09
8885.000000 1.033387e-09
8890.000000 1.047891e-09
8895.000000 1.054875e-09
8900.000000 1.057226e-09
8905.000000 1.056901e-09
8910.000000 1.060426e-09
8915.000000 1.057576e-09
8920.000000 1.051315e-09
8925.000000 1.040748e-09
8930.000000 1.028366e-09
8935.000000 1.023855e-09
8940.000000 1.021706e-09
8945.000000 1.021573e-09
8950.000000 1.015624e-09
8955.000000 1.010664e-09
8960.000000 1.012522e-09
8965.000000 9.993886e-10
8970.000000 9.976835e-10
8975.000000 9.951853e-10
8980.000000 9.880009e-10
8985.000000 9.665367e-10
8990.000000 9.279863e-10
8995.000000 9.378732e-10
9000.000000 9.297971e-10
9005.000000 8.857839e-10
9010.000000 8.161838e-10
9015.000000 7.470922e-10
9020.000000 7.890700e-10
9025.000000 8.734766e-10
9030.000000 9.452148e-10
9035.000000 9.994262e-10
9040.000000 1.024316e-09
9045.000000 1.023277e-09
9050.000000 1.021744e-09
9055.000000 1.019673e-09
9060.000000 1.004306e-09
9065.000000 9.886587e-10
9070.000000 9.734388e-10
9075.000000 9.662869e-10
9080.000000 9.561621e-10
9085.000000 9.427388e-10
9090.000000 9.413910e-10
9095.000000 9.444211e-10
9100.000000 9.443860e-10
9105.000000 9.455596e-10
9110.000000 9.554371e-10
9115.000000 9.695043e-10
9120.000000 9.617314e-10
9125.000000 9.642540e-10
9130.000000 9.473077e-10
9135.000000 9.343264e-10
9140.000000 9.408910e-10
9145.000000 9.572633e-10
9150.000000 9.408782e-10
9155.000000 8.989976e-10
9160.000000 9.177432e-10
9165.000000 9.398141e-10
9170.000000 9.388745e-10
9175.000000 9.207523e-10
9180.000000 9.298447e-10
9185.000000 9.493057e-10
9190.000000 9.501435e-10
9195.000000 9.482223e-10
9200.000000 9.458091e-10
9205.000000 9.309410e-10
9210.000000 9.144721e-10
9215.000000 8.876997e-10
9220.000000 8.575434e-10
9225.000000 8.249548e-10
9230.000000 7.951632e-10
9235.000000 8.135246e-10
9240.000000 8.442499e-10
9245.000000 8.610581e-10
9250.000000 8.731142e-10
9255.000000 8.855780e-10
9260.000000 8.782277e-10
9265.000000 8.799023e-10
9270.000000 8.963064e-10
9275.000000 9.086868e-10
9280.000000 9.072130e-10
9285.000000 9.106220e-10
9290.000000 9.087566e-10
9295.000000 9.031373e-10
9300.000000 8.911384e-10
9305.000000 8.854096e-10
9310.000000 8.746747e-10
9315.000000 8.577177e-10
9320.000000 8.383878e-10
9325.000000 8.339136e-10
9330.000000 8.355400e-10
9335.000000 8.195153e-10
9340.000000 7.970360e-10
9345.000000 7.834092e-10
9350.000000 8.232224e-10
9355.000000 8.126316e-10
9360.000000 8.134348e-10
9365.000000 8.295203e-10
9370.000000 8.213339e-10
9375.000000 8.291488e-10
9380.000000 8.281756e-10
9385.000000 8.442216e-10
9390.000000 8.826448e-10
9395.000000 9.162199e-10
9400.000000 9.082263e-10
9405.000000 8.998517e-10
9410.000000 8.833307e-10
9415.000000 8.805154e-10
9420.000000 8.716424e-10
9425.000000 8.450676e-10
9430.000000 8.135730e-10
9435.000000 8.345170e-10
9440.000000 8.043157e-10
9445.000000 7.993116e-10
9450.000000 8.296759e-10
9455.000000 8.187901e-10
9460.000000 8.000921e-10
9465.000000 8.154384e-10
9470.000000 8.275725e-10
9475.000000 8.293058e-10
9480.000000 8.171187e-10
9485.000000 8.194157e-10
9490.000000 8.463498e-10
9495.000000 8.133746e-10
9500.000000 7.885559e-10
9505.000000 8.197735e-10
9510.000000 8.444764e-10
9515.000000 8.217541e-10
9520.000000 7.806141e-10
9525.000000 7.640704e-10
9530.000000 7.597565e-10
9535.000000 7.521839e-10
9540.000000 7.307115e-10
9545.000000 6.954714e-10
9550.000000 6.977775e-10
9555.000000 7.178427e-10
9560.000000 7.392327e-10
9565.000000 7.542275e-10
9570.000000 7.752857e-10
9575.000000 7.988699e-10
9580.000000 7.992564e-10
9585.000000 7.866521e-10
9590.000000 7.807666e-10
9595.000000 7.808847e-10
9600.000000 7.995622e-10
9605.000000 8.017826e-10
9610.000000 8.022384e-10
9615.000000 8.057469e-10
9620.000000 7.866668e-10
9625.000000 7.737548e-10
9630.000000 7.889480e-10
9635.000000 7.853156e-10
9640.000000 7.861833e-10
9645.000000 7.764244e-10
9650.000000 7.747032e-10
9655.000000 7.794022e-10
9660.000000 7.765134e-10
9665.000000 7.693625e-10
9670.000000 7.766665e-10
9675.000000 7.896294e-10
9680.000000 7.833119e-10
9685.000000 7.856744e-10
9690.000000 7.900356e-10
9695.000000 7.847384e-10
9700.000000 7.799738e-10
9705.000000 7.779337e-10
9710.000000 7.777383e-10
9715.000000 7.727795e-10
9720.000000 7.690398e-10
9725.000000 7.637375e-10
9730.000000 7.547645e-10
9735.000000 7.573031e-10
9740.000000 7.530161e-10
9745.000000 7.496493e-10
9750.000000 7.479976e-10
9755.000000 7.499955e-10
9760.000000 7.547487e-10
9765.000000 7.517103e-10
9770.000000 7.535604e-10
9775.000000 7.560538e-10
9780.000000 7.502982e-10
9785.000000 7.459205e-10
9790.000000 7.478403e-10
9795.000000 7.404026e-10
9800.000000 7.400616e-10
9805.000000 7.503613e-10
9810.000000 7.534494e-10
9815.000000 7.420878e-10
9820.000000 7.387423e-10
9825.000000 7.391913e-10
9830.000000 7.363857e-10
9835.000000 7.402383e-10
9840.000000 7.366343e-10
9845.000000 7.325226e-10
9850.000000 7.348196e-10
9855.000000 7.333980e-10
9860.000000 7.278557e-10
9865.000000 7.270622e-10
9870.000000 7.326842e-10
9875.000000 7.299257e-10
9880.000000 7.271040e-10
9885.000000 7.275424e-10
9890.000000 7.241382e-10
9895.000000 7.231802e-10
9900.000000 7.214266e-10
9905.000000 7.238398e-10
9910.000000 7.209544e-10
9915.000000 7.066899e-10
9920.000000 7.182953e-10
9925.000000 7.132350e-10
9930.000000 7.158964e-10
9935.000000 7.213643e-10
9940.000000 7.139150e-10
9945.000000 7.112070e-10
9950.000000 7.089389e-10
9955.000000 7.154505e-10
9960.000000 7.067795e-10
9965.000000 7.043594e-10
9970.000000 6.960989e-10
9975.000000 7.038490e-10
9980.000000 7.053770e-10
9985.000000 6.964684e-10
9990.000000 7.029295e-10
9995.000000 6.979923e-10
10000.000000 6.913159e-10
10005.000000 6.909430e-10
10010.000000 6.912090e-10
10015.000000 6.850893e-10
10020.000000 6.677431e-10
10025.000000 6.645202e-10
10030.000000 6.505648e-10
10035.000000 6.474364e-10
10040.000000 6.316497e-10
10045.000000 6.095090e-10
10050.000000 5.935089e-10
10055.000000 5.963812e-10
10060.000000 6.263621e-10
10065.000000 6.283793e-10
10070.000000 6.473542e-10
10075.000000 6.573298e-10
10080.000000 6.670118e-10
10085.000000 6.718083e-10
10090.000000 6.692985e-10
10095.000000 6.792996e-10
10100.000000 6.770302e-10
10105.000000 6.867661e-10
10110.000000 6.932819e-10
10115.000000 6.742623e-10
10120.000000 6.754827e-10
10125.000000 6.774948e-10
10130.000000 6.792620e-10
10135.000000 6.829602e-10
10140.000000 6.790147e-10
10145.000000 6.627580e-10
10150.000000 6.704599e-10
10155.000000 6.704491e-10
10160.000000 6.686521e-10
10165.000000 6.671655e-10
10170.000000 6.659440e-10
10175.000000 6.649463e-10
10180.000000 6.641305e-10
10185.000000 6.634527e-10
10190.000000 6.628687e-10
10195.000000 6.623349e-10
10200.000000 6.618119e-10
10205.000000 6.612665e-10
10210.000000 6.606854e-10
10215.000000 6.600649e-10
10220.000000 6.594125e-10
10225.000000 6.587209e-10
10230.000000 6.579889e-10
10235.000000 6.572180e-10
10240.000000 6.564055e-10
10245.000000 6.555524e-10
10250.000000 6.546566e-10
10255.000000 6.537186e-10
10260.000000 6.527389e-10
10265.000000 6.517270e-10
10270.000000 6.506823e-10
10275.000000 6.496062e-10
10280.000000 6.485069e-10
10285.000000 6.473860e-10
10290.000000 6.462451e-10
10295.000000 6.450927e-10
10300.000000 6.439300e-10
10305.000000 6.427576e-10
10310.000000 6.415924e-10
10315.000000 6.404310e-10
10320.000000 6.392858e-10
10325.000000 6.381680e-10
10330.000000 6.370798e-10
10335.000000 6.360323e-10
10340.000000 6.350345e-10
10345.000000 6.340876e-10
10350.000000 6.332045e-10
10355.000000 6.323882e-10
10360.000000 6.316277e-10
10365.000000 6.309119e-10
10370.000000 6.302278e-10
10375.000000 6.295618e-10
10380.000000 6.289003e-10
10385.000000 6.282288e-10
10390.000000 6.275374e-10
10395.000000 6.268122e-10
10400.000000 6.260362e-10
10405.000000 6.252016e-10
10410.000000 6.243098e-10
10415.000000 6.233621e-10
10420.000000 6.223581e-10
10425.000000 6.213021e-10
10430.000000 6.201944e-10
10435.000000 6.190395e-10
10440.000000 6.178387e-10
10445.000000 6.165915e-10
10450.000000 6.153037e-10
10455.000000 6.139779e-10
10460.000000 6.126168e-10
10465.000000 6.112250e-10
10470.000000 6.098079e-10
10475.000000 6.083674e-10
10480.000000 6.069087e-10
10485.000000 6.054408e-10
10490.000000 6.039630e-10
10495.000000 6.024819e-10
10500.000000 6.010018e-10
10505.000000 5.995264e-10
10510.000000 5.980565e-10
10515.000000 5.965898e-10
10520.000000 5.951319e-10
10525.000000 5.936768e-10
10530.000000 5.922278e-10
10535.000000 5.907866e-10
10540.000000 5.893481e-10
10545.000000 5.879142e-10
10550.000000 5.864885e-10
10555.000000 5.850659e-10
10560.000000 5.836514e-10
10565.000000 5.822417e-10
10570.000000 5.808344e-10
10575.000000 5.794347e-10
10580.000000 5.780384e-10
10585.000000 5.766493e-10
10590.000000 5.752666e-10
10595.000000 5.738883e-10
10600.000000 5.725124e-10
10605.000000 5.711446e-10
10610.000000 5.697820e-10
10615.000000 5.684238e-10
10620.000000 4.254382e-10
