1150.000000 0.000000e+00
1155.000000 0.000000e+00
1160.000000 0.000000e+00
1165.000000 0.000000e+00
1170.000000 0.000000e+00
1175.000000 0.000000e+00
1180.000000 0.000000e+00
1185.000000 0.000000e+00
1190.000000 0.000000e+00
1195.000000 0.000000e+00
1200.000000 0.000000e+00
1205.000000 0.000000e+00
1210.000000 0.000000e+00
1215.000000 0.000000e+00
1220.000000 0.000000e+00
1225.000000 0.000000e+00
1230.000000 0.000000e+00
1235.000000 0.000000e+00
1240.000000 0.000000e+00
1245.000000 0.000000e+00
1250.000000 0.000000e+00
1255.000000 0.000000e+00
1260.000000 0.000000e+00
1265.000000 0.000000e+00
1270.000000 0.000000e+00
1275.000000 0.000000e+00
1280.000000 0.000000e+00
1285.000000 0.000000e+00
1290.000000 0.000000e+00
1295.000000 0.000000e+00
1300.000000 0.000000e+00
1305.000000 0.000000e+00
1310.000000 0.000000e+00
1315.000000 0.000000e+00
1320.000000 0.000000e+00
1325.000000 0.000000e+00
1330.000000 0.000000e+00
1335.000000 0.000000e+00
1340.000000 0.000000e+00
1345.000000 0.000000e+00
1350.000000 0.000000e+00
1355.000000 0.000000e+00
1360.000000 0.000000e+00
1365.000000 0.000000e+00
1370.000000 0.000000e+00
1375.000000 0.000000e+00
1380.000000 0.000000e+00
1385.000000 0.000000e+00
1390.000000 0.000000e+00
1395.000000 0.000000e+00
1400.000000 0.000000e+00
1405.000000 0.000000e+00
1410.000000 0.000000e+00
1415.000000 0.000000e+00
1420.000000 0.000000e+00
1425.000000 0.000000e+00
1430.000000 0.000000e+00
1435.000000 0.000000e+00
1440.000000 0.000000e+00
1445.000000 0.000000e+00
1450.000000 0.000000e+00
1455.000000 0.000000e+00
1460.000000 0.000000e+00
1465.000000 0.000000e+00
1470.000000 0.000000e+00
1475.000000 0.000000e+00
1480.000000 0.000000e+00
1485.000000 0.000000e+00
1490.000000 0.000000e+00
1495.000000 0.000000e+00
1500.000000 0.000000e+00
1505.000000 0.000000e+00
1510.000000 0.000000e+00
1515.000000 0.000000e+00
1520.000000 0.000000e+00
1525.000000 0.000000e+00
1530.000000 0.000000e+00
1535.000000 0.000000e+00
1540.000000 0.000000e+00
1545.000000 0.000000e+00
1550.000000 0.000000e+00
1555.000000 0.000000e+00
1560.000000 0.000000e+00
1565.000000 0.000000e+00
1570.000000 0.000000e+00
1575.000000 0.000000e+00
1580.000000 0.000000e+00
1585.000000 0.000000e+00
1590.000000 0.000000e+00
1595.000000 0.000000e+00
1600.000000 0.000000e+00
1605.000000 0.000000e+00
1610.000000 0.000000e+00
1615.000000 0.000000e+00
1620.000000 0.000000e+00
1625.000000 0.000000e+00
1630.000000 0.000000e+00
1635.000000 0.000000e+00
1640.000000 0.000000e+00
1645.000000 0.000000e+00
1650.000000 0.000000e+00
1655.000000 0.000000e+00
1660.000000 0.000000e+00
1665.000000 0.000000e+00
1670.000000 0.000000e+00
1675.000000 0.000000e+00
1680.000000 0.000000e+00
1685.000000 0.000000e+00
1690.000000 0.000000e+00
1695.000000 0.000000e+00
1700.000000 0.000000e+00
1705.000000 0.000000e+00
1710.000000 0.000000e+00
1715.000000 0.000000e+00
1720.000000 0.000000e+00
1725.000000 0.000000e+00
1730.000000 0.000000e+00
1735.000000 0.000000e+00
1740.000000 0.000000e+00
1745.000000 0.000000e+00
1750.000000 0.000000e+00
1755.000000 0.000000e+00
1760.000000 0.000000e+00
1765.000000 0.000000e+00
1770.000000 0.000000e+00
1775.000000 0.000000e+00
1780.000000 0.000000e+00
1785.000000 0.000000e+00
1790.000000 0.000000e+00
1795.000000 0.000000e+00
1800.000000 0.000000e+00
1805.000000 0.000000e+00
1810.000000 0.000000e+00
1815.000000 0.000000e+00
1820.000000 0.000000e+00
1825.000000 0.000000e+00
1830.000000 0.000000e+00
1835.000000 0.000000e+00
1840.000000 0.000000e+00
1845.000000 0.000000e+00
1850.000000 0.000000e+00
1855.000000 0.000000e+00
1860.000000 0.000000e+00
1865.000000 0.000000e+00
1870.000000 0.000000e+00
1875.000000 0.000000e+00
1880.000000 0.000000e+00
1885.000000 0.000000e+00
1890.000000 0.000000e+00
1895.000000 0.000000e+00
1900.000000 0.000000e+00
1905.000000 0.000000e+00
1910.000000 0.000000e+00
1915.000000 0.000000e+00
1920.000000 0.000000e+00
1925.000000 0.000000e+00
1930.000000 0.000000e+00
1935.000000 0.000000e+00
1940.000000 0.000000e+00
1945.000000 0.000000e+00
1950.000000 0.000000e+00
1955.000000 0.000000e+00
1960.000000 0.000000e+00
1965.000000 0.000000e+00
1970.000000 0.000000e+00
1975.000000 0.000000e+00
1980.000000 0.000000e+00
1985.000000 0.000000e+00
1990.000000 0.000000e+00
1995.000000 0.000000e+00
2000.000000 0.000000e+00
2005.000000 0.000000e+00
2010.000000 0.000000e+00
2015.000000 0.000000e+00
2020.000000 0.000000e+00
2025.000000 0.000000e+00
2030.000000 0.000000e+00
2035.000000 0.000000e+00
2040.000000 0.000000e+00
2045.000000 0.000000e+00
2050.000000 0.000000e+00
2055.000000 0.000000e+00
2060.000000 0.000000e+00
2065.000000 0.000000e+00
2070.000000 0.000000e+00
2075.000000 0.000000e+00
2080.000000 0.000000e+00
2085.000000 0.000000e+00
2090.000000 0.000000e+00
2095.000000 0.000000e+00
2100.000000 0.000000e+00
2105.000000 0.000000e+00
2110.000000 0.000000e+00
2115.000000 0.000000e+00
2120.000000 0.000000e+00
2125.000000 0.000000e+00
2130.000000 0.000000e+00
2135.000000 0.000000e+00
2140.000000 0.000000e+00
2145.000000 0.000000e+00
2150.000000 0.000000e+00
2155.000000 0.000000e+00
2160.000000 0.000000e+00
2165.000000 0.000000e+00
2170.000000 0.000000e+00
2175.000000 0.000000e+00
2180.000000 0.000000e+00
2185.000000 0.000000e+00
2190.000000 0.000000e+00
2195.000000 0.000000e+00
2200.000000 0.000000e+00
2205.000000 0.000000e+00
2210.000000 0.000000e+00
2215.000000 0.000000e+00
2220.000000 0.000000e+00
2225.000000 0.000000e+00
2230.000000 0.000000e+00
2235.000000 0.000000e+00
2240.000000 0.000000e+00
2245.000000 0.000000e+00
2250.000000 0.000000e+00
2255.000000 0.000000e+00
2260.000000 0.000000e+00
2265.000000 0.000000e+00
2270.000000 0.000000e+00
2275.000000 0.000000e+00
2280.000000 0.000000e+00
2285.000000 0.000000e+00
2290.000000 0.000000e+00
2295.000000 0.000000e+00
2300.000000 0.000000e+00
2305.000000 0.000000e+00
2310.000000 0.000000e+00
2315.000000 0.000000e+00
2320.000000 0.000000e+00
2325.000000 0.000000e+00
2330.000000 0.000000e+00
2335.000000 0.000000e+00
2340.000000 0.000000e+00
2345.000000 0.000000e+00
2350.000000 4.585172e-16
2355.000000 3.662291e-15
2360.000000 7.322635e-15
2365.000000 1.098297e-14
2370.000000 1.464332e-14
2375.000000 1.784514e-14
2380.000000 1.830174e-14
2385.000000 1.784323e-14
2390.000000 1.418097e-14
2395.000000 7.316873e-15
2400.000000 9.131807e-16
2405.000000 0.000000e+00
2410.000000 0.000000e+00
2415.000000 0.000000e+00
2420.000000 0.000000e+00
2425.000000 0.000000e+00
2430.000000 0.000000e+00
2435.000000 0.000000e+00
2440.000000 0.000000e+00
2445.000000 0.000000e+00
2450.000000 5.960200e-15
2455.000000 4.852571e-14
2460.000000 1.025177e-13
2465.000000 1.565059e-13
2470.000000 2.036281e-13
2475.000000 2.393088e-13
2480.000000 2.562258e-13
2485.000000 2.452304e-13
2490.000000 2.035765e-13
2495.000000 1.221118e-13
2500.000000 1.598200e-14
2505.000000 0.000000e+00
2510.000000 0.000000e+00
2515.000000 0.000000e+00
2520.000000 0.000000e+00
2525.000000 0.000000e+00
2530.000000 0.000000e+00
2535.000000 0.000000e+00
2540.000000 0.000000e+00
2545.000000 0.000000e+00
2550.000000 8.297773e-14
2555.000000 6.834763e-13
2560.000000 1.508505e-12
2565.000000 2.477641e-12
2570.000000 3.557947e-12
2575.000000 4.722425e-12
2580.000000 5.945008e-12
2585.000000 7.197311e-12
2590.000000 8.452793e-12
2595.000000 9.682191e-12
2600.000000 1.085576e-11
2605.000000 1.196207e-11
2610.000000 1.300846e-11
2615.000000 1.401686e-11
2620.000000 1.500469e-11
2625.000000 1.599573e-11
2630.000000 1.701242e-11
2635.000000 1.807576e-11
2640.000000 1.920319e-11
2645.000000 2.042077e-11
2650.000000 2.174677e-11
2655.000000 2.318670e-11
2660.000000 2.472271e-11
2665.000000 2.631819e-11
2670.000000 2.793883e-11
2675.000000 2.954845e-11
2680.000000 3.111043e-11
2685.000000 3.258923e-11
2690.000000 3.395352e-11
2695.000000 3.516685e-11
2700.000000 3.619027e-11
2705.000000 3.701148e-11
2710.000000 3.764186e-11
2715.000000 3.811496e-11
2720.000000 3.846673e-11
2725.000000 3.873025e-11
2730.000000 3.893562e-11
2735.000000 3.911592e-11
2740.000000 3.930673e-11
2745.000000 3.954150e-11
2750.000000 3.985176e-11
2755.000000 4.025531e-11
2760.000000 4.073441e-11
2765.000000 4.125734e-11
2770.000000 4.179180e-11
2775.000000 4.230697e-11
2780.000000 4.276820e-11
2785.000000 4.314468e-11
2790.000000 4.340359e-11
2795.000000 4.350965e-11
2800.000000 4.343638e-11
2805.000000 4.319287e-11
2810.000000 4.287485e-11
2815.000000 4.262420e-11
2820.000000 4.257672e-11
2825.000000 4.287619e-11
2830.000000 4.366245e-11
2835.000000 4.507471e-11
2840.000000 4.725302e-11
2845.000000 5.034145e-11
2850.000000 5.447074e-11
2855.000000 5.971105e-11
2860.000000 6.597563e-11
2865.000000 7.310871e-11
2870.000000 8.095123e-11
2875.000000 8.934330e-11
2880.000000 9.812593e-11
2885.000000 1.071369e-10
2890.000000 1.162195e-10
2895.000000 1.252120e-10
2900.000000 1.339582e-10
2905.000000 1.423045e-10
2910.000000 1.501347e-10
2915.000000 1.573379e-10
2920.000000 1.637996e-10
2925.000000 1.694117e-10
2930.000000 1.740678e-10
2935.000000 1.776548e-10
2940.000000 1.800604e-10
2945.000000 1.811773e-10
2950.000000 1.809045e-10
2955.000000 1.792256e-10
2960.000000 1.763384e-10
2965.000000 1.725350e-10
2970.000000 1.681101e-10
2975.000000 1.633594e-10
2980.000000 1.585784e-10
2985.000000 1.540593e-10
2990.000000 1.501026e-10
2995.000000 1.469999e-10
3000.000000 1.450404e-10
3005.000000 1.444180e-10
3010.000000 1.450968e-10
3015.000000 1.469465e-10
3020.000000 1.498289e-10
3025.000000 1.536072e-10
3030.000000 1.581409e-10
3035.000000 1.632959e-10
3040.000000 1.689334e-10
3045.000000 1.749124e-10
3050.000000 1.810989e-10
3055.000000 1.873875e-10
3060.000000 1.937442e-10
3065.000000 2.001569e-10
3070.000000 2.066215e-10
3075.000000 2.131385e-10
3080.000000 2.196979e-10
3085.000000 2.262966e-10
3090.000000 2.329293e-10
3095.000000 2.395934e-10
3100.000000 2.462818e-10
3105.000000 2.530004e-10
3110.000000 2.597652e-10
3115.000000 2.666052e-10
3120.000000 2.735423e-10
3125.000000 2.806057e-10
3130.000000 2.878240e-10
3135.000000 2.952209e-10
3140.000000 3.028234e-10
3145.000000 3.106566e-10
3150.000000 3.187441e-10
3155.000000 3.430018e-10
3160.000000 4.460776e-10
3165.000000 4.644424e-10
3170.000000 4.642688e-10
3175.000000 4.586352e-10
3180.000000 4.402572e-10
3185.000000 4.110487e-10
3190.000000 3.993447e-10
3195.000000 4.329408e-10
3200.000000 5.158469e-10
3205.000000 5.203983e-10
3210.000000 4.962588e-10
3215.000000 4.904318e-10
3220.000000 4.730254e-10
3225.000000 4.122407e-10
3230.000000 3.450706e-10
3235.000000 3.202894e-10
3240.000000 3.461945e-10
3245.000000 4.093036e-10
3250.000000 4.813825e-10
3255.000000 5.366096e-10
3260.000000 5.687690e-10
3265.000000 5.792875e-10
3270.000000 5.707084e-10
3275.000000 5.512922e-10
3280.000000 5.432673e-10
3285.000000 5.629425e-10
3290.000000 5.968846e-10
3295.000000 6.216427e-10
3300.000000 6.183259e-10
3305.000000 5.827582e-10
3310.000000 5.433672e-10
3315.000000 5.277185e-10
3320.000000 5.291371e-10
3325.000000 5.318073e-10
3330.000000 5.310331e-10
3335.000000 5.299449e-10
3340.000000 5.389687e-10
3345.000000 5.587349e-10
3350.000000 5.588062e-10
3355.000000 5.178779e-10
3360.000000 4.688541e-10
3365.000000 4.491953e-10
3370.000000 4.539163e-10
3375.000000 4.675165e-10
3380.000000 4.901435e-10
3385.000000 5.234960e-10
3390.000000 5.565119e-10
3395.000000 5.772751e-10
3400.000000 5.851642e-10
3405.000000 5.857498e-10
3410.000000 5.889140e-10
3415.000000 6.008048e-10
3420.000000 6.135952e-10
3425.000000 6.140317e-10
3430.000000 5.896321e-10
3435.000000 5.406900e-10
3440.000000 4.992435e-10
3445.000000 4.958607e-10
3450.000000 5.250804e-10
3455.000000 5.638813e-10
3460.000000 5.809785e-10
3465.000000 5.602959e-10
3470.000000 5.318541e-10
3475.000000 5.261629e-10
3480.000000 5.300951e-10
3485.000000 5.265588e-10
3490.000000 5.319448e-10
3495.000000 5.638734e-10
3500.000000 6.083016e-10
3505.000000 6.409353e-10
3510.000000 6.440686e-10
3515.000000 6.149832e-10
3520.000000 5.824316e-10
3525.000000 5.765400e-10
3530.000000 5.993653e-10
3535.000000 6.362745e-10
3540.000000 6.581417e-10
3545.000000 6.428041e-10
3550.000000 6.000107e-10
3555.000000 5.495439e-10
3560.000000 5.051644e-10
3565.000000 4.712329e-10
3570.000000 4.354223e-10
3575.000000 3.924366e-10
3580.000000 3.709860e-10
3585.000000 3.998938e-10
3590.000000 4.729191e-10
3595.000000 5.629454e-10
3600.000000 6.256273e-10
3605.000000 6.362096e-10
3610.000000 6.362037e-10
3615.000000 6.692203e-10
3620.000000 7.187079e-10
3625.000000 7.538369e-10
3630.000000 7.684627e-10
3635.000000 7.709291e-10
3640.000000 7.808574e-10
3645.000000 8.152219e-10
3650.000000 8.730643e-10
3655.000000 9.412121e-10
3660.000000 9.927863e-10
3665.000000 1.004623e-09
3670.000000 9.773884e-10
3675.000000 9.281331e-10
3680.000000 8.920365e-10
3685.000000 8.942252e-10
3690.000000 9.162145e-10
3695.000000 9.300373e-10
3700.000000 9.265364e-10
3705.000000 9.059918e-10
3710.000000 8.731127e-10
3715.000000 8.293248e-10
3720.000000 7.647363e-10
3725.000000 6.765058e-10
3730.000000 5.913987e-10
3735.000000 5.393858e-10
3740.000000 5.285594e-10
3745.000000 5.536655e-10
3750.000000 5.970918e-10
3755.000000 6.424259e-10
3760.000000 6.881133e-10
3765.000000 7.397342e-10
3770.000000 8.050465e-10
3775.000000 8.750928e-10
3780.000000 8.978254e-10
3785.000000 8.390806e-10
3790.000000 7.534932e-10
3795.000000 7.050354e-10
3800.000000 6.921916e-10
3805.000000 6.852616e-10
3810.000000 6.494542e-10
3815.000000 5.681599e-10
3820.000000 4.751169e-10
3825.000000 4.121921e-10
3830.000000 3.920923e-10
3835.000000 4.092832e-10
3840.000000 4.407668e-10
3845.000000 4.636450e-10
3850.000000 4.717767e-10
3855.000000 4.677365e-10
3860.000000 4.601030e-10
3865.000000 4.583279e-10
3870.000000 4.691286e-10
3875.000000 5.002238e-10
3880.000000 5.639524e-10
3885.000000 6.642232e-10
3890.000000 7.779873e-10
3895.000000 8.764665e-10
3900.000000 9.432092e-10
3905.000000 9.731531e-10
3910.000000 9.767944e-10
3915.000000 9.536066e-10
3920.000000 8.626903e-10
3925.000000 6.900049e-10
3930.000000 5.316144e-10
3935.000000 4.943962e-10
3940.000000 5.991498e-10
3945.000000 7.982869e-10
3950.000000 9.558406e-10
3955.000000 9.590261e-10
3960.000000 8.438741e-10
3965.000000 7.175687e-10
3970.000000 7.193499e-10
3975.000000 9.236711e-10
3980.000000 1.209158e-09
3985.000000 1.428821e-09
3990.000000 1.563286e-09
3995.000000 1.643084e-09
4000.000000 1.697688e-09
4005.000000 1.749416e-09
4010.000000 1.806494e-09
4015.000000 1.862471e-09
4020.000000 1.886714e-09
4025.000000 1.855809e-09
4030.000000 1.789077e-09
4035.000000 1.719048e-09
4040.000000 1.669437e-09
4045.000000 1.652089e-09
4050.000000 1.657274e-09
4055.000000 1.665601e-09
4060.000000 1.655192e-09
4065.000000 1.625790e-09
4070.000000 1.633414e-09
4075.000000 1.720329e-09
4080.000000 1.837198e-09
4085.000000 1.917444e-09
4090.000000 1.942472e-09
4095.000000 1.920750e-09
4100.000000 1.881253e-09
4105.000000 1.852148e-09
4110.000000 1.840207e-09
4115.000000 1.838010e-09
4120.000000 1.823128e-09
4125.000000 1.778768e-09
4130.000000 1.717005e-09
4135.000000 1.655675e-09
4140.000000 1.599480e-09
4145.000000 1.554977e-09
4150.000000 1.545968e-09
4155.000000 1.583375e-09
4160.000000 1.627599e-09
4165.000000 1.638367e-09
4170.000000 1.624451e-09
4175.000000 1.610765e-09
4180.000000 1.613688e-09
4185.000000 1.635509e-09
4190.000000 1.653099e-09
4195.000000 1.654157e-09
4200.000000 1.677636e-09
4205.000000 1.753977e-09
4210.000000 1.840355e-09
4215.000000 1.883631e-09
4220.000000 1.879750e-09
4225.000000 1.859352e-09
4230.000000 1.889682e-09
4235.000000 2.002952e-09
4240.000000 2.107750e-09
4245.000000 2.117454e-09
4250.000000 2.080333e-09
4255.000000 2.067507e-09
4260.000000 2.072976e-09
4265.000000 2.067191e-09
4270.000000 2.040226e-09
4275.000000 1.996550e-09
4280.000000 1.954389e-09
4285.000000 1.914706e-09
4290.000000 1.824674e-09
4295.000000 1.665713e-09
4300.000000 1.559916e-09
4305.000000 1.626822e-09
4310.000000 1.835604e-09
4315.000000 2.089680e-09
4320.000000 2.276671e-09
4325.000000 2.335557e-09
4330.000000 2.348535e-09
4335.000000 2.403577e-09
4340.000000 2.464111e-09
4345.000000 2.477151e-09
4350.000000 2.473316e-09
4355.000000 2.495046e-09
4360.000000 2.527862e-09
4365.000000 2.532615e-09
4370.000000 2.467889e-09
4375.000000 2.330419e-09
4380.000000 2.215077e-09
4385.000000 2.207649e-09
4390.000000 2.272907e-09
4395.000000 2.343081e-09
4400.000000 2.389031e-09
4405.000000 2.413403e-09
4410.000000 2.457866e-09
4415.000000 2.546605e-09
4420.000000 2.623184e-09
4425.000000 2.638018e-09
4430.000000 2.638709e-09
4435.000000 2.678852e-09
4440.000000 2.729375e-09
4445.000000 2.742235e-09
4450.000000 2.706698e-09
4455.000000 2.645718e-09
4460.000000 2.628779e-09
4465.000000 2.706929e-09
4470.000000 2.837446e-09
4475.000000 2.950579e-09
4480.000000 3.001986e-09
4485.000000 2.985977e-09
4490.000000 2.968801e-09
4495.000000 3.013638e-09
4500.000000 3.103931e-09
4505.000000 3.185439e-09
4510.000000 3.189202e-09
4515.000000 3.084455e-09
4520.000000 2.951656e-09
4525.000000 2.881562e-09
4530.000000 2.880865e-09
4535.000000 2.921474e-09
4540.000000 2.971452e-09
4545.000000 3.013873e-09
4550.000000 3.070251e-09
4555.000000 3.152962e-09
4560.000000 3.214357e-09
4565.000000 3.213290e-09
4570.000000 3.185421e-09
4575.000000 3.174174e-09
4580.000000 3.166427e-09
4585.000000 3.142376e-09
4590.000000 3.122890e-09
4595.000000 3.137425e-09
4600.000000 3.194708e-09
4605.000000 3.285440e-09
4610.000000 3.375264e-09
4615.000000 3.430550e-09
4620.000000 3.443560e-09
4625.000000 3.414410e-09
4630.000000 3.339509e-09
4635.000000 3.232044e-09
4640.000000 3.151784e-09
4645.000000 3.143711e-09
4650.000000 3.167770e-09
4655.000000 3.167782e-09
4660.000000 3.131993e-09
4665.000000 3.078536e-09
4670.000000 3.055143e-09
4675.000000 3.089536e-09
4680.000000 3.130677e-09
4685.000000 3.125965e-09
4690.000000 3.097193e-09
4695.000000 3.083428e-09
4700.000000 3.093288e-09
4705.000000 3.126163e-09
4710.000000 3.188346e-09
4715.000000 3.273240e-09
4720.000000 3.334446e-09
4725.000000 3.339919e-09
4730.000000 3.333920e-09
4735.000000 3.365808e-09
4740.000000 3.421140e-09
4745.000000 3.463563e-09
4750.000000 3.466459e-09
4755.000000 3.427557e-09
4760.000000 3.395497e-09
4765.000000 3.414538e-09
4770.000000 3.467269e-09
4775.000000 3.518504e-09
4780.000000 3.549369e-09
4785.000000 3.555284e-09
4790.000000 3.550829e-09
4795.000000 3.552558e-09
4800.000000 3.563749e-09
4805.000000 3.580362e-09
4810.000000 3.592671e-09
4815.000000 3.591107e-09
4820.000000 3.571865e-09
4825.000000 3.536907e-09
4830.000000 3.497294e-09
4835.000000 3.463216e-09
4840.000000 3.433297e-09
4845.000000 3.399365e-09
4850.000000 3.348027e-09
4855.000000 3.275517e-09
4860.000000 3.207866e-09
4865.000000 3.174197e-09
4870.000000 3.181384e-09
4875.000000 3.222591e-09
4880.000000 3.278492e-09
4885.000000 3.335406e-09
4890.000000 3.404185e-09
4895.000000 3.484989e-09
4900.000000 3.527229e-09
4905.000000 3.491794e-09
4910.000000 3.420265e-09
4915.000000 3.366924e-09
4920.000000 3.338732e-09
4925.000000 3.333517e-09
4930.000000 3.372864e-09
4935.000000 3.465619e-09
4940.000000 3.562640e-09
4945.000000 3.611436e-09
4950.000000 3.610016e-09
4955.000000 3.582500e-09
4960.000000 3.567824e-09
4965.000000 3.583742e-09
4970.000000 3.581412e-09
4975.000000 3.518501e-09
4980.000000 3.435279e-09
4985.000000 3.383551e-09
4990.000000 3.360924e-09
4995.000000 3.341266e-09
5000.000000 3.294461e-09
5005.000000 3.215270e-09
5010.000000 3.163776e-09
5015.000000 3.192979e-09
5020.000000 3.272309e-09
5025.000000 3.349863e-09
5030.000000 3.402886e-09
5035.000000 3.427212e-09
5040.000000 3.436450e-09
5045.000000 3.450498e-09
5050.000000 3.487875e-09
5055.000000 3.548597e-09
5060.000000 3.587039e-09
5065.000000 3.561985e-09
5070.000000 3.489676e-09
5075.000000 3.408893e-09
5080.000000 3.357975e-09
5085.000000 3.354472e-09
5090.000000 3.364482e-09
5095.000000 3.352949e-09
5100.000000 3.331955e-09
5105.000000 3.321486e-09
5110.000000 3.314157e-09
5115.000000 3.294242e-09
5120.000000 3.254038e-09
5125.000000 3.200640e-09
5130.000000 3.169438e-09
5135.000000 3.183480e-09
5140.000000 3.206160e-09
5145.000000 3.194371e-09
5150.000000 3.147689e-09
5155.000000 3.077904e-09
5160.000000 2.986363e-09
5165.000000 2.885680e-09
5170.000000 2.828147e-09
5175.000000 2.854555e-09
5180.000000 2.935652e-09
5185.000000 3.026678e-09
5190.000000 3.112318e-09
5195.000000 3.186737e-09
5200.000000 3.238376e-09
5205.000000 3.262237e-09
5210.000000 3.276897e-09
5215.000000 3.299960e-09
5220.000000 3.323712e-09
5225.000000 3.341445e-09
5230.000000 3.373632e-09
5235.000000 3.434259e-09
5240.000000 3.492330e-09
5245.000000 3.506816e-09
5250.000000 3.457212e-09
5255.000000 3.345742e-09
5260.000000 3.214073e-09
5265.000000 3.121093e-09
5270.000000 3.129257e-09
5275.000000 3.260715e-09
5280.000000 3.430009e-09
5285.000000 3.543408e-09
5290.000000 3.593109e-09
5295.000000 3.611188e-09
5300.000000 3.643793e-09
5305.000000 3.708567e-09
5310.000000 3.739788e-09
5315.000000 3.678571e-09
5320.000000 3.567252e-09
5325.000000 3.477375e-09
5330.000000 3.452583e-09
5335.000000 3.503654e-09
5340.000000 3.586749e-09
5345.000000 3.659403e-09
5350.000000 3.733287e-09
5355.000000 3.814573e-09
5360.000000 3.842902e-09
5365.000000 3.777461e-09
5370.000000 3.694378e-09
5375.000000 3.673589e-09
5380.000000 3.686846e-09
5385.000000 3.674825e-09
5390.000000 3.609504e-09
5395.000000 3.498776e-09
5400.000000 3.408987e-09
5405.000000 3.401047e-09
5410.000000 3.463480e-09
5415.000000 3.550988e-09
5420.000000 3.604633e-09
5425.000000 3.591270e-09
5430.000000 3.556109e-09
5435.000000 3.554300e-09
5440.000000 3.588688e-09
5445.000000 3.637060e-09
5450.000000 3.666701e-09
5455.000000 3.659080e-09
5460.000000 3.639985e-09
5465.000000 3.630832e-09
5470.000000 3.599874e-09
5475.000000 3.526480e-09
5480.000000 3.471485e-09
5485.000000 3.494452e-09
5490.000000 3.568551e-09
5495.000000 3.638386e-09
5500.000000 3.663637e-09
5505.000000 3.633941e-09
5510.000000 3.598783e-09
5515.000000 3.605270e-09
5520.000000 3.636016e-09
5525.000000 3.658006e-09
5530.000000 3.663394e-09
5535.000000 3.661017e-09
5540.000000 3.675361e-09
5545.000000 3.720652e-09
5550.000000 3.769970e-09
5555.000000 3.789663e-09
5560.000000 3.770855e-09
5565.000000 3.724452e-09
5570.000000 3.686119e-09
5575.000000 3.679836e-09
5580.000000 3.675871e-09
5585.000000 3.640711e-09
5590.000000 3.585627e-09
5595.000000 3.543125e-09
5600.000000 3.553038e-09
5605.000000 3.628453e-09
5610.000000 3.707665e-09
5615.000000 3.729165e-09
5620.000000 3.706187e-09
5625.000000 3.675219e-09
5630.000000 3.656985e-09
5635.000000 3.658141e-09
5640.000000 3.666915e-09
5645.000000 3.672691e-09
5650.000000 3.684465e-09
5655.000000 3.707931e-09
5660.000000 3.721450e-09
5665.000000 3.711403e-09
5670.000000 3.711801e-09
5675.000000 3.753832e-09
5680.000000 3.813470e-09
5685.000000 3.852842e-09
5690.000000 3.854580e-09
5695.000000 3.816923e-09
5700.000000 3.757679e-09
5705.000000 3.704121e-09
5710.000000 3.689133e-09
5715.000000 3.734750e-09
5720.000000 3.827646e-09
5725.000000 3.930124e-09
5730.000000 3.977974e-09
5735.000000 3.932783e-09
5740.000000 3.848449e-09
5745.000000 3.792307e-09
5750.000000 3.774411e-09
5755.000000 3.781402e-09
5760.000000 3.797955e-09
5765.000000 3.812312e-09
5770.000000 3.822124e-09
5775.000000 3.828620e-09
5780.000000 3.833443e-09
5785.000000 3.838538e-09
5790.000000 3.846765e-09
5795.000000 3.861251e-09
5800.000000 3.884944e-09
5805.000000 3.918040e-09
5810.000000 3.953698e-09
5815.000000 3.982387e-09
5820.000000 3.994699e-09
5825.000000 3.985391e-09
5830.000000 3.959984e-09
5835.000000 3.928154e-09
5840.000000 3.899637e-09
5845.000000 3.880729e-09
5850.000000 3.868720e-09
5855.000000 3.857449e-09
5860.000000 3.840654e-09
5865.000000 3.814538e-09
5870.000000 3.781657e-09
5875.000000 3.747056e-09
5880.000000 3.715957e-09
5885.000000 3.693383e-09
5890.000000 3.683665e-09
5895.000000 3.690895e-09
5900.000000 3.718776e-09
5905.000000 3.767134e-09
5910.000000 3.825761e-09
5915.000000 3.880598e-09
5920.000000 3.917773e-09
5925.000000 3.928906e-09
5930.000000 3.919989e-09
5935.000000 3.902547e-09
5940.000000 3.888263e-09
5945.000000 3.885273e-09
5950.000000 3.892310e-09
5955.000000 3.904570e-09
5960.000000 3.916957e-09
5965.000000 3.925399e-09
5970.000000 3.928474e-09
5975.000000 3.925785e-09
5980.000000 3.917083e-09
5985.000000 3.903192e-09
5990.000000 3.887520e-09
5995.000000 3.874500e-09
6000.000000 3.860618e-09
6005.000000 3.815295e-09
6010.000000 3.806969e-09
6015.000000 3.813532e-09
6020.000000 3.832688e-09
6025.000000 3.881074e-09
6030.000000 3.922770e-09
6035.000000 3.945126e-09
6040.000000 3.945764e-09
6045.000000 3.949273e-09
6050.000000 3.930135e-09
6055.000000 3.901816e-09
6060.000000 3.887580e-09
6065.000000 3.903359e-09
6070.000000 3.924730e-09
6075.000000 3.909407e-09
6080.000000 3.877178e-09
6085.000000 3.855949e-09
6090.000000 3.842254e-09
6095.000000 3.841893e-09
6100.000000 3.830440e-09
6105.000000 3.833180e-09
6110.000000 3.847628e-09
6115.000000 3.815604e-09
6120.000000 3.785216e-09
6125.000000 3.779041e-09
6130.000000 3.752795e-09
6135.000000 3.703322e-09
6140.000000 3.727045e-09
6145.000000 3.739857e-09
6150.000000 3.725076e-09
6155.000000 3.700735e-09
6160.000000 3.665004e-09
6165.000000 3.671413e-09
6170.000000 3.721743e-09
6175.000000 3.780070e-09
6180.000000 3.805657e-09
6185.000000 3.771921e-09
6190.000000 3.759027e-09
6195.000000 3.792713e-09
6200.000000 3.818733e-09
6205.000000 3.814244e-09
6210.000000 3.695646e-09
6215.000000 3.627709e-09
6220.000000 3.662610e-09
6225.000000 3.667557e-09
6230.000000 3.631798e-09
6235.000000 3.629639e-09
6240.000000 3.574758e-09
6245.000000 3.571886e-09
6250.000000 3.536218e-09
6255.000000 3.457378e-09
6260.000000 3.544196e-09
6265.000000 3.661398e-09
6270.000000 3.691468e-09
6275.000000 3.662954e-09
6280.000000 3.634300e-09
6285.000000 3.707962e-09
6290.000000 3.693172e-09
6295.000000 3.624629e-09
6300.000000 3.657403e-09
6305.000000 3.668124e-09
6310.000000 3.642492e-09
6315.000000 3.597979e-09
6320.000000 3.640624e-09
6325.000000 3.696330e-09
6330.000000 3.698932e-09
6335.000000 3.667721e-09
6340.000000 3.707581e-09
6345.000000 3.743618e-09
6350.000000 3.739326e-09
6355.000000 3.654166e-09
6360.000000 3.608077e-09
6365.000000 3.700298e-09
6370.000000 3.783292e-09
6375.000000 3.780728e-09
6380.000000 3.773208e-09
6385.000000 3.773780e-09
6390.000000 3.731905e-09
6395.000000 3.698507e-09
6400.000000 3.717342e-09
6405.000000 3.730634e-09
6410.000000 3.713144e-09
6415.000000 3.712168e-09
6420.000000 3.711484e-09
6425.000000 3.741112e-09
6430.000000 3.717765e-09
6435.000000 3.736252e-09
6440.000000 3.769508e-09
6445.000000 3.727095e-09
6450.000000 3.670181e-09
6455.000000 3.714924e-09
6460.000000 3.697530e-09
6465.000000 3.708260e-09
6470.000000 3.723754e-09
6475.000000 3.732984e-09
6480.000000 3.707289e-09
6485.000000 3.675070e-09
6490.000000 3.547113e-09
6495.000000 3.452143e-09
6500.000000 3.604995e-09
6505.000000 3.732013e-09
6510.000000 3.774725e-09
6515.000000 3.754449e-09
6520.000000 3.755620e-09
6525.000000 3.753947e-09
6530.000000 3.731182e-09
6535.000000 3.765774e-09
6540.000000 3.744798e-09
6545.000000 3.706428e-09
6550.000000 3.654723e-09
6555.000000 3.522339e-09
6560.000000 3.355838e-09
6565.000000 3.461756e-09
6570.000000 3.600179e-09
6575.000000 3.670454e-09
6580.000000 3.730181e-09
6585.000000 3.726965e-09
6590.000000 3.679283e-09
6595.000000 3.682440e-09
6600.000000 3.713288e-09
6605.000000 3.690324e-09
6610.000000 3.732544e-09
6615.000000 3.796706e-09
6620.000000 3.780943e-09
6625.000000 3.716697e-09
6630.000000 3.683235e-09
6635.000000 3.709084e-09
6640.000000 3.705863e-09
6645.000000 3.723717e-09
6650.000000 3.753265e-09
6655.000000 3.746794e-09
6660.000000 3.692573e-09
6665.000000 3.685670e-09
6670.000000 3.711187e-09
6675.000000 3.676699e-09
6680.000000 3.722322e-09
6685.000000 3.756032e-09
6690.000000 3.734980e-09
6695.000000 3.693745e-09
6700.000000 3.684971e-09
6705.000000 3.677461e-09
6710.000000 3.645114e-09
6715.000000 3.624083e-09
6720.000000 3.672185e-09
6725.000000 3.698719e-09
6730.000000 3.695840e-09
6735.000000 3.657092e-09
6740.000000 3.621755e-09
6745.000000 3.620134e-09
6750.000000 3.636627e-09
6755.000000 3.675703e-09
6760.000000 3.684714e-09
6765.000000 3.643351e-09
6770.000000 3.633724e-09
6775.000000 3.683365e-09
6780.000000 3.665180e-09
6785.000000 3.649876e-09
6790.000000 3.669502e-09
6795.000000 3.653208e-09
6800.000000 3.657769e-09
6805.000000 3.642580e-09
6810.000000 3.640335e-09
6815.000000 3.651973e-09
6820.000000 3.668641e-09
6825.000000 3.661891e-09
6830.000000 3.657966e-09
6835.000000 3.667306e-09
6840.000000 3.663424e-09
6845.000000 3.657466e-09
6850.000000 3.651699e-09
6855.000000 3.646502e-09
6860.000000 3.640792e-09
6865.000000 3.635331e-09
6870.000000 3.629465e-09
6875.000000 3.623676e-09
6880.000000 3.618501e-09
6885.000000 3.613917e-09
6890.000000 3.608929e-09
6895.000000 3.603995e-09
6900.000000 3.599312e-09
6905.000000 3.594349e-09
6910.000000 3.589189e-09
6915.000000 3.585633e-09
6920.000000 3.580708e-09
6925.000000 3.573129e-09
6930.000000 3.565044e-09
6935.000000 3.557441e-09
6940.000000 3.551177e-09
6945.000000 3.545021e-09
6950.000000 3.539283e-09
6955.000000 3.535193e-09
6960.000000 3.530037e-09
6965.000000 3.525176e-09
6970.000000 3.517211e-09
6975.000000 3.457657e-09
6980.000000 3.495949e-09
6985.000000 3.542087e-09
6990.000000 3.544262e-09
6995.000000 3.519878e-09
7000.000000 3.486898e-09
7005.000000 3.488171e-09
7010.000000 3.471809e-09
7015.000000 3.438988e-09
7020.000000 3.466765e-09
7025.000000 3.479276e-09
7030.000000 3.508063e-09
7035.000000 3.511069e-09
7040.000000 3.559264e-09
7045.000000 3.565279e-09
7050.000000 3.538843e-09
7055.000000 3.539824e-09
7060.000000 3.527833e-09
7065.000000 3.501647e-09
7070.000000 3.547696e-09
7075.000000 3.583961e-09
7080.000000 3.527852e-09
7085.000000 3.475790e-09
7090.000000 3.507898e-09
7095.000000 3.536505e-09
7100.000000 3.538877e-09
7105.000000 3.500311e-09
7110.000000 3.479350e-09
7115.000000 3.499650e-09
7120.000000 3.487443e-09
7125.000000 3.479476e-09
7130.000000 3.468595e-09
7135.000000 3.500463e-09
7140.000000 3.510416e-09
7145.000000 3.482213e-09
7150.000000 3.484100e-09
7155.000000 3.504484e-09
7160.000000 3.489913e-09
7165.000000 3.473333e-09
7170.000000 3.488813e-09
7175.000000 3.433318e-09
7180.000000 3.365053e-09
7185.000000 3.296719e-09
7190.000000 3.288861e-09
7195.000000 3.352768e-09
7200.000000 3.359548e-09
7205.000000 3.335120e-09
7210.000000 3.368624e-09
7215.000000 3.405416e-09
7220.000000 3.428232e-09
7225.000000 3.455424e-09
7230.000000 3.458695e-09
7235.000000 3.429988e-09
7240.000000 3.415275e-09
7245.000000 3.405316e-09
7250.000000 3.383186e-09
7255.000000 3.374653e-09
7260.000000 3.352183e-09
7265.000000 3.381764e-09
7270.000000 3.388317e-09
7275.000000 3.356654e-09
7280.000000 3.320850e-09
7285.000000 3.291001e-09
7290.000000 3.275753e-09
7295.000000 3.353955e-09
7300.000000 3.361188e-09
7305.000000 3.340970e-09
7310.000000 3.343653e-09
7315.000000 3.342258e-09
7320.000000 3.332112e-09
7325.000000 3.337539e-09
7330.000000 3.376678e-09
7335.000000 3.415058e-09
7340.000000 3.404936e-09
7345.000000 3.371451e-09
7350.000000 3.335498e-09
7355.000000 3.300568e-09
7360.000000 3.312100e-09
7365.000000 3.356763e-09
7370.000000 3.405404e-09
7375.000000 3.415547e-09
7380.000000 3.368236e-09
7385.000000 3.298276e-09
7390.000000 3.323740e-09
7395.000000 3.359826e-09
7400.000000 3.359127e-09
7405.000000 3.354105e-09
7410.000000 3.300610e-09
7415.000000 3.280787e-09
7420.000000 3.299347e-09
7425.000000 3.362213e-09
7430.000000 3.380720e-09
7435.000000 3.380992e-09
7440.000000 3.342935e-09
7445.000000 3.350336e-09
7450.000000 3.390069e-09
7455.000000 3.376815e-09
7460.000000 3.346643e-09
7465.000000 3.381025e-09
7470.000000 3.371651e-09
7475.000000 3.361768e-09
7480.000000 3.352614e-09
7485.000000 3.343775e-09
7490.000000 3.303398e-09
7495.000000 3.308327e-09
7500.000000 3.345542e-09
7505.000000 3.328143e-09
7510.000000 3.333878e-09
7515.000000 3.369087e-09
7520.000000 3.337229e-09
7525.000000 3.328473e-09
7530.000000 3.348085e-09
7535.000000 3.367210e-09
7540.000000 3.358684e-09
7545.000000 3.345056e-09
7550.000000 3.347138e-09
7555.000000 3.343041e-09
7560.000000 3.339308e-09
7565.000000 3.336983e-09
7570.000000 3.334094e-09
7575.000000 3.331689e-09
7580.000000 3.330567e-09
7585.000000 3.328207e-09
7590.000000 3.325727e-09
7595.000000 3.324102e-09
7600.000000 3.323208e-09
7605.000000 3.321951e-09
7610.000000 3.320327e-09
7615.000000 3.318850e-09
7620.000000 3.317380e-09
7625.000000 3.315904e-09
7630.000000 3.314460e-09
7635.000000 3.313032e-09
7640.000000 3.311655e-09
7645.000000 3.310327e-09
7650.000000 3.309053e-09
7655.000000 3.307852e-09
7660.000000 3.306719e-09
7665.000000 3.305637e-09
7670.000000 3.304244e-09
7675.000000 3.302384e-09
7680.000000 3.301467e-09
7685.000000 3.302739e-09
7690.000000 3.303462e-09
7695.000000 3.302055e-09
7700.000000 3.299994e-09
7705.000000 3.297879e-09
7710.000000 3.296227e-09
7715.000000 3.294945e-09
7720.000000 3.293902e-09
7725.000000 3.294052e-09
7730.000000 3.304913e-09
7735.000000 3.316051e-09
7740.000000 3.289448e-09
7745.000000 3.235801e-09
7750.000000 3.259777e-09
7755.000000 3.309813e-09
7760.000000 3.322456e-09
7765.000000 3.322594e-09
7770.000000 3.312729e-09
7775.000000 3.306752e-09
7780.000000 3.296267e-09
7785.000000 3.286166e-09
7790.000000 3.281981e-09
7795.000000 3.278783e-09
7800.000000 3.285099e-09
7805.000000 3.286146e-09
7810.000000 3.286604e-09
7815.000000 3.313889e-09
7820.000000 3.302768e-09
7825.000000 3.283597e-09
7830.000000 3.231342e-09
7835.000000 3.224521e-09
7840.000000 3.265587e-09
7845.000000 3.260828e-09
7850.000000 3.239998e-09
7855.000000 3.251088e-09
7860.000000 3.263995e-09
7865.000000 3.248628e-09
7870.000000 3.212053e-09
7875.000000 3.191505e-09
7880.000000 3.176944e-09
7885.000000 3.194608e-09
7890.000000 3.174544e-09
7895.000000 3.144498e-09
7900.000000 3.145865e-09
7905.000000 3.125856e-09
7910.000000 3.087821e-09
7915.000000 3.070146e-09
7920.000000 3.088000e-09
7925.000000 3.094041e-09
7930.000000 3.068500e-09
7935.000000 3.042640e-09
7940.000000 3.023656e-09
7945.000000 3.024607e-09
7950.000000 3.075260e-09
7955.000000 3.099235e-09
7960.000000 3.106047e-09
7965.000000 3.118487e-09
7970.000000 3.128592e-09
7975.000000 3.111142e-09
7980.000000 3.116489e-09
7985.000000 3.115481e-09
7990.000000 3.108524e-09
7995.000000 3.080724e-09
8000.000000 3.092572e-09
8005.000000 3.126934e-09
8010.000000 3.134724e-09
8015.000000 3.136555e-09
8020.000000 3.108254e-09
8025.000000 3.069506e-09
8030.000000 3.115381e-09
8035.000000 3.151733e-09
8040.000000 3.121321e-09
8045.000000 3.079586e-09
8050.000000 3.104013e-09
8055.000000 3.147755e-09
8060.000000 3.134048e-09
8065.000000 3.083780e-09
8070.000000 3.055061e-09
8075.000000 3.069311e-09
8080.000000 3.067617e-09
8085.000000 3.064483e-09
8090.000000 3.030911e-09
8095.000000 3.036427e-09
8100.000000 3.062882e-09
8105.000000 3.072098e-09
8110.000000 3.054086e-09
8115.000000 3.043696e-09
8120.000000 3.074410e-09
8125.000000 3.080361e-09
8130.000000 3.076856e-09
8135.000000 3.079066e-09
8140.000000 3.069757e-09
8145.000000 3.057819e-09
8150.000000 3.047792e-09
8155.000000 3.041624e-09
8160.000000 3.007784e-09
8165.000000 3.020141e-09
8170.000000 3.049801e-09
8175.000000 3.039682e-09
8180.000000 2.999878e-09
8185.000000 3.003554e-09
8190.000000 3.007638e-09
8195.000000 3.003054e-09
8200.000000 3.013343e-09
8205.000000 3.046251e-09
8210.000000 3.069435e-09
8215.000000 3.070103e-09
8220.000000 3.057785e-09
8225.000000 3.046008e-09
8230.000000 3.008937e-09
8235.000000 3.053924e-09
8240.000000 3.092907e-09
8245.000000 3.100795e-09
8250.000000 3.103800e-09
8255.000000 3.090043e-09
8260.000000 3.111557e-09
8265.000000 3.113386e-09
8270.000000 3.099228e-09
8275.000000 3.076164e-09
8280.000000 3.077952e-09
8285.000000 3.063030e-09
8290.000000 3.038225e-09
8295.000000 3.021663e-09
8300.000000 3.016736e-09
8305.000000 2.976580e-09
8310.000000 2.992300e-09
8315.000000 3.010465e-09
8320.000000 2.983014e-09
8325.000000 2.959735e-09
8330.000000 2.946522e-09
8335.000000 2.957491e-09
8340.000000 2.960646e-09
8345.000000 2.959325e-09
8350.000000 2.973500e-09
8355.000000 2.977735e-09
8360.000000 2.951279e-09
8365.000000 2.961185e-09
8370.000000 2.979491e-09
8375.000000 2.946022e-09
8380.000000 2.890885e-09
8385.000000 2.878565e-09
8390.000000 2.936335e-09
8395.000000 2.959263e-09
8400.000000 2.969324e-09
8405.000000 2.966844e-09
8410.000000 2.938579e-09
8415.000000 2.934469e-09
8420.000000 2.917498e-09
8425.000000 2.888910e-09
8430.000000 2.883548e-09
8435.000000 2.863932e-09
8440.000000 2.909431e-09
8445.000000 2.933337e-09
8450.000000 2.945835e-09
8455.000000 2.955874e-09
8460.000000 2.942268e-09
8465.000000 2.888580e-09
8470.000000 2.900479e-09
8475.000000 2.943424e-09
8480.000000 2.946450e-09
8485.000000 2.941625e-09
8490.000000 2.846706e-09
8495.000000 2.642214e-09
8500.000000 2.709827e-09
8505.000000 2.856701e-09
8510.000000 2.846090e-09
8515.000000 2.810156e-09
8520.000000 2.836019e-09
8525.000000 2.823015e-09
8530.000000 2.746948e-09
8535.000000 2.491806e-09
8540.000000 2.211464e-09
8545.000000 2.445813e-09
8550.000000 2.723198e-09
8555.000000 2.825552e-09
8560.000000 2.857192e-09
8565.000000 2.855296e-09
8570.000000 2.851976e-09
8575.000000 2.848578e-09
8580.000000 2.830503e-09
8585.000000 2.833403e-09
8590.000000 2.844546e-09
8595.000000 2.847657e-09
8600.000000 2.850373e-09
8605.000000 2.824668e-09
8610.000000 2.800236e-09
8615.000000 2.814500e-09
8620.000000 2.828783e-09
8625.000000 2.855030e-09
8630.000000 2.862691e-09
8635.000000 2.866248e-09
8640.000000 2.859752e-09
8645.000000 2.831306e-09
8650.000000 2.755325e-09
8655.000000 2.560052e-09
8660.000000 2.330709e-09
8665.000000 2.507827e-09
8670.000000 2.684806e-09
8675.000000 2.741956e-09
8680.000000 2.769211e-09
8685.000000 2.756457e-09
8690.000000 2.783461e-09
8695.000000 2.836961e-09
8700.000000 2.858947e-09
8705.000000 2.865685e-09
8710.000000 2.854811e-09
8715.000000 2.875695e-09
8720.000000 2.884606e-09
8725.000000 2.861958e-09
8730.000000 2.844622e-09
8735.000000 2.835860e-09
8740.000000 2.840921e-09
8745.000000 2.853923e-09
8750.000000 2.845278e-09
8755.000000 2.846783e-09
8760.000000 2.843268e-09
8765.000000 2.827260e-09
8770.000000 2.813496e-09
8775.000000 2.838498e-09
8780.000000 2.863626e-09
8785.000000 2.852565e-09
8790.000000 2.823717e-09
8795.000000 2.822758e-09
8800.000000 2.772396e-09
8805.000000 2.696602e-09
8810.000000 2.777567e-09
8815.000000 2.831912e-09
8820.000000 2.811721e-09
8825.000000 2.812464e-09
8830.000000 2.846712e-09
8835.000000 2.828799e-09
8840.000000 2.833983e-09
8845.000000 2.856935e-09
8850.000000 2.870351e-09
8855.000000 2.856803e-09
8860.000000 2.825827e-09
8865.000000 2.809399e-09
8870.000000 2.825307e-09
8875.000000 2.823542e-09
8880.000000 2.837614e-09
8885.000000 2.851960e-09
8890.000000 2.847524e-09
8895.000000 2.850904e-09
8900.000000 2.850255e-09
8905.000000 2.846387e-09
8910.000000 2.838616e-09
8915.000000 2.823165e-09
8920.000000 2.807535e-09
8925.000000 2.809165e-09
8930.000000 2.818052e-09
8935.000000 2.824775e-09
8940.000000 2.800157e-09
8945.000000 2.786249e-09
8950.000000 2.820859e-09
8955.000000 2.833426e-09
8960.000000 2.816985e-09
8965.000000 2.798662e-09
8970.000000 2.787180e-09
8975.000000 2.773270e-09
8980.000000 2.774876e-09
8985.000000 2.753163e-09
8990.000000 2.726214e-09
8995.000000 2.744275e-09
9000.000000 2.724115e-09
9005.000000 2.699504e-09
9010.000000 2.677506e-09
9015.000000 2.682228e-09
9020.000000 2.700964e-09
9025.000000 2.735409e-09
9030.000000 2.791334e-09
9035.000000 2.831680e-09
9040.000000 2.843537e-09
9045.000000 2.833281e-09
9050.000000 2.827126e-09
9055.000000 2.811222e-09
9060.000000 2.785876e-09
9065.000000 2.753761e-09
9070.000000 2.718871e-09
9075.000000 2.680238e-09
9080.000000 2.642281e-09
9085.000000 2.602200e-09
9090.000000 2.595660e-09
9095.000000 2.620885e-09
9100.000000 2.630160e-09
9105.000000 2.671094e-09
9110.000000 2.680017e-09
9115.000000 2.664113e-09
9120.000000 2.663359e-09
9125.000000 2.660073e-09
9130.000000 2.629335e-09
9135.000000 2.586334e-09
9140.000000 2.556720e-09
9145.000000 2.543884e-09
9150.000000 2.529220e-09
9155.000000 2.508123e-09
9160.000000 2.505632e-09
9165.000000 2.483392e-09
9170.000000 2.458314e-09
9175.000000 2.463948e-09
9180.000000 2.488223e-09
9185.000000 2.502561e-09
9190.000000 2.517014e-09
9195.000000 2.533708e-09
9200.000000 2.544133e-09
9205.000000 2.539090e-09
9210.000000 2.526110e-09
9215.000000 2.520826e-09
9220.000000 2.530348e-09
9225.000000 2.536677e-09
9230.000000 2.545273e-09
9235.000000 2.542198e-09
9240.000000 2.534818e-09
9245.000000 2.532297e-09
9250.000000 2.523681e-09
9255.000000 2.511904e-09
9260.000000 2.529483e-09
9265.000000 2.556440e-09
9270.000000 2.574561e-09
9275.000000 2.578479e-09
9280.000000 2.585070e-09
9285.000000 2.578312e-09
9290.000000 2.569295e-09
9295.000000 2.555010e-09
9300.000000 2.525205e-09
9305.000000 2.481225e-09
9310.000000 2.436991e-09
9315.000000 2.397428e-09
9320.000000 2.380748e-09
9325.000000 2.379828e-09
9330.000000 2.404238e-09
9335.000000 2.388178e-09
9340.000000 2.353252e-09
9345.000000 2.332335e-09
9350.000000 2.364683e-09
9355.000000 2.311146e-09
9360.000000 2.324074e-09
9365.000000 2.354285e-09
9370.000000 2.349931e-09
9375.000000 2.388423e-09
9380.000000 2.416996e-09
9385.000000 2.489941e-09
9390.000000 2.560608e-09
9395.000000 2.596592e-09
9400.000000 2.573048e-09
9405.000000 2.513307e-09
9410.000000 2.424780e-09
9415.000000 2.366179e-09
9420.000000 2.324291e-09
9425.000000 2.251821e-09
9430.000000 2.207886e-09
9435.000000 2.218939e-09
9440.000000 2.189372e-09
9445.000000 2.229322e-09
9450.000000 2.292875e-09
9455.000000 2.299578e-09
9460.000000 2.322219e-09
9465.000000 2.381777e-09
9470.000000 2.412556e-09
9475.000000 2.423532e-09
9480.000000 2.394656e-09
9485.000000 2.412626e-09
9490.000000 2.411469e-09
9495.000000 2.357070e-09
9500.000000 2.337866e-09
9505.000000 2.404838e-09
9510.000000 2.446198e-09
9515.000000 2.420523e-09
9520.000000 2.397997e-09
9525.000000 2.429073e-09
9530.000000 2.470681e-09
9535.000000 2.488343e-09
9540.000000 2.463592e-09
9545.000000 2.440269e-09
9550.000000 2.457246e-09
9555.000000 2.440159e-09
9560.000000 2.433152e-09
9565.000000 2.410243e-09
9570.000000 2.417127e-09
9575.000000 2.434040e-09
9580.000000 2.404559e-09
9585.000000 2.390603e-09
9590.000000 2.381152e-09
9595.000000 2.379798e-09
9600.000000 2.388715e-09
9605.000000 2.397137e-09
9610.000000 2.404651e-09
9615.000000 2.393088e-09
9620.000000 2.382359e-09
9625.000000 2.362369e-09
9630.000000 2.363116e-09
9635.000000 2.338216e-09
9640.000000 2.337808e-09
9645.000000 2.338045e-09
9650.000000 2.343332e-09
9655.000000 2.353097e-09
9660.000000 2.359232e-09
9665.000000 2.369944e-09
9670.000000 2.385862e-09
9675.000000 2.394009e-09
9680.000000 2.403606e-09
9685.000000 2.396903e-09
9690.000000 2.392154e-09
9695.000000 2.386426e-09
9700.000000 2.362210e-09
9705.000000 2.348123e-09
9710.000000 2.358040e-09
9715.000000 2.348589e-09
9720.000000 2.347012e-09
9725.000000 2.343402e-09
9730.000000 2.350483e-09
9735.000000 2.345708e-09
9740.000000 2.339804e-09
9745.000000 2.344780e-09
9750.000000 2.357109e-09
9755.000000 2.360708e-09
9760.000000 2.363605e-09
9765.000000 2.366151e-09
9770.000000 2.375206e-09
9775.000000 2.368175e-09
9780.000000 2.352257e-09
9785.000000 2.359412e-09
9790.000000 2.370785e-09
9795.000000 2.382121e-09
9800.000000 2.381948e-09
9805.000000 2.391515e-09
9810.000000 2.394277e-09
9815.000000 2.404565e-09
9820.000000 2.407993e-09
9825.000000 2.407193e-09
9830.000000 2.413228e-09
9835.000000 2.424086e-09
9840.000000 2.430220e-09
9845.000000 2.423245e-09
9850.000000 2.419256e-09
9855.000000 2.409601e-09
9860.000000 2.397727e-09
9865.000000 2.376521e-09
9870.000000 2.399188e-09
9875.000000 2.402671e-09
9880.000000 2.399205e-09
9885.000000 2.392324e-09
9890.000000 2.393502e-09
9895.000000 2.383978e-09
9900.000000 2.374190e-09
9905.000000 2.394332e-09
9910.000000 2.391416e-09
9915.000000 2.376739e-09
9920.000000 2.383995e-09
9925.000000 2.379014e-09
9930.000000 2.389809e-09
9935.000000 2.406472e-09
9940.000000 2.424255e-09
9945.000000 2.423943e-09
9950.000000 2.416442e-09
9955.000000 2.415426e-09
9960.000000 2.419830e-09
9965.000000 2.418183e-09
9970.000000 2.422110e-09
9975.000000 2.428649e-09
9980.000000 2.436651e-09
9985.000000 2.422281e-09
9990.000000 2.431962e-09
9995.000000 2.441292e-09
10000.000000 2.437324e-09
10005.000000 2.439053e-09
10010.000000 2.429518e-09
10015.000000 2.448519e-09
10020.000000 2.457489e-09
10025.000000 2.439003e-09
10030.000000 2.436568e-09
10035.000000 2.426129e-09
10040.000000 2.431475e-09
10045.000000 2.407989e-09
10050.000000 2.400498e-09
10055.000000 2.414541e-09
10060.000000 2.395109e-09
10065.000000 2.404000e-09
10070.000000 2.387345e-09
10075.000000 2.393459e-09
10080.000000 2.378459e-09
10085.000000 2.375314e-09
10090.000000 2.371146e-09
10095.000000 2.359881e-09
10100.000000 2.384120e-09
10105.000000 2.388105e-09
10110.000000 2.387703e-09
10115.000000 2.387536e-09
10120.000000 2.387664e-09
10125.000000 2.388008e-09
10130.000000 2.388234e-09
10135.000000 2.387893e-09
10140.000000 2.386530e-09
10145.000000 2.383868e-09
10150.000000 2.380060e-09
10155.000000 2.375419e-09
10160.000000 2.370297e-09
10165.000000 2.365218e-09
10170.000000 2.361174e-09
10175.000000 2.359344e-09
10180.000000 2.360812e-09
10185.000000 2.365772e-09
10190.000000 2.372021e-09
10195.000000 2.376465e-09
10200.000000 2.376041e-09
10205.000000 2.369387e-09
10210.000000 2.359388e-09
10215.000000 2.350584e-09
10220.000000 2.347465e-09
10225.000000 2.352306e-09
10230.000000 2.361673e-09
10235.000000 2.369921e-09
10240.000000 2.371436e-09
10245.000000 2.363201e-09
10250.000000 2.348886e-09
10255.000000 2.334758e-09
10260.000000 2.327074e-09
10265.000000 2.329552e-09
10270.000000 2.339229e-09
10275.000000 2.350618e-09
10280.000000 2.358141e-09
10285.000000 2.358121e-09
10290.000000 2.351718e-09
10295.000000 2.341991e-09
10300.000000 2.332090e-09
10305.000000 2.324195e-09
10310.000000 2.318050e-09
10315.000000 2.312412e-09
10320.000000 2.306079e-09
10325.000000 2.298806e-09
10330.000000 2.292916e-09
10335.000000 2.291713e-09
10340.000000 2.298375e-09
10345.000000 2.313731e-09
10350.000000 2.332539e-09
10355.000000 2.347208e-09
10360.000000 2.350291e-09
10365.000000 2.338021e-09
10370.000000 2.316205e-09
10375.000000 2.294309e-09
10380.000000 2.281818e-09
10385.000000 2.284405e-09
10390.000000 2.297917e-09
10395.000000 2.314401e-09
10400.000000 2.325817e-09
10405.000000 2.326898e-09
10410.000000 2.319631e-09
10415.000000 2.308790e-09
10420.000000 2.299259e-09
10425.000000 2.294491e-09
10430.000000 2.294162e-09
10435.000000 2.296488e-09
10440.000000 2.299576e-09
10445.000000 2.301943e-09
10450.000000 2.303099e-09
10455.000000 2.302966e-09
10460.000000 2.301517e-09
10465.000000 2.299037e-09
10470.000000 2.296590e-09
10475.000000 2.295524e-09
10480.000000 2.297148e-09
10485.000000 2.301936e-09
10490.000000 2.308250e-09
10495.000000 2.313638e-09
10500.000000 2.315658e-09
10505.000000 2.312990e-09
10510.000000 2.307210e-09
10515.000000 2.301010e-09
10520.000000 2.297073e-09
10525.000000 2.296914e-09
10530.000000 2.299009e-09
10535.000000 2.300686e-09
10540.000000 2.299244e-09
10545.000000 2.293046e-09
10550.000000 2.283218e-09
10555.000000 2.271949e-09
10560.000000 2.261476e-09
10565.000000 2.253459e-09
10570.000000 2.248127e-09
10575.000000 2.245118e-09
10580.000000 2.244052e-09
10585.000000 2.244740e-09
10590.000000 2.247508e-09
10595.000000 2.252874e-09
10600.000000 2.261342e-09
10605.000000 2.273129e-09
10610.000000 2.287648e-09
10615.000000 2.304004e-09
10620.000000 1.738649e-09
