1150.000000 1.983868e-07
1155.000000 2.056432e-07
1160.000000 1.622007e-07
1165.000000 1.454618e-07
1170.000000 1.206230e-07
1175.000000 1.002797e-07
1180.000000 1.111209e-07
1185.000000 1.156072e-07
1190.000000 9.537675e-08
1195.000000 8.619667e-08
1200.000000 8.332342e-08
1205.000000 6.775143e-08
1210.000000 4.595491e-08
1215.000000 3.880334e-08
1220.000000 6.467300e-08
1225.000000 9.715176e-08
1230.000000 1.139265e-07
1235.000000 1.230154e-07
1240.000000 1.266372e-07
1245.000000 1.240481e-07
1250.000000 1.211335e-07
1255.000000 1.219785e-07
1260.000000 1.243401e-07
1265.000000 1.306833e-07
1270.000000 1.364760e-07
1275.000000 1.373233e-07
1280.000000 1.367400e-07
1285.000000 1.350651e-07
1290.000000 1.288096e-07
1295.000000 1.171894e-07
1300.000000 1.120506e-07
1305.000000 1.196191e-07
1310.000000 1.296017e-07
1315.000000 1.335238e-07
1320.000000 1.322711e-07
1325.000000 1.254644e-07
1330.000000 1.185671e-07
1335.000000 1.129361e-07
1340.000000 1.162227e-07
1345.000000 1.193214e-07
1350.000000 1.212999e-07
1355.000000 1.212364e-07
1360.000000 1.178939e-07
1365.000000 1.152221e-07
1370.000000 1.138515e-07
1375.000000 1.100062e-07
1380.000000 1.049101e-07
1385.000000 9.690392e-08
1390.000000 8.432158e-08
1395.000000 7.881862e-08
1400.000000 8.142067e-08
1405.000000 8.831922e-08
1410.000000 9.414956e-08
1415.000000 9.358055e-08
1420.000000 9.214204e-08
1425.000000 9.002730e-08
1430.000000 9.179382e-08
1435.000000 9.485026e-08
1440.000000 9.594853e-08
1445.000000 9.547099e-08
1450.000000 9.551242e-08
1455.000000 9.342293e-08
1460.000000 9.259423e-08
1465.000000 9.309569e-08
1470.000000 9.449450e-08
1475.000000 9.444899e-08
1480.000000 9.430740e-08
1485.000000 9.602851e-08
1490.000000 9.620852e-08
1495.000000 9.200255e-08
1500.000000 8.666130e-08
1505.000000 8.499631e-08
1510.000000 8.425052e-08
1515.000000 8.181061e-08
1520.000000 8.110471e-08
1525.000000 7.505083e-08
1530.000000 6.821325e-08
1535.000000 6.393224e-08
1540.000000 5.786089e-08
1545.000000 5.200195e-08
1550.000000 5.615453e-08
1555.000000 6.477995e-08
1560.000000 6.648114e-08
1565.000000 6.713329e-08
1570.000000 6.901450e-08
1575.000000 7.038032e-08
1580.000000 7.136421e-08
1585.000000 7.301561e-08
1590.000000 7.200367e-08
1595.000000 6.858058e-08
1600.000000 6.519520e-08
1605.000000 6.180710e-08
1610.000000 5.976198e-08
1615.000000 6.084995e-08
1620.000000 6.144244e-08
1625.000000 6.153729e-08
1630.000000 6.211978e-08
1635.000000 6.327162e-08
1640.000000 6.467702e-08
1645.000000 6.694853e-08
1650.000000 6.626386e-08
1655.000000 6.302512e-08
1660.000000 6.194838e-08
1665.000000 6.289533e-08
1670.000000 6.275256e-08
1675.000000 6.518808e-08
1680.000000 6.848154e-08
1685.000000 6.753005e-08
1690.000000 6.522821e-08
1695.000000 6.383367e-08
1700.000000 6.272306e-08
1705.000000 6.179086e-08
1710.000000 6.032879e-08
1715.000000 5.801189e-08
1720.000000 5.563391e-08
1725.000000 5.698367e-08
1730.000000 6.043531e-08
1735.000000 6.309985e-08
1740.000000 6.260610e-08
1745.000000 6.144351e-08
1750.000000 6.123874e-08
1755.000000 6.265518e-08
1760.000000 6.390948e-08
1765.000000 6.355795e-08
1770.000000 6.159462e-08
1775.000000 6.033505e-08
1780.000000 5.936546e-08
1785.000000 5.441250e-08
1790.000000 4.811219e-08
1795.000000 5.382543e-08
1800.000000 5.842715e-08
1805.000000 5.814376e-08
1810.000000 5.699906e-08
1815.000000 5.723327e-08
1820.000000 5.818761e-08
1825.000000 5.831312e-08
1830.000000 5.786299e-08
1835.000000 5.666766e-08
1840.000000 5.408463e-08
1845.000000 5.179208e-08
1850.000000 5.083767e-08
1855.000000 5.067961e-08
1860.000000 5.122891e-08
1865.000000 5.140867e-08
1870.000000 5.149552e-08
1875.000000 5.140670e-08
1880.000000 4.996556e-08
1885.000000 4.710425e-08
1890.000000 4.542144e-08
1895.000000 4.570342e-08
1900.000000 4.613679e-08
1905.000000 4.563643e-08
1910.000000 4.496113e-08
1915.000000 4.346034e-08
1920.000000 4.215521e-08
1925.000000 4.179064e-08
1930.000000 4.347537e-08
1935.000000 4.513099e-08
1940.000000 4.558022e-08
1945.000000 4.544883e-08
1950.000000 4.430827e-08
1955.000000 4.210707e-08
1960.000000 3.977781e-08
1965.000000 3.961044e-08
1970.000000 4.220200e-08
1975.000000 4.490026e-08
1980.000000 4.426793e-08
1985.000000 4.362383e-08
1990.000000 4.139888e-08
1995.000000 3.920167e-08
2000.000000 3.890698e-08
2005.000000 3.988814e-08
2010.000000 4.004680e-08
2015.000000 4.177927e-08
2020.000000 4.197758e-08
2025.000000 4.283046e-08
2030.000000 4.283725e-08
2035.000000 4.158576e-08
2040.000000 4.054777e-08
2045.000000 3.978998e-08
2050.000000 3.999970e-08
2055.000000 4.036371e-08
2060.000000 3.851904e-08
2065.000000 3.842484e-08
2070.000000 3.939052e-08
2075.000000 3.978997e-08
2080.000000 3.983839e-08
2085.000000 3.932854e-08
2090.000000 3.804517e-08
2095.000000 3.556326e-08
2100.000000 3.508406e-08
2105.000000 3.550227e-08
2110.000000 3.653290e-08
2115.000000 3.786682e-08
2120.000000 3.802010e-08
2125.000000 3.833424e-08
2130.000000 3.828463e-08
2135.000000 3.656993e-08
2140.000000 3.551752e-08
2145.000000 3.514771e-08
2150.000000 3.444075e-08
2155.000000 3.473300e-08
2160.000000 3.536413e-08
2165.000000 3.431204e-08
2170.000000 3.385177e-08
2175.000000 3.297285e-08
2180.000000 3.224515e-08
2185.000000 3.270061e-08
2190.000000 3.362292e-08
2195.000000 3.467738e-08
2200.000000 3.449778e-08
2205.000000 3.309090e-08
2210.000000 3.187186e-08
2215.000000 3.123276e-08
2220.000000 3.178660e-08
2225.000000 3.255537e-08
2230.000000 3.231761e-08
2235.000000 3.185067e-08
2240.000000 3.205045e-08
2245.000000 3.199331e-08
2250.000000 3.212909e-08
2255.000000 3.193428e-08
2260.000000 3.202771e-08
2265.000000 3.162059e-08
2270.000000 3.094641e-08
2275.000000 3.076600e-08
2280.000000 3.103485e-08
2285.000000 3.098304e-08
2290.000000 3.123075e-08
2295.000000 3.032774e-08
2300.000000 2.978092e-08
2305.000000 2.976252e-08
2310.000000 3.076516e-08
2315.000000 3.152801e-08
2320.000000 3.130596e-08
2325.000000 3.105234e-08
2330.000000 3.128839e-08
2335.000000 3.131682e-08
2340.000000 3.109170e-08
2345.000000 3.113861e-08
2350.000000 3.175573e-08
2355.000000 3.172102e-08
2360.000000 3.124209e-08
2365.000000 3.069691e-08
2370.000000 3.080429e-08
2375.000000 3.106764e-08
2380.000000 3.055302e-08
2385.000000 2.940974e-08
2390.000000 2.864794e-08
2395.000000 2.942188e-08
2400.000000 2.999250e-08
2405.000000 2.938109e-08
2410.000000 2.887933e-08
2415.000000 2.845512e-08
2420.000000 2.864800e-08
2425.000000 2.941085e-08
2430.000000 2.965584e-08
2435.000000 2.982138e-08
2440.000000 3.008624e-08
2445.000000 3.034405e-08
2450.000000 3.037848e-08
2455.000000 3.120651e-08
2460.000000 3.211301e-08
2465.000000 3.190398e-08
2470.000000 3.089110e-08
2475.000000 2.988206e-08
2480.000000 2.989642e-08
2485.000000 3.004926e-08
2490.000000 2.927914e-08
2495.000000 2.930700e-08
2500.000000 3.003172e-08
2505.000000 2.961777e-08
2510.000000 2.919862e-08
2515.000000 2.878563e-08
2520.000000 2.832405e-08
2525.000000 2.845836e-08
2530.000000 2.932250e-08
2535.000000 2.949444e-08
2540.000000 2.909903e-08
2545.000000 2.912958e-08
2550.000000 2.955251e-08
2555.000000 2.859194e-08
2560.000000 2.836670e-08
2565.000000 2.906068e-08
2570.000000 2.946189e-08
2575.000000 2.802743e-08
2580.000000 2.520224e-08
2585.000000 2.464998e-08
2590.000000 2.675555e-08
2595.000000 2.808204e-08
2600.000000 2.766067e-08
2605.000000 2.730070e-08
2610.000000 2.773859e-08
2615.000000 2.833948e-08
2620.000000 2.785997e-08
2625.000000 2.762762e-08
2630.000000 2.795765e-08
2635.000000 2.795380e-08
2640.000000 2.724755e-08
2645.000000 2.763478e-08
2650.000000 2.753396e-08
2655.000000 2.723904e-08
2660.000000 2.697998e-08
2665.000000 2.707102e-08
2670.000000 2.727730e-08
2675.000000 2.713841e-08
2680.000000 2.715939e-08
2685.000000 2.665977e-08
2690.000000 2.566638e-08
2695.000000 2.508103e-08
2700.000000 2.523693e-08
2705.000000 2.560799e-08
2710.000000 2.538653e-08
2715.000000 2.512820e-08
2720.000000 2.494293e-08
2725.000000 2.472473e-08
2730.000000 2.491721e-08
2735.000000 2.508798e-08
2740.000000 2.531910e-08
2745.000000 2.519145e-08
2750.000000 2.492224e-08
2755.000000 2.432093e-08
2760.000000 2.439829e-08
2765.000000 2.453390e-08
2770.000000 2.411030e-08
2775.000000 2.481447e-08
2780.000000 2.535801e-08
2785.000000 2.541170e-08
2790.000000 2.627323e-08
2795.000000 2.427044e-08
2800.000000 2.267407e-08
2805.000000 2.245008e-08
2810.000000 2.277211e-08
2815.000000 2.418490e-08
2820.000000 2.506340e-08
2825.000000 2.391922e-08
2830.000000 2.281230e-08
2835.000000 2.259941e-08
2840.000000 2.315192e-08
2845.000000 2.330620e-08
2850.000000 2.356428e-08
2855.000000 2.311388e-08
2860.000000 2.299199e-08
2865.000000 2.310735e-08
2870.000000 2.317712e-08
2875.000000 2.304304e-08
2880.000000 2.301503e-08
2885.000000 2.308565e-08
2890.000000 2.303189e-08
2895.000000 2.351939e-08
2900.000000 2.282846e-08
2905.000000 2.259388e-08
2910.000000 2.293667e-08
2915.000000 2.297825e-08
2920.000000 2.262038e-08
2925.000000 2.245317e-08
2930.000000 2.246761e-08
2935.000000 2.252388e-08
2940.000000 2.229952e-08
2945.000000 2.192776e-08
2950.000000 2.165131e-08
2955.000000 2.245801e-08
2960.000000 2.296657e-08
2965.000000 2.213940e-08
2970.000000 2.190160e-08
2975.000000 2.215852e-08
2980.000000 2.186310e-08
2985.000000 2.163749e-08
2990.000000 2.136471e-08
2995.000000 2.121825e-08
3000.000000 2.124391e-08
3005.000000 2.117361e-08
3010.000000 2.094764e-08
3015.000000 2.026547e-08
3020.000000 1.992834e-08
3025.000000 1.986823e-08
3030.000000 1.916316e-08
3035.000000 1.917332e-08
3040.000000 1.935340e-08
3045.000000 1.940018e-08
3050.000000 1.930840e-08
3055.000000 1.920530e-08
3060.000000 1.898304e-08
3065.000000 1.897007e-08
3070.000000 1.885307e-08
3075.000000 1.894607e-08
3080.000000 1.927907e-08
3085.000000 1.893246e-08
3090.000000 1.883008e-08
3095.000000 1.935788e-08
3100.000000 1.835272e-08
3105.000000 1.763016e-08
3110.000000 1.752500e-08
3115.000000 1.811205e-08
3120.000000 1.858040e-08
3125.000000 1.920667e-08
3130.000000 1.914569e-08
3135.000000 1.867079e-08
3140.000000 1.874639e-08
3145.000000 1.820503e-08
3150.000000 1.816793e-08
3155.000000 1.805869e-08
3160.000000 1.783376e-08
3165.000000 1.789583e-08
3170.000000 1.825582e-08
3175.000000 1.809285e-08
3180.000000 1.760484e-08
3185.000000 1.796659e-08
3190.000000 1.806973e-08
3195.000000 1.760592e-08
3200.000000 1.754795e-08
3205.000000 1.767586e-08
3210.000000 1.772350e-08
3215.000000 1.766697e-08
3220.000000 1.756819e-08
3225.000000 1.751112e-08
3230.000000 1.757601e-08
3235.000000 1.774419e-08
3240.000000 1.775451e-08
3245.000000 1.743098e-08
3250.000000 1.705269e-08
3255.000000 1.690847e-08
3260.000000 1.685946e-08
3265.000000 1.669952e-08
3270.000000 1.648041e-08
3275.000000 1.630606e-08
3280.000000 1.614969e-08
3285.000000 1.596628e-08
3290.000000 1.580015e-08
3295.000000 1.570464e-08
3300.000000 1.566435e-08
3305.000000 1.565088e-08
3310.000000 1.567046e-08
3315.000000 1.571790e-08
3320.000000 1.572536e-08
3325.000000 1.564777e-08
3330.000000 1.556043e-08
3335.000000 1.552985e-08
3340.000000 1.548366e-08
3345.000000 1.536353e-08
3350.000000 1.528473e-08
3355.000000 1.535335e-08
3360.000000 1.547538e-08
3365.000000 1.550826e-08
3370.000000 1.539146e-08
3375.000000 1.515231e-08
3380.000000 1.495614e-08
3385.000000 1.492825e-08
3390.000000 1.495892e-08
3395.000000 1.491805e-08
3400.000000 1.485546e-08
3405.000000 1.484628e-08
3410.000000 1.484708e-08
3415.000000 1.478997e-08
3420.000000 1.466805e-08
3425.000000 1.451000e-08
3430.000000 1.437092e-08
3435.000000 1.427731e-08
3440.000000 1.415989e-08
3445.000000 1.397030e-08
3450.000000 1.380645e-08
3455.000000 1.376200e-08
3460.000000 1.377374e-08
3465.000000 1.375717e-08
3470.000000 1.373042e-08
3475.000000 1.372070e-08
3480.000000 1.367628e-08
3485.000000 1.355658e-08
3490.000000 1.343010e-08
3495.000000 1.336185e-08
3500.000000 1.330004e-08
3505.000000 1.319701e-08
3510.000000 1.313091e-08
3515.000000 1.317343e-08
3520.000000 1.325203e-08
3525.000000 1.327100e-08
3530.000000 1.322173e-08
3535.000000 1.313847e-08
3540.000000 1.307427e-08
3545.000000 1.305566e-08
3550.000000 1.302672e-08
3555.000000 1.294410e-08
3560.000000 1.287612e-08
3565.000000 1.287906e-08
3570.000000 1.286801e-08
3575.000000 1.275482e-08
3580.000000 1.257949e-08
3585.000000 1.240617e-08
3590.000000 1.238437e-08
3595.000000 1.240088e-08
3600.000000 1.236991e-08
3605.000000 1.245846e-08
3610.000000 1.254187e-08
3615.000000 1.248194e-08
3620.000000 1.241848e-08
3625.000000 1.248153e-08
3630.000000 1.243344e-08
3635.000000 1.206045e-08
3640.000000 1.212790e-08
3645.000000 1.237106e-08
3650.000000 1.240506e-08
3655.000000 1.243947e-08
3660.000000 1.241110e-08
3665.000000 1.229477e-08
3670.000000 1.223497e-08
3675.000000 1.207341e-08
3680.000000 1.208643e-08
3685.000000 1.222948e-08
3690.000000 1.220599e-08
3695.000000 1.197276e-08
3700.000000 1.175741e-08
3705.000000 1.151211e-08
3710.000000 1.155313e-08
3715.000000 1.173393e-08
3720.000000 1.156909e-08
3725.000000 1.158036e-08
3730.000000 1.155555e-08
3735.000000 1.148067e-08
3740.000000 1.199410e-08
3745.000000 1.151754e-08
3750.000000 1.082333e-08
3755.000000 1.172886e-08
3760.000000 1.242180e-08
3765.000000 1.162472e-08
3770.000000 1.085961e-08
3775.000000 1.203517e-08
3780.000000 1.332343e-08
3785.000000 1.337743e-08
3790.000000 1.238806e-08
3795.000000 1.095374e-08
3800.000000 1.131714e-08
3805.000000 1.271425e-08
3810.000000 1.341347e-08
3815.000000 1.305364e-08
3820.000000 1.276131e-08
3825.000000 1.274656e-08
3830.000000 1.146579e-08
3835.000000 1.070139e-08
3840.000000 1.191742e-08
3845.000000 1.291437e-08
3850.000000 1.323393e-08
3855.000000 1.335373e-08
3860.000000 1.320890e-08
3865.000000 1.289664e-08
3870.000000 1.268297e-08
3875.000000 1.230792e-08
3880.000000 1.138214e-08
3885.000000 9.985597e-09
3890.000000 9.982720e-09
3895.000000 1.145454e-08
3900.000000 1.233958e-08
3905.000000 1.254131e-08
3910.000000 1.246358e-08
3915.000000 1.228878e-08
3920.000000 1.187049e-08
3925.000000 1.170946e-08
3930.000000 1.159232e-08
3935.000000 1.175834e-08
3940.000000 1.206037e-08
3945.000000 1.203861e-08
3950.000000 1.186512e-08
3955.000000 1.144066e-08
3960.000000 1.062977e-08
3965.000000 9.195468e-09
3970.000000 8.691522e-09
3975.000000 1.002677e-08
3980.000000 1.106947e-08
3985.000000 1.134666e-08
3990.000000 1.138805e-08
3995.000000 1.142039e-08
4000.000000 1.141229e-08
4005.000000 1.106196e-08
4010.000000 1.093677e-08
4015.000000 1.097004e-08
4020.000000 1.063964e-08
4025.000000 1.017108e-08
4030.000000 1.050119e-08
4035.000000 1.082251e-08
4040.000000 1.087698e-08
4045.000000 1.088323e-08
4050.000000 1.094449e-08
4055.000000 1.088245e-08
4060.000000 1.085140e-08
4065.000000 1.069243e-08
4070.000000 1.035029e-08
4075.000000 1.023707e-08
4080.000000 1.023810e-08
4085.000000 1.008194e-08
4090.000000 9.740913e-09
4095.000000 8.832175e-09
4100.000000 7.874323e-09
4105.000000 8.378578e-09
4110.000000 9.241503e-09
4115.000000 9.512195e-09
4120.000000 9.516457e-09
4125.000000 9.717308e-09
4130.000000 9.763141e-09
4135.000000 9.718926e-09
4140.000000 9.413631e-09
4145.000000 9.385881e-09
4150.000000 9.655736e-09
4155.000000 9.733285e-09
4160.000000 9.689971e-09
4165.000000 9.608983e-09
4170.000000 9.547273e-09
4175.000000 9.517779e-09
4180.000000 9.493598e-09
4185.000000 9.395193e-09
4190.000000 9.369740e-09
4195.000000 9.341049e-09
4200.000000 9.319365e-09
4205.000000 9.316073e-09
4210.000000 9.331024e-09
4215.000000 9.289183e-09
4220.000000 9.314414e-09
4225.000000 9.268061e-09
4230.000000 9.110260e-09
4235.000000 9.000000e-09
4240.000000 8.953311e-09
4245.000000 9.000334e-09
4250.000000 8.929999e-09
4255.000000 8.806643e-09
4260.000000 8.726695e-09
4265.000000 8.670784e-09
4270.000000 8.692586e-09
4275.000000 8.700346e-09
4280.000000 8.737528e-09
4285.000000 8.735562e-09
4290.000000 8.725242e-09
4295.000000 8.703321e-09
4300.000000 8.628157e-09
4305.000000 8.487924e-09
4310.000000 8.395205e-09
4315.000000 8.303601e-09
4320.000000 8.234770e-09
4325.000000 8.089978e-09
4330.000000 7.620428e-09
4335.000000 6.825554e-09
4340.000000 6.322477e-09
4345.000000 6.852697e-09
4350.000000 7.548020e-09
4355.000000 7.946017e-09
4360.000000 8.009629e-09
4365.000000 7.935223e-09
4370.000000 8.014513e-09
4375.000000 8.099057e-09
4380.000000 8.001561e-09
4385.000000 7.680812e-09
4390.000000 7.701509e-09
4395.000000 7.887489e-09
4400.000000 7.957945e-09
4405.000000 7.892450e-09
4410.000000 7.758812e-09
4415.000000 7.544596e-09
4420.000000 7.506301e-09
4425.000000 7.481798e-09
4430.000000 7.376804e-09
4435.000000 7.347453e-09
4440.000000 7.435657e-09
4445.000000 7.512254e-09
4450.000000 7.522236e-09
4455.000000 7.517357e-09
4460.000000 7.452806e-09
4465.000000 7.111268e-09
4470.000000 6.723221e-09
4475.000000 6.957727e-09
4480.000000 7.183479e-09
4485.000000 7.308634e-09
4490.000000 7.338522e-09
4495.000000 7.333739e-09
4500.000000 7.323061e-09
4505.000000 7.288180e-09
4510.000000 7.253603e-09
4515.000000 7.298968e-09
4520.000000 7.295105e-09
4525.000000 7.187447e-09
4530.000000 7.141235e-09
4535.000000 7.166587e-09
4540.000000 7.173547e-09
4545.000000 7.122078e-09
4550.000000 6.990252e-09
4555.000000 7.038567e-09
4560.000000 7.061973e-09
4565.000000 6.975896e-09
4570.000000 6.926764e-09
4575.000000 6.931613e-09
4580.000000 6.960876e-09
4585.000000 6.809182e-09
4590.000000 6.716719e-09
4595.000000 6.733889e-09
4600.000000 6.694366e-09
4605.000000 6.662333e-09
4610.000000 6.694338e-09
4615.000000 6.722189e-09
4620.000000 6.661738e-09
4625.000000 6.550813e-09
4630.000000 6.517443e-09
4635.000000 6.495801e-09
4640.000000 6.392840e-09
4645.000000 6.296674e-09
4650.000000 6.319600e-09
4655.000000 6.433353e-09
4660.000000 6.459016e-09
4665.000000 6.485865e-09
4670.000000 6.427032e-09
4675.000000 6.370541e-09
4680.000000 6.403744e-09
4685.000000 6.387245e-09
4690.000000 6.367250e-09
4695.000000 6.313812e-09
4700.000000 6.201985e-09
4705.000000 6.182685e-09
4710.000000 6.085772e-09
4715.000000 6.101974e-09
4720.000000 6.207520e-09
4725.000000 6.184264e-09
4730.000000 6.189381e-09
4735.000000 6.150876e-09
4740.000000 6.137567e-09
4745.000000 6.052970e-09
4750.000000 5.928055e-09
4755.000000 5.906783e-09
4760.000000 5.916633e-09
4765.000000 5.935770e-09
4770.000000 5.939479e-09
4775.000000 5.955779e-09
4780.000000 5.888361e-09
4785.000000 5.895803e-09
4790.000000 5.947465e-09
4795.000000 5.960414e-09
4800.000000 5.877588e-09
4805.000000 5.845517e-09
4810.000000 5.811141e-09
4815.000000 5.789449e-09
4820.000000 5.743476e-09
4825.000000 5.719636e-09
4830.000000 5.721402e-09
4835.000000 5.688690e-09
4840.000000 5.606768e-09
4845.000000 5.476019e-09
4850.000000 5.209623e-09
4855.000000 4.678578e-09
4860.000000 4.250013e-09
4865.000000 4.572716e-09
4870.000000 5.048235e-09
4875.000000 5.222124e-09
4880.000000 5.268037e-09
4885.000000 5.272064e-09
4890.000000 5.290776e-09
4895.000000 5.372410e-09
4900.000000 5.378519e-09
4905.000000 5.349885e-09
4910.000000 5.316739e-09
4915.000000 5.189674e-09
4920.000000 4.976541e-09
4925.000000 5.078575e-09
4930.000000 5.297708e-09
4935.000000 5.277856e-09
4940.000000 5.307665e-09
4945.000000 5.394901e-09
4950.000000 5.361870e-09
4955.000000 5.328755e-09
4960.000000 5.319097e-09
4965.000000 5.255639e-09
4970.000000 5.199489e-09
4975.000000 5.175885e-09
4980.000000 5.155968e-09
4985.000000 5.145754e-09
4990.000000 5.140933e-09
4995.000000 5.120112e-09
5000.000000 5.035571e-09
5005.000000 4.978824e-09
5010.000000 4.933399e-09
5015.000000 4.904659e-09
5020.000000 4.952949e-09
5025.000000 4.911856e-09
5030.000000 4.883733e-09
5035.000000 4.863740e-09
5040.000000 4.856572e-09
5045.000000 4.850912e-09
5050.000000 4.851917e-09
5055.000000 4.843605e-09
5060.000000 4.802060e-09
5065.000000 4.722859e-09
5070.000000 4.752757e-09
5075.000000 4.819429e-09
5080.000000 4.785584e-09
5085.000000 4.781062e-09
5090.000000 4.794149e-09
5095.000000 4.704770e-09
5100.000000 4.664451e-09
5105.000000 4.702904e-09
5110.000000 4.698335e-09
5115.000000 4.664159e-09
5120.000000 4.641542e-09
5125.000000 4.646898e-09
5130.000000 4.639031e-09
5135.000000 4.600921e-09
5140.000000 4.530905e-09
5145.000000 4.525894e-09
5150.000000 4.495126e-09
5155.000000 4.495678e-09
5160.000000 4.540962e-09
5165.000000 4.492455e-09
5170.000000 4.461649e-09
5175.000000 4.457354e-09
5180.000000 4.432705e-09
5185.000000 4.445653e-09
5190.000000 4.403570e-09
5195.000000 4.380115e-09
5200.000000 4.416501e-09
5205.000000 4.369849e-09
5210.000000 4.342798e-09
5215.000000 4.355821e-09
5220.000000 4.321897e-09
5225.000000 4.311842e-09
5230.000000 4.297405e-09
5235.000000 4.245531e-09
5240.000000 4.205025e-09
5245.000000 4.207807e-09
5250.000000 4.221486e-09
5255.000000 4.230608e-09
5260.000000 4.223661e-09
5265.000000 4.170337e-09
5270.000000 4.102383e-09
5275.000000 4.087842e-09
5280.000000 4.103222e-09
5285.000000 4.088651e-09
5290.000000 4.051613e-09
5295.000000 3.974358e-09
5300.000000 3.949202e-09
5305.000000 3.975242e-09
5310.000000 4.031144e-09
5315.000000 4.082571e-09
5320.000000 4.065901e-09
5325.000000 4.034248e-09
5330.000000 4.011310e-09
5335.000000 3.969541e-09
5340.000000 3.951748e-09
5345.000000 3.990076e-09
5350.000000 4.008988e-09
5355.000000 3.970691e-09
5360.000000 3.904637e-09
5365.000000 3.860087e-09
5370.000000 3.835531e-09
5375.000000 3.853014e-09
5380.000000 3.858375e-09
5385.000000 3.844457e-09
5390.000000 3.854395e-09
5395.000000 3.825968e-09
5400.000000 3.788101e-09
5405.000000 3.763100e-09
5410.000000 3.788649e-09
5415.000000 3.794881e-09
5420.000000 3.758684e-09
5425.000000 3.735348e-09
5430.000000 3.720942e-09
5435.000000 3.720029e-09
5440.000000 3.707769e-09
5445.000000 3.670339e-09
5450.000000 3.624210e-09
5455.000000 3.595570e-09
5460.000000 3.577416e-09
5465.000000 3.605104e-09
5470.000000 3.608941e-09
5475.000000 3.557198e-09
5480.000000 3.527749e-09
5485.000000 3.543679e-09
5490.000000 3.549974e-09
5495.000000 3.546129e-09
5500.000000 3.556135e-09
5505.000000 3.558724e-09
5510.000000 3.546055e-09
5515.000000 3.532576e-09
5520.000000 3.545246e-09
5525.000000 3.530257e-09
5530.000000 3.495249e-09
5535.000000 3.491024e-09
5540.000000 3.466894e-09
5545.000000 3.456343e-09
5550.000000 3.458917e-09
5555.000000 3.436324e-09
5560.000000 3.393932e-09
5565.000000 3.385616e-09
5570.000000 3.376196e-09
5575.000000 3.371005e-09
5580.000000 3.385535e-09
5585.000000 3.349937e-09
5590.000000 3.319740e-09
5595.000000 3.311576e-09
5600.000000 3.307258e-09
5605.000000 3.266533e-09
5610.000000 3.254871e-09
5615.000000 3.291022e-09
5620.000000 3.308520e-09
5625.000000 3.254069e-09
5630.000000 3.245042e-09
5635.000000 3.232690e-09
5640.000000 3.211619e-09
5645.000000 3.208484e-09
5650.000000 3.176393e-09
5655.000000 3.150574e-09
5660.000000 3.128989e-09
5665.000000 3.131447e-09
5670.000000 3.134359e-09
5675.000000 3.089041e-09
5680.000000 3.073697e-09
5685.000000 3.110023e-09
5690.000000 3.120513e-09
5695.000000 3.086940e-09
5700.000000 3.054618e-09
5705.000000 3.032991e-09
5710.000000 3.050684e-09
5715.000000 3.037468e-09
5720.000000 2.980479e-09
5725.000000 2.943571e-09
5730.000000 2.945327e-09
5735.000000 2.921444e-09
5740.000000 2.923568e-09
5745.000000 2.912212e-09
5750.000000 2.904076e-09
5755.000000 2.930533e-09
5760.000000 2.938566e-09
5765.000000 2.944849e-09
5770.000000 2.916969e-09
5775.000000 2.846132e-09
5780.000000 2.769220e-09
5785.000000 2.852467e-09
5790.000000 2.871426e-09
5795.000000 2.833824e-09
5800.000000 2.862168e-09
5805.000000 2.886642e-09
5810.000000 2.861052e-09
5815.000000 2.840801e-09
5820.000000 2.855598e-09
5825.000000 2.874133e-09
5830.000000 2.835052e-09
5835.000000 2.792331e-09
5840.000000 2.806965e-09
5845.000000 2.847894e-09
5850.000000 2.821451e-09
5855.000000 2.788109e-09
5860.000000 2.829986e-09
5865.000000 2.795231e-09
5870.000000 2.639202e-09
5875.000000 2.575843e-09
5880.000000 2.650596e-09
5885.000000 2.575129e-09
5890.000000 2.390391e-09
5895.000000 2.408495e-09
5900.000000 2.554248e-09
5905.000000 2.676186e-09
5910.000000 2.683317e-09
5915.000000 2.671241e-09
5920.000000 2.668089e-09
5925.000000 2.669882e-09
5930.000000 2.647192e-09
5935.000000 2.639170e-09
5940.000000 2.623908e-09
5945.000000 2.609054e-09
5950.000000 2.613476e-09
5955.000000 2.624027e-09
5960.000000 2.607190e-09
5965.000000 2.589778e-09
5970.000000 2.578147e-09
5975.000000 2.589004e-09
5980.000000 2.596573e-09
5985.000000 2.561685e-09
5990.000000 2.541009e-09
5995.000000 2.531391e-09
6000.000000 2.510999e-09
6005.000000 2.513288e-09
6010.000000 2.515393e-09
6015.000000 2.505982e-09
6020.000000 2.502380e-09
6025.000000 2.498464e-09
6030.000000 2.494648e-09
6035.000000 2.487750e-09
6040.000000 2.467195e-09
6045.000000 2.473018e-09
6050.000000 2.454795e-09
6055.000000 2.460427e-09
6060.000000 2.454906e-09
6065.000000 2.444272e-09
6070.000000 2.430062e-09
6075.000000 2.422012e-09
6080.000000 2.426449e-09
6085.000000 2.413405e-09
6090.000000 2.414234e-09
6095.000000 2.405917e-09
6100.000000 2.404313e-09
6105.000000 2.403608e-09
6110.000000 2.404135e-09
6115.000000 2.405032e-09
6120.000000 2.375689e-09
6125.000000 2.370910e-09
6130.000000 2.361489e-09
6135.000000 2.338897e-09
6140.000000 2.331136e-09
6145.000000 2.325742e-09
6150.000000 2.326689e-09
6155.000000 2.325742e-09
6160.000000 2.305327e-09
6165.000000 2.299391e-09
6170.000000 2.280939e-09
6175.000000 2.276779e-09
6180.000000 2.266432e-09
6185.000000 2.260242e-09
6190.000000 2.263241e-09
6195.000000 2.266725e-09
6200.000000 2.245828e-09
6205.000000 2.242140e-09
6210.000000 2.243221e-09
6215.000000 2.227706e-09
6220.000000 2.229794e-09
6225.000000 2.240689e-09
6230.000000 2.252365e-09
6235.000000 2.248141e-09
6240.000000 2.246263e-09
6245.000000 2.248685e-09
6250.000000 2.229122e-09
6255.000000 2.217114e-09
6260.000000 2.224943e-09
6265.000000 2.204574e-09
6270.000000 2.168094e-09
6275.000000 2.121678e-09
6280.000000 2.046196e-09
6285.000000 2.053272e-09
6290.000000 2.111826e-09
6295.000000 2.144079e-09
6300.000000 2.134855e-09
6305.000000 2.127518e-09
6310.000000 2.135600e-09
6315.000000 2.126028e-09
6320.000000 2.127639e-09
6325.000000 2.130115e-09
6330.000000 2.132266e-09
6335.000000 2.121612e-09
6340.000000 2.102437e-09
6345.000000 2.071331e-09
6350.000000 2.062725e-09
6355.000000 2.064365e-09
6360.000000 2.062656e-09
6365.000000 2.048003e-09
6370.000000 2.036971e-09
6375.000000 2.021475e-09
6380.000000 2.016529e-09
6385.000000 2.024449e-09
6390.000000 2.021472e-09
6395.000000 2.010736e-09
6400.000000 2.002346e-09
6405.000000 2.007540e-09
6410.000000 2.019453e-09
6415.000000 1.998498e-09
6420.000000 1.992847e-09
6425.000000 1.993684e-09
6430.000000 1.990994e-09
6435.000000 1.992333e-09
6440.000000 1.986906e-09
6445.000000 1.962011e-09
6450.000000 1.954994e-09
6455.000000 1.952604e-09
6460.000000 1.944523e-09
6465.000000 1.943620e-09
6470.000000 1.936597e-09
6475.000000 1.920961e-09
6480.000000 1.911133e-09
6485.000000 1.898322e-09
6490.000000 1.900472e-09
6495.000000 1.906841e-09
6500.000000 1.915921e-09
6505.000000 1.917316e-09
6510.000000 1.907502e-09
6515.000000 1.893699e-09
6520.000000 1.903176e-09
6525.000000 1.914411e-09
6530.000000 1.895475e-09
6535.000000 1.882944e-09
6540.000000 1.877250e-09
6545.000000 1.852185e-09
6550.000000 1.799794e-09
6555.000000 1.704793e-09
6560.000000 1.555169e-09
6565.000000 1.553096e-09
6570.000000 1.700553e-09
6575.000000 1.772468e-09
6580.000000 1.793413e-09
6585.000000 1.813177e-09
6590.000000 1.843352e-09
6595.000000 1.845449e-09
6600.000000 1.840278e-09
6605.000000 1.841260e-09
6610.000000 1.822731e-09
6615.000000 1.826093e-09
6620.000000 1.835451e-09
6625.000000 1.827836e-09
6630.000000 1.807810e-09
6635.000000 1.801985e-09
6640.000000 1.787207e-09
6645.000000 1.769729e-09
6650.000000 1.767471e-09
6655.000000 1.765779e-09
6660.000000 1.756443e-09
6665.000000 1.735792e-09
6670.000000 1.705054e-09
6675.000000 1.652198e-09
6680.000000 1.646198e-09
6685.000000 1.702624e-09
6690.000000 1.719906e-09
6695.000000 1.721080e-09
6700.000000 1.720038e-09
6705.000000 1.724400e-09
6710.000000 1.721736e-09
6715.000000 1.701758e-09
6720.000000 1.693766e-09
6725.000000 1.694770e-09
6730.000000 1.690135e-09
6735.000000 1.693610e-09
6740.000000 1.697825e-09
6745.000000 1.689581e-09
6750.000000 1.679114e-09
6755.000000 1.670367e-09
6760.000000 1.660591e-09
6765.000000 1.656625e-09
6770.000000 1.647694e-09
6775.000000 1.640937e-09
6780.000000 1.643103e-09
6785.000000 1.638321e-09
6790.000000 1.631373e-09
6795.000000 1.634051e-09
6800.000000 1.634213e-09
6805.000000 1.627041e-09
6810.000000 1.615722e-09
6815.000000 1.616783e-09
6820.000000 1.611345e-09
6825.000000 1.604013e-09
6830.000000 1.602628e-09
6835.000000 1.597823e-09
6840.000000 1.611874e-09
6845.000000 1.610441e-09
6850.000000 1.605815e-09
6855.000000 1.601450e-09
6860.000000 1.597398e-09
6865.000000 1.592946e-09
6870.000000 1.588246e-09
6875.000000 1.583989e-09
6880.000000 1.579889e-09
6885.000000 1.575680e-09
6890.000000 1.571375e-09
6895.000000 1.567296e-09
6900.000000 1.563352e-09
6905.000000 1.559387e-09
6910.000000 1.555385e-09
6915.000000 1.551419e-09
6920.000000 1.547640e-09
6925.000000 1.544017e-09
6930.000000 1.540558e-09
6935.000000 1.537008e-09
6940.000000 1.533361e-09
6945.000000 1.529690e-09
6950.000000 1.525784e-09
6955.000000 1.521825e-09
6960.000000 1.517756e-09
6965.000000 1.513883e-09
6970.000000 1.513773e-09
6975.000000 1.530281e-09
6980.000000 1.515578e-09
6985.000000 1.488199e-09
6990.000000 1.472063e-09
6995.000000 1.474056e-09
7000.000000 1.473482e-09
7005.000000 1.464545e-09
7010.000000 1.455521e-09
7015.000000 1.444646e-09
7020.000000 1.440999e-09
7025.000000 1.427917e-09
7030.000000 1.438298e-09
7035.000000 1.439323e-09
7040.000000 1.440526e-09
7045.000000 1.442993e-09
7050.000000 1.434283e-09
7055.000000 1.432147e-09
7060.000000 1.410449e-09
7065.000000 1.368961e-09
7070.000000 1.399977e-09
7075.000000 1.415145e-09
7080.000000 1.411247e-09
7085.000000 1.413011e-09
7090.000000 1.409661e-09
7095.000000 1.397735e-09
7100.000000 1.376786e-09
7105.000000 1.369379e-09
7110.000000 1.383753e-09
7115.000000 1.392230e-09
7120.000000 1.396161e-09
7125.000000 1.405997e-09
7130.000000 1.417863e-09
7135.000000 1.429463e-09
7140.000000 1.414095e-09
7145.000000 1.401146e-09
7150.000000 1.401179e-09
7155.000000 1.392440e-09
7160.000000 1.366619e-09
7165.000000 1.338867e-09
7170.000000 1.303349e-09
7175.000000 1.286022e-09
7180.000000 1.270719e-09
7185.000000 1.245251e-09
7190.000000 1.246783e-09
7195.000000 1.250360e-09
7200.000000 1.248639e-09
7205.000000 1.290624e-09
7210.000000 1.354898e-09
7215.000000 1.366922e-09
7220.000000 1.355082e-09
7225.000000 1.336064e-09
7230.000000 1.307118e-09
7235.000000 1.268812e-09
7240.000000 1.266814e-09
7245.000000 1.278099e-09
7250.000000 1.283589e-09
7255.000000 1.263495e-09
7260.000000 1.266978e-09
7265.000000 1.283892e-09
7270.000000 1.275171e-09
7275.000000 1.251178e-09
7280.000000 1.265499e-09
7285.000000 1.282178e-09
7290.000000 1.250931e-09
7295.000000 1.256460e-09
7300.000000 1.260301e-09
7305.000000 1.254753e-09
7310.000000 1.254200e-09
7315.000000 1.252578e-09
7320.000000 1.260052e-09
7325.000000 1.264621e-09
7330.000000 1.257509e-09
7335.000000 1.255168e-09
7340.000000 1.261513e-09
7345.000000 1.249807e-09
7350.000000 1.241562e-09
7355.000000 1.254588e-09
7360.000000 1.248839e-09
7365.000000 1.239495e-09
7370.000000 1.234283e-09
7375.000000 1.222763e-09
7380.000000 1.204424e-09
7385.000000 1.201049e-09
7390.000000 1.196324e-09
7395.000000 1.194866e-09
7400.000000 1.189282e-09
7405.000000 1.174915e-09
7410.000000 1.165188e-09
7415.000000 1.183416e-09
7420.000000 1.206912e-09
7425.000000 1.204886e-09
7430.000000 1.202614e-09
7435.000000 1.196748e-09
7440.000000 1.195240e-09
7445.000000 1.194159e-09
7450.000000 1.195282e-09
7455.000000 1.188903e-09
7460.000000 1.184307e-09
7465.000000 1.186304e-09
7470.000000 1.179595e-09
7475.000000 1.177045e-09
7480.000000 1.176018e-09
7485.000000 1.166854e-09
7490.000000 1.168644e-09
7495.000000 1.166502e-09
7500.000000 1.157767e-09
7505.000000 1.155934e-09
7510.000000 1.157733e-09
7515.000000 1.158207e-09
7520.000000 1.154004e-09
7525.000000 1.151251e-09
7530.000000 1.146610e-09
7535.000000 1.144196e-09
7540.000000 1.137901e-09
7545.000000 1.139479e-09
7550.000000 1.136135e-09
7555.000000 1.133621e-09
7560.000000 1.131056e-09
7565.000000 1.128238e-09
7570.000000 1.125462e-09
7575.000000 1.122848e-09
7580.000000 1.120323e-09
7585.000000 1.117731e-09
7590.000000 1.115133e-09
7595.000000 1.112437e-09
7600.000000 1.109760e-09
7605.000000 1.106970e-09
7610.000000 1.104322e-09
7615.000000 1.101664e-09
7620.000000 1.099010e-09
7625.000000 1.096368e-09
7630.000000 1.093724e-09
7635.000000 1.091093e-09
7640.000000 1.088465e-09
7645.000000 1.085852e-09
7650.000000 1.083249e-09
7655.000000 1.080663e-09
7660.000000 1.078094e-09
7665.000000 1.075543e-09
7670.000000 1.073007e-09
7675.000000 1.070515e-09
7680.000000 1.068044e-09
7685.000000 1.065580e-09
7690.000000 1.062985e-09
7695.000000 1.060358e-09
7700.000000 1.057823e-09
7705.000000 1.055469e-09
7710.000000 1.053361e-09
7715.000000 1.051692e-09
7720.000000 1.049647e-09
7725.000000 1.047249e-09
7730.000000 1.045155e-09
7735.000000 1.042006e-09
7740.000000 1.039670e-09
7745.000000 1.037125e-09
7750.000000 1.038701e-09
7755.000000 1.036460e-09
7760.000000 1.032197e-09
7765.000000 1.025299e-09
7770.000000 1.015779e-09
7775.000000 1.003525e-09
7780.000000 1.011435e-09
7785.000000 1.016929e-09
7790.000000 1.013731e-09
7795.000000 1.012053e-09
7800.000000 1.015771e-09
7805.000000 1.017736e-09
7810.000000 1.008413e-09
7815.000000 1.002708e-09
7820.000000 1.002688e-09
7825.000000 1.002773e-09
7830.000000 9.978020e-10
7835.000000 9.949875e-10
7840.000000 9.953789e-10
7845.000000 9.917932e-10
7850.000000 9.915302e-10
7855.000000 9.886274e-10
7860.000000 9.857806e-10
7865.000000 9.777088e-10
7870.000000 9.824671e-10
7875.000000 9.783369e-10
7880.000000 9.700468e-10
7885.000000 9.740722e-10
7890.000000 9.710114e-10
7895.000000 9.651676e-10
7900.000000 9.592250e-10
7905.000000 9.611429e-10
7910.000000 9.658991e-10
7915.000000 9.618172e-10
7920.000000 9.517537e-10
7925.000000 9.505267e-10
7930.000000 9.496560e-10
7935.000000 9.507252e-10
7940.000000 9.537734e-10
7945.000000 9.488199e-10
7950.000000 9.396273e-10
7955.000000 9.464406e-10
7960.000000 9.458935e-10
7965.000000 9.345120e-10
7970.000000 9.298134e-10
7975.000000 9.325208e-10
7980.000000 9.313480e-10
7985.000000 9.291494e-10
7990.000000 9.258119e-10
7995.000000 9.239990e-10
8000.000000 9.246047e-10
8005.000000 9.217650e-10
8010.000000 9.169511e-10
8015.000000 9.146738e-10
8020.000000 9.153205e-10
8025.000000 9.110185e-10
8030.000000 9.103505e-10
8035.000000 9.102317e-10
8040.000000 9.066229e-10
8045.000000 9.051404e-10
8050.000000 9.029966e-10
8055.000000 9.012643e-10
8060.000000 9.016392e-10
8065.000000 8.978438e-10
8070.000000 8.985300e-10
8075.000000 8.955911e-10
8080.000000 8.942055e-10
8085.000000 8.929956e-10
8090.000000 8.930747e-10
8095.000000 8.887816e-10
8100.000000 8.902550e-10
8105.000000 8.928804e-10
8110.000000 8.879184e-10
8115.000000 8.834968e-10
8120.000000 8.870259e-10
8125.000000 8.840653e-10
8130.000000 8.832501e-10
8135.000000 8.701083e-10
8140.000000 8.691632e-10
8145.000000 8.649773e-10
8150.000000 8.573791e-10
8155.000000 8.476293e-10
8160.000000 8.333859e-10
8165.000000 8.289702e-10
8170.000000 8.402184e-10
8175.000000 8.428618e-10
8180.000000 8.380763e-10
8185.000000 8.490709e-10
8190.000000 8.487419e-10
8195.000000 8.457426e-10
8200.000000 8.463504e-10
8205.000000 8.617764e-10
8210.000000 8.608274e-10
8215.000000 8.590854e-10
8220.000000 8.422493e-10
8225.000000 8.154946e-10
8230.000000 7.893005e-10
8235.000000 8.119431e-10
8240.000000 8.353138e-10
8245.000000 8.379444e-10
8250.000000 8.460611e-10
8255.000000 8.348479e-10
8260.000000 8.312340e-10
8265.000000 8.302381e-10
8270.000000 8.254513e-10
8275.000000 8.168610e-10
8280.000000 8.136811e-10
8285.000000 8.146301e-10
8290.000000 8.141242e-10
8295.000000 8.094020e-10
8300.000000 8.118086e-10
8305.000000 8.072336e-10
8310.000000 8.055047e-10
8315.000000 8.022862e-10
8320.000000 7.993875e-10
8325.000000 8.026342e-10
8330.000000 8.059096e-10
8335.000000 8.036491e-10
8340.000000 7.999461e-10
8345.000000 8.010977e-10
8350.000000 8.009219e-10
8355.000000 7.953754e-10
8360.000000 7.891941e-10
8365.000000 7.878511e-10
8370.000000 7.929861e-10
8375.000000 7.931973e-10
8380.000000 7.926644e-10
8385.000000 7.895886e-10
8390.000000 7.893761e-10
8395.000000 7.879237e-10
8400.000000 7.872250e-10
8405.000000 7.815538e-10
8410.000000 7.795764e-10
8415.000000 7.750119e-10
8420.000000 7.801678e-10
8425.000000 7.834372e-10
8430.000000 7.705693e-10
8435.000000 7.647815e-10
8440.000000 7.625187e-10
8445.000000 7.623624e-10
8450.000000 7.649585e-10
8455.000000 7.701236e-10
8460.000000 7.719503e-10
8465.000000 7.650519e-10
8470.000000 7.615814e-10
8475.000000 7.603723e-10
8480.000000 7.603255e-10
8485.000000 7.608346e-10
8490.000000 7.627780e-10
8495.000000 7.559970e-10
8500.000000 7.397306e-10
8505.000000 7.363128e-10
8510.000000 7.511331e-10
8515.000000 7.553943e-10
8520.000000 7.542593e-10
8525.000000 7.531165e-10
8530.000000 7.545272e-10
8535.000000 7.437216e-10
8540.000000 7.290814e-10
8545.000000 7.230158e-10
8550.000000 7.272115e-10
8555.000000 7.407814e-10
8560.000000 7.489303e-10
8565.000000 7.487148e-10
8570.000000 7.478850e-10
8575.000000 7.462042e-10
8580.000000 7.406443e-10
8585.000000 7.304234e-10
8590.000000 7.192959e-10
8595.000000 7.103828e-10
8600.000000 7.048059e-10
8605.000000 7.107059e-10
8610.000000 7.299302e-10
8615.000000 7.428588e-10
8620.000000 7.457371e-10
8625.000000 7.493648e-10
8630.000000 7.519103e-10
8635.000000 7.519143e-10
8640.000000 7.457032e-10
8645.000000 7.356951e-10
8650.000000 7.214834e-10
8655.000000 7.054639e-10
8660.000000 6.920245e-10
8665.000000 6.706011e-10
8670.000000 6.754230e-10
8675.000000 6.926724e-10
8680.000000 7.157163e-10
8685.000000 7.272284e-10
8690.000000 7.331141e-10
8695.000000 7.432788e-10
8700.000000 7.428630e-10
8705.000000 7.469157e-10
8710.000000 7.399532e-10
8715.000000 7.322706e-10
8720.000000 7.341230e-10
8725.000000 7.247257e-10
8730.000000 7.156786e-10
8735.000000 6.986585e-10
8740.000000 6.832917e-10
8745.000000 6.650567e-10
8750.000000 6.449777e-10
8755.000000 6.485944e-10
8760.000000 6.656583e-10
8765.000000 6.825778e-10
8770.000000 6.863017e-10
8775.000000 6.866770e-10
8780.000000 6.884212e-10
8785.000000 6.985449e-10
8790.000000 7.005689e-10
8795.000000 7.027280e-10
8800.000000 7.101819e-10
8805.000000 7.111745e-10
8810.000000 7.048310e-10
8815.000000 6.991485e-10
8820.000000 6.904978e-10
8825.000000 6.934327e-10
8830.000000 6.881780e-10
8835.000000 6.799544e-10
8840.000000 6.716230e-10
8845.000000 6.635588e-10
8850.000000 6.425804e-10
8855.000000 6.228424e-10
8860.000000 5.994049e-10
8865.000000 5.901425e-10
8870.000000 6.156619e-10
8875.000000 6.383178e-10
8880.000000 6.486747e-10
8885.000000 6.593512e-10
8890.000000 6.672710e-10
8895.000000 6.712359e-10
8900.000000 6.712504e-10
8905.000000 6.783394e-10
8910.000000 6.813737e-10
8915.000000 6.781066e-10
8920.000000 6.750411e-10
8925.000000 6.759173e-10
8930.000000 6.718839e-10
8935.000000 6.650582e-10
8940.000000 6.661718e-10
8945.000000 6.650452e-10
8950.000000 6.577630e-10
8955.000000 6.477536e-10
8960.000000 6.554614e-10
8965.000000 6.447584e-10
8970.000000 6.409840e-10
8975.000000 6.435745e-10
8980.000000 6.407629e-10
8985.000000 6.204420e-10
8990.000000 5.895751e-10
8995.000000 5.944096e-10
9000.000000 5.923779e-10
9005.000000 5.717542e-10
9010.000000 5.576671e-10
9015.000000 5.399761e-10
9020.000000 5.482665e-10
9025.000000 5.722440e-10
9030.000000 6.127525e-10
9035.000000 6.431174e-10
9040.000000 6.567574e-10
9045.000000 6.646289e-10
9050.000000 6.597003e-10
9055.000000 6.450993e-10
9060.000000 6.292130e-10
9065.000000 6.160973e-10
9070.000000 6.102683e-10
9075.000000 6.092041e-10
9080.000000 6.102603e-10
9085.000000 6.106827e-10
9090.000000 6.084314e-10
9095.000000 6.115125e-10
9100.000000 6.079006e-10
9105.000000 6.168054e-10
9110.000000 6.163327e-10
9115.000000 6.137783e-10
9120.000000 6.047331e-10
9125.000000 6.078016e-10
9130.000000 5.963180e-10
9135.000000 5.845391e-10
9140.000000 5.977728e-10
9145.000000 6.052011e-10
9150.000000 5.941767e-10
9155.000000 5.788530e-10
9160.000000 5.825708e-10
9165.000000 5.941589e-10
9170.000000 5.900177e-10
9175.000000 5.862404e-10
9180.000000 5.859064e-10
9185.000000 5.859145e-10
9190.000000 5.934769e-10
9195.000000 5.911491e-10
9200.000000 5.867935e-10
9205.000000 5.821256e-10
9210.000000 5.627507e-10
9215.000000 5.456990e-10
9220.000000 5.364489e-10
9225.000000 5.086060e-10
9230.000000 4.864896e-10
9235.000000 5.008802e-10
9240.000000 5.319282e-10
9245.000000 5.537739e-10
9250.000000 5.664338e-10
9255.000000 5.851620e-10
9260.000000 5.775653e-10
9265.000000 5.889427e-10
9270.000000 6.005993e-10
9275.000000 6.010299e-10
9280.000000 5.874161e-10
9285.000000 5.881152e-10
9290.000000 5.962091e-10
9295.000000 5.831480e-10
9300.000000 5.615350e-10
9305.000000 5.365822e-10
9310.000000 5.262280e-10
9315.000000 5.089973e-10
9320.000000 5.001764e-10
9325.000000 5.003355e-10
9330.000000 5.094381e-10
9335.000000 5.044781e-10
9340.000000 4.999545e-10
9345.000000 4.925892e-10
9350.000000 5.082731e-10
9355.000000 4.977118e-10
9360.000000 5.050605e-10
9365.000000 5.169570e-10
9370.000000 5.138129e-10
9375.000000 5.249159e-10
9380.000000 5.302231e-10
9385.000000 5.491319e-10
9390.000000 5.712312e-10
9395.000000 5.859687e-10
9400.000000 5.768093e-10
9405.000000 5.647390e-10
9410.000000 5.453794e-10
9415.000000 5.405177e-10
9420.000000 5.224671e-10
9425.000000 5.077194e-10
9430.000000 4.974443e-10
9435.000000 5.094539e-10
9440.000000 4.943455e-10
9445.000000 5.039595e-10
9450.000000 5.260493e-10
9455.000000 5.199312e-10
9460.000000 5.154830e-10
9465.000000 5.226639e-10
9470.000000 5.267419e-10
9475.000000 5.178321e-10
9480.000000 5.040838e-10
9485.000000 5.198551e-10
9490.000000 5.216481e-10
9495.000000 4.985153e-10
9500.000000 4.916335e-10
9505.000000 5.038381e-10
9510.000000 5.214819e-10
9515.000000 5.024430e-10
9520.000000 4.779719e-10
9525.000000 4.697792e-10
9530.000000 4.747245e-10
9535.000000 4.791213e-10
9540.000000 4.675106e-10
9545.000000 4.538477e-10
9550.000000 4.547203e-10
9555.000000 4.493365e-10
9560.000000 4.806956e-10
9565.000000 4.966226e-10
9570.000000 5.044266e-10
9575.000000 5.131374e-10
9580.000000 5.064239e-10
9585.000000 4.953082e-10
9590.000000 4.880307e-10
9595.000000 4.803780e-10
9600.000000 4.906449e-10
9605.000000 4.916756e-10
9610.000000 4.966983e-10
9615.000000 4.950110e-10
9620.000000 4.896197e-10
9625.000000 4.894987e-10
9630.000000 4.806284e-10
9635.000000 4.807206e-10
9640.000000 4.803555e-10
9645.000000 4.801402e-10
9650.000000 4.848263e-10
9655.000000 4.904478e-10
9660.000000 4.903326e-10
9665.000000 4.981034e-10
9670.000000 4.906396e-10
9675.000000 4.915077e-10
9680.000000 4.880742e-10
9685.000000 4.933154e-10
9690.000000 4.861387e-10
9695.000000 4.794424e-10
9700.000000 4.743856e-10
9705.000000 4.651735e-10
9710.000000 4.674418e-10
9715.000000 4.607313e-10
9720.000000 4.567612e-10
9725.000000 4.575159e-10
9730.000000 4.658251e-10
9735.000000 4.717016e-10
9740.000000 4.692762e-10
9745.000000 4.578291e-10
9750.000000 4.616852e-10
9755.000000 4.586798e-10
9760.000000 4.536961e-10
9765.000000 4.440953e-10
9770.000000 4.619372e-10
9775.000000 4.611292e-10
9780.000000 4.566679e-10
9785.000000 4.611477e-10
9790.000000 4.578393e-10
9795.000000 4.688676e-10
9800.000000 4.664046e-10
9805.000000 4.573221e-10
9810.000000 4.463755e-10
9815.000000 4.382496e-10
9820.000000 4.443849e-10
9825.000000 4.482731e-10
9830.000000 4.540997e-10
9835.000000 4.524971e-10
9840.000000 4.552237e-10
9845.000000 4.595939e-10
9850.000000 4.509589e-10
9855.000000 4.464130e-10
9860.000000 4.443490e-10
9865.000000 4.514477e-10
9870.000000 4.601890e-10
9875.000000 4.513466e-10
9880.000000 4.312657e-10
9885.000000 4.370239e-10
9890.000000 4.400455e-10
9895.000000 4.374691e-10
9900.000000 4.487062e-10
9905.000000 4.284842e-10
9910.000000 4.421390e-10
9915.000000 4.413571e-10
9920.000000 4.355765e-10
9925.000000 4.273323e-10
9930.000000 4.377840e-10
9935.000000 4.378312e-10
9940.000000 4.246750e-10
9945.000000 4.280242e-10
9950.000000 4.259231e-10
9955.000000 4.366952e-10
9960.000000 4.214954e-10
9965.000000 4.280865e-10
9970.000000 4.259618e-10
9975.000000 4.225228e-10
9980.000000 4.034805e-10
9985.000000 4.005370e-10
9990.000000 4.032434e-10
9995.000000 3.957426e-10
10000.000000 3.836078e-10
10005.000000 3.755389e-10
10010.000000 3.697118e-10
10015.000000 3.653220e-10
10020.000000 3.620703e-10
10025.000000 3.598060e-10
10030.000000 3.587773e-10
10035.000000 3.593848e-10
10040.000000 3.620056e-10
10045.000000 3.666276e-10
10050.000000 3.722180e-10
10055.000000 3.773596e-10
10060.000000 3.806549e-10
10065.000000 3.813190e-10
10070.000000 3.801696e-10
10075.000000 3.786373e-10
10080.000000 3.781442e-10
10085.000000 3.794617e-10
10090.000000 3.816595e-10
10095.000000 3.831448e-10
10100.000000 3.823447e-10
10105.000000 3.784445e-10
10110.000000 3.726228e-10
10115.000000 3.668269e-10
10120.000000 3.630045e-10
10125.000000 3.624241e-10
10130.000000 3.645671e-10
10135.000000 3.682261e-10
10140.000000 3.721560e-10
10145.000000 3.753468e-10
10150.000000 3.774236e-10
10155.000000 3.782506e-10
10160.000000 3.777287e-10
10165.000000 3.758932e-10
10170.000000 3.731226e-10
10175.000000 3.699334e-10
10180.000000 3.668478e-10
10185.000000 3.643653e-10
10190.000000 3.629137e-10
10195.000000 3.628974e-10
10200.000000 3.646781e-10
10205.000000 3.682489e-10
10210.000000 3.726268e-10
10215.000000 3.764490e-10
10220.000000 3.783790e-10
10225.000000 3.776192e-10
10230.000000 3.747868e-10
10235.000000 3.710406e-10
10240.000000 3.675587e-10
10245.000000 3.651573e-10
10250.000000 3.637261e-10
10255.000000 3.627942e-10
10260.000000 3.618639e-10
10265.000000 3.605547e-10
10270.000000 3.587816e-10
10275.000000 3.565754e-10
10280.000000 3.539820e-10
10285.000000 3.511153e-10
10290.000000 3.482588e-10
10295.000000 3.457643e-10
10300.000000 3.439729e-10
10305.000000 3.430873e-10
10310.000000 3.429537e-10
10315.000000 3.432783e-10
10320.000000 3.437624e-10
10325.000000 3.442282e-10
10330.000000 3.447944e-10
10335.000000 3.457044e-10
10340.000000 3.471792e-10
10345.000000 3.491551e-10
10350.000000 3.508180e-10
10355.000000 3.510682e-10
10360.000000 3.488378e-10
10365.000000 3.437156e-10
10370.000000 3.369830e-10
10375.000000 3.305639e-10
10380.000000 3.263928e-10
10385.000000 3.257529e-10
10390.000000 3.282455e-10
10395.000000 3.328245e-10
10400.000000 3.383922e-10
10405.000000 3.438952e-10
10410.000000 3.484191e-10
10415.000000 3.511013e-10
10420.000000 3.511342e-10
10425.000000 3.481963e-10
10430.000000 3.432287e-10
10435.000000 3.376566e-10
10440.000000 3.329116e-10
10445.000000 3.300197e-10
10450.000000 3.289390e-10
10455.000000 3.292142e-10
10460.000000 3.303490e-10
10465.000000 3.318423e-10
10470.000000 3.331610e-10
10475.000000 3.337619e-10
10480.000000 3.331295e-10
10485.000000 3.309651e-10
10490.000000 3.275381e-10
10495.000000 3.233459e-10
10500.000000 3.189135e-10
10505.000000 3.148352e-10
10510.000000 3.118911e-10
10515.000000 3.109382e-10
10520.000000 3.127714e-10
10525.000000 3.176026e-10
10530.000000 3.240831e-10
10535.000000 3.302755e-10
10540.000000 3.342652e-10
10545.000000 3.349903e-10
10550.000000 3.335849e-10
10555.000000 3.320400e-10
10560.000000 3.323149e-10
10565.000000 3.352982e-10
10570.000000 3.390787e-10
10575.000000 3.406680e-10
10580.000000 3.371272e-10
10585.000000 3.270978e-10
10590.000000 3.133300e-10
10595.000000 3.001560e-10
10600.000000 2.919124e-10
10605.000000 2.915118e-10
10610.000000 2.981428e-10
10615.000000 3.095550e-10
10620.000000 2.407347e-10
