1150.000000 3.720954e-10
1155.000000 2.369410e-10
1160.000000 6.844152e-11
1165.000000 6.917487e-12
1170.000000 0.000000e+00
1175.000000 0.000000e+00
1180.000000 0.000000e+00
1185.000000 0.000000e+00
1190.000000 0.000000e+00
1195.000000 3.082656e-12
1200.000000 1.966690e-11
1205.000000 1.550002e-11
1210.000000 5.591659e-11
1215.000000 1.675229e-10
1220.000000 1.075444e-10
1225.000000 1.375379e-11
1230.000000 0.000000e+00
1235.000000 0.000000e+00
1240.000000 0.000000e+00
1245.000000 2.469816e-12
1250.000000 1.595167e-11
1255.000000 1.130237e-11
1260.000000 1.151218e-11
1265.000000 1.714796e-12
1270.000000 0.000000e+00
1275.000000 0.000000e+00
1280.000000 0.000000e+00
1285.000000 0.000000e+00
1290.000000 0.000000e+00
1295.000000 0.000000e+00
1300.000000 2.855828e-14
1305.000000 2.487895e-12
1310.000000 1.506898e-11
1315.000000 1.346957e-11
1320.000000 2.766072e-11
1325.000000 1.744970e-11
1330.000000 2.229267e-12
1335.000000 2.698485e-12
1340.000000 2.054003e-11
1345.000000 2.903719e-11
1350.000000 4.376858e-12
1355.000000 0.000000e+00
1360.000000 2.181666e-13
1365.000000 2.481570e-12
1370.000000 7.504836e-12
1375.000000 4.610176e-12
1380.000000 1.372251e-11
1385.000000 1.312929e-11
1390.000000 3.342403e-12
1395.000000 2.533506e-13
1400.000000 1.668417e-13
1405.000000 1.802690e-12
1410.000000 5.275942e-12
1415.000000 2.570454e-12
1420.000000 7.174459e-13
1425.000000 5.889544e-12
1430.000000 2.232970e-11
1435.000000 1.646831e-11
1440.000000 1.638782e-11
1445.000000 1.072297e-11
1450.000000 1.673563e-12
1455.000000 1.525570e-12
1460.000000 3.843532e-12
1465.000000 2.308377e-11
1470.000000 1.335522e-11
1475.000000 2.346903e-12
1480.000000 1.231572e-13
1485.000000 2.921366e-13
1490.000000 2.922160e-12
1495.000000 9.887795e-12
1500.000000 1.828340e-11
1505.000000 1.419139e-11
1510.000000 1.367773e-11
1515.000000 3.508411e-11
1520.000000 3.629241e-11
1525.000000 2.118081e-11
1530.000000 9.428681e-12
1535.000000 1.085589e-11
1540.000000 1.831659e-11
1545.000000 1.867914e-11
1550.000000 1.382442e-11
1555.000000 2.555397e-11
1560.000000 4.862381e-11
1565.000000 4.311590e-11
1570.000000 3.644542e-11
1575.000000 4.007673e-11
1580.000000 3.492073e-11
1585.000000 5.990750e-12
1590.000000 1.226711e-11
1595.000000 4.027870e-11
1600.000000 2.775811e-11
1605.000000 2.829543e-11
1610.000000 2.551448e-11
1615.000000 6.904283e-12
1620.000000 5.579148e-13
1625.000000 0.000000e+00
1630.000000 0.000000e+00
1635.000000 0.000000e+00
1640.000000 3.118404e-12
1645.000000 2.134748e-11
1650.000000 2.232480e-11
1655.000000 2.269566e-11
1660.000000 1.152534e-11
1665.000000 1.401331e-12
1670.000000 4.717033e-13
1675.000000 6.860197e-12
1680.000000 3.112092e-11
1685.000000 5.143606e-11
1690.000000 6.796641e-11
1695.000000 8.600031e-11
1700.000000 1.299776e-10
1705.000000 1.696400e-10
1710.000000 1.872939e-10
1715.000000 2.073735e-10
1720.000000 2.131358e-10
1725.000000 2.203546e-10
1730.000000 2.554565e-10
1735.000000 2.628820e-10
1740.000000 2.588472e-10
1745.000000 2.684667e-10
1750.000000 3.273977e-10
1755.000000 3.394505e-10
1760.000000 2.975573e-10
1765.000000 2.875182e-10
1770.000000 3.399100e-10
1775.000000 4.146147e-10
1780.000000 4.353177e-10
1785.000000 4.190821e-10
1790.000000 4.438967e-10
1795.000000 4.790719e-10
1800.000000 4.677883e-10
1805.000000 4.087532e-10
1810.000000 4.066850e-10
1815.000000 4.341095e-10
1820.000000 4.352477e-10
1825.000000 4.259292e-10
1830.000000 3.877060e-10
1835.000000 3.762321e-10
1840.000000 3.781259e-10
1845.000000 3.536374e-10
1850.000000 3.189962e-10
1855.000000 3.287822e-10
1860.000000 3.653542e-10
1865.000000 4.005756e-10
1870.000000 4.404726e-10
1875.000000 4.256117e-10
1880.000000 4.440006e-10
1885.000000 4.785903e-10
1890.000000 4.629932e-10
1895.000000 4.456340e-10
1900.000000 4.136978e-10
1905.000000 4.204029e-10
1910.000000 4.550384e-10
1915.000000 5.009288e-10
1920.000000 5.146382e-10
1925.000000 4.383024e-10
1930.000000 3.392066e-10
1935.000000 3.314651e-10
1940.000000 4.460362e-10
1945.000000 5.563700e-10
1950.000000 5.963255e-10
1955.000000 6.117567e-10
1960.000000 6.301943e-10
1965.000000 6.434291e-10
1970.000000 6.335102e-10
1975.000000 7.042389e-10
1980.000000 7.043088e-10
1985.000000 7.105097e-10
1990.000000 6.385548e-10
1995.000000 5.917687e-10
2000.000000 6.265644e-10
2005.000000 6.291299e-10
2010.000000 5.917318e-10
2015.000000 6.062187e-10
2020.000000 6.147763e-10
2025.000000 6.088465e-10
2030.000000 6.121380e-10
2035.000000 6.506082e-10
2040.000000 6.640248e-10
2045.000000 6.614402e-10
2050.000000 7.136068e-10
2055.000000 7.542947e-10
2060.000000 7.436622e-10
2065.000000 7.186779e-10
2070.000000 7.399900e-10
2075.000000 7.995282e-10
2080.000000 8.933758e-10
2085.000000 9.184244e-10
2090.000000 8.718414e-10
2095.000000 8.432607e-10
2100.000000 8.303053e-10
2105.000000 8.036857e-10
2110.000000 7.870129e-10
2115.000000 7.894072e-10
2120.000000 7.989143e-10
2125.000000 8.523789e-10
2130.000000 8.073281e-10
2135.000000 6.580068e-10
2140.000000 6.076200e-10
2145.000000 6.835560e-10
2150.000000 7.512215e-10
2155.000000 7.605351e-10
2160.000000 7.539897e-10
2165.000000 7.141508e-10
2170.000000 6.692696e-10
2175.000000 6.305054e-10
2180.000000 6.512282e-10
2185.000000 7.369581e-10
2190.000000 8.248739e-10
2195.000000 8.790855e-10
2200.000000 9.360230e-10
2205.000000 9.301494e-10
2210.000000 8.319374e-10
2215.000000 7.313901e-10
2220.000000 6.971840e-10
2225.000000 6.839519e-10
2230.000000 6.907566e-10
2235.000000 7.482646e-10
2240.000000 8.042580e-10
2245.000000 7.399450e-10
2250.000000 6.717515e-10
2255.000000 6.666167e-10
2260.000000 6.593548e-10
2265.000000 6.502214e-10
2270.000000 6.368456e-10
2275.000000 6.284401e-10
2280.000000 6.639767e-10
2285.000000 7.200294e-10
2290.000000 8.008817e-10
2295.000000 7.490216e-10
2300.000000 6.533890e-10
2305.000000 6.267596e-10
2310.000000 6.815724e-10
2315.000000 7.010814e-10
2320.000000 6.842480e-10
2325.000000 7.032736e-10
2330.000000 6.822622e-10
2335.000000 6.185977e-10
2340.000000 5.275589e-10
2345.000000 4.625299e-10
2350.000000 4.175112e-10
2355.000000 5.483420e-10
2360.000000 7.029425e-10
2365.000000 6.786532e-10
2370.000000 7.171429e-10
2375.000000 7.987573e-10
2380.000000 7.037895e-10
2385.000000 5.353506e-10
2390.000000 4.948213e-10
2395.000000 5.697831e-10
2400.000000 5.541869e-10
2405.000000 4.933975e-10
2410.000000 4.973437e-10
2415.000000 5.710391e-10
2420.000000 6.927843e-10
2425.000000 8.960946e-10
2430.000000 1.047305e-09
2435.000000 1.016049e-09
2440.000000 1.040768e-09
2445.000000 1.025033e-09
2450.000000 9.058947e-10
2455.000000 7.846683e-10
2460.000000 8.054090e-10
2465.000000 9.170740e-10
2470.000000 8.967517e-10
2475.000000 7.918595e-10
2480.000000 7.719198e-10
2485.000000 7.592731e-10
2490.000000 7.435326e-10
2495.000000 8.085743e-10
2500.000000 1.046311e-09
2505.000000 1.153063e-09
2510.000000 1.015395e-09
2515.000000 8.717381e-10
2520.000000 7.886358e-10
2525.000000 7.526458e-10
2530.000000 7.190140e-10
2535.000000 7.385292e-10
2540.000000 7.584592e-10
2545.000000 7.539616e-10
2550.000000 7.746664e-10
2555.000000 8.628964e-10
2560.000000 8.861217e-10
2565.000000 8.981686e-10
2570.000000 1.004928e-09
2575.000000 1.030182e-09
2580.000000 9.396288e-10
2585.000000 9.258803e-10
2590.000000 9.558089e-10
2595.000000 9.517600e-10
2600.000000 8.367744e-10
2605.000000 7.942998e-10
2610.000000 7.420100e-10
2615.000000 7.195931e-10
2620.000000 8.479074e-10
2625.000000 9.014463e-10
2630.000000 8.644418e-10
2635.000000 9.491425e-10
2640.000000 1.321219e-09
2645.000000 1.579735e-09
2650.000000 1.641867e-09
2655.000000 1.673582e-09
2660.000000 1.624450e-09
2665.000000 1.436136e-09
2670.000000 1.358805e-09
2675.000000 1.347724e-09
2680.000000 1.364606e-09
2685.000000 1.348470e-09
2690.000000 1.297072e-09
2695.000000 1.205088e-09
2700.000000 1.189698e-09
2705.000000 1.275617e-09
2710.000000 1.351617e-09
2715.000000 1.371732e-09
2720.000000 1.299003e-09
2725.000000 1.259897e-09
2730.000000 1.292331e-09
2735.000000 1.298505e-09
2740.000000 1.143278e-09
2745.000000 9.555847e-10
2750.000000 8.994338e-10
2755.000000 9.068867e-10
2760.000000 9.871046e-10
2765.000000 1.068003e-09
2770.000000 1.174157e-09
2775.000000 1.282808e-09
2780.000000 1.251441e-09
2785.000000 1.192117e-09
2790.000000 1.093663e-09
2795.000000 8.311293e-10
2800.000000 5.658589e-10
2805.000000 6.032000e-10
2810.000000 8.751935e-10
2815.000000 1.198305e-09
2820.000000 1.427178e-09
2825.000000 1.542621e-09
2830.000000 1.567814e-09
2835.000000 1.522047e-09
2840.000000 1.443562e-09
2845.000000 1.349083e-09
2850.000000 1.313127e-09
2855.000000 1.259820e-09
2860.000000 1.372865e-09
2865.000000 1.479602e-09
2870.000000 1.441792e-09
2875.000000 1.410623e-09
2880.000000 1.429251e-09
2885.000000 1.489123e-09
2890.000000 1.462688e-09
2895.000000 1.446909e-09
2900.000000 1.578329e-09
2905.000000 1.741869e-09
2910.000000 1.789905e-09
2915.000000 1.805176e-09
2920.000000 1.818872e-09
2925.000000 1.729392e-09
2930.000000 1.654156e-09
2935.000000 1.714126e-09
2940.000000 1.767658e-09
2945.000000 1.746726e-09
2950.000000 1.700579e-09
2955.000000 1.754243e-09
2960.000000 1.888416e-09
2965.000000 1.848355e-09
2970.000000 1.712212e-09
2975.000000 1.673692e-09
2980.000000 1.695214e-09
2985.000000 1.645386e-09
2990.000000 1.723861e-09
2995.000000 1.811041e-09
3000.000000 1.836485e-09
3005.000000 1.805822e-09
3010.000000 1.917019e-09
3015.000000 1.938868e-09
3020.000000 1.853909e-09
3025.000000 1.830635e-09
3030.000000 1.840806e-09
3035.000000 1.827386e-09
3040.000000 1.816980e-09
3045.000000 1.874890e-09
3050.000000 1.869751e-09
3055.000000 1.869249e-09
3060.000000 1.798902e-09
3065.000000 1.820431e-09
3070.000000 1.897445e-09
3075.000000 1.902923e-09
3080.000000 1.898689e-09
3085.000000 1.950551e-09
3090.000000 1.921794e-09
3095.000000 1.879194e-09
3100.000000 1.903044e-09
3105.000000 1.946420e-09
3110.000000 1.984833e-09
3115.000000 1.966707e-09
3120.000000 1.810370e-09
3125.000000 1.714399e-09
3130.000000 1.784053e-09
3135.000000 1.880694e-09
3140.000000 1.996979e-09
3145.000000 2.009626e-09
3150.000000 1.954264e-09
3155.000000 1.976881e-09
3160.000000 2.142386e-09
3165.000000 2.069027e-09
3170.000000 2.054229e-09
3175.000000 2.101503e-09
3180.000000 2.016975e-09
3185.000000 1.927986e-09
3190.000000 2.003439e-09
3195.000000 2.052139e-09
3200.000000 2.104683e-09
3205.000000 2.156222e-09
3210.000000 2.176835e-09
3215.000000 2.124904e-09
3220.000000 2.023592e-09
3225.000000 1.924038e-09
3230.000000 1.879758e-09
3235.000000 1.924235e-09
3240.000000 2.035988e-09
3245.000000 2.162020e-09
3250.000000 2.223872e-09
3255.000000 2.179687e-09
3260.000000 2.105347e-09
3265.000000 2.081315e-09
3270.000000 2.084438e-09
3275.000000 2.076638e-09
3280.000000 2.085591e-09
3285.000000 2.145387e-09
3290.000000 2.237624e-09
3295.000000 2.323440e-09
3300.000000 2.365854e-09
3305.000000 2.347256e-09
3310.000000 2.297035e-09
3315.000000 2.250512e-09
3320.000000 2.212566e-09
3325.000000 2.179150e-09
3330.000000 2.154138e-09
3335.000000 2.143016e-09
3340.000000 2.146250e-09
3345.000000 2.161398e-09
3350.000000 2.182934e-09
3355.000000 2.198075e-09
3360.000000 2.180260e-09
3365.000000 2.125071e-09
3370.000000 2.097349e-09
3375.000000 2.148054e-09
3380.000000 2.223578e-09
3385.000000 2.255154e-09
3390.000000 2.241249e-09
3395.000000 2.216131e-09
3400.000000 2.242738e-09
3405.000000 2.349020e-09
3410.000000 2.277398e-09
3415.000000 2.232745e-09
3420.000000 2.250454e-09
3425.000000 2.278299e-09
3430.000000 2.286986e-09
3435.000000 2.269210e-09
3440.000000 2.243674e-09
3445.000000 2.231166e-09
3450.000000 2.233573e-09
3455.000000 2.247082e-09
3460.000000 2.271275e-09
3465.000000 2.296931e-09
3470.000000 2.289687e-09
3475.000000 2.233495e-09
3480.000000 2.183374e-09
3485.000000 2.187754e-09
3490.000000 2.208269e-09
3495.000000 2.200961e-09
3500.000000 2.194199e-09
3505.000000 2.231071e-09
3510.000000 2.322141e-09
3515.000000 2.363791e-09
3520.000000 2.332634e-09
3525.000000 2.301602e-09
3530.000000 2.317021e-09
3535.000000 2.404188e-09
3540.000000 2.479019e-09
3545.000000 2.491096e-09
3550.000000 2.474059e-09
3555.000000 2.451133e-09
3560.000000 2.413576e-09
3565.000000 2.338018e-09
3570.000000 2.279105e-09
3575.000000 2.261674e-09
3580.000000 2.222441e-09
3585.000000 2.196785e-09
3590.000000 2.243243e-09
3595.000000 2.322735e-09
3600.000000 2.364007e-09
3605.000000 2.326172e-09
3610.000000 2.279709e-09
3615.000000 2.312121e-09
3620.000000 2.397210e-09
3625.000000 2.456138e-09
3630.000000 2.399718e-09
3635.000000 2.366370e-09
3640.000000 2.431681e-09
3645.000000 2.482597e-09
3650.000000 2.523404e-09
3655.000000 2.600410e-09
3660.000000 2.629937e-09
3665.000000 2.604162e-09
3670.000000 2.579251e-09
3675.000000 2.543199e-09
3680.000000 2.519623e-09
3685.000000 2.523290e-09
3690.000000 2.566663e-09
3695.000000 2.658701e-09
3700.000000 2.707309e-09
3705.000000 2.592757e-09
3710.000000 2.613100e-09
3715.000000 2.790507e-09
3720.000000 2.853082e-09
3725.000000 2.914250e-09
3730.000000 2.914790e-09
3735.000000 2.842705e-09
3740.000000 3.045145e-09
3745.000000 2.945056e-09
3750.000000 2.777506e-09
3755.000000 3.185058e-09
3760.000000 3.465388e-09
3765.000000 3.266297e-09
3770.000000 3.000360e-09
3775.000000 3.450097e-09
3780.000000 4.134622e-09
3785.000000 4.237148e-09
3790.000000 3.815475e-09
3795.000000 3.227187e-09
3800.000000 3.178393e-09
3805.000000 3.863182e-09
3810.000000 4.538743e-09
3815.000000 4.751192e-09
3820.000000 4.611505e-09
3825.000000 4.087670e-09
3830.000000 3.362631e-09
3835.000000 2.897504e-09
3840.000000 3.309445e-09
3845.000000 4.180549e-09
3850.000000 4.868837e-09
3855.000000 5.153458e-09
3860.000000 5.255336e-09
3865.000000 5.329805e-09
3870.000000 5.251943e-09
3875.000000 4.914620e-09
3880.000000 4.340107e-09
3885.000000 3.564681e-09
3890.000000 3.175161e-09
3895.000000 3.720163e-09
3900.000000 4.432109e-09
3905.000000 4.748548e-09
3910.000000 5.073437e-09
3915.000000 5.229204e-09
3920.000000 5.098991e-09
3925.000000 4.528659e-09
3930.000000 3.699161e-09
3935.000000 3.499264e-09
3940.000000 4.127862e-09
3945.000000 4.661057e-09
3950.000000 4.898202e-09
3955.000000 4.768192e-09
3960.000000 4.185536e-09
3965.000000 3.257338e-09
3970.000000 2.802375e-09
3975.000000 3.381747e-09
3980.000000 4.264562e-09
3985.000000 4.896048e-09
3990.000000 5.259378e-09
3995.000000 5.431049e-09
4000.000000 5.496834e-09
4005.000000 5.545508e-09
4010.000000 5.635724e-09
4015.000000 5.752887e-09
4020.000000 5.823249e-09
4025.000000 5.773261e-09
4030.000000 5.694191e-09
4035.000000 5.734635e-09
4040.000000 5.821024e-09
4045.000000 5.809409e-09
4050.000000 5.788815e-09
4055.000000 5.710144e-09
4060.000000 5.632846e-09
4065.000000 5.539690e-09
4070.000000 5.434520e-09
4075.000000 5.268121e-09
4080.000000 5.150069e-09
4085.000000 5.057272e-09
4090.000000 4.749178e-09
4095.000000 4.098335e-09
4100.000000 3.530486e-09
4105.000000 3.660333e-09
4110.000000 4.242952e-09
4115.000000 4.752707e-09
4120.000000 5.056374e-09
4125.000000 5.207343e-09
4130.000000 5.317748e-09
4135.000000 5.463520e-09
4140.000000 5.616956e-09
4145.000000 5.665969e-09
4150.000000 5.661435e-09
4155.000000 5.637354e-09
4160.000000 5.639614e-09
4165.000000 5.609137e-09
4170.000000 5.483187e-09
4175.000000 5.367371e-09
4180.000000 5.400816e-09
4185.000000 5.516060e-09
4190.000000 5.601620e-09
4195.000000 5.571581e-09
4200.000000 5.513126e-09
4205.000000 5.555612e-09
4210.000000 5.613442e-09
4215.000000 5.608294e-09
4220.000000 5.561125e-09
4225.000000 5.446631e-09
4230.000000 5.410131e-09
4235.000000 5.393662e-09
4240.000000 5.424415e-09
4245.000000 5.423175e-09
4250.000000 5.423785e-09
4255.000000 5.470002e-09
4260.000000 5.488846e-09
4265.000000 5.481881e-09
4270.000000 5.400591e-09
4275.000000 5.381279e-09
4280.000000 5.407573e-09
4285.000000 5.304591e-09
4290.000000 5.160885e-09
4295.000000 5.035682e-09
4300.000000 4.892316e-09
4305.000000 4.844637e-09
4310.000000 4.866361e-09
4315.000000 4.888686e-09
4320.000000 4.868818e-09
4325.000000 4.723106e-09
4330.000000 4.370930e-09
4335.000000 3.744043e-09
4340.000000 3.248739e-09
4345.000000 3.457640e-09
4350.000000 4.040604e-09
4355.000000 4.570004e-09
4360.000000 4.948261e-09
4365.000000 5.140655e-09
4370.000000 5.169697e-09
4375.000000 5.176388e-09
4380.000000 5.180290e-09
4385.000000 5.131820e-09
4390.000000 5.130799e-09
4395.000000 5.105659e-09
4400.000000 5.122398e-09
4405.000000 5.200298e-09
4410.000000 5.233758e-09
4415.000000 5.201920e-09
4420.000000 5.215647e-09
4425.000000 5.268765e-09
4430.000000 5.306469e-09
4435.000000 5.290623e-09
4440.000000 5.274642e-09
4445.000000 5.252365e-09
4450.000000 5.246407e-09
4455.000000 5.159121e-09
4460.000000 5.107780e-09
4465.000000 5.102991e-09
4470.000000 5.147894e-09
4475.000000 5.183009e-09
4480.000000 5.140457e-09
4485.000000 5.160545e-09
4490.000000 5.204885e-09
4495.000000 5.260470e-09
4500.000000 5.329552e-09
4505.000000 5.383679e-09
4510.000000 5.375212e-09
4515.000000 5.310822e-09
4520.000000 5.177847e-09
4525.000000 5.075788e-09
4530.000000 5.036053e-09
4535.000000 5.121293e-09
4540.000000 5.168795e-09
4545.000000 5.080625e-09
4550.000000 4.962100e-09
4555.000000 4.963188e-09
4560.000000 5.023838e-09
4565.000000 5.088107e-09
4570.000000 5.124630e-09
4575.000000 5.107890e-09
4580.000000 5.040537e-09
4585.000000 4.982492e-09
4590.000000 5.005998e-09
4595.000000 5.069044e-09
4600.000000 5.112474e-09
4605.000000 5.148982e-09
4610.000000 5.163929e-09
4615.000000 5.129657e-09
4620.000000 5.101033e-09
4625.000000 5.092963e-09
4630.000000 5.088696e-09
4635.000000 5.103887e-09
4640.000000 5.114864e-09
4645.000000 5.071033e-09
4650.000000 5.043288e-09
4655.000000 5.078433e-09
4660.000000 5.068364e-09
4665.000000 4.990160e-09
4670.000000 4.949840e-09
4675.000000 4.992188e-09
4680.000000 5.038896e-09
4685.000000 5.058972e-09
4690.000000 5.050282e-09
4695.000000 5.002314e-09
4700.000000 4.922441e-09
4705.000000 4.875458e-09
4710.000000 4.876783e-09
4715.000000 4.916977e-09
4720.000000 4.960601e-09
4725.000000 4.944500e-09
4730.000000 4.868802e-09
4735.000000 4.838087e-09
4740.000000 4.861875e-09
4745.000000 4.883122e-09
4750.000000 4.847190e-09
4755.000000 4.789106e-09
4760.000000 4.751058e-09
4765.000000 4.715911e-09
4770.000000 4.732256e-09
4775.000000 4.769336e-09
4780.000000 4.784010e-09
4785.000000 4.770909e-09
4790.000000 4.759007e-09
4795.000000 4.761910e-09
4800.000000 4.731211e-09
4805.000000 4.682841e-09
4810.000000 4.661244e-09
4815.000000 4.649321e-09
4820.000000 4.602454e-09
4825.000000 4.563450e-09
4830.000000 4.522713e-09
4835.000000 4.483847e-09
4840.000000 4.417855e-09
4845.000000 4.266793e-09
4850.000000 3.942891e-09
4855.000000 3.410538e-09
4860.000000 3.005652e-09
4865.000000 3.112507e-09
4870.000000 3.479910e-09
4875.000000 3.811062e-09
4880.000000 4.058611e-09
4885.000000 4.183874e-09
4890.000000 4.259645e-09
4895.000000 4.364517e-09
4900.000000 4.436120e-09
4905.000000 4.456807e-09
4910.000000 4.414706e-09
4915.000000 4.378949e-09
4920.000000 4.324880e-09
4925.000000 4.338410e-09
4930.000000 4.397568e-09
4935.000000 4.406004e-09
4940.000000 4.430523e-09
4945.000000 4.482804e-09
4950.000000 4.481096e-09
4955.000000 4.444621e-09
4960.000000 4.437298e-09
4965.000000 4.452039e-09
4970.000000 4.445293e-09
4975.000000 4.415662e-09
4980.000000 4.344551e-09
4985.000000 4.324322e-09
4990.000000 4.356503e-09
4995.000000 4.346823e-09
5000.000000 4.321321e-09
5005.000000 4.265805e-09
5010.000000 4.224926e-09
5015.000000 4.169531e-09
5020.000000 4.156245e-09
5025.000000 4.221697e-09
5030.000000 4.276941e-09
5035.000000 4.254234e-09
5040.000000 4.201187e-09
5045.000000 4.214228e-09
5050.000000 4.245794e-09
5055.000000 4.294523e-09
5060.000000 4.350659e-09
5065.000000 4.316402e-09
5070.000000 4.234984e-09
5075.000000 4.172039e-09
5080.000000 4.136696e-09
5085.000000 4.162692e-09
5090.000000 4.220746e-09
5095.000000 4.222010e-09
5100.000000 4.184085e-09
5105.000000 4.197510e-09
5110.000000 4.201152e-09
5115.000000 4.215021e-09
5120.000000 4.201042e-09
5125.000000 4.152355e-09
5130.000000 4.093548e-09
5135.000000 4.061553e-09
5140.000000 4.058214e-09
5145.000000 4.090718e-09
5150.000000 4.101289e-09
5155.000000 4.083458e-09
5160.000000 4.044137e-09
5165.000000 3.908603e-09
5170.000000 3.816616e-09
5175.000000 3.891836e-09
5180.000000 3.959281e-09
5185.000000 3.921984e-09
5190.000000 3.871329e-09
5195.000000 3.875575e-09
5200.000000 3.902076e-09
5205.000000 3.897007e-09
5210.000000 3.934346e-09
5215.000000 3.983511e-09
5220.000000 3.973807e-09
5225.000000 3.889061e-09
5230.000000 3.848013e-09
5235.000000 3.868760e-09
5240.000000 3.917350e-09
5245.000000 3.961331e-09
5250.000000 3.969464e-09
5255.000000 3.931419e-09
5260.000000 3.845404e-09
5265.000000 3.710755e-09
5270.000000 3.655109e-09
5275.000000 3.698805e-09
5280.000000 3.781230e-09
5285.000000 3.863294e-09
5290.000000 3.938148e-09
5295.000000 3.932202e-09
5300.000000 3.904357e-09
5305.000000 3.896245e-09
5310.000000 3.880657e-09
5315.000000 3.854737e-09
5320.000000 3.822906e-09
5325.000000 3.762167e-09
5330.000000 3.734091e-09
5335.000000 3.731210e-09
5340.000000 3.742151e-09
5345.000000 3.790386e-09
5350.000000 3.835894e-09
5355.000000 3.864852e-09
5360.000000 3.839164e-09
5365.000000 3.766190e-09
5370.000000 3.714272e-09
5375.000000 3.728377e-09
5380.000000 3.751125e-09
5385.000000 3.776004e-09
5390.000000 3.765013e-09
5395.000000 3.713228e-09
5400.000000 3.677562e-09
5405.000000 3.649108e-09
5410.000000 3.655587e-09
5415.000000 3.684784e-09
5420.000000 3.709284e-09
5425.000000 3.705935e-09
5430.000000 3.680187e-09
5435.000000 3.687574e-09
5440.000000 3.723985e-09
5445.000000 3.706834e-09
5450.000000 3.707110e-09
5455.000000 3.701758e-09
5460.000000 3.694039e-09
5465.000000 3.677061e-09
5470.000000 3.663647e-09
5475.000000 3.645654e-09
5480.000000 3.642651e-09
5485.000000 3.656394e-09
5490.000000 3.653173e-09
5495.000000 3.652077e-09
5500.000000 3.652102e-09
5505.000000 3.620312e-09
5510.000000 3.600485e-09
5515.000000 3.626996e-09
5520.000000 3.647032e-09
5525.000000 3.595872e-09
5530.000000 3.562873e-09
5535.000000 3.578614e-09
5540.000000 3.603741e-09
5545.000000 3.613864e-09
5550.000000 3.625442e-09
5555.000000 3.604243e-09
5560.000000 3.566652e-09
5565.000000 3.557182e-09
5570.000000 3.549815e-09
5575.000000 3.551887e-09
5580.000000 3.524329e-09
5585.000000 3.470983e-09
5590.000000 3.422909e-09
5595.000000 3.413872e-09
5600.000000 3.421343e-09
5605.000000 3.473803e-09
5610.000000 3.505720e-09
5615.000000 3.475833e-09
5620.000000 3.461420e-09
5625.000000 3.471533e-09
5630.000000 3.484625e-09
5635.000000 3.481981e-09
5640.000000 3.471078e-09
5645.000000 3.463366e-09
5650.000000 3.462064e-09
5655.000000 3.416832e-09
5660.000000 3.374923e-09
5665.000000 3.372214e-09
5670.000000 3.390022e-09
5675.000000 3.415383e-09
5680.000000 3.403257e-09
5685.000000 3.379456e-09
5690.000000 3.384011e-09
5695.000000 3.392383e-09
5700.000000 3.382888e-09
5705.000000 3.352528e-09
5710.000000 3.323846e-09
5715.000000 3.328828e-09
5720.000000 3.343425e-09
5725.000000 3.380532e-09
5730.000000 3.389222e-09
5735.000000 3.370676e-09
5740.000000 3.355583e-09
5745.000000 3.338419e-09
5750.000000 3.312833e-09
5755.000000 3.285300e-09
5760.000000 3.278366e-09
5765.000000 3.291482e-09
5770.000000 3.310962e-09
5775.000000 3.306805e-09
5780.000000 3.283428e-09
5785.000000 3.269349e-09
5790.000000 3.270767e-09
5795.000000 3.263086e-09
5800.000000 3.268951e-09
5805.000000 3.275693e-09
5810.000000 3.280030e-09
5815.000000 3.289156e-09
5820.000000 3.291128e-09
5825.000000 3.286604e-09
5830.000000 3.270837e-09
5835.000000 3.252439e-09
5840.000000 3.247154e-09
5845.000000 3.245035e-09
5850.000000 3.233403e-09
5855.000000 3.198557e-09
5860.000000 3.200081e-09
5865.000000 3.228365e-09
5870.000000 3.244317e-09
5875.000000 3.233555e-09
5880.000000 3.187857e-09
5885.000000 3.114098e-09
5890.000000 3.041575e-09
5895.000000 3.044446e-09
5900.000000 3.104933e-09
5905.000000 3.152948e-09
5910.000000 3.149432e-09
5915.000000 3.140881e-09
5920.000000 3.146736e-09
5925.000000 3.128630e-09
5930.000000 3.102576e-09
5935.000000 3.104470e-09
5940.000000 3.108479e-09
5945.000000 3.076936e-09
5950.000000 3.053963e-09
5955.000000 3.053702e-09
5960.000000 3.066904e-09
5965.000000 3.072214e-09
5970.000000 3.070308e-09
5975.000000 3.053688e-09
5980.000000 3.060798e-09
5985.000000 3.050672e-09
5990.000000 3.040895e-09
5995.000000 3.052168e-09
6000.000000 3.031488e-09
6005.000000 2.998231e-09
6010.000000 2.980981e-09
6015.000000 2.969536e-09
6020.000000 2.968843e-09
6025.000000 2.974128e-09
6030.000000 2.998286e-09
6035.000000 3.013943e-09
6040.000000 2.991845e-09
6045.000000 2.981237e-09
6050.000000 2.975767e-09
6055.000000 2.968831e-09
6060.000000 2.966622e-09
6065.000000 2.963443e-09
6070.000000 2.961513e-09
6075.000000 2.947133e-09
6080.000000 2.941701e-09
6085.000000 2.940138e-09
6090.000000 2.930545e-09
6095.000000 2.912733e-09
6100.000000 2.897893e-09
6105.000000 2.904855e-09
6110.000000 2.914521e-09
6115.000000 2.903810e-09
6120.000000 2.877619e-09
6125.000000 2.877313e-09
6130.000000 2.876518e-09
6135.000000 2.843049e-09
6140.000000 2.823012e-09
6145.000000 2.823266e-09
6150.000000 2.826093e-09
6155.000000 2.817786e-09
6160.000000 2.797300e-09
6165.000000 2.795882e-09
6170.000000 2.807564e-09
6175.000000 2.830941e-09
6180.000000 2.850478e-09
6185.000000 2.844762e-09
6190.000000 2.834031e-09
6195.000000 2.849154e-09
6200.000000 2.859679e-09
6205.000000 2.853976e-09
6210.000000 2.832943e-09
6215.000000 2.815084e-09
6220.000000 2.805996e-09
6225.000000 2.800100e-09
6230.000000 2.782361e-09
6235.000000 2.758642e-09
6240.000000 2.743020e-09
6245.000000 2.729759e-09
6250.000000 2.732537e-09
6255.000000 2.741670e-09
6260.000000 2.752116e-09
6265.000000 2.755209e-09
6270.000000 2.744291e-09
6275.000000 2.703969e-09
6280.000000 2.670154e-09
6285.000000 2.699089e-09
6290.000000 2.720037e-09
6295.000000 2.710497e-09
6300.000000 2.684608e-09
6305.000000 2.690738e-09
6310.000000 2.697740e-09
6315.000000 2.689070e-09
6320.000000 2.683540e-09
6325.000000 2.699585e-09
6330.000000 2.700465e-09
6335.000000 2.686910e-09
6340.000000 2.676324e-09
6345.000000 2.650823e-09
6350.000000 2.655554e-09
6355.000000 2.671793e-09
6360.000000 2.673890e-09
6365.000000 2.663481e-09
6370.000000 2.654094e-09
6375.000000 2.660125e-09
6380.000000 2.657073e-09
6385.000000 2.656351e-09
6390.000000 2.642878e-09
6395.000000 2.622909e-09
6400.000000 2.615918e-09
6405.000000 2.604696e-09
6410.000000 2.593801e-09
6415.000000 2.582939e-09
6420.000000 2.585923e-09
6425.000000 2.588650e-09
6430.000000 2.579183e-09
6435.000000 2.584615e-09
6440.000000 2.590494e-09
6445.000000 2.588496e-09
6450.000000 2.566511e-09
6455.000000 2.529794e-09
6460.000000 2.514166e-09
6465.000000 2.525912e-09
6470.000000 2.534774e-09
6475.000000 2.534392e-09
6480.000000 2.525708e-09
6485.000000 2.501859e-09
6490.000000 2.460116e-09
6495.000000 2.447569e-09
6500.000000 2.488018e-09
6505.000000 2.515840e-09
6510.000000 2.518727e-09
6515.000000 2.499057e-09
6520.000000 2.488926e-09
6525.000000 2.472963e-09
6530.000000 2.449788e-09
6535.000000 2.429936e-09
6540.000000 2.405371e-09
6545.000000 2.339584e-09
6550.000000 2.197889e-09
6555.000000 1.967502e-09
6560.000000 1.741737e-09
6565.000000 1.796966e-09
6570.000000 2.024899e-09
6575.000000 2.194072e-09
6580.000000 2.294132e-09
6585.000000 2.339931e-09
6590.000000 2.362028e-09
6595.000000 2.389394e-09
6600.000000 2.422299e-09
6605.000000 2.439915e-09
6610.000000 2.453904e-09
6615.000000 2.456743e-09
6620.000000 2.447661e-09
6625.000000 2.443748e-09
6630.000000 2.426964e-09
6635.000000 2.413707e-09
6640.000000 2.410984e-09
6645.000000 2.407517e-09
6650.000000 2.412127e-09
6655.000000 2.407969e-09
6660.000000 2.397881e-09
6665.000000 2.395930e-09
6670.000000 2.403453e-09
6675.000000 2.393856e-09
6680.000000 2.380131e-09
6685.000000 2.384495e-09
6690.000000 2.390722e-09
6695.000000 2.389473e-09
6700.000000 2.377675e-09
6705.000000 2.376854e-09
6710.000000 2.380648e-09
6715.000000 2.362456e-09
6720.000000 2.348373e-09
6725.000000 2.350066e-09
6730.000000 2.351701e-09
6735.000000 2.351608e-09
6740.000000 2.349039e-09
6745.000000 2.337588e-09
6750.000000 2.320553e-09
6755.000000 2.311536e-09
6760.000000 2.312953e-09
6765.000000 2.317553e-09
6770.000000 2.314948e-09
6775.000000 2.316074e-09
6780.000000 2.310732e-09
6785.000000 2.302268e-09
6790.000000 2.299499e-09
6795.000000 2.295643e-09
6800.000000 2.292557e-09
6805.000000 2.285340e-09
6810.000000 2.286594e-09
6815.000000 2.291370e-09
6820.000000 2.288929e-09
6825.000000 2.278249e-09
6830.000000 2.267650e-09
6835.000000 2.258091e-09
6840.000000 2.254825e-09
6845.000000 2.247709e-09
6850.000000 2.245059e-09
6855.000000 2.247219e-09
6860.000000 2.250142e-09
6865.000000 2.248852e-09
6870.000000 2.240912e-09
6875.000000 2.228458e-09
6880.000000 2.216274e-09
6885.000000 2.208802e-09
6890.000000 2.207055e-09
6895.000000 2.208666e-09
6900.000000 2.209733e-09
6905.000000 2.207787e-09
6910.000000 2.203239e-09
6915.000000 2.198522e-09
6920.000000 2.195625e-09
6925.000000 2.194537e-09
6930.000000 2.193749e-09
6935.000000 2.191525e-09
6940.000000 2.187766e-09
6945.000000 2.183448e-09
6950.000000 2.179194e-09
6955.000000 2.175449e-09
6960.000000 2.171841e-09
6965.000000 2.167757e-09
6970.000000 2.162904e-09
6975.000000 2.159525e-09
6980.000000 2.145691e-09
6985.000000 2.141000e-09
6990.000000 2.129872e-09
6995.000000 2.127431e-09
7000.000000 2.119050e-09
7005.000000 2.109500e-09
7010.000000 2.115337e-09
7015.000000 2.118680e-09
7020.000000 2.126094e-09
7025.000000 2.119179e-09
7030.000000 2.110394e-09
7035.000000 2.094742e-09
7040.000000 2.084686e-09
7045.000000 2.083851e-09
7050.000000 2.092577e-09
7055.000000 2.101808e-09
7060.000000 2.099791e-09
7065.000000 2.092217e-09
7070.000000 2.088743e-09
7075.000000 2.087379e-09
7080.000000 2.087323e-09
7085.000000 2.086381e-09
7090.000000 2.082475e-09
7095.000000 2.086509e-09
7100.000000 2.076798e-09
7105.000000 2.067942e-09
7110.000000 2.054493e-09
7115.000000 2.037370e-09
7120.000000 2.039320e-09
7125.000000 2.054080e-09
7130.000000 2.065152e-09
7135.000000 2.074217e-09
7140.000000 2.071760e-09
7145.000000 2.056018e-09
7150.000000 2.057772e-09
7155.000000 2.068863e-09
7160.000000 2.053965e-09
7165.000000 2.017393e-09
7170.000000 1.985449e-09
7175.000000 1.961954e-09
7180.000000 1.940335e-09
7185.000000 1.912694e-09
7190.000000 1.916025e-09
7195.000000 1.931445e-09
7200.000000 1.937746e-09
7205.000000 1.957934e-09
7210.000000 2.000055e-09
7215.000000 2.021171e-09
7220.000000 2.014801e-09
7225.000000 2.003814e-09
7230.000000 1.970541e-09
7235.000000 1.940734e-09
7240.000000 1.931028e-09
7245.000000 1.924494e-09
7250.000000 1.930320e-09
7255.000000 1.953622e-09
7260.000000 1.975488e-09
7265.000000 1.983069e-09
7270.000000 1.969301e-09
7275.000000 1.937237e-09
7280.000000 1.933445e-09
7285.000000 1.906366e-09
7290.000000 1.879618e-09
7295.000000 1.898690e-09
7300.000000 1.910992e-09
7305.000000 1.906685e-09
7310.000000 1.898980e-09
7315.000000 1.899765e-09
7320.000000 1.905064e-09
7325.000000 1.909907e-09
7330.000000 1.915857e-09
7335.000000 1.928583e-09
7340.000000 1.931442e-09
7345.000000 1.924588e-09
7350.000000 1.910903e-09
7355.000000 1.905919e-09
7360.000000 1.891166e-09
7365.000000 1.882940e-09
7370.000000 1.881298e-09
7375.000000 1.881724e-09
7380.000000 1.876423e-09
7385.000000 1.854232e-09
7390.000000 1.852087e-09
7395.000000 1.871159e-09
7400.000000 1.879050e-09
7405.000000 1.863865e-09
7410.000000 1.849439e-09
7415.000000 1.851854e-09
7420.000000 1.856996e-09
7425.000000 1.859586e-09
7430.000000 1.854880e-09
7435.000000 1.846742e-09
7440.000000 1.838914e-09
7445.000000 1.833636e-09
7450.000000 1.840853e-09
7455.000000 1.850731e-09
7460.000000 1.849037e-09
7465.000000 1.848291e-09
7470.000000 1.846297e-09
7475.000000 1.841471e-09
7480.000000 1.837980e-09
7485.000000 1.835202e-09
7490.000000 1.829484e-09
7495.000000 1.822702e-09
7500.000000 1.816576e-09
7505.000000 1.805332e-09
7510.000000 1.797506e-09
7515.000000 1.800981e-09
7520.000000 1.805938e-09
7525.000000 1.800288e-09
7530.000000 1.793606e-09
7535.000000 1.796288e-09
7540.000000 1.803512e-09
7545.000000 1.808073e-09
7550.000000 1.807848e-09
7555.000000 1.802564e-09
7560.000000 1.791367e-09
7565.000000 1.779909e-09
7570.000000 1.775247e-09
7575.000000 1.780263e-09
7580.000000 1.791118e-09
7585.000000 1.799427e-09
7590.000000 1.798310e-09
7595.000000 1.787610e-09
7600.000000 1.773671e-09
7605.000000 1.764356e-09
7610.000000 1.763741e-09
7615.000000 1.769304e-09
7620.000000 1.773555e-09
7625.000000 1.769543e-09
7630.000000 1.755655e-09
7635.000000 1.736212e-09
7640.000000 1.718450e-09
7645.000000 1.708032e-09
7650.000000 1.705894e-09
7655.000000 1.708630e-09
7660.000000 1.711520e-09
7665.000000 1.711807e-09
7670.000000 1.710002e-09
7675.000000 1.708577e-09
7680.000000 1.709348e-09
7685.000000 1.711578e-09
7690.000000 1.712450e-09
7695.000000 1.709508e-09
7700.000000 1.703027e-09
7705.000000 1.696437e-09
7710.000000 1.694548e-09
7715.000000 1.699235e-09
7720.000000 1.708010e-09
7725.000000 1.716799e-09
7730.000000 1.721459e-09
7735.000000 1.718453e-09
7740.000000 1.707994e-09
7745.000000 1.697587e-09
7750.000000 1.698512e-09
7755.000000 1.707338e-09
7760.000000 1.710212e-09
7765.000000 1.693519e-09
7770.000000 1.654509e-09
7775.000000 1.634216e-09
7780.000000 1.644819e-09
7785.000000 1.653138e-09
7790.000000 1.659023e-09
7795.000000 1.666059e-09
7800.000000 1.674299e-09
7805.000000 1.679765e-09
7810.000000 1.677239e-09
7815.000000 1.672315e-09
7820.000000 1.665339e-09
7825.000000 1.657599e-09
7830.000000 1.650469e-09
7835.000000 1.651726e-09
7840.000000 1.660657e-09
7845.000000 1.666530e-09
7850.000000 1.665779e-09
7855.000000 1.662574e-09
7860.000000 1.658990e-09
7865.000000 1.653647e-09
7870.000000 1.647737e-09
7875.000000 1.638416e-09
7880.000000 1.633343e-09
7885.000000 1.637835e-09
7890.000000 1.644612e-09
7895.000000 1.651711e-09
7900.000000 1.656175e-09
7905.000000 1.652733e-09
7910.000000 1.636692e-09
7915.000000 1.612469e-09
7920.000000 1.594236e-09
7925.000000 1.594871e-09
7930.000000 1.604288e-09
7935.000000 1.613881e-09
7940.000000 1.611915e-09
7945.000000 1.599048e-09
7950.000000 1.590948e-09
7955.000000 1.593330e-09
7960.000000 1.608285e-09
7965.000000 1.623922e-09
7970.000000 1.633816e-09
7975.000000 1.629342e-09
7980.000000 1.611824e-09
7985.000000 1.592199e-09
7990.000000 1.579128e-09
7995.000000 1.575568e-09
8000.000000 1.572104e-09
8005.000000 1.571555e-09
8010.000000 1.570137e-09
8015.000000 1.574614e-09
8020.000000 1.577499e-09
8025.000000 1.571092e-09
8030.000000 1.565503e-09
8035.000000 1.565643e-09
8040.000000 1.563218e-09
8045.000000 1.551820e-09
8050.000000 1.549154e-09
8055.000000 1.553048e-09
8060.000000 1.558894e-09
8065.000000 1.562331e-09
8070.000000 1.562331e-09
8075.000000 1.554695e-09
8080.000000 1.552336e-09
8085.000000 1.553726e-09
8090.000000 1.555598e-09
8095.000000 1.548180e-09
8100.000000 1.545842e-09
8105.000000 1.552652e-09
8110.000000 1.556174e-09
8115.000000 1.550474e-09
8120.000000 1.543239e-09
8125.000000 1.536381e-09
8130.000000 1.524398e-09
8135.000000 1.514048e-09
8140.000000 1.506710e-09
8145.000000 1.497971e-09
8150.000000 1.488372e-09
8155.000000 1.475962e-09
8160.000000 1.458897e-09
8165.000000 1.452481e-09
8170.000000 1.463106e-09
8175.000000 1.449552e-09
8180.000000 1.437304e-09
8185.000000 1.447509e-09
8190.000000 1.449143e-09
8195.000000 1.433027e-09
8200.000000 1.439617e-09
8205.000000 1.485564e-09
8210.000000 1.514882e-09
8215.000000 1.508681e-09
8220.000000 1.467488e-09
8225.000000 1.396191e-09
8230.000000 1.361565e-09
8235.000000 1.422047e-09
8240.000000 1.478829e-09
8245.000000 1.485864e-09
8250.000000 1.474171e-09
8255.000000 1.464914e-09
8260.000000 1.479208e-09
8265.000000 1.496741e-09
8270.000000 1.490357e-09
8275.000000 1.462732e-09
8280.000000 1.444966e-09
8285.000000 1.443661e-09
8290.000000 1.450459e-09
8295.000000 1.459653e-09
8300.000000 1.459550e-09
8305.000000 1.452299e-09
8310.000000 1.448267e-09
8315.000000 1.448542e-09
8320.000000 1.447137e-09
8325.000000 1.450482e-09
8330.000000 1.436207e-09
8335.000000 1.421533e-09
8340.000000 1.424653e-09
8345.000000 1.438073e-09
8350.000000 1.451105e-09
8355.000000 1.455652e-09
8360.000000 1.460896e-09
8365.000000 1.465941e-09
8370.000000 1.463901e-09
8375.000000 1.460992e-09
8380.000000 1.458156e-09
8385.000000 1.449605e-09
8390.000000 1.446654e-09
8395.000000 1.458947e-09
8400.000000 1.471800e-09
8405.000000 1.465050e-09
8410.000000 1.447454e-09
8415.000000 1.440388e-09
8420.000000 1.449059e-09
8425.000000 1.452312e-09
8430.000000 1.445124e-09
8435.000000 1.432429e-09
8440.000000 1.420941e-09
8445.000000 1.403183e-09
8450.000000 1.413396e-09
8455.000000 1.434366e-09
8460.000000 1.437559e-09
8465.000000 1.418564e-09
8470.000000 1.413266e-09
8475.000000 1.431837e-09
8480.000000 1.455621e-09
8485.000000 1.460742e-09
8490.000000 1.427896e-09
8495.000000 1.345132e-09
8500.000000 1.294979e-09
8505.000000 1.341539e-09
8510.000000 1.396634e-09
8515.000000 1.417163e-09
8520.000000 1.422446e-09
8525.000000 1.422965e-09
8530.000000 1.410088e-09
8535.000000 1.357114e-09
8540.000000 1.247223e-09
8545.000000 1.209719e-09
8550.000000 1.254173e-09
8555.000000 1.326258e-09
8560.000000 1.387893e-09
8565.000000 1.417290e-09
8570.000000 1.419427e-09
8575.000000 1.418137e-09
8580.000000 1.414218e-09
8585.000000 1.397181e-09
8590.000000 1.368186e-09
8595.000000 1.328698e-09
8600.000000 1.323516e-09
8605.000000 1.349198e-09
8610.000000 1.378773e-09
8615.000000 1.413775e-09
8620.000000 1.442425e-09
8625.000000 1.459868e-09
8630.000000 1.462024e-09
8635.000000 1.463754e-09
8640.000000 1.453488e-09
8645.000000 1.430729e-09
8650.000000 1.393768e-09
8655.000000 1.341062e-09
8660.000000 1.256522e-09
8665.000000 1.207749e-09
8670.000000 1.244563e-09
8675.000000 1.307868e-09
8680.000000 1.361209e-09
8685.000000 1.378640e-09
8690.000000 1.377722e-09
8695.000000 1.398562e-09
8700.000000 1.424816e-09
8705.000000 1.428302e-09
8710.000000 1.416405e-09
8715.000000 1.398440e-09
8720.000000 1.383163e-09
8725.000000 1.369505e-09
8730.000000 1.351495e-09
8735.000000 1.315900e-09
8740.000000 1.269802e-09
8745.000000 1.222527e-09
8750.000000 1.196367e-09
8755.000000 1.219762e-09
8760.000000 1.255165e-09
8765.000000 1.277962e-09
8770.000000 1.293581e-09
8775.000000 1.302532e-09
8780.000000 1.313933e-09
8785.000000 1.326884e-09
8790.000000 1.335696e-09
8795.000000 1.334939e-09
8800.000000 1.338145e-09
8805.000000 1.376646e-09
8810.000000 1.387498e-09
8815.000000 1.398253e-09
8820.000000 1.380920e-09
8825.000000 1.370996e-09
8830.000000 1.365821e-09
8835.000000 1.349525e-09
8840.000000 1.332451e-09
8845.000000 1.309830e-09
8850.000000 1.267885e-09
8855.000000 1.210876e-09
8860.000000 1.142286e-09
8865.000000 1.144878e-09
8870.000000 1.210277e-09
8875.000000 1.262105e-09
8880.000000 1.287937e-09
8885.000000 1.313516e-09
8890.000000 1.327483e-09
8895.000000 1.339421e-09
8900.000000 1.346746e-09
8905.000000 1.345100e-09
8910.000000 1.335720e-09
8915.000000 1.342632e-09
8920.000000 1.339362e-09
8925.000000 1.316907e-09
8930.000000 1.328049e-09
8935.000000 1.344855e-09
8940.000000 1.348232e-09
8945.000000 1.341064e-09
8950.000000 1.336187e-09
8955.000000 1.335792e-09
8960.000000 1.329752e-09
8965.000000 1.303778e-09
8970.000000 1.310532e-09
8975.000000 1.313484e-09
8980.000000 1.291994e-09
8985.000000 1.240039e-09
8990.000000 1.204470e-09
8995.000000 1.220125e-09
9000.000000 1.193347e-09
9005.000000 1.148120e-09
9010.000000 1.084065e-09
9015.000000 1.057913e-09
9020.000000 1.131270e-09
9025.000000 1.202229e-09
9030.000000 1.284492e-09
9035.000000 1.333707e-09
9040.000000 1.361645e-09
9045.000000 1.377565e-09
9050.000000 1.363761e-09
9055.000000 1.333999e-09
9060.000000 1.268024e-09
9065.000000 1.272127e-09
9070.000000 1.262766e-09
9075.000000 1.235637e-09
9080.000000 1.222716e-09
9085.000000 1.211080e-09
9090.000000 1.202107e-09
9095.000000 1.219273e-09
9100.000000 1.250683e-09
9105.000000 1.270037e-09
9110.000000 1.266428e-09
9115.000000 1.276300e-09
9120.000000 1.292439e-09
9125.000000 1.278683e-09
9130.000000 1.250785e-09
9135.000000 1.242543e-09
9140.000000 1.273424e-09
9145.000000 1.272789e-09
9150.000000 1.235946e-09
9155.000000 1.222776e-09
9160.000000 1.258180e-09
9165.000000 1.267862e-09
9170.000000 1.243841e-09
9175.000000 1.230194e-09
9180.000000 1.253662e-09
9185.000000 1.264033e-09
9190.000000 1.273401e-09
9195.000000 1.269365e-09
9200.000000 1.263448e-09
9205.000000 1.245659e-09
9210.000000 1.188269e-09
9215.000000 1.136582e-09
9220.000000 1.114887e-09
9225.000000 1.049473e-09
9230.000000 1.032438e-09
9235.000000 1.090378e-09
9240.000000 1.152012e-09
9245.000000 1.186385e-09
9250.000000 1.233601e-09
9255.000000 1.252861e-09
9260.000000 1.246631e-09
9265.000000 1.273187e-09
9270.000000 1.315999e-09
9275.000000 1.312732e-09
9280.000000 1.309494e-09
9285.000000 1.315063e-09
9290.000000 1.309702e-09
9295.000000 1.276529e-09
9300.000000 1.245967e-09
9305.000000 1.240800e-09
9310.000000 1.209859e-09
9315.000000 1.166422e-09
9320.000000 1.166969e-09
9325.000000 1.183314e-09
9330.000000 1.205742e-09
9335.000000 1.202484e-09
9340.000000 1.199464e-09
9345.000000 1.201881e-09
9350.000000 1.219049e-09
9355.000000 1.170068e-09
9360.000000 1.169336e-09
9365.000000 1.152887e-09
9370.000000 1.124626e-09
9375.000000 1.136788e-09
9380.000000 1.154093e-09
9385.000000 1.206728e-09
9390.000000 1.269824e-09
9395.000000 1.301274e-09
9400.000000 1.272194e-09
9405.000000 1.224194e-09
9410.000000 1.198482e-09
9415.000000 1.179155e-09
9420.000000 1.146825e-09
9425.000000 1.092272e-09
9430.000000 1.081503e-09
9435.000000 1.088790e-09
9440.000000 1.055774e-09
9445.000000 1.098123e-09
9450.000000 1.138922e-09
9455.000000 1.118746e-09
9460.000000 1.119883e-09
9465.000000 1.157989e-09
9470.000000 1.162447e-09
9475.000000 1.144650e-09
9480.000000 1.129175e-09
9485.000000 1.150688e-09
9490.000000 1.128536e-09
9495.000000 1.082260e-09
9500.000000 1.078370e-09
9505.000000 1.142832e-09
9510.000000 1.166987e-09
9515.000000 1.122532e-09
9520.000000 1.094908e-09
9525.000000 1.090933e-09
9530.000000 1.082326e-09
9535.000000 1.069334e-09
9540.000000 1.024692e-09
9545.000000 9.876139e-10
9550.000000 1.011493e-09
9555.000000 1.038720e-09
9560.000000 1.080337e-09
9565.000000 1.077933e-09
9570.000000 1.125320e-09
9575.000000 1.136559e-09
9580.000000 1.117488e-09
9585.000000 1.092898e-09
9590.000000 1.067150e-09
9595.000000 1.079879e-09
9600.000000 1.083568e-09
9605.000000 1.077180e-09
9610.000000 1.088100e-09
9615.000000 1.080217e-09
9620.000000 1.068773e-09
9625.000000 1.077133e-09
9630.000000 1.086405e-09
9635.000000 1.081920e-09
9640.000000 1.084626e-09
9645.000000 1.092542e-09
9650.000000 1.071948e-09
9655.000000 1.057234e-09
9660.000000 1.049487e-09
9665.000000 1.063433e-09
9670.000000 1.086801e-09
9675.000000 1.084499e-09
9680.000000 1.076509e-09
9685.000000 1.081153e-09
9690.000000 1.079562e-09
9695.000000 1.081022e-09
9700.000000 1.075220e-09
9705.000000 1.091043e-09
9710.000000 1.086760e-09
9715.000000 1.086484e-09
9720.000000 1.080605e-09
9725.000000 1.057180e-09
9730.000000 1.049113e-09
9735.000000 1.037763e-09
9740.000000 1.035986e-09
9745.000000 1.041130e-09
9750.000000 1.027716e-09
9755.000000 1.027282e-09
9760.000000 1.042074e-09
9765.000000 1.043640e-09
9770.000000 1.053339e-09
9775.000000 1.045872e-09
9780.000000 1.048311e-09
9785.000000 1.025952e-09
9790.000000 1.025163e-09
9795.000000 1.023455e-09
9800.000000 1.030693e-09
9805.000000 1.046376e-09
9810.000000 1.051968e-09
9815.000000 1.050535e-09
9820.000000 1.047796e-09
9825.000000 1.031300e-09
9830.000000 1.038440e-09
9835.000000 1.020780e-09
9840.000000 1.008056e-09
9845.000000 1.009626e-09
9850.000000 1.005749e-09
9855.000000 1.005964e-09
9860.000000 1.010964e-09
9865.000000 1.029016e-09
9870.000000 1.019913e-09
9875.000000 1.024205e-09
9880.000000 1.034468e-09
9885.000000 1.023764e-09
9890.000000 1.017909e-09
9895.000000 1.016903e-09
9900.000000 1.023867e-09
9905.000000 1.021602e-09
9910.000000 1.020169e-09
9915.000000 1.024385e-09
9920.000000 1.023085e-09
9925.000000 1.011831e-09
9930.000000 1.020096e-09
9935.000000 1.019253e-09
9940.000000 9.891544e-10
9945.000000 9.984733e-10
9950.000000 1.004807e-09
9955.000000 9.810348e-10
9960.000000 9.916893e-10
9965.000000 9.974471e-10
9970.000000 1.007917e-09
9975.000000 1.005189e-09
9980.000000 1.003269e-09
9985.000000 9.815471e-10
9990.000000 9.862821e-10
9995.000000 9.805512e-10
10000.000000 9.772564e-10
10005.000000 9.786372e-10
10010.000000 9.687864e-10
10015.000000 9.525578e-10
10020.000000 9.512946e-10
10025.000000 9.112386e-10
10030.000000 8.927855e-10
10035.000000 9.185212e-10
10040.000000 8.952923e-10
10045.000000 8.282420e-10
10050.000000 8.008583e-10
10055.000000 8.059878e-10
10060.000000 8.856246e-10
10065.000000 9.019970e-10
10070.000000 9.036664e-10
10075.000000 9.151705e-10
10080.000000 9.200650e-10
10085.000000 9.446333e-10
10090.000000 9.541388e-10
10095.000000 9.381511e-10
10100.000000 9.269524e-10
10105.000000 9.249055e-10
10110.000000 9.238131e-10
10115.000000 9.231207e-10
10120.000000 9.237620e-10
10125.000000 9.262793e-10
10130.000000 9.302092e-10
10135.000000 9.347052e-10
10140.000000 9.389002e-10
10145.000000 9.421992e-10
10150.000000 9.446787e-10
10155.000000 9.466786e-10
10160.000000 9.485334e-10
10165.000000 9.501963e-10
10170.000000 9.506635e-10
10175.000000 9.485541e-10
10180.000000 9.425579e-10
10185.000000 9.323896e-10
10190.000000 9.204388e-10
10195.000000 9.101234e-10
10200.000000 9.048106e-10
10205.000000 9.063118e-10
10210.000000 9.123814e-10
10215.000000 9.192270e-10
10220.000000 9.230234e-10
10225.000000 9.213285e-10
10230.000000 9.152630e-10
10235.000000 9.073109e-10
10240.000000 9.000446e-10
10245.000000 8.954485e-10
10250.000000 8.940066e-10
10255.000000 8.956111e-10
10260.000000 9.000642e-10
10265.000000 9.067248e-10
10270.000000 9.138019e-10
10275.000000 9.190725e-10
10280.000000 9.203859e-10
10285.000000 9.166815e-10
10290.000000 9.097686e-10
10295.000000 9.025685e-10
10300.000000 8.979822e-10
10305.000000 8.977039e-10
10310.000000 9.002737e-10
10315.000000 9.030339e-10
10320.000000 9.033055e-10
10325.000000 8.995364e-10
10330.000000 8.930736e-10
10335.000000 8.863875e-10
10340.000000 8.819611e-10
10345.000000 8.813921e-10
10350.000000 8.839191e-10
10355.000000 8.878824e-10
10360.000000 8.915759e-10
10365.000000 8.937140e-10
10370.000000 8.940948e-10
10375.000000 8.929381e-10
10380.000000 8.905124e-10
10385.000000 8.872206e-10
10390.000000 8.838000e-10
10395.000000 8.811210e-10
10400.000000 8.800024e-10
10405.000000 8.806327e-10
10410.000000 8.815528e-10
10415.000000 8.806803e-10
10420.000000 8.759855e-10
10425.000000 8.666368e-10
10430.000000 8.549075e-10
10435.000000 8.442618e-10
10440.000000 8.381347e-10
10445.000000 8.384877e-10
10450.000000 8.434410e-10
10455.000000 8.496320e-10
10460.000000 8.536893e-10
10465.000000 8.535833e-10
10470.000000 8.507667e-10
10475.000000 8.480343e-10
10480.000000 8.481870e-10
10485.000000 8.527145e-10
10490.000000 8.597117e-10
10495.000000 8.659676e-10
10500.000000 8.682768e-10
10505.000000 8.647905e-10
10510.000000 8.571520e-10
10515.000000 8.483647e-10
10520.000000 8.414647e-10
10525.000000 8.384478e-10
10530.000000 8.386349e-10
10535.000000 8.403089e-10
10540.000000 8.416906e-10
10545.000000 8.414295e-10
10550.000000 8.392885e-10
10555.000000 8.354516e-10
10560.000000 8.301513e-10
10565.000000 8.237035e-10
10570.000000 8.166383e-10
10575.000000 8.095588e-10
10580.000000 8.030566e-10
10585.000000 7.976090e-10
10590.000000 7.933461e-10
10595.000000 7.902755e-10
10600.000000 7.883794e-10
10605.000000 7.875840e-10
10610.000000 7.876633e-10
10615.000000 7.883270e-10
10620.000000 5.917910e-10
