1150.000000 1.618215e-08
1155.000000 1.976199e-08
1160.000000 1.906119e-08
1165.000000 1.873604e-08
1170.000000 1.639113e-08
1175.000000 1.424179e-08
1180.000000 1.607266e-08
1185.000000 1.710286e-08
1190.000000 1.330904e-08
1195.000000 9.767726e-09
1200.000000 7.749049e-09
1205.000000 4.034003e-09
1210.000000 2.147636e-09
1215.000000 2.083879e-09
1220.000000 4.347404e-09
1225.000000 8.447173e-09
1230.000000 1.261188e-08
1235.000000 1.732435e-08
1240.000000 2.185263e-08
1245.000000 2.250762e-08
1250.000000 2.171451e-08
1255.000000 2.215805e-08
1260.000000 1.886410e-08
1265.000000 1.888288e-08
1270.000000 2.293384e-08
1275.000000 2.336624e-08
1280.000000 2.429484e-08
1285.000000 2.462382e-08
1290.000000 2.244268e-08
1295.000000 1.869809e-08
1300.000000 1.624376e-08
1305.000000 1.661683e-08
1310.000000 2.075442e-08
1315.000000 2.668378e-08
1320.000000 2.788418e-08
1325.000000 2.535454e-08
1330.000000 2.251516e-08
1335.000000 2.138515e-08
1340.000000 2.508681e-08
1345.000000 2.656178e-08
1350.000000 2.713998e-08
1355.000000 2.711010e-08
1360.000000 2.580186e-08
1365.000000 2.317339e-08
1370.000000 2.271596e-08
1375.000000 2.278826e-08
1380.000000 2.281759e-08
1385.000000 2.353537e-08
1390.000000 2.295973e-08
1395.000000 2.190198e-08
1400.000000 2.297965e-08
1405.000000 2.406556e-08
1410.000000 2.416153e-08
1415.000000 2.312517e-08
1420.000000 2.272154e-08
1425.000000 2.415756e-08
1430.000000 2.486968e-08
1435.000000 2.443394e-08
1440.000000 2.558189e-08
1445.000000 2.645736e-08
1450.000000 2.730321e-08
1455.000000 2.719429e-08
1460.000000 2.745977e-08
1465.000000 2.640499e-08
1470.000000 2.501493e-08
1475.000000 2.451962e-08
1480.000000 2.480013e-08
1485.000000 2.513288e-08
1490.000000 2.610424e-08
1495.000000 2.480859e-08
1500.000000 2.421667e-08
1505.000000 2.412829e-08
1510.000000 2.337620e-08
1515.000000 2.336341e-08
1520.000000 2.419406e-08
1525.000000 2.297053e-08
1530.000000 2.115166e-08
1535.000000 2.047675e-08
1540.000000 2.099861e-08
1545.000000 2.050386e-08
1550.000000 2.104862e-08
1555.000000 2.212990e-08
1560.000000 2.149874e-08
1565.000000 2.148574e-08
1570.000000 2.127364e-08
1575.000000 2.147767e-08
1580.000000 2.230587e-08
1585.000000 2.311493e-08
1590.000000 2.350808e-08
1595.000000 2.300056e-08
1600.000000 2.188007e-08
1605.000000 2.073484e-08
1610.000000 2.048401e-08
1615.000000 2.125148e-08
1620.000000 2.159481e-08
1625.000000 2.130905e-08
1630.000000 2.092348e-08
1635.000000 2.105912e-08
1640.000000 2.138453e-08
1645.000000 2.136065e-08
1650.000000 2.105077e-08
1655.000000 1.974344e-08
1660.000000 1.982720e-08
1665.000000 2.115031e-08
1670.000000 2.070708e-08
1675.000000 2.034961e-08
1680.000000 2.164363e-08
1685.000000 2.175076e-08
1690.000000 2.082526e-08
1695.000000 2.037667e-08
1700.000000 2.017021e-08
1705.000000 1.929463e-08
1710.000000 1.809910e-08
1715.000000 1.761103e-08
1720.000000 1.693239e-08
1725.000000 1.787774e-08
1730.000000 1.944716e-08
1735.000000 1.980995e-08
1740.000000 1.944599e-08
1745.000000 1.911907e-08
1750.000000 1.927531e-08
1755.000000 2.028086e-08
1760.000000 1.974812e-08
1765.000000 1.952755e-08
1770.000000 1.945508e-08
1775.000000 1.954977e-08
1780.000000 2.018954e-08
1785.000000 1.963339e-08
1790.000000 1.856120e-08
1795.000000 2.013088e-08
1800.000000 2.153812e-08
1805.000000 2.127322e-08
1810.000000 2.050425e-08
1815.000000 1.979319e-08
1820.000000 1.950913e-08
1825.000000 1.984116e-08
1830.000000 1.949523e-08
1835.000000 1.903718e-08
1840.000000 1.806620e-08
1845.000000 1.656377e-08
1850.000000 1.571394e-08
1855.000000 1.557387e-08
1860.000000 1.598043e-08
1865.000000 1.689792e-08
1870.000000 1.810645e-08
1875.000000 1.816186e-08
1880.000000 1.675147e-08
1885.000000 1.513973e-08
1890.000000 1.410554e-08
1895.000000 1.430083e-08
1900.000000 1.512295e-08
1905.000000 1.560912e-08
1910.000000 1.547677e-08
1915.000000 1.470262e-08
1920.000000 1.424414e-08
1925.000000 1.366566e-08
1930.000000 1.395313e-08
1935.000000 1.503728e-08
1940.000000 1.541059e-08
1945.000000 1.535057e-08
1950.000000 1.475004e-08
1955.000000 1.411795e-08
1960.000000 1.327608e-08
1965.000000 1.280949e-08
1970.000000 1.326325e-08
1975.000000 1.456944e-08
1980.000000 1.473586e-08
1985.000000 1.432944e-08
1990.000000 1.288888e-08
1995.000000 1.190245e-08
2000.000000 1.193018e-08
2005.000000 1.237885e-08
2010.000000 1.223772e-08
2015.000000 1.322547e-08
2020.000000 1.336663e-08
2025.000000 1.335362e-08
2030.000000 1.381098e-08
2035.000000 1.382047e-08
2040.000000 1.316100e-08
2045.000000 1.215870e-08
2050.000000 1.241842e-08
2055.000000 1.275126e-08
2060.000000 1.232479e-08
2065.000000 1.120208e-08
2070.000000 1.150050e-08
2075.000000 1.190931e-08
2080.000000 1.209123e-08
2085.000000 1.263288e-08
2090.000000 1.256050e-08
2095.000000 1.182965e-08
2100.000000 1.146310e-08
2105.000000 1.125403e-08
2110.000000 1.115343e-08
2115.000000 1.162123e-08
2120.000000 1.175485e-08
2125.000000 1.172843e-08
2130.000000 1.231068e-08
2135.000000 1.163317e-08
2140.000000 1.108703e-08
2145.000000 1.069014e-08
2150.000000 1.005282e-08
2155.000000 1.069109e-08
2160.000000 1.141603e-08
2165.000000 1.079013e-08
2170.000000 1.032935e-08
2175.000000 9.966802e-09
2180.000000 9.665453e-09
2185.000000 9.874411e-09
2190.000000 1.008997e-08
2195.000000 1.019006e-08
2200.000000 1.028864e-08
2205.000000 1.036251e-08
2210.000000 9.877873e-09
2215.000000 9.810347e-09
2220.000000 9.881519e-09
2225.000000 9.416503e-09
2230.000000 8.970647e-09
2235.000000 9.327515e-09
2240.000000 9.565966e-09
2245.000000 9.300409e-09
2250.000000 9.127653e-09
2255.000000 9.117669e-09
2260.000000 8.887398e-09
2265.000000 8.915165e-09
2270.000000 9.533249e-09
2275.000000 9.893106e-09
2280.000000 1.007714e-08
2285.000000 1.007298e-08
2290.000000 1.065040e-08
2295.000000 1.097342e-08
2300.000000 1.028162e-08
2305.000000 9.722295e-09
2310.000000 1.032730e-08
2315.000000 1.092745e-08
2320.000000 1.050601e-08
2325.000000 1.033892e-08
2330.000000 1.025924e-08
2335.000000 9.986618e-09
2340.000000 9.770694e-09
2345.000000 9.925810e-09
2350.000000 9.863252e-09
2355.000000 1.002782e-08
2360.000000 1.041382e-08
2365.000000 1.052614e-08
2370.000000 1.053139e-08
2375.000000 1.048931e-08
2380.000000 1.038117e-08
2385.000000 1.033975e-08
2390.000000 1.000788e-08
2395.000000 9.953444e-09
2400.000000 1.053943e-08
2405.000000 1.075486e-08
2410.000000 1.011876e-08
2415.000000 1.010092e-08
2420.000000 1.023389e-08
2425.000000 1.053477e-08
2430.000000 1.093526e-08
2435.000000 1.054108e-08
2440.000000 1.058018e-08
2445.000000 1.084186e-08
2450.000000 1.113211e-08
2455.000000 1.163209e-08
2460.000000 1.202459e-08
2465.000000 1.156816e-08
2470.000000 1.095988e-08
2475.000000 1.084917e-08
2480.000000 1.107234e-08
2485.000000 1.134412e-08
2490.000000 1.123489e-08
2495.000000 1.096790e-08
2500.000000 1.141137e-08
2505.000000 1.169103e-08
2510.000000 1.163838e-08
2515.000000 1.127269e-08
2520.000000 1.094943e-08
2525.000000 1.097224e-08
2530.000000 1.113351e-08
2535.000000 1.116719e-08
2540.000000 1.104113e-08
2545.000000 1.080006e-08
2550.000000 1.088916e-08
2555.000000 1.097145e-08
2560.000000 1.174056e-08
2565.000000 1.167983e-08
2570.000000 1.146932e-08
2575.000000 1.163956e-08
2580.000000 1.056070e-08
2585.000000 1.013449e-08
2590.000000 1.113508e-08
2595.000000 1.180712e-08
2600.000000 1.191664e-08
2605.000000 1.174842e-08
2610.000000 1.166234e-08
2615.000000 1.163134e-08
2620.000000 1.184498e-08
2625.000000 1.214791e-08
2630.000000 1.181230e-08
2635.000000 1.199288e-08
2640.000000 1.269975e-08
2645.000000 1.304104e-08
2650.000000 1.310725e-08
2655.000000 1.292349e-08
2660.000000 1.284522e-08
2665.000000 1.267860e-08
2670.000000 1.225181e-08
2675.000000 1.248712e-08
2680.000000 1.284445e-08
2685.000000 1.274011e-08
2690.000000 1.264485e-08
2695.000000 1.232608e-08
2700.000000 1.192629e-08
2705.000000 1.231822e-08
2710.000000 1.225723e-08
2715.000000 1.179878e-08
2720.000000 1.175828e-08
2725.000000 1.186696e-08
2730.000000 1.195009e-08
2735.000000 1.242041e-08
2740.000000 1.234293e-08
2745.000000 1.176215e-08
2750.000000 1.155189e-08
2755.000000 1.139002e-08
2760.000000 1.176921e-08
2765.000000 1.211466e-08
2770.000000 1.182690e-08
2775.000000 1.169045e-08
2780.000000 1.227654e-08
2785.000000 1.222421e-08
2790.000000 1.193558e-08
2795.000000 1.178941e-08
2800.000000 1.099257e-08
2805.000000 1.090095e-08
2810.000000 1.143123e-08
2815.000000 1.227849e-08
2820.000000 1.235547e-08
2825.000000 1.221748e-08
2830.000000 1.188735e-08
2835.000000 1.167907e-08
2840.000000 1.153893e-08
2845.000000 1.148464e-08
2850.000000 1.185168e-08
2855.000000 1.156570e-08
2860.000000 1.141848e-08
2865.000000 1.186161e-08
2870.000000 1.217878e-08
2875.000000 1.190349e-08
2880.000000 1.151011e-08
2885.000000 1.171522e-08
2890.000000 1.169429e-08
2895.000000 1.204983e-08
2900.000000 1.220619e-08
2905.000000 1.227555e-08
2910.000000 1.235550e-08
2915.000000 1.233553e-08
2920.000000 1.211609e-08
2925.000000 1.178688e-08
2930.000000 1.164820e-08
2935.000000 1.179897e-08
2940.000000 1.156254e-08
2945.000000 1.154672e-08
2950.000000 1.162535e-08
2955.000000 1.185890e-08
2960.000000 1.200929e-08
2965.000000 1.169376e-08
2970.000000 1.175317e-08
2975.000000 1.165511e-08
2980.000000 1.160466e-08
2985.000000 1.159456e-08
2990.000000 1.134679e-08
2995.000000 1.129966e-08
3000.000000 1.151313e-08
3005.000000 1.154942e-08
3010.000000 1.155008e-08
3015.000000 1.157325e-08
3020.000000 1.153792e-08
3025.000000 1.131391e-08
3030.000000 1.115049e-08
3035.000000 1.132998e-08
3040.000000 1.144584e-08
3045.000000 1.135352e-08
3050.000000 1.126793e-08
3055.000000 1.132917e-08
3060.000000 1.134741e-08
3065.000000 1.125848e-08
3070.000000 1.132989e-08
3075.000000 1.158757e-08
3080.000000 1.180740e-08
3085.000000 1.165516e-08
3090.000000 1.167605e-08
3095.000000 1.166853e-08
3100.000000 1.166601e-08
3105.000000 1.162674e-08
3110.000000 1.160384e-08
3115.000000 1.154308e-08
3120.000000 1.142477e-08
3125.000000 1.144434e-08
3130.000000 1.134155e-08
3135.000000 1.123350e-08
3140.000000 1.103442e-08
3145.000000 1.113070e-08
3150.000000 1.125921e-08
3155.000000 1.120743e-08
3160.000000 1.114150e-08
3165.000000 1.125410e-08
3170.000000 1.122438e-08
3175.000000 1.083185e-08
3180.000000 1.054265e-08
3185.000000 1.066727e-08
3190.000000 1.107276e-08
3195.000000 1.092720e-08
3200.000000 1.077662e-08
3205.000000 1.072947e-08
3210.000000 1.069765e-08
3215.000000 1.066583e-08
3220.000000 1.063356e-08
3225.000000 1.060033e-08
3230.000000 1.056566e-08
3235.000000 1.052903e-08
3240.000000 1.048996e-08
3245.000000 1.044795e-08
3250.000000 1.040253e-08
3255.000000 1.035350e-08
3260.000000 1.030135e-08
3265.000000 1.024684e-08
3270.000000 1.019077e-08
3275.000000 1.013391e-08
3280.000000 1.007706e-08
3285.000000 1.002100e-08
3290.000000 9.966520e-09
3295.000000 9.914358e-09
3300.000000 9.865374e-09
3305.000000 9.819975e-09
3310.000000 9.778020e-09
3315.000000 9.738978e-09
3320.000000 9.702386e-09
3325.000000 9.667732e-09
3330.000000 9.634514e-09
3335.000000 9.602229e-09
3340.000000 9.570406e-09
3345.000000 9.538525e-09
3350.000000 9.506066e-09
3355.000000 9.472739e-09
3360.000000 9.438495e-09
3365.000000 9.403463e-09
3370.000000 9.367775e-09
3375.000000 9.331574e-09
3380.000000 9.295011e-09
3385.000000 9.258175e-09
3390.000000 9.221218e-09
3395.000000 9.184284e-09
3400.000000 9.147485e-09
3405.000000 9.110956e-09
3410.000000 9.074674e-09
3415.000000 9.038577e-09
3420.000000 9.002672e-09
3425.000000 8.966903e-09
3430.000000 8.931224e-09
3435.000000 8.895618e-09
3440.000000 8.860026e-09
3445.000000 8.824389e-09
3450.000000 8.788724e-09
3455.000000 8.752967e-09
3460.000000 8.717168e-09
3465.000000 8.681297e-09
3470.000000 8.645382e-09
3475.000000 8.609432e-09
3480.000000 8.573483e-09
3485.000000 8.537546e-09
3490.000000 8.501670e-09
3495.000000 8.465811e-09
3500.000000 8.430025e-09
3505.000000 8.394309e-09
3510.000000 8.358655e-09
3515.000000 8.322995e-09
3520.000000 8.287352e-09
3525.000000 8.251636e-09
3530.000000 8.215844e-09
3535.000000 8.179956e-09
3540.000000 8.143904e-09
3545.000000 8.107692e-09
3550.000000 8.071266e-09
3555.000000 8.034632e-09
3560.000000 7.997881e-09
3565.000000 7.961113e-09
3570.000000 7.924438e-09
3575.000000 7.887973e-09
3580.000000 7.851817e-09
3585.000000 7.816111e-09
3590.000000 7.780940e-09
3595.000000 7.746416e-09
3600.000000 7.712681e-09
3605.000000 7.679841e-09
3610.000000 7.648131e-09
3615.000000 7.617751e-09
3620.000000 7.588945e-09
3625.000000 7.561938e-09
3630.000000 7.536946e-09
3635.000000 7.514221e-09
3640.000000 7.493972e-09
3645.000000 7.476443e-09
3650.000000 7.461885e-09
3655.000000 7.450785e-09
3660.000000 7.444206e-09
3665.000000 7.443481e-09
3670.000000 7.449950e-09
3675.000000 7.464940e-09
3680.000000 7.489799e-09
3685.000000 7.525871e-09
3690.000000 7.574474e-09
3695.000000 7.636977e-09
3700.000000 7.714594e-09
3705.000000 7.807618e-09
3710.000000 7.913902e-09
3715.000000 8.030312e-09
3720.000000 8.153622e-09
3725.000000 8.280652e-09
3730.000000 8.408116e-09
3735.000000 8.532875e-09
3740.000000 8.651685e-09
3745.000000 8.761313e-09
3750.000000 8.858681e-09
3755.000000 8.941646e-09
3760.000000 9.010741e-09
3765.000000 9.067484e-09
3770.000000 9.113485e-09
3775.000000 9.150391e-09
3780.000000 9.179831e-09
3785.000000 9.203411e-09
3790.000000 9.222727e-09
3795.000000 9.239439e-09
3800.000000 9.255141e-09
3805.000000 9.270929e-09
3810.000000 9.286818e-09
3815.000000 9.302413e-09
3820.000000 9.317184e-09
3825.000000 9.330677e-09
3830.000000 9.342411e-09
3835.000000 9.351904e-09
3840.000000 9.358698e-09
3845.000000 9.362273e-09
3850.000000 9.362194e-09
3855.000000 9.358179e-09
3860.000000 9.350299e-09
3865.000000 9.338851e-09
3870.000000 9.324126e-09
3875.000000 9.306417e-09
3880.000000 9.285987e-09
3885.000000 9.263175e-09
3890.000000 9.238247e-09
3895.000000 9.211483e-09
3900.000000 9.183195e-09
3905.000000 9.153809e-09
3910.000000 9.123996e-09
3915.000000 9.094601e-09
3920.000000 9.066395e-09
3925.000000 9.040262e-09
3930.000000 9.016988e-09
3935.000000 8.997398e-09
3940.000000 8.982334e-09
3945.000000 8.972581e-09
3950.000000 8.968956e-09
3955.000000 8.971854e-09
3960.000000 8.980682e-09
3965.000000 8.994496e-09
3970.000000 9.012292e-09
3975.000000 9.033092e-09
3980.000000 9.055879e-09
3985.000000 9.079653e-09
3990.000000 9.103460e-09
3995.000000 9.126273e-09
4000.000000 9.147099e-09
4005.000000 9.164847e-09
4010.000000 9.178253e-09
4015.000000 9.185943e-09
4020.000000 9.186604e-09
4025.000000 9.178820e-09
4030.000000 9.161277e-09
4035.000000 9.132573e-09
4040.000000 9.091360e-09
4045.000000 9.036298e-09
4050.000000 8.966132e-09
4055.000000 8.880789e-09
4060.000000 8.783300e-09
4065.000000 8.677770e-09
4070.000000 8.568509e-09
4075.000000 8.459803e-09
4080.000000 8.355954e-09
4085.000000 8.261207e-09
4090.000000 8.179876e-09
4095.000000 8.116243e-09
4100.000000 8.074415e-09
4105.000000 8.056707e-09
4110.000000 8.060930e-09
4115.000000 8.083123e-09
4120.000000 8.119100e-09
4125.000000 8.164728e-09
4130.000000 8.215858e-09
4135.000000 8.268333e-09
4140.000000 8.317982e-09
4145.000000 8.360681e-09
4150.000000 8.392369e-09
4155.000000 8.410293e-09
4160.000000 8.414847e-09
4165.000000 8.407701e-09
4170.000000 8.390622e-09
4175.000000 8.365391e-09
4180.000000 8.333796e-09
4185.000000 8.297595e-09
4190.000000 8.258586e-09
4195.000000 8.218530e-09
4200.000000 8.179181e-09
4205.000000 8.141864e-09
4210.000000 8.106880e-09
4215.000000 8.074059e-09
4220.000000 8.043297e-09
4225.000000 8.014383e-09
4230.000000 7.987166e-09
4235.000000 7.961495e-09
4240.000000 7.937201e-09
4245.000000 7.914085e-09
4250.000000 7.892027e-09
4255.000000 7.870580e-09
4260.000000 7.848898e-09
4265.000000 7.825825e-09
4270.000000 7.800290e-09
4275.000000 7.771128e-09
4280.000000 7.737231e-09
4285.000000 7.697492e-09
4290.000000 7.650768e-09
4295.000000 7.595955e-09
4300.000000 7.531981e-09
4305.000000 7.458696e-09
4310.000000 7.378089e-09
4315.000000 7.292980e-09
4320.000000 7.206339e-09
4325.000000 7.121078e-09
4330.000000 7.040131e-09
4335.000000 6.966441e-09
4340.000000 6.902919e-09
4345.000000 6.852504e-09
4350.000000 6.818006e-09
4355.000000 6.800978e-09
4360.000000 6.799735e-09
4365.000000 6.811311e-09
4370.000000 6.832652e-09
4375.000000 6.860692e-09
4380.000000 6.892330e-09
4385.000000 6.924525e-09
4390.000000 6.954205e-09
4395.000000 6.978252e-09
4400.000000 6.993754e-09
4405.000000 6.998643e-09
4410.000000 6.993246e-09
4415.000000 6.978907e-09
4420.000000 6.956998e-09
4425.000000 6.928908e-09
4430.000000 6.896025e-09
4435.000000 6.859724e-09
4440.000000 6.821400e-09
4445.000000 6.782456e-09
4450.000000 6.744245e-09
4455.000000 6.707802e-09
4460.000000 6.673362e-09
4465.000000 6.640839e-09
4470.000000 6.610113e-09
4475.000000 6.581073e-09
4480.000000 6.553619e-09
4485.000000 6.527618e-09
4490.000000 6.502931e-09
4495.000000 6.479486e-09
4500.000000 6.457164e-09
4505.000000 6.435840e-09
4510.000000 6.415442e-09
4515.000000 6.395907e-09
4520.000000 6.377177e-09
4525.000000 6.359164e-09
4530.000000 6.341820e-09
4535.000000 6.325066e-09
4540.000000 6.308838e-09
4545.000000 6.293087e-09
4550.000000 6.277727e-09
4555.000000 6.262691e-09
4560.000000 6.247931e-09
4565.000000 6.233416e-09
4570.000000 6.219081e-09
4575.000000 6.204878e-09
4580.000000 6.190768e-09
4585.000000 6.176688e-09
4590.000000 6.162589e-09
4595.000000 6.148437e-09
4600.000000 6.134166e-09
4605.000000 6.119759e-09
4610.000000 6.105253e-09
4615.000000 6.090678e-09
4620.000000 6.076077e-09
4625.000000 6.061511e-09
4630.000000 6.047002e-09
4635.000000 6.032643e-09
4640.000000 6.018438e-09
4645.000000 6.004446e-09
4650.000000 5.990737e-09
4655.000000 5.977272e-09
4660.000000 5.963984e-09
4665.000000 5.950728e-09
4670.000000 5.937362e-09
4675.000000 5.923749e-09
4680.000000 5.909740e-09
4685.000000 5.895219e-09
4690.000000 5.880016e-09
4695.000000 5.864022e-09
4700.000000 5.847074e-09
4705.000000 5.829165e-09
4710.000000 5.810473e-09
4715.000000 5.791279e-09
4720.000000 5.771888e-09
4725.000000 5.752598e-09
4730.000000 5.733720e-09
4735.000000 5.715524e-09
4740.000000 5.698330e-09
4745.000000 5.682398e-09
4750.000000 5.668050e-09
4755.000000 5.655235e-09
4760.000000 5.643241e-09
4765.000000 5.631024e-09
4770.000000 5.617542e-09
4775.000000 5.601746e-09
4780.000000 5.582605e-09
4785.000000 5.559068e-09
4790.000000 5.530074e-09
4795.000000 5.494564e-09
4800.000000 5.451599e-09
4805.000000 5.400835e-09
4810.000000 5.343715e-09
4815.000000 5.282339e-09
4820.000000 5.218896e-09
4825.000000 5.155539e-09
4830.000000 5.094441e-09
4835.000000 5.037796e-09
4840.000000 4.987741e-09
4845.000000 4.946477e-09
4850.000000 4.916076e-09
4855.000000 4.897796e-09
4860.000000 4.890738e-09
4865.000000 4.893133e-09
4870.000000 4.903171e-09
4875.000000 4.919016e-09
4880.000000 4.938861e-09
4885.000000 4.960852e-09
4890.000000 4.983167e-09
4895.000000 5.004001e-09
4900.000000 5.021551e-09
4905.000000 5.034503e-09
4910.000000 5.042763e-09
4915.000000 5.046668e-09
4920.000000 5.046637e-09
4925.000000 5.043066e-09
4930.000000 5.036344e-09
4935.000000 5.026902e-09
4940.000000 5.015109e-09
4945.000000 5.001382e-09
4950.000000 4.986119e-09
4955.000000 4.969691e-09
4960.000000 4.952343e-09
4965.000000 4.934297e-09
4970.000000 4.915780e-09
4975.000000 4.897015e-09
4980.000000 4.878213e-09
4985.000000 4.859604e-09
4990.000000 4.841382e-09
4995.000000 4.823789e-09
5000.000000 4.807028e-09
5005.000000 4.791226e-09
5010.000000 4.776273e-09
5015.000000 4.761973e-09
5020.000000 4.748124e-09
5025.000000 4.734543e-09
5030.000000 4.720993e-09
5035.000000 4.707302e-09
5040.000000 4.693260e-09
5045.000000 4.678650e-09
5050.000000 4.663297e-09
5055.000000 4.647079e-09
5060.000000 4.630069e-09
5065.000000 4.612405e-09
5070.000000 4.594269e-09
5075.000000 4.575798e-09
5080.000000 4.557164e-09
5085.000000 4.538524e-09
5090.000000 4.520033e-09
5095.000000 4.501850e-09
5100.000000 4.484134e-09
5105.000000 4.466999e-09
5110.000000 4.450485e-09
5115.000000 4.434588e-09
5120.000000 4.419314e-09
5125.000000 4.404669e-09
5130.000000 4.390636e-09
5135.000000 4.377215e-09
5140.000000 4.364422e-09
5145.000000 4.352218e-09
5150.000000 4.340643e-09
5155.000000 4.329622e-09
5160.000000 4.319071e-09
5165.000000 4.308808e-09
5170.000000 4.298707e-09
5175.000000 4.288606e-09
5180.000000 4.278360e-09
5185.000000 4.267815e-09
5190.000000 4.256807e-09
5195.000000 4.245195e-09
5200.000000 4.232842e-09
5205.000000 4.219656e-09
5210.000000 4.205752e-09
5215.000000 4.191291e-09
5220.000000 4.176448e-09
5225.000000 4.161427e-09
5230.000000 4.146372e-09
5235.000000 4.131488e-09
5240.000000 4.116939e-09
5245.000000 4.102906e-09
5250.000000 4.089562e-09
5255.000000 4.077014e-09
5260.000000 4.065195e-09
5265.000000 4.053987e-09
5270.000000 4.043284e-09
5275.000000 4.032911e-09
5280.000000 4.022763e-09
5285.000000 4.012705e-09
5290.000000 4.002616e-09
5295.000000 3.992355e-09
5300.000000 3.981790e-09
5305.000000 3.970866e-09
5310.000000 3.959645e-09
5315.000000 3.948254e-09
5320.000000 3.936812e-09
5325.000000 3.925453e-09
5330.000000 3.914297e-09
5335.000000 3.903486e-09
5340.000000 3.893130e-09
5345.000000 3.883365e-09
5350.000000 3.874321e-09
5355.000000 3.866054e-09
5360.000000 3.858454e-09
5365.000000 3.851369e-09
5370.000000 3.844645e-09
5375.000000 3.838097e-09
5380.000000 3.831573e-09
5385.000000 3.824901e-09
5390.000000 3.817924e-09
5395.000000 3.810474e-09
5400.000000 3.802382e-09
5405.000000 3.793553e-09
5410.000000 3.784027e-09
5415.000000 3.773893e-09
5420.000000 3.763282e-09
5425.000000 3.752257e-09
5430.000000 3.740952e-09
5435.000000 3.729464e-09
5440.000000 3.717879e-09
5445.000000 3.706319e-09
5450.000000 3.694887e-09
5455.000000 3.683640e-09
5460.000000 3.672589e-09
5465.000000 3.661693e-09
5470.000000 3.650926e-09
5475.000000 3.640260e-09
5480.000000 3.629658e-09
5485.000000 3.619080e-09
5490.000000 3.608512e-09
5495.000000 3.597910e-09
5500.000000 3.587238e-09
5505.000000 3.576480e-09
5510.000000 3.565651e-09
5515.000000 3.554788e-09
5520.000000 3.543894e-09
5525.000000 3.533018e-09
5530.000000 3.522166e-09
5535.000000 3.511383e-09
5540.000000 3.500684e-09
5545.000000 3.490096e-09
5550.000000 3.479645e-09
5555.000000 3.469340e-09
5560.000000 3.459121e-09
5565.000000 3.448919e-09
5570.000000 3.438676e-09
5575.000000 3.428296e-09
5580.000000 3.417720e-09
5585.000000 3.406863e-09
5590.000000 3.395664e-09
5595.000000 3.384047e-09
5600.000000 3.371943e-09
5605.000000 3.359319e-09
5610.000000 3.346275e-09
5615.000000 3.332942e-09
5620.000000 3.319442e-09
5625.000000 3.305938e-09
5630.000000 3.292554e-09
5635.000000 3.279427e-09
5640.000000 3.266695e-09
5645.000000 3.254494e-09
5650.000000 3.242965e-09
5655.000000 3.232187e-09
5660.000000 3.222123e-09
5665.000000 3.212683e-09
5670.000000 3.203796e-09
5675.000000 3.195352e-09
5680.000000 3.187270e-09
5685.000000 3.179457e-09
5690.000000 3.171835e-09
5695.000000 3.164292e-09
5700.000000 3.156765e-09
5705.000000 3.149173e-09
5710.000000 3.141498e-09
5715.000000 3.133751e-09
5720.000000 3.125930e-09
5725.000000 3.118049e-09
5730.000000 3.110109e-09
5735.000000 3.102111e-09
5740.000000 3.094070e-09
5745.000000 3.085980e-09
5750.000000 3.077851e-09
5755.000000 3.069688e-09
5760.000000 3.061504e-09
5765.000000 3.053286e-09
5770.000000 3.045053e-09
5775.000000 3.036793e-09
5780.000000 3.028522e-09
5785.000000 3.020239e-09
5790.000000 3.011946e-09
5795.000000 3.003648e-09
5800.000000 2.995345e-09
5805.000000 2.987052e-09
5810.000000 2.978753e-09
5815.000000 2.970463e-09
5820.000000 2.962189e-09
5825.000000 2.953920e-09
5830.000000 2.945669e-09
5835.000000 2.937432e-09
5840.000000 2.929215e-09
5845.000000 2.921020e-09
5850.000000 2.912846e-09
5855.000000 2.904696e-09
5860.000000 2.896590e-09
5865.000000 2.888521e-09
5870.000000 2.880504e-09
5875.000000 2.872548e-09
5880.000000 2.864661e-09
5885.000000 2.856843e-09
5890.000000 2.849112e-09
5895.000000 2.841475e-09
5900.000000 2.832389e-09
5905.000000 2.816726e-09
5910.000000 2.814113e-09
5915.000000 2.808021e-09
5920.000000 2.802202e-09
5925.000000 2.793126e-09
5930.000000 2.792025e-09
5935.000000 2.790683e-09
5940.000000 2.782629e-09
5945.000000 2.771945e-09
5950.000000 2.757055e-09
5955.000000 2.751739e-09
5960.000000 2.731653e-09
5965.000000 2.743448e-09
5970.000000 2.731396e-09
5975.000000 2.715097e-09
5980.000000 2.695408e-09
5985.000000 2.701949e-09
5990.000000 2.695198e-09
5995.000000 2.689750e-09
6000.000000 2.677393e-09
6005.000000 2.667655e-09
6010.000000 2.676270e-09
6015.000000 2.681571e-09
6020.000000 2.674801e-09
6025.000000 2.719158e-09
6030.000000 2.674282e-09
6035.000000 2.687657e-09
6040.000000 2.634724e-09
6045.000000 2.617695e-09
6050.000000 2.611925e-09
6055.000000 2.611088e-09
6060.000000 2.597939e-09
6065.000000 2.593392e-09
6070.000000 2.577998e-09
6075.000000 2.571906e-09
6080.000000 2.567499e-09
6085.000000 2.561330e-09
6090.000000 2.544100e-09
6095.000000 2.544236e-09
6100.000000 2.534638e-09
6105.000000 2.535880e-09
6110.000000 2.547403e-09
6115.000000 2.601927e-09
6120.000000 2.527019e-09
6125.000000 2.531897e-09
6130.000000 2.511592e-09
6135.000000 2.489798e-09
6140.000000 2.484581e-09
6145.000000 2.480962e-09
6150.000000 2.464172e-09
6155.000000 2.457547e-09
6160.000000 2.441604e-09
6165.000000 2.432697e-09
6170.000000 2.441214e-09
6175.000000 2.446735e-09
6180.000000 2.481486e-09
6185.000000 2.468327e-09
6190.000000 2.445026e-09
6195.000000 2.436439e-09
6200.000000 2.410220e-09
6205.000000 2.418518e-09
6210.000000 2.406225e-09
6215.000000 2.397568e-09
6220.000000 2.383685e-09
6225.000000 2.388055e-09
6230.000000 2.374565e-09
6235.000000 2.371924e-09
6240.000000 2.372555e-09
6245.000000 2.363081e-09
6250.000000 2.367744e-09
6255.000000 2.365670e-09
6260.000000 2.368471e-09
6265.000000 2.337284e-09
6270.000000 2.332336e-09
6275.000000 2.310957e-09
6280.000000 2.261643e-09
6285.000000 2.274606e-09
6290.000000 2.296165e-09
6295.000000 2.297569e-09
6300.000000 2.292400e-09
6305.000000 2.288446e-09
6310.000000 2.285365e-09
6315.000000 2.272030e-09
6320.000000 2.272043e-09
6325.000000 2.271445e-09
6330.000000 2.269796e-09
6335.000000 2.266786e-09
6340.000000 2.264596e-09
6345.000000 2.238185e-09
6350.000000 2.211456e-09
6355.000000 2.225968e-09
6360.000000 2.242116e-09
6365.000000 2.227725e-09
6370.000000 2.196306e-09
6375.000000 2.187069e-09
6380.000000 2.197007e-09
6385.000000 2.198776e-09
6390.000000 2.196361e-09
6395.000000 2.191184e-09
6400.000000 2.189005e-09
6405.000000 2.179033e-09
6410.000000 2.177954e-09
6415.000000 2.170274e-09
6420.000000 2.163403e-09
6425.000000 2.147662e-09
6430.000000 2.149747e-09
6435.000000 2.150721e-09
6440.000000 2.141888e-09
6445.000000 2.123432e-09
6450.000000 2.112915e-09
6455.000000 2.112174e-09
6460.000000 2.109447e-09
6465.000000 2.102482e-09
6470.000000 2.093373e-09
6475.000000 2.090276e-09
6480.000000 2.074088e-09
6485.000000 2.053846e-09
6490.000000 2.050177e-09
6495.000000 2.040926e-09
6500.000000 2.070725e-09
6505.000000 2.084695e-09
6510.000000 2.093726e-09
6515.000000 2.093351e-09
6520.000000 2.084590e-09
6525.000000 2.070623e-09
6530.000000 2.060881e-09
6535.000000 2.044116e-09
6540.000000 2.016628e-09
6545.000000 1.966161e-09
6550.000000 1.919097e-09
6555.000000 1.815353e-09
6560.000000 1.633114e-09
6565.000000 1.508499e-09
6570.000000 1.647216e-09
6575.000000 1.821576e-09
6580.000000 1.913169e-09
6585.000000 1.959845e-09
6590.000000 1.999568e-09
6595.000000 2.012456e-09
6600.000000 2.011975e-09
6605.000000 2.011733e-09
6610.000000 2.009905e-09
6615.000000 2.010202e-09
6620.000000 2.002584e-09
6625.000000 1.986460e-09
6630.000000 1.967836e-09
6635.000000 1.950274e-09
6640.000000 1.937695e-09
6645.000000 1.929233e-09
6650.000000 1.924184e-09
6655.000000 1.909247e-09
6660.000000 1.899231e-09
6665.000000 1.892227e-09
6670.000000 1.883139e-09
6675.000000 1.865878e-09
6680.000000 1.853823e-09
6685.000000 1.867820e-09
6690.000000 1.868199e-09
6695.000000 1.882750e-09
6700.000000 1.869626e-09
6705.000000 1.863104e-09
6710.000000 1.865163e-09
6715.000000 1.858394e-09
6720.000000 1.841477e-09
6725.000000 1.835874e-09
6730.000000 1.840090e-09
6735.000000 1.843418e-09
6740.000000 1.834285e-09
6745.000000 1.828161e-09
6750.000000 1.822387e-09
6755.000000 1.818808e-09
6760.000000 1.814292e-09
6765.000000 1.814786e-09
6770.000000 1.804945e-09
6775.000000 1.805645e-09
6780.000000 1.804068e-09
6785.000000 1.791213e-09
6790.000000 1.792773e-09
6795.000000 1.789462e-09
6800.000000 1.785598e-09
6805.000000 1.784937e-09
6810.000000 1.771022e-09
6815.000000 1.765831e-09
6820.000000 1.763274e-09
6825.000000 1.763242e-09
6830.000000 1.755153e-09
6835.000000 1.748664e-09
6840.000000 1.745120e-09
6845.000000 1.741765e-09
6850.000000 1.738105e-09
6855.000000 1.734650e-09
6860.000000 1.731197e-09
6865.000000 1.727775e-09
6870.000000 1.724326e-09
6875.000000 1.720557e-09
6880.000000 1.716694e-09
6885.000000 1.712888e-09
6890.000000 1.709169e-09
6895.000000 1.705253e-09
6900.000000 1.701237e-09
6905.000000 1.697217e-09
6910.000000 1.693198e-09
6915.000000 1.689047e-09
6920.000000 1.684894e-09
6925.000000 1.680740e-09
6930.000000 1.676598e-09
6935.000000 1.672631e-09
6940.000000 1.669021e-09
6945.000000 1.665127e-09
6950.000000 1.661240e-09
6955.000000 1.657587e-09
6960.000000 1.653981e-09
6965.000000 1.650059e-09
6970.000000 1.646576e-09
6975.000000 1.647233e-09
6980.000000 1.643595e-09
6985.000000 1.641138e-09
6990.000000 1.637410e-09
6995.000000 1.629548e-09
7000.000000 1.617817e-09
7005.000000 1.623433e-09
7010.000000 1.619937e-09
7015.000000 1.609487e-09
7020.000000 1.607038e-09
7025.000000 1.609628e-09
7030.000000 1.598420e-09
7035.000000 1.588082e-09
7040.000000 1.580880e-09
7045.000000 1.587733e-09
7050.000000 1.588021e-09
7055.000000 1.582651e-09
7060.000000 1.578224e-09
7065.000000 1.561580e-09
7070.000000 1.562404e-09
7075.000000 1.577626e-09
7080.000000 1.568280e-09
7085.000000 1.562148e-09
7090.000000 1.564376e-09
7095.000000 1.554302e-09
7100.000000 1.546172e-09
7105.000000 1.551555e-09
7110.000000 1.548960e-09
7115.000000 1.543973e-09
7120.000000 1.549470e-09
7125.000000 1.534539e-09
7130.000000 1.533138e-09
7135.000000 1.528902e-09
7140.000000 1.533045e-09
7145.000000 1.533061e-09
7150.000000 1.519324e-09
7155.000000 1.510183e-09
7160.000000 1.516120e-09
7165.000000 1.512922e-09
7170.000000 1.491925e-09
7175.000000 1.476898e-09
7180.000000 1.463406e-09
7185.000000 1.445648e-09
7190.000000 1.446836e-09
7195.000000 1.451612e-09
7200.000000 1.449008e-09
7205.000000 1.449183e-09
7210.000000 1.465929e-09
7215.000000 1.484947e-09
7220.000000 1.479160e-09
7225.000000 1.471525e-09
7230.000000 1.456433e-09
7235.000000 1.438384e-09
7240.000000 1.429005e-09
7245.000000 1.425454e-09
7250.000000 1.437167e-09
7255.000000 1.429459e-09
7260.000000 1.441961e-09
7265.000000 1.431140e-09
7270.000000 1.411274e-09
7275.000000 1.409553e-09
7280.000000 1.409515e-09
7285.000000 1.414055e-09
7290.000000 1.407723e-09
7295.000000 1.406529e-09
7300.000000 1.413088e-09
7305.000000 1.401140e-09
7310.000000 1.392150e-09
7315.000000 1.382364e-09
7320.000000 1.375944e-09
7325.000000 1.385458e-09
7330.000000 1.392884e-09
7335.000000 1.383387e-09
7340.000000 1.378899e-09
7345.000000 1.379973e-09
7350.000000 1.378284e-09
7355.000000 1.371602e-09
7360.000000 1.365727e-09
7365.000000 1.365251e-09
7370.000000 1.364787e-09
7375.000000 1.360432e-09
7380.000000 1.351243e-09
7385.000000 1.345721e-09
7390.000000 1.346185e-09
7395.000000 1.346804e-09
7400.000000 1.347484e-09
7405.000000 1.336840e-09
7410.000000 1.332725e-09
7415.000000 1.331103e-09
7420.000000 1.327318e-09
7425.000000 1.319206e-09
7430.000000 1.314024e-09
7435.000000 1.315096e-09
7440.000000 1.317673e-09
7445.000000 1.313122e-09
7450.000000 1.303616e-09
7455.000000 1.305599e-09
7460.000000 1.302929e-09
7465.000000 1.300044e-09
7470.000000 1.294008e-09
7475.000000 1.291537e-09
7480.000000 1.288781e-09
7485.000000 1.285565e-09
7490.000000 1.284309e-09
7495.000000 1.273444e-09
7500.000000 1.272531e-09
7505.000000 1.266900e-09
7510.000000 1.266042e-09
7515.000000 1.261711e-09
7520.000000 1.256973e-09
7525.000000 1.254935e-09
7530.000000 1.256111e-09
7535.000000 1.263431e-09
7540.000000 1.254244e-09
7545.000000 1.247225e-09
7550.000000 1.243640e-09
7555.000000 1.240748e-09
7560.000000 1.237611e-09
7565.000000 1.234583e-09
7570.000000 1.231518e-09
7575.000000 1.228534e-09
7580.000000 1.225526e-09
7585.000000 1.222480e-09
7590.000000 1.219466e-09
7595.000000 1.216679e-09
7600.000000 1.214245e-09
7605.000000 1.211557e-09
7610.000000 1.208731e-09
7615.000000 1.205890e-09
7620.000000 1.203053e-09
7625.000000 1.200230e-09
7630.000000 1.197414e-09
7635.000000 1.194610e-09
7640.000000 1.191824e-09
7645.000000 1.189050e-09
7650.000000 1.186287e-09
7655.000000 1.183532e-09
7660.000000 1.180786e-09
7665.000000 1.178042e-09
7670.000000 1.175283e-09
7675.000000 1.172605e-09
7680.000000 1.169817e-09
7685.000000 1.167083e-09
7690.000000 1.164345e-09
7695.000000 1.161386e-09
7700.000000 1.158414e-09
7705.000000 1.155503e-09
7710.000000 1.152594e-09
7715.000000 1.150180e-09
7720.000000 1.148034e-09
7725.000000 1.145739e-09
7730.000000 1.143225e-09
7735.000000 1.137614e-09
7740.000000 1.138327e-09
7745.000000 1.132781e-09
7750.000000 1.130418e-09
7755.000000 1.131283e-09
7760.000000 1.128477e-09
7765.000000 1.123659e-09
7770.000000 1.120600e-09
7775.000000 1.103722e-09
7780.000000 1.096770e-09
7785.000000 1.100968e-09
7790.000000 1.111464e-09
7795.000000 1.107920e-09
7800.000000 1.102248e-09
7805.000000 1.105930e-09
7810.000000 1.112861e-09
7815.000000 1.107942e-09
7820.000000 1.097519e-09
7825.000000 1.095356e-09
7830.000000 1.097823e-09
7835.000000 1.085765e-09
7840.000000 1.078991e-09
7845.000000 1.063978e-09
7850.000000 1.067650e-09
7855.000000 1.073836e-09
7860.000000 1.079485e-09
7865.000000 1.076409e-09
7870.000000 1.066085e-09
7875.000000 1.063249e-09
7880.000000 1.058024e-09
7885.000000 1.055411e-09
7890.000000 1.055649e-09
7895.000000 1.049327e-09
7900.000000 1.040711e-09
7905.000000 1.042246e-09
7910.000000 1.044154e-09
7915.000000 1.043890e-09
7920.000000 1.046701e-09
7925.000000 1.046352e-09
7930.000000 1.038590e-09
7935.000000 1.029642e-09
7940.000000 1.030542e-09
7945.000000 1.025516e-09
7950.000000 1.019262e-09
7955.000000 1.018964e-09
7960.000000 1.013581e-09
7965.000000 1.009906e-09
7970.000000 1.012846e-09
7975.000000 1.009751e-09
7980.000000 1.008853e-09
7985.000000 1.003659e-09
7990.000000 1.003544e-09
7995.000000 1.003978e-09
8000.000000 9.953537e-10
8005.000000 9.957245e-10
8010.000000 9.971517e-10
8015.000000 9.932853e-10
8020.000000 9.945342e-10
8025.000000 9.871527e-10
8030.000000 9.777199e-10
8035.000000 9.779291e-10
8040.000000 9.852139e-10
8045.000000 9.821782e-10
8050.000000 9.781029e-10
8055.000000 9.827429e-10
8060.000000 9.831793e-10
8065.000000 9.761573e-10
8070.000000 9.672889e-10
8075.000000 9.617889e-10
8080.000000 9.593331e-10
8085.000000 9.657438e-10
8090.000000 9.614061e-10
8095.000000 9.670262e-10
8100.000000 9.637142e-10
8105.000000 9.613539e-10
8110.000000 9.591454e-10
8115.000000 9.484991e-10
8120.000000 9.436282e-10
8125.000000 9.519263e-10
8130.000000 9.525700e-10
8135.000000 9.428104e-10
8140.000000 9.361254e-10
8145.000000 9.367421e-10
8150.000000 9.299858e-10
8155.000000 9.348290e-10
8160.000000 9.264151e-10
8165.000000 9.008630e-10
8170.000000 8.971390e-10
8175.000000 9.219276e-10
8180.000000 9.147562e-10
8185.000000 9.195597e-10
8190.000000 9.235346e-10
8195.000000 9.225549e-10
8200.000000 9.232909e-10
8205.000000 9.165067e-10
8210.000000 9.240091e-10
8215.000000 9.176854e-10
8220.000000 9.106634e-10
8225.000000 8.996604e-10
8230.000000 8.693810e-10
8235.000000 8.618249e-10
8240.000000 8.881012e-10
8245.000000 9.029628e-10
8250.000000 8.955183e-10
8255.000000 8.987763e-10
8260.000000 8.881121e-10
8265.000000 8.875625e-10
8270.000000 8.951169e-10
8275.000000 8.820779e-10
8280.000000 8.743005e-10
8285.000000 8.793553e-10
8290.000000 8.820665e-10
8295.000000 8.739988e-10
8300.000000 8.719623e-10
8305.000000 8.645096e-10
8310.000000 8.607220e-10
8315.000000 8.619809e-10
8320.000000 8.628258e-10
8325.000000 8.690067e-10
8330.000000 8.657600e-10
8335.000000 8.589912e-10
8340.000000 8.680261e-10
8345.000000 8.674210e-10
8350.000000 8.501565e-10
8355.000000 8.505123e-10
8360.000000 8.558358e-10
8365.000000 8.467440e-10
8370.000000 8.449328e-10
8375.000000 8.391160e-10
8380.000000 8.435476e-10
8385.000000 8.515847e-10
8390.000000 8.525755e-10
8395.000000 8.421133e-10
8400.000000 8.325712e-10
8405.000000 8.338612e-10
8410.000000 8.354182e-10
8415.000000 8.366083e-10
8420.000000 8.292532e-10
8425.000000 8.344447e-10
8430.000000 8.343781e-10
8435.000000 8.311440e-10
8440.000000 8.262631e-10
8445.000000 8.217920e-10
8450.000000 8.197519e-10
8455.000000 8.240700e-10
8460.000000 8.265895e-10
8465.000000 8.135250e-10
8470.000000 8.081136e-10
8475.000000 8.197244e-10
8480.000000 8.274882e-10
8485.000000 8.238620e-10
8490.000000 8.173720e-10
8495.000000 8.141877e-10
8500.000000 8.027889e-10
8505.000000 7.962395e-10
8510.000000 8.017623e-10
8515.000000 8.056665e-10
8520.000000 8.091643e-10
8525.000000 8.186695e-10
8530.000000 8.180818e-10
8535.000000 8.044420e-10
8540.000000 7.907816e-10
8545.000000 7.779719e-10
8550.000000 7.807441e-10
8555.000000 7.981191e-10
8560.000000 8.105229e-10
8565.000000 8.151096e-10
8570.000000 8.072517e-10
8575.000000 8.092356e-10
8580.000000 8.038948e-10
8585.000000 7.959425e-10
8590.000000 7.848144e-10
8595.000000 7.689457e-10
8600.000000 7.573713e-10
8605.000000 7.560650e-10
8610.000000 7.826709e-10
8615.000000 8.082201e-10
8620.000000 8.233018e-10
8625.000000 8.260000e-10
8630.000000 8.215504e-10
8635.000000 8.220946e-10
8640.000000 8.186696e-10
8645.000000 8.094463e-10
8650.000000 7.834761e-10
8655.000000 7.669420e-10
8660.000000 7.552022e-10
8665.000000 7.247708e-10
8670.000000 7.160693e-10
8675.000000 7.445631e-10
8680.000000 7.770906e-10
8685.000000 7.895760e-10
8690.000000 8.072246e-10
8695.000000 8.186066e-10
8700.000000 8.142372e-10
8705.000000 8.394117e-10
8710.000000 8.471324e-10
8715.000000 8.275515e-10
8720.000000 8.275780e-10
8725.000000 8.280612e-10
8730.000000 8.092968e-10
8735.000000 7.794969e-10
8740.000000 7.475490e-10
8745.000000 7.163443e-10
8750.000000 6.920796e-10
8755.000000 6.898706e-10
8760.000000 7.080490e-10
8765.000000 7.332664e-10
8770.000000 7.642106e-10
8775.000000 7.800124e-10
8780.000000 7.716373e-10
8785.000000 7.925836e-10
8790.000000 7.951133e-10
8795.000000 8.042300e-10
8800.000000 8.050106e-10
8805.000000 8.111716e-10
8810.000000 8.151167e-10
8815.000000 8.168899e-10
8820.000000 8.199059e-10
8825.000000 8.047377e-10
8830.000000 7.820704e-10
8835.000000 7.771820e-10
8840.000000 7.670189e-10
8845.000000 7.516824e-10
8850.000000 7.184229e-10
8855.000000 6.957648e-10
8860.000000 6.721559e-10
8865.000000 6.479444e-10
8870.000000 6.601136e-10
8875.000000 6.879253e-10
8880.000000 7.240552e-10
8885.000000 7.430694e-10
8890.000000 7.612205e-10
8895.000000 7.726039e-10
8900.000000 7.802343e-10
8905.000000 7.733255e-10
8910.000000 7.797474e-10
8915.000000 7.794955e-10
8920.000000 7.717830e-10
8925.000000 7.667523e-10
8930.000000 7.466777e-10
8935.000000 7.440294e-10
8940.000000 7.645624e-10
8945.000000 7.697989e-10
8950.000000 7.709851e-10
8955.000000 7.624233e-10
8960.000000 7.570014e-10
8965.000000 7.584433e-10
8970.000000 7.369182e-10
8975.000000 7.272954e-10
8980.000000 7.232548e-10
8985.000000 7.249989e-10
8990.000000 6.906449e-10
8995.000000 6.744675e-10
9000.000000 6.724266e-10
9005.000000 6.535445e-10
9010.000000 6.353505e-10
9015.000000 5.984963e-10
9020.000000 5.624503e-10
9025.000000 5.938826e-10
9030.000000 6.514375e-10
9035.000000 6.853526e-10
9040.000000 7.136473e-10
9045.000000 7.268182e-10
9050.000000 7.401439e-10
9055.000000 7.481176e-10
9060.000000 7.388137e-10
9065.000000 7.304563e-10
9070.000000 7.209949e-10
9075.000000 7.065448e-10
9080.000000 7.076926e-10
9085.000000 7.040456e-10
9090.000000 7.011938e-10
9095.000000 6.938848e-10
9100.000000 7.065307e-10
9105.000000 7.107783e-10
9110.000000 6.952713e-10
9115.000000 6.944486e-10
9120.000000 6.829272e-10
9125.000000 7.026705e-10
9130.000000 6.992300e-10
9135.000000 6.765122e-10
9140.000000 6.783039e-10
9145.000000 6.877506e-10
9150.000000 6.853940e-10
9155.000000 6.705907e-10
9160.000000 6.809848e-10
9165.000000 6.671094e-10
9170.000000 6.804590e-10
9175.000000 6.881528e-10
9180.000000 6.781114e-10
9185.000000 6.762507e-10
9190.000000 6.764860e-10
9195.000000 6.725270e-10
9200.000000 6.664225e-10
9205.000000 6.438369e-10
9210.000000 6.308912e-10
9215.000000 6.123457e-10
9220.000000 5.906349e-10
9225.000000 5.512664e-10
9230.000000 5.245748e-10
9235.000000 5.322199e-10
9240.000000 5.652592e-10
9245.000000 6.095557e-10
9250.000000 6.187640e-10
9255.000000 6.294176e-10
9260.000000 6.391243e-10
9265.000000 6.343774e-10
9270.000000 6.561273e-10
9275.000000 6.669009e-10
9280.000000 6.650981e-10
9285.000000 6.747957e-10
9290.000000 6.575994e-10
9295.000000 6.473151e-10
9300.000000 6.387845e-10
9305.000000 6.260484e-10
9310.000000 6.235373e-10
9315.000000 6.042848e-10
9320.000000 5.827304e-10
9325.000000 5.615109e-10
9330.000000 6.111019e-10
9335.000000 6.118427e-10
9340.000000 5.623267e-10
9345.000000 5.363127e-10
9350.000000 5.533984e-10
9355.000000 5.751263e-10
9360.000000 5.664542e-10
9365.000000 5.858438e-10
9370.000000 5.686029e-10
9375.000000 5.827316e-10
9380.000000 6.074837e-10
9385.000000 6.088646e-10
9390.000000 6.171832e-10
9395.000000 6.541209e-10
9400.000000 6.735326e-10
9405.000000 6.430415e-10
9410.000000 6.136439e-10
9415.000000 6.174424e-10
9420.000000 6.423204e-10
9425.000000 6.233632e-10
9430.000000 5.995686e-10
9435.000000 5.931420e-10
9440.000000 5.423259e-10
9445.000000 5.645219e-10
9450.000000 6.111738e-10
9455.000000 5.769292e-10
9460.000000 5.508339e-10
9465.000000 5.881172e-10
9470.000000 6.217628e-10
9475.000000 6.088162e-10
9480.000000 5.806546e-10
9485.000000 5.469025e-10
9490.000000 5.992045e-10
9495.000000 6.065065e-10
9500.000000 5.782827e-10
9505.000000 5.820266e-10
9510.000000 6.065243e-10
9515.000000 6.147711e-10
9520.000000 6.265692e-10
9525.000000 5.791329e-10
9530.000000 5.400640e-10
9535.000000 5.527065e-10
9540.000000 5.345014e-10
9545.000000 4.860328e-10
9550.000000 4.635937e-10
9555.000000 4.403104e-10
9560.000000 4.832926e-10
9565.000000 5.415224e-10
9570.000000 6.030761e-10
9575.000000 5.920031e-10
9580.000000 5.922812e-10
9585.000000 5.805780e-10
9590.000000 5.868053e-10
9595.000000 5.756475e-10
9600.000000 5.425763e-10
9605.000000 5.660224e-10
9610.000000 5.811252e-10
9615.000000 5.998094e-10
9620.000000 5.731817e-10
9625.000000 5.512808e-10
9630.000000 5.571419e-10
9635.000000 5.646839e-10
9640.000000 5.892158e-10
9645.000000 5.966978e-10
9650.000000 5.163802e-10
9655.000000 5.541642e-10
9660.000000 5.436245e-10
9665.000000 5.548391e-10
9670.000000 5.253248e-10
9675.000000 5.332723e-10
9680.000000 5.770008e-10
9685.000000 5.682215e-10
9690.000000 5.629011e-10
9695.000000 5.450194e-10
9700.000000 5.727702e-10
9705.000000 5.785569e-10
9710.000000 6.097222e-10
9715.000000 5.923472e-10
9720.000000 5.470126e-10
9725.000000 5.397253e-10
9730.000000 5.557594e-10
9735.000000 5.255233e-10
9740.000000 5.066036e-10
9745.000000 5.132696e-10
9750.000000 5.383343e-10
9755.000000 5.188456e-10
9760.000000 5.340030e-10
9765.000000 5.387253e-10
9770.000000 5.563565e-10
9775.000000 5.522418e-10
9780.000000 5.201157e-10
9785.000000 5.121288e-10
9790.000000 4.957030e-10
9795.000000 5.346741e-10
9800.000000 5.610504e-10
9805.000000 5.397935e-10
9810.000000 5.393233e-10
9815.000000 5.418208e-10
9820.000000 5.634677e-10
9825.000000 5.069946e-10
9830.000000 4.776748e-10
9835.000000 5.233806e-10
9840.000000 5.504555e-10
9845.000000 5.343597e-10
9850.000000 5.127022e-10
9855.000000 5.095170e-10
9860.000000 5.318291e-10
9865.000000 5.465249e-10
9870.000000 4.930030e-10
9875.000000 5.124772e-10
9880.000000 4.868930e-10
9885.000000 5.111665e-10
9890.000000 4.963368e-10
9895.000000 5.238055e-10
9900.000000 5.554398e-10
9905.000000 5.418877e-10
9910.000000 5.687512e-10
9915.000000 5.102778e-10
9920.000000 5.077090e-10
9925.000000 5.132029e-10
9930.000000 4.830076e-10
9935.000000 5.049187e-10
9940.000000 4.950023e-10
9945.000000 5.179744e-10
9950.000000 5.243602e-10
9955.000000 4.721736e-10
9960.000000 5.675840e-10
9965.000000 5.139832e-10
9970.000000 5.143785e-10
9975.000000 4.906077e-10
9980.000000 5.000411e-10
9985.000000 5.984593e-10
9990.000000 5.150952e-10
9995.000000 4.568768e-10
10000.000000 4.999446e-10
10005.000000 5.264782e-10
10010.000000 4.891915e-10
10015.000000 4.714118e-10
10020.000000 4.690201e-10
10025.000000 4.682914e-10
10030.000000 5.163337e-10
10035.000000 5.000451e-10
10040.000000 4.796382e-10
10045.000000 4.563412e-10
10050.000000 4.465522e-10
10055.000000 4.231858e-10
10060.000000 4.453924e-10
10065.000000 4.425707e-10
10070.000000 4.577855e-10
10075.000000 4.618672e-10
10080.000000 4.676610e-10
10085.000000 4.649372e-10
10090.000000 4.913452e-10
10095.000000 4.737771e-10
10100.000000 4.791920e-10
10105.000000 4.812011e-10
10110.000000 4.813044e-10
10115.000000 4.810029e-10
10120.000000 4.803681e-10
10125.000000 4.794695e-10
10130.000000 4.783816e-10
10135.000000 4.771727e-10
10140.000000 4.759145e-10
10145.000000 4.746776e-10
10150.000000 4.735340e-10
10155.000000 4.725293e-10
10160.000000 4.716595e-10
10165.000000 4.708978e-10
10170.000000 4.702190e-10
10175.000000 4.695929e-10
10180.000000 4.689978e-10
10185.000000 4.683998e-10
10190.000000 4.677729e-10
10195.000000 4.670918e-10
10200.000000 4.663296e-10
10205.000000 4.654683e-10
10210.000000 4.645138e-10
10215.000000 4.634827e-10
10220.000000 4.623955e-10
10225.000000 4.612635e-10
10230.000000 4.601095e-10
10235.000000 4.589468e-10
10240.000000 4.577967e-10
10245.000000 4.566688e-10
10250.000000 4.555875e-10
10255.000000 4.545617e-10
10260.000000 4.535983e-10
10265.000000 4.527010e-10
10270.000000 4.518730e-10
10275.000000 4.511121e-10
10280.000000 4.504215e-10
10285.000000 4.498049e-10
10290.000000 4.492640e-10
10295.000000 4.487986e-10
10300.000000 4.484156e-10
10305.000000 4.481058e-10
10310.000000 4.478494e-10
10315.000000 4.476266e-10
10320.000000 4.474082e-10
10325.000000 4.471715e-10
10330.000000 4.468868e-10
10335.000000 4.465323e-10
10340.000000 4.460833e-10
10345.000000 4.455137e-10
10350.000000 4.447979e-10
10355.000000 4.439248e-10
10360.000000 4.429161e-10
10365.000000 4.418068e-10
10370.000000 4.406290e-10
10375.000000 4.394178e-10
10380.000000 4.382072e-10
10385.000000 4.370324e-10
10390.000000 4.359306e-10
10395.000000 4.349353e-10
10400.000000 4.340757e-10
10405.000000 4.333790e-10
10410.000000 4.328277e-10
10415.000000 4.323978e-10
10420.000000 4.320594e-10
10425.000000 4.317880e-10
10430.000000 4.315554e-10
10435.000000 4.313326e-10
10440.000000 4.310930e-10
10445.000000 4.308104e-10
10450.000000 4.304570e-10
10455.000000 4.300157e-10
10460.000000 4.294870e-10
10465.000000 4.288803e-10
10470.000000 4.282063e-10
10475.000000 4.274725e-10
10480.000000 4.266919e-10
10485.000000 4.258744e-10
10490.000000 4.250276e-10
10495.000000 4.241648e-10
10500.000000 4.232930e-10
10505.000000 4.224230e-10
10510.000000 4.215569e-10
10515.000000 4.206938e-10
10520.000000 4.198316e-10
10525.000000 4.189722e-10
10530.000000 4.181163e-10
10535.000000 4.172630e-10
10540.000000 4.164108e-10
10545.000000 4.155619e-10
10550.000000 4.147158e-10
10555.000000 4.138742e-10
10560.000000 4.130361e-10
10565.000000 4.122006e-10
10570.000000 4.113661e-10
10575.000000 4.105342e-10
10580.000000 4.097046e-10
10585.000000 4.088781e-10
10590.000000 4.080554e-10
10595.000000 4.072350e-10
10600.000000 4.064171e-10
10605.000000 4.056029e-10
10610.000000 4.047895e-10
10615.000000 4.039807e-10
10620.000000 3.024576e-10
