1150.000000 1.051168e-07
1155.000000 1.152924e-07
1160.000000 9.726460e-08
1165.000000 8.691119e-08
1170.000000 8.069288e-08
1175.000000 8.234067e-08
1180.000000 8.212517e-08
1185.000000 7.269609e-08
1190.000000 5.582876e-08
1195.000000 5.290074e-08
1200.000000 4.876144e-08
1205.000000 3.190297e-08
1210.000000 1.362258e-08
1215.000000 5.946925e-09
1220.000000 1.309261e-08
1225.000000 2.492445e-08
1230.000000 2.808606e-08
1235.000000 4.434667e-08
1240.000000 8.952371e-08
1245.000000 1.135481e-07
1250.000000 1.008652e-07
1255.000000 9.301249e-08
1260.000000 9.522957e-08
1265.000000 9.895706e-08
1270.000000 1.030225e-07
1275.000000 1.052806e-07
1280.000000 1.047915e-07
1285.000000 1.063310e-07
1290.000000 1.074652e-07
1295.000000 1.057720e-07
1300.000000 1.021769e-07
1305.000000 1.049247e-07
1310.000000 1.096924e-07
1315.000000 1.068357e-07
1320.000000 1.026466e-07
1325.000000 1.060253e-07
1330.000000 1.059102e-07
1335.000000 9.734146e-08
1340.000000 9.251493e-08
1345.000000 9.385864e-08
1350.000000 9.557630e-08
1355.000000 9.363059e-08
1360.000000 9.131944e-08
1365.000000 9.109906e-08
1370.000000 8.885950e-08
1375.000000 8.347131e-08
1380.000000 7.479554e-08
1385.000000 6.596031e-08
1390.000000 6.900608e-08
1395.000000 8.351635e-08
1400.000000 9.865940e-08
1405.000000 1.012461e-07
1410.000000 9.186823e-08
1415.000000 8.429757e-08
1420.000000 8.300350e-08
1425.000000 8.010580e-08
1430.000000 8.185819e-08
1435.000000 8.610221e-08
1440.000000 8.385373e-08
1445.000000 8.040210e-08
1450.000000 7.790427e-08
1455.000000 7.488197e-08
1460.000000 7.429850e-08
1465.000000 7.761305e-08
1470.000000 8.216551e-08
1475.000000 8.630356e-08
1480.000000 8.960214e-08
1485.000000 9.308544e-08
1490.000000 9.554491e-08
1495.000000 9.248220e-08
1500.000000 8.536836e-08
1505.000000 8.617899e-08
1510.000000 9.031054e-08
1515.000000 8.831337e-08
1520.000000 8.391142e-08
1525.000000 7.544078e-08
1530.000000 6.374776e-08
1535.000000 4.331626e-08
1540.000000 3.003143e-08
1545.000000 4.005577e-08
1550.000000 7.086808e-08
1555.000000 8.789959e-08
1560.000000 7.859656e-08
1565.000000 7.030787e-08
1570.000000 6.970217e-08
1575.000000 7.145042e-08
1580.000000 7.022429e-08
1585.000000 7.057531e-08
1590.000000 7.045684e-08
1595.000000 6.819351e-08
1600.000000 6.327407e-08
1605.000000 5.887375e-08
1610.000000 5.686802e-08
1615.000000 5.838265e-08
1620.000000 5.863735e-08
1625.000000 5.730323e-08
1630.000000 5.592571e-08
1635.000000 5.569592e-08
1640.000000 5.638809e-08
1645.000000 5.969991e-08
1650.000000 6.149691e-08
1655.000000 5.877844e-08
1660.000000 5.780827e-08
1665.000000 5.992717e-08
1670.000000 6.131576e-08
1675.000000 6.281081e-08
1680.000000 6.656616e-08
1685.000000 6.592014e-08
1690.000000 6.263421e-08
1695.000000 6.041806e-08
1700.000000 5.932632e-08
1705.000000 5.826890e-08
1710.000000 5.529121e-08
1715.000000 5.073224e-08
1720.000000 5.094584e-08
1725.000000 5.521220e-08
1730.000000 5.929804e-08
1735.000000 6.137854e-08
1740.000000 5.967654e-08
1745.000000 6.019233e-08
1750.000000 6.074671e-08
1755.000000 6.088875e-08
1760.000000 6.303829e-08
1765.000000 6.219430e-08
1770.000000 6.065122e-08
1775.000000 5.998839e-08
1780.000000 5.955871e-08
1785.000000 5.304173e-08
1790.000000 4.125304e-08
1795.000000 4.840845e-08
1800.000000 5.515258e-08
1805.000000 5.474006e-08
1810.000000 5.374181e-08
1815.000000 5.519319e-08
1820.000000 5.749766e-08
1825.000000 5.662144e-08
1830.000000 5.550199e-08
1835.000000 5.517733e-08
1840.000000 5.460119e-08
1845.000000 5.345147e-08
1850.000000 5.152659e-08
1855.000000 4.954682e-08
1860.000000 4.943418e-08
1865.000000 4.972868e-08
1870.000000 4.842933e-08
1875.000000 4.793867e-08
1880.000000 4.874432e-08
1885.000000 4.811776e-08
1890.000000 4.759432e-08
1895.000000 4.677570e-08
1900.000000 4.534873e-08
1905.000000 4.367292e-08
1910.000000 4.275768e-08
1915.000000 4.233499e-08
1920.000000 4.078757e-08
1925.000000 3.982385e-08
1930.000000 4.077941e-08
1935.000000 4.075729e-08
1940.000000 3.999595e-08
1945.000000 3.917895e-08
1950.000000 3.935219e-08
1955.000000 3.902723e-08
1960.000000 3.677868e-08
1965.000000 3.551540e-08
1970.000000 3.651360e-08
1975.000000 3.653915e-08
1980.000000 3.492619e-08
1985.000000 3.453702e-08
1990.000000 3.196882e-08
1995.000000 2.937325e-08
2000.000000 3.125055e-08
2005.000000 3.303871e-08
2010.000000 3.317525e-08
2015.000000 3.232066e-08
2020.000000 2.951043e-08
2025.000000 2.766606e-08
2030.000000 2.746905e-08
2035.000000 2.730562e-08
2040.000000 2.619625e-08
2045.000000 2.468636e-08
2050.000000 2.226495e-08
2055.000000 2.297318e-08
2060.000000 2.280566e-08
2065.000000 2.226209e-08
2070.000000 2.224247e-08
2075.000000 2.406548e-08
2080.000000 2.319345e-08
2085.000000 2.156080e-08
2090.000000 2.040243e-08
2095.000000 1.962742e-08
2100.000000 2.087579e-08
2105.000000 2.148848e-08
2110.000000 2.043062e-08
2115.000000 1.856505e-08
2120.000000 1.812837e-08
2125.000000 1.944710e-08
2130.000000 1.939462e-08
2135.000000 1.800829e-08
2140.000000 1.660805e-08
2145.000000 1.605408e-08
2150.000000 1.544084e-08
2155.000000 1.699038e-08
2160.000000 1.620489e-08
2165.000000 1.488749e-08
2170.000000 1.403156e-08
2175.000000 1.205976e-08
2180.000000 1.202758e-08
2185.000000 1.372916e-08
2190.000000 1.521489e-08
2195.000000 1.612175e-08
2200.000000 1.629608e-08
2205.000000 1.544100e-08
2210.000000 1.396900e-08
2215.000000 1.285140e-08
2220.000000 1.368655e-08
2225.000000 1.602578e-08
2230.000000 1.511825e-08
2235.000000 1.507358e-08
2240.000000 1.424639e-08
2245.000000 1.494352e-08
2250.000000 1.845519e-08
2255.000000 1.817141e-08
2260.000000 1.643391e-08
2265.000000 1.758993e-08
2270.000000 1.731328e-08
2275.000000 1.641315e-08
2280.000000 1.639467e-08
2285.000000 1.668496e-08
2290.000000 1.750413e-08
2295.000000 1.822875e-08
2300.000000 1.857743e-08
2305.000000 1.932808e-08
2310.000000 2.037058e-08
2315.000000 2.019331e-08
2320.000000 2.025721e-08
2325.000000 2.081750e-08
2330.000000 2.306664e-08
2335.000000 2.338172e-08
2340.000000 2.356043e-08
2345.000000 2.507619e-08
2350.000000 2.531378e-08
2355.000000 2.382325e-08
2360.000000 2.261405e-08
2365.000000 2.148199e-08
2370.000000 2.338048e-08
2375.000000 2.434693e-08
2380.000000 2.514448e-08
2385.000000 2.413213e-08
2390.000000 2.186531e-08
2395.000000 2.410425e-08
2400.000000 2.590154e-08
2405.000000 2.345694e-08
2410.000000 2.171439e-08
2415.000000 2.199594e-08
2420.000000 2.317097e-08
2425.000000 2.467036e-08
2430.000000 2.520834e-08
2435.000000 2.439933e-08
2440.000000 2.472264e-08
2445.000000 2.698095e-08
2450.000000 2.663269e-08
2455.000000 2.737381e-08
2460.000000 2.987229e-08
2465.000000 2.945415e-08
2470.000000 2.885350e-08
2475.000000 2.896852e-08
2480.000000 2.851114e-08
2485.000000 2.798517e-08
2490.000000 2.542646e-08
2495.000000 2.597027e-08
2500.000000 2.884188e-08
2505.000000 2.888731e-08
2510.000000 2.728958e-08
2515.000000 2.636001e-08
2520.000000 2.625069e-08
2525.000000 2.789366e-08
2530.000000 2.839822e-08
2535.000000 2.883969e-08
2540.000000 2.917914e-08
2545.000000 2.979657e-08
2550.000000 3.002737e-08
2555.000000 2.913468e-08
2560.000000 2.915126e-08
2565.000000 3.018953e-08
2570.000000 2.988958e-08
2575.000000 2.793158e-08
2580.000000 2.466673e-08
2585.000000 2.502438e-08
2590.000000 2.700498e-08
2595.000000 2.771438e-08
2600.000000 2.756525e-08
2605.000000 2.869802e-08
2610.000000 3.062322e-08
2615.000000 3.056359e-08
2620.000000 2.996664e-08
2625.000000 2.877557e-08
2630.000000 2.941566e-08
2635.000000 3.001288e-08
2640.000000 2.853818e-08
2645.000000 2.850306e-08
2650.000000 2.900623e-08
2655.000000 2.878451e-08
2660.000000 2.731703e-08
2665.000000 2.772558e-08
2670.000000 2.782131e-08
2675.000000 2.821374e-08
2680.000000 2.817440e-08
2685.000000 2.845909e-08
2690.000000 2.858304e-08
2695.000000 2.829754e-08
2700.000000 2.818632e-08
2705.000000 2.866991e-08
2710.000000 2.867796e-08
2715.000000 2.906090e-08
2720.000000 2.889183e-08
2725.000000 2.845803e-08
2730.000000 2.794957e-08
2735.000000 2.689210e-08
2740.000000 2.651765e-08
2745.000000 2.712681e-08
2750.000000 2.727778e-08
2755.000000 2.650489e-08
2760.000000 2.639333e-08
2765.000000 2.663905e-08
2770.000000 2.648579e-08
2775.000000 2.816174e-08
2780.000000 2.862935e-08
2785.000000 2.857930e-08
2790.000000 2.882007e-08
2795.000000 2.788318e-08
2800.000000 2.682722e-08
2805.000000 2.673523e-08
2810.000000 2.684212e-08
2815.000000 2.844097e-08
2820.000000 3.000534e-08
2825.000000 2.859313e-08
2830.000000 2.626556e-08
2835.000000 2.636456e-08
2840.000000 2.834856e-08
2845.000000 2.923806e-08
2850.000000 2.914370e-08
2855.000000 2.820515e-08
2860.000000 2.829274e-08
2865.000000 2.858209e-08
2870.000000 2.847971e-08
2875.000000 2.852163e-08
2880.000000 2.885996e-08
2885.000000 2.877941e-08
2890.000000 2.938866e-08
2895.000000 2.888982e-08
2900.000000 2.785387e-08
2905.000000 2.789415e-08
2910.000000 2.873765e-08
2915.000000 2.859475e-08
2920.000000 2.742878e-08
2925.000000 2.683377e-08
2930.000000 2.723144e-08
2935.000000 2.835036e-08
2940.000000 2.797665e-08
2945.000000 2.748178e-08
2950.000000 2.759222e-08
2955.000000 2.834657e-08
2960.000000 2.856394e-08
2965.000000 2.739805e-08
2970.000000 2.701197e-08
2975.000000 2.720129e-08
2980.000000 2.746982e-08
2985.000000 2.697252e-08
2990.000000 2.667190e-08
2995.000000 2.621823e-08
3000.000000 2.620823e-08
3005.000000 2.612357e-08
3010.000000 2.587221e-08
3015.000000 2.525683e-08
3020.000000 2.586011e-08
3025.000000 2.566570e-08
3030.000000 2.468367e-08
3035.000000 2.489544e-08
3040.000000 2.583389e-08
3045.000000 2.639059e-08
3050.000000 2.674223e-08
3055.000000 2.640663e-08
3060.000000 2.527812e-08
3065.000000 2.444204e-08
3070.000000 2.462163e-08
3075.000000 2.469827e-08
3080.000000 2.553980e-08
3085.000000 2.619926e-08
3090.000000 2.692067e-08
3095.000000 2.739971e-08
3100.000000 2.684280e-08
3105.000000 2.640373e-08
3110.000000 2.518190e-08
3115.000000 2.418372e-08
3120.000000 2.362558e-08
3125.000000 2.536827e-08
3130.000000 2.718772e-08
3135.000000 2.793840e-08
3140.000000 2.789256e-08
3145.000000 2.709856e-08
3150.000000 2.656324e-08
3155.000000 2.449772e-08
3160.000000 2.331546e-08
3165.000000 2.445507e-08
3170.000000 2.733229e-08
3175.000000 2.635366e-08
3180.000000 2.454856e-08
3185.000000 2.418911e-08
3190.000000 2.408051e-08
3195.000000 2.397144e-08
3200.000000 2.386189e-08
3205.000000 2.375208e-08
3210.000000 2.364222e-08
3215.000000 2.353248e-08
3220.000000 2.342328e-08
3225.000000 2.331485e-08
3230.000000 2.320740e-08
3235.000000 2.310135e-08
3240.000000 2.299688e-08
3245.000000 2.289424e-08
3250.000000 2.279381e-08
3255.000000 2.269549e-08
3260.000000 2.259884e-08
3265.000000 2.250312e-08
3270.000000 2.240757e-08
3275.000000 2.231148e-08
3280.000000 2.221401e-08
3285.000000 2.211447e-08
3290.000000 2.201201e-08
3295.000000 2.190604e-08
3300.000000 2.179567e-08
3305.000000 2.168062e-08
3310.000000 2.156161e-08
3315.000000 2.143949e-08
3320.000000 2.131534e-08
3325.000000 2.119020e-08
3330.000000 2.106514e-08
3335.000000 2.094115e-08
3340.000000 2.081927e-08
3345.000000 2.070058e-08
3350.000000 2.058600e-08
3355.000000 2.047614e-08
3360.000000 2.037068e-08
3365.000000 2.026881e-08
3370.000000 2.016972e-08
3375.000000 2.007262e-08
3380.000000 1.997660e-08
3385.000000 1.988093e-08
3390.000000 1.978481e-08
3395.000000 1.968734e-08
3400.000000 1.958783e-08
3405.000000 1.948567e-08
3410.000000 1.938116e-08
3415.000000 1.927472e-08
3420.000000 1.916694e-08
3425.000000 1.905826e-08
3430.000000 1.894924e-08
3435.000000 1.884037e-08
3440.000000 1.873222e-08
3445.000000 1.862524e-08
3450.000000 1.851994e-08
3455.000000 1.841675e-08
3460.000000 1.831557e-08
3465.000000 1.821624e-08
3470.000000 1.811862e-08
3475.000000 1.802247e-08
3480.000000 1.792765e-08
3485.000000 1.783403e-08
3490.000000 1.774135e-08
3495.000000 1.764946e-08
3500.000000 1.755819e-08
3505.000000 1.743350e-08
3510.000000 1.714967e-08
3515.000000 1.707995e-08
3520.000000 1.699468e-08
3525.000000 1.695846e-08
3530.000000 1.678075e-08
3535.000000 1.661969e-08
3540.000000 1.642117e-08
3545.000000 1.590094e-08
3550.000000 1.623884e-08
3555.000000 1.619117e-08
3560.000000 1.615807e-08
3565.000000 1.606021e-08
3570.000000 1.557885e-08
3575.000000 1.584224e-08
3580.000000 1.569599e-08
3585.000000 1.552508e-08
3590.000000 1.555152e-08
3595.000000 1.548872e-08
3600.000000 1.543829e-08
3605.000000 1.550679e-08
3610.000000 1.553378e-08
3615.000000 1.550148e-08
3620.000000 1.540082e-08
3625.000000 1.523226e-08
3630.000000 1.512224e-08
3635.000000 1.514870e-08
3640.000000 1.532590e-08
3645.000000 1.536555e-08
3650.000000 1.531329e-08
3655.000000 1.531387e-08
3660.000000 1.524572e-08
3665.000000 1.507383e-08
3670.000000 1.495171e-08
3675.000000 1.490724e-08
3680.000000 1.488435e-08
3685.000000 1.482459e-08
3690.000000 1.462948e-08
3695.000000 1.445888e-08
3700.000000 1.427285e-08
3705.000000 1.412733e-08
3710.000000 1.413361e-08
3715.000000 1.422880e-08
3720.000000 1.424798e-08
3725.000000 1.429918e-08
3730.000000 1.435232e-08
3735.000000 1.441297e-08
3740.000000 1.467323e-08
3745.000000 1.439460e-08
3750.000000 1.385697e-08
3755.000000 1.362510e-08
3760.000000 1.367632e-08
3765.000000 1.369756e-08
3770.000000 1.353361e-08
3775.000000 1.409972e-08
3780.000000 1.476791e-08
3785.000000 1.475669e-08
3790.000000 1.395812e-08
3795.000000 1.322687e-08
3800.000000 1.367156e-08
3805.000000 1.437697e-08
3810.000000 1.442562e-08
3815.000000 1.422632e-08
3820.000000 1.402661e-08
3825.000000 1.389187e-08
3830.000000 1.341758e-08
3835.000000 1.294033e-08
3840.000000 1.350592e-08
3845.000000 1.417556e-08
3850.000000 1.433481e-08
3855.000000 1.425848e-08
3860.000000 1.409373e-08
3865.000000 1.396792e-08
3870.000000 1.395352e-08
3875.000000 1.375883e-08
3880.000000 1.324990e-08
3885.000000 1.241868e-08
3890.000000 1.219597e-08
3895.000000 1.293312e-08
3900.000000 1.342437e-08
3905.000000 1.359725e-08
3910.000000 1.353383e-08
3915.000000 1.338732e-08
3920.000000 1.322665e-08
3925.000000 1.314575e-08
3930.000000 1.296944e-08
3935.000000 1.299962e-08
3940.000000 1.322055e-08
3945.000000 1.312855e-08
3950.000000 1.298736e-08
3955.000000 1.271617e-08
3960.000000 1.209607e-08
3965.000000 1.121978e-08
3970.000000 1.083496e-08
3975.000000 1.157229e-08
3980.000000 1.212466e-08
3985.000000 1.238280e-08
3990.000000 1.242878e-08
3995.000000 1.237535e-08
4000.000000 1.226545e-08
4005.000000 1.211241e-08
4010.000000 1.207463e-08
4015.000000 1.200755e-08
4020.000000 1.172414e-08
4025.000000 1.140574e-08
4030.000000 1.154109e-08
4035.000000 1.175160e-08
4040.000000 1.179973e-08
4045.000000 1.176572e-08
4050.000000 1.165796e-08
4055.000000 1.161803e-08
4060.000000 1.160674e-08
4065.000000 1.139437e-08
4070.000000 1.118110e-08
4075.000000 1.117254e-08
4080.000000 1.115183e-08
4085.000000 1.093711e-08
4090.000000 1.060694e-08
4095.000000 1.000170e-08
4100.000000 9.404600e-09
4105.000000 9.737808e-09
4110.000000 1.040289e-08
4115.000000 1.063395e-08
4120.000000 1.070525e-08
4125.000000 1.078622e-08
4130.000000 1.081165e-08
4135.000000 1.075099e-08
4140.000000 1.060956e-08
4145.000000 1.053337e-08
4150.000000 1.047497e-08
4155.000000 1.042432e-08
4160.000000 1.034687e-08
4165.000000 1.032313e-08
4170.000000 1.036912e-08
4175.000000 1.029018e-08
4180.000000 1.009516e-08
4185.000000 9.971528e-09
4190.000000 9.876994e-09
4195.000000 9.659283e-09
4200.000000 9.535182e-09
4205.000000 9.603127e-09
4210.000000 9.693703e-09
4215.000000 9.691297e-09
4220.000000 9.630777e-09
4225.000000 9.573409e-09
4230.000000 9.562190e-09
4235.000000 9.543923e-09
4240.000000 9.518246e-09
4245.000000 9.468027e-09
4250.000000 9.354301e-09
4255.000000 9.225328e-09
4260.000000 9.152487e-09
4265.000000 9.092827e-09
4270.000000 9.067632e-09
4275.000000 9.056614e-09
4280.000000 9.020770e-09
4285.000000 9.000585e-09
4290.000000 9.026698e-09
4295.000000 9.129866e-09
4300.000000 9.111402e-09
4305.000000 9.074027e-09
4310.000000 9.008251e-09
4315.000000 8.917520e-09
4320.000000 8.863275e-09
4325.000000 8.786907e-09
4330.000000 8.573665e-09
4335.000000 8.052270e-09
4340.000000 7.659875e-09
4345.000000 7.977956e-09
4350.000000 8.484207e-09
4355.000000 8.737683e-09
4360.000000 8.692854e-09
4365.000000 8.623455e-09
4370.000000 8.584967e-09
4375.000000 8.543703e-09
4380.000000 8.440735e-09
4385.000000 8.318843e-09
4390.000000 8.290771e-09
4395.000000 8.379517e-09
4400.000000 8.384763e-09
4405.000000 8.298652e-09
4410.000000 8.176960e-09
4415.000000 8.066169e-09
4420.000000 7.941389e-09
4425.000000 7.714812e-09
4430.000000 7.604664e-09
4435.000000 7.654008e-09
4440.000000 7.812417e-09
4445.000000 7.857574e-09
4450.000000 7.880286e-09
4455.000000 7.889327e-09
4460.000000 7.803903e-09
4465.000000 7.502304e-09
4470.000000 7.257225e-09
4475.000000 7.412236e-09
4480.000000 7.617218e-09
4485.000000 7.712797e-09
4490.000000 7.713123e-09
4495.000000 7.672081e-09
4500.000000 7.635141e-09
4505.000000 7.594863e-09
4510.000000 7.546201e-09
4515.000000 7.511284e-09
4520.000000 7.501559e-09
4525.000000 7.480423e-09
4530.000000 7.398225e-09
4535.000000 7.284454e-09
4540.000000 7.115799e-09
4545.000000 7.106593e-09
4550.000000 7.187511e-09
4555.000000 7.234190e-09
4560.000000 7.235790e-09
4565.000000 7.210716e-09
4570.000000 7.203999e-09
4575.000000 7.171465e-09
4580.000000 7.149000e-09
4585.000000 7.088270e-09
4590.000000 7.018242e-09
4595.000000 6.974124e-09
4600.000000 6.913829e-09
4605.000000 6.975737e-09
4610.000000 6.966785e-09
4615.000000 6.958254e-09
4620.000000 6.955648e-09
4625.000000 6.924129e-09
4630.000000 6.892416e-09
4635.000000 6.871243e-09
4640.000000 6.783427e-09
4645.000000 6.593782e-09
4650.000000 6.488193e-09
4655.000000 6.595010e-09
4660.000000 6.684675e-09
4665.000000 6.692952e-09
4670.000000 6.657489e-09
4675.000000 6.601697e-09
4680.000000 6.511215e-09
4685.000000 6.374433e-09
4690.000000 6.387427e-09
4695.000000 6.444814e-09
4700.000000 6.411597e-09
4705.000000 6.360551e-09
4710.000000 6.280835e-09
4715.000000 6.259239e-09
4720.000000 6.274144e-09
4725.000000 6.255352e-09
4730.000000 6.238635e-09
4735.000000 6.220531e-09
4740.000000 6.205828e-09
4745.000000 6.193698e-09
4750.000000 6.151925e-09
4755.000000 6.091140e-09
4760.000000 6.020612e-09
4765.000000 5.985929e-09
4770.000000 5.975838e-09
4775.000000 5.938748e-09
4780.000000 5.840179e-09
4785.000000 5.881723e-09
4790.000000 5.885767e-09
4795.000000 5.845426e-09
4800.000000 5.791298e-09
4805.000000 5.843166e-09
4810.000000 5.853497e-09
4815.000000 5.850199e-09
4820.000000 5.814847e-09
4825.000000 5.774558e-09
4830.000000 5.766973e-09
4835.000000 5.784425e-09
4840.000000 5.765321e-09
4845.000000 5.684964e-09
4850.000000 5.506131e-09
4855.000000 5.107516e-09
4860.000000 4.736742e-09
4865.000000 4.905794e-09
4870.000000 5.260329e-09
4875.000000 5.399654e-09
4880.000000 5.417887e-09
4885.000000 5.418952e-09
4890.000000 5.423646e-09
4895.000000 5.415800e-09
4900.000000 5.407689e-09
4905.000000 5.419772e-09
4910.000000 5.445905e-09
4915.000000 5.389340e-09
4920.000000 5.272725e-09
4925.000000 5.291600e-09
4930.000000 5.384044e-09
4935.000000 5.396125e-09
4940.000000 5.374120e-09
4945.000000 5.371305e-09
4950.000000 5.360401e-09
4955.000000 5.318468e-09
4960.000000 5.271987e-09
4965.000000 5.226452e-09
4970.000000 5.205687e-09
4975.000000 5.189305e-09
4980.000000 5.161469e-09
4985.000000 5.158624e-09
4990.000000 5.153105e-09
4995.000000 5.114735e-09
5000.000000 5.054600e-09
5005.000000 5.017114e-09
5010.000000 4.961124e-09
5015.000000 4.904108e-09
5020.000000 4.930300e-09
5025.000000 4.942307e-09
5030.000000 4.939854e-09
5035.000000 4.929363e-09
5040.000000 4.895701e-09
5045.000000 4.864438e-09
5050.000000 4.854151e-09
5055.000000 4.851779e-09
5060.000000 4.834937e-09
5065.000000 4.819632e-09
5070.000000 4.801616e-09
5075.000000 4.775428e-09
5080.000000 4.745308e-09
5085.000000 4.725027e-09
5090.000000 4.729702e-09
5095.000000 4.731435e-09
5100.000000 4.705685e-09
5105.000000 4.669785e-09
5110.000000 4.649180e-09
5115.000000 4.650013e-09
5120.000000 4.645735e-09
5125.000000 4.616710e-09
5130.000000 4.593665e-09
5135.000000 4.590417e-09
5140.000000 4.582939e-09
5145.000000 4.571714e-09
5150.000000 4.555256e-09
5155.000000 4.526727e-09
5160.000000 4.492600e-09
5165.000000 4.487715e-09
5170.000000 4.480366e-09
5175.000000 4.481387e-09
5180.000000 4.472629e-09
5185.000000 4.457148e-09
5190.000000 4.446379e-09
5195.000000 4.434248e-09
5200.000000 4.411213e-09
5205.000000 4.384213e-09
5210.000000 4.357630e-09
5215.000000 4.335246e-09
5220.000000 4.314592e-09
5225.000000 4.301627e-09
5230.000000 4.295903e-09
5235.000000 4.280241e-09
5240.000000 4.245419e-09
5245.000000 4.226186e-09
5250.000000 4.202624e-09
5255.000000 4.185361e-09
5260.000000 4.170421e-09
5265.000000 4.152791e-09
5270.000000 4.133794e-09
5275.000000 4.114723e-09
5280.000000 4.094610e-09
5285.000000 4.091748e-09
5290.000000 4.079252e-09
5295.000000 4.050666e-09
5300.000000 4.032984e-09
5305.000000 4.041602e-09
5310.000000 4.055992e-09
5315.000000 4.035048e-09
5320.000000 3.998658e-09
5325.000000 3.973701e-09
5330.000000 3.961101e-09
5335.000000 3.957703e-09
5340.000000 3.938164e-09
5345.000000 3.906905e-09
5350.000000 3.893500e-09
5355.000000 3.878625e-09
5360.000000 3.862509e-09
5365.000000 3.849779e-09
5370.000000 3.842970e-09
5375.000000 3.841193e-09
5380.000000 3.825210e-09
5385.000000 3.810134e-09
5390.000000 3.806365e-09
5395.000000 3.790525e-09
5400.000000 3.757151e-09
5405.000000 3.690023e-09
5410.000000 3.613853e-09
5415.000000 3.631702e-09
5420.000000 3.706959e-09
5425.000000 3.728346e-09
5430.000000 3.731762e-09
5435.000000 3.724423e-09
5440.000000 3.702172e-09
5445.000000 3.679080e-09
5450.000000 3.663392e-09
5455.000000 3.661748e-09
5460.000000 3.657812e-09
5465.000000 3.645942e-09
5470.000000 3.643493e-09
5475.000000 3.632626e-09
5480.000000 3.602521e-09
5485.000000 3.570988e-09
5490.000000 3.570269e-09
5495.000000 3.581363e-09
5500.000000 3.570012e-09
5505.000000 3.543919e-09
5510.000000 3.527472e-09
5515.000000 3.529059e-09
5520.000000 3.506669e-09
5525.000000 3.491641e-09
5530.000000 3.484949e-09
5535.000000 3.478218e-09
5540.000000 3.470045e-09
5545.000000 3.460948e-09
5550.000000 3.452797e-09
5555.000000 3.449631e-09
5560.000000 3.443563e-09
5565.000000 3.428278e-09
5570.000000 3.400219e-09
5575.000000 3.392141e-09
5580.000000 3.385451e-09
5585.000000 3.359431e-09
5590.000000 3.313675e-09
5595.000000 3.294331e-09
5600.000000 3.318939e-09
5605.000000 3.319977e-09
5610.000000 3.303507e-09
5615.000000 3.286331e-09
5620.000000 3.278054e-09
5625.000000 3.268914e-09
5630.000000 3.254937e-09
5635.000000 3.244068e-09
5640.000000 3.239646e-09
5645.000000 3.234664e-09
5650.000000 3.222340e-09
5655.000000 3.205452e-09
5660.000000 3.185114e-09
5665.000000 3.156339e-09
5670.000000 3.127132e-09
5675.000000 3.125631e-09
5680.000000 3.129160e-09
5685.000000 3.133583e-09
5690.000000 3.131303e-09
5695.000000 3.132676e-09
5700.000000 3.098890e-09
5705.000000 3.057342e-09
5710.000000 3.058518e-09
5715.000000 3.066042e-09
5720.000000 3.045068e-09
5725.000000 3.018486e-09
5730.000000 3.008784e-09
5735.000000 2.998813e-09
5740.000000 2.980979e-09
5745.000000 2.974188e-09
5750.000000 2.974671e-09
5755.000000 2.972844e-09
5760.000000 2.965871e-09
5765.000000 2.940487e-09
5770.000000 2.909784e-09
5775.000000 2.859674e-09
5780.000000 2.801377e-09
5785.000000 2.816996e-09
5790.000000 2.835514e-09
5795.000000 2.801782e-09
5800.000000 2.775710e-09
5805.000000 2.791352e-09
5810.000000 2.801665e-09
5815.000000 2.817343e-09
5820.000000 2.840982e-09
5825.000000 2.839764e-09
5830.000000 2.837667e-09
5835.000000 2.841394e-09
5840.000000 2.830520e-09
5845.000000 2.815935e-09
5850.000000 2.812039e-09
5855.000000 2.809195e-09
5860.000000 2.801976e-09
5865.000000 2.766701e-09
5870.000000 2.665738e-09
5875.000000 2.574658e-09
5880.000000 2.626678e-09
5885.000000 2.595389e-09
5890.000000 2.461800e-09
5895.000000 2.465245e-09
5900.000000 2.589848e-09
5905.000000 2.678359e-09
5910.000000 2.691423e-09
5915.000000 2.677964e-09
5920.000000 2.662026e-09
5925.000000 2.653824e-09
5930.000000 2.658685e-09
5935.000000 2.647845e-09
5940.000000 2.615556e-09
5945.000000 2.586437e-09
5950.000000 2.573416e-09
5955.000000 2.571980e-09
5960.000000 2.574316e-09
5965.000000 2.577736e-09
5970.000000 2.566975e-09
5975.000000 2.552689e-09
5980.000000 2.540315e-09
5985.000000 2.529954e-09
5990.000000 2.526392e-09
5995.000000 2.523146e-09
6000.000000 2.511696e-09
6005.000000 2.495633e-09
6010.000000 2.486694e-09
6015.000000 2.482845e-09
6020.000000 2.477113e-09
6025.000000 2.486982e-09
6030.000000 2.469359e-09
6035.000000 2.450702e-09
6040.000000 2.424538e-09
6045.000000 2.430141e-09
6050.000000 2.428344e-09
6055.000000 2.419191e-09
6060.000000 2.414013e-09
6065.000000 2.397412e-09
6070.000000 2.389595e-09
6075.000000 2.386529e-09
6080.000000 2.379158e-09
6085.000000 2.376194e-09
6090.000000 2.370793e-09
6095.000000 2.358624e-09
6100.000000 2.350973e-09
6105.000000 2.347960e-09
6110.000000 2.346985e-09
6115.000000 2.358676e-09
6120.000000 2.331291e-09
6125.000000 2.318233e-09
6130.000000 2.308381e-09
6135.000000 2.299549e-09
6140.000000 2.295012e-09
6145.000000 2.293905e-09
6150.000000 2.292558e-09
6155.000000 2.287945e-09
6160.000000 2.275652e-09
6165.000000 2.254929e-09
6170.000000 2.230974e-09
6175.000000 2.222715e-09
6180.000000 2.229904e-09
6185.000000 2.224377e-09
6190.000000 2.218184e-09
6195.000000 2.214510e-09
6200.000000 2.205224e-09
6205.000000 2.196943e-09
6210.000000 2.197161e-09
6215.000000 2.195537e-09
6220.000000 2.192748e-09
6225.000000 2.188447e-09
6230.000000 2.177011e-09
6235.000000 2.166312e-09
6240.000000 2.167702e-09
6245.000000 2.172050e-09
6250.000000 2.173634e-09
6255.000000 2.169210e-09
6260.000000 2.155795e-09
6265.000000 2.122718e-09
6270.000000 2.099841e-09
6275.000000 2.053547e-09
6280.000000 1.993268e-09
6285.000000 2.001983e-09
6290.000000 2.053669e-09
6295.000000 2.080552e-09
6300.000000 2.082175e-09
6305.000000 2.067131e-09
6310.000000 2.052610e-09
6315.000000 2.049824e-09
6320.000000 2.053393e-09
6325.000000 2.058862e-09
6330.000000 2.059678e-09
6335.000000 2.056914e-09
6340.000000 2.048169e-09
6345.000000 2.040793e-09
6350.000000 2.034439e-09
6355.000000 2.025404e-09
6360.000000 2.018597e-09
6365.000000 2.012307e-09
6370.000000 2.002642e-09
6375.000000 1.992239e-09
6380.000000 1.987298e-09
6385.000000 1.987617e-09
6390.000000 1.989308e-09
6395.000000 1.984741e-09
6400.000000 1.965518e-09
6405.000000 1.952879e-09
6410.000000 1.949356e-09
6415.000000 1.949963e-09
6420.000000 1.948734e-09
6425.000000 1.945505e-09
6430.000000 1.946238e-09
6435.000000 1.944036e-09
6440.000000 1.933934e-09
6445.000000 1.922309e-09
6450.000000 1.915478e-09
6455.000000 1.914696e-09
6460.000000 1.911773e-09
6465.000000 1.898034e-09
6470.000000 1.890442e-09
6475.000000 1.886402e-09
6480.000000 1.880903e-09
6485.000000 1.871958e-09
6490.000000 1.868325e-09
6495.000000 1.871441e-09
6500.000000 1.877758e-09
6505.000000 1.881018e-09
6510.000000 1.880842e-09
6515.000000 1.867665e-09
6520.000000 1.855189e-09
6525.000000 1.842581e-09
6530.000000 1.835937e-09
6535.000000 1.841464e-09
6540.000000 1.841361e-09
6545.000000 1.828183e-09
6550.000000 1.795887e-09
6555.000000 1.713262e-09
6560.000000 1.602930e-09
6565.000000 1.607665e-09
6570.000000 1.723370e-09
6575.000000 1.789833e-09
6580.000000 1.806891e-09
6585.000000 1.807567e-09
6590.000000 1.802425e-09
6595.000000 1.799698e-09
6600.000000 1.801200e-09
6605.000000 1.795626e-09
6610.000000 1.779918e-09
6615.000000 1.772822e-09
6620.000000 1.777380e-09
6625.000000 1.779008e-09
6630.000000 1.768579e-09
6635.000000 1.755695e-09
6640.000000 1.745535e-09
6645.000000 1.741614e-09
6650.000000 1.734692e-09
6655.000000 1.724743e-09
6660.000000 1.717813e-09
6665.000000 1.707166e-09
6670.000000 1.678553e-09
6675.000000 1.627132e-09
6680.000000 1.609688e-09
6685.000000 1.646142e-09
6690.000000 1.674856e-09
6695.000000 1.684953e-09
6700.000000 1.677856e-09
6705.000000 1.676942e-09
6710.000000 1.674233e-09
6715.000000 1.670896e-09
6720.000000 1.670889e-09
6725.000000 1.665884e-09
6730.000000 1.658338e-09
6735.000000 1.650580e-09
6740.000000 1.641024e-09
6745.000000 1.638009e-09
6750.000000 1.635379e-09
6755.000000 1.624712e-09
6760.000000 1.618646e-09
6765.000000 1.618848e-09
6770.000000 1.615220e-09
6775.000000 1.606255e-09
6780.000000 1.602013e-09
6785.000000 1.602464e-09
6790.000000 1.600072e-09
6795.000000 1.596427e-09
6800.000000 1.594088e-09
6805.000000 1.588520e-09
6810.000000 1.582565e-09
6815.000000 1.578386e-09
6820.000000 1.571633e-09
6825.000000 1.567884e-09
6830.000000 1.565948e-09
6835.000000 1.561192e-09
6840.000000 1.549468e-09
6845.000000 1.544238e-09
6850.000000 1.540285e-09
6855.000000 1.536275e-09
6860.000000 1.532281e-09
6865.000000 1.528314e-09
6870.000000 1.524326e-09
6875.000000 1.520273e-09
6880.000000 1.516343e-09
6885.000000 1.512423e-09
6890.000000 1.508563e-09
6895.000000 1.504703e-09
6900.000000 1.500843e-09
6905.000000 1.497007e-09
6910.000000 1.493200e-09
6915.000000 1.489461e-09
6920.000000 1.485819e-09
6925.000000 1.482291e-09
6930.000000 1.478864e-09
6935.000000 1.475363e-09
6940.000000 1.472051e-09
6945.000000 1.468635e-09
6950.000000 1.465066e-09
6955.000000 1.461472e-09
6960.000000 1.457910e-09
6965.000000 1.454427e-09
6970.000000 1.453144e-09
6975.000000 1.461010e-09
6980.000000 1.453561e-09
6985.000000 1.439416e-09
6990.000000 1.426862e-09
6995.000000 1.425327e-09
7000.000000 1.424834e-09
7005.000000 1.425379e-09
7010.000000 1.421927e-09
7015.000000 1.416064e-09
7020.000000 1.411361e-09
7025.000000 1.405447e-09
7030.000000 1.403237e-09
7035.000000 1.404968e-09
7040.000000 1.402516e-09
7045.000000 1.396313e-09
7050.000000 1.388653e-09
7055.000000 1.377169e-09
7060.000000 1.341048e-09
7065.000000 1.306793e-09
7070.000000 1.337324e-09
7075.000000 1.367003e-09
7080.000000 1.369139e-09
7085.000000 1.369247e-09
7090.000000 1.370186e-09
7095.000000 1.365233e-09
7100.000000 1.357870e-09
7105.000000 1.351555e-09
7110.000000 1.351441e-09
7115.000000 1.352514e-09
7120.000000 1.349075e-09
7125.000000 1.344523e-09
7130.000000 1.339238e-09
7135.000000 1.336968e-09
7140.000000 1.333002e-09
7145.000000 1.331374e-09
7150.000000 1.329610e-09
7155.000000 1.329021e-09
7160.000000 1.318832e-09
7165.000000 1.300922e-09
7170.000000 1.279097e-09
7175.000000 1.255337e-09
7180.000000 1.242141e-09
7185.000000 1.236821e-09
7190.000000 1.242227e-09
7195.000000 1.249291e-09
7200.000000 1.248720e-09
7205.000000 1.257375e-09
7210.000000 1.276004e-09
7215.000000 1.285082e-09
7220.000000 1.283711e-09
7225.000000 1.271895e-09
7230.000000 1.256789e-09
7235.000000 1.241515e-09
7240.000000 1.237122e-09
7245.000000 1.233947e-09
7250.000000 1.229887e-09
7255.000000 1.228240e-09
7260.000000 1.229570e-09
7265.000000 1.225960e-09
7270.000000 1.220077e-09
7275.000000 1.202612e-09
7280.000000 1.198953e-09
7285.000000 1.203447e-09
7290.000000 1.200544e-09
7295.000000 1.202295e-09
7300.000000 1.201521e-09
7305.000000 1.194907e-09
7310.000000 1.193461e-09
7315.000000 1.189159e-09
7320.000000 1.190161e-09
7325.000000 1.189888e-09
7330.000000 1.182268e-09
7335.000000 1.179031e-09
7340.000000 1.178727e-09
7345.000000 1.172792e-09
7350.000000 1.168009e-09
7355.000000 1.168884e-09
7360.000000 1.165324e-09
7365.000000 1.159461e-09
7370.000000 1.156977e-09
7375.000000 1.155642e-09
7380.000000 1.151812e-09
7385.000000 1.150055e-09
7390.000000 1.148855e-09
7395.000000 1.141500e-09
7400.000000 1.138323e-09
7405.000000 1.140061e-09
7410.000000 1.137682e-09
7415.000000 1.134136e-09
7420.000000 1.128970e-09
7425.000000 1.114311e-09
7430.000000 1.109903e-09
7435.000000 1.109628e-09
7440.000000 1.109927e-09
7445.000000 1.106335e-09
7450.000000 1.104655e-09
7455.000000 1.104570e-09
7460.000000 1.102788e-09
7465.000000 1.098326e-09
7470.000000 1.090502e-09
7475.000000 1.089040e-09
7480.000000 1.086634e-09
7485.000000 1.082524e-09
7490.000000 1.078459e-09
7495.000000 1.077483e-09
7500.000000 1.075079e-09
7505.000000 1.071950e-09
7510.000000 1.070795e-09
7515.000000 1.069423e-09
7520.000000 1.066331e-09
7525.000000 1.063841e-09
7530.000000 1.059275e-09
7535.000000 1.052862e-09
7540.000000 1.049753e-09
7545.000000 1.050946e-09
7550.000000 1.048267e-09
7555.000000 1.045029e-09
7560.000000 1.041874e-09
7565.000000 1.038730e-09
7570.000000 1.035560e-09
7575.000000 1.032405e-09
7580.000000 1.029276e-09
7585.000000 1.026120e-09
7590.000000 1.022978e-09
7595.000000 1.019807e-09
7600.000000 1.016534e-09
7605.000000 1.013285e-09
7610.000000 1.010218e-09
7615.000000 1.007202e-09
7620.000000 1.004198e-09
7625.000000 1.001210e-09
7630.000000 9.982315e-10
7635.000000 9.952682e-10
7640.000000 9.923221e-10
7645.000000 9.893918e-10
7650.000000 9.864740e-10
7655.000000 9.835730e-10
7660.000000 9.806830e-10
7665.000000 9.778010e-10
7670.000000 9.749456e-10
7675.000000 9.721156e-10
7680.000000 9.692914e-10
7685.000000 9.665067e-10
7690.000000 9.637005e-10
7695.000000 9.609067e-10
7700.000000 9.581316e-10
7705.000000 9.553700e-10
7710.000000 9.525394e-10
7715.000000 9.496863e-10
7720.000000 9.468489e-10
7725.000000 9.438612e-10
7730.000000 9.406084e-10
7735.000000 9.383230e-10
7740.000000 9.358303e-10
7745.000000 9.331591e-10
7750.000000 9.327973e-10
7755.000000 9.292567e-10
7760.000000 9.257052e-10
7765.000000 9.217370e-10
7770.000000 9.202197e-10
7775.000000 9.187371e-10
7780.000000 9.174714e-10
7785.000000 9.193168e-10
7790.000000 9.173595e-10
7795.000000 9.142946e-10
7800.000000 9.118861e-10
7805.000000 9.101039e-10
7810.000000 9.078577e-10
7815.000000 9.047678e-10
7820.000000 9.038139e-10
7825.000000 9.006979e-10
7830.000000 8.971801e-10
7835.000000 8.956418e-10
7840.000000 8.931086e-10
7845.000000 8.924088e-10
7850.000000 8.918589e-10
7855.000000 8.905235e-10
7860.000000 8.855305e-10
7865.000000 8.810288e-10
7870.000000 8.788286e-10
7875.000000 8.788037e-10
7880.000000 8.743825e-10
7885.000000 8.729095e-10
7890.000000 8.705152e-10
7895.000000 8.662968e-10
7900.000000 8.631543e-10
7905.000000 8.627525e-10
7910.000000 8.623495e-10
7915.000000 8.621256e-10
7920.000000 8.586292e-10
7925.000000 8.545536e-10
7930.000000 8.502730e-10
7935.000000 8.496003e-10
7940.000000 8.491574e-10
7945.000000 8.480899e-10
7950.000000 8.459815e-10
7955.000000 8.429442e-10
7960.000000 8.398297e-10
7965.000000 8.380673e-10
7970.000000 8.365899e-10
7975.000000 8.353536e-10
7980.000000 8.317128e-10
7985.000000 8.305937e-10
7990.000000 8.312515e-10
7995.000000 8.287469e-10
8000.000000 8.226171e-10
8005.000000 8.183881e-10
8010.000000 8.149512e-10
8015.000000 8.157154e-10
8020.000000 8.156986e-10
8025.000000 8.114555e-10
8030.000000 8.103223e-10
8035.000000 8.069893e-10
8040.000000 8.048990e-10
8045.000000 8.037719e-10
8050.000000 8.032203e-10
8055.000000 8.041365e-10
8060.000000 8.025470e-10
8065.000000 7.979988e-10
8070.000000 7.959713e-10
8075.000000 7.952460e-10
8080.000000 7.928894e-10
8085.000000 7.922882e-10
8090.000000 7.918839e-10
8095.000000 7.890871e-10
8100.000000 7.865364e-10
8105.000000 7.856459e-10
8110.000000 7.832093e-10
8115.000000 7.814683e-10
8120.000000 7.806947e-10
8125.000000 7.782012e-10
8130.000000 7.728685e-10
8135.000000 7.693582e-10
8140.000000 7.675822e-10
8145.000000 7.650190e-10
8150.000000 7.621771e-10
8155.000000 7.581866e-10
8160.000000 7.532021e-10
8165.000000 7.491230e-10
8170.000000 7.529055e-10
8175.000000 7.517598e-10
8180.000000 7.491584e-10
8185.000000 7.513123e-10
8190.000000 7.514935e-10
8195.000000 7.489893e-10
8200.000000 7.522106e-10
8205.000000 7.535395e-10
8210.000000 7.526582e-10
8215.000000 7.484662e-10
8220.000000 7.416725e-10
8225.000000 7.306907e-10
8230.000000 7.182461e-10
8235.000000 7.224498e-10
8240.000000 7.247714e-10
8245.000000 7.317064e-10
8250.000000 7.335589e-10
8255.000000 7.308272e-10
8260.000000 7.269481e-10
8265.000000 7.268122e-10
8270.000000 7.264925e-10
8275.000000 7.216602e-10
8280.000000 7.178778e-10
8285.000000 7.176894e-10
8290.000000 7.140868e-10
8295.000000 7.124648e-10
8300.000000 7.100970e-10
8305.000000 7.055470e-10
8310.000000 7.033215e-10
8315.000000 7.053977e-10
8320.000000 7.050752e-10
8325.000000 7.023681e-10
8330.000000 7.018134e-10
8335.000000 7.005275e-10
8340.000000 6.999173e-10
8345.000000 6.960328e-10
8350.000000 6.925727e-10
8355.000000 6.901766e-10
8360.000000 6.875021e-10
8365.000000 6.853551e-10
8370.000000 6.855779e-10
8375.000000 6.844054e-10
8380.000000 6.825075e-10
8385.000000 6.841616e-10
8390.000000 6.825505e-10
8395.000000 6.763967e-10
8400.000000 6.710718e-10
8405.000000 6.703689e-10
8410.000000 6.715722e-10
8415.000000 6.716717e-10
8420.000000 6.705533e-10
8425.000000 6.714687e-10
8430.000000 6.709293e-10
8435.000000 6.655683e-10
8440.000000 6.599232e-10
8445.000000 6.610317e-10
8450.000000 6.616162e-10
8455.000000 6.606553e-10
8460.000000 6.591802e-10
8465.000000 6.548775e-10
8470.000000 6.526046e-10
8475.000000 6.528036e-10
8480.000000 6.528942e-10
8485.000000 6.510616e-10
8490.000000 6.476737e-10
8495.000000 6.417210e-10
8500.000000 6.353197e-10
8505.000000 6.356913e-10
8510.000000 6.386448e-10
8515.000000 6.419791e-10
8520.000000 6.415734e-10
8525.000000 6.394196e-10
8530.000000 6.356298e-10
8535.000000 6.315096e-10
8540.000000 6.271897e-10
8545.000000 6.230874e-10
8550.000000 6.237990e-10
8555.000000 6.259970e-10
8560.000000 6.301341e-10
8565.000000 6.319668e-10
8570.000000 6.268956e-10
8575.000000 6.233478e-10
8580.000000 6.197193e-10
8585.000000 6.159248e-10
8590.000000 6.088421e-10
8595.000000 6.014106e-10
8600.000000 6.013289e-10
8605.000000 6.059473e-10
8610.000000 6.127275e-10
8615.000000 6.159893e-10
8620.000000 6.160177e-10
8625.000000 6.145126e-10
8630.000000 6.166833e-10
8635.000000 6.138040e-10
8640.000000 6.053459e-10
8645.000000 6.024353e-10
8650.000000 6.010233e-10
8655.000000 5.938169e-10
8660.000000 5.845546e-10
8665.000000 5.785884e-10
8670.000000 5.820622e-10
8675.000000 5.907909e-10
8680.000000 5.962987e-10
8685.000000 5.985690e-10
8690.000000 5.988356e-10
8695.000000 5.978027e-10
8700.000000 6.014236e-10
8705.000000 6.018697e-10
8710.000000 5.990616e-10
8715.000000 5.988679e-10
8720.000000 6.003122e-10
8725.000000 5.949790e-10
8730.000000 5.894799e-10
8735.000000 5.826733e-10
8740.000000 5.732160e-10
8745.000000 5.623959e-10
8750.000000 5.542223e-10
8755.000000 5.602927e-10
8760.000000 5.721325e-10
8765.000000 5.810878e-10
8770.000000 5.818560e-10
8775.000000 5.767222e-10
8780.000000 5.762968e-10
8785.000000 5.761967e-10
8790.000000 5.773214e-10
8795.000000 5.794242e-10
8800.000000 5.794570e-10
8805.000000 5.825108e-10
8810.000000 5.789909e-10
8815.000000 5.751477e-10
8820.000000 5.772610e-10
8825.000000 5.802903e-10
8830.000000 5.742161e-10
8835.000000 5.705788e-10
8840.000000 5.646429e-10
8845.000000 5.570063e-10
8850.000000 5.480936e-10
8855.000000 5.376301e-10
8860.000000 5.251332e-10
8865.000000 5.248529e-10
8870.000000 5.352912e-10
8875.000000 5.463118e-10
8880.000000 5.549203e-10
8885.000000 5.593547e-10
8890.000000 5.603045e-10
8895.000000 5.594344e-10
8900.000000 5.595803e-10
8905.000000 5.596521e-10
8910.000000 5.581073e-10
8915.000000 5.567667e-10
8920.000000 5.575956e-10
8925.000000 5.553914e-10
8930.000000 5.762825e-10
8935.000000 5.714953e-10
8940.000000 5.722893e-10
8945.000000 5.753502e-10
8950.000000 5.753235e-10
8955.000000 5.693394e-10
8960.000000 5.653580e-10
8965.000000 5.589718e-10
8970.000000 5.567236e-10
8975.000000 5.549229e-10
8980.000000 5.502611e-10
8985.000000 5.432114e-10
8990.000000 5.297749e-10
8995.000000 5.280464e-10
9000.000000 5.245893e-10
9005.000000 5.184344e-10
9010.000000 5.127312e-10
9015.000000 4.990093e-10
9020.000000 5.024984e-10
9025.000000 5.200155e-10
9030.000000 5.331793e-10
9035.000000 5.547880e-10
9040.000000 5.584998e-10
9045.000000 5.598466e-10
9050.000000 5.611415e-10
9055.000000 5.552303e-10
9060.000000 5.436970e-10
9065.000000 5.378537e-10
9070.000000 5.342271e-10
9075.000000 5.373657e-10
9080.000000 5.342360e-10
9085.000000 5.352232e-10
9090.000000 5.320887e-10
9095.000000 5.350078e-10
9100.000000 5.389630e-10
9105.000000 5.356707e-10
9110.000000 5.359685e-10
9115.000000 5.317333e-10
9120.000000 5.264056e-10
9125.000000 5.305072e-10
9130.000000 5.179137e-10
9135.000000 5.153710e-10
9140.000000 5.234457e-10
9145.000000 5.271193e-10
9150.000000 5.213242e-10
9155.000000 5.117573e-10
9160.000000 5.231868e-10
9165.000000 5.248575e-10
9170.000000 5.224184e-10
9175.000000 5.143421e-10
9180.000000 5.062745e-10
9185.000000 5.204092e-10
9190.000000 5.239981e-10
9195.000000 5.182261e-10
9200.000000 5.205623e-10
9205.000000 5.187407e-10
9210.000000 5.144848e-10
9215.000000 4.933925e-10
9220.000000 4.882331e-10
9225.000000 4.767995e-10
9230.000000 4.657571e-10
9235.000000 4.661239e-10
9240.000000 4.755738e-10
9245.000000 4.914310e-10
9250.000000 5.024856e-10
9255.000000 5.105780e-10
9260.000000 5.179458e-10
9265.000000 5.102669e-10
9270.000000 5.209324e-10
9275.000000 5.222426e-10
9280.000000 5.148812e-10
9285.000000 5.153319e-10
9290.000000 5.164781e-10
9295.000000 5.163658e-10
9300.000000 5.011504e-10
9305.000000 4.907073e-10
9310.000000 4.826836e-10
9315.000000 4.656108e-10
9320.000000 4.551336e-10
9325.000000 4.463500e-10
9330.000000 4.478015e-10
9335.000000 4.369775e-10
9340.000000 4.241916e-10
9345.000000 4.178184e-10
9350.000000 4.329126e-10
9355.000000 4.268008e-10
9360.000000 4.385199e-10
9365.000000 4.618008e-10
9370.000000 4.510737e-10
9375.000000 4.559372e-10
9380.000000 4.572370e-10
9385.000000 4.793945e-10
9390.000000 5.060528e-10
9395.000000 5.212616e-10
9400.000000 5.176897e-10
9405.000000 5.142224e-10
9410.000000 5.005807e-10
9415.000000 4.936572e-10
9420.000000 4.825955e-10
9425.000000 4.587098e-10
9430.000000 4.466749e-10
9435.000000 4.555510e-10
9440.000000 4.322736e-10
9445.000000 4.344596e-10
9450.000000 4.671647e-10
9455.000000 4.520695e-10
9460.000000 4.332695e-10
9465.000000 4.482366e-10
9470.000000 4.505126e-10
9475.000000 4.553839e-10
9480.000000 4.508583e-10
9485.000000 4.592663e-10
9490.000000 4.719925e-10
9495.000000 4.336842e-10
9500.000000 4.365669e-10
9505.000000 4.472881e-10
9510.000000 4.765160e-10
9515.000000 4.551589e-10
9520.000000 4.325400e-10
9525.000000 4.284451e-10
9530.000000 4.294209e-10
9535.000000 4.337438e-10
9540.000000 4.189019e-10
9545.000000 4.004381e-10
9550.000000 4.036911e-10
9555.000000 4.054159e-10
9560.000000 4.231256e-10
9565.000000 4.236128e-10
9570.000000 4.294063e-10
9575.000000 4.506628e-10
9580.000000 4.585613e-10
9585.000000 4.488612e-10
9590.000000 4.289307e-10
9595.000000 4.273303e-10
9600.000000 4.421791e-10
9605.000000 4.378439e-10
9610.000000 4.350259e-10
9615.000000 4.359241e-10
9620.000000 4.276144e-10
9625.000000 4.283876e-10
9630.000000 4.346698e-10
9635.000000 4.356767e-10
9640.000000 4.282993e-10
9645.000000 4.308341e-10
9650.000000 4.418282e-10
9655.000000 4.395623e-10
9660.000000 4.114583e-10
9665.000000 4.181391e-10
9670.000000 4.247599e-10
9675.000000 4.325949e-10
9680.000000 4.243399e-10
9685.000000 4.229588e-10
9690.000000 4.346286e-10
9695.000000 4.306086e-10
9700.000000 4.185438e-10
9705.000000 4.267210e-10
9710.000000 4.276109e-10
9715.000000 4.274157e-10
9720.000000 4.254347e-10
9725.000000 4.125428e-10
9730.000000 4.087164e-10
9735.000000 4.104730e-10
9740.000000 4.067108e-10
9745.000000 4.044367e-10
9750.000000 4.014314e-10
9755.000000 3.890794e-10
9760.000000 3.980625e-10
9765.000000 4.077065e-10
9770.000000 4.072687e-10
9775.000000 4.014922e-10
9780.000000 3.967106e-10
9785.000000 4.006980e-10
9790.000000 4.098744e-10
9795.000000 4.074710e-10
9800.000000 4.067614e-10
9805.000000 4.088143e-10
9810.000000 4.050355e-10
9815.000000 4.104714e-10
9820.000000 3.949212e-10
9825.000000 4.007701e-10
9830.000000 4.014031e-10
9835.000000 4.051845e-10
9840.000000 4.003264e-10
9845.000000 3.822874e-10
9850.000000 3.889137e-10
9855.000000 3.938369e-10
9860.000000 4.205831e-10
9865.000000 3.925073e-10
9870.000000 3.792882e-10
9875.000000 3.787275e-10
9880.000000 4.131254e-10
9885.000000 4.010997e-10
9890.000000 3.950940e-10
9895.000000 3.857613e-10
9900.000000 3.924787e-10
9905.000000 3.862346e-10
9910.000000 3.728156e-10
9915.000000 3.702249e-10
9920.000000 3.797875e-10
9925.000000 3.850305e-10
9930.000000 3.754257e-10
9935.000000 3.713969e-10
9940.000000 3.594494e-10
9945.000000 3.928695e-10
9950.000000 3.889858e-10
9955.000000 3.871891e-10
9960.000000 3.320620e-10
9965.000000 3.455208e-10
9970.000000 3.739674e-10
9975.000000 3.764892e-10
9980.000000 3.848916e-10
9985.000000 3.868887e-10
9990.000000 3.922103e-10
9995.000000 3.845145e-10
10000.000000 3.708561e-10
10005.000000 3.762052e-10
10010.000000 3.769621e-10
10015.000000 3.478721e-10
10020.000000 3.569001e-10
10025.000000 3.611936e-10
10030.000000 3.551016e-10
10035.000000 3.499037e-10
10040.000000 3.668557e-10
10045.000000 3.387403e-10
10050.000000 3.438173e-10
10055.000000 3.397419e-10
10060.000000 3.405015e-10
10065.000000 3.416323e-10
10070.000000 3.454280e-10
10075.000000 3.580033e-10
10080.000000 3.530223e-10
10085.000000 3.506931e-10
10090.000000 3.587674e-10
10095.000000 3.891214e-10
10100.000000 3.541779e-10
10105.000000 3.641089e-10
10110.000000 3.678586e-10
10115.000000 3.612117e-10
10120.000000 3.731525e-10
10125.000000 3.628089e-10
10130.000000 3.371800e-10
10135.000000 3.447791e-10
10140.000000 3.513287e-10
10145.000000 3.416671e-10
10150.000000 3.327060e-10
10155.000000 3.443927e-10
10160.000000 3.498602e-10
10165.000000 3.531794e-10
10170.000000 3.494399e-10
10175.000000 3.500252e-10
10180.000000 3.500185e-10
10185.000000 3.497528e-10
10190.000000 3.495021e-10
10195.000000 3.492611e-10
10200.000000 3.490264e-10
10205.000000 3.487823e-10
10210.000000 3.485278e-10
10215.000000 3.482537e-10
10220.000000 3.479608e-10
10225.000000 3.476381e-10
10230.000000 3.472847e-10
10235.000000 3.468960e-10
10240.000000 3.464642e-10
10245.000000 3.459866e-10
10250.000000 3.454585e-10
10255.000000 3.448763e-10
10260.000000 3.442434e-10
10265.000000 3.435714e-10
10270.000000 3.428664e-10
10275.000000 3.421341e-10
10280.000000 3.413829e-10
10285.000000 3.406205e-10
10290.000000 3.398560e-10
10295.000000 3.390933e-10
10300.000000 3.383430e-10
10305.000000 3.376095e-10
10310.000000 3.368921e-10
10315.000000 3.361848e-10
10320.000000 3.354846e-10
10325.000000 3.347880e-10
10330.000000 3.340892e-10
10335.000000 3.333887e-10
10340.000000 3.326781e-10
10345.000000 3.319551e-10
10350.000000 3.312169e-10
10355.000000 3.304600e-10
10360.000000 3.296905e-10
10365.000000 3.289197e-10
10370.000000 3.281523e-10
10375.000000 3.273963e-10
10380.000000 3.266624e-10
10385.000000 3.259579e-10
10390.000000 3.252909e-10
10395.000000 3.246703e-10
10400.000000 3.241026e-10
10405.000000 3.235943e-10
10410.000000 3.231379e-10
10415.000000 3.227308e-10
10420.000000 3.223615e-10
10425.000000 3.220238e-10
10430.000000 3.217100e-10
10435.000000 3.214118e-10
10440.000000 3.211222e-10
10445.000000 3.208305e-10
10450.000000 3.205313e-10
10455.000000 3.202223e-10
10460.000000 3.198967e-10
10465.000000 3.195581e-10
10470.000000 3.192084e-10
10475.000000 3.188518e-10
10480.000000 3.184854e-10
10485.000000 3.181121e-10
10490.000000 3.177346e-10
10495.000000 3.173543e-10
10500.000000 3.169731e-10
10505.000000 3.165901e-10
10510.000000 3.162064e-10
10515.000000 3.158218e-10
10520.000000 3.154349e-10
10525.000000 3.150503e-10
10530.000000 3.146665e-10
10535.000000 3.142792e-10
10540.000000 3.138925e-10
10545.000000 3.135076e-10
10550.000000 3.131205e-10
10555.000000 3.127328e-10
10560.000000 3.123447e-10
10565.000000 3.119556e-10
10570.000000 3.115669e-10
10575.000000 3.111795e-10
10580.000000 3.107892e-10
10585.000000 3.103987e-10
10590.000000 3.100104e-10
10595.000000 3.096199e-10
10600.000000 3.092289e-10
10605.000000 3.088377e-10
10610.000000 3.084442e-10
10615.000000 3.080529e-10
10620.000000 2.307773e-10
