1150.000000 4.237655e-11
1155.000000 2.309322e-11
1160.000000 2.969097e-12
1165.000000 2.708299e-12
1170.000000 4.494543e-13
1175.000000 0.000000e+00
1180.000000 0.000000e+00
1185.000000 0.000000e+00
1190.000000 0.000000e+00
1195.000000 4.003753e-13
1200.000000 4.448344e-12
1205.000000 1.564919e-11
1210.000000 2.122666e-11
1215.000000 1.186446e-11
1220.000000 2.825416e-12
1225.000000 2.052032e-12
1230.000000 3.889277e-12
1235.000000 4.839583e-12
1240.000000 4.099842e-12
1245.000000 2.270036e-12
1250.000000 2.798598e-12
1255.000000 1.531047e-12
1260.000000 4.038719e-12
1265.000000 3.259672e-12
1270.000000 2.290952e-12
1275.000000 2.200582e-12
1280.000000 1.906399e-12
1285.000000 6.174781e-13
1290.000000 1.053003e-13
1295.000000 4.579900e-13
1300.000000 1.412696e-12
1305.000000 2.000330e-12
1310.000000 1.486261e-12
1315.000000 1.346882e-12
1320.000000 2.047033e-12
1325.000000 1.271742e-12
1330.000000 1.780010e-12
1335.000000 1.749984e-12
1340.000000 1.596042e-12
1345.000000 1.590266e-12
1350.000000 2.399123e-12
1355.000000 2.451343e-12
1360.000000 1.589108e-12
1365.000000 8.799111e-13
1370.000000 4.643781e-12
1375.000000 4.644482e-12
1380.000000 1.432252e-12
1385.000000 3.100427e-13
1390.000000 6.485743e-13
1395.000000 4.568263e-13
1400.000000 6.493098e-13
1405.000000 2.936221e-13
1410.000000 5.881170e-13
1415.000000 1.897406e-12
1420.000000 9.567699e-13
1425.000000 1.394219e-12
1430.000000 2.707463e-12
1435.000000 2.381088e-12
1440.000000 1.890412e-12
1445.000000 3.925704e-12
1450.000000 3.168164e-12
1455.000000 1.138900e-12
1460.000000 3.870370e-13
1465.000000 1.060606e-12
1470.000000 1.033573e-12
1475.000000 2.094279e-12
1480.000000 1.883273e-12
1485.000000 2.801957e-12
1490.000000 4.647726e-12
1495.000000 3.623233e-12
1500.000000 2.935724e-12
1505.000000 3.220686e-12
1510.000000 2.873917e-12
1515.000000 1.135360e-12
1520.000000 1.257575e-12
1525.000000 2.717494e-12
1530.000000 6.417661e-12
1535.000000 6.954932e-12
1540.000000 5.121782e-12
1545.000000 1.992747e-12
1550.000000 2.572255e-12
1555.000000 5.059247e-12
1560.000000 6.411771e-12
1565.000000 4.601878e-12
1570.000000 2.858251e-12
1575.000000 4.604140e-12
1580.000000 4.978595e-12
1585.000000 2.723884e-12
1590.000000 4.344990e-12
1595.000000 4.288336e-12
1600.000000 3.093686e-12
1605.000000 3.190575e-12
1610.000000 4.713776e-12
1615.000000 3.301374e-12
1620.000000 1.856469e-12
1625.000000 1.389102e-12
1630.000000 2.498676e-12
1635.000000 1.566675e-12
1640.000000 7.432713e-13
1645.000000 1.381897e-12
1650.000000 3.012915e-12
1655.000000 4.558927e-12
1660.000000 5.586686e-12
1665.000000 5.291869e-12
1670.000000 5.133009e-12
1675.000000 5.757530e-12
1680.000000 5.751262e-12
1685.000000 4.825522e-12
1690.000000 5.687852e-12
1695.000000 9.315547e-12
1700.000000 1.000403e-11
1705.000000 1.025775e-11
1710.000000 1.202446e-11
1715.000000 1.276892e-11
1720.000000 1.373073e-11
1725.000000 1.784037e-11
1730.000000 1.794436e-11
1735.000000 2.013987e-11
1740.000000 2.644953e-11
1745.000000 3.106679e-11
1750.000000 3.637421e-11
1755.000000 3.948855e-11
1760.000000 3.989505e-11
1765.000000 4.798425e-11
1770.000000 6.090341e-11
1775.000000 6.851923e-11
1780.000000 6.676788e-11
1785.000000 6.057566e-11
1790.000000 6.313700e-11
1795.000000 7.130956e-11
1800.000000 7.220421e-11
1805.000000 6.907740e-11
1810.000000 7.411963e-11
1815.000000 8.315309e-11
1820.000000 9.552880e-11
1825.000000 9.735467e-11
1830.000000 9.425744e-11
1835.000000 8.210169e-11
1840.000000 6.435947e-11
1845.000000 5.710655e-11
1850.000000 7.120227e-11
1855.000000 8.748883e-11
1860.000000 1.066798e-10
1865.000000 1.261464e-10
1870.000000 1.273713e-10
1875.000000 1.303499e-10
1880.000000 1.451900e-10
1885.000000 1.432880e-10
1890.000000 1.352231e-10
1895.000000 1.308108e-10
1900.000000 1.440054e-10
1905.000000 1.629655e-10
1910.000000 1.762817e-10
1915.000000 1.818251e-10
1920.000000 1.647490e-10
1925.000000 1.225648e-10
1930.000000 1.023302e-10
1935.000000 1.477194e-10
1940.000000 2.085578e-10
1945.000000 2.279238e-10
1950.000000 2.162504e-10
1955.000000 1.870974e-10
1960.000000 1.869553e-10
1965.000000 1.690161e-10
1970.000000 1.933186e-10
1975.000000 2.416712e-10
1980.000000 2.009495e-10
1985.000000 2.328367e-10
1990.000000 2.018138e-10
1995.000000 1.282814e-10
2000.000000 2.049729e-10
2005.000000 2.531275e-10
2010.000000 2.025855e-10
2015.000000 2.495607e-10
2020.000000 2.648127e-10
2025.000000 2.349025e-10
2030.000000 2.201357e-10
2035.000000 2.877538e-10
2040.000000 3.444732e-10
2045.000000 3.097049e-10
2050.000000 3.348694e-10
2055.000000 3.984182e-10
2060.000000 3.563360e-10
2065.000000 2.838619e-10
2070.000000 3.750168e-10
2075.000000 4.597441e-10
2080.000000 5.168649e-10
2085.000000 5.145617e-10
2090.000000 4.729295e-10
2095.000000 4.329599e-10
2100.000000 4.901072e-10
2105.000000 5.535890e-10
2110.000000 5.592335e-10
2115.000000 5.674116e-10
2120.000000 5.347202e-10
2125.000000 5.583408e-10
2130.000000 5.629924e-10
2135.000000 5.224934e-10
2140.000000 5.057262e-10
2145.000000 5.494900e-10
2150.000000 5.508078e-10
2155.000000 5.480117e-10
2160.000000 5.464398e-10
2165.000000 5.068144e-10
2170.000000 5.033294e-10
2175.000000 4.409337e-10
2180.000000 4.632547e-10
2185.000000 5.496363e-10
2190.000000 6.284546e-10
2195.000000 6.910119e-10
2200.000000 7.285244e-10
2205.000000 6.936877e-10
2210.000000 5.779129e-10
2215.000000 4.935374e-10
2220.000000 4.734833e-10
2225.000000 5.155247e-10
2230.000000 5.501063e-10
2235.000000 5.834082e-10
2240.000000 6.124259e-10
2245.000000 5.937837e-10
2250.000000 6.157064e-10
2255.000000 6.339716e-10
2260.000000 5.931393e-10
2265.000000 5.337427e-10
2270.000000 4.866457e-10
2275.000000 4.458537e-10
2280.000000 4.641310e-10
2285.000000 5.206757e-10
2290.000000 5.910353e-10
2295.000000 5.928198e-10
2300.000000 5.674282e-10
2305.000000 5.396701e-10
2310.000000 5.554606e-10
2315.000000 5.413719e-10
2320.000000 5.169217e-10
2325.000000 4.955706e-10
2330.000000 4.650014e-10
2335.000000 4.467799e-10
2340.000000 3.775340e-10
2345.000000 3.813503e-10
2350.000000 3.724931e-10
2355.000000 4.393336e-10
2360.000000 4.832347e-10
2365.000000 3.838819e-10
2370.000000 4.150893e-10
2375.000000 4.950785e-10
2380.000000 4.767760e-10
2385.000000 3.464725e-10
2390.000000 3.264985e-10
2395.000000 3.647987e-10
2400.000000 3.473479e-10
2405.000000 3.142718e-10
2410.000000 2.732805e-10
2415.000000 3.023574e-10
2420.000000 4.142881e-10
2425.000000 5.598192e-10
2430.000000 6.360893e-10
2435.000000 6.046935e-10
2440.000000 5.460625e-10
2445.000000 5.800683e-10
2450.000000 5.460152e-10
2455.000000 4.910247e-10
2460.000000 5.212759e-10
2465.000000 5.442968e-10
2470.000000 5.509228e-10
2475.000000 5.484129e-10
2480.000000 5.405054e-10
2485.000000 4.662026e-10
2490.000000 4.041193e-10
2495.000000 4.232623e-10
2500.000000 5.700247e-10
2505.000000 5.737641e-10
2510.000000 4.845531e-10
2515.000000 4.298769e-10
2520.000000 3.395362e-10
2525.000000 3.013440e-10
2530.000000 3.412965e-10
2535.000000 3.746343e-10
2540.000000 4.106976e-10
2545.000000 4.290503e-10
2550.000000 4.311654e-10
2555.000000 4.939982e-10
2560.000000 5.678394e-10
2565.000000 6.406941e-10
2570.000000 7.327080e-10
2575.000000 7.767021e-10
2580.000000 7.184515e-10
2585.000000 6.797392e-10
2590.000000 7.000333e-10
2595.000000 7.239859e-10
2600.000000 6.245087e-10
2605.000000 5.751089e-10
2610.000000 5.627243e-10
2615.000000 5.443010e-10
2620.000000 6.377269e-10
2625.000000 6.984325e-10
2630.000000 6.593843e-10
2635.000000 8.565729e-10
2640.000000 1.383797e-09
2645.000000 1.623683e-09
2650.000000 1.480843e-09
2655.000000 1.413666e-09
2660.000000 1.544763e-09
2665.000000 1.369319e-09
2670.000000 1.226171e-09
2675.000000 1.276155e-09
2680.000000 1.296904e-09
2685.000000 1.308093e-09
2690.000000 1.285810e-09
2695.000000 1.303160e-09
2700.000000 1.484888e-09
2705.000000 1.475494e-09
2710.000000 1.258299e-09
2715.000000 1.193376e-09
2720.000000 1.260818e-09
2725.000000 1.322322e-09
2730.000000 1.530460e-09
2735.000000 1.350381e-09
2740.000000 9.709142e-10
2745.000000 7.319054e-10
2750.000000 7.338651e-10
2755.000000 8.446338e-10
2760.000000 8.677334e-10
2765.000000 1.003780e-09
2770.000000 1.105114e-09
2775.000000 1.189941e-09
2780.000000 1.090238e-09
2785.000000 8.429187e-10
2790.000000 6.431992e-10
2795.000000 4.131204e-10
2800.000000 2.818128e-10
2805.000000 3.025270e-10
2810.000000 5.350778e-10
2815.000000 1.010413e-09
2820.000000 1.560568e-09
2825.000000 1.721555e-09
2830.000000 1.757705e-09
2835.000000 1.727729e-09
2840.000000 1.457409e-09
2845.000000 1.377957e-09
2850.000000 1.227551e-09
2855.000000 9.282951e-10
2860.000000 1.150401e-09
2865.000000 1.341818e-09
2870.000000 1.412802e-09
2875.000000 1.530996e-09
2880.000000 1.465847e-09
2885.000000 1.392286e-09
2890.000000 1.450470e-09
2895.000000 1.449402e-09
2900.000000 1.435649e-09
2905.000000 1.515975e-09
2910.000000 1.703891e-09
2915.000000 1.865656e-09
2920.000000 1.745548e-09
2925.000000 1.589973e-09
2930.000000 1.560198e-09
2935.000000 1.626084e-09
2940.000000 1.632744e-09
2945.000000 1.652681e-09
2950.000000 1.671159e-09
2955.000000 1.702479e-09
2960.000000 1.801180e-09
2965.000000 1.834448e-09
2970.000000 1.840457e-09
2975.000000 1.741338e-09
2980.000000 1.764128e-09
2985.000000 1.823667e-09
2990.000000 1.872713e-09
2995.000000 1.869046e-09
3000.000000 1.747155e-09
3005.000000 1.688134e-09
3010.000000 1.722886e-09
3015.000000 1.712821e-09
3020.000000 1.740679e-09
3025.000000 1.962120e-09
3030.000000 2.129804e-09
3035.000000 2.141573e-09
3040.000000 2.230977e-09
3045.000000 2.038951e-09
3050.000000 1.936635e-09
3055.000000 1.987296e-09
3060.000000 1.820773e-09
3065.000000 1.696630e-09
3070.000000 1.785874e-09
3075.000000 1.833021e-09
3080.000000 1.875141e-09
3085.000000 1.798774e-09
3090.000000 1.720708e-09
3095.000000 1.555681e-09
3100.000000 1.493823e-09
3105.000000 1.651956e-09
3110.000000 1.885021e-09
3115.000000 1.941370e-09
3120.000000 1.756205e-09
3125.000000 1.704810e-09
3130.000000 1.791084e-09
3135.000000 1.872268e-09
3140.000000 1.887779e-09
3145.000000 1.855184e-09
3150.000000 1.896171e-09
3155.000000 1.851084e-09
3160.000000 1.825346e-09
3165.000000 1.839566e-09
3170.000000 1.909289e-09
3175.000000 1.941053e-09
3180.000000 1.929252e-09
3185.000000 1.946455e-09
3190.000000 1.988110e-09
3195.000000 2.035948e-09
3200.000000 2.108466e-09
3205.000000 2.149634e-09
3210.000000 2.152018e-09
3215.000000 2.095044e-09
3220.000000 2.024108e-09
3225.000000 1.992791e-09
3230.000000 2.002291e-09
3235.000000 2.037451e-09
3240.000000 2.093732e-09
3245.000000 2.167253e-09
3250.000000 2.243228e-09
3255.000000 2.303951e-09
3260.000000 2.335889e-09
3265.000000 2.333682e-09
3270.000000 2.309983e-09
3275.000000 2.289531e-09
3280.000000 2.308789e-09
3285.000000 2.379587e-09
3290.000000 2.439817e-09
3295.000000 2.432396e-09
3300.000000 2.386638e-09
3305.000000 2.351131e-09
3310.000000 2.336858e-09
3315.000000 2.335957e-09
3320.000000 2.331698e-09
3325.000000 2.313830e-09
3330.000000 2.295981e-09
3335.000000 2.291948e-09
3340.000000 2.292437e-09
3345.000000 2.284616e-09
3350.000000 2.270124e-09
3355.000000 2.255883e-09
3360.000000 2.247527e-09
3365.000000 2.248764e-09
3370.000000 2.260176e-09
3375.000000 2.283507e-09
3380.000000 2.325444e-09
3385.000000 2.383017e-09
3390.000000 2.423931e-09
3395.000000 2.422072e-09
3400.000000 2.396860e-09
3405.000000 2.378557e-09
3410.000000 2.379186e-09
3415.000000 2.395190e-09
3420.000000 2.402190e-09
3425.000000 2.379655e-09
3430.000000 2.337561e-09
3435.000000 2.298716e-09
3440.000000 2.287774e-09
3445.000000 2.315966e-09
3450.000000 2.358538e-09
3455.000000 2.385584e-09
3460.000000 2.389732e-09
3465.000000 2.376464e-09
3470.000000 2.361226e-09
3475.000000 2.355467e-09
3480.000000 2.351895e-09
3485.000000 2.345421e-09
3490.000000 2.354325e-09
3495.000000 2.389983e-09
3500.000000 2.422620e-09
3505.000000 2.420549e-09
3510.000000 2.394530e-09
3515.000000 2.398543e-09
3520.000000 2.363093e-09
3525.000000 2.365210e-09
3530.000000 2.450931e-09
3535.000000 2.540854e-09
3540.000000 2.584697e-09
3545.000000 2.593723e-09
3550.000000 2.561369e-09
3555.000000 2.489311e-09
3560.000000 2.412241e-09
3565.000000 2.292809e-09
3570.000000 2.245058e-09
3575.000000 2.261154e-09
3580.000000 2.227076e-09
3585.000000 2.221572e-09
3590.000000 2.355189e-09
3595.000000 2.462325e-09
3600.000000 2.446246e-09
3605.000000 2.361272e-09
3610.000000 2.313042e-09
3615.000000 2.330935e-09
3620.000000 2.392982e-09
3625.000000 2.510999e-09
3630.000000 2.460986e-09
3635.000000 2.449797e-09
3640.000000 2.509763e-09
3645.000000 2.464442e-09
3650.000000 2.493080e-09
3655.000000 2.624952e-09
3660.000000 2.723919e-09
3665.000000 2.698062e-09
3670.000000 2.671173e-09
3675.000000 2.640911e-09
3680.000000 2.576885e-09
3685.000000 2.590306e-09
3690.000000 2.680537e-09
3695.000000 2.757937e-09
3700.000000 2.758219e-09
3705.000000 2.657151e-09
3710.000000 2.714293e-09
3715.000000 2.808418e-09
3720.000000 2.695320e-09
3725.000000 2.681011e-09
3730.000000 2.627657e-09
3735.000000 2.509484e-09
3740.000000 2.620745e-09
3745.000000 2.571101e-09
3750.000000 2.586787e-09
3755.000000 2.841949e-09
3760.000000 2.871501e-09
3765.000000 2.823329e-09
3770.000000 2.833951e-09
3775.000000 3.081867e-09
3780.000000 3.313285e-09
3785.000000 3.281077e-09
3790.000000 3.017448e-09
3795.000000 2.782422e-09
3800.000000 2.878101e-09
3805.000000 3.201645e-09
3810.000000 3.351989e-09
3815.000000 3.245139e-09
3820.000000 3.061689e-09
3825.000000 2.780020e-09
3830.000000 2.462856e-09
3835.000000 2.322866e-09
3840.000000 2.616218e-09
3845.000000 3.077440e-09
3850.000000 3.317102e-09
3855.000000 3.348136e-09
3860.000000 3.356643e-09
3865.000000 3.426027e-09
3870.000000 3.337629e-09
3875.000000 3.190101e-09
3880.000000 2.981601e-09
3885.000000 2.706033e-09
3890.000000 2.674928e-09
3895.000000 2.973914e-09
3900.000000 3.176767e-09
3905.000000 3.210426e-09
3910.000000 3.286516e-09
3915.000000 3.277165e-09
3920.000000 3.097899e-09
3925.000000 2.695632e-09
3930.000000 2.166308e-09
3935.000000 2.054579e-09
3940.000000 2.452030e-09
3945.000000 2.844491e-09
3950.000000 3.052838e-09
3955.000000 3.034365e-09
3960.000000 2.725479e-09
3965.000000 2.246646e-09
3970.000000 2.154764e-09
3975.000000 2.621851e-09
3980.000000 3.132322e-09
3985.000000 3.451639e-09
3990.000000 3.637969e-09
3995.000000 3.717842e-09
4000.000000 3.758489e-09
4005.000000 3.786584e-09
4010.000000 3.858299e-09
4015.000000 3.944624e-09
4020.000000 4.020483e-09
4025.000000 4.050260e-09
4030.000000 4.004119e-09
4035.000000 3.989821e-09
4040.000000 3.975934e-09
4045.000000 3.925272e-09
4050.000000 3.943323e-09
4055.000000 3.904513e-09
4060.000000 3.837568e-09
4065.000000 3.788118e-09
4070.000000 3.776041e-09
4075.000000 3.777070e-09
4080.000000 3.830191e-09
4085.000000 3.890482e-09
4090.000000 3.829536e-09
4095.000000 3.572180e-09
4100.000000 3.305750e-09
4105.000000 3.384475e-09
4110.000000 3.648190e-09
4115.000000 3.835581e-09
4120.000000 3.927639e-09
4125.000000 3.981262e-09
4130.000000 3.981749e-09
4135.000000 3.993007e-09
4140.000000 4.000758e-09
4145.000000 3.980097e-09
4150.000000 3.984233e-09
4155.000000 4.002575e-09
4160.000000 4.071480e-09
4165.000000 4.085950e-09
4170.000000 3.984678e-09
4175.000000 3.915700e-09
4180.000000 3.931505e-09
4185.000000 3.943644e-09
4190.000000 3.959204e-09
4195.000000 3.935629e-09
4200.000000 3.910846e-09
4205.000000 3.958302e-09
4210.000000 4.013089e-09
4215.000000 4.019606e-09
4220.000000 3.978670e-09
4225.000000 3.878529e-09
4230.000000 3.899849e-09
4235.000000 3.918958e-09
4240.000000 3.937082e-09
4245.000000 3.938347e-09
4250.000000 3.937275e-09
4255.000000 3.953569e-09
4260.000000 3.939161e-09
4265.000000 3.937254e-09
4270.000000 3.880463e-09
4275.000000 3.886179e-09
4280.000000 3.912206e-09
4285.000000 3.842113e-09
4290.000000 3.732501e-09
4295.000000 3.606279e-09
4300.000000 3.437062e-09
4305.000000 3.372088e-09
4310.000000 3.459511e-09
4315.000000 3.679204e-09
4320.000000 3.795255e-09
4325.000000 3.755832e-09
4330.000000 3.699400e-09
4335.000000 3.494854e-09
4340.000000 3.292023e-09
4345.000000 3.447063e-09
4350.000000 3.685410e-09
4355.000000 3.874288e-09
4360.000000 4.025262e-09
4365.000000 4.096056e-09
4370.000000 4.067694e-09
4375.000000 4.020289e-09
4380.000000 3.951058e-09
4385.000000 3.891936e-09
4390.000000 3.941882e-09
4395.000000 3.997089e-09
4400.000000 4.020605e-09
4405.000000 4.038023e-09
4410.000000 4.097353e-09
4415.000000 4.137938e-09
4420.000000 4.167580e-09
4425.000000 4.175853e-09
4430.000000 4.168722e-09
4435.000000 4.157069e-09
4440.000000 4.164268e-09
4445.000000 4.150179e-09
4450.000000 4.120930e-09
4455.000000 4.061298e-09
4460.000000 4.066766e-09
4465.000000 4.137785e-09
4470.000000 4.223276e-09
4475.000000 4.278361e-09
4480.000000 4.246189e-09
4485.000000 4.254104e-09
4490.000000 4.267616e-09
4495.000000 4.328121e-09
4500.000000 4.417944e-09
4505.000000 4.485631e-09
4510.000000 4.474431e-09
4515.000000 4.386137e-09
4520.000000 4.270084e-09
4525.000000 4.166959e-09
4530.000000 4.131704e-09
4535.000000 4.208048e-09
4540.000000 4.289428e-09
4545.000000 4.264784e-09
4550.000000 4.200615e-09
4555.000000 4.217636e-09
4560.000000 4.265164e-09
4565.000000 4.280387e-09
4570.000000 4.318419e-09
4575.000000 4.328623e-09
4580.000000 4.289751e-09
4585.000000 4.283838e-09
4590.000000 4.298910e-09
4595.000000 4.303605e-09
4600.000000 4.292506e-09
4605.000000 4.303716e-09
4610.000000 4.300179e-09
4615.000000 4.281676e-09
4620.000000 4.299456e-09
4625.000000 4.315117e-09
4630.000000 4.291883e-09
4635.000000 4.267784e-09
4640.000000 4.245993e-09
4645.000000 4.231941e-09
4650.000000 4.237810e-09
4655.000000 4.264555e-09
4660.000000 4.282378e-09
4665.000000 4.227279e-09
4670.000000 4.213029e-09
4675.000000 4.242064e-09
4680.000000 4.269510e-09
4685.000000 4.307483e-09
4690.000000 4.325404e-09
4695.000000 4.310002e-09
4700.000000 4.238576e-09
4705.000000 4.196241e-09
4710.000000 4.197839e-09
4715.000000 4.227844e-09
4720.000000 4.257179e-09
4725.000000 4.256913e-09
4730.000000 4.241690e-09
4735.000000 4.255136e-09
4740.000000 4.296290e-09
4745.000000 4.317454e-09
4750.000000 4.280749e-09
4755.000000 4.226170e-09
4760.000000 4.208976e-09
4765.000000 4.197916e-09
4770.000000 4.227040e-09
4775.000000 4.262213e-09
4780.000000 4.254282e-09
4785.000000 4.208824e-09
4790.000000 4.200302e-09
4795.000000 4.210468e-09
4800.000000 4.194760e-09
4805.000000 4.197491e-09
4810.000000 4.227533e-09
4815.000000 4.232631e-09
4820.000000 4.201884e-09
4825.000000 4.172595e-09
4830.000000 4.150544e-09
4835.000000 4.143959e-09
4840.000000 4.118267e-09
4845.000000 4.060753e-09
4850.000000 3.979571e-09
4855.000000 3.818501e-09
4860.000000 3.601410e-09
4865.000000 3.479491e-09
4870.000000 3.536485e-09
4875.000000 3.726361e-09
4880.000000 3.861274e-09
4885.000000 3.969210e-09
4890.000000 4.026447e-09
4895.000000 4.036773e-09
4900.000000 4.070183e-09
4905.000000 4.108122e-09
4910.000000 4.101993e-09
4915.000000 4.087129e-09
4920.000000 4.068837e-09
4925.000000 4.068180e-09
4930.000000 4.081306e-09
4935.000000 4.131476e-09
4940.000000 4.114629e-09
4945.000000 4.091411e-09
4950.000000 4.098411e-09
4955.000000 4.090395e-09
4960.000000 4.071643e-09
4965.000000 4.059180e-09
4970.000000 4.093630e-09
4975.000000 4.089109e-09
4980.000000 4.045803e-09
4985.000000 4.010684e-09
4990.000000 3.959756e-09
4995.000000 3.959817e-09
5000.000000 3.972432e-09
5005.000000 3.931738e-09
5010.000000 3.888244e-09
5015.000000 3.845132e-09
5020.000000 3.834104e-09
5025.000000 3.832848e-09
5030.000000 3.880248e-09
5035.000000 3.913957e-09
5040.000000 3.931242e-09
5045.000000 3.914223e-09
5050.000000 3.909618e-09
5055.000000 3.950177e-09
5060.000000 3.970279e-09
5065.000000 4.003395e-09
5070.000000 3.995296e-09
5075.000000 3.939918e-09
5080.000000 3.904950e-09
5085.000000 3.872827e-09
5090.000000 3.871711e-09
5095.000000 3.913338e-09
5100.000000 3.938335e-09
5105.000000 3.910816e-09
5110.000000 3.905212e-09
5115.000000 3.910245e-09
5120.000000 3.911736e-09
5125.000000 3.900807e-09
5130.000000 3.860128e-09
5135.000000 3.809076e-09
5140.000000 3.793956e-09
5145.000000 3.779687e-09
5150.000000 3.766272e-09
5155.000000 3.760551e-09
5160.000000 3.754928e-09
5165.000000 3.722193e-09
5170.000000 3.647399e-09
5175.000000 3.574877e-09
5180.000000 3.586674e-09
5185.000000 3.635943e-09
5190.000000 3.623878e-09
5195.000000 3.659936e-09
5200.000000 3.694510e-09
5205.000000 3.715501e-09
5210.000000 3.740395e-09
5215.000000 3.743296e-09
5220.000000 3.769014e-09
5225.000000 3.757768e-09
5230.000000 3.719987e-09
5235.000000 3.686432e-09
5240.000000 3.702215e-09
5245.000000 3.750508e-09
5250.000000 3.794197e-09
5255.000000 3.803191e-09
5260.000000 3.791573e-09
5265.000000 3.726100e-09
5270.000000 3.624520e-09
5275.000000 3.586074e-09
5280.000000 3.628995e-09
5285.000000 3.694063e-09
5290.000000 3.742017e-09
5295.000000 3.784526e-09
5300.000000 3.799511e-09
5305.000000 3.771681e-09
5310.000000 3.778923e-09
5315.000000 3.797091e-09
5320.000000 3.770185e-09
5325.000000 3.718289e-09
5330.000000 3.649921e-09
5335.000000 3.619366e-09
5340.000000 3.655519e-09
5345.000000 3.690138e-09
5350.000000 3.719161e-09
5355.000000 3.739530e-09
5360.000000 3.756312e-09
5365.000000 3.760702e-09
5370.000000 3.727397e-09
5375.000000 3.701340e-09
5380.000000 3.711540e-09
5385.000000 3.714246e-09
5390.000000 3.693196e-09
5395.000000 3.680975e-09
5400.000000 3.670578e-09
5405.000000 3.660093e-09
5410.000000 3.647197e-09
5415.000000 3.635545e-09
5420.000000 3.639118e-09
5425.000000 3.651669e-09
5430.000000 3.652942e-09
5435.000000 3.650936e-09
5440.000000 3.671330e-09
5445.000000 3.703826e-09
5450.000000 3.704057e-09
5455.000000 3.688775e-09
5460.000000 3.700924e-09
5465.000000 3.686368e-09
5470.000000 3.659929e-09
5475.000000 3.663386e-09
5480.000000 3.650312e-09
5485.000000 3.630102e-09
5490.000000 3.645947e-09
5495.000000 3.651005e-09
5500.000000 3.654997e-09
5505.000000 3.668262e-09
5510.000000 3.657471e-09
5515.000000 3.649372e-09
5520.000000 3.662267e-09
5525.000000 3.673990e-09
5530.000000 3.678621e-09
5535.000000 3.664859e-09
5540.000000 3.674470e-09
5545.000000 3.677969e-09
5550.000000 3.660705e-09
5555.000000 3.643394e-09
5560.000000 3.647216e-09
5565.000000 3.641100e-09
5570.000000 3.628348e-09
5575.000000 3.607711e-09
5580.000000 3.592231e-09
5585.000000 3.590212e-09
5590.000000 3.584393e-09
5595.000000 3.544694e-09
5600.000000 3.524578e-09
5605.000000 3.533306e-09
5610.000000 3.541672e-09
5615.000000 3.563925e-09
5620.000000 3.569649e-09
5625.000000 3.547828e-09
5630.000000 3.560852e-09
5635.000000 3.586208e-09
5640.000000 3.576774e-09
5645.000000 3.539849e-09
5650.000000 3.514617e-09
5655.000000 3.495603e-09
5660.000000 3.467687e-09
5665.000000 3.455481e-09
5670.000000 3.483984e-09
5675.000000 3.541345e-09
5680.000000 3.579878e-09
5685.000000 3.574040e-09
5690.000000 3.525808e-09
5695.000000 3.473646e-09
5700.000000 3.461975e-09
5705.000000 3.473608e-09
5710.000000 3.471381e-09
5715.000000 3.457392e-09
5720.000000 3.457512e-09
5725.000000 3.475445e-09
5730.000000 3.471830e-09
5735.000000 3.458246e-09
5740.000000 3.449639e-09
5745.000000 3.473597e-09
5750.000000 3.502793e-09
5755.000000 3.511124e-09
5760.000000 3.493351e-09
5765.000000 3.458430e-09
5770.000000 3.437829e-09
5775.000000 3.440165e-09
5780.000000 3.437722e-09
5785.000000 3.431411e-09
5790.000000 3.410957e-09
5795.000000 3.403335e-09
5800.000000 3.425470e-09
5805.000000 3.434748e-09
5810.000000 3.427992e-09
5815.000000 3.428966e-09
5820.000000 3.419811e-09
5825.000000 3.400944e-09
5830.000000 3.409975e-09
5835.000000 3.433660e-09
5840.000000 3.452777e-09
5845.000000 3.452814e-09
5850.000000 3.444253e-09
5855.000000 3.436361e-09
5860.000000 3.416432e-09
5865.000000 3.405665e-09
5870.000000 3.425489e-09
5875.000000 3.433801e-09
5880.000000 3.417635e-09
5885.000000 3.380521e-09
5890.000000 3.318546e-09
5895.000000 3.259126e-09
5900.000000 3.252828e-09
5905.000000 3.303025e-09
5910.000000 3.342459e-09
5915.000000 3.352287e-09
5920.000000 3.351758e-09
5925.000000 3.348558e-09
5930.000000 3.340560e-09
5935.000000 3.336140e-09
5940.000000 3.323544e-09
5945.000000 3.313483e-09
5950.000000 3.310057e-09
5955.000000 3.316420e-09
5960.000000 3.320745e-09
5965.000000 3.337480e-09
5970.000000 3.341727e-09
5975.000000 3.311136e-09
5980.000000 3.268031e-09
5985.000000 3.249339e-09
5990.000000 3.256652e-09
5995.000000 3.273086e-09
6000.000000 3.287550e-09
6005.000000 3.270538e-09
6010.000000 3.247023e-09
6015.000000 3.256748e-09
6020.000000 3.255147e-09
6025.000000 3.236732e-09
6030.000000 3.229586e-09
6035.000000 3.243356e-09
6040.000000 3.261933e-09
6045.000000 3.282916e-09
6050.000000 3.282292e-09
6055.000000 3.259637e-09
6060.000000 3.232785e-09
6065.000000 3.202020e-09
6070.000000 3.197011e-09
6075.000000 3.193415e-09
6080.000000 3.196658e-09
6085.000000 3.211612e-09
6090.000000 3.205984e-09
6095.000000 3.187186e-09
6100.000000 3.152530e-09
6105.000000 3.151827e-09
6110.000000 3.175373e-09
6115.000000 3.179533e-09
6120.000000 3.173937e-09
6125.000000 3.174421e-09
6130.000000 3.161069e-09
6135.000000 3.123811e-09
6140.000000 3.107451e-09
6145.000000 3.126459e-09
6150.000000 3.135241e-09
6155.000000 3.115986e-09
6160.000000 3.081540e-09
6165.000000 3.059260e-09
6170.000000 3.059639e-09
6175.000000 3.084806e-09
6180.000000 3.111907e-09
6185.000000 3.128385e-09
6190.000000 3.129714e-09
6195.000000 3.139005e-09
6200.000000 3.145171e-09
6205.000000 3.143268e-09
6210.000000 3.127901e-09
6215.000000 3.102320e-09
6220.000000 3.100398e-09
6225.000000 3.106791e-09
6230.000000 3.091674e-09
6235.000000 3.085274e-09
6240.000000 3.086506e-09
6245.000000 3.073513e-09
6250.000000 3.062647e-09
6255.000000 3.044919e-09
6260.000000 3.043461e-09
6265.000000 3.052439e-09
6270.000000 3.065173e-09
6275.000000 3.041395e-09
6280.000000 3.018038e-09
6285.000000 3.043254e-09
6290.000000 3.048556e-09
6295.000000 3.038798e-09
6300.000000 3.029118e-09
6305.000000 3.033311e-09
6310.000000 3.029483e-09
6315.000000 3.017865e-09
6320.000000 3.021012e-09
6325.000000 3.043684e-09
6330.000000 3.055242e-09
6335.000000 3.043310e-09
6340.000000 3.036655e-09
6345.000000 3.037409e-09
6350.000000 3.042424e-09
6355.000000 3.043825e-09
6360.000000 3.041071e-09
6365.000000 3.037748e-09
6370.000000 3.032573e-09
6375.000000 3.037196e-09
6380.000000 3.031452e-09
6385.000000 3.027968e-09
6390.000000 3.014711e-09
6395.000000 3.000149e-09
6400.000000 2.990775e-09
6405.000000 2.987093e-09
6410.000000 2.977542e-09
6415.000000 2.972035e-09
6420.000000 2.972464e-09
6425.000000 2.977183e-09
6430.000000 2.970613e-09
6435.000000 2.966273e-09
6440.000000 2.953691e-09
6445.000000 2.946688e-09
6450.000000 2.940176e-09
6455.000000 2.936524e-09
6460.000000 2.933742e-09
6465.000000 2.937049e-09
6470.000000 2.948917e-09
6475.000000 2.951479e-09
6480.000000 2.941128e-09
6485.000000 2.930748e-09
6490.000000 2.900076e-09
6495.000000 2.876045e-09
6500.000000 2.900218e-09
6505.000000 2.932228e-09
6510.000000 2.941120e-09
6515.000000 2.927692e-09
6520.000000 2.933008e-09
6525.000000 2.934205e-09
6530.000000 2.932651e-09
6535.000000 2.927613e-09
6540.000000 2.901976e-09
6545.000000 2.841896e-09
6550.000000 2.757050e-09
6555.000000 2.610135e-09
6560.000000 2.405603e-09
6565.000000 2.437057e-09
6570.000000 2.640800e-09
6575.000000 2.799338e-09
6580.000000 2.865073e-09
6585.000000 2.877253e-09
6590.000000 2.865562e-09
6595.000000 2.862515e-09
6600.000000 2.880668e-09
6605.000000 2.892167e-09
6610.000000 2.906523e-09
6615.000000 2.913757e-09
6620.000000 2.904245e-09
6625.000000 2.884772e-09
6630.000000 2.861971e-09
6635.000000 2.857394e-09
6640.000000 2.861903e-09
6645.000000 2.865444e-09
6650.000000 2.869675e-09
6655.000000 2.851594e-09
6660.000000 2.817707e-09
6665.000000 2.807977e-09
6670.000000 2.812556e-09
6675.000000 2.814352e-09
6680.000000 2.829845e-09
6685.000000 2.847812e-09
6690.000000 2.849947e-09
6695.000000 2.837366e-09
6700.000000 2.827600e-09
6705.000000 2.814351e-09
6710.000000 2.799006e-09
6715.000000 2.781758e-09
6720.000000 2.772194e-09
6725.000000 2.776875e-09
6730.000000 2.785786e-09
6735.000000 2.789334e-09
6740.000000 2.783865e-09
6745.000000 2.776609e-09
6750.000000 2.766211e-09
6755.000000 2.769352e-09
6760.000000 2.773684e-09
6765.000000 2.774331e-09
6770.000000 2.771126e-09
6775.000000 2.765786e-09
6780.000000 2.755299e-09
6785.000000 2.747209e-09
6790.000000 2.750085e-09
6795.000000 2.753168e-09
6800.000000 2.771420e-09
6805.000000 2.783077e-09
6810.000000 2.791259e-09
6815.000000 2.788695e-09
6820.000000 2.783802e-09
6825.000000 2.775314e-09
6830.000000 2.763872e-09
6835.000000 2.753790e-09
6840.000000 2.743265e-09
6845.000000 2.748689e-09
6850.000000 2.753148e-09
6855.000000 2.746874e-09
6860.000000 2.730933e-09
6865.000000 2.715326e-09
6870.000000 2.710273e-09
6875.000000 2.716439e-09
6880.000000 2.723727e-09
6885.000000 2.720072e-09
6890.000000 2.702077e-09
6895.000000 2.678693e-09
6900.000000 2.664065e-09
6905.000000 2.665158e-09
6910.000000 2.676231e-09
6915.000000 2.684291e-09
6920.000000 2.680095e-09
6925.000000 2.665843e-09
6930.000000 2.653012e-09
6935.000000 2.652097e-09
6940.000000 2.664046e-09
6945.000000 2.680172e-09
6950.000000 2.689383e-09
6955.000000 2.686785e-09
6960.000000 2.676704e-09
6965.000000 2.667969e-09
6970.000000 2.663204e-09
6975.000000 2.647614e-09
6980.000000 2.640742e-09
6985.000000 2.636243e-09
6990.000000 2.623342e-09
6995.000000 2.614064e-09
7000.000000 2.601833e-09
7005.000000 2.589847e-09
7010.000000 2.608443e-09
7015.000000 2.615974e-09
7020.000000 2.621735e-09
7025.000000 2.615822e-09
7030.000000 2.604232e-09
7035.000000 2.584945e-09
7040.000000 2.570720e-09
7045.000000 2.564405e-09
7050.000000 2.552779e-09
7055.000000 2.547004e-09
7060.000000 2.556766e-09
7065.000000 2.557956e-09
7070.000000 2.555926e-09
7075.000000 2.552728e-09
7080.000000 2.551059e-09
7085.000000 2.558621e-09
7090.000000 2.574995e-09
7095.000000 2.592017e-09
7100.000000 2.594990e-09
7105.000000 2.582917e-09
7110.000000 2.555673e-09
7115.000000 2.540716e-09
7120.000000 2.537209e-09
7125.000000 2.545294e-09
7130.000000 2.556009e-09
7135.000000 2.561232e-09
7140.000000 2.548482e-09
7145.000000 2.523911e-09
7150.000000 2.515543e-09
7155.000000 2.517456e-09
7160.000000 2.508402e-09
7165.000000 2.496332e-09
7170.000000 2.493485e-09
7175.000000 2.488608e-09
7180.000000 2.472661e-09
7185.000000 2.444362e-09
7190.000000 2.434568e-09
7195.000000 2.443600e-09
7200.000000 2.453028e-09
7205.000000 2.483439e-09
7210.000000 2.530824e-09
7215.000000 2.554801e-09
7220.000000 2.550496e-09
7225.000000 2.534018e-09
7230.000000 2.497687e-09
7235.000000 2.460174e-09
7240.000000 2.446142e-09
7245.000000 2.453836e-09
7250.000000 2.461062e-09
7255.000000 2.472304e-09
7260.000000 2.473855e-09
7265.000000 2.459724e-09
7270.000000 2.450155e-09
7275.000000 2.438169e-09
7280.000000 2.454105e-09
7285.000000 2.456535e-09
7290.000000 2.431289e-09
7295.000000 2.432261e-09
7300.000000 2.427460e-09
7305.000000 2.412287e-09
7310.000000 2.410991e-09
7315.000000 2.424899e-09
7320.000000 2.437452e-09
7325.000000 2.441036e-09
7330.000000 2.431589e-09
7335.000000 2.433117e-09
7340.000000 2.439367e-09
7345.000000 2.443734e-09
7350.000000 2.447588e-09
7355.000000 2.438333e-09
7360.000000 2.427091e-09
7365.000000 2.411047e-09
7370.000000 2.392316e-09
7375.000000 2.388818e-09
7380.000000 2.392262e-09
7385.000000 2.378943e-09
7390.000000 2.367815e-09
7395.000000 2.364593e-09
7400.000000 2.349646e-09
7405.000000 2.336784e-09
7410.000000 2.325845e-09
7415.000000 2.325183e-09
7420.000000 2.336670e-09
7425.000000 2.373188e-09
7430.000000 2.377948e-09
7435.000000 2.372681e-09
7440.000000 2.368044e-09
7445.000000 2.366130e-09
7450.000000 2.368800e-09
7455.000000 2.371358e-09
7460.000000 2.369196e-09
7465.000000 2.363195e-09
7470.000000 2.360712e-09
7475.000000 2.363430e-09
7480.000000 2.370402e-09
7485.000000 2.373303e-09
7490.000000 2.362203e-09
7495.000000 2.344038e-09
7500.000000 2.324987e-09
7505.000000 2.314485e-09
7510.000000 2.312164e-09
7515.000000 2.318266e-09
7520.000000 2.318896e-09
7525.000000 2.305073e-09
7530.000000 2.285734e-09
7535.000000 2.279364e-09
7540.000000 2.286755e-09
7545.000000 2.305644e-09
7550.000000 2.329883e-09
7555.000000 2.341914e-09
7560.000000 2.336169e-09
7565.000000 2.317454e-09
7570.000000 2.297434e-09
7575.000000 2.287307e-09
7580.000000 2.291092e-09
7585.000000 2.303767e-09
7590.000000 2.315138e-09
7595.000000 2.317045e-09
7600.000000 2.308525e-09
7605.000000 2.296175e-09
7610.000000 2.289435e-09
7615.000000 2.293794e-09
7620.000000 2.306603e-09
7625.000000 2.319336e-09
7630.000000 2.324181e-09
7635.000000 2.319509e-09
7640.000000 2.309992e-09
7645.000000 2.301480e-09
7650.000000 2.295197e-09
7655.000000 2.287020e-09
7660.000000 2.272958e-09
7665.000000 2.254516e-09
7670.000000 2.238825e-09
7675.000000 2.232734e-09
7680.000000 2.235615e-09
7685.000000 2.238626e-09
7690.000000 2.232365e-09
7695.000000 2.215770e-09
7700.000000 2.198452e-09
7705.000000 2.193907e-09
7710.000000 2.208178e-09
7715.000000 2.233865e-09
7720.000000 2.255152e-09
7725.000000 2.258558e-09
7730.000000 2.241178e-09
7735.000000 2.210939e-09
7740.000000 2.179214e-09
7745.000000 2.162085e-09
7750.000000 2.137271e-09
7755.000000 2.130098e-09
7760.000000 2.137742e-09
7765.000000 2.154639e-09
7770.000000 2.170215e-09
7775.000000 2.183267e-09
7780.000000 2.184426e-09
7785.000000 2.175888e-09
7790.000000 2.163439e-09
7795.000000 2.158284e-09
7800.000000 2.167964e-09
7805.000000 2.186693e-09
7810.000000 2.201670e-09
7815.000000 2.196729e-09
7820.000000 2.175215e-09
7825.000000 2.148732e-09
7830.000000 2.127348e-09
7835.000000 2.119340e-09
7840.000000 2.121372e-09
7845.000000 2.127477e-09
7850.000000 2.130256e-09
7855.000000 2.127343e-09
7860.000000 2.128795e-09
7865.000000 2.127777e-09
7870.000000 2.122576e-09
7875.000000 2.116528e-09
7880.000000 2.113396e-09
7885.000000 2.105016e-09
7890.000000 2.101234e-09
7895.000000 2.093856e-09
7900.000000 2.089874e-09
7905.000000 2.081491e-09
7910.000000 2.069862e-09
7915.000000 2.055016e-09
7920.000000 2.049614e-09
7925.000000 2.053660e-09
7930.000000 2.062396e-09
7935.000000 2.070522e-09
7940.000000 2.076486e-09
7945.000000 2.074046e-09
7950.000000 2.069574e-09
7955.000000 2.064333e-09
7960.000000 2.065584e-09
7965.000000 2.071861e-09
7970.000000 2.073283e-09
7975.000000 2.071056e-09
7980.000000 2.057438e-09
7985.000000 2.039092e-09
7990.000000 2.017697e-09
7995.000000 2.001381e-09
8000.000000 1.996567e-09
8005.000000 2.004759e-09
8010.000000 2.010545e-09
8015.000000 2.013183e-09
8020.000000 2.012226e-09
8025.000000 2.008078e-09
8030.000000 2.007878e-09
8035.000000 2.011157e-09
8040.000000 2.018635e-09
8045.000000 2.021525e-09
8050.000000 2.004301e-09
8055.000000 2.004949e-09
8060.000000 1.998874e-09
8065.000000 1.993256e-09
8070.000000 1.994208e-09
8075.000000 1.993914e-09
8080.000000 1.984691e-09
8085.000000 1.982566e-09
8090.000000 1.980698e-09
8095.000000 1.978674e-09
8100.000000 1.976187e-09
8105.000000 1.973617e-09
8110.000000 1.971045e-09
8115.000000 1.968471e-09
8120.000000 1.965901e-09
8125.000000 1.963326e-09
8130.000000 1.960761e-09
8135.000000 1.958188e-09
8140.000000 1.955615e-09
8145.000000 1.953040e-09
8150.000000 1.950470e-09
8155.000000 1.947898e-09
8160.000000 1.945327e-09
8165.000000 1.942755e-09
8170.000000 1.940180e-09
8175.000000 1.937609e-09
8180.000000 1.935037e-09
8185.000000 1.932466e-09
8190.000000 1.929895e-09
8195.000000 1.927320e-09
8200.000000 1.924748e-09
8205.000000 1.922176e-09
8210.000000 1.919608e-09
8215.000000 1.917036e-09
8220.000000 1.914459e-09
8225.000000 1.911893e-09
8230.000000 1.909317e-09
8235.000000 1.906746e-09
8240.000000 1.904173e-09
8245.000000 1.901602e-09
8250.000000 1.899029e-09
8255.000000 1.896460e-09
8260.000000 1.893888e-09
8265.000000 1.891316e-09
8270.000000 1.888745e-09
8275.000000 1.886175e-09
8280.000000 1.883601e-09
8285.000000 1.881030e-09
8290.000000 1.878456e-09
8295.000000 1.875886e-09
8300.000000 1.873311e-09
8305.000000 1.870742e-09
8310.000000 1.868169e-09
8315.000000 1.865597e-09
8320.000000 1.863022e-09
8325.000000 1.860452e-09
8330.000000 1.857883e-09
8335.000000 1.855310e-09
8340.000000 1.852737e-09
8345.000000 1.850164e-09
8350.000000 1.847588e-09
8355.000000 1.845020e-09
8360.000000 1.842448e-09
8365.000000 1.839878e-09
8370.000000 1.837304e-09
8375.000000 1.834735e-09
8380.000000 1.832163e-09
8385.000000 1.829590e-09
8390.000000 1.827020e-09
8395.000000 1.824446e-09
8400.000000 1.821874e-09
8405.000000 1.821555e-09
8410.000000 1.832107e-09
8415.000000 1.830052e-09
8420.000000 1.831224e-09
8425.000000 1.833931e-09
8430.000000 1.827998e-09
8435.000000 1.812659e-09
8440.000000 1.812071e-09
8445.000000 1.809034e-09
8450.000000 1.809423e-09
8455.000000 1.806566e-09
8460.000000 1.812255e-09
8465.000000 1.797856e-09
8470.000000 1.787689e-09
8475.000000 1.791133e-09
8480.000000 1.795231e-09
8485.000000 1.792068e-09
8490.000000 1.772341e-09
8495.000000 1.727225e-09
8500.000000 1.700189e-09
8505.000000 1.728992e-09
8510.000000 1.753196e-09
8515.000000 1.751033e-09
8520.000000 1.761419e-09
8525.000000 1.755755e-09
8530.000000 1.753564e-09
8535.000000 1.699060e-09
8540.000000 1.602018e-09
8545.000000 1.570388e-09
8550.000000 1.660186e-09
8555.000000 1.715854e-09
8560.000000 1.730195e-09
8565.000000 1.732881e-09
8570.000000 1.730964e-09
8575.000000 1.729633e-09
8580.000000 1.722652e-09
8585.000000 1.718034e-09
8590.000000 1.714558e-09
8595.000000 1.708962e-09
8600.000000 1.706090e-09
8605.000000 1.705183e-09
8610.000000 1.716174e-09
8615.000000 1.718971e-09
8620.000000 1.723777e-09
8625.000000 1.719774e-09
8630.000000 1.711481e-09
8635.000000 1.702933e-09
8640.000000 1.709445e-09
8645.000000 1.704795e-09
8650.000000 1.694212e-09
8655.000000 1.668249e-09
8660.000000 1.594777e-09
8665.000000 1.561187e-09
8670.000000 1.629388e-09
8675.000000 1.676669e-09
8680.000000 1.695121e-09
8685.000000 1.692432e-09
8690.000000 1.691943e-09
8695.000000 1.695404e-09
8700.000000 1.700324e-09
8705.000000 1.698972e-09
8710.000000 1.699273e-09
8715.000000 1.701214e-09
8720.000000 1.699607e-09
8725.000000 1.696190e-09
8730.000000 1.693651e-09
8735.000000 1.686993e-09
8740.000000 1.681180e-09
8745.000000 1.667855e-09
8750.000000 1.657920e-09
8755.000000 1.660485e-09
8760.000000 1.677318e-09
8765.000000 1.677580e-09
8770.000000 1.681210e-09
8775.000000 1.670506e-09
8780.000000 1.668916e-09
8785.000000 1.668292e-09
8790.000000 1.668992e-09
8795.000000 1.665105e-09
8800.000000 1.657733e-09
8805.000000 1.645056e-09
8810.000000 1.642439e-09
8815.000000 1.654834e-09
8820.000000 1.667701e-09
8825.000000 1.664410e-09
8830.000000 1.649874e-09
8835.000000 1.641821e-09
8840.000000 1.637835e-09
8845.000000 1.642788e-09
8850.000000 1.632255e-09
8855.000000 1.620168e-09
8860.000000 1.610497e-09
8865.000000 1.602899e-09
8870.000000 1.617654e-09
8875.000000 1.631924e-09
8880.000000 1.654779e-09
8885.000000 1.654906e-09
8890.000000 1.639373e-09
8895.000000 1.643703e-09
8900.000000 1.651081e-09
8905.000000 1.643782e-09
8910.000000 1.641570e-09
8915.000000 1.645471e-09
8920.000000 1.631215e-09
8925.000000 1.607663e-09
8930.000000 1.601594e-09
8935.000000 1.590079e-09
8940.000000 1.578724e-09
8945.000000 1.570165e-09
8950.000000 1.564167e-09
8955.000000 1.559981e-09
8960.000000 1.556803e-09
8965.000000 1.553875e-09
8970.000000 1.550537e-09
8975.000000 1.546155e-09
8980.000000 1.540190e-09
8985.000000 1.532872e-09
8990.000000 1.526460e-09
8995.000000 1.523983e-09
9000.000000 1.528415e-09
9005.000000 1.541338e-09
9010.000000 1.560700e-09
9015.000000 1.583059e-09
9020.000000 1.604893e-09
9025.000000 1.623083e-09
9030.000000 1.635688e-09
9035.000000 1.641170e-09
9040.000000 1.638166e-09
9045.000000 1.626375e-09
9050.000000 1.608279e-09
9055.000000 1.587426e-09
9060.000000 1.567411e-09
9065.000000 1.551151e-09
9070.000000 1.539823e-09
9075.000000 1.533920e-09
9080.000000 1.533802e-09
9085.000000 1.539035e-09
9090.000000 1.547144e-09
9095.000000 1.554873e-09
9100.000000 1.558988e-09
9105.000000 1.557264e-09
9110.000000 1.550100e-09
9115.000000 1.538911e-09
9120.000000 1.525211e-09
9125.000000 1.510548e-09
9130.000000 1.496573e-09
9135.000000 1.484968e-09
9140.000000 1.477353e-09
9145.000000 1.474698e-09
9150.000000 1.476295e-09
9155.000000 1.480772e-09
9160.000000 1.486732e-09
9165.000000 1.493065e-09
9170.000000 1.499407e-09
9175.000000 1.505684e-09
9180.000000 1.511864e-09
9185.000000 1.517985e-09
9190.000000 1.524307e-09
9195.000000 1.531175e-09
9200.000000 1.538902e-09
9205.000000 1.547478e-09
9210.000000 1.556050e-09
9215.000000 1.563443e-09
9220.000000 1.568481e-09
9225.000000 1.570369e-09
9230.000000 1.569304e-09
9235.000000 1.565842e-09
9240.000000 1.560619e-09
9245.000000 1.554407e-09
9250.000000 1.548403e-09
9255.000000 1.543950e-09
9260.000000 1.542306e-09
9265.000000 1.543502e-09
9270.000000 1.544442e-09
9275.000000 1.540813e-09
9280.000000 1.528364e-09
9285.000000 1.504445e-09
9290.000000 1.470649e-09
9295.000000 1.430185e-09
9300.000000 1.386454e-09
9305.000000 1.343182e-09
9310.000000 1.304927e-09
9315.000000 1.276559e-09
9320.000000 1.262763e-09
9325.000000 1.265984e-09
9330.000000 1.282856e-09
9335.000000 1.307773e-09
9340.000000 1.335074e-09
9345.000000 1.360740e-09
9350.000000 1.384989e-09
9355.000000 1.409686e-09
9360.000000 1.436764e-09
9365.000000 1.467164e-09
9370.000000 1.499275e-09
9375.000000 1.530493e-09
9380.000000 1.558122e-09
9385.000000 1.579345e-09
9390.000000 1.591088e-09
9395.000000 1.590176e-09
9400.000000 1.573663e-09
9405.000000 1.541112e-09
9410.000000 1.498542e-09
9415.000000 1.454488e-09
9420.000000 1.417470e-09
9425.000000 1.393513e-09
9430.000000 1.382149e-09
9435.000000 1.380401e-09
9440.000000 1.385072e-09
9445.000000 1.393111e-09
9450.000000 1.401890e-09
9455.000000 1.408941e-09
9460.000000 1.411914e-09
9465.000000 1.409490e-09
9470.000000 1.403030e-09
9475.000000 1.394925e-09
9480.000000 1.387599e-09
9485.000000 1.382749e-09
9490.000000 1.380174e-09
9495.000000 1.378950e-09
9500.000000 1.378110e-09
9505.000000 1.377071e-09
9510.000000 1.376191e-09
9515.000000 1.376207e-09
9520.000000 1.377849e-09
9525.000000 1.381420e-09
9530.000000 1.386094e-09
9535.000000 1.390633e-09
9540.000000 1.393784e-09
9545.000000 1.394743e-09
9550.000000 1.393837e-09
9555.000000 1.391833e-09
9560.000000 1.389513e-09
9565.000000 1.387213e-09
9570.000000 1.384201e-09
9575.000000 1.379317e-09
9580.000000 1.371444e-09
9585.000000 1.360294e-09
9590.000000 1.347721e-09
9595.000000 1.336417e-09
9600.000000 1.329023e-09
9605.000000 1.326957e-09
9610.000000 1.328442e-09
9615.000000 1.330476e-09
9620.000000 1.330087e-09
9625.000000 1.325849e-09
9630.000000 1.320373e-09
9635.000000 1.317826e-09
9640.000000 1.322322e-09
9645.000000 1.335957e-09
9650.000000 1.355600e-09
9655.000000 1.376096e-09
9660.000000 1.392267e-09
9665.000000 1.400609e-09
9670.000000 1.401982e-09
9675.000000 1.398932e-09
9680.000000 1.394091e-09
9685.000000 1.389317e-09
9690.000000 1.384478e-09
9695.000000 1.378661e-09
9700.000000 1.370958e-09
9705.000000 1.361062e-09
9710.000000 1.350318e-09
9715.000000 1.340691e-09
9720.000000 1.334123e-09
9725.000000 1.331701e-09
9730.000000 1.332299e-09
9735.000000 1.333928e-09
9740.000000 1.334592e-09
9745.000000 1.332952e-09
9750.000000 1.329404e-09
9755.000000 1.325003e-09
9760.000000 1.320843e-09
9765.000000 1.317640e-09
9770.000000 1.315115e-09
9775.000000 1.312621e-09
9780.000000 1.309505e-09
9785.000000 1.305425e-09
9790.000000 1.300857e-09
9795.000000 1.296593e-09
9800.000000 1.293430e-09
9805.000000 1.291917e-09
9810.000000 1.291967e-09
9815.000000 1.293234e-09
9820.000000 1.295345e-09
9825.000000 1.297826e-09
9830.000000 1.299935e-09
9835.000000 1.300831e-09
9840.000000 1.299714e-09
9845.000000 1.296291e-09
9850.000000 1.291583e-09
9855.000000 1.287132e-09
9860.000000 1.284446e-09
9865.000000 1.284403e-09
9870.000000 1.286175e-09
9875.000000 1.288300e-09
9880.000000 1.289281e-09
9885.000000 1.288059e-09
9890.000000 1.284726e-09
9895.000000 1.279787e-09
9900.000000 1.273810e-09
9905.000000 1.267428e-09
9910.000000 1.261449e-09
9915.000000 1.256743e-09
9920.000000 1.254143e-09
9925.000000 1.254079e-09
9930.000000 1.255878e-09
9935.000000 1.258471e-09
9940.000000 1.260759e-09
9945.000000 1.261917e-09
9950.000000 1.261817e-09
9955.000000 1.260589e-09
9960.000000 1.258396e-09
9965.000000 1.255445e-09
9970.000000 1.252063e-09
9975.000000 1.248607e-09
9980.000000 1.245454e-09
9985.000000 1.242940e-09
9990.000000 1.241333e-09
9995.000000 1.240885e-09
10000.000000 1.241799e-09
10005.000000 1.243895e-09
10010.000000 1.245990e-09
10015.000000 1.246528e-09
10020.000000 1.243978e-09
10025.000000 1.237609e-09
10030.000000 1.228712e-09
10035.000000 1.219374e-09
10040.000000 1.211687e-09
10045.000000 1.207169e-09
10050.000000 1.205786e-09
10055.000000 1.206920e-09
10060.000000 1.209878e-09
10065.000000 1.213886e-09
10070.000000 1.217939e-09
10075.000000 1.220931e-09
10080.000000 1.221805e-09
10085.000000 1.219919e-09
10090.000000 1.215749e-09
10095.000000 1.210198e-09
10100.000000 1.204194e-09
10105.000000 1.198581e-09
10110.000000 1.193936e-09
10115.000000 1.190736e-09
10120.000000 1.189427e-09
10125.000000 1.190209e-09
10130.000000 1.192618e-09
10135.000000 1.195939e-09
10140.000000 1.199448e-09
10145.000000 1.202498e-09
10150.000000 1.204640e-09
10155.000000 1.205512e-09
10160.000000 1.204769e-09
10165.000000 1.202188e-09
10170.000000 1.197854e-09
10175.000000 1.191969e-09
10180.000000 1.184794e-09
10185.000000 1.176871e-09
10190.000000 1.169525e-09
10195.000000 1.164393e-09
10200.000000 1.163036e-09
10205.000000 1.166108e-09
10210.000000 1.171900e-09
10215.000000 1.177779e-09
10220.000000 1.181125e-09
10225.000000 1.180299e-09
10230.000000 1.176219e-09
10235.000000 1.170768e-09
10240.000000 1.165889e-09
10245.000000 1.162994e-09
10250.000000 1.162109e-09
10255.000000 1.162743e-09
10260.000000 1.164351e-09
10265.000000 1.166318e-09
10270.000000 1.167898e-09
10275.000000 1.168292e-09
10280.000000 1.166741e-09
10285.000000 1.163003e-09
10290.000000 1.158160e-09
10295.000000 1.153804e-09
10300.000000 1.151510e-09
10305.000000 1.152094e-09
10310.000000 1.154423e-09
10315.000000 1.156618e-09
10320.000000 1.156797e-09
10325.000000 1.153830e-09
10330.000000 1.148548e-09
10335.000000 1.142544e-09
10340.000000 1.137414e-09
10345.000000 1.134181e-09
10350.000000 1.132357e-09
10355.000000 1.130871e-09
10360.000000 1.128656e-09
10365.000000 1.125248e-09
10370.000000 1.121739e-09
10375.000000 1.119828e-09
10380.000000 1.121164e-09
10385.000000 1.126342e-09
10390.000000 1.133197e-09
10395.000000 1.138512e-09
10400.000000 1.139122e-09
10405.000000 1.133367e-09
10410.000000 1.123571e-09
10415.000000 1.113581e-09
10420.000000 1.107228e-09
10425.000000 1.106809e-09
10430.000000 1.110578e-09
10435.000000 1.115249e-09
10440.000000 1.117504e-09
10445.000000 1.115297e-09
10450.000000 1.109904e-09
10455.000000 1.103870e-09
10460.000000 1.099776e-09
10465.000000 1.099195e-09
10470.000000 1.101110e-09
10475.000000 1.103518e-09
10480.000000 1.104398e-09
10485.000000 1.102668e-09
10490.000000 1.099640e-09
10495.000000 1.097575e-09
10500.000000 1.098712e-09
10505.000000 1.104270e-09
10510.000000 1.112833e-09
10515.000000 1.121955e-09
10520.000000 1.129169e-09
10525.000000 1.132674e-09
10530.000000 1.132429e-09
10535.000000 1.129073e-09
10540.000000 1.123314e-09
10545.000000 1.115896e-09
10550.000000 1.107642e-09
10555.000000 1.099427e-09
10560.000000 1.092084e-09
10565.000000 1.086152e-09
10570.000000 1.081398e-09
10575.000000 1.077296e-09
10580.000000 1.073306e-09
10585.000000 1.069140e-09
10590.000000 1.065157e-09
10595.000000 1.061971e-09
10600.000000 1.060194e-09
10605.000000 1.060194e-09
10610.000000 1.061727e-09
10615.000000 1.064288e-09
10620.000000 8.000680e-10
