1150.000000 1.821402e-10
1155.000000 1.753664e-10
1160.000000 8.769918e-11
1165.000000 1.174856e-11
1170.000000 8.725184e-12
1175.000000 2.463393e-11
1180.000000 1.439470e-11
1185.000000 1.783074e-12
1190.000000 0.000000e+00
1195.000000 2.896602e-13
1200.000000 9.101324e-12
1205.000000 6.066231e-11
1210.000000 1.251087e-10
1215.000000 1.513109e-10
1220.000000 1.117928e-10
1225.000000 5.151955e-11
1230.000000 3.746502e-11
1235.000000 3.706591e-11
1240.000000 2.126087e-11
1245.000000 6.462829e-12
1250.000000 1.461315e-11
1255.000000 1.166777e-11
1260.000000 7.757902e-12
1265.000000 2.055055e-12
1270.000000 5.849383e-12
1275.000000 6.412446e-12
1280.000000 9.300536e-13
1285.000000 0.000000e+00
1290.000000 0.000000e+00
1295.000000 0.000000e+00
1300.000000 4.909194e-13
1305.000000 2.934234e-12
1310.000000 4.871725e-13
1315.000000 0.000000e+00
1320.000000 0.000000e+00
1325.000000 0.000000e+00
1330.000000 0.000000e+00
1335.000000 1.492211e-13
1340.000000 1.249220e-12
1345.000000 2.283552e-12
1350.000000 9.714925e-13
1355.000000 4.712653e-12
1360.000000 6.739112e-12
1365.000000 1.017384e-12
1370.000000 6.199879e-13
1375.000000 4.822098e-12
1380.000000 7.285417e-12
1385.000000 1.107640e-12
1390.000000 0.000000e+00
1395.000000 0.000000e+00
1400.000000 6.364181e-13
1405.000000 3.804919e-12
1410.000000 6.319039e-13
1415.000000 7.815753e-13
1420.000000 6.297972e-12
1425.000000 1.264703e-11
1430.000000 1.557545e-11
1435.000000 1.026819e-11
1440.000000 1.394485e-11
1445.000000 2.039446e-11
1450.000000 1.633807e-11
1455.000000 1.037508e-11
1460.000000 6.027701e-12
1465.000000 1.717428e-12
1470.000000 4.676639e-12
1475.000000 1.050156e-11
1480.000000 1.099752e-11
1485.000000 7.274123e-12
1490.000000 1.346484e-11
1495.000000 3.088799e-11
1500.000000 3.163251e-11
1505.000000 3.010786e-11
1510.000000 2.499491e-11
1515.000000 1.451471e-11
1520.000000 1.220401e-11
1525.000000 1.026091e-11
1530.000000 1.529811e-11
1535.000000 2.426985e-11
1540.000000 3.149152e-11
1545.000000 5.371776e-11
1550.000000 6.280252e-11
1555.000000 5.088329e-11
1560.000000 5.170942e-11
1565.000000 6.353830e-11
1570.000000 7.500889e-11
1575.000000 9.240106e-11
1580.000000 1.083913e-10
1585.000000 9.351741e-11
1590.000000 8.219639e-11
1595.000000 1.036312e-10
1600.000000 1.228521e-10
1605.000000 1.266287e-10
1610.000000 1.217294e-10
1615.000000 1.281639e-10
1620.000000 1.287978e-10
1625.000000 1.283486e-10
1630.000000 1.420045e-10
1635.000000 1.546160e-10
1640.000000 1.820878e-10
1645.000000 2.100291e-10
1650.000000 2.152290e-10
1655.000000 1.803012e-10
1660.000000 2.026993e-10
1665.000000 2.402601e-10
1670.000000 2.109355e-10
1675.000000 2.289900e-10
1680.000000 2.819307e-10
1685.000000 3.013230e-10
1690.000000 3.237823e-10
1695.000000 3.614595e-10
1700.000000 4.373203e-10
1705.000000 5.421445e-10
1710.000000 6.524579e-10
1715.000000 7.292571e-10
1720.000000 7.395491e-10
1725.000000 7.266039e-10
1730.000000 8.277509e-10
1735.000000 8.609572e-10
1740.000000 8.648611e-10
1745.000000 9.032272e-10
1750.000000 1.005330e-09
1755.000000 1.092597e-09
1760.000000 1.035027e-09
1765.000000 9.616933e-10
1770.000000 1.042384e-09
1775.000000 1.181126e-09
1780.000000 1.237749e-09
1785.000000 1.154437e-09
1790.000000 1.162168e-09
1795.000000 1.376237e-09
1800.000000 1.411342e-09
1805.000000 1.305708e-09
1810.000000 1.247243e-09
1815.000000 1.328518e-09
1820.000000 1.365085e-09
1825.000000 1.348241e-09
1830.000000 1.261720e-09
1835.000000 1.196136e-09
1840.000000 1.111834e-09
1845.000000 1.054205e-09
1850.000000 1.034826e-09
1855.000000 1.040484e-09
1860.000000 1.076177e-09
1865.000000 1.138234e-09
1870.000000 1.228033e-09
1875.000000 1.256260e-09
1880.000000 1.297861e-09
1885.000000 1.345979e-09
1890.000000 1.333575e-09
1895.000000 1.286738e-09
1900.000000 1.214119e-09
1905.000000 1.206596e-09
1910.000000 1.232391e-09
1915.000000 1.296582e-09
1920.000000 1.324440e-09
1925.000000 1.225346e-09
1930.000000 1.088841e-09
1935.000000 1.108991e-09
1940.000000 1.312044e-09
1945.000000 1.469804e-09
1950.000000 1.515634e-09
1955.000000 1.520255e-09
1960.000000 1.467765e-09
1965.000000 1.419585e-09
1970.000000 1.471256e-09
1975.000000 1.577681e-09
1980.000000 1.599177e-09
1985.000000 1.564992e-09
1990.000000 1.432361e-09
1995.000000 1.311679e-09
2000.000000 1.320207e-09
2005.000000 1.388503e-09
2010.000000 1.381743e-09
2015.000000 1.386124e-09
2020.000000 1.335808e-09
2025.000000 1.296547e-09
2030.000000 1.270530e-09
2035.000000 1.310457e-09
2040.000000 1.327294e-09
2045.000000 1.399979e-09
2050.000000 1.579669e-09
2055.000000 1.703464e-09
2060.000000 1.582249e-09
2065.000000 1.429715e-09
2070.000000 1.408626e-09
2075.000000 1.491125e-09
2080.000000 1.612626e-09
2085.000000 1.736716e-09
2090.000000 1.775364e-09
2095.000000 1.723611e-09
2100.000000 1.644155e-09
2105.000000 1.573344e-09
2110.000000 1.477007e-09
2115.000000 1.393668e-09
2120.000000 1.445355e-09
2125.000000 1.530683e-09
2130.000000 1.478579e-09
2135.000000 1.295500e-09
2140.000000 1.192855e-09
2145.000000 1.301479e-09
2150.000000 1.370547e-09
2155.000000 1.430413e-09
2160.000000 1.404872e-09
2165.000000 1.284840e-09
2170.000000 1.229487e-09
2175.000000 1.223805e-09
2180.000000 1.243509e-09
2185.000000 1.313189e-09
2190.000000 1.372621e-09
2195.000000 1.430353e-09
2200.000000 1.468347e-09
2205.000000 1.471210e-09
2210.000000 1.384952e-09
2215.000000 1.265623e-09
2220.000000 1.194699e-09
2225.000000 1.227052e-09
2230.000000 1.284550e-09
2235.000000 1.326572e-09
2240.000000 1.325496e-09
2245.000000 1.228071e-09
2250.000000 1.203818e-09
2255.000000 1.237737e-09
2260.000000 1.221317e-09
2265.000000 1.177992e-09
2270.000000 1.161844e-09
2275.000000 1.210142e-09
2280.000000 1.262545e-09
2285.000000 1.297555e-09
2290.000000 1.329788e-09
2295.000000 1.285157e-09
2300.000000 1.204498e-09
2305.000000 1.212440e-09
2310.000000 1.250971e-09
2315.000000 1.234388e-09
2320.000000 1.202031e-09
2325.000000 1.241247e-09
2330.000000 1.230044e-09
2335.000000 1.111637e-09
2340.000000 9.954673e-10
2345.000000 9.616417e-10
2350.000000 9.250143e-10
2355.000000 9.328120e-10
2360.000000 9.957467e-10
2365.000000 9.643982e-10
2370.000000 9.807589e-10
2375.000000 1.074402e-09
2380.000000 1.035701e-09
2385.000000 9.053822e-10
2390.000000 8.283006e-10
2395.000000 8.590740e-10
2400.000000 8.628771e-10
2405.000000 7.917900e-10
2410.000000 7.489499e-10
2415.000000 7.935180e-10
2420.000000 9.616088e-10
2425.000000 1.129606e-09
2430.000000 1.183003e-09
2435.000000 1.165524e-09
2440.000000 1.169821e-09
2445.000000 1.246911e-09
2450.000000 1.258324e-09
2455.000000 1.263390e-09
2460.000000 1.276992e-09
2465.000000 1.218899e-09
2470.000000 1.120877e-09
2475.000000 1.111210e-09
2480.000000 1.114083e-09
2485.000000 1.100350e-09
2490.000000 1.050048e-09
2495.000000 1.094619e-09
2500.000000 1.259553e-09
2505.000000 1.317902e-09
2510.000000 1.278585e-09
2515.000000 1.199027e-09
2520.000000 1.092685e-09
2525.000000 9.957873e-10
2530.000000 9.567694e-10
2535.000000 9.648901e-10
2540.000000 9.696820e-10
2545.000000 9.960240e-10
2550.000000 1.051970e-09
2555.000000 1.115050e-09
2560.000000 1.175265e-09
2565.000000 1.268354e-09
2570.000000 1.370874e-09
2575.000000 1.329377e-09
2580.000000 1.141481e-09
2585.000000 1.119543e-09
2590.000000 1.261290e-09
2595.000000 1.333698e-09
2600.000000 1.245459e-09
2605.000000 1.168074e-09
2610.000000 1.122522e-09
2615.000000 1.098003e-09
2620.000000 1.226917e-09
2625.000000 1.308965e-09
2630.000000 1.309996e-09
2635.000000 1.372757e-09
2640.000000 1.573719e-09
2645.000000 1.823653e-09
2650.000000 1.948591e-09
2655.000000 1.908378e-09
2660.000000 1.814918e-09
2665.000000 1.679790e-09
2670.000000 1.599319e-09
2675.000000 1.619585e-09
2680.000000 1.655394e-09
2685.000000 1.638694e-09
2690.000000 1.582054e-09
2695.000000 1.513855e-09
2700.000000 1.528736e-09
2705.000000 1.586561e-09
2710.000000 1.580408e-09
2715.000000 1.528041e-09
2720.000000 1.502286e-09
2725.000000 1.511477e-09
2730.000000 1.554729e-09
2735.000000 1.591662e-09
2740.000000 1.487942e-09
2745.000000 1.294421e-09
2750.000000 1.193974e-09
2755.000000 1.189743e-09
2760.000000 1.291355e-09
2765.000000 1.405717e-09
2770.000000 1.432772e-09
2775.000000 1.517494e-09
2780.000000 1.534301e-09
2785.000000 1.414889e-09
2790.000000 1.247735e-09
2795.000000 9.738101e-10
2800.000000 7.164428e-10
2805.000000 7.652829e-10
2810.000000 1.095629e-09
2815.000000 1.492159e-09
2820.000000 1.781718e-09
2825.000000 1.861789e-09
2830.000000 1.835185e-09
2835.000000 1.792138e-09
2840.000000 1.713521e-09
2845.000000 1.624413e-09
2850.000000 1.588626e-09
2855.000000 1.527939e-09
2860.000000 1.584594e-09
2865.000000 1.705646e-09
2870.000000 1.720450e-09
2875.000000 1.669551e-09
2880.000000 1.686107e-09
2885.000000 1.758987e-09
2890.000000 1.764068e-09
2895.000000 1.731629e-09
2900.000000 1.811632e-09
2905.000000 1.956684e-09
2910.000000 2.065545e-09
2915.000000 2.080020e-09
2920.000000 2.040894e-09
2925.000000 1.941385e-09
2930.000000 1.859852e-09
2935.000000 1.873997e-09
2940.000000 1.920224e-09
2945.000000 1.953198e-09
2950.000000 1.954217e-09
2955.000000 2.024200e-09
2960.000000 2.088887e-09
2965.000000 2.051282e-09
2970.000000 2.005501e-09
2975.000000 2.030806e-09
2980.000000 2.111077e-09
2985.000000 2.075002e-09
2990.000000 2.066616e-09
2995.000000 2.140297e-09
3000.000000 2.123324e-09
3005.000000 2.047951e-09
3010.000000 2.109261e-09
3015.000000 2.141193e-09
3020.000000 2.098833e-09
3025.000000 2.067059e-09
3030.000000 2.105193e-09
3035.000000 2.106735e-09
3040.000000 2.103638e-09
3045.000000 2.103244e-09
3050.000000 2.079117e-09
3055.000000 2.057102e-09
3060.000000 1.993750e-09
3065.000000 1.967467e-09
3070.000000 2.064644e-09
3075.000000 2.170741e-09
3080.000000 2.238938e-09
3085.000000 2.252243e-09
3090.000000 2.236434e-09
3095.000000 2.184733e-09
3100.000000 2.148254e-09
3105.000000 2.195713e-09
3110.000000 2.245486e-09
3115.000000 2.239970e-09
3120.000000 2.136795e-09
3125.000000 2.123814e-09
3130.000000 2.164543e-09
3135.000000 2.201697e-09
3140.000000 2.286884e-09
3145.000000 2.298300e-09
3150.000000 2.319337e-09
3155.000000 2.359298e-09
3160.000000 2.211617e-09
3165.000000 2.151096e-09
3170.000000 2.296569e-09
3175.000000 2.392271e-09
3180.000000 2.324000e-09
3185.000000 2.292019e-09
3190.000000 2.340198e-09
3195.000000 2.297241e-09
3200.000000 2.269434e-09
3205.000000 2.269097e-09
3210.000000 2.272515e-09
3215.000000 2.275970e-09
3220.000000 2.279460e-09
3225.000000 2.283006e-09
3230.000000 2.286620e-09
3235.000000 2.290311e-09
3240.000000 2.294087e-09
3245.000000 2.297970e-09
3250.000000 2.301960e-09
3255.000000 2.306073e-09
3260.000000 2.310281e-09
3265.000000 2.314574e-09
3270.000000 2.318944e-09
3275.000000 2.323355e-09
3280.000000 2.327792e-09
3285.000000 2.332234e-09
3290.000000 2.336674e-09
3295.000000 2.341079e-09
3300.000000 2.345440e-09
3305.000000 2.349715e-09
3310.000000 2.353857e-09
3315.000000 2.357808e-09
3320.000000 2.361490e-09
3325.000000 2.364837e-09
3330.000000 2.367791e-09
3335.000000 2.370290e-09
3340.000000 2.372257e-09
3345.000000 2.373640e-09
3350.000000 2.374359e-09
3355.000000 2.374396e-09
3360.000000 2.373806e-09
3365.000000 2.372661e-09
3370.000000 2.371046e-09
3375.000000 2.369056e-09
3380.000000 2.366765e-09
3385.000000 2.364257e-09
3390.000000 2.361630e-09
3395.000000 2.358962e-09
3400.000000 2.356334e-09
3405.000000 2.353820e-09
3410.000000 2.351438e-09
3415.000000 2.349201e-09
3420.000000 2.347118e-09
3425.000000 2.345193e-09
3430.000000 2.343437e-09
3435.000000 2.341852e-09
3440.000000 2.340450e-09
3445.000000 2.339236e-09
3450.000000 2.338224e-09
3455.000000 2.337441e-09
3460.000000 2.336961e-09
3465.000000 2.336891e-09
3470.000000 2.337335e-09
3475.000000 2.338394e-09
3480.000000 2.340162e-09
3485.000000 2.342757e-09
3490.000000 2.346274e-09
3495.000000 2.350812e-09
3500.000000 2.356467e-09
3505.000000 2.390260e-09
3510.000000 2.557489e-09
3515.000000 2.571975e-09
3520.000000 2.529719e-09
3525.000000 2.477499e-09
3530.000000 2.452050e-09
3535.000000 2.402103e-09
3540.000000 2.423179e-09
3545.000000 2.416790e-09
3550.000000 2.440201e-09
3555.000000 2.553553e-09
3560.000000 2.517286e-09
3565.000000 2.398912e-09
3570.000000 2.305798e-09
3575.000000 2.316148e-09
3580.000000 2.307707e-09
3585.000000 2.240097e-09
3590.000000 2.195337e-09
3595.000000 2.231191e-09
3600.000000 2.277328e-09
3605.000000 2.274981e-09
3610.000000 2.272376e-09
3615.000000 2.317558e-09
3620.000000 2.348776e-09
3625.000000 2.326729e-09
3630.000000 2.296765e-09
3635.000000 2.323313e-09
3640.000000 2.400211e-09
3645.000000 2.428283e-09
3650.000000 2.462982e-09
3655.000000 2.669117e-09
3660.000000 2.721470e-09
3665.000000 2.726253e-09
3670.000000 2.692127e-09
3675.000000 2.534960e-09
3680.000000 2.440887e-09
3685.000000 2.420183e-09
3690.000000 2.453429e-09
3695.000000 2.505337e-09
3700.000000 2.519360e-09
3705.000000 2.512769e-09
3710.000000 2.653176e-09
3715.000000 2.805504e-09
3720.000000 2.782903e-09
3725.000000 2.853423e-09
3730.000000 2.806373e-09
3735.000000 2.727101e-09
3740.000000 2.966690e-09
3745.000000 2.953574e-09
3750.000000 2.934316e-09
3755.000000 3.297035e-09
3760.000000 3.437721e-09
3765.000000 3.304434e-09
3770.000000 3.197822e-09
3775.000000 3.652474e-09
3780.000000 4.214459e-09
3785.000000 4.224120e-09
3790.000000 3.749889e-09
3795.000000 3.237403e-09
3800.000000 3.414992e-09
3805.000000 4.125342e-09
3810.000000 4.633273e-09
3815.000000 4.750457e-09
3820.000000 4.605886e-09
3825.000000 4.122103e-09
3830.000000 3.496658e-09
3835.000000 3.180731e-09
3840.000000 3.710813e-09
3845.000000 4.553983e-09
3850.000000 5.099683e-09
3855.000000 5.293777e-09
3860.000000 5.427145e-09
3865.000000 5.556637e-09
3870.000000 5.409444e-09
3875.000000 4.920399e-09
3880.000000 4.258719e-09
3885.000000 3.513088e-09
3890.000000 3.345970e-09
3895.000000 3.956607e-09
3900.000000 4.686973e-09
3905.000000 5.241583e-09
3910.000000 5.601946e-09
3915.000000 5.615564e-09
3920.000000 5.542693e-09
3925.000000 5.114033e-09
3930.000000 4.228762e-09
3935.000000 4.061347e-09
3940.000000 4.888079e-09
3945.000000 5.312575e-09
3950.000000 5.269669e-09
3955.000000 4.993740e-09
3960.000000 4.326291e-09
3965.000000 3.374600e-09
3970.000000 2.992354e-09
3975.000000 3.660302e-09
3980.000000 4.563668e-09
3985.000000 5.220399e-09
3990.000000 5.648662e-09
3995.000000 5.866788e-09
4000.000000 5.957484e-09
4005.000000 6.065882e-09
4010.000000 6.237507e-09
4015.000000 6.393666e-09
4020.000000 6.498194e-09
4025.000000 6.421892e-09
4030.000000 6.425457e-09
4035.000000 6.453111e-09
4040.000000 6.504457e-09
4045.000000 6.396816e-09
4050.000000 6.352834e-09
4055.000000 6.183237e-09
4060.000000 6.029095e-09
4065.000000 5.957985e-09
4070.000000 5.913743e-09
4075.000000 5.743385e-09
4080.000000 5.511515e-09
4085.000000 5.277574e-09
4090.000000 4.871090e-09
4095.000000 4.200528e-09
4100.000000 3.564587e-09
4105.000000 3.754394e-09
4110.000000 4.560535e-09
4115.000000 5.255214e-09
4120.000000 5.606912e-09
4125.000000 5.805779e-09
4130.000000 5.915253e-09
4135.000000 6.154265e-09
4140.000000 6.263763e-09
4145.000000 6.275996e-09
4150.000000 6.228835e-09
4155.000000 6.197841e-09
4160.000000 6.275941e-09
4165.000000 6.292847e-09
4170.000000 6.181140e-09
4175.000000 6.026862e-09
4180.000000 6.005502e-09
4185.000000 6.070617e-09
4190.000000 6.155060e-09
4195.000000 6.057121e-09
4200.000000 5.989234e-09
4205.000000 6.101966e-09
4210.000000 6.204087e-09
4215.000000 6.178557e-09
4220.000000 6.061938e-09
4225.000000 5.967490e-09
4230.000000 5.982883e-09
4235.000000 5.957916e-09
4240.000000 6.054866e-09
4245.000000 6.043110e-09
4250.000000 6.014443e-09
4255.000000 6.044471e-09
4260.000000 6.085135e-09
4265.000000 6.132603e-09
4270.000000 6.043839e-09
4275.000000 6.051051e-09
4280.000000 6.131688e-09
4285.000000 5.927933e-09
4290.000000 5.683767e-09
4295.000000 5.541769e-09
4300.000000 5.353202e-09
4305.000000 5.276884e-09
4310.000000 5.238330e-09
4315.000000 5.193929e-09
4320.000000 5.122730e-09
4325.000000 4.887509e-09
4330.000000 4.521119e-09
4335.000000 3.885257e-09
4340.000000 3.348295e-09
4345.000000 3.644060e-09
4350.000000 4.325499e-09
4355.000000 4.877397e-09
4360.000000 5.311362e-09
4365.000000 5.524849e-09
4370.000000 5.543221e-09
4375.000000 5.593631e-09
4380.000000 5.638341e-09
4385.000000 5.614549e-09
4390.000000 5.655171e-09
4395.000000 5.627836e-09
4400.000000 5.578593e-09
4405.000000 5.593801e-09
4410.000000 5.571743e-09
4415.000000 5.470493e-09
4420.000000 5.468872e-09
4425.000000 5.520938e-09
4430.000000 5.517633e-09
4435.000000 5.498055e-09
4440.000000 5.494925e-09
4445.000000 5.441045e-09
4450.000000 5.432268e-09
4455.000000 5.347739e-09
4460.000000 5.336747e-09
4465.000000 5.363666e-09
4470.000000 5.386092e-09
4475.000000 5.454092e-09
4480.000000 5.397696e-09
4485.000000 5.399698e-09
4490.000000 5.400164e-09
4495.000000 5.434080e-09
4500.000000 5.509611e-09
4505.000000 5.585922e-09
4510.000000 5.584390e-09
4515.000000 5.488870e-09
4520.000000 5.343920e-09
4525.000000 5.233915e-09
4530.000000 5.185158e-09
4535.000000 5.283009e-09
4540.000000 5.360703e-09
4545.000000 5.299821e-09
4550.000000 5.186905e-09
4555.000000 5.200591e-09
4560.000000 5.260129e-09
4565.000000 5.291140e-09
4570.000000 5.280029e-09
4575.000000 5.248157e-09
4580.000000 5.174553e-09
4585.000000 5.152391e-09
4590.000000 5.182513e-09
4595.000000 5.226861e-09
4600.000000 5.252239e-09
4605.000000 5.276215e-09
4610.000000 5.298498e-09
4615.000000 5.301286e-09
4620.000000 5.278859e-09
4625.000000 5.254994e-09
4630.000000 5.151242e-09
4635.000000 5.123092e-09
4640.000000 5.150353e-09
4645.000000 5.088059e-09
4650.000000 5.090991e-09
4655.000000 5.132966e-09
4660.000000 5.185207e-09
4665.000000 5.094450e-09
4670.000000 5.036219e-09
4675.000000 5.089775e-09
4680.000000 5.107825e-09
4685.000000 5.113045e-09
4690.000000 5.119276e-09
4695.000000 5.104310e-09
4700.000000 5.025421e-09
4705.000000 4.943219e-09
4710.000000 4.924373e-09
4715.000000 4.935159e-09
4720.000000 4.956532e-09
4725.000000 4.962051e-09
4730.000000 4.958041e-09
4735.000000 4.968142e-09
4740.000000 4.967776e-09
4745.000000 4.987287e-09
4750.000000 4.991212e-09
4755.000000 4.888954e-09
4760.000000 4.814197e-09
4765.000000 4.811527e-09
4770.000000 4.827432e-09
4775.000000 4.807494e-09
4780.000000 4.806283e-09
4785.000000 4.784253e-09
4790.000000 4.809865e-09
4795.000000 4.846745e-09
4800.000000 4.762414e-09
4805.000000 4.714753e-09
4810.000000 4.720485e-09
4815.000000 4.721904e-09
4820.000000 4.687734e-09
4825.000000 4.609124e-09
4830.000000 4.557583e-09
4835.000000 4.443636e-09
4840.000000 4.302454e-09
4845.000000 4.088009e-09
4850.000000 3.717938e-09
4855.000000 3.193096e-09
4860.000000 2.729543e-09
4865.000000 2.836152e-09
4870.000000 3.323477e-09
4875.000000 3.700827e-09
4880.000000 3.945650e-09
4885.000000 4.081856e-09
4890.000000 4.215278e-09
4895.000000 4.355548e-09
4900.000000 4.379194e-09
4905.000000 4.390066e-09
4910.000000 4.451723e-09
4915.000000 4.434586e-09
4920.000000 4.332621e-09
4925.000000 4.373749e-09
4930.000000 4.436225e-09
4935.000000 4.451448e-09
4940.000000 4.525875e-09
4945.000000 4.606278e-09
4950.000000 4.593899e-09
4955.000000 4.519768e-09
4960.000000 4.497941e-09
4965.000000 4.501499e-09
4970.000000 4.472977e-09
4975.000000 4.451966e-09
4980.000000 4.357308e-09
4985.000000 4.312086e-09
4990.000000 4.376747e-09
4995.000000 4.408979e-09
5000.000000 4.311925e-09
5005.000000 4.209652e-09
5010.000000 4.164649e-09
5015.000000 4.101720e-09
5020.000000 4.152917e-09
5025.000000 4.222299e-09
5030.000000 4.265985e-09
5035.000000 4.252672e-09
5040.000000 4.206985e-09
5045.000000 4.272942e-09
5050.000000 4.297573e-09
5055.000000 4.311683e-09
5060.000000 4.307969e-09
5065.000000 4.279594e-09
5070.000000 4.231943e-09
5075.000000 4.170170e-09
5080.000000 4.177138e-09
5085.000000 4.231415e-09
5090.000000 4.260116e-09
5095.000000 4.234110e-09
5100.000000 4.218307e-09
5105.000000 4.237966e-09
5110.000000 4.256714e-09
5115.000000 4.263682e-09
5120.000000 4.195813e-09
5125.000000 4.112313e-09
5130.000000 4.063241e-09
5135.000000 4.033204e-09
5140.000000 4.037613e-09
5145.000000 4.081142e-09
5150.000000 4.120730e-09
5155.000000 4.107076e-09
5160.000000 4.019087e-09
5165.000000 3.851153e-09
5170.000000 3.813560e-09
5175.000000 3.933337e-09
5180.000000 3.963527e-09
5185.000000 3.894802e-09
5190.000000 3.899629e-09
5195.000000 3.931704e-09
5200.000000 3.948407e-09
5205.000000 3.949878e-09
5210.000000 3.983033e-09
5215.000000 4.013124e-09
5220.000000 3.981262e-09
5225.000000 3.873446e-09
5230.000000 3.853506e-09
5235.000000 3.896493e-09
5240.000000 3.976675e-09
5245.000000 4.030134e-09
5250.000000 4.011984e-09
5255.000000 3.968759e-09
5260.000000 3.862370e-09
5265.000000 3.717639e-09
5270.000000 3.708787e-09
5275.000000 3.774463e-09
5280.000000 3.840422e-09
5285.000000 3.906699e-09
5290.000000 3.963154e-09
5295.000000 3.927826e-09
5300.000000 3.911359e-09
5305.000000 3.937911e-09
5310.000000 3.922128e-09
5315.000000 3.863197e-09
5320.000000 3.819389e-09
5325.000000 3.753994e-09
5330.000000 3.745536e-09
5335.000000 3.784610e-09
5340.000000 3.806659e-09
5345.000000 3.837238e-09
5350.000000 3.865191e-09
5355.000000 3.896648e-09
5360.000000 3.851701e-09
5365.000000 3.755546e-09
5370.000000 3.754473e-09
5375.000000 3.823548e-09
5380.000000 3.822147e-09
5385.000000 3.788668e-09
5390.000000 3.792928e-09
5395.000000 3.752811e-09
5400.000000 3.706066e-09
5405.000000 3.664667e-09
5410.000000 3.665567e-09
5415.000000 3.685963e-09
5420.000000 3.692815e-09
5425.000000 3.663273e-09
5430.000000 3.674548e-09
5435.000000 3.724443e-09
5440.000000 3.751055e-09
5445.000000 3.718378e-09
5450.000000 3.701605e-09
5455.000000 3.679811e-09
5460.000000 3.684278e-09
5465.000000 3.671781e-09
5470.000000 3.675883e-09
5475.000000 3.647589e-09
5480.000000 3.660638e-09
5485.000000 3.683646e-09
5490.000000 3.670703e-09
5495.000000 3.644309e-09
5500.000000 3.637133e-09
5505.000000 3.643177e-09
5510.000000 3.643324e-09
5515.000000 3.650712e-09
5520.000000 3.644009e-09
5525.000000 3.584721e-09
5530.000000 3.534520e-09
5535.000000 3.565512e-09
5540.000000 3.593859e-09
5545.000000 3.598792e-09
5550.000000 3.607329e-09
5555.000000 3.606922e-09
5560.000000 3.589740e-09
5565.000000 3.564263e-09
5570.000000 3.536271e-09
5575.000000 3.522396e-09
5580.000000 3.530371e-09
5585.000000 3.466341e-09
5590.000000 3.403888e-09
5595.000000 3.411912e-09
5600.000000 3.431468e-09
5605.000000 3.478603e-09
5610.000000 3.507968e-09
5615.000000 3.475381e-09
5620.000000 3.477572e-09
5625.000000 3.491042e-09
5630.000000 3.503229e-09
5635.000000 3.497019e-09
5640.000000 3.478776e-09
5645.000000 3.479184e-09
5650.000000 3.452832e-09
5655.000000 3.386470e-09
5660.000000 3.349213e-09
5665.000000 3.358652e-09
5670.000000 3.392780e-09
5675.000000 3.419832e-09
5680.000000 3.405016e-09
5685.000000 3.386546e-09
5690.000000 3.374822e-09
5695.000000 3.363260e-09
5700.000000 3.338286e-09
5705.000000 3.312898e-09
5710.000000 3.316788e-09
5715.000000 3.350359e-09
5720.000000 3.373087e-09
5725.000000 3.365114e-09
5730.000000 3.340814e-09
5735.000000 3.336295e-09
5740.000000 3.324965e-09
5745.000000 3.304402e-09
5750.000000 3.284184e-09
5755.000000 3.281412e-09
5760.000000 3.296911e-09
5765.000000 3.298695e-09
5770.000000 3.304031e-09
5775.000000 3.303530e-09
5780.000000 3.266904e-09
5785.000000 3.245869e-09
5790.000000 3.258065e-09
5795.000000 3.244600e-09
5800.000000 3.245194e-09
5805.000000 3.264927e-09
5810.000000 3.277795e-09
5815.000000 3.282616e-09
5820.000000 3.267429e-09
5825.000000 3.244036e-09
5830.000000 3.236582e-09
5835.000000 3.232025e-09
5840.000000 3.230341e-09
5845.000000 3.232018e-09
5850.000000 3.221553e-09
5855.000000 3.200935e-09
5860.000000 3.226946e-09
5865.000000 3.252341e-09
5870.000000 3.254770e-09
5875.000000 3.225647e-09
5880.000000 3.200758e-09
5885.000000 3.118965e-09
5890.000000 2.999823e-09
5895.000000 2.944185e-09
5900.000000 2.997279e-09
5905.000000 3.093078e-09
5910.000000 3.133339e-09
5915.000000 3.135159e-09
5920.000000 3.144624e-09
5925.000000 3.141766e-09
5930.000000 3.115361e-09
5935.000000 3.101908e-09
5940.000000 3.097114e-09
5945.000000 3.088135e-09
5950.000000 3.080814e-09
5955.000000 3.077954e-09
5960.000000 3.071450e-09
5965.000000 3.061223e-09
5970.000000 3.057971e-09
5975.000000 3.051156e-09
5980.000000 3.040038e-09
5985.000000 3.032265e-09
5990.000000 3.027633e-09
5995.000000 3.021429e-09
6000.000000 3.008495e-09
6005.000000 2.983472e-09
6010.000000 2.979243e-09
6015.000000 2.959683e-09
6020.000000 2.942994e-09
6025.000000 2.951363e-09
6030.000000 2.966109e-09
6035.000000 2.968839e-09
6040.000000 2.941523e-09
6045.000000 2.933812e-09
6050.000000 2.927103e-09
6055.000000 2.928639e-09
6060.000000 2.925596e-09
6065.000000 2.920030e-09
6070.000000 2.916763e-09
6075.000000 2.898809e-09
6080.000000 2.887591e-09
6085.000000 2.879014e-09
6090.000000 2.870578e-09
6095.000000 2.838278e-09
6100.000000 2.836625e-09
6105.000000 2.849456e-09
6110.000000 2.859459e-09
6115.000000 2.850538e-09
6120.000000 2.834237e-09
6125.000000 2.831090e-09
6130.000000 2.821099e-09
6135.000000 2.782320e-09
6140.000000 2.754124e-09
6145.000000 2.763717e-09
6150.000000 2.776729e-09
6155.000000 2.767181e-09
6160.000000 2.749752e-09
6165.000000 2.758948e-09
6170.000000 2.764102e-09
6175.000000 2.772948e-09
6180.000000 2.796008e-09
6185.000000 2.796972e-09
6190.000000 2.777347e-09
6195.000000 2.780620e-09
6200.000000 2.792721e-09
6205.000000 2.794063e-09
6210.000000 2.773847e-09
6215.000000 2.759137e-09
6220.000000 2.749404e-09
6225.000000 2.744816e-09
6230.000000 2.715648e-09
6235.000000 2.676788e-09
6240.000000 2.669979e-09
6245.000000 2.667155e-09
6250.000000 2.677022e-09
6255.000000 2.695432e-09
6260.000000 2.704670e-09
6265.000000 2.700314e-09
6270.000000 2.674927e-09
6275.000000 2.635267e-09
6280.000000 2.610173e-09
6285.000000 2.654968e-09
6290.000000 2.674014e-09
6295.000000 2.648530e-09
6300.000000 2.622680e-09
6305.000000 2.622363e-09
6310.000000 2.629215e-09
6315.000000 2.628211e-09
6320.000000 2.627128e-09
6325.000000 2.636616e-09
6330.000000 2.635034e-09
6335.000000 2.618954e-09
6340.000000 2.605979e-09
6345.000000 2.584556e-09
6350.000000 2.604086e-09
6355.000000 2.627416e-09
6360.000000 2.614954e-09
6365.000000 2.588203e-09
6370.000000 2.569233e-09
6375.000000 2.581507e-09
6380.000000 2.589554e-09
6385.000000 2.589001e-09
6390.000000 2.581463e-09
6395.000000 2.571983e-09
6400.000000 2.566903e-09
6405.000000 2.555236e-09
6410.000000 2.541631e-09
6415.000000 2.531872e-09
6420.000000 2.538135e-09
6425.000000 2.542986e-09
6430.000000 2.532609e-09
6435.000000 2.526378e-09
6440.000000 2.523390e-09
6445.000000 2.533538e-09
6450.000000 2.516238e-09
6455.000000 2.485256e-09
6460.000000 2.474302e-09
6465.000000 2.471862e-09
6470.000000 2.474288e-09
6475.000000 2.470264e-09
6480.000000 2.472374e-09
6485.000000 2.457877e-09
6490.000000 2.431526e-09
6495.000000 2.424618e-09
6500.000000 2.469303e-09
6505.000000 2.490424e-09
6510.000000 2.486357e-09
6515.000000 2.465995e-09
6520.000000 2.463920e-09
6525.000000 2.461658e-09
6530.000000 2.442290e-09
6535.000000 2.407713e-09
6540.000000 2.355426e-09
6545.000000 2.270555e-09
6550.000000 2.139897e-09
6555.000000 1.921809e-09
6560.000000 1.687647e-09
6565.000000 1.721477e-09
6570.000000 1.961685e-09
6575.000000 2.149312e-09
6580.000000 2.248369e-09
6585.000000 2.288714e-09
6590.000000 2.320113e-09
6595.000000 2.342504e-09
6600.000000 2.360845e-09
6605.000000 2.372631e-09
6610.000000 2.380306e-09
6615.000000 2.387778e-09
6620.000000 2.385413e-09
6625.000000 2.382311e-09
6630.000000 2.368423e-09
6635.000000 2.359610e-09
6640.000000 2.356058e-09
6645.000000 2.351625e-09
6650.000000 2.350642e-09
6655.000000 2.349267e-09
6660.000000 2.334437e-09
6665.000000 2.326117e-09
6670.000000 2.320772e-09
6675.000000 2.306548e-09
6680.000000 2.306200e-09
6685.000000 2.311582e-09
6690.000000 2.303610e-09
6695.000000 2.304944e-09
6700.000000 2.318786e-09
6705.000000 2.322462e-09
6710.000000 2.313779e-09
6715.000000 2.296937e-09
6720.000000 2.288602e-09
6725.000000 2.290220e-09
6730.000000 2.285348e-09
6735.000000 2.281022e-09
6740.000000 2.269713e-09
6745.000000 2.260280e-09
6750.000000 2.256208e-09
6755.000000 2.248346e-09
6760.000000 2.250040e-09
6765.000000 2.255021e-09
6770.000000 2.253524e-09
6775.000000 2.248766e-09
6780.000000 2.247216e-09
6785.000000 2.249670e-09
6790.000000 2.247279e-09
6795.000000 2.240407e-09
6800.000000 2.231844e-09
6805.000000 2.219537e-09
6810.000000 2.221726e-09
6815.000000 2.220887e-09
6820.000000 2.209377e-09
6825.000000 2.194726e-09
6830.000000 2.193510e-09
6835.000000 2.188847e-09
6840.000000 2.177468e-09
6845.000000 2.172556e-09
6850.000000 2.168876e-09
6855.000000 2.165184e-09
6860.000000 2.161539e-09
6865.000000 2.157792e-09
6870.000000 2.153955e-09
6875.000000 2.150270e-09
6880.000000 2.146626e-09
6885.000000 2.142943e-09
6890.000000 2.139150e-09
6895.000000 2.135479e-09
6900.000000 2.131843e-09
6905.000000 2.128226e-09
6910.000000 2.124626e-09
6915.000000 2.121120e-09
6920.000000 2.117700e-09
6925.000000 2.114269e-09
6930.000000 2.110949e-09
6935.000000 2.107728e-09
6940.000000 2.104719e-09
6945.000000 2.101591e-09
6950.000000 2.098281e-09
6955.000000 2.094896e-09
6960.000000 2.091517e-09
6965.000000 2.088101e-09
6970.000000 2.088161e-09
6975.000000 2.104601e-09
6980.000000 2.100492e-09
6985.000000 2.086731e-09
6990.000000 2.069577e-09
6995.000000 2.060480e-09
7000.000000 2.044519e-09
7005.000000 2.039112e-09
7010.000000 2.048356e-09
7015.000000 2.044732e-09
7020.000000 2.038393e-09
7025.000000 2.028938e-09
7030.000000 2.034993e-09
7035.000000 2.037374e-09
7040.000000 2.045165e-09
7045.000000 2.046661e-09
7050.000000 2.041692e-09
7055.000000 2.042943e-09
7060.000000 2.044579e-09
7065.000000 2.036177e-09
7070.000000 2.035415e-09
7075.000000 2.037928e-09
7080.000000 2.028854e-09
7085.000000 2.024361e-09
7090.000000 2.032339e-09
7095.000000 2.028325e-09
7100.000000 2.011101e-09
7105.000000 1.998821e-09
7110.000000 1.987885e-09
7115.000000 1.969063e-09
7120.000000 1.972119e-09
7125.000000 1.993192e-09
7130.000000 2.003520e-09
7135.000000 2.006229e-09
7140.000000 1.996568e-09
7145.000000 1.981644e-09
7150.000000 1.977998e-09
7155.000000 1.986979e-09
7160.000000 1.973832e-09
7165.000000 1.948373e-09
7170.000000 1.938280e-09
7175.000000 1.922790e-09
7180.000000 1.904545e-09
7185.000000 1.874249e-09
7190.000000 1.879913e-09
7195.000000 1.879219e-09
7200.000000 1.879695e-09
7205.000000 1.889155e-09
7210.000000 1.917432e-09
7215.000000 1.943570e-09
7220.000000 1.941523e-09
7225.000000 1.928386e-09
7230.000000 1.910903e-09
7235.000000 1.895032e-09
7240.000000 1.882203e-09
7245.000000 1.879324e-09
7250.000000 1.868850e-09
7255.000000 1.859642e-09
7260.000000 1.869649e-09
7265.000000 1.873125e-09
7270.000000 1.874488e-09
7275.000000 1.859827e-09
7280.000000 1.854896e-09
7285.000000 1.834152e-09
7290.000000 1.818491e-09
7295.000000 1.837207e-09
7300.000000 1.849783e-09
7305.000000 1.836226e-09
7310.000000 1.833100e-09
7315.000000 1.830993e-09
7320.000000 1.831637e-09
7325.000000 1.824890e-09
7330.000000 1.821610e-09
7335.000000 1.824959e-09
7340.000000 1.832947e-09
7345.000000 1.819167e-09
7350.000000 1.804367e-09
7355.000000 1.803576e-09
7360.000000 1.801193e-09
7365.000000 1.799241e-09
7370.000000 1.796690e-09
7375.000000 1.799568e-09
7380.000000 1.796895e-09
7385.000000 1.785341e-09
7390.000000 1.783652e-09
7395.000000 1.782659e-09
7400.000000 1.789987e-09
7405.000000 1.797046e-09
7410.000000 1.775260e-09
7415.000000 1.775949e-09
7420.000000 1.786401e-09
7425.000000 1.768507e-09
7430.000000 1.769753e-09
7435.000000 1.770150e-09
7440.000000 1.759767e-09
7445.000000 1.751590e-09
7450.000000 1.756703e-09
7455.000000 1.760896e-09
7460.000000 1.750462e-09
7465.000000 1.747172e-09
7470.000000 1.752606e-09
7475.000000 1.750231e-09
7480.000000 1.749643e-09
7485.000000 1.744533e-09
7490.000000 1.736423e-09
7495.000000 1.731865e-09
7500.000000 1.730894e-09
7505.000000 1.721084e-09
7510.000000 1.713034e-09
7515.000000 1.718007e-09
7520.000000 1.726120e-09
7525.000000 1.723094e-09
7530.000000 1.716626e-09
7535.000000 1.718969e-09
7540.000000 1.722061e-09
7545.000000 1.715661e-09
7550.000000 1.705618e-09
7555.000000 1.701548e-09
7560.000000 1.698337e-09
7565.000000 1.695066e-09
7570.000000 1.691642e-09
7575.000000 1.688175e-09
7580.000000 1.684864e-09
7585.000000 1.681719e-09
7590.000000 1.678574e-09
7595.000000 1.675413e-09
7600.000000 1.672404e-09
7605.000000 1.669415e-09
7610.000000 1.666343e-09
7615.000000 1.663231e-09
7620.000000 1.660136e-09
7625.000000 1.657064e-09
7630.000000 1.654013e-09
7635.000000 1.650990e-09
7640.000000 1.647990e-09
7645.000000 1.645018e-09
7650.000000 1.642064e-09
7655.000000 1.639140e-09
7660.000000 1.636237e-09
7665.000000 1.633349e-09
7670.000000 1.630535e-09
7675.000000 1.627677e-09
7680.000000 1.624808e-09
7685.000000 1.621957e-09
7690.000000 1.619155e-09
7695.000000 1.616329e-09
7700.000000 1.613573e-09
7705.000000 1.611442e-09
7710.000000 1.610369e-09
7715.000000 1.609149e-09
7720.000000 1.607064e-09
7725.000000 1.604099e-09
7730.000000 1.600046e-09
7735.000000 1.602204e-09
7740.000000 1.594840e-09
7745.000000 1.591638e-09
7750.000000 1.592444e-09
7755.000000 1.591729e-09
7760.000000 1.584270e-09
7765.000000 1.552178e-09
7770.000000 1.498421e-09
7775.000000 1.499296e-09
7780.000000 1.543540e-09
7785.000000 1.571080e-09
7790.000000 1.576659e-09
7795.000000 1.572013e-09
7800.000000 1.566404e-09
7805.000000 1.564780e-09
7810.000000 1.569395e-09
7815.000000 1.569390e-09
7820.000000 1.566873e-09
7825.000000 1.557299e-09
7830.000000 1.541064e-09
7835.000000 1.536132e-09
7840.000000 1.536690e-09
7845.000000 1.535915e-09
7850.000000 1.539813e-09
7855.000000 1.537616e-09
7860.000000 1.532464e-09
7865.000000 1.530410e-09
7870.000000 1.525766e-09
7875.000000 1.514719e-09
7880.000000 1.515424e-09
7885.000000 1.517189e-09
7890.000000 1.502593e-09
7895.000000 1.491581e-09
7900.000000 1.496756e-09
7905.000000 1.504821e-09
7910.000000 1.506326e-09
7915.000000 1.503894e-09
7920.000000 1.491904e-09
7925.000000 1.480681e-09
7930.000000 1.474934e-09
7935.000000 1.472859e-09
7940.000000 1.468462e-09
7945.000000 1.465571e-09
7950.000000 1.471597e-09
7955.000000 1.476620e-09
7960.000000 1.477689e-09
7965.000000 1.476478e-09
7970.000000 1.474103e-09
7975.000000 1.474075e-09
7980.000000 1.471833e-09
7985.000000 1.467311e-09
7990.000000 1.465865e-09
7995.000000 1.455742e-09
8000.000000 1.449523e-09
8005.000000 1.447454e-09
8010.000000 1.447142e-09
8015.000000 1.446181e-09
8020.000000 1.444414e-09
8025.000000 1.442369e-09
8030.000000 1.437995e-09
8035.000000 1.436119e-09
8040.000000 1.429647e-09
8045.000000 1.425497e-09
8050.000000 1.427226e-09
8055.000000 1.430253e-09
8060.000000 1.431582e-09
8065.000000 1.428469e-09
8070.000000 1.427155e-09
8075.000000 1.423364e-09
8080.000000 1.418114e-09
8085.000000 1.414505e-09
8090.000000 1.417738e-09
8095.000000 1.416007e-09
8100.000000 1.413942e-09
8105.000000 1.416003e-09
8110.000000 1.414329e-09
8115.000000 1.406016e-09
8120.000000 1.404866e-09
8125.000000 1.406926e-09
8130.000000 1.400565e-09
8135.000000 1.395719e-09
8140.000000 1.392773e-09
8145.000000 1.386947e-09
8150.000000 1.380230e-09
8155.000000 1.372886e-09
8160.000000 1.364205e-09
8165.000000 1.365355e-09
8170.000000 1.371339e-09
8175.000000 1.364449e-09
8180.000000 1.356162e-09
8185.000000 1.359215e-09
8190.000000 1.361857e-09
8195.000000 1.363398e-09
8200.000000 1.370078e-09
8205.000000 1.379326e-09
8210.000000 1.372580e-09
8215.000000 1.362508e-09
8220.000000 1.345023e-09
8225.000000 1.324053e-09
8230.000000 1.324460e-09
8235.000000 1.346235e-09
8240.000000 1.352758e-09
8245.000000 1.352363e-09
8250.000000 1.352673e-09
8255.000000 1.348337e-09
8260.000000 1.352523e-09
8265.000000 1.353158e-09
8270.000000 1.342885e-09
8275.000000 1.337728e-09
8280.000000 1.336795e-09
8285.000000 1.333091e-09
8290.000000 1.331079e-09
8295.000000 1.329879e-09
8300.000000 1.330491e-09
8305.000000 1.326831e-09
8310.000000 1.324688e-09
8315.000000 1.321157e-09
8320.000000 1.316354e-09
8325.000000 1.314563e-09
8330.000000 1.309137e-09
8335.000000 1.307772e-09
8340.000000 1.310356e-09
8345.000000 1.319300e-09
8350.000000 1.318436e-09
8355.000000 1.314902e-09
8360.000000 1.317077e-09
8365.000000 1.313116e-09
8370.000000 1.310621e-09
8375.000000 1.310587e-09
8380.000000 1.311620e-09
8385.000000 1.305051e-09
8390.000000 1.300108e-09
8395.000000 1.307586e-09
8400.000000 1.310683e-09
8405.000000 1.300526e-09
8410.000000 1.291768e-09
8415.000000 1.297740e-09
8420.000000 1.313246e-09
8425.000000 1.317807e-09
8430.000000 1.294706e-09
8435.000000 1.267776e-09
8440.000000 1.258464e-09
8445.000000 1.264204e-09
8450.000000 1.289684e-09
8455.000000 1.297045e-09
8460.000000 1.277154e-09
8465.000000 1.260495e-09
8470.000000 1.268802e-09
8475.000000 1.292399e-09
8480.000000 1.308834e-09
8485.000000 1.304241e-09
8490.000000 1.265766e-09
8495.000000 1.191918e-09
8500.000000 1.171642e-09
8505.000000 1.220604e-09
8510.000000 1.268201e-09
8515.000000 1.285913e-09
8520.000000 1.293528e-09
8525.000000 1.287235e-09
8530.000000 1.252249e-09
8535.000000 1.159447e-09
8540.000000 1.063809e-09
8545.000000 1.092505e-09
8550.000000 1.188318e-09
8555.000000 1.248791e-09
8560.000000 1.276803e-09
8565.000000 1.287532e-09
8570.000000 1.288604e-09
8575.000000 1.284581e-09
8580.000000 1.266091e-09
8585.000000 1.232328e-09
8590.000000 1.179202e-09
8595.000000 1.141134e-09
8600.000000 1.159842e-09
8605.000000 1.202413e-09
8610.000000 1.243895e-09
8615.000000 1.271173e-09
8620.000000 1.282875e-09
8625.000000 1.289311e-09
8630.000000 1.294120e-09
8635.000000 1.291697e-09
8640.000000 1.274528e-09
8645.000000 1.248857e-09
8650.000000 1.204702e-09
8655.000000 1.116868e-09
8660.000000 1.017764e-09
8665.000000 1.027230e-09
8670.000000 1.103508e-09
8675.000000 1.159575e-09
8680.000000 1.191693e-09
8685.000000 1.220014e-09
8690.000000 1.244819e-09
8695.000000 1.263587e-09
8700.000000 1.280682e-09
8705.000000 1.282855e-09
8710.000000 1.276529e-09
8715.000000 1.273811e-09
8720.000000 1.266282e-09
8725.000000 1.247613e-09
8730.000000 1.221410e-09
8735.000000 1.182600e-09
8740.000000 1.128044e-09
8745.000000 1.072720e-09
8750.000000 1.049696e-09
8755.000000 1.099763e-09
8760.000000 1.166315e-09
8765.000000 1.206147e-09
8770.000000 1.225662e-09
8775.000000 1.235429e-09
8780.000000 1.239132e-09
8785.000000 1.237156e-09
8790.000000 1.234756e-09
8795.000000 1.238847e-09
8800.000000 1.235428e-09
8805.000000 1.227847e-09
8810.000000 1.230920e-09
8815.000000 1.233270e-09
8820.000000 1.232451e-09
8825.000000 1.231026e-09
8830.000000 1.222280e-09
8835.000000 1.197299e-09
8840.000000 1.169730e-09
8845.000000 1.143334e-09
8850.000000 1.100529e-09
8855.000000 1.037193e-09
8860.000000 9.835749e-10
8865.000000 1.005610e-09
8870.000000 1.064256e-09
8875.000000 1.113313e-09
8880.000000 1.148831e-09
8885.000000 1.175493e-09
8890.000000 1.185773e-09
8895.000000 1.190535e-09
8900.000000 1.200814e-09
8905.000000 1.195394e-09
8910.000000 1.188149e-09
8915.000000 1.197425e-09
8920.000000 1.193217e-09
8925.000000 1.170464e-09
8930.000000 1.210692e-09
8935.000000 1.232237e-09
8940.000000 1.231783e-09
8945.000000 1.226227e-09
8950.000000 1.217678e-09
8955.000000 1.223332e-09
8960.000000 1.218034e-09
8965.000000 1.207321e-09
8970.000000 1.196489e-09
8975.000000 1.189615e-09
8980.000000 1.170476e-09
8985.000000 1.127316e-09
8990.000000 1.105601e-09
8995.000000 1.108827e-09
9000.000000 1.069857e-09
9005.000000 1.011892e-09
9010.000000 9.389743e-10
9015.000000 9.382015e-10
9020.000000 1.004182e-09
9025.000000 1.080278e-09
9030.000000 1.154018e-09
9035.000000 1.199119e-09
9040.000000 1.218292e-09
9045.000000 1.231881e-09
9050.000000 1.237305e-09
9055.000000 1.198132e-09
9060.000000 1.167199e-09
9065.000000 1.165847e-09
9070.000000 1.155403e-09
9075.000000 1.133669e-09
9080.000000 1.126326e-09
9085.000000 1.115408e-09
9090.000000 1.120295e-09
9095.000000 1.134735e-09
9100.000000 1.151826e-09
9105.000000 1.163556e-09
9110.000000 1.167776e-09
9115.000000 1.170892e-09
9120.000000 1.178388e-09
9125.000000 1.170324e-09
9130.000000 1.144384e-09
9135.000000 1.154409e-09
9140.000000 1.173806e-09
9145.000000 1.168702e-09
9150.000000 1.138580e-09
9155.000000 1.134931e-09
9160.000000 1.155206e-09
9165.000000 1.159884e-09
9170.000000 1.143046e-09
9175.000000 1.140757e-09
9180.000000 1.149953e-09
9185.000000 1.164304e-09
9190.000000 1.163375e-09
9195.000000 1.163867e-09
9200.000000 1.150415e-09
9205.000000 1.101287e-09
9210.000000 1.046349e-09
9215.000000 9.981910e-10
9220.000000 9.562547e-10
9225.000000 8.947388e-10
9230.000000 9.044940e-10
9235.000000 9.605948e-10
9240.000000 1.007742e-09
9245.000000 1.057333e-09
9250.000000 1.090488e-09
9255.000000 1.106423e-09
9260.000000 1.117162e-09
9265.000000 1.144778e-09
9270.000000 1.170629e-09
9275.000000 1.176716e-09
9280.000000 1.183911e-09
9285.000000 1.197665e-09
9290.000000 1.158200e-09
9295.000000 1.136348e-09
9300.000000 1.120152e-09
9305.000000 1.076365e-09
9310.000000 1.040887e-09
9315.000000 1.001523e-09
9320.000000 9.896119e-10
9325.000000 9.886302e-10
9330.000000 9.821787e-10
9335.000000 9.389395e-10
9340.000000 8.952999e-10
9345.000000 9.582279e-10
9350.000000 9.877879e-10
9355.000000 9.604323e-10
9360.000000 9.991050e-10
9365.000000 9.997962e-10
9370.000000 1.014769e-09
9375.000000 1.022425e-09
9380.000000 1.057462e-09
9385.000000 1.129996e-09
9390.000000 1.190840e-09
9395.000000 1.206994e-09
9400.000000 1.166352e-09
9405.000000 1.120952e-09
9410.000000 1.101241e-09
9415.000000 1.106982e-09
9420.000000 1.072879e-09
9425.000000 1.003712e-09
9430.000000 1.008574e-09
9435.000000 1.000391e-09
9440.000000 9.794284e-10
9445.000000 1.022229e-09
9450.000000 1.033734e-09
9455.000000 9.928888e-10
9460.000000 1.006588e-09
9465.000000 1.042196e-09
9470.000000 1.061638e-09
9475.000000 1.034988e-09
9480.000000 1.032077e-09
9485.000000 1.088459e-09
9490.000000 1.051229e-09
9495.000000 9.786396e-10
9500.000000 1.002636e-09
9505.000000 1.078748e-09
9510.000000 1.089681e-09
9515.000000 1.016565e-09
9520.000000 9.524286e-10
9525.000000 9.456554e-10
9530.000000 9.458281e-10
9535.000000 9.024441e-10
9540.000000 8.134275e-10
9545.000000 7.988459e-10
9550.000000 8.125872e-10
9555.000000 8.444259e-10
9560.000000 9.205818e-10
9565.000000 9.377596e-10
9570.000000 9.973603e-10
9575.000000 1.024191e-09
9580.000000 9.902920e-10
9585.000000 9.579257e-10
9590.000000 9.489719e-10
9595.000000 9.550679e-10
9600.000000 9.851675e-10
9605.000000 1.010589e-09
9610.000000 1.016573e-09
9615.000000 9.802821e-10
9620.000000 9.605270e-10
9625.000000 9.859270e-10
9630.000000 9.887944e-10
9635.000000 9.663431e-10
9640.000000 9.799280e-10
9645.000000 9.771514e-10
9650.000000 9.764731e-10
9655.000000 9.428257e-10
9660.000000 9.589003e-10
9665.000000 9.622627e-10
9670.000000 9.830994e-10
9675.000000 1.021266e-09
9680.000000 1.005728e-09
9685.000000 9.916717e-10
9690.000000 1.000199e-09
9695.000000 9.991499e-10
9700.000000 9.933556e-10
9705.000000 1.007553e-09
9710.000000 9.811083e-10
9715.000000 9.721475e-10
9720.000000 9.727840e-10
9725.000000 9.668800e-10
9730.000000 9.633154e-10
9735.000000 9.297245e-10
9740.000000 9.225083e-10
9745.000000 9.214510e-10
9750.000000 9.254684e-10
9755.000000 9.137953e-10
9760.000000 9.250858e-10
9765.000000 9.558038e-10
9770.000000 9.548796e-10
9775.000000 9.625484e-10
9780.000000 9.500311e-10
9785.000000 9.369769e-10
9790.000000 9.454429e-10
9795.000000 9.356372e-10
9800.000000 9.212611e-10
9805.000000 9.268008e-10
9810.000000 9.255023e-10
9815.000000 9.327230e-10
9820.000000 9.426971e-10
9825.000000 9.357868e-10
9830.000000 9.299009e-10
9835.000000 9.272671e-10
9840.000000 9.300677e-10
9845.000000 9.242640e-10
9850.000000 9.225448e-10
9855.000000 9.023452e-10
9860.000000 9.074367e-10
9865.000000 9.202007e-10
9870.000000 9.301664e-10
9875.000000 9.201334e-10
9880.000000 9.091406e-10
9885.000000 9.268977e-10
9890.000000 9.260974e-10
9895.000000 9.044471e-10
9900.000000 9.525581e-10
9905.000000 9.342142e-10
9910.000000 9.377432e-10
9915.000000 9.277797e-10
9920.000000 9.092886e-10
9925.000000 9.011112e-10
9930.000000 8.777209e-10
9935.000000 8.984183e-10
9940.000000 8.936066e-10
9945.000000 8.935244e-10
9950.000000 8.613641e-10
9955.000000 8.972371e-10
9960.000000 9.193190e-10
9965.000000 8.811364e-10
9970.000000 8.685141e-10
9975.000000 8.829965e-10
9980.000000 8.139502e-10
9985.000000 8.535250e-10
9990.000000 8.733145e-10
9995.000000 9.150113e-10
10000.000000 8.900570e-10
10005.000000 8.518861e-10
10010.000000 8.548171e-10
10015.000000 7.844705e-10
10020.000000 8.111998e-10
10025.000000 8.433115e-10
10030.000000 8.240450e-10
10035.000000 7.581029e-10
10040.000000 7.376325e-10
10045.000000 7.286478e-10
10050.000000 6.970458e-10
10055.000000 7.430540e-10
10060.000000 8.447261e-10
10065.000000 8.438233e-10
10070.000000 7.765270e-10
10075.000000 7.827833e-10
10080.000000 8.328163e-10
10085.000000 8.437576e-10
10090.000000 8.404888e-10
10095.000000 8.901673e-10
10100.000000 8.687841e-10
10105.000000 8.516534e-10
10110.000000 8.529998e-10
10115.000000 8.573494e-10
10120.000000 8.659004e-10
10125.000000 8.834444e-10
10130.000000 8.868046e-10
10135.000000 8.490862e-10
10140.000000 7.959663e-10
10145.000000 8.167111e-10
10150.000000 8.532965e-10
10155.000000 8.563433e-10
10160.000000 8.541365e-10
10165.000000 8.525176e-10
10170.000000 8.513739e-10
10175.000000 8.505959e-10
10180.000000 8.500717e-10
10185.000000 8.496861e-10
10190.000000 8.493261e-10
10195.000000 8.488807e-10
10200.000000 8.482387e-10
10205.000000 8.473298e-10
10210.000000 8.461658e-10
10215.000000 8.447936e-10
10220.000000 8.432679e-10
10225.000000 8.416396e-10
10230.000000 8.399618e-10
10235.000000 8.382882e-10
10240.000000 8.366696e-10
10245.000000 8.351568e-10
10250.000000 8.338000e-10
10255.000000 8.326346e-10
10260.000000 8.316512e-10
10265.000000 8.308128e-10
10270.000000 8.300948e-10
10275.000000 8.294633e-10
10280.000000 8.288863e-10
10285.000000 8.283349e-10
10290.000000 8.277749e-10
10295.000000 8.271788e-10
10300.000000 8.265123e-10
10305.000000 8.257555e-10
10310.000000 8.249077e-10
10315.000000 8.239759e-10
10320.000000 8.229648e-10
10325.000000 8.218782e-10
10330.000000 8.207304e-10
10335.000000 8.195263e-10
10340.000000 8.182723e-10
10345.000000 8.169762e-10
10350.000000 8.156449e-10
10355.000000 8.142872e-10
10360.000000 8.129009e-10
10365.000000 8.114919e-10
10370.000000 8.100626e-10
10375.000000 8.086139e-10
10380.000000 8.071487e-10
10385.000000 8.056653e-10
10390.000000 8.041695e-10
10395.000000 8.026633e-10
10400.000000 8.011501e-10
10405.000000 7.996282e-10
10410.000000 7.981047e-10
10415.000000 7.965895e-10
10420.000000 7.950856e-10
10425.000000 7.935986e-10
10430.000000 7.921349e-10
10435.000000 7.907029e-10
10440.000000 7.893080e-10
10445.000000 7.879568e-10
10450.000000 7.866550e-10
10455.000000 7.854069e-10
10460.000000 7.842071e-10
10465.000000 7.830525e-10
10470.000000 7.819372e-10
10475.000000 7.808567e-10
10480.000000 7.798058e-10
10485.000000 7.787769e-10
10490.000000 7.777652e-10
10495.000000 7.767647e-10
10500.000000 7.757731e-10
10505.000000 7.747826e-10
10510.000000 7.737948e-10
10515.000000 7.728074e-10
10520.000000 7.718228e-10
10525.000000 7.708356e-10
10530.000000 7.698504e-10
10535.000000 7.688680e-10
10540.000000 7.678841e-10
10545.000000 7.669047e-10
10550.000000 7.659257e-10
10555.000000 7.649488e-10
10560.000000 7.639740e-10
10565.000000 7.629969e-10
10570.000000 7.620209e-10
10575.000000 7.610466e-10
10580.000000 7.600746e-10
10585.000000 7.591011e-10
10590.000000 7.581327e-10
10595.000000 7.571644e-10
10600.000000 7.561949e-10
10605.000000 7.552290e-10
10610.000000 7.542614e-10
10615.000000 7.532968e-10
10620.000000 5.643251e-10
