1150.000000 0.000000e+00
1155.000000 0.000000e+00
1160.000000 0.000000e+00
1165.000000 0.000000e+00
1170.000000 0.000000e+00
1175.000000 0.000000e+00
1180.000000 0.000000e+00
1185.000000 0.000000e+00
1190.000000 0.000000e+00
1195.000000 0.000000e+00
1200.000000 0.000000e+00
1205.000000 0.000000e+00
1210.000000 0.000000e+00
1215.000000 0.000000e+00
1220.000000 0.000000e+00
1225.000000 0.000000e+00
1230.000000 0.000000e+00
1235.000000 0.000000e+00
1240.000000 0.000000e+00
1245.000000 0.000000e+00
1250.000000 0.000000e+00
1255.000000 0.000000e+00
1260.000000 0.000000e+00
1265.000000 0.000000e+00
1270.000000 0.000000e+00
1275.000000 0.000000e+00
1280.000000 0.000000e+00
1285.000000 0.000000e+00
1290.000000 0.000000e+00
1295.000000 0.000000e+00
1300.000000 0.000000e+00
1305.000000 0.000000e+00
1310.000000 0.000000e+00
1315.000000 0.000000e+00
1320.000000 0.000000e+00
1325.000000 0.000000e+00
1330.000000 0.000000e+00
1335.000000 0.000000e+00
1340.000000 0.000000e+00
1345.000000 0.000000e+00
1350.000000 0.000000e+00
1355.000000 0.000000e+00
1360.000000 0.000000e+00
1365.000000 0.000000e+00
1370.000000 0.000000e+00
1375.000000 0.000000e+00
1380.000000 0.000000e+00
1385.000000 0.000000e+00
1390.000000 0.000000e+00
1395.000000 0.000000e+00
1400.000000 0.000000e+00
1405.000000 0.000000e+00
1410.000000 0.000000e+00
1415.000000 0.000000e+00
1420.000000 0.000000e+00
1425.000000 0.000000e+00
1430.000000 0.000000e+00
1435.000000 0.000000e+00
1440.000000 0.000000e+00
1445.000000 0.000000e+00
1450.000000 0.000000e+00
1455.000000 0.000000e+00
1460.000000 0.000000e+00
1465.000000 0.000000e+00
1470.000000 0.000000e+00
1475.000000 0.000000e+00
1480.000000 0.000000e+00
1485.000000 0.000000e+00
1490.000000 0.000000e+00
1495.000000 0.000000e+00
1500.000000 0.000000e+00
1505.000000 0.000000e+00
1510.000000 0.000000e+00
1515.000000 0.000000e+00
1520.000000 0.000000e+00
1525.000000 0.000000e+00
1530.000000 0.000000e+00
1535.000000 0.000000e+00
1540.000000 0.000000e+00
1545.000000 0.000000e+00
1550.000000 0.000000e+00
1555.000000 0.000000e+00
1560.000000 0.000000e+00
1565.000000 0.000000e+00
1570.000000 0.000000e+00
1575.000000 0.000000e+00
1580.000000 0.000000e+00
1585.000000 0.000000e+00
1590.000000 0.000000e+00
1595.000000 0.000000e+00
1600.000000 0.000000e+00
1605.000000 0.000000e+00
1610.000000 0.000000e+00
1615.000000 0.000000e+00
1620.000000 0.000000e+00
1625.000000 0.000000e+00
1630.000000 0.000000e+00
1635.000000 0.000000e+00
1640.000000 0.000000e+00
1645.000000 0.000000e+00
1650.000000 0.000000e+00
1655.000000 0.000000e+00
1660.000000 0.000000e+00
1665.000000 0.000000e+00
1670.000000 0.000000e+00
1675.000000 0.000000e+00
1680.000000 0.000000e+00
1685.000000 0.000000e+00
1690.000000 0.000000e+00
1695.000000 0.000000e+00
1700.000000 0.000000e+00
1705.000000 0.000000e+00
1710.000000 0.000000e+00
1715.000000 0.000000e+00
1720.000000 0.000000e+00
1725.000000 0.000000e+00
1730.000000 0.000000e+00
1735.000000 0.000000e+00
1740.000000 0.000000e+00
1745.000000 0.000000e+00
1750.000000 0.000000e+00
1755.000000 0.000000e+00
1760.000000 0.000000e+00
1765.000000 0.000000e+00
1770.000000 0.000000e+00
1775.000000 0.000000e+00
1780.000000 0.000000e+00
1785.000000 0.000000e+00
1790.000000 0.000000e+00
1795.000000 0.000000e+00
1800.000000 0.000000e+00
1805.000000 0.000000e+00
1810.000000 0.000000e+00
1815.000000 0.000000e+00
1820.000000 0.000000e+00
1825.000000 0.000000e+00
1830.000000 0.000000e+00
1835.000000 0.000000e+00
1840.000000 0.000000e+00
1845.000000 0.000000e+00
1850.000000 0.000000e+00
1855.000000 0.000000e+00
1860.000000 0.000000e+00
1865.000000 0.000000e+00
1870.000000 0.000000e+00
1875.000000 0.000000e+00
1880.000000 0.000000e+00
1885.000000 0.000000e+00
1890.000000 0.000000e+00
1895.000000 0.000000e+00
1900.000000 0.000000e+00
1905.000000 0.000000e+00
1910.000000 0.000000e+00
1915.000000 0.000000e+00
1920.000000 0.000000e+00
1925.000000 0.000000e+00
1930.000000 0.000000e+00
1935.000000 0.000000e+00
1940.000000 0.000000e+00
1945.000000 0.000000e+00
1950.000000 0.000000e+00
1955.000000 0.000000e+00
1960.000000 0.000000e+00
1965.000000 0.000000e+00
1970.000000 0.000000e+00
1975.000000 0.000000e+00
1980.000000 0.000000e+00
1985.000000 0.000000e+00
1990.000000 0.000000e+00
1995.000000 0.000000e+00
2000.000000 0.000000e+00
2005.000000 0.000000e+00
2010.000000 0.000000e+00
2015.000000 0.000000e+00
2020.000000 0.000000e+00
2025.000000 0.000000e+00
2030.000000 0.000000e+00
2035.000000 0.000000e+00
2040.000000 0.000000e+00
2045.000000 0.000000e+00
2050.000000 0.000000e+00
2055.000000 0.000000e+00
2060.000000 0.000000e+00
2065.000000 0.000000e+00
2070.000000 0.000000e+00
2075.000000 0.000000e+00
2080.000000 0.000000e+00
2085.000000 0.000000e+00
2090.000000 0.000000e+00
2095.000000 0.000000e+00
2100.000000 0.000000e+00
2105.000000 0.000000e+00
2110.000000 0.000000e+00
2115.000000 0.000000e+00
2120.000000 0.000000e+00
2125.000000 0.000000e+00
2130.000000 0.000000e+00
2135.000000 0.000000e+00
2140.000000 0.000000e+00
2145.000000 0.000000e+00
2150.000000 0.000000e+00
2155.000000 0.000000e+00
2160.000000 0.000000e+00
2165.000000 0.000000e+00
2170.000000 0.000000e+00
2175.000000 0.000000e+00
2180.000000 0.000000e+00
2185.000000 0.000000e+00
2190.000000 0.000000e+00
2195.000000 0.000000e+00
2200.000000 0.000000e+00
2205.000000 0.000000e+00
2210.000000 0.000000e+00
2215.000000 0.000000e+00
2220.000000 0.000000e+00
2225.000000 0.000000e+00
2230.000000 0.000000e+00
2235.000000 0.000000e+00
2240.000000 0.000000e+00
2245.000000 0.000000e+00
2250.000000 0.000000e+00
2255.000000 0.000000e+00
2260.000000 0.000000e+00
2265.000000 0.000000e+00
2270.000000 0.000000e+00
2275.000000 0.000000e+00
2280.000000 0.000000e+00
2285.000000 0.000000e+00
2290.000000 0.000000e+00
2295.000000 0.000000e+00
2300.000000 0.000000e+00
2305.000000 0.000000e+00
2310.000000 0.000000e+00
2315.000000 0.000000e+00
2320.000000 0.000000e+00
2325.000000 0.000000e+00
2330.000000 0.000000e+00
2335.000000 0.000000e+00
2340.000000 0.000000e+00
2345.000000 0.000000e+00
2350.000000 0.000000e+00
2355.000000 0.000000e+00
2360.000000 0.000000e+00
2365.000000 0.000000e+00
2370.000000 0.000000e+00
2375.000000 0.000000e+00
2380.000000 0.000000e+00
2385.000000 0.000000e+00
2390.000000 0.000000e+00
2395.000000 0.000000e+00
2400.000000 0.000000e+00
2405.000000 0.000000e+00
2410.000000 0.000000e+00
2415.000000 0.000000e+00
2420.000000 0.000000e+00
2425.000000 0.000000e+00
2430.000000 0.000000e+00
2435.000000 0.000000e+00
2440.000000 0.000000e+00
2445.000000 0.000000e+00
2450.000000 0.000000e+00
2455.000000 0.000000e+00
2460.000000 0.000000e+00
2465.000000 0.000000e+00
2470.000000 0.000000e+00
2475.000000 0.000000e+00
2480.000000 0.000000e+00
2485.000000 0.000000e+00
2490.000000 0.000000e+00
2495.000000 0.000000e+00
2500.000000 0.000000e+00
2505.000000 0.000000e+00
2510.000000 0.000000e+00
2515.000000 0.000000e+00
2520.000000 0.000000e+00
2525.000000 0.000000e+00
2530.000000 0.000000e+00
2535.000000 0.000000e+00
2540.000000 0.000000e+00
2545.000000 0.000000e+00
2550.000000 0.000000e+00
2555.000000 0.000000e+00
2560.000000 0.000000e+00
2565.000000 0.000000e+00
2570.000000 0.000000e+00
2575.000000 0.000000e+00
2580.000000 0.000000e+00
2585.000000 0.000000e+00
2590.000000 0.000000e+00
2595.000000 0.000000e+00
2600.000000 0.000000e+00
2605.000000 0.000000e+00
2610.000000 0.000000e+00
2615.000000 0.000000e+00
2620.000000 0.000000e+00
2625.000000 0.000000e+00
2630.000000 0.000000e+00
2635.000000 0.000000e+00
2640.000000 0.000000e+00
2645.000000 0.000000e+00
2650.000000 0.000000e+00
2655.000000 0.000000e+00
2660.000000 0.000000e+00
2665.000000 0.000000e+00
2670.000000 0.000000e+00
2675.000000 0.000000e+00
2680.000000 0.000000e+00
2685.000000 0.000000e+00
2690.000000 0.000000e+00
2695.000000 0.000000e+00
2700.000000 0.000000e+00
2705.000000 0.000000e+00
2710.000000 0.000000e+00
2715.000000 0.000000e+00
2720.000000 0.000000e+00
2725.000000 0.000000e+00
2730.000000 0.000000e+00
2735.000000 0.000000e+00
2740.000000 0.000000e+00
2745.000000 0.000000e+00
2750.000000 0.000000e+00
2755.000000 4.103253e-16
2760.000000 3.278142e-15
2765.000000 6.144475e-15
2770.000000 6.553313e-15
2775.000000 6.963634e-15
2780.000000 9.421117e-15
2785.000000 9.419666e-15
2790.000000 6.551849e-15
2795.000000 3.275192e-15
2800.000000 4.088509e-16
2805.000000 0.000000e+00
2810.000000 0.000000e+00
2815.000000 0.000000e+00
2820.000000 0.000000e+00
2825.000000 0.000000e+00
2830.000000 0.000000e+00
2835.000000 0.000000e+00
2840.000000 0.000000e+00
2845.000000 0.000000e+00
2850.000000 2.872105e-15
2855.000000 2.294667e-14
2860.000000 4.629355e-14
2865.000000 7.168761e-14
2870.000000 9.421248e-14
2875.000000 1.105929e-13
2880.000000 1.191893e-13
2885.000000 1.130390e-13
2890.000000 9.296312e-14
2895.000000 5.609223e-14
2900.000000 7.359767e-15
2905.000000 0.000000e+00
2910.000000 0.000000e+00
2915.000000 0.000000e+00
2920.000000 0.000000e+00
2925.000000 0.000000e+00
2930.000000 0.000000e+00
2935.000000 0.000000e+00
2940.000000 0.000000e+00
2945.000000 0.000000e+00
2950.000000 3.856600e-14
2955.000000 3.183931e-13
2960.000000 7.075291e-13
2965.000000 1.172435e-12
2970.000000 1.707787e-12
2975.000000 2.300885e-12
2980.000000 2.948046e-12
2985.000000 3.639025e-12
2990.000000 4.368095e-12
2995.000000 5.125015e-12
3000.000000 5.906508e-12
3005.000000 6.703147e-12
3010.000000 7.515766e-12
3015.000000 8.345177e-12
3020.000000 9.193842e-12
3025.000000 1.006258e-11
3030.000000 1.095383e-11
3035.000000 1.186802e-11
3040.000000 1.280558e-11
3045.000000 1.376974e-11
3050.000000 1.476463e-11
3055.000000 1.578244e-11
3060.000000 1.681255e-11
3065.000000 1.783977e-11
3070.000000 1.884937e-11
3075.000000 1.982171e-11
3080.000000 2.074570e-11
3085.000000 2.159964e-11
3090.000000 2.237086e-11
3095.000000 2.304337e-11
3100.000000 2.359950e-11
3105.000000 2.403483e-11
3110.000000 2.436864e-11
3115.000000 2.462459e-11
3120.000000 2.483102e-11
3125.000000 2.501532e-11
3130.000000 2.520781e-11
3135.000000 2.543191e-11
3140.000000 2.571945e-11
3145.000000 2.609384e-11
3150.000000 2.658415e-11
3155.000000 3.752942e-11
3160.000000 1.007454e-10
3165.000000 1.148847e-10
3170.000000 1.091426e-10
3175.000000 8.991178e-11
3180.000000 7.128051e-11
3185.000000 6.627031e-11
3190.000000 6.811499e-11
3195.000000 6.988937e-11
3200.000000 8.521340e-11
3205.000000 8.460711e-11
3210.000000 9.289985e-11
3215.000000 1.133920e-10
3220.000000 1.248509e-10
3225.000000 1.107683e-10
3230.000000 8.689905e-11
3235.000000 7.328863e-11
3240.000000 6.876118e-11
3245.000000 6.604984e-11
3250.000000 6.384946e-11
3255.000000 6.229296e-11
3260.000000 5.883983e-11
3265.000000 5.235286e-11
3270.000000 4.814853e-11
3275.000000 5.121355e-11
3280.000000 5.914526e-11
3285.000000 6.707648e-11
3290.000000 7.137776e-11
3295.000000 7.139180e-11
3300.000000 7.257737e-11
3305.000000 7.897254e-11
3310.000000 8.506282e-11
3315.000000 8.500139e-11
3320.000000 8.164502e-11
3325.000000 7.954448e-11
3330.000000 7.877585e-11
3335.000000 7.799773e-11
3340.000000 7.687645e-11
3345.000000 7.555267e-11
3350.000000 7.426498e-11
3355.000000 7.335888e-11
3360.000000 7.335841e-11
3365.000000 7.404723e-11
3370.000000 7.332553e-11
3375.000000 7.114833e-11
3380.000000 7.432468e-11
3385.000000 8.686932e-11
3390.000000 9.902058e-11
3395.000000 1.023774e-10
3400.000000 1.055508e-10
3405.000000 1.170370e-10
3410.000000 1.280992e-10
3415.000000 1.292126e-10
3420.000000 1.262060e-10
3425.000000 1.270549e-10
3430.000000 1.298216e-10
3435.000000 1.317156e-10
3440.000000 1.377398e-10
3445.000000 1.517726e-10
3450.000000 1.668553e-10
3455.000000 1.756446e-10
3460.000000 1.807589e-10
3465.000000 1.873352e-10
3470.000000 1.967959e-10
3475.000000 2.074944e-10
3480.000000 2.140617e-10
3485.000000 2.138635e-10
3490.000000 2.146204e-10
3495.000000 2.225803e-10
3500.000000 2.298609e-10
3505.000000 2.262898e-10
3510.000000 2.105169e-10
3515.000000 1.893755e-10
3520.000000 1.813423e-10
3525.000000 1.992913e-10
3530.000000 2.304692e-10
3535.000000 2.598297e-10
3540.000000 2.915198e-10
3545.000000 3.311779e-10
3550.000000 3.684958e-10
3555.000000 3.890780e-10
3560.000000 3.847264e-10
3565.000000 3.549719e-10
3570.000000 3.131793e-10
3575.000000 2.763985e-10
3580.000000 2.575462e-10
3585.000000 2.629752e-10
3590.000000 2.862023e-10
3595.000000 3.180300e-10
3600.000000 3.546930e-10
3605.000000 3.952763e-10
3610.000000 4.405672e-10
3615.000000 4.911395e-10
3620.000000 5.448207e-10
3625.000000 5.921201e-10
3630.000000 6.086129e-10
3635.000000 5.839200e-10
3640.000000 5.584522e-10
3645.000000 5.740318e-10
3650.000000 6.249311e-10
3655.000000 6.865797e-10
3660.000000 7.340188e-10
3665.000000 7.519763e-10
3670.000000 7.493344e-10
3675.000000 7.404573e-10
3680.000000 7.303925e-10
3685.000000 7.205537e-10
3690.000000 7.128539e-10
3695.000000 7.098609e-10
3700.000000 7.147100e-10
3705.000000 7.275565e-10
3710.000000 7.397924e-10
3715.000000 7.374064e-10
3720.000000 7.022571e-10
3725.000000 6.309689e-10
3730.000000 5.623798e-10
3735.000000 5.381638e-10
3740.000000 5.650017e-10
3745.000000 6.333843e-10
3750.000000 7.273004e-10
3755.000000 8.343840e-10
3760.000000 9.560098e-10
3765.000000 1.087581e-09
3770.000000 1.195521e-09
3775.000000 1.245218e-09
3780.000000 1.230072e-09
3785.000000 1.167270e-09
3790.000000 1.106818e-09
3795.000000 1.089522e-09
3800.000000 1.099394e-09
3805.000000 1.095348e-09
3810.000000 1.030759e-09
3815.000000 8.972215e-10
3820.000000 7.880416e-10
3825.000000 7.903259e-10
3830.000000 8.733187e-10
3835.000000 9.672037e-10
3840.000000 1.020599e-09
3845.000000 1.010610e-09
3850.000000 9.672750e-10
3855.000000 9.324653e-10
3860.000000 9.271020e-10
3865.000000 9.552685e-10
3870.000000 9.992936e-10
3875.000000 1.040694e-09
3880.000000 1.079371e-09
3885.000000 1.119657e-09
3890.000000 1.158756e-09
3895.000000 1.192028e-09
3900.000000 1.217372e-09
3905.000000 1.230842e-09
3910.000000 1.219960e-09
3915.000000 1.162529e-09
3920.000000 1.023010e-09
3925.000000 8.020312e-10
3930.000000 6.071249e-10
3935.000000 5.518611e-10
3940.000000 6.548566e-10
3945.000000 8.602856e-10
3950.000000 1.017352e-09
3955.000000 1.005665e-09
3960.000000 8.788989e-10
3965.000000 7.672500e-10
3970.000000 8.210674e-10
3975.000000 1.112399e-09
3980.000000 1.494791e-09
3985.000000 1.796464e-09
3990.000000 1.995996e-09
3995.000000 2.128777e-09
4000.000000 2.223788e-09
4005.000000 2.296919e-09
4010.000000 2.342670e-09
4015.000000 2.360914e-09
4020.000000 2.384543e-09
4025.000000 2.436558e-09
4030.000000 2.481932e-09
4035.000000 2.487260e-09
4040.000000 2.481374e-09
4045.000000 2.503908e-09
4050.000000 2.558010e-09
4055.000000 2.621992e-09
4060.000000 2.649512e-09
4065.000000 2.618764e-09
4070.000000 2.593822e-09
4075.000000 2.638502e-09
4080.000000 2.731730e-09
4085.000000 2.842774e-09
4090.000000 2.998245e-09
4095.000000 3.200026e-09
4100.000000 3.328459e-09
4105.000000 3.272079e-09
4110.000000 3.065554e-09
4115.000000 2.800837e-09
4120.000000 2.570359e-09
4125.000000 2.434120e-09
4130.000000 2.372156e-09
4135.000000 2.355315e-09
4140.000000 2.407028e-09
4145.000000 2.549365e-09
4150.000000 2.743788e-09
4155.000000 2.915693e-09
4160.000000 2.962190e-09
4165.000000 2.830117e-09
4170.000000 2.622420e-09
4175.000000 2.463753e-09
4180.000000 2.379988e-09
4185.000000 2.356291e-09
4190.000000 2.371610e-09
4195.000000 2.392311e-09
4200.000000 2.354310e-09
4205.000000 2.194163e-09
4210.000000 1.885764e-09
4215.000000 1.467665e-09
4220.000000 1.109631e-09
4225.000000 9.853562e-10
4230.000000 1.142775e-09
4235.000000 1.516297e-09
4240.000000 1.874466e-09
4245.000000 2.016914e-09
4250.000000 1.985678e-09
4255.000000 1.894680e-09
4260.000000 1.801644e-09
4265.000000 1.724975e-09
4270.000000 1.645290e-09
4275.000000 1.554315e-09
4280.000000 1.505305e-09
4285.000000 1.540126e-09
4290.000000 1.608485e-09
4295.000000 1.638274e-09
4300.000000 1.596006e-09
4305.000000 1.491550e-09
4310.000000 1.405870e-09
4315.000000 1.411739e-09
4320.000000 1.491435e-09
4325.000000 1.601990e-09
4330.000000 1.723948e-09
4335.000000 1.833283e-09
4340.000000 1.869845e-09
4345.000000 1.791428e-09
4350.000000 1.641840e-09
4355.000000 1.502238e-09
4360.000000 1.461815e-09
4365.000000 1.560773e-09
4370.000000 1.706307e-09
4375.000000 1.791506e-09
4380.000000 1.804006e-09
4385.000000 1.763849e-09
4390.000000 1.681303e-09
4395.000000 1.585054e-09
4400.000000 1.560103e-09
4405.000000 1.644831e-09
4410.000000 1.702206e-09
4415.000000 1.595921e-09
4420.000000 1.368970e-09
4425.000000 1.132005e-09
4430.000000 9.877820e-10
4435.000000 9.923191e-10
4440.000000 1.091092e-09
4445.000000 1.192661e-09
4450.000000 1.219516e-09
4455.000000 1.135271e-09
4460.000000 9.954045e-10
4465.000000 8.814431e-10
4470.000000 8.509551e-10
4475.000000 9.212824e-10
4480.000000 1.031273e-09
4485.000000 1.114436e-09
4490.000000 1.166003e-09
4495.000000 1.192835e-09
4500.000000 1.171558e-09
4505.000000 1.095913e-09
4510.000000 1.035230e-09
4515.000000 1.055935e-09
4520.000000 1.140281e-09
4525.000000 1.242182e-09
4530.000000 1.326808e-09
4535.000000 1.369785e-09
4540.000000 1.362074e-09
4545.000000 1.316159e-09
4550.000000 1.286387e-09
4555.000000 1.328258e-09
4560.000000 1.454968e-09
4565.000000 1.623276e-09
4570.000000 1.688695e-09
4575.000000 1.537109e-09
4580.000000 1.235501e-09
4585.000000 9.167477e-10
4590.000000 7.024249e-10
4595.000000 6.672104e-10
4600.000000 7.772024e-10
4605.000000 9.527686e-10
4610.000000 1.101025e-09
4615.000000 1.146933e-09
4620.000000 1.075336e-09
4625.000000 9.193415e-10
4630.000000 7.779145e-10
4635.000000 7.352374e-10
4640.000000 7.730275e-10
4645.000000 8.426984e-10
4650.000000 9.186707e-10
4655.000000 9.838576e-10
4660.000000 1.018243e-09
4665.000000 1.011801e-09
4670.000000 9.856296e-10
4675.000000 9.750099e-10
4680.000000 1.019689e-09
4685.000000 1.136863e-09
4690.000000 1.280917e-09
4695.000000 1.394512e-09
4700.000000 1.452816e-09
4705.000000 1.456022e-09
4710.000000 1.436156e-09
4715.000000 1.430075e-09
4720.000000 1.456475e-09
4725.000000 1.519880e-09
4730.000000 1.606943e-09
4735.000000 1.708060e-09
4740.000000 1.835633e-09
4745.000000 1.960416e-09
4750.000000 1.927668e-09
4755.000000 1.625618e-09
4760.000000 1.182148e-09
4765.000000 7.921039e-10
4770.000000 5.809617e-10
4775.000000 5.915820e-10
4780.000000 7.256076e-10
4785.000000 8.597086e-10
4790.000000 9.423546e-10
4795.000000 9.604347e-10
4800.000000 9.274559e-10
4805.000000 8.669692e-10
4810.000000 8.063289e-10
4815.000000 7.776858e-10
4820.000000 8.201866e-10
4825.000000 9.461443e-10
4830.000000 1.090804e-09
4835.000000 1.181260e-09
4840.000000 1.201122e-09
4845.000000 1.167557e-09
4850.000000 1.127344e-09
4855.000000 1.124437e-09
4860.000000 1.167937e-09
4865.000000 1.254694e-09
4870.000000 1.383344e-09
4875.000000 1.543330e-09
4880.000000 1.697897e-09
4885.000000 1.817542e-09
4890.000000 1.918269e-09
4895.000000 2.030410e-09
4900.000000 2.176061e-09
4905.000000 2.370152e-09
4910.000000 2.617111e-09
4915.000000 2.906048e-09
4920.000000 3.199790e-09
4925.000000 3.496885e-09
4930.000000 3.903019e-09
4935.000000 4.418926e-09
4940.000000 4.670176e-09
4945.000000 4.293663e-09
4950.000000 3.344541e-09
4955.000000 2.122414e-09
4960.000000 1.130497e-09
4965.000000 7.232825e-10
4970.000000 6.795891e-10
4975.000000 6.769580e-10
4980.000000 6.973064e-10
4985.000000 7.943387e-10
4990.000000 8.931128e-10
4995.000000 9.086485e-10
5000.000000 8.691195e-10
5005.000000 8.377873e-10
5010.000000 8.527396e-10
5015.000000 9.289107e-10
5020.000000 1.049393e-09
5025.000000 1.193934e-09
5030.000000 1.362762e-09
5035.000000 1.552682e-09
5040.000000 1.731247e-09
5045.000000 1.870214e-09
5050.000000 1.982796e-09
5055.000000 2.098838e-09
5060.000000 2.248874e-09
5065.000000 2.447970e-09
5070.000000 2.671517e-09
5075.000000 2.889766e-09
5080.000000 3.097565e-09
5085.000000 3.288198e-09
5090.000000 3.427955e-09
5095.000000 3.504447e-09
5100.000000 3.589223e-09
5105.000000 3.770567e-09
5110.000000 4.091714e-09
5115.000000 4.527013e-09
5120.000000 4.920251e-09
5125.000000 5.132957e-09
5130.000000 5.203167e-09
5135.000000 5.238169e-09
5140.000000 5.344579e-09
5145.000000 5.570964e-09
5150.000000 5.810500e-09
5155.000000 5.836564e-09
5160.000000 5.281726e-09
5165.000000 3.989526e-09
5170.000000 2.489909e-09
5175.000000 1.405756e-09
5180.000000 9.109805e-10
5185.000000 9.202279e-10
5190.000000 1.135165e-09
5195.000000 1.286087e-09
5200.000000 1.372724e-09
5205.000000 1.475749e-09
5210.000000 1.616690e-09
5215.000000 1.785309e-09
5220.000000 1.955441e-09
5225.000000 2.095703e-09
5230.000000 2.176336e-09
5235.000000 2.192453e-09
5240.000000 2.201487e-09
5245.000000 2.260085e-09
5250.000000 2.360069e-09
5255.000000 2.463569e-09
5260.000000 2.523830e-09
5265.000000 2.529318e-09
5270.000000 2.564809e-09
5275.000000 2.703281e-09
5280.000000 2.892469e-09
5285.000000 3.061852e-09
5290.000000 3.218198e-09
5295.000000 3.376305e-09
5300.000000 3.492334e-09
5305.000000 3.518785e-09
5310.000000 3.461545e-09
5315.000000 3.362076e-09
5320.000000 3.298385e-09
5325.000000 3.326235e-09
5330.000000 3.410146e-09
5335.000000 3.510375e-09
5340.000000 3.662313e-09
5345.000000 3.876393e-09
5350.000000 4.023508e-09
5355.000000 3.984156e-09
5360.000000 3.808304e-09
5365.000000 3.620910e-09
5370.000000 3.566292e-09
5375.000000 3.716508e-09
5380.000000 3.942653e-09
5385.000000 4.103292e-09
5390.000000 4.220891e-09
5395.000000 4.346694e-09
5400.000000 4.441770e-09
5405.000000 4.467050e-09
5410.000000 4.476460e-09
5415.000000 4.529050e-09
5420.000000 4.604293e-09
5425.000000 4.683398e-09
5430.000000 4.825097e-09
5435.000000 5.017743e-09
5440.000000 4.994868e-09
5445.000000 4.545462e-09
5450.000000 3.858695e-09
5455.000000 3.210781e-09
5460.000000 2.702674e-09
5465.000000 2.366102e-09
5470.000000 2.233217e-09
5475.000000 2.302350e-09
5480.000000 2.474841e-09
5485.000000 2.635913e-09
5490.000000 2.726319e-09
5495.000000 2.726253e-09
5500.000000 2.664604e-09
5505.000000 2.603207e-09
5510.000000 2.639892e-09
5515.000000 2.823852e-09
5520.000000 3.044930e-09
5525.000000 3.190427e-09
5530.000000 3.298523e-09
5535.000000 3.437833e-09
5540.000000 3.602171e-09
5545.000000 3.756710e-09
5550.000000 3.870164e-09
5555.000000 3.912765e-09
5560.000000 3.854839e-09
5565.000000 3.690946e-09
5570.000000 3.480251e-09
5575.000000 3.296021e-09
5580.000000 3.181675e-09
5585.000000 3.135146e-09
5590.000000 3.069130e-09
5595.000000 2.912946e-09
5600.000000 2.722037e-09
5605.000000 2.575128e-09
5610.000000 2.483905e-09
5615.000000 2.428472e-09
5620.000000 2.378368e-09
5625.000000 2.324294e-09
5630.000000 2.318347e-09
5635.000000 2.402131e-09
5640.000000 2.529939e-09
5645.000000 2.648387e-09
5650.000000 2.770274e-09
5655.000000 2.908372e-09
5660.000000 3.010049e-09
5665.000000 3.037389e-09
5670.000000 3.056310e-09
5675.000000 3.134632e-09
5680.000000 3.241830e-09
5685.000000 3.336910e-09
5690.000000 3.451556e-09
5695.000000 3.629506e-09
5700.000000 3.867664e-09
5705.000000 4.118300e-09
5710.000000 4.270973e-09
5715.000000 4.270512e-09
5720.000000 4.261052e-09
5725.000000 4.362854e-09
5730.000000 4.439633e-09
5735.000000 4.346383e-09
5740.000000 4.174485e-09
5745.000000 4.064818e-09
5750.000000 4.045083e-09
5755.000000 4.095746e-09
5760.000000 4.192828e-09
5765.000000 4.314995e-09
5770.000000 4.447788e-09
5775.000000 4.579385e-09
5780.000000 4.698455e-09
5785.000000 4.795965e-09
5790.000000 4.868765e-09
5795.000000 4.916022e-09
5800.000000 4.936899e-09
5805.000000 4.928457e-09
5810.000000 4.882305e-09
5815.000000 4.787944e-09
5820.000000 4.635216e-09
5825.000000 4.419412e-09
5830.000000 4.150013e-09
5835.000000 3.841951e-09
5840.000000 3.595527e-09
5845.000000 3.710734e-09
5850.000000 3.164841e-09
5855.000000 2.955770e-09
5860.000000 2.666263e-09
5865.000000 2.385176e-09
5870.000000 2.447044e-09
5875.000000 2.968894e-09
5880.000000 2.326009e-09
5885.000000 2.197529e-09
5890.000000 2.332240e-09
5895.000000 2.315588e-09
5900.000000 2.095068e-09
5905.000000 1.799154e-09
5910.000000 1.884751e-09
5915.000000 2.302180e-09
5920.000000 2.370742e-09
5925.000000 1.894786e-09
5930.000000 2.282420e-09
5935.000000 2.927526e-09
5940.000000 3.171398e-09
5945.000000 2.496383e-09
5950.000000 2.568092e-09
5955.000000 2.821757e-09
5960.000000 2.553386e-09
5965.000000 3.245850e-09
5970.000000 3.328965e-09
5975.000000 3.315408e-09
5980.000000 3.569943e-09
5985.000000 4.136984e-09
5990.000000 4.232831e-09
5995.000000 4.181820e-09
6000.000000 4.629468e-09
6005.000000 4.584355e-09
6010.000000 4.766552e-09
6015.000000 4.627569e-09
6020.000000 4.851928e-09
6025.000000 5.128955e-09
6030.000000 5.088908e-09
6035.000000 5.245996e-09
6040.000000 5.898578e-09
6045.000000 5.928299e-09
6050.000000 5.553325e-09
6055.000000 5.850069e-09
6060.000000 6.239564e-09
6065.000000 6.048129e-09
6070.000000 6.219043e-09
6075.000000 6.292422e-09
6080.000000 6.034492e-09
6085.000000 5.913945e-09
6090.000000 6.197321e-09
6095.000000 6.311438e-09
6100.000000 6.553313e-09
6105.000000 6.615775e-09
6110.000000 6.864818e-09
6115.000000 6.751395e-09
6120.000000 6.886010e-09
6125.000000 7.262282e-09
6130.000000 7.261460e-09
6135.000000 6.993502e-09
6140.000000 7.025875e-09
6145.000000 6.603222e-09
6150.000000 5.722021e-09
6155.000000 4.878147e-09
6160.000000 4.144329e-09
6165.000000 3.667958e-09
6170.000000 3.484466e-09
6175.000000 3.934817e-09
6180.000000 3.225876e-09
6185.000000 2.753277e-09
6190.000000 2.318462e-09
6195.000000 2.510026e-09
6200.000000 2.834362e-09
6205.000000 2.685886e-09
6210.000000 3.188255e-09
6215.000000 3.238918e-09
6220.000000 3.243646e-09
6225.000000 3.240374e-09
6230.000000 3.325683e-09
6235.000000 3.402648e-09
6240.000000 3.503972e-09
6245.000000 3.597042e-09
6250.000000 3.202322e-09
6255.000000 3.668544e-09
6260.000000 4.357574e-09
6265.000000 4.784400e-09
6270.000000 5.010210e-09
6275.000000 4.515176e-09
6280.000000 4.417072e-09
6285.000000 4.042917e-09
6290.000000 4.722112e-09
6295.000000 5.170895e-09
6300.000000 5.254010e-09
6305.000000 5.736251e-09
6310.000000 5.987386e-09
6315.000000 6.246786e-09
6320.000000 6.263052e-09
6325.000000 6.040156e-09
6330.000000 6.425288e-09
6335.000000 6.799302e-09
6340.000000 6.976755e-09
6345.000000 7.229694e-09
6350.000000 6.958422e-09
6355.000000 6.787872e-09
6360.000000 6.819937e-09
6365.000000 7.089778e-09
6370.000000 7.464199e-09
6375.000000 7.807738e-09
6380.000000 8.058793e-09
6385.000000 8.059335e-09
6390.000000 8.426701e-09
6395.000000 8.844345e-09
6400.000000 9.153093e-09
6405.000000 9.110401e-09
6410.000000 9.385593e-09
6415.000000 9.241052e-09
6420.000000 9.043453e-09
6425.000000 8.951980e-09
6430.000000 9.562925e-09
6435.000000 9.902671e-09
6440.000000 1.026515e-08
6445.000000 1.050447e-08
6450.000000 1.080311e-08
6455.000000 1.101339e-08
6460.000000 1.115784e-08
6465.000000 1.159968e-08
6470.000000 1.195484e-08
6475.000000 1.240625e-08
6480.000000 1.192913e-08
6485.000000 1.125452e-08
6490.000000 1.142428e-08
6495.000000 1.211568e-08
6500.000000 1.233760e-08
6505.000000 1.219170e-08
6510.000000 1.253486e-08
6515.000000 1.290707e-08
6520.000000 1.331466e-08
6525.000000 1.345275e-08
6530.000000 1.366897e-08
6535.000000 1.377221e-08
6540.000000 1.406844e-08
6545.000000 1.284731e-08
6550.000000 1.281598e-08
6555.000000 1.248678e-08
6560.000000 1.192404e-08
6565.000000 1.119641e-08
6570.000000 1.054814e-08
6575.000000 1.040474e-08
6580.000000 1.067379e-08
6585.000000 1.080369e-08
6590.000000 1.074066e-08
6595.000000 1.038268e-08
6600.000000 1.041463e-08
6605.000000 1.045484e-08
6610.000000 1.016076e-08
6615.000000 1.010872e-08
6620.000000 9.841565e-09
6625.000000 9.272322e-09
6630.000000 8.764929e-09
6635.000000 8.850431e-09
6640.000000 8.559950e-09
6645.000000 8.124483e-09
6650.000000 7.299565e-09
6655.000000 7.004215e-09
6660.000000 6.913192e-09
6665.000000 6.876767e-09
6670.000000 7.057949e-09
6675.000000 6.843419e-09
6680.000000 6.437471e-09
6685.000000 6.180692e-09
6690.000000 6.188543e-09
6695.000000 6.090328e-09
6700.000000 6.502019e-09
6705.000000 6.625540e-09
6710.000000 6.323143e-09
6715.000000 5.712189e-09
6720.000000 5.737841e-09
6725.000000 6.115050e-09
6730.000000 6.131495e-09
6735.000000 6.409229e-09
6740.000000 6.740464e-09
6745.000000 6.815206e-09
6750.000000 6.867601e-09
6755.000000 7.245285e-09
6760.000000 7.574418e-09
6765.000000 7.689355e-09
6770.000000 8.201720e-09
6775.000000 8.650677e-09
6780.000000 8.734998e-09
6785.000000 8.211171e-09
6790.000000 8.453908e-09
6795.000000 8.603259e-09
6800.000000 7.995416e-09
6805.000000 9.214122e-09
6810.000000 9.366720e-09
6815.000000 9.730921e-09
6820.000000 1.025431e-08
6825.000000 1.073847e-08
6830.000000 1.123132e-08
6835.000000 1.160169e-08
6840.000000 1.199239e-08
6845.000000 1.235050e-08
6850.000000 1.265692e-08
6855.000000 1.296925e-08
6860.000000 1.329546e-08
6865.000000 1.361972e-08
6870.000000 1.403758e-08
6875.000000 1.450392e-08
6880.000000 1.503058e-08
6885.000000 1.562575e-08
6890.000000 1.626877e-08
6895.000000 1.693172e-08
6900.000000 1.758253e-08
6905.000000 1.820316e-08
6910.000000 1.879385e-08
6915.000000 1.935497e-08
6920.000000 1.989568e-08
6925.000000 2.044339e-08
6930.000000 2.102223e-08
6935.000000 2.162939e-08
6940.000000 2.229173e-08
6945.000000 2.300948e-08
6950.000000 2.373909e-08
6955.000000 2.445169e-08
6960.000000 2.511680e-08
6965.000000 2.569667e-08
6970.000000 2.620439e-08
6975.000000 2.696033e-08
6980.000000 2.751346e-08
6985.000000 2.735242e-08
6990.000000 2.709543e-08
6995.000000 2.761515e-08
7000.000000 2.785786e-08
7005.000000 2.828694e-08
7010.000000 2.911266e-08
7015.000000 2.933213e-08
7020.000000 2.909386e-08
7025.000000 2.877787e-08
7030.000000 2.834280e-08
7035.000000 2.749919e-08
7040.000000 2.616808e-08
7045.000000 2.509831e-08
7050.000000 2.180658e-08
7055.000000 1.612350e-08
7060.000000 1.345612e-08
7065.000000 1.199172e-08
7070.000000 1.144450e-08
7075.000000 1.138290e-08
7080.000000 1.140522e-08
7085.000000 1.054437e-08
7090.000000 9.271142e-09
7095.000000 8.784864e-09
7100.000000 8.728555e-09
7105.000000 9.429760e-09
7110.000000 9.895278e-09
7115.000000 1.002651e-08
7120.000000 9.674430e-09
7125.000000 8.718486e-09
7130.000000 8.125705e-09
7135.000000 7.763745e-09
7140.000000 7.859946e-09
7145.000000 8.629219e-09
7150.000000 9.056927e-09
7155.000000 9.506861e-09
7160.000000 1.011591e-08
7165.000000 1.000607e-08
7170.000000 1.020135e-08
7175.000000 1.056405e-08
7180.000000 1.126957e-08
7185.000000 1.152663e-08
7190.000000 1.166018e-08
7195.000000 1.197320e-08
7200.000000 1.211749e-08
7205.000000 1.231996e-08
7210.000000 1.280772e-08
7215.000000 1.387564e-08
7220.000000 1.416850e-08
7225.000000 1.465283e-08
7230.000000 1.503928e-08
7235.000000 1.571140e-08
7240.000000 1.637144e-08
7245.000000 1.745801e-08
7250.000000 1.870630e-08
7255.000000 1.960309e-08
7260.000000 2.067147e-08
7265.000000 2.131347e-08
7270.000000 2.174130e-08
7275.000000 2.207669e-08
7280.000000 2.304396e-08
7285.000000 2.451517e-08
7290.000000 2.576524e-08
7295.000000 2.752548e-08
7300.000000 2.921401e-08
7305.000000 3.076735e-08
7310.000000 3.223042e-08
7315.000000 3.391896e-08
7320.000000 3.563657e-08
7325.000000 3.670911e-08
7330.000000 3.802858e-08
7335.000000 3.938061e-08
7340.000000 4.061901e-08
7345.000000 4.034049e-08
7350.000000 4.132970e-08
7355.000000 4.261841e-08
7360.000000 4.411794e-08
7365.000000 4.575184e-08
7370.000000 4.726396e-08
7375.000000 4.810954e-08
7380.000000 4.951471e-08
7385.000000 4.994778e-08
7390.000000 5.061137e-08
7395.000000 5.104478e-08
7400.000000 5.200744e-08
7405.000000 5.230296e-08
7410.000000 5.251140e-08
7415.000000 5.223097e-08
7420.000000 5.254472e-08
7425.000000 5.343495e-08
7430.000000 5.389480e-08
7435.000000 5.366228e-08
7440.000000 5.391118e-08
7445.000000 5.444089e-08
7450.000000 5.481844e-08
7455.000000 5.476639e-08
7460.000000 5.559849e-08
7465.000000 5.707074e-08
7470.000000 5.737873e-08
7475.000000 5.835541e-08
7480.000000 5.989831e-08
7485.000000 6.114617e-08
7490.000000 6.121318e-08
7495.000000 6.067912e-08
7500.000000 6.180199e-08
7505.000000 6.250932e-08
7510.000000 6.339468e-08
7515.000000 6.408997e-08
7520.000000 6.557285e-08
7525.000000 6.669962e-08
7530.000000 6.729768e-08
7535.000000 6.820944e-08
7540.000000 6.970347e-08
7545.000000 7.091071e-08
7550.000000 7.111270e-08
7555.000000 7.028033e-08
7560.000000 6.891129e-08
7565.000000 6.704954e-08
7570.000000 6.480489e-08
7575.000000 6.238174e-08
7580.000000 5.997666e-08
7585.000000 5.772769e-08
7590.000000 5.551827e-08
7595.000000 5.315031e-08
7600.000000 5.045157e-08
7605.000000 4.736841e-08
7610.000000 4.412966e-08
7615.000000 4.106839e-08
7620.000000 3.852379e-08
7625.000000 3.671627e-08
7630.000000 3.552739e-08
7635.000000 3.470728e-08
7640.000000 3.399824e-08
7645.000000 3.320316e-08
7650.000000 3.228322e-08
7655.000000 3.126047e-08
7660.000000 3.016457e-08
7665.000000 2.904032e-08
7670.000000 2.796591e-08
7675.000000 2.702356e-08
7680.000000 2.633445e-08
7685.000000 2.598785e-08
7690.000000 2.593954e-08
7695.000000 2.608570e-08
7700.000000 2.631549e-08
7705.000000 2.656175e-08
7710.000000 2.677617e-08
7715.000000 2.694986e-08
7720.000000 2.706024e-08
7725.000000 2.711182e-08
7730.000000 2.739221e-08
7735.000000 2.817896e-08
7740.000000 2.827133e-08
7745.000000 2.752171e-08
7750.000000 2.679025e-08
7755.000000 2.674840e-08
7760.000000 2.759461e-08
7765.000000 2.832826e-08
7770.000000 2.957773e-08
7775.000000 3.020909e-08
7780.000000 3.074352e-08
7785.000000 3.121918e-08
7790.000000 3.232651e-08
7795.000000 3.341943e-08
7800.000000 3.448395e-08
7805.000000 3.583563e-08
7810.000000 3.694452e-08
7815.000000 3.737885e-08
7820.000000 3.696781e-08
7825.000000 3.562387e-08
7830.000000 3.486907e-08
7835.000000 3.484765e-08
7840.000000 3.507130e-08
7845.000000 3.564923e-08
7850.000000 3.558729e-08
7855.000000 3.598776e-08
7860.000000 3.614733e-08
7865.000000 3.606194e-08
7870.000000 3.642938e-08
7875.000000 3.746251e-08
7880.000000 3.843924e-08
7885.000000 3.926763e-08
7890.000000 3.946934e-08
7895.000000 3.867778e-08
7900.000000 3.823336e-08
7905.000000 3.796717e-08
7910.000000 3.772588e-08
7915.000000 3.788610e-08
7920.000000 3.817643e-08
7925.000000 3.903586e-08
7930.000000 4.055840e-08
7935.000000 4.111701e-08
7940.000000 4.112273e-08
7945.000000 4.209329e-08
7950.000000 4.275028e-08
7955.000000 4.335165e-08
7960.000000 4.378277e-08
7965.000000 4.477797e-08
7970.000000 4.547788e-08
7975.000000 4.534562e-08
7980.000000 4.516193e-08
7985.000000 4.535177e-08
7990.000000 4.660614e-08
7995.000000 4.772451e-08
8000.000000 4.899632e-08
8005.000000 5.114765e-08
8010.000000 5.361446e-08
8015.000000 5.573814e-08
8020.000000 5.745369e-08
8025.000000 5.928222e-08
8030.000000 6.182428e-08
8035.000000 6.470913e-08
8040.000000 6.702267e-08
8045.000000 6.919269e-08
8050.000000 7.222296e-08
8055.000000 7.536208e-08
8060.000000 7.834006e-08
8065.000000 7.996407e-08
8070.000000 8.142354e-08
8075.000000 8.429210e-08
8080.000000 8.773661e-08
8085.000000 9.032033e-08
8090.000000 9.259435e-08
8095.000000 9.563173e-08
8100.000000 9.907684e-08
8105.000000 1.027661e-07
8110.000000 1.055119e-07
8115.000000 1.078591e-07
8120.000000 1.120917e-07
8125.000000 1.163632e-07
8130.000000 1.187235e-07
8135.000000 1.213506e-07
8140.000000 1.240447e-07
8145.000000 1.261719e-07
8150.000000 1.284471e-07
8155.000000 1.296429e-07
8160.000000 1.290856e-07
8165.000000 1.316574e-07
8170.000000 1.344428e-07
8175.000000 1.343729e-07
8180.000000 1.316984e-07
8185.000000 1.305749e-07
8190.000000 1.272379e-07
8195.000000 1.172902e-07
8200.000000 1.074216e-07
8205.000000 1.006502e-07
8210.000000 9.843608e-08
8215.000000 9.893969e-08
8220.000000 1.003568e-07
8225.000000 1.011573e-07
8230.000000 1.027522e-07
8235.000000 1.078836e-07
8240.000000 1.110346e-07
8245.000000 1.117917e-07
8250.000000 1.085850e-07
8255.000000 1.067744e-07
8260.000000 1.069857e-07
8265.000000 1.057447e-07
8270.000000 1.014315e-07
8275.000000 9.765166e-08
8280.000000 9.525797e-08
8285.000000 9.277207e-08
8290.000000 9.095169e-08
8295.000000 8.973072e-08
8300.000000 8.733191e-08
8305.000000 8.668640e-08
8310.000000 8.827704e-08
8315.000000 8.989062e-08
8320.000000 9.077956e-08
8325.000000 9.219244e-08
8330.000000 9.197005e-08
8335.000000 9.001486e-08
8340.000000 9.060744e-08
8345.000000 8.947080e-08
8350.000000 8.938425e-08
8355.000000 9.022467e-08
8360.000000 9.043523e-08
8365.000000 9.012445e-08
8370.000000 8.913112e-08
8375.000000 8.723452e-08
8380.000000 8.677527e-08
8385.000000 8.533232e-08
8390.000000 8.566455e-08
8395.000000 8.758703e-08
8400.000000 8.935127e-08
8405.000000 9.000842e-08
8410.000000 8.987318e-08
8415.000000 8.763883e-08
8420.000000 8.329705e-08
8425.000000 7.913202e-08
8430.000000 7.312672e-08
8435.000000 6.543343e-08
8440.000000 6.021320e-08
8445.000000 5.494530e-08
8450.000000 5.180543e-08
8455.000000 4.963520e-08
8460.000000 4.920715e-08
8465.000000 4.887599e-08
8470.000000 4.919920e-08
8475.000000 5.066446e-08
8480.000000 5.207852e-08
8485.000000 5.366773e-08
8490.000000 5.355849e-08
8495.000000 5.336305e-08
8500.000000 5.426380e-08
8505.000000 5.414438e-08
8510.000000 5.393880e-08
8515.000000 5.389876e-08
8520.000000 5.445285e-08
8525.000000 5.591023e-08
8530.000000 5.640420e-08
8535.000000 5.701149e-08
8540.000000 5.782140e-08
8545.000000 5.985680e-08
8550.000000 6.191264e-08
8555.000000 6.304678e-08
8560.000000 6.368649e-08
8565.000000 6.506354e-08
8570.000000 6.573377e-08
8575.000000 6.623165e-08
8580.000000 6.700494e-08
8585.000000 6.863303e-08
8590.000000 7.008688e-08
8595.000000 7.177199e-08
8600.000000 7.362195e-08
8605.000000 7.635505e-08
8610.000000 7.926155e-08
8615.000000 8.163281e-08
8620.000000 8.317158e-08
8625.000000 8.392974e-08
8630.000000 8.528917e-08
8635.000000 8.591174e-08
8640.000000 8.601072e-08
8645.000000 8.568521e-08
8650.000000 8.595978e-08
8655.000000 8.561816e-08
8660.000000 8.534579e-08
8665.000000 8.721341e-08
8670.000000 8.946026e-08
8675.000000 9.140888e-08
8680.000000 9.339950e-08
8685.000000 9.522511e-08
8690.000000 9.750762e-08
8695.000000 1.006767e-07
8700.000000 1.032196e-07
8705.000000 1.058299e-07
8710.000000 1.080285e-07
8715.000000 1.093978e-07
8720.000000 1.108014e-07
8725.000000 1.123918e-07
8730.000000 1.130693e-07
8735.000000 1.137143e-07
8740.000000 1.158055e-07
8745.000000 1.175201e-07
8750.000000 1.195222e-07
8755.000000 1.213105e-07
8760.000000 1.222617e-07
8765.000000 1.230494e-07
8770.000000 1.249111e-07
8775.000000 1.272939e-07
8780.000000 1.298960e-07
8785.000000 1.319779e-07
8790.000000 1.337553e-07
8795.000000 1.357587e-07
8800.000000 1.371996e-07
8805.000000 1.388218e-07
8810.000000 1.428117e-07
8815.000000 1.450170e-07
8820.000000 1.450350e-07
8825.000000 1.462091e-07
8830.000000 1.482024e-07
8835.000000 1.476405e-07
8840.000000 1.469248e-07
8845.000000 1.448461e-07
8850.000000 1.392841e-07
8855.000000 1.261798e-07
8860.000000 1.084709e-07
8865.000000 9.869727e-08
8870.000000 9.165973e-08
8875.000000 8.947433e-08
8880.000000 9.028093e-08
8885.000000 9.230527e-08
8890.000000 9.519206e-08
8895.000000 9.828103e-08
8900.000000 1.024584e-07
8905.000000 1.059271e-07
8910.000000 1.075881e-07
8915.000000 1.093355e-07
8920.000000 1.117853e-07
8925.000000 1.138257e-07
8930.000000 1.129661e-07
8935.000000 1.096158e-07
8940.000000 1.066420e-07
8945.000000 1.052591e-07
8950.000000 1.050035e-07
8955.000000 1.064930e-07
8960.000000 1.089506e-07
8965.000000 1.119972e-07
8970.000000 1.156629e-07
8975.000000 1.194952e-07
8980.000000 1.219203e-07
8985.000000 1.232189e-07
8990.000000 1.249919e-07
8995.000000 1.286491e-07
9000.000000 1.298653e-07
9005.000000 1.323189e-07
9010.000000 1.327997e-07
9015.000000 1.312560e-07
9020.000000 1.330132e-07
9025.000000 1.354902e-07
9030.000000 1.392868e-07
9035.000000 1.439091e-07
9040.000000 1.469950e-07
9045.000000 1.488345e-07
9050.000000 1.510882e-07
9055.000000 1.528550e-07
9060.000000 1.530910e-07
9065.000000 1.531325e-07
9070.000000 1.524099e-07
9075.000000 1.542370e-07
9080.000000 1.536323e-07
9085.000000 1.539541e-07
9090.000000 1.573886e-07
9095.000000 1.602901e-07
9100.000000 1.609203e-07
9105.000000 1.614624e-07
9110.000000 1.639172e-07
9115.000000 1.634970e-07
9120.000000 1.640897e-07
9125.000000 1.649437e-07
9130.000000 1.630676e-07
9135.000000 1.628802e-07
9140.000000 1.653737e-07
9145.000000 1.664890e-07
9150.000000 1.657076e-07
9155.000000 1.656012e-07
9160.000000 1.690823e-07
9165.000000 1.688537e-07
9170.000000 1.684954e-07
9175.000000 1.699792e-07
9180.000000 1.730711e-07
9185.000000 1.741958e-07
9190.000000 1.727920e-07
9195.000000 1.698312e-07
9200.000000 1.667506e-07
9205.000000 1.606785e-07
9210.000000 1.547760e-07
9215.000000 1.510594e-07
9220.000000 1.471659e-07
9225.000000 1.444861e-07
9230.000000 1.421030e-07
9235.000000 1.417348e-07
9240.000000 1.416952e-07
9245.000000 1.419612e-07
9250.000000 1.428837e-07
9255.000000 1.443821e-07
9260.000000 1.467365e-07
9265.000000 1.496988e-07
9270.000000 1.489427e-07
9275.000000 1.441989e-07
9280.000000 1.418898e-07
9285.000000 1.404663e-07
9290.000000 1.365543e-07
9295.000000 1.316822e-07
9300.000000 1.273527e-07
9305.000000 1.252290e-07
9310.000000 1.221783e-07
9315.000000 1.167703e-07
9320.000000 1.157066e-07
9325.000000 1.160656e-07
9330.000000 1.184612e-07
9335.000000 1.178126e-07
9340.000000 1.147948e-07
9345.000000 1.143728e-07
9350.000000 1.156251e-07
9355.000000 1.118116e-07
9360.000000 1.128703e-07
9365.000000 1.116217e-07
9370.000000 1.121942e-07
9375.000000 1.155696e-07
9380.000000 1.185467e-07
9385.000000 1.256572e-07
9390.000000 1.323695e-07
9395.000000 1.351028e-07
9400.000000 1.340493e-07
9405.000000 1.348054e-07
9410.000000 1.322730e-07
9415.000000 1.319775e-07
9420.000000 1.317030e-07
9425.000000 1.250647e-07
9430.000000 1.249258e-07
9435.000000 1.269895e-07
9440.000000 1.234154e-07
9445.000000 1.293174e-07
9450.000000 1.339781e-07
9455.000000 1.348591e-07
9460.000000 1.372383e-07
9465.000000 1.418893e-07
9470.000000 1.448588e-07
9475.000000 1.454466e-07
9480.000000 1.440206e-07
9485.000000 1.486341e-07
9490.000000 1.482501e-07
9495.000000 1.430068e-07
9500.000000 1.439627e-07
9505.000000 1.539328e-07
9510.000000 1.553034e-07
9515.000000 1.513380e-07
9520.000000 1.516217e-07
9525.000000 1.564046e-07
9530.000000 1.608114e-07
9535.000000 1.618296e-07
9540.000000 1.607615e-07
9545.000000 1.610821e-07
9550.000000 1.605069e-07
9555.000000 1.568267e-07
9560.000000 1.607463e-07
9565.000000 1.591374e-07
9570.000000 1.607907e-07
9575.000000 1.624677e-07
9580.000000 1.596812e-07
9585.000000 1.574368e-07
9590.000000 1.567941e-07
9595.000000 1.596582e-07
9600.000000 1.618503e-07
9605.000000 1.626875e-07
9610.000000 1.651082e-07
9615.000000 1.659311e-07
9620.000000 1.635643e-07
9625.000000 1.628674e-07
9630.000000 1.637741e-07
9635.000000 1.596063e-07
9640.000000 1.585475e-07
9645.000000 1.573298e-07
9650.000000 1.576592e-07
9655.000000 1.573551e-07
9660.000000 1.580978e-07
9665.000000 1.589990e-07
9670.000000 1.610491e-07
9675.000000 1.641033e-07
9680.000000 1.651652e-07
9685.000000 1.657821e-07
9690.000000 1.678413e-07
9695.000000 1.680823e-07
9700.000000 1.666502e-07
9705.000000 1.659896e-07
9710.000000 1.665100e-07
9715.000000 1.651856e-07
9720.000000 1.615758e-07
9725.000000 1.565819e-07
9730.000000 1.521884e-07
9735.000000 1.515682e-07
9740.000000 1.492225e-07
9745.000000 1.462890e-07
9750.000000 1.489105e-07
9755.000000 1.512071e-07
9760.000000 1.537753e-07
9765.000000 1.551007e-07
9770.000000 1.553661e-07
9775.000000 1.594843e-07
9780.000000 1.573770e-07
9785.000000 1.577035e-07
9790.000000 1.601380e-07
9795.000000 1.626423e-07
9800.000000 1.627040e-07
9805.000000 1.634114e-07
9810.000000 1.606803e-07
9815.000000 1.563899e-07
9820.000000 1.582203e-07
9825.000000 1.612927e-07
9830.000000 1.578202e-07
9835.000000 1.578907e-07
9840.000000 1.602062e-07
9845.000000 1.611943e-07
9850.000000 1.636099e-07
9855.000000 1.655958e-07
9860.000000 1.678690e-07
9865.000000 1.698069e-07
9870.000000 1.708800e-07
9875.000000 1.706746e-07
9880.000000 1.712545e-07
9885.000000 1.710722e-07
9890.000000 1.692911e-07
9895.000000 1.652199e-07
9900.000000 1.626605e-07
9905.000000 1.625974e-07
9910.000000 1.613650e-07
9915.000000 1.621847e-07
9920.000000 1.633219e-07
9925.000000 1.678699e-07
9930.000000 1.698472e-07
9935.000000 1.730050e-07
9940.000000 1.737248e-07
9945.000000 1.753433e-07
9950.000000 1.767218e-07
9955.000000 1.785726e-07
9960.000000 1.787580e-07
9965.000000 1.787469e-07
9970.000000 1.805849e-07
9975.000000 1.801077e-07
9980.000000 1.764196e-07
9985.000000 1.754309e-07
9990.000000 1.774067e-07
9995.000000 1.786595e-07
10000.000000 1.789872e-07
10005.000000 1.788775e-07
10010.000000 1.785601e-07
10015.000000 1.780904e-07
10020.000000 1.775033e-07
10025.000000 1.768541e-07
10030.000000 1.762475e-07
10035.000000 1.758103e-07
10040.000000 1.756642e-07
10045.000000 1.758834e-07
10050.000000 1.764167e-07
10055.000000 1.771653e-07
10060.000000 1.780261e-07
10065.000000 1.789142e-07
10070.000000 1.797843e-07
10075.000000 1.806108e-07
10080.000000 1.813673e-07
10085.000000 1.820257e-07
10090.000000 1.825498e-07
10095.000000 1.829016e-07
10100.000000 1.830417e-07
10105.000000 1.829236e-07
10110.000000 1.824833e-07
10115.000000 1.816499e-07
10120.000000 1.803616e-07
10125.000000 1.786596e-07
10130.000000 1.768495e-07
10135.000000 1.753400e-07
10140.000000 1.745311e-07
10145.000000 1.746485e-07
10150.000000 1.754586e-07
10155.000000 1.765533e-07
10160.000000 1.775197e-07
10165.000000 1.780773e-07
10170.000000 1.782907e-07
10175.000000 1.783569e-07
10180.000000 1.784802e-07
10185.000000 1.788037e-07
10190.000000 1.793153e-07
10195.000000 1.799400e-07
10200.000000 1.806007e-07
10205.000000 1.812340e-07
10210.000000 1.818161e-07
10215.000000 1.823385e-07
10220.000000 1.827942e-07
10225.000000 1.831722e-07
10230.000000 1.834527e-07
10235.000000 1.836116e-07
10240.000000 1.836280e-07
10245.000000 1.835105e-07
10250.000000 1.833464e-07
10255.000000 1.832516e-07
10260.000000 1.833409e-07
10265.000000 1.836745e-07
10270.000000 1.841740e-07
10275.000000 1.847076e-07
10280.000000 1.851409e-07
10285.000000 1.853728e-07
10290.000000 1.853867e-07
10295.000000 1.852002e-07
10300.000000 1.848353e-07
10305.000000 1.843502e-07
10310.000000 1.838910e-07
10315.000000 1.836378e-07
10320.000000 1.837651e-07
10325.000000 1.843651e-07
10330.000000 1.853119e-07
10335.000000 1.863962e-07
10340.000000 1.874033e-07
10345.000000 1.881576e-07
10350.000000 1.885817e-07
10355.000000 1.886360e-07
10360.000000 1.882916e-07
10365.000000 1.875856e-07
10370.000000 1.867305e-07
10375.000000 1.860038e-07
10380.000000 1.856811e-07
10385.000000 1.859383e-07
10390.000000 1.866940e-07
10395.000000 1.877690e-07
10400.000000 1.889754e-07
10405.000000 1.901538e-07
10410.000000 1.912142e-07
10415.000000 1.920950e-07
10420.000000 1.927377e-07
10425.000000 1.930960e-07
10430.000000 1.931535e-07
10435.000000 1.929056e-07
10440.000000 1.923539e-07
10445.000000 1.915536e-07
10450.000000 1.906974e-07
10455.000000 1.900322e-07
10460.000000 1.897947e-07
10465.000000 1.900734e-07
10470.000000 1.905731e-07
10475.000000 1.908501e-07
10480.000000 1.904667e-07
10485.000000 1.891867e-07
10490.000000 1.872978e-07
10495.000000 1.852894e-07
10500.000000 1.836532e-07
10505.000000 1.827064e-07
10510.000000 1.823133e-07
10515.000000 1.821625e-07
10520.000000 1.819368e-07
10525.000000 1.814266e-07
10530.000000 1.807023e-07
10535.000000 1.799424e-07
10540.000000 1.793281e-07
10545.000000 1.789565e-07
10550.000000 1.787108e-07
10555.000000 1.783898e-07
10560.000000 1.777969e-07
10565.000000 1.768479e-07
10570.000000 1.757578e-07
10575.000000 1.748545e-07
10580.000000 1.744656e-07
10585.000000 1.747940e-07
10590.000000 1.757206e-07
10595.000000 1.770018e-07
10600.000000 1.783876e-07
10605.000000 1.796899e-07
10610.000000 1.808802e-07
10615.000000 1.819915e-07
10620.000000 1.371532e-07
