1150.000000 4.168340e-07
1155.000000 4.610270e-07
1160.000000 3.955879e-07
1165.000000 3.773976e-07
1170.000000 3.374460e-07
1175.000000 2.831369e-07
1180.000000 2.969713e-07
1185.000000 3.221408e-07
1190.000000 3.034193e-07
1195.000000 2.753799e-07
1200.000000 2.695871e-07
1205.000000 2.463435e-07
1210.000000 1.946866e-07
1215.000000 1.337225e-07
1220.000000 1.859089e-07
1225.000000 2.757706e-07
1230.000000 3.086750e-07
1235.000000 3.191053e-07
1240.000000 3.169331e-07
1245.000000 3.068480e-07
1250.000000 2.970614e-07
1255.000000 2.981946e-07
1260.000000 3.072788e-07
1265.000000 3.188855e-07
1270.000000 3.188800e-07
1275.000000 3.170704e-07
1280.000000 3.151357e-07
1285.000000 3.102038e-07
1290.000000 3.092032e-07
1295.000000 2.937781e-07
1300.000000 2.790121e-07
1305.000000 2.884232e-07
1310.000000 3.096073e-07
1315.000000 3.048343e-07
1320.000000 2.992043e-07
1325.000000 2.878463e-07
1330.000000 2.853036e-07
1335.000000 2.686830e-07
1340.000000 2.629981e-07
1345.000000 2.621149e-07
1350.000000 2.626169e-07
1355.000000 2.631305e-07
1360.000000 2.573699e-07
1365.000000 2.546829e-07
1370.000000 2.521176e-07
1375.000000 2.452874e-07
1380.000000 2.391998e-07
1385.000000 2.263307e-07
1390.000000 2.032502e-07
1395.000000 1.763162e-07
1400.000000 1.795541e-07
1405.000000 1.871424e-07
1410.000000 2.030196e-07
1415.000000 2.082107e-07
1420.000000 2.023207e-07
1425.000000 1.948885e-07
1430.000000 1.923847e-07
1435.000000 2.005643e-07
1440.000000 1.999484e-07
1445.000000 1.983604e-07
1450.000000 1.963688e-07
1455.000000 1.926383e-07
1460.000000 1.909932e-07
1465.000000 1.909303e-07
1470.000000 1.922168e-07
1475.000000 1.927191e-07
1480.000000 1.910224e-07
1485.000000 1.912540e-07
1490.000000 1.932942e-07
1495.000000 1.866746e-07
1500.000000 1.762252e-07
1505.000000 1.733442e-07
1510.000000 1.754478e-07
1515.000000 1.750830e-07
1520.000000 1.754657e-07
1525.000000 1.643897e-07
1530.000000 1.513186e-07
1535.000000 1.450107e-07
1540.000000 1.408822e-07
1545.000000 1.228829e-07
1550.000000 1.101128e-07
1555.000000 1.294682e-07
1560.000000 1.408640e-07
1565.000000 1.396959e-07
1570.000000 1.414027e-07
1575.000000 1.432542e-07
1580.000000 1.429337e-07
1585.000000 1.464811e-07
1590.000000 1.458667e-07
1595.000000 1.403109e-07
1600.000000 1.368668e-07
1605.000000 1.315419e-07
1610.000000 1.259821e-07
1615.000000 1.257812e-07
1620.000000 1.245630e-07
1625.000000 1.243029e-07
1630.000000 1.239596e-07
1635.000000 1.245685e-07
1640.000000 1.233228e-07
1645.000000 1.270000e-07
1650.000000 1.317436e-07
1655.000000 1.268174e-07
1660.000000 1.224625e-07
1665.000000 1.233730e-07
1670.000000 1.214095e-07
1675.000000 1.222514e-07
1680.000000 1.263673e-07
1685.000000 1.257657e-07
1690.000000 1.217203e-07
1695.000000 1.210892e-07
1700.000000 1.203231e-07
1705.000000 1.191838e-07
1710.000000 1.193686e-07
1715.000000 1.157823e-07
1720.000000 1.081768e-07
1725.000000 1.074304e-07
1730.000000 1.121060e-07
1735.000000 1.156221e-07
1740.000000 1.146826e-07
1745.000000 1.141731e-07
1750.000000 1.126005e-07
1755.000000 1.136655e-07
1760.000000 1.160261e-07
1765.000000 1.158087e-07
1770.000000 1.143362e-07
1775.000000 1.127419e-07
1780.000000 1.116629e-07
1785.000000 1.080774e-07
1790.000000 1.010590e-07
1795.000000 1.025315e-07
1800.000000 1.065671e-07
1805.000000 1.053082e-07
1810.000000 1.046056e-07
1815.000000 1.056615e-07
1820.000000 1.060357e-07
1825.000000 1.061334e-07
1830.000000 1.067377e-07
1835.000000 1.059300e-07
1840.000000 1.016883e-07
1845.000000 9.756635e-08
1850.000000 9.598266e-08
1855.000000 9.536120e-08
1860.000000 9.563692e-08
1865.000000 9.614417e-08
1870.000000 9.504949e-08
1875.000000 9.423587e-08
1880.000000 9.316170e-08
1885.000000 8.908351e-08
1890.000000 8.659050e-08
1895.000000 8.669599e-08
1900.000000 8.714983e-08
1905.000000 8.610042e-08
1910.000000 8.501925e-08
1915.000000 8.302442e-08
1920.000000 7.967671e-08
1925.000000 7.875182e-08
1930.000000 8.151972e-08
1935.000000 8.429682e-08
1940.000000 8.390281e-08
1945.000000 8.403762e-08
1950.000000 8.308004e-08
1955.000000 8.072032e-08
1960.000000 7.720156e-08
1965.000000 7.635506e-08
1970.000000 7.727908e-08
1975.000000 7.805846e-08
1980.000000 7.826116e-08
1985.000000 7.722917e-08
1990.000000 7.497181e-08
1995.000000 7.349832e-08
2000.000000 7.299916e-08
2005.000000 7.374364e-08
2010.000000 7.317669e-08
2015.000000 7.390275e-08
2020.000000 7.478621e-08
2025.000000 7.567374e-08
2030.000000 7.545554e-08
2035.000000 7.516605e-08
2040.000000 7.433354e-08
2045.000000 7.352472e-08
2050.000000 7.335845e-08
2055.000000 6.959459e-08
2060.000000 6.476075e-08
2065.000000 6.650980e-08
2070.000000 7.018541e-08
2075.000000 7.125703e-08
2080.000000 6.995583e-08
2085.000000 7.014828e-08
2090.000000 6.967493e-08
2095.000000 6.769828e-08
2100.000000 6.556075e-08
2105.000000 6.587780e-08
2110.000000 6.626894e-08
2115.000000 6.763074e-08
2120.000000 6.728357e-08
2125.000000 6.697612e-08
2130.000000 6.874586e-08
2135.000000 6.665266e-08
2140.000000 6.596424e-08
2145.000000 6.594374e-08
2150.000000 6.427452e-08
2155.000000 6.383891e-08
2160.000000 6.370401e-08
2165.000000 6.246056e-08
2170.000000 6.206541e-08
2175.000000 6.114081e-08
2180.000000 6.095812e-08
2185.000000 6.009570e-08
2190.000000 6.056413e-08
2195.000000 6.125633e-08
2200.000000 6.080187e-08
2205.000000 5.935840e-08
2210.000000 5.763749e-08
2215.000000 5.676320e-08
2220.000000 5.574453e-08
2225.000000 5.448717e-08
2230.000000 5.399005e-08
2235.000000 5.478077e-08
2240.000000 5.559595e-08
2245.000000 5.495808e-08
2250.000000 5.386970e-08
2255.000000 5.343773e-08
2260.000000 5.394490e-08
2265.000000 5.381868e-08
2270.000000 5.264384e-08
2275.000000 5.206606e-08
2280.000000 5.268238e-08
2285.000000 5.240353e-08
2290.000000 5.141306e-08
2295.000000 5.058027e-08
2300.000000 4.854908e-08
2305.000000 4.800328e-08
2310.000000 4.971909e-08
2315.000000 5.044516e-08
2320.000000 5.074323e-08
2325.000000 4.991047e-08
2330.000000 5.012027e-08
2335.000000 5.071858e-08
2340.000000 4.879497e-08
2345.000000 4.792625e-08
2350.000000 4.796710e-08
2355.000000 4.894106e-08
2360.000000 5.006203e-08
2365.000000 4.945312e-08
2370.000000 4.869688e-08
2375.000000 4.826047e-08
2380.000000 4.669796e-08
2385.000000 4.574879e-08
2390.000000 4.475660e-08
2395.000000 4.479374e-08
2400.000000 4.525825e-08
2405.000000 4.651145e-08
2410.000000 4.596583e-08
2415.000000 4.535989e-08
2420.000000 4.517870e-08
2425.000000 4.421300e-08
2430.000000 4.523767e-08
2435.000000 4.637894e-08
2440.000000 4.596562e-08
2445.000000 4.414525e-08
2450.000000 4.445457e-08
2455.000000 4.548676e-08
2460.000000 4.562464e-08
2465.000000 4.622364e-08
2470.000000 4.447218e-08
2475.000000 4.274051e-08
2480.000000 4.316052e-08
2485.000000 4.386502e-08
2490.000000 4.418932e-08
2495.000000 4.360850e-08
2500.000000 4.393440e-08
2505.000000 4.370371e-08
2510.000000 4.278894e-08
2515.000000 4.098774e-08
2520.000000 4.135561e-08
2525.000000 4.113274e-08
2530.000000 4.244463e-08
2535.000000 4.321978e-08
2540.000000 4.132785e-08
2545.000000 4.063175e-08
2550.000000 4.108822e-08
2555.000000 4.138162e-08
2560.000000 4.100256e-08
2565.000000 4.054733e-08
2570.000000 4.067396e-08
2575.000000 4.128189e-08
2580.000000 3.748703e-08
2585.000000 3.537863e-08
2590.000000 3.740675e-08
2595.000000 3.923201e-08
2600.000000 4.045867e-08
2605.000000 3.920253e-08
2610.000000 3.950442e-08
2615.000000 4.066701e-08
2620.000000 4.028043e-08
2625.000000 3.996795e-08
2630.000000 4.005430e-08
2635.000000 4.030137e-08
2640.000000 4.040327e-08
2645.000000 3.939941e-08
2650.000000 3.895313e-08
2655.000000 3.867887e-08
2660.000000 3.755166e-08
2665.000000 3.649160e-08
2670.000000 3.664605e-08
2675.000000 3.705103e-08
2680.000000 3.665068e-08
2685.000000 3.631503e-08
2690.000000 3.673421e-08
2695.000000 3.551627e-08
2700.000000 3.386316e-08
2705.000000 3.401445e-08
2710.000000 3.519031e-08
2715.000000 3.467652e-08
2720.000000 3.410864e-08
2725.000000 3.324402e-08
2730.000000 3.361986e-08
2735.000000 3.373434e-08
2740.000000 3.348865e-08
2745.000000 3.332015e-08
2750.000000 3.467227e-08
2755.000000 3.424023e-08
2760.000000 3.416350e-08
2765.000000 3.523188e-08
2770.000000 3.390203e-08
2775.000000 3.247478e-08
2780.000000 3.181015e-08
2785.000000 3.103020e-08
2790.000000 3.025023e-08
2795.000000 3.033443e-08
2800.000000 2.940653e-08
2805.000000 2.928757e-08
2810.000000 3.031273e-08
2815.000000 3.129952e-08
2820.000000 3.195177e-08
2825.000000 3.121173e-08
2830.000000 2.942316e-08
2835.000000 2.915820e-08
2840.000000 3.004790e-08
2845.000000 2.985599e-08
2850.000000 2.914483e-08
2855.000000 2.842931e-08
2860.000000 2.887901e-08
2865.000000 2.943459e-08
2870.000000 2.915634e-08
2875.000000 2.877422e-08
2880.000000 2.898511e-08
2885.000000 2.882652e-08
2890.000000 2.874464e-08
2895.000000 2.898972e-08
2900.000000 2.893431e-08
2905.000000 2.825750e-08
2910.000000 2.779413e-08
2915.000000 2.762610e-08
2920.000000 2.749874e-08
2925.000000 2.759425e-08
2930.000000 2.780441e-08
2935.000000 2.772378e-08
2940.000000 2.740205e-08
2945.000000 2.732715e-08
2950.000000 2.689324e-08
2955.000000 2.696641e-08
2960.000000 2.731289e-08
2965.000000 2.698738e-08
2970.000000 2.680032e-08
2975.000000 2.628101e-08
2980.000000 2.636137e-08
2985.000000 2.623812e-08
2990.000000 2.572212e-08
2995.000000 2.570164e-08
3000.000000 2.591121e-08
3005.000000 2.575896e-08
3010.000000 2.565105e-08
3015.000000 2.521507e-08
3020.000000 2.475526e-08
3025.000000 2.407482e-08
3030.000000 2.349939e-08
3035.000000 2.390518e-08
3040.000000 2.407868e-08
3045.000000 2.405366e-08
3050.000000 2.413245e-08
3055.000000 2.409159e-08
3060.000000 2.353609e-08
3065.000000 2.323161e-08
3070.000000 2.339668e-08
3075.000000 2.319872e-08
3080.000000 2.340878e-08
3085.000000 2.368521e-08
3090.000000 2.358027e-08
3095.000000 2.351463e-08
3100.000000 2.331357e-08
3105.000000 2.353264e-08
3110.000000 2.294071e-08
3115.000000 2.234738e-08
3120.000000 2.216173e-08
3125.000000 2.270383e-08
3130.000000 2.302487e-08
3135.000000 2.326881e-08
3140.000000 2.314310e-08
3145.000000 2.275378e-08
3150.000000 2.252084e-08
3155.000000 2.212917e-08
3160.000000 2.176543e-08
3165.000000 2.190112e-08
3170.000000 2.196971e-08
3175.000000 2.197768e-08
3180.000000 2.113285e-08
3185.000000 2.077817e-08
3190.000000 2.100604e-08
3195.000000 2.099002e-08
3200.000000 2.125954e-08
3205.000000 2.141519e-08
3210.000000 2.134120e-08
3215.000000 2.092668e-08
3220.000000 2.055415e-08
3225.000000 2.061681e-08
3230.000000 2.099534e-08
3235.000000 2.138252e-08
3240.000000 2.151027e-08
3245.000000 2.125521e-08
3250.000000 2.081878e-08
3255.000000 2.047614e-08
3260.000000 2.036470e-08
3265.000000 2.044040e-08
3270.000000 2.034417e-08
3275.000000 1.983266e-08
3280.000000 1.926505e-08
3285.000000 1.904620e-08
3290.000000 1.909450e-08
3295.000000 1.917800e-08
3300.000000 1.917377e-08
3305.000000 1.905448e-08
3310.000000 1.891776e-08
3315.000000 1.886594e-08
3320.000000 1.889527e-08
3325.000000 1.896078e-08
3330.000000 1.901775e-08
3335.000000 1.902000e-08
3340.000000 1.891874e-08
3345.000000 1.871602e-08
3350.000000 1.854601e-08
3355.000000 1.851462e-08
3360.000000 1.852310e-08
3365.000000 1.842623e-08
3370.000000 1.817197e-08
3375.000000 1.782052e-08
3380.000000 1.761863e-08
3385.000000 1.773161e-08
3390.000000 1.793414e-08
3395.000000 1.796579e-08
3400.000000 1.786462e-08
3405.000000 1.775051e-08
3410.000000 1.765035e-08
3415.000000 1.755310e-08
3420.000000 1.744944e-08
3425.000000 1.732797e-08
3430.000000 1.716876e-08
3435.000000 1.698034e-08
3440.000000 1.685104e-08
3445.000000 1.684405e-08
3450.000000 1.687884e-08
3455.000000 1.686421e-08
3460.000000 1.682323e-08
3465.000000 1.679216e-08
3470.000000 1.672663e-08
3475.000000 1.658720e-08
3480.000000 1.642993e-08
3485.000000 1.632276e-08
3490.000000 1.626545e-08
3495.000000 1.621860e-08
3500.000000 1.611335e-08
3505.000000 1.591334e-08
3510.000000 1.571040e-08
3515.000000 1.574829e-08
3520.000000 1.577809e-08
3525.000000 1.570998e-08
3530.000000 1.558274e-08
3535.000000 1.551126e-08
3540.000000 1.548419e-08
3545.000000 1.536856e-08
3550.000000 1.516969e-08
3555.000000 1.515036e-08
3560.000000 1.506573e-08
3565.000000 1.489397e-08
3570.000000 1.472439e-08
3575.000000 1.456273e-08
3580.000000 1.434562e-08
3585.000000 1.419255e-08
3590.000000 1.412415e-08
3595.000000 1.415203e-08
3600.000000 1.410568e-08
3605.000000 1.396779e-08
3610.000000 1.380277e-08
3615.000000 1.376099e-08
3620.000000 1.379610e-08
3625.000000 1.368366e-08
3630.000000 1.350262e-08
3635.000000 1.351152e-08
3640.000000 1.360312e-08
3645.000000 1.367831e-08
3650.000000 1.375943e-08
3655.000000 1.392565e-08
3660.000000 1.392264e-08
3665.000000 1.367682e-08
3670.000000 1.351879e-08
3675.000000 1.339316e-08
3680.000000 1.341262e-08
3685.000000 1.345056e-08
3690.000000 1.344183e-08
3695.000000 1.326654e-08
3700.000000 1.299706e-08
3705.000000 1.279116e-08
3710.000000 1.296191e-08
3715.000000 1.312889e-08
3720.000000 1.315871e-08
3725.000000 1.313910e-08
3730.000000 1.321592e-08
3735.000000 1.321166e-08
3740.000000 1.335663e-08
3745.000000 1.311569e-08
3750.000000 1.271643e-08
3755.000000 1.285719e-08
3760.000000 1.309374e-08
3765.000000 1.302574e-08
3770.000000 1.263464e-08
3775.000000 1.315788e-08
3780.000000 1.408523e-08
3785.000000 1.437241e-08
3790.000000 1.390159e-08
3795.000000 1.301454e-08
3800.000000 1.304114e-08
3805.000000 1.396931e-08
3810.000000 1.462043e-08
3815.000000 1.461902e-08
3820.000000 1.447362e-08
3825.000000 1.437608e-08
3830.000000 1.349495e-08
3835.000000 1.265064e-08
3840.000000 1.322541e-08
3845.000000 1.418827e-08
3850.000000 1.456348e-08
3855.000000 1.465454e-08
3860.000000 1.460674e-08
3865.000000 1.438006e-08
3870.000000 1.411572e-08
3875.000000 1.385113e-08
3880.000000 1.313691e-08
3885.000000 1.206263e-08
3890.000000 1.163020e-08
3895.000000 1.256700e-08
3900.000000 1.347042e-08
3905.000000 1.379400e-08
3910.000000 1.382282e-08
3915.000000 1.374287e-08
3920.000000 1.348525e-08
3925.000000 1.325228e-08
3930.000000 1.317710e-08
3935.000000 1.301292e-08
3940.000000 1.319350e-08
3945.000000 1.324886e-08
3950.000000 1.316858e-08
3955.000000 1.288131e-08
3960.000000 1.215279e-08
3965.000000 1.095159e-08
3970.000000 1.031510e-08
3975.000000 1.105960e-08
3980.000000 1.196240e-08
3985.000000 1.236552e-08
3990.000000 1.250444e-08
3995.000000 1.245924e-08
4000.000000 1.231656e-08
4005.000000 1.221137e-08
4010.000000 1.212484e-08
4015.000000 1.205490e-08
4020.000000 1.170199e-08
4025.000000 1.126367e-08
4030.000000 1.136752e-08
4035.000000 1.166724e-08
4040.000000 1.177149e-08
4045.000000 1.184554e-08
4050.000000 1.191499e-08
4055.000000 1.183973e-08
4060.000000 1.176388e-08
4065.000000 1.162826e-08
4070.000000 1.134809e-08
4075.000000 1.131411e-08
4080.000000 1.132261e-08
4085.000000 1.113622e-08
4090.000000 1.070211e-08
4095.000000 9.985199e-09
4100.000000 9.204407e-09
4105.000000 9.367716e-09
4110.000000 1.013065e-08
4115.000000 1.055485e-08
4120.000000 1.074823e-08
4125.000000 1.086690e-08
4130.000000 1.089143e-08
4135.000000 1.080043e-08
4140.000000 1.063570e-08
4145.000000 1.045504e-08
4150.000000 1.046988e-08
4155.000000 1.048412e-08
4160.000000 1.048800e-08
4165.000000 1.049507e-08
4170.000000 1.037445e-08
4175.000000 1.031576e-08
4180.000000 1.024298e-08
4185.000000 1.009867e-08
4190.000000 1.000229e-08
4195.000000 9.899826e-09
4200.000000 9.800278e-09
4205.000000 9.863510e-09
4210.000000 9.905390e-09
4215.000000 9.885063e-09
4220.000000 9.903578e-09
4225.000000 9.905666e-09
4230.000000 9.797906e-09
4235.000000 9.790550e-09
4240.000000 9.739403e-09
4245.000000 9.639872e-09
4250.000000 9.587115e-09
4255.000000 9.524147e-09
4260.000000 9.457434e-09
4265.000000 9.482758e-09
4270.000000 9.464029e-09
4275.000000 9.370540e-09
4280.000000 9.397700e-09
4285.000000 9.414602e-09
4290.000000 9.409445e-09
4295.000000 9.433478e-09
4300.000000 9.374906e-09
4305.000000 9.256508e-09
4310.000000 9.186489e-09
4315.000000 9.106303e-09
4320.000000 9.020719e-09
4325.000000 8.905745e-09
4330.000000 8.530398e-09
4335.000000 7.869686e-09
4340.000000 7.262425e-09
4345.000000 7.491561e-09
4350.000000 8.107985e-09
4355.000000 8.533843e-09
4360.000000 8.699438e-09
4365.000000 8.711799e-09
4370.000000 8.674350e-09
4375.000000 8.618033e-09
4380.000000 8.566681e-09
4385.000000 8.374548e-09
4390.000000 8.272206e-09
4395.000000 8.440475e-09
4400.000000 8.458424e-09
4405.000000 8.369659e-09
4410.000000 8.253826e-09
4415.000000 8.122822e-09
4420.000000 8.041456e-09
4425.000000 7.908601e-09
4430.000000 7.793233e-09
4435.000000 7.803641e-09
4440.000000 7.885177e-09
4445.000000 7.969708e-09
4450.000000 8.007415e-09
4455.000000 8.025761e-09
4460.000000 7.941148e-09
4465.000000 7.653326e-09
4470.000000 7.318229e-09
4475.000000 7.393938e-09
4480.000000 7.620953e-09
4485.000000 7.745165e-09
4490.000000 7.816271e-09
4495.000000 7.796618e-09
4500.000000 7.736377e-09
4505.000000 7.680505e-09
4510.000000 7.632889e-09
4515.000000 7.582011e-09
4520.000000 7.613171e-09
4525.000000 7.548725e-09
4530.000000 7.458593e-09
4535.000000 7.363349e-09
4540.000000 7.297423e-09
4545.000000 7.327754e-09
4550.000000 7.328912e-09
4555.000000 7.365620e-09
4560.000000 7.374305e-09
4565.000000 7.337502e-09
4570.000000 7.265130e-09
4575.000000 7.248550e-09
4580.000000 7.238256e-09
4585.000000 7.185498e-09
4590.000000 7.079103e-09
4595.000000 7.046871e-09
4600.000000 7.058942e-09
4605.000000 7.021906e-09
4610.000000 6.932869e-09
4615.000000 6.907733e-09
4620.000000 6.933079e-09
4625.000000 6.872626e-09
4630.000000 6.769751e-09
4635.000000 6.695496e-09
4640.000000 6.582184e-09
4645.000000 6.454601e-09
4650.000000 6.407781e-09
4655.000000 6.558731e-09
4660.000000 6.633506e-09
4665.000000 6.654438e-09
4670.000000 6.672546e-09
4675.000000 6.554192e-09
4680.000000 6.408088e-09
4685.000000 6.285231e-09
4690.000000 6.362409e-09
4695.000000 6.440140e-09
4700.000000 6.418404e-09
4705.000000 6.361064e-09
4710.000000 6.279731e-09
4715.000000 6.267799e-09
4720.000000 6.284226e-09
4725.000000 6.269235e-09
4730.000000 6.240093e-09
4735.000000 6.227725e-09
4740.000000 6.208478e-09
4745.000000 6.168171e-09
4750.000000 6.117074e-09
4755.000000 6.074427e-09
4760.000000 6.033900e-09
4765.000000 6.018807e-09
4770.000000 6.009431e-09
4775.000000 5.977822e-09
4780.000000 5.977284e-09
4785.000000 5.997762e-09
4790.000000 6.025540e-09
4795.000000 6.002234e-09
4800.000000 5.945306e-09
4805.000000 5.887193e-09
4810.000000 5.822228e-09
4815.000000 5.787506e-09
4820.000000 5.784455e-09
4825.000000 5.777927e-09
4830.000000 5.762952e-09
4835.000000 5.795634e-09
4840.000000 5.745605e-09
4845.000000 5.624972e-09
4850.000000 5.361521e-09
4855.000000 4.920278e-09
4860.000000 4.569771e-09
4865.000000 4.755767e-09
4870.000000 5.132858e-09
4875.000000 5.299151e-09
4880.000000 5.348221e-09
4885.000000 5.346257e-09
4890.000000 5.392238e-09
4895.000000 5.409752e-09
4900.000000 5.414620e-09
4905.000000 5.383580e-09
4910.000000 5.343800e-09
4915.000000 5.282696e-09
4920.000000 5.130567e-09
4925.000000 5.156990e-09
4930.000000 5.305494e-09
4935.000000 5.326253e-09
4940.000000 5.339415e-09
4945.000000 5.345561e-09
4950.000000 5.323913e-09
4955.000000 5.294175e-09
4960.000000 5.262743e-09
4965.000000 5.229133e-09
4970.000000 5.212220e-09
4975.000000 5.176321e-09
4980.000000 5.160662e-09
4985.000000 5.136785e-09
4990.000000 5.143896e-09
4995.000000 5.149274e-09
5000.000000 5.100242e-09
5005.000000 5.056187e-09
5010.000000 5.023884e-09
5015.000000 4.969551e-09
5020.000000 4.963375e-09
5025.000000 4.968264e-09
5030.000000 4.951583e-09
5035.000000 4.931450e-09
5040.000000 4.912207e-09
5045.000000 4.844695e-09
5050.000000 4.822312e-09
5055.000000 4.847554e-09
5060.000000 4.842792e-09
5065.000000 4.848633e-09
5070.000000 4.846413e-09
5075.000000 4.819819e-09
5080.000000 4.789999e-09
5085.000000 4.743041e-09
5090.000000 4.714878e-09
5095.000000 4.700798e-09
5100.000000 4.708000e-09
5105.000000 4.705177e-09
5110.000000 4.679480e-09
5115.000000 4.657985e-09
5120.000000 4.631116e-09
5125.000000 4.617903e-09
5130.000000 4.596782e-09
5135.000000 4.605579e-09
5140.000000 4.598463e-09
5145.000000 4.550424e-09
5150.000000 4.527222e-09
5155.000000 4.490862e-09
5160.000000 4.476694e-09
5165.000000 4.478398e-09
5170.000000 4.473728e-09
5175.000000 4.476776e-09
5180.000000 4.472126e-09
5185.000000 4.440360e-09
5190.000000 4.416586e-09
5195.000000 4.416438e-09
5200.000000 4.395186e-09
5205.000000 4.358601e-09
5210.000000 4.341143e-09
5215.000000 4.318213e-09
5220.000000 4.310326e-09
5225.000000 4.312107e-09
5230.000000 4.286969e-09
5235.000000 4.275206e-09
5240.000000 4.266608e-09
5245.000000 4.243938e-09
5250.000000 4.205586e-09
5255.000000 4.188199e-09
5260.000000 4.189859e-09
5265.000000 4.160977e-09
5270.000000 4.139433e-09
5275.000000 4.130388e-09
5280.000000 4.131024e-09
5285.000000 4.115104e-09
5290.000000 4.100901e-09
5295.000000 4.106928e-09
5300.000000 4.106434e-09
5305.000000 4.063537e-09
5310.000000 4.036933e-09
5315.000000 4.028553e-09
5320.000000 4.030103e-09
5325.000000 4.035722e-09
5330.000000 4.013621e-09
5335.000000 3.991925e-09
5340.000000 3.978566e-09
5345.000000 3.980575e-09
5350.000000 3.979992e-09
5355.000000 3.953381e-09
5360.000000 3.919344e-09
5365.000000 3.898940e-09
5370.000000 3.878632e-09
5375.000000 3.857626e-09
5380.000000 3.854479e-09
5385.000000 3.840805e-09
5390.000000 3.821239e-09
5395.000000 3.805671e-09
5400.000000 3.789699e-09
5405.000000 3.740671e-09
5410.000000 3.674077e-09
5415.000000 3.686636e-09
5420.000000 3.735021e-09
5425.000000 3.740654e-09
5430.000000 3.736183e-09
5435.000000 3.711073e-09
5440.000000 3.683398e-09
5445.000000 3.648136e-09
5450.000000 3.620602e-09
5455.000000 3.613001e-09
5460.000000 3.620312e-09
5465.000000 3.612698e-09
5470.000000 3.601436e-09
5475.000000 3.595282e-09
5480.000000 3.568056e-09
5485.000000 3.540163e-09
5490.000000 3.529727e-09
5495.000000 3.548871e-09
5500.000000 3.564510e-09
5505.000000 3.547601e-09
5510.000000 3.532346e-09
5515.000000 3.513384e-09
5520.000000 3.496752e-09
5525.000000 3.473581e-09
5530.000000 3.452100e-09
5535.000000 3.424392e-09
5540.000000 3.405750e-09
5545.000000 3.414106e-09
5550.000000 3.434437e-09
5555.000000 3.439664e-09
5560.000000 3.421535e-09
5565.000000 3.407743e-09
5570.000000 3.407897e-09
5575.000000 3.415911e-09
5580.000000 3.380388e-09
5585.000000 3.333400e-09
5590.000000 3.311528e-09
5595.000000 3.315249e-09
5600.000000 3.306712e-09
5605.000000 3.310798e-09
5610.000000 3.304512e-09
5615.000000 3.289918e-09
5620.000000 3.280364e-09
5625.000000 3.271798e-09
5630.000000 3.241282e-09
5635.000000 3.233479e-09
5640.000000 3.233284e-09
5645.000000 3.213967e-09
5650.000000 3.196573e-09
5655.000000 3.179821e-09
5660.000000 3.178429e-09
5665.000000 3.163644e-09
5670.000000 3.146529e-09
5675.000000 3.137712e-09
5680.000000 3.131184e-09
5685.000000 3.128412e-09
5690.000000 3.121105e-09
5695.000000 3.091374e-09
5700.000000 3.059489e-09
5705.000000 3.043768e-09
5710.000000 3.056241e-09
5715.000000 3.044599e-09
5720.000000 3.025765e-09
5725.000000 3.029243e-09
5730.000000 3.011127e-09
5735.000000 2.989823e-09
5740.000000 2.966060e-09
5745.000000 2.965444e-09
5750.000000 2.979173e-09
5755.000000 2.978673e-09
5760.000000 2.953279e-09
5765.000000 2.924270e-09
5770.000000 2.888099e-09
5775.000000 2.833282e-09
5780.000000 2.779099e-09
5785.000000 2.808729e-09
5790.000000 2.837632e-09
5795.000000 2.813422e-09
5800.000000 2.798585e-09
5805.000000 2.819384e-09
5810.000000 2.830139e-09
5815.000000 2.833241e-09
5820.000000 2.841307e-09
5825.000000 2.844627e-09
5830.000000 2.833658e-09
5835.000000 2.819347e-09
5840.000000 2.800395e-09
5845.000000 2.771403e-09
5850.000000 2.775515e-09
5855.000000 2.775983e-09
5860.000000 2.786675e-09
5865.000000 2.755302e-09
5870.000000 2.652793e-09
5875.000000 2.561920e-09
5880.000000 2.598370e-09
5885.000000 2.560496e-09
5890.000000 2.455209e-09
5895.000000 2.481901e-09
5900.000000 2.592151e-09
5905.000000 2.675133e-09
5910.000000 2.677168e-09
5915.000000 2.660460e-09
5920.000000 2.638403e-09
5925.000000 2.656758e-09
5930.000000 2.664689e-09
5935.000000 2.623256e-09
5940.000000 2.607806e-09
5945.000000 2.578942e-09
5950.000000 2.587369e-09
5955.000000 2.586021e-09
5960.000000 2.567650e-09
5965.000000 2.536583e-09
5970.000000 2.534752e-09
5975.000000 2.544903e-09
5980.000000 2.544169e-09
5985.000000 2.533072e-09
5990.000000 2.530109e-09
5995.000000 2.527480e-09
6000.000000 2.514380e-09
6005.000000 2.493082e-09
6010.000000 2.482652e-09
6015.000000 2.479167e-09
6020.000000 2.479477e-09
6025.000000 2.467265e-09
6030.000000 2.454490e-09
6035.000000 2.442523e-09
6040.000000 2.429497e-09
6045.000000 2.451701e-09
6050.000000 2.454445e-09
6055.000000 2.447451e-09
6060.000000 2.427187e-09
6065.000000 2.408599e-09
6070.000000 2.404798e-09
6075.000000 2.399478e-09
6080.000000 2.400729e-09
6085.000000 2.393362e-09
6090.000000 2.390781e-09
6095.000000 2.376062e-09
6100.000000 2.367193e-09
6105.000000 2.354043e-09
6110.000000 2.345749e-09
6115.000000 2.346344e-09
6120.000000 2.340331e-09
6125.000000 2.335873e-09
6130.000000 2.324989e-09
6135.000000 2.309167e-09
6140.000000 2.302338e-09
6145.000000 2.296756e-09
6150.000000 2.291584e-09
6155.000000 2.280341e-09
6160.000000 2.271713e-09
6165.000000 2.253824e-09
6170.000000 2.232820e-09
6175.000000 2.223657e-09
6180.000000 2.227129e-09
6185.000000 2.225636e-09
6190.000000 2.219794e-09
6195.000000 2.212095e-09
6200.000000 2.191140e-09
6205.000000 2.187369e-09
6210.000000 2.195764e-09
6215.000000 2.200252e-09
6220.000000 2.206427e-09
6225.000000 2.206766e-09
6230.000000 2.200137e-09
6235.000000 2.185980e-09
6240.000000 2.174090e-09
6245.000000 2.173141e-09
6250.000000 2.170166e-09
6255.000000 2.156004e-09
6260.000000 2.128871e-09
6265.000000 2.106785e-09
6270.000000 2.090823e-09
6275.000000 2.046137e-09
6280.000000 1.980945e-09
6285.000000 1.993447e-09
6290.000000 2.050223e-09
6295.000000 2.070525e-09
6300.000000 2.063092e-09
6305.000000 2.050768e-09
6310.000000 2.035682e-09
6315.000000 2.037141e-09
6320.000000 2.052816e-09
6325.000000 2.064954e-09
6330.000000 2.066466e-09
6335.000000 2.059861e-09
6340.000000 2.052153e-09
6345.000000 2.034768e-09
6350.000000 2.030034e-09
6355.000000 2.024881e-09
6360.000000 2.019984e-09
6365.000000 2.010170e-09
6370.000000 2.002255e-09
6375.000000 1.995209e-09
6380.000000 1.985131e-09
6385.000000 1.983131e-09
6390.000000 1.983439e-09
6395.000000 1.983163e-09
6400.000000 1.982437e-09
6405.000000 1.972543e-09
6410.000000 1.961320e-09
6415.000000 1.952259e-09
6420.000000 1.931360e-09
6425.000000 1.934402e-09
6430.000000 1.942167e-09
6435.000000 1.944678e-09
6440.000000 1.946549e-09
6445.000000 1.931933e-09
6450.000000 1.915942e-09
6455.000000 1.913875e-09
6460.000000 1.912468e-09
6465.000000 1.913905e-09
6470.000000 1.898666e-09
6475.000000 1.878241e-09
6480.000000 1.876962e-09
6485.000000 1.870568e-09
6490.000000 1.857640e-09
6495.000000 1.861745e-09
6500.000000 1.872521e-09
6505.000000 1.865328e-09
6510.000000 1.863821e-09
6515.000000 1.849330e-09
6520.000000 1.838978e-09
6525.000000 1.824486e-09
6530.000000 1.813890e-09
6535.000000 1.814888e-09
6540.000000 1.818460e-09
6545.000000 1.801156e-09
6550.000000 1.747625e-09
6555.000000 1.659768e-09
6560.000000 1.553078e-09
6565.000000 1.541820e-09
6570.000000 1.652409e-09
6575.000000 1.742354e-09
6580.000000 1.780561e-09
6585.000000 1.783243e-09
6590.000000 1.777499e-09
6595.000000 1.779424e-09
6600.000000 1.784927e-09
6605.000000 1.789058e-09
6610.000000 1.770879e-09
6615.000000 1.758880e-09
6620.000000 1.756188e-09
6625.000000 1.754514e-09
6630.000000 1.738428e-09
6635.000000 1.730287e-09
6640.000000 1.729107e-09
6645.000000 1.727651e-09
6650.000000 1.722691e-09
6655.000000 1.721144e-09
6660.000000 1.718869e-09
6665.000000 1.708924e-09
6670.000000 1.684896e-09
6675.000000 1.629925e-09
6680.000000 1.603177e-09
6685.000000 1.654908e-09
6690.000000 1.681253e-09
6695.000000 1.680486e-09
6700.000000 1.674229e-09
6705.000000 1.676703e-09
6710.000000 1.673892e-09
6715.000000 1.665357e-09
6720.000000 1.666978e-09
6725.000000 1.660543e-09
6730.000000 1.649468e-09
6735.000000 1.640813e-09
6740.000000 1.639926e-09
6745.000000 1.637266e-09
6750.000000 1.636699e-09
6755.000000 1.627540e-09
6760.000000 1.612338e-09
6765.000000 1.613145e-09
6770.000000 1.609264e-09
6775.000000 1.608650e-09
6780.000000 1.605529e-09
6785.000000 1.599846e-09
6790.000000 1.596439e-09
6795.000000 1.596004e-09
6800.000000 1.592587e-09
6805.000000 1.591064e-09
6810.000000 1.587058e-09
6815.000000 1.581528e-09
6820.000000 1.579976e-09
6825.000000 1.573696e-09
6830.000000 1.565948e-09
6835.000000 1.558192e-09
6840.000000 1.569136e-09
6845.000000 1.568096e-09
6850.000000 1.564446e-09
6855.000000 1.560802e-09
6860.000000 1.557153e-09
6865.000000 1.553507e-09
6870.000000 1.549859e-09
6875.000000 1.546211e-09
6880.000000 1.542566e-09
6885.000000 1.538918e-09
6890.000000 1.535267e-09
6895.000000 1.531623e-09
6900.000000 1.527976e-09
6905.000000 1.524325e-09
6910.000000 1.520681e-09
6915.000000 1.517030e-09
6920.000000 1.513384e-09
6925.000000 1.509738e-09
6930.000000 1.506087e-09
6935.000000 1.502442e-09
6940.000000 1.498795e-09
6945.000000 1.495149e-09
6950.000000 1.491497e-09
6955.000000 1.487851e-09
6960.000000 1.484204e-09
6965.000000 1.480557e-09
6970.000000 1.476400e-09
6975.000000 1.470349e-09
6980.000000 1.468860e-09
6985.000000 1.455760e-09
6990.000000 1.437623e-09
6995.000000 1.437255e-09
7000.000000 1.440630e-09
7005.000000 1.437025e-09
7010.000000 1.438302e-09
7015.000000 1.437232e-09
7020.000000 1.434906e-09
7025.000000 1.425318e-09
7030.000000 1.430296e-09
7035.000000 1.430699e-09
7040.000000 1.420391e-09
7045.000000 1.423598e-09
7050.000000 1.421538e-09
7055.000000 1.410577e-09
7060.000000 1.378973e-09
7065.000000 1.333586e-09
7070.000000 1.349544e-09
7075.000000 1.385964e-09
7080.000000 1.390394e-09
7085.000000 1.383037e-09
7090.000000 1.380709e-09
7095.000000 1.386556e-09
7100.000000 1.383918e-09
7105.000000 1.376935e-09
7110.000000 1.381237e-09
7115.000000 1.384572e-09
7120.000000 1.384012e-09
7125.000000 1.377727e-09
7130.000000 1.375732e-09
7135.000000 1.372707e-09
7140.000000 1.357151e-09
7145.000000 1.354964e-09
7150.000000 1.362760e-09
7155.000000 1.359178e-09
7160.000000 1.339668e-09
7165.000000 1.318296e-09
7170.000000 1.292607e-09
7175.000000 1.270329e-09
7180.000000 1.265564e-09
7185.000000 1.251845e-09
7190.000000 1.250905e-09
7195.000000 1.258425e-09
7200.000000 1.259985e-09
7205.000000 1.269304e-09
7210.000000 1.289484e-09
7215.000000 1.300384e-09
7220.000000 1.302925e-09
7225.000000 1.290017e-09
7230.000000 1.275660e-09
7235.000000 1.256693e-09
7240.000000 1.249049e-09
7245.000000 1.250456e-09
7250.000000 1.246328e-09
7255.000000 1.241037e-09
7260.000000 1.240365e-09
7265.000000 1.235696e-09
7270.000000 1.235451e-09
7275.000000 1.215552e-09
7280.000000 1.215732e-09
7285.000000 1.223295e-09
7290.000000 1.219527e-09
7295.000000 1.223704e-09
7300.000000 1.217542e-09
7305.000000 1.206769e-09
7310.000000 1.210395e-09
7315.000000 1.202045e-09
7320.000000 1.204500e-09
7325.000000 1.216656e-09
7330.000000 1.210590e-09
7335.000000 1.208985e-09
7340.000000 1.206772e-09
7345.000000 1.200467e-09
7350.000000 1.198156e-09
7355.000000 1.198250e-09
7360.000000 1.195893e-09
7365.000000 1.192500e-09
7370.000000 1.178061e-09
7375.000000 1.176262e-09
7380.000000 1.170846e-09
7385.000000 1.166215e-09
7390.000000 1.162797e-09
7395.000000 1.165779e-09
7400.000000 1.160977e-09
7405.000000 1.147270e-09
7410.000000 1.138820e-09
7415.000000 1.136090e-09
7420.000000 1.138094e-09
7425.000000 1.146960e-09
7430.000000 1.147216e-09
7435.000000 1.145594e-09
7440.000000 1.145774e-09
7445.000000 1.143537e-09
7450.000000 1.143090e-09
7455.000000 1.140016e-09
7460.000000 1.135018e-09
7465.000000 1.132266e-09
7470.000000 1.129958e-09
7475.000000 1.125635e-09
7480.000000 1.123341e-09
7485.000000 1.117600e-09
7490.000000 1.115586e-09
7495.000000 1.115155e-09
7500.000000 1.110041e-09
7505.000000 1.106841e-09
7510.000000 1.107118e-09
7515.000000 1.103793e-09
7520.000000 1.104309e-09
7525.000000 1.100280e-09
7530.000000 1.095697e-09
7535.000000 1.092001e-09
7540.000000 1.089624e-09
7545.000000 1.086521e-09
7550.000000 1.081350e-09
7555.000000 1.078161e-09
7560.000000 1.075369e-09
7565.000000 1.072574e-09
7570.000000 1.069783e-09
7575.000000 1.066987e-09
7580.000000 1.064193e-09
7585.000000 1.061399e-09
7590.000000 1.058607e-09
7595.000000 1.055813e-09
7600.000000 1.053020e-09
7605.000000 1.050226e-09
7610.000000 1.047432e-09
7615.000000 1.044636e-09
7620.000000 1.041843e-09
7625.000000 1.039049e-09
7630.000000 1.036255e-09
7635.000000 1.033464e-09
7640.000000 1.030669e-09
7645.000000 1.027876e-09
7650.000000 1.025081e-09
7655.000000 1.022287e-09
7660.000000 1.019493e-09
7665.000000 1.016702e-09
7670.000000 1.013906e-09
7675.000000 1.011114e-09
7680.000000 1.008318e-09
7685.000000 1.005526e-09
7690.000000 1.002733e-09
7695.000000 9.999402e-10
7700.000000 9.971451e-10
7705.000000 9.943515e-10
7710.000000 9.915568e-10
7715.000000 9.887641e-10
7720.000000 9.859694e-10
7725.000000 9.831760e-10
7730.000000 9.804472e-10
7735.000000 9.776027e-10
7740.000000 9.724792e-10
7745.000000 9.713214e-10
7750.000000 9.734366e-10
7755.000000 9.699086e-10
7760.000000 9.651262e-10
7765.000000 9.624910e-10
7770.000000 9.598826e-10
7775.000000 9.566827e-10
7780.000000 9.554972e-10
7785.000000 9.552837e-10
7790.000000 9.539535e-10
7795.000000 9.508666e-10
7800.000000 9.506602e-10
7805.000000 9.494542e-10
7810.000000 9.458887e-10
7815.000000 9.417722e-10
7820.000000 9.412489e-10
7825.000000 9.383597e-10
7830.000000 9.331461e-10
7835.000000 9.306612e-10
7840.000000 9.313232e-10
7845.000000 9.286730e-10
7850.000000 9.280385e-10
7855.000000 9.261592e-10
7860.000000 9.231483e-10
7865.000000 9.181875e-10
7870.000000 9.167993e-10
7875.000000 9.148008e-10
7880.000000 9.129530e-10
7885.000000 9.106484e-10
7890.000000 9.050831e-10
7895.000000 9.003918e-10
7900.000000 8.976933e-10
7905.000000 8.975749e-10
7910.000000 9.014052e-10
7915.000000 8.983213e-10
7920.000000 8.904320e-10
7925.000000 8.861183e-10
7930.000000 8.880530e-10
7935.000000 8.884812e-10
7940.000000 8.864595e-10
7945.000000 8.846422e-10
7950.000000 8.814853e-10
7955.000000 8.821417e-10
7960.000000 8.804154e-10
7965.000000 8.763618e-10
7970.000000 8.743652e-10
7975.000000 8.722055e-10
7980.000000 8.707551e-10
7985.000000 8.684706e-10
7990.000000 8.667888e-10
7995.000000 8.654928e-10
8000.000000 8.609692e-10
8005.000000 8.619469e-10
8010.000000 8.600008e-10
8015.000000 8.581754e-10
8020.000000 8.562815e-10
8025.000000 8.561149e-10
8030.000000 8.556976e-10
8035.000000 8.543050e-10
8040.000000 8.529667e-10
8045.000000 8.520328e-10
8050.000000 8.503881e-10
8055.000000 8.486479e-10
8060.000000 8.478072e-10
8065.000000 8.468751e-10
8070.000000 8.467186e-10
8075.000000 8.460764e-10
8080.000000 8.459764e-10
8085.000000 8.433725e-10
8090.000000 8.400994e-10
8095.000000 8.349145e-10
8100.000000 8.325564e-10
8105.000000 8.314940e-10
8110.000000 8.284654e-10
8115.000000 8.258719e-10
8120.000000 8.250384e-10
8125.000000 8.242618e-10
8130.000000 8.221805e-10
8135.000000 8.178311e-10
8140.000000 8.150035e-10
8145.000000 8.106781e-10
8150.000000 8.057407e-10
8155.000000 7.999691e-10
8160.000000 7.962556e-10
8165.000000 7.915997e-10
8170.000000 7.952963e-10
8175.000000 7.976541e-10
8180.000000 7.985567e-10
8185.000000 8.036006e-10
8190.000000 8.048557e-10
8195.000000 8.034458e-10
8200.000000 8.019509e-10
8205.000000 8.017337e-10
8210.000000 7.981570e-10
8215.000000 7.926138e-10
8220.000000 7.850028e-10
8225.000000 7.759350e-10
8230.000000 7.676411e-10
8235.000000 7.741358e-10
8240.000000 7.808164e-10
8245.000000 7.827142e-10
8250.000000 7.844423e-10
8255.000000 7.801905e-10
8260.000000 7.771407e-10
8265.000000 7.741262e-10
8270.000000 7.704759e-10
8275.000000 7.659643e-10
8280.000000 7.636343e-10
8285.000000 7.625799e-10
8290.000000 7.604895e-10
8295.000000 7.586435e-10
8300.000000 7.579123e-10
8305.000000 7.554435e-10
8310.000000 7.536443e-10
8315.000000 7.513559e-10
8320.000000 7.482968e-10
8325.000000 7.461981e-10
8330.000000 7.443878e-10
8335.000000 7.400940e-10
8340.000000 7.366618e-10
8345.000000 7.369168e-10
8350.000000 7.354037e-10
8355.000000 7.334648e-10
8360.000000 7.323959e-10
8365.000000 7.319541e-10
8370.000000 7.332116e-10
8375.000000 7.331183e-10
8380.000000 7.296830e-10
8385.000000 7.259928e-10
8390.000000 7.212599e-10
8395.000000 7.161120e-10
8400.000000 7.119551e-10
8405.000000 7.086214e-10
8410.000000 7.088442e-10
8415.000000 7.113333e-10
8420.000000 7.146028e-10
8425.000000 7.173668e-10
8430.000000 7.158141e-10
8435.000000 7.119856e-10
8440.000000 7.085011e-10
8445.000000 7.070307e-10
8450.000000 7.064734e-10
8455.000000 7.015469e-10
8460.000000 6.994226e-10
8465.000000 6.968950e-10
8470.000000 6.928143e-10
8475.000000 6.892034e-10
8480.000000 6.904760e-10
8485.000000 6.907464e-10
8490.000000 6.911884e-10
8495.000000 6.877522e-10
8500.000000 6.834168e-10
8505.000000 6.845846e-10
8510.000000 6.871927e-10
8515.000000 6.863316e-10
8520.000000 6.858967e-10
8525.000000 6.855025e-10
8530.000000 6.842371e-10
8535.000000 6.825072e-10
8540.000000 6.789194e-10
8545.000000 6.759424e-10
8550.000000 6.753522e-10
8555.000000 6.757441e-10
8560.000000 6.733298e-10
8565.000000 6.719452e-10
8570.000000 6.688510e-10
8575.000000 6.649827e-10
8580.000000 6.616905e-10
8585.000000 6.578331e-10
8590.000000 6.540286e-10
8595.000000 6.502711e-10
8600.000000 6.498926e-10
8605.000000 6.522102e-10
8610.000000 6.559158e-10
8615.000000 6.574803e-10
8620.000000 6.580319e-10
8625.000000 6.591014e-10
8630.000000 6.586341e-10
8635.000000 6.558930e-10
8640.000000 6.502192e-10
8645.000000 6.478073e-10
8650.000000 6.434815e-10
8655.000000 6.385105e-10
8660.000000 6.345244e-10
8665.000000 6.300394e-10
8670.000000 6.315402e-10
8675.000000 6.348340e-10
8680.000000 6.402179e-10
8685.000000 6.438680e-10
8690.000000 6.465628e-10
8695.000000 6.478672e-10
8700.000000 6.490994e-10
8705.000000 6.505400e-10
8710.000000 6.502382e-10
8715.000000 6.497083e-10
8720.000000 6.465047e-10
8725.000000 6.399254e-10
8730.000000 6.309142e-10
8735.000000 6.235492e-10
8740.000000 6.155183e-10
8745.000000 6.067273e-10
8750.000000 5.991689e-10
8755.000000 6.012661e-10
8760.000000 6.095913e-10
8765.000000 6.170784e-10
8770.000000 6.190710e-10
8775.000000 6.205587e-10
8780.000000 6.236700e-10
8785.000000 6.246921e-10
8790.000000 6.238728e-10
8795.000000 6.226746e-10
8800.000000 6.220429e-10
8805.000000 6.205749e-10
8810.000000 6.179648e-10
8815.000000 6.167447e-10
8820.000000 6.149550e-10
8825.000000 6.118177e-10
8830.000000 6.041926e-10
8835.000000 5.932133e-10
8840.000000 5.837409e-10
8845.000000 5.755781e-10
8850.000000 5.675304e-10
8855.000000 5.609555e-10
8860.000000 5.548098e-10
8865.000000 5.598806e-10
8870.000000 5.712022e-10
8875.000000 5.827287e-10
8880.000000 5.933602e-10
8885.000000 6.020296e-10
8890.000000 6.018220e-10
8895.000000 5.994116e-10
8900.000000 5.944623e-10
8905.000000 6.035063e-10
8910.000000 6.025598e-10
8915.000000 5.947492e-10
8920.000000 6.026328e-10
8925.000000 6.015151e-10
8930.000000 6.137779e-10
8935.000000 6.120578e-10
8940.000000 6.062475e-10
8945.000000 6.004471e-10
8950.000000 5.942625e-10
8955.000000 5.881870e-10
8960.000000 5.846970e-10
8965.000000 5.744114e-10
8970.000000 5.782729e-10
8975.000000 5.773378e-10
8980.000000 5.710373e-10
8985.000000 5.608500e-10
8990.000000 5.499796e-10
8995.000000 5.504975e-10
9000.000000 5.485107e-10
9005.000000 5.410932e-10
9010.000000 5.378949e-10
9015.000000 5.363816e-10
9020.000000 5.450839e-10
9025.000000 5.544467e-10
9030.000000 5.708488e-10
9035.000000 5.833669e-10
9040.000000 5.909033e-10
9045.000000 5.943891e-10
9050.000000 5.924917e-10
9055.000000 5.843377e-10
9060.000000 5.797614e-10
9065.000000 5.751418e-10
9070.000000 5.731999e-10
9075.000000 5.724657e-10
9080.000000 5.708448e-10
9085.000000 5.710494e-10
9090.000000 5.714282e-10
9095.000000 5.719157e-10
9100.000000 5.684637e-10
9105.000000 5.694972e-10
9110.000000 5.736194e-10
9115.000000 5.764125e-10
9120.000000 5.730381e-10
9125.000000 5.669880e-10
9130.000000 5.599571e-10
9135.000000 5.558842e-10
9140.000000 5.575190e-10
9145.000000 5.563157e-10
9150.000000 5.481042e-10
9155.000000 5.435274e-10
9160.000000 5.478261e-10
9165.000000 5.489839e-10
9170.000000 5.436838e-10
9175.000000 5.382688e-10
9180.000000 5.411621e-10
9185.000000 5.409063e-10
9190.000000 5.383706e-10
9195.000000 5.345451e-10
9200.000000 5.352775e-10
9205.000000 5.319652e-10
9210.000000 5.239221e-10
9215.000000 5.143791e-10
9220.000000 5.095863e-10
9225.000000 5.030178e-10
9230.000000 4.983217e-10
9235.000000 5.006189e-10
9240.000000 5.090286e-10
9245.000000 5.164658e-10
9250.000000 5.245155e-10
9255.000000 5.270644e-10
9260.000000 5.348148e-10
9265.000000 5.420920e-10
9270.000000 5.521846e-10
9275.000000 5.559446e-10
9280.000000 5.558108e-10
9285.000000 5.546413e-10
9290.000000 5.472515e-10
9295.000000 5.375122e-10
9300.000000 5.282917e-10
9305.000000 5.179796e-10
9310.000000 5.105135e-10
9315.000000 5.006839e-10
9320.000000 4.982497e-10
9325.000000 4.949503e-10
9330.000000 4.993810e-10
9335.000000 4.927586e-10
9340.000000 4.856589e-10
9345.000000 4.830337e-10
9350.000000 5.007424e-10
9355.000000 4.898890e-10
9360.000000 4.931948e-10
9365.000000 5.073644e-10
9370.000000 5.064092e-10
9375.000000 5.119062e-10
9380.000000 5.143838e-10
9385.000000 5.273142e-10
9390.000000 5.486629e-10
9395.000000 5.595951e-10
9400.000000 5.548327e-10
9405.000000 5.412515e-10
9410.000000 5.355058e-10
9415.000000 5.323447e-10
9420.000000 5.217783e-10
9425.000000 5.053710e-10
9430.000000 4.920980e-10
9435.000000 5.048363e-10
9440.000000 4.854213e-10
9445.000000 4.826411e-10
9450.000000 4.884667e-10
9455.000000 4.804370e-10
9460.000000 4.768895e-10
9465.000000 4.863175e-10
9470.000000 4.936400e-10
9475.000000 4.921740e-10
9480.000000 4.872220e-10
9485.000000 4.964390e-10
9490.000000 4.927782e-10
9495.000000 4.720024e-10
9500.000000 4.621646e-10
9505.000000 4.811628e-10
9510.000000 5.011712e-10
9515.000000 4.848272e-10
9520.000000 4.671158e-10
9525.000000 4.588077e-10
9530.000000 4.626547e-10
9535.000000 4.555525e-10
9540.000000 4.432014e-10
9545.000000 4.264953e-10
9550.000000 4.346540e-10
9555.000000 4.406981e-10
9560.000000 4.650922e-10
9565.000000 4.680955e-10
9570.000000 4.819898e-10
9575.000000 4.880752e-10
9580.000000 4.837478e-10
9585.000000 4.747884e-10
9590.000000 4.624384e-10
9595.000000 4.632939e-10
9600.000000 4.749163e-10
9605.000000 4.730566e-10
9610.000000 4.693980e-10
9615.000000 4.658534e-10
9620.000000 4.608185e-10
9625.000000 4.599493e-10
9630.000000 4.546529e-10
9635.000000 4.548527e-10
9640.000000 4.538674e-10
9645.000000 4.563842e-10
9650.000000 4.605923e-10
9655.000000 4.606613e-10
9660.000000 4.588403e-10
9665.000000 4.597404e-10
9670.000000 4.717630e-10
9675.000000 4.706093e-10
9680.000000 4.609564e-10
9685.000000 4.628732e-10
9690.000000 4.644004e-10
9695.000000 4.643339e-10
9700.000000 4.540605e-10
9705.000000 4.537002e-10
9710.000000 4.546440e-10
9715.000000 4.574264e-10
9720.000000 4.532060e-10
9725.000000 4.478422e-10
9730.000000 4.476672e-10
9735.000000 4.444921e-10
9740.000000 4.528272e-10
9745.000000 4.429430e-10
9750.000000 4.414596e-10
9755.000000 4.391240e-10
9760.000000 4.409756e-10
9765.000000 4.427212e-10
9770.000000 4.398871e-10
9775.000000 4.429232e-10
9780.000000 4.462103e-10
9785.000000 4.421372e-10
9790.000000 4.376829e-10
9795.000000 4.313545e-10
9800.000000 4.352256e-10
9805.000000 4.334612e-10
9810.000000 4.336333e-10
9815.000000 4.268761e-10
9820.000000 4.302753e-10
9825.000000 4.257847e-10
9830.000000 4.248092e-10
9835.000000 4.252411e-10
9840.000000 4.265030e-10
9845.000000 4.268716e-10
9850.000000 4.310987e-10
9855.000000 4.324296e-10
9860.000000 4.202567e-10
9865.000000 4.261530e-10
9870.000000 4.242174e-10
9875.000000 4.177243e-10
9880.000000 4.123053e-10
9885.000000 4.152027e-10
9890.000000 4.183225e-10
9895.000000 4.090055e-10
9900.000000 4.140698e-10
9905.000000 4.159463e-10
9910.000000 4.141812e-10
9915.000000 4.123528e-10
9920.000000 4.125733e-10
9925.000000 4.073925e-10
9930.000000 4.046777e-10
9935.000000 4.025542e-10
9940.000000 3.996499e-10
9945.000000 3.994874e-10
9950.000000 4.069803e-10
9955.000000 4.119251e-10
9960.000000 4.270990e-10
9965.000000 4.075462e-10
9970.000000 3.974507e-10
9975.000000 4.055766e-10
9980.000000 3.866679e-10
9985.000000 3.921356e-10
9990.000000 3.936308e-10
9995.000000 3.982764e-10
10000.000000 3.939198e-10
10005.000000 3.799484e-10
10010.000000 3.874362e-10
10015.000000 3.872489e-10
10020.000000 3.806662e-10
10025.000000 3.722811e-10
10030.000000 3.687806e-10
10035.000000 3.638443e-10
10040.000000 3.560862e-10
10045.000000 3.583099e-10
10050.000000 3.532198e-10
10055.000000 3.589933e-10
10060.000000 3.659866e-10
10065.000000 3.541971e-10
10070.000000 3.612653e-10
10075.000000 3.638441e-10
10080.000000 3.913843e-10
10085.000000 3.986090e-10
10090.000000 3.802254e-10
10095.000000 3.790170e-10
10100.000000 3.847393e-10
10105.000000 3.780458e-10
10110.000000 3.779470e-10
10115.000000 3.700151e-10
10120.000000 3.727981e-10
10125.000000 3.616787e-10
10130.000000 3.692121e-10
10135.000000 3.648341e-10
10140.000000 3.721468e-10
10145.000000 3.719617e-10
10150.000000 3.682912e-10
10155.000000 3.638992e-10
10160.000000 3.603104e-10
10165.000000 3.584121e-10
10170.000000 3.574330e-10
10175.000000 3.559652e-10
10180.000000 3.526217e-10
10185.000000 3.468763e-10
10190.000000 3.404323e-10
10195.000000 3.358563e-10
10200.000000 3.356766e-10
10205.000000 3.412362e-10
10210.000000 3.507796e-10
10215.000000 3.613735e-10
10220.000000 3.700327e-10
10225.000000 3.745622e-10
10230.000000 3.747920e-10
10235.000000 3.713406e-10
10240.000000 3.649201e-10
10245.000000 3.564946e-10
10250.000000 3.476404e-10
10255.000000 3.401894e-10
10260.000000 3.359020e-10
10265.000000 3.356943e-10
10270.000000 3.382657e-10
10275.000000 3.414682e-10
10280.000000 3.431440e-10
10285.000000 3.418854e-10
10290.000000 3.382152e-10
10295.000000 3.334143e-10
10300.000000 3.288007e-10
10305.000000 3.253747e-10
10310.000000 3.233229e-10
10315.000000 3.225070e-10
10320.000000 3.227525e-10
10325.000000 3.238115e-10
10330.000000 3.252245e-10
10335.000000 3.264543e-10
10340.000000 3.269905e-10
10345.000000 3.266343e-10
10350.000000 3.259967e-10
10355.000000 3.259993e-10
10360.000000 3.275441e-10
10365.000000 3.309611e-10
10370.000000 3.351099e-10
10375.000000 3.382880e-10
10380.000000 3.388111e-10
10385.000000 3.358121e-10
10390.000000 3.305324e-10
10395.000000 3.250287e-10
10400.000000 3.213592e-10
10405.000000 3.207898e-10
10410.000000 3.225384e-10
10415.000000 3.250322e-10
10420.000000 3.266730e-10
10425.000000 3.263869e-10
10430.000000 3.244617e-10
10435.000000 3.217084e-10
10440.000000 3.189722e-10
10445.000000 3.169105e-10
10450.000000 3.156874e-10
10455.000000 3.152828e-10
10460.000000 3.156507e-10
10465.000000 3.166817e-10
10470.000000 3.181000e-10
10475.000000 3.195685e-10
10480.000000 3.207448e-10
10485.000000 3.213231e-10
10490.000000 3.210664e-10
10495.000000 3.197724e-10
10500.000000 3.172566e-10
10505.000000 3.134495e-10
10510.000000 3.086024e-10
10515.000000 3.030880e-10
10520.000000 2.973036e-10
10525.000000 2.917467e-10
10530.000000 2.872066e-10
10535.000000 2.845654e-10
10540.000000 2.846745e-10
10545.000000 2.878666e-10
10550.000000 2.931278e-10
10555.000000 2.989369e-10
10560.000000 3.037559e-10
10565.000000 3.064742e-10
10570.000000 3.070920e-10
10575.000000 3.060347e-10
10580.000000 3.037778e-10
10585.000000 3.008513e-10
10590.000000 2.979387e-10
10595.000000 2.957831e-10
10600.000000 2.951041e-10
10605.000000 2.963459e-10
10610.000000 2.992511e-10
10615.000000 3.032798e-10
10620.000000 2.303031e-10
