1150.000000 3.431298e-11
1155.000000 4.162378e-11
1160.000000 3.445530e-11
1165.000000 8.999137e-12
1170.000000 1.032741e-11
1175.000000 1.050474e-11
1180.000000 1.774841e-12
1185.000000 1.559264e-12
1190.000000 2.587855e-13
1195.000000 2.671886e-13
1200.000000 3.611673e-12
1205.000000 2.333649e-11
1210.000000 8.898046e-11
1215.000000 1.508660e-10
1220.000000 1.077835e-10
1225.000000 3.332165e-11
1230.000000 6.504193e-12
1235.000000 6.100267e-12
1240.000000 9.922917e-12
1245.000000 5.967516e-12
1250.000000 5.634330e-12
1255.000000 7.127691e-12
1260.000000 7.122239e-12
1265.000000 8.120267e-12
1270.000000 1.110420e-11
1275.000000 1.339983e-11
1280.000000 1.287177e-11
1285.000000 1.150719e-11
1290.000000 1.107336e-11
1295.000000 9.976010e-12
1300.000000 6.253735e-12
1305.000000 4.175351e-12
1310.000000 5.287971e-12
1315.000000 7.651685e-12
1320.000000 9.394640e-12
1325.000000 7.803297e-12
1330.000000 1.064513e-11
1335.000000 1.304132e-11
1340.000000 1.417240e-11
1345.000000 1.664361e-11
1350.000000 1.671230e-11
1355.000000 1.710392e-11
1360.000000 1.677462e-11
1365.000000 1.425788e-11
1370.000000 1.288694e-11
1375.000000 1.421030e-11
1380.000000 1.462798e-11
1385.000000 1.857509e-11
1390.000000 2.261208e-11
1395.000000 2.120512e-11
1400.000000 1.671390e-11
1405.000000 1.707724e-11
1410.000000 1.600677e-11
1415.000000 1.483827e-11
1420.000000 1.902381e-11
1425.000000 2.241682e-11
1430.000000 2.094161e-11
1435.000000 1.748821e-11
1440.000000 2.191013e-11
1445.000000 2.652350e-11
1450.000000 2.833884e-11
1455.000000 2.974040e-11
1460.000000 3.111753e-11
1465.000000 2.879892e-11
1470.000000 2.792984e-11
1475.000000 3.012858e-11
1480.000000 3.169177e-11
1485.000000 3.273104e-11
1490.000000 3.541288e-11
1495.000000 3.821004e-11
1500.000000 4.271617e-11
1505.000000 4.361667e-11
1510.000000 3.837847e-11
1515.000000 3.881077e-11
1520.000000 4.375960e-11
1525.000000 4.205716e-11
1530.000000 4.311986e-11
1535.000000 5.399900e-11
1540.000000 7.174755e-11
1545.000000 8.095386e-11
1550.000000 7.355508e-11
1555.000000 6.637028e-11
1560.000000 6.166897e-11
1565.000000 6.369490e-11
1570.000000 6.422372e-11
1575.000000 7.191382e-11
1580.000000 8.673373e-11
1585.000000 9.832355e-11
1590.000000 1.096996e-10
1595.000000 1.175697e-10
1600.000000 1.127162e-10
1605.000000 1.033559e-10
1610.000000 9.095460e-11
1615.000000 9.370033e-11
1620.000000 9.431615e-11
1625.000000 9.456520e-11
1630.000000 9.166206e-11
1635.000000 8.192965e-11
1640.000000 8.147506e-11
1645.000000 8.934602e-11
1650.000000 9.560640e-11
1655.000000 8.294541e-11
1660.000000 7.850744e-11
1665.000000 9.663154e-11
1670.000000 8.669986e-11
1675.000000 8.111208e-11
1680.000000 1.033376e-10
1685.000000 1.169139e-10
1690.000000 1.189502e-10
1695.000000 1.289496e-10
1700.000000 1.434357e-10
1705.000000 1.488989e-10
1710.000000 1.577876e-10
1715.000000 1.632560e-10
1720.000000 1.608001e-10
1725.000000 1.703226e-10
1730.000000 1.935867e-10
1735.000000 2.022030e-10
1740.000000 2.136989e-10
1745.000000 2.230827e-10
1750.000000 2.409402e-10
1755.000000 2.720330e-10
1760.000000 2.610828e-10
1765.000000 2.422562e-10
1770.000000 2.554807e-10
1775.000000 2.770001e-10
1780.000000 2.953257e-10
1785.000000 2.889131e-10
1790.000000 3.021001e-10
1795.000000 3.559414e-10
1800.000000 3.830901e-10
1805.000000 3.552447e-10
1810.000000 3.349766e-10
1815.000000 3.470350e-10
1820.000000 3.396374e-10
1825.000000 3.239713e-10
1830.000000 2.930408e-10
1835.000000 2.807199e-10
1840.000000 2.774702e-10
1845.000000 2.624083e-10
1850.000000 2.692316e-10
1855.000000 2.734257e-10
1860.000000 2.727419e-10
1865.000000 2.751670e-10
1870.000000 2.983177e-10
1875.000000 3.226307e-10
1880.000000 3.334359e-10
1885.000000 3.498085e-10
1890.000000 3.496179e-10
1895.000000 3.389604e-10
1900.000000 3.118295e-10
1905.000000 2.952348e-10
1910.000000 2.877021e-10
1915.000000 2.963615e-10
1920.000000 3.186855e-10
1925.000000 3.271245e-10
1930.000000 3.247913e-10
1935.000000 3.341944e-10
1940.000000 3.648684e-10
1945.000000 3.973897e-10
1950.000000 4.112497e-10
1955.000000 4.058783e-10
1960.000000 3.865724e-10
1965.000000 3.950543e-10
1970.000000 3.925710e-10
1975.000000 4.211677e-10
1980.000000 4.183217e-10
1985.000000 4.340146e-10
1990.000000 4.024077e-10
1995.000000 3.535373e-10
2000.000000 3.527066e-10
2005.000000 3.455682e-10
2010.000000 3.069890e-10
2015.000000 3.197003e-10
2020.000000 3.171241e-10
2025.000000 3.175321e-10
2030.000000 3.232170e-10
2035.000000 3.442378e-10
2040.000000 3.425289e-10
2045.000000 3.268750e-10
2050.000000 3.627272e-10
2055.000000 3.779121e-10
2060.000000 3.304722e-10
2065.000000 3.136185e-10
2070.000000 3.324328e-10
2075.000000 3.501195e-10
2080.000000 3.924593e-10
2085.000000 4.282883e-10
2090.000000 4.175010e-10
2095.000000 3.795155e-10
2100.000000 3.499714e-10
2105.000000 3.423774e-10
2110.000000 3.469839e-10
2115.000000 3.391454e-10
2120.000000 3.254377e-10
2125.000000 3.483628e-10
2130.000000 3.692866e-10
2135.000000 2.838237e-10
2140.000000 2.215665e-10
2145.000000 2.300910e-10
2150.000000 2.677656e-10
2155.000000 3.089073e-10
2160.000000 3.250438e-10
2165.000000 2.965548e-10
2170.000000 2.752623e-10
2175.000000 2.581400e-10
2180.000000 2.548250e-10
2185.000000 2.770041e-10
2190.000000 3.103874e-10
2195.000000 3.400182e-10
2200.000000 3.546873e-10
2205.000000 3.365961e-10
2210.000000 3.030392e-10
2215.000000 2.708120e-10
2220.000000 2.558602e-10
2225.000000 2.563574e-10
2230.000000 2.594375e-10
2235.000000 2.691327e-10
2240.000000 2.904194e-10
2245.000000 2.680053e-10
2250.000000 2.449028e-10
2255.000000 2.349929e-10
2260.000000 2.388217e-10
2265.000000 2.442513e-10
2270.000000 2.563309e-10
2275.000000 2.723927e-10
2280.000000 2.867532e-10
2285.000000 3.058298e-10
2290.000000 3.486341e-10
2295.000000 3.541690e-10
2300.000000 3.202997e-10
2305.000000 2.858093e-10
2310.000000 3.125692e-10
2315.000000 3.371382e-10
2320.000000 3.129716e-10
2325.000000 3.034295e-10
2330.000000 2.939506e-10
2335.000000 2.750626e-10
2340.000000 2.557127e-10
2345.000000 2.422572e-10
2350.000000 2.368335e-10
2355.000000 2.567748e-10
2360.000000 2.686561e-10
2365.000000 2.526600e-10
2370.000000 2.466556e-10
2375.000000 2.681858e-10
2380.000000 2.772644e-10
2385.000000 2.491564e-10
2390.000000 2.185670e-10
2395.000000 2.287102e-10
2400.000000 2.411968e-10
2405.000000 2.269645e-10
2410.000000 2.186839e-10
2415.000000 2.327751e-10
2420.000000 2.842902e-10
2425.000000 3.592258e-10
2430.000000 3.859067e-10
2435.000000 3.623929e-10
2440.000000 3.595270e-10
2445.000000 3.892999e-10
2450.000000 4.039885e-10
2455.000000 4.118596e-10
2460.000000 4.276933e-10
2465.000000 4.118318e-10
2470.000000 3.743078e-10
2475.000000 3.632311e-10
2480.000000 3.579208e-10
2485.000000 3.559448e-10
2490.000000 3.810290e-10
2495.000000 3.999568e-10
2500.000000 4.573056e-10
2505.000000 4.889890e-10
2510.000000 4.705276e-10
2515.000000 4.377322e-10
2520.000000 4.081739e-10
2525.000000 3.603050e-10
2530.000000 3.393863e-10
2535.000000 3.485238e-10
2540.000000 3.450924e-10
2545.000000 3.337034e-10
2550.000000 3.500293e-10
2555.000000 3.946427e-10
2560.000000 4.327803e-10
2565.000000 4.411540e-10
2570.000000 4.814701e-10
2575.000000 4.870132e-10
2580.000000 4.015180e-10
2585.000000 3.672132e-10
2590.000000 3.998418e-10
2595.000000 4.266648e-10
2600.000000 4.239860e-10
2605.000000 4.184587e-10
2610.000000 4.060194e-10
2615.000000 3.882643e-10
2620.000000 4.142213e-10
2625.000000 4.387901e-10
2630.000000 4.333012e-10
2635.000000 4.932343e-10
2640.000000 6.256750e-10
2645.000000 7.435416e-10
2650.000000 8.184364e-10
2655.000000 8.273251e-10
2660.000000 7.783229e-10
2665.000000 6.726755e-10
2670.000000 6.075447e-10
2675.000000 6.222228e-10
2680.000000 6.499986e-10
2685.000000 6.554681e-10
2690.000000 6.144104e-10
2695.000000 5.727721e-10
2700.000000 5.922859e-10
2705.000000 6.245347e-10
2710.000000 6.007924e-10
2715.000000 5.574592e-10
2720.000000 5.581996e-10
2725.000000 5.668635e-10
2730.000000 5.996895e-10
2735.000000 6.544835e-10
2740.000000 6.456797e-10
2745.000000 5.378691e-10
2750.000000 4.710087e-10
2755.000000 4.625378e-10
2760.000000 4.927484e-10
2765.000000 5.351944e-10
2770.000000 5.704930e-10
2775.000000 6.142564e-10
2780.000000 6.411012e-10
2785.000000 5.995326e-10
2790.000000 5.393008e-10
2795.000000 4.272758e-10
2800.000000 3.127953e-10
2805.000000 3.274600e-10
2810.000000 4.733488e-10
2815.000000 6.414338e-10
2820.000000 7.740028e-10
2825.000000 8.228936e-10
2830.000000 8.038112e-10
2835.000000 7.490989e-10
2840.000000 7.250945e-10
2845.000000 6.982391e-10
2850.000000 6.887185e-10
2855.000000 6.598445e-10
2860.000000 6.699950e-10
2865.000000 7.141671e-10
2870.000000 6.981650e-10
2875.000000 6.849262e-10
2880.000000 6.993215e-10
2885.000000 7.603322e-10
2890.000000 7.849781e-10
2895.000000 7.831418e-10
2900.000000 8.257668e-10
2905.000000 9.179850e-10
2910.000000 9.790682e-10
2915.000000 9.989385e-10
2920.000000 1.014524e-09
2925.000000 9.474080e-10
2930.000000 8.771267e-10
2935.000000 8.752670e-10
2940.000000 9.048290e-10
2945.000000 9.383826e-10
2950.000000 9.227482e-10
2955.000000 9.549840e-10
2960.000000 1.043981e-09
2965.000000 1.058995e-09
2970.000000 1.022031e-09
2975.000000 1.030207e-09
2980.000000 1.058789e-09
2985.000000 1.038411e-09
2990.000000 1.082316e-09
2995.000000 1.177885e-09
3000.000000 1.203010e-09
3005.000000 1.162753e-09
3010.000000 1.217719e-09
3015.000000 1.240140e-09
3020.000000 1.214863e-09
3025.000000 1.199905e-09
3030.000000 1.169738e-09
3035.000000 1.153740e-09
3040.000000 1.150137e-09
3045.000000 1.157414e-09
3050.000000 1.142143e-09
3055.000000 1.142477e-09
3060.000000 1.126602e-09
3065.000000 1.118514e-09
3070.000000 1.142339e-09
3075.000000 1.155920e-09
3080.000000 1.177449e-09
3085.000000 1.254252e-09
3090.000000 1.296712e-09
3095.000000 1.267532e-09
3100.000000 1.202936e-09
3105.000000 1.178332e-09
3110.000000 1.195546e-09
3115.000000 1.189639e-09
3120.000000 1.125322e-09
3125.000000 1.118052e-09
3130.000000 1.152555e-09
3135.000000 1.186540e-09
3140.000000 1.246751e-09
3145.000000 1.291671e-09
3150.000000 1.313468e-09
3155.000000 1.328083e-09
3160.000000 1.255024e-09
3165.000000 1.188009e-09
3170.000000 1.237581e-09
3175.000000 1.343155e-09
3180.000000 1.299971e-09
3185.000000 1.210827e-09
3190.000000 1.217894e-09
3195.000000 1.286489e-09
3200.000000 1.451476e-09
3205.000000 1.471709e-09
3210.000000 1.469898e-09
3215.000000 1.465771e-09
3220.000000 1.420692e-09
3225.000000 1.320851e-09
3230.000000 1.245423e-09
3235.000000 1.263540e-09
3240.000000 1.326481e-09
3245.000000 1.371770e-09
3250.000000 1.418664e-09
3255.000000 1.493859e-09
3260.000000 1.559182e-09
3265.000000 1.564802e-09
3270.000000 1.500406e-09
3275.000000 1.398363e-09
3280.000000 1.357608e-09
3285.000000 1.439882e-09
3290.000000 1.547196e-09
3295.000000 1.572656e-09
3300.000000 1.545212e-09
3305.000000 1.525861e-09
3310.000000 1.520482e-09
3315.000000 1.517834e-09
3320.000000 1.520020e-09
3325.000000 1.526019e-09
3330.000000 1.512628e-09
3335.000000 1.466981e-09
3340.000000 1.424954e-09
3345.000000 1.423165e-09
3350.000000 1.450514e-09
3355.000000 1.475982e-09
3360.000000 1.467122e-09
3365.000000 1.417307e-09
3370.000000 1.385375e-09
3375.000000 1.419803e-09
3380.000000 1.478246e-09
3385.000000 1.508299e-09
3390.000000 1.522229e-09
3395.000000 1.544304e-09
3400.000000 1.563679e-09
3405.000000 1.562719e-09
3410.000000 1.543955e-09
3415.000000 1.525903e-09
3420.000000 1.544811e-09
3425.000000 1.607989e-09
3430.000000 1.633909e-09
3435.000000 1.565529e-09
3440.000000 1.494961e-09
3445.000000 1.510587e-09
3450.000000 1.543823e-09
3455.000000 1.518625e-09
3460.000000 1.496049e-09
3465.000000 1.538384e-09
3470.000000 1.573596e-09
3475.000000 1.531662e-09
3480.000000 1.482567e-09
3485.000000 1.500840e-09
3490.000000 1.532216e-09
3495.000000 1.512047e-09
3500.000000 1.479386e-09
3505.000000 1.489175e-09
3510.000000 1.530648e-09
3515.000000 1.570729e-09
3520.000000 1.587406e-09
3525.000000 1.578160e-09
3530.000000 1.576992e-09
3535.000000 1.610453e-09
3540.000000 1.650821e-09
3545.000000 1.667485e-09
3550.000000 1.675376e-09
3555.000000 1.686004e-09
3560.000000 1.658077e-09
3565.000000 1.569974e-09
3570.000000 1.502088e-09
3575.000000 1.520851e-09
3580.000000 1.556231e-09
3585.000000 1.536492e-09
3590.000000 1.520629e-09
3595.000000 1.570087e-09
3600.000000 1.621473e-09
3605.000000 1.606675e-09
3610.000000 1.571747e-09
3615.000000 1.577449e-09
3620.000000 1.606651e-09
3625.000000 1.627026e-09
3630.000000 1.646201e-09
3635.000000 1.674361e-09
3640.000000 1.687881e-09
3645.000000 1.673394e-09
3650.000000 1.677186e-09
3655.000000 1.735811e-09
3660.000000 1.801414e-09
3665.000000 1.821947e-09
3670.000000 1.819876e-09
3675.000000 1.839002e-09
3680.000000 1.901962e-09
3685.000000 2.014706e-09
3690.000000 2.161202e-09
3695.000000 2.307239e-09
3700.000000 2.414681e-09
3705.000000 2.552064e-09
3710.000000 2.689711e-09
3715.000000 2.933637e-09
3720.000000 3.039655e-09
3725.000000 3.185928e-09
3730.000000 3.268461e-09
3735.000000 3.371719e-09
3740.000000 3.666710e-09
3745.000000 3.306068e-09
3750.000000 3.107906e-09
3755.000000 3.757442e-09
3760.000000 4.063756e-09
3765.000000 3.711031e-09
3770.000000 3.441607e-09
3775.000000 4.255067e-09
3780.000000 5.253243e-09
3785.000000 5.366597e-09
3790.000000 4.706687e-09
3795.000000 3.840758e-09
3800.000000 3.888174e-09
3805.000000 4.860161e-09
3810.000000 5.699512e-09
3815.000000 5.864345e-09
3820.000000 5.607786e-09
3825.000000 4.853419e-09
3830.000000 3.904009e-09
3835.000000 3.483482e-09
3840.000000 4.150471e-09
3845.000000 5.214380e-09
3850.000000 5.966686e-09
3855.000000 6.217313e-09
3860.000000 6.277725e-09
3865.000000 6.399425e-09
3870.000000 6.322475e-09
3875.000000 5.908791e-09
3880.000000 5.075084e-09
3885.000000 3.922821e-09
3890.000000 3.580642e-09
3895.000000 4.388188e-09
3900.000000 5.344639e-09
3905.000000 5.902339e-09
3910.000000 6.131019e-09
3915.000000 6.131397e-09
3920.000000 5.892124e-09
3925.000000 4.875107e-09
3930.000000 3.515055e-09
3935.000000 3.594719e-09
3940.000000 4.759718e-09
3945.000000 5.529158e-09
3950.000000 5.850198e-09
3955.000000 5.717988e-09
3960.000000 4.778907e-09
3965.000000 3.189703e-09
3970.000000 2.644553e-09
3975.000000 3.864554e-09
3980.000000 5.297051e-09
3985.000000 6.065304e-09
3990.000000 6.325223e-09
3995.000000 6.341909e-09
4000.000000 6.310222e-09
4005.000000 6.348854e-09
4010.000000 6.484580e-09
4015.000000 6.622391e-09
4020.000000 6.619728e-09
4025.000000 6.419884e-09
4030.000000 6.275569e-09
4035.000000 6.428151e-09
4040.000000 6.571071e-09
4045.000000 6.472359e-09
4050.000000 6.339222e-09
4055.000000 6.312384e-09
4060.000000 6.354770e-09
4065.000000 6.340856e-09
4070.000000 6.210421e-09
4075.000000 6.000519e-09
4080.000000 5.955121e-09
4085.000000 5.980068e-09
4090.000000 5.628289e-09
4095.000000 4.576190e-09
4100.000000 3.694727e-09
4105.000000 4.129324e-09
4110.000000 5.104425e-09
4115.000000 5.740234e-09
4120.000000 5.935189e-09
4125.000000 5.879297e-09
4130.000000 5.887996e-09
4135.000000 6.143334e-09
4140.000000 6.295667e-09
4145.000000 6.257423e-09
4150.000000 6.164597e-09
4155.000000 6.070623e-09
4160.000000 6.066658e-09
4165.000000 6.053323e-09
4170.000000 5.832811e-09
4175.000000 5.631650e-09
4180.000000 5.664502e-09
4185.000000 5.828544e-09
4190.000000 5.976700e-09
4195.000000 5.898474e-09
4200.000000 5.790743e-09
4205.000000 5.838146e-09
4210.000000 5.948169e-09
4215.000000 5.970644e-09
4220.000000 5.889897e-09
4225.000000 5.726752e-09
4230.000000 5.721810e-09
4235.000000 5.758054e-09
4240.000000 5.816977e-09
4245.000000 5.753941e-09
4250.000000 5.713491e-09
4255.000000 5.781796e-09
4260.000000 5.828101e-09
4265.000000 5.841921e-09
4270.000000 5.744685e-09
4275.000000 5.784492e-09
4280.000000 5.816903e-09
4285.000000 5.670193e-09
4290.000000 5.503235e-09
4295.000000 5.376608e-09
4300.000000 5.259779e-09
4305.000000 5.320522e-09
4310.000000 5.391168e-09
4315.000000 5.365060e-09
4320.000000 5.357184e-09
4325.000000 5.236549e-09
4330.000000 4.772082e-09
4335.000000 3.807714e-09
4340.000000 3.188736e-09
4345.000000 3.760986e-09
4350.000000 4.645456e-09
4355.000000 5.273717e-09
4360.000000 5.580622e-09
4365.000000 5.644665e-09
4370.000000 5.574999e-09
4375.000000 5.585344e-09
4380.000000 5.526577e-09
4385.000000 5.395342e-09
4390.000000 5.363568e-09
4395.000000 5.269528e-09
4400.000000 5.300810e-09
4405.000000 5.402262e-09
4410.000000 5.376358e-09
4415.000000 5.224146e-09
4420.000000 5.222010e-09
4425.000000 5.329000e-09
4430.000000 5.396340e-09
4435.000000 5.410908e-09
4440.000000 5.361364e-09
4445.000000 5.359394e-09
4450.000000 5.407845e-09
4455.000000 5.354065e-09
4460.000000 5.262557e-09
4465.000000 5.192881e-09
4470.000000 5.227949e-09
4475.000000 5.329916e-09
4480.000000 5.310637e-09
4485.000000 5.293008e-09
4490.000000 5.278384e-09
4495.000000 5.375705e-09
4500.000000 5.494687e-09
4505.000000 5.543962e-09
4510.000000 5.511441e-09
4515.000000 5.373889e-09
4520.000000 5.230442e-09
4525.000000 5.134476e-09
4530.000000 5.113775e-09
4535.000000 5.248274e-09
4540.000000 5.289320e-09
4545.000000 5.147790e-09
4550.000000 4.987522e-09
4555.000000 5.007072e-09
4560.000000 5.139402e-09
4565.000000 5.261072e-09
4570.000000 5.276812e-09
4575.000000 5.174171e-09
4580.000000 5.024420e-09
4585.000000 4.984225e-09
4590.000000 5.070056e-09
4595.000000 5.189768e-09
4600.000000 5.286461e-09
4605.000000 5.366714e-09
4610.000000 5.365301e-09
4615.000000 5.247194e-09
4620.000000 5.186934e-09
4625.000000 5.182905e-09
4630.000000 5.168601e-09
4635.000000 5.226027e-09
4640.000000 5.300746e-09
4645.000000 5.298810e-09
4650.000000 5.259635e-09
4655.000000 5.210014e-09
4660.000000 5.167039e-09
4665.000000 5.051415e-09
4670.000000 5.057897e-09
4675.000000 5.185952e-09
4680.000000 5.282647e-09
4685.000000 5.303434e-09
4690.000000 5.246715e-09
4695.000000 5.174089e-09
4700.000000 5.102522e-09
4705.000000 5.077448e-09
4710.000000 5.104023e-09
4715.000000 5.159152e-09
4720.000000 5.180122e-09
4725.000000 5.105474e-09
4730.000000 5.019193e-09
4735.000000 5.035174e-09
4740.000000 5.082471e-09
4745.000000 5.106377e-09
4750.000000 5.075904e-09
4755.000000 4.988219e-09
4760.000000 4.881449e-09
4765.000000 4.842154e-09
4770.000000 4.889498e-09
4775.000000 4.918444e-09
4780.000000 4.917033e-09
4785.000000 4.918250e-09
4790.000000 4.945596e-09
4795.000000 4.933474e-09
4800.000000 4.883344e-09
4805.000000 4.836359e-09
4810.000000 4.829538e-09
4815.000000 4.850387e-09
4820.000000 4.828248e-09
4825.000000 4.778826e-09
4830.000000 4.743710e-09
4835.000000 4.704904e-09
4840.000000 4.651680e-09
4845.000000 4.501416e-09
4850.000000 4.098980e-09
4855.000000 3.376528e-09
4860.000000 2.831205e-09
4865.000000 3.062784e-09
4870.000000 3.664594e-09
4875.000000 4.072425e-09
4880.000000 4.249288e-09
4885.000000 4.331484e-09
4890.000000 4.408434e-09
4895.000000 4.519906e-09
4900.000000 4.599759e-09
4905.000000 4.644438e-09
4910.000000 4.620782e-09
4915.000000 4.541492e-09
4920.000000 4.441787e-09
4925.000000 4.496391e-09
4930.000000 4.610717e-09
4935.000000 4.642765e-09
4940.000000 4.664674e-09
4945.000000 4.711791e-09
4950.000000 4.709946e-09
4955.000000 4.656384e-09
4960.000000 4.632758e-09
4965.000000 4.624138e-09
4970.000000 4.618486e-09
4975.000000 4.562432e-09
4980.000000 4.467050e-09
4985.000000 4.455561e-09
4990.000000 4.488333e-09
4995.000000 4.487684e-09
5000.000000 4.399204e-09
5005.000000 4.335225e-09
5010.000000 4.300679e-09
5015.000000 4.235488e-09
5020.000000 4.232625e-09
5025.000000 4.335953e-09
5030.000000 4.409539e-09
5035.000000 4.385203e-09
5040.000000 4.331984e-09
5045.000000 4.343073e-09
5050.000000 4.378711e-09
5055.000000 4.422426e-09
5060.000000 4.442262e-09
5065.000000 4.396528e-09
5070.000000 4.326310e-09
5075.000000 4.285199e-09
5080.000000 4.283282e-09
5085.000000 4.327017e-09
5090.000000 4.350661e-09
5095.000000 4.302764e-09
5100.000000 4.263754e-09
5105.000000 4.273935e-09
5110.000000 4.290355e-09
5115.000000 4.316111e-09
5120.000000 4.265533e-09
5125.000000 4.180579e-09
5130.000000 4.135230e-09
5135.000000 4.129607e-09
5140.000000 4.131115e-09
5145.000000 4.123828e-09
5150.000000 4.117965e-09
5155.000000 4.140196e-09
5160.000000 4.104157e-09
5165.000000 3.918366e-09
5170.000000 3.816636e-09
5175.000000 3.955441e-09
5180.000000 4.065814e-09
5185.000000 3.995554e-09
5190.000000 3.919526e-09
5195.000000 3.915080e-09
5200.000000 3.948927e-09
5205.000000 3.958269e-09
5210.000000 3.989433e-09
5215.000000 4.051596e-09
5220.000000 4.062147e-09
5225.000000 3.923309e-09
5230.000000 3.828640e-09
5235.000000 3.843013e-09
5240.000000 3.949280e-09
5245.000000 4.010366e-09
5250.000000 4.006082e-09
5255.000000 3.977441e-09
5260.000000 3.871154e-09
5265.000000 3.725334e-09
5270.000000 3.655950e-09
5275.000000 3.681044e-09
5280.000000 3.778653e-09
5285.000000 3.910806e-09
5290.000000 4.012451e-09
5295.000000 4.001532e-09
5300.000000 3.942492e-09
5305.000000 3.895068e-09
5310.000000 3.864126e-09
5315.000000 3.823941e-09
5320.000000 3.797465e-09
5325.000000 3.755603e-09
5330.000000 3.726568e-09
5335.000000 3.720868e-09
5340.000000 3.747875e-09
5345.000000 3.814099e-09
5350.000000 3.870572e-09
5355.000000 3.886476e-09
5360.000000 3.840776e-09
5365.000000 3.769109e-09
5370.000000 3.740535e-09
5375.000000 3.753943e-09
5380.000000 3.760831e-09
5385.000000 3.796076e-09
5390.000000 3.807897e-09
5395.000000 3.746231e-09
5400.000000 3.665178e-09
5405.000000 3.626842e-09
5410.000000 3.639005e-09
5415.000000 3.646348e-09
5420.000000 3.640461e-09
5425.000000 3.632723e-09
5430.000000 3.647401e-09
5435.000000 3.702231e-09
5440.000000 3.736500e-09
5445.000000 3.702395e-09
5450.000000 3.669969e-09
5455.000000 3.669682e-09
5460.000000 3.696635e-09
5465.000000 3.708765e-09
5470.000000 3.685854e-09
5475.000000 3.625154e-09
5480.000000 3.608449e-09
5485.000000 3.643090e-09
5490.000000 3.650837e-09
5495.000000 3.635434e-09
5500.000000 3.593507e-09
5505.000000 3.569079e-09
5510.000000 3.593824e-09
5515.000000 3.646289e-09
5520.000000 3.629398e-09
5525.000000 3.534631e-09
5530.000000 3.474813e-09
5535.000000 3.504339e-09
5540.000000 3.566337e-09
5545.000000 3.591485e-09
5550.000000 3.602865e-09
5555.000000 3.607981e-09
5560.000000 3.592048e-09
5565.000000 3.543891e-09
5570.000000 3.507724e-09
5575.000000 3.525027e-09
5580.000000 3.535304e-09
5585.000000 3.489895e-09
5590.000000 3.449360e-09
5595.000000 3.447271e-09
5600.000000 3.472742e-09
5605.000000 3.510124e-09
5610.000000 3.517379e-09
5615.000000 3.471696e-09
5620.000000 3.454100e-09
5625.000000 3.466176e-09
5630.000000 3.480232e-09
5635.000000 3.460097e-09
5640.000000 3.438602e-09
5645.000000 3.448177e-09
5650.000000 3.437248e-09
5655.000000 3.358807e-09
5660.000000 3.294314e-09
5665.000000 3.310070e-09
5670.000000 3.351497e-09
5675.000000 3.365105e-09
5680.000000 3.344798e-09
5685.000000 3.319947e-09
5690.000000 3.322496e-09
5695.000000 3.339486e-09
5700.000000 3.342769e-09
5705.000000 3.312072e-09
5710.000000 3.295230e-09
5715.000000 3.326928e-09
5720.000000 3.355469e-09
5725.000000 3.349185e-09
5730.000000 3.336427e-09
5735.000000 3.319820e-09
5740.000000 3.305646e-09
5745.000000 3.290280e-09
5750.000000 3.275404e-09
5755.000000 3.279585e-09
5760.000000 3.294184e-09
5765.000000 3.295434e-09
5770.000000 3.270336e-09
5775.000000 3.229519e-09
5780.000000 3.181696e-09
5785.000000 3.176402e-09
5790.000000 3.188589e-09
5795.000000 3.194938e-09
5800.000000 3.208185e-09
5805.000000 3.214130e-09
5810.000000 3.217216e-09
5815.000000 3.221682e-09
5820.000000 3.227120e-09
5825.000000 3.230960e-09
5830.000000 3.234172e-09
5835.000000 3.235695e-09
5840.000000 3.229661e-09
5845.000000 3.198400e-09
5850.000000 3.164569e-09
5855.000000 3.141311e-09
5860.000000 3.153854e-09
5865.000000 3.178277e-09
5870.000000 3.193173e-09
5875.000000 3.188822e-09
5880.000000 3.137107e-09
5885.000000 2.993846e-09
5890.000000 2.824220e-09
5895.000000 2.834774e-09
5900.000000 2.970352e-09
5905.000000 3.069655e-09
5910.000000 3.100056e-09
5915.000000 3.105002e-09
5920.000000 3.103311e-09
5925.000000 3.075974e-09
5930.000000 3.063004e-09
5935.000000 3.068990e-09
5940.000000 3.071674e-09
5945.000000 3.048083e-09
5950.000000 3.022749e-09
5955.000000 3.009055e-09
5960.000000 3.016072e-09
5965.000000 3.016700e-09
5970.000000 3.000795e-09
5975.000000 2.981804e-09
5980.000000 2.961039e-09
5985.000000 2.949066e-09
5990.000000 2.944923e-09
5995.000000 2.946162e-09
6000.000000 2.939590e-09
6005.000000 2.928044e-09
6010.000000 2.917070e-09
6015.000000 2.908030e-09
6020.000000 2.907587e-09
6025.000000 2.918156e-09
6030.000000 2.918489e-09
6035.000000 2.916587e-09
6040.000000 2.898282e-09
6045.000000 2.890807e-09
6050.000000 2.895517e-09
6055.000000 2.902691e-09
6060.000000 2.903580e-09
6065.000000 2.898320e-09
6070.000000 2.894885e-09
6075.000000 2.881668e-09
6080.000000 2.869861e-09
6085.000000 2.865975e-09
6090.000000 2.871315e-09
6095.000000 2.864139e-09
6100.000000 2.848190e-09
6105.000000 2.842556e-09
6110.000000 2.844199e-09
6115.000000 2.835719e-09
6120.000000 2.828541e-09
6125.000000 2.827948e-09
6130.000000 2.813655e-09
6135.000000 2.772907e-09
6140.000000 2.732913e-09
6145.000000 2.720178e-09
6150.000000 2.717822e-09
6155.000000 2.717885e-09
6160.000000 2.712673e-09
6165.000000 2.725529e-09
6170.000000 2.730050e-09
6175.000000 2.731585e-09
6180.000000 2.741860e-09
6185.000000 2.751537e-09
6190.000000 2.759440e-09
6195.000000 2.765834e-09
6200.000000 2.762682e-09
6205.000000 2.754746e-09
6210.000000 2.748652e-09
6215.000000 2.743019e-09
6220.000000 2.748322e-09
6225.000000 2.740052e-09
6230.000000 2.709696e-09
6235.000000 2.668135e-09
6240.000000 2.628277e-09
6245.000000 2.613546e-09
6250.000000 2.631861e-09
6255.000000 2.689628e-09
6260.000000 2.707675e-09
6265.000000 2.700073e-09
6270.000000 2.673104e-09
6275.000000 2.614264e-09
6280.000000 2.537409e-09
6285.000000 2.556251e-09
6290.000000 2.618146e-09
6295.000000 2.636784e-09
6300.000000 2.623076e-09
6305.000000 2.617292e-09
6310.000000 2.617091e-09
6315.000000 2.601070e-09
6320.000000 2.606207e-09
6325.000000 2.632816e-09
6330.000000 2.637790e-09
6335.000000 2.630195e-09
6340.000000 2.611006e-09
6345.000000 2.560024e-09
6350.000000 2.552884e-09
6355.000000 2.593099e-09
6360.000000 2.595453e-09
6365.000000 2.560499e-09
6370.000000 2.518769e-09
6375.000000 2.533801e-09
6380.000000 2.567381e-09
6385.000000 2.581280e-09
6390.000000 2.586938e-09
6395.000000 2.582183e-09
6400.000000 2.577377e-09
6405.000000 2.567858e-09
6410.000000 2.546565e-09
6415.000000 2.521632e-09
6420.000000 2.522279e-09
6425.000000 2.534405e-09
6430.000000 2.517156e-09
6435.000000 2.509326e-09
6440.000000 2.511599e-09
6445.000000 2.513805e-09
6450.000000 2.494579e-09
6455.000000 2.439534e-09
6460.000000 2.437787e-09
6465.000000 2.477178e-09
6470.000000 2.503112e-09
6475.000000 2.503514e-09
6480.000000 2.481298e-09
6485.000000 2.455292e-09
6490.000000 2.425715e-09
6495.000000 2.410336e-09
6500.000000 2.452490e-09
6505.000000 2.491133e-09
6510.000000 2.489399e-09
6515.000000 2.456345e-09
6520.000000 2.455213e-09
6525.000000 2.469667e-09
6530.000000 2.461522e-09
6535.000000 2.444428e-09
6540.000000 2.425373e-09
6545.000000 2.383311e-09
6550.000000 2.262970e-09
6555.000000 2.018888e-09
6560.000000 1.772773e-09
6565.000000 1.837298e-09
6570.000000 2.108902e-09
6575.000000 2.294143e-09
6580.000000 2.369795e-09
6585.000000 2.377584e-09
6590.000000 2.379754e-09
6595.000000 2.394811e-09
6600.000000 2.404328e-09
6605.000000 2.401174e-09
6610.000000 2.394916e-09
6615.000000 2.399599e-09
6620.000000 2.410591e-09
6625.000000 2.406133e-09
6630.000000 2.393372e-09
6635.000000 2.383763e-09
6640.000000 2.380685e-09
6645.000000 2.371285e-09
6650.000000 2.369136e-09
6655.000000 2.369252e-09
6660.000000 2.360503e-09
6665.000000 2.355155e-09
6670.000000 2.349186e-09
6675.000000 2.334226e-09
6680.000000 2.328276e-09
6685.000000 2.340500e-09
6690.000000 2.344844e-09
6695.000000 2.342244e-09
6700.000000 2.337846e-09
6705.000000 2.334004e-09
6710.000000 2.329047e-09
6715.000000 2.311586e-09
6720.000000 2.299426e-09
6725.000000 2.306264e-09
6730.000000 2.315158e-09
6735.000000 2.310589e-09
6740.000000 2.294751e-09
6745.000000 2.281479e-09
6750.000000 2.273890e-09
6755.000000 2.272257e-09
6760.000000 2.280145e-09
6765.000000 2.288834e-09
6770.000000 2.284350e-09
6775.000000 2.278815e-09
6780.000000 2.270478e-09
6785.000000 2.266410e-09
6790.000000 2.259007e-09
6795.000000 2.257768e-09
6800.000000 2.288883e-09
6805.000000 2.288957e-09
6810.000000 2.289717e-09
6815.000000 2.290682e-09
6820.000000 2.285160e-09
6825.000000 2.272133e-09
6830.000000 2.262799e-09
6835.000000 2.259139e-09
6840.000000 2.257045e-09
6845.000000 2.254408e-09
6850.000000 2.251165e-09
6855.000000 2.247997e-09
6860.000000 2.244978e-09
6865.000000 2.241941e-09
6870.000000 2.238780e-09
6875.000000 2.235774e-09
6880.000000 2.232875e-09
6885.000000 2.229926e-09
6890.000000 2.226801e-09
6895.000000 2.223663e-09
6900.000000 2.220547e-09
6905.000000 2.217411e-09
6910.000000 2.214263e-09
6915.000000 2.211238e-09
6920.000000 2.208328e-09
6925.000000 2.205498e-09
6930.000000 2.202944e-09
6935.000000 2.200552e-09
6940.000000 2.198454e-09
6945.000000 2.196436e-09
6950.000000 2.193752e-09
6955.000000 2.190690e-09
6960.000000 2.188371e-09
6965.000000 2.186789e-09
6970.000000 2.181607e-09
6975.000000 2.167495e-09
6980.000000 2.156229e-09
6985.000000 2.150802e-09
6990.000000 2.139040e-09
6995.000000 2.123794e-09
7000.000000 2.110406e-09
7005.000000 2.116200e-09
7010.000000 2.134952e-09
7015.000000 2.135158e-09
7020.000000 2.130913e-09
7025.000000 2.129931e-09
7030.000000 2.138346e-09
7035.000000 2.135772e-09
7040.000000 2.127432e-09
7045.000000 2.130764e-09
7050.000000 2.131713e-09
7055.000000 2.121260e-09
7060.000000 2.112983e-09
7065.000000 2.106701e-09
7070.000000 2.108933e-09
7075.000000 2.105625e-09
7080.000000 2.099179e-09
7085.000000 2.095984e-09
7090.000000 2.089727e-09
7095.000000 2.090717e-09
7100.000000 2.088480e-09
7105.000000 2.076066e-09
7110.000000 2.059314e-09
7115.000000 2.046959e-09
7120.000000 2.057070e-09
7125.000000 2.073135e-09
7130.000000 2.081104e-09
7135.000000 2.087186e-09
7140.000000 2.086809e-09
7145.000000 2.074299e-09
7150.000000 2.063905e-09
7155.000000 2.070444e-09
7160.000000 2.063799e-09
7165.000000 2.028471e-09
7170.000000 1.987599e-09
7175.000000 1.959195e-09
7180.000000 1.940485e-09
7185.000000 1.907908e-09
7190.000000 1.899139e-09
7195.000000 1.908973e-09
7200.000000 1.921262e-09
7205.000000 1.949608e-09
7210.000000 1.994868e-09
7215.000000 2.012671e-09
7220.000000 2.004245e-09
7225.000000 1.983874e-09
7230.000000 1.972958e-09
7235.000000 1.948214e-09
7240.000000 1.943668e-09
7245.000000 1.938967e-09
7250.000000 1.944103e-09
7255.000000 1.950830e-09
7260.000000 1.966071e-09
7265.000000 1.955504e-09
7270.000000 1.951002e-09
7275.000000 1.929097e-09
7280.000000 1.922150e-09
7285.000000 1.917595e-09
7290.000000 1.898534e-09
7295.000000 1.917663e-09
7300.000000 1.923933e-09
7305.000000 1.897116e-09
7310.000000 1.881285e-09
7315.000000 1.895342e-09
7320.000000 1.912084e-09
7325.000000 1.928426e-09
7330.000000 1.933092e-09
7335.000000 1.943500e-09
7340.000000 1.957691e-09
7345.000000 1.948165e-09
7350.000000 1.930808e-09
7355.000000 1.919899e-09
7360.000000 1.919627e-09
7365.000000 1.917250e-09
7370.000000 1.913073e-09
7375.000000 1.914686e-09
7380.000000 1.910977e-09
7385.000000 1.892499e-09
7390.000000 1.883424e-09
7395.000000 1.889197e-09
7400.000000 1.894389e-09
7405.000000 1.888230e-09
7410.000000 1.873165e-09
7415.000000 1.858585e-09
7420.000000 1.850694e-09
7425.000000 1.858227e-09
7430.000000 1.873014e-09
7435.000000 1.869953e-09
7440.000000 1.850048e-09
7445.000000 1.831074e-09
7450.000000 1.836048e-09
7455.000000 1.844168e-09
7460.000000 1.838769e-09
7465.000000 1.826452e-09
7470.000000 1.823732e-09
7475.000000 1.835112e-09
7480.000000 1.838930e-09
7485.000000 1.843539e-09
7490.000000 1.845518e-09
7495.000000 1.838666e-09
7500.000000 1.832267e-09
7505.000000 1.820102e-09
7510.000000 1.808049e-09
7515.000000 1.804091e-09
7520.000000 1.815267e-09
7525.000000 1.812356e-09
7530.000000 1.804818e-09
7535.000000 1.806585e-09
7540.000000 1.817086e-09
7545.000000 1.814985e-09
7550.000000 1.807679e-09
7555.000000 1.803647e-09
7560.000000 1.801396e-09
7565.000000 1.798867e-09
7570.000000 1.795817e-09
7575.000000 1.792638e-09
7580.000000 1.789429e-09
7585.000000 1.786582e-09
7590.000000 1.783818e-09
7595.000000 1.780961e-09
7600.000000 1.778085e-09
7605.000000 1.775403e-09
7610.000000 1.772725e-09
7615.000000 1.770010e-09
7620.000000 1.767291e-09
7625.000000 1.764585e-09
7630.000000 1.761887e-09
7635.000000 1.759189e-09
7640.000000 1.756507e-09
7645.000000 1.753823e-09
7650.000000 1.751148e-09
7655.000000 1.748474e-09
7660.000000 1.745804e-09
7665.000000 1.743140e-09
7670.000000 1.740497e-09
7675.000000 1.737852e-09
7680.000000 1.735170e-09
7685.000000 1.732573e-09
7690.000000 1.729978e-09
7695.000000 1.727325e-09
7700.000000 1.724747e-09
7705.000000 1.722627e-09
7710.000000 1.722723e-09
7715.000000 1.725521e-09
7720.000000 1.725835e-09
7725.000000 1.723356e-09
7730.000000 1.721008e-09
7735.000000 1.720936e-09
7740.000000 1.719135e-09
7745.000000 1.709257e-09
7750.000000 1.702677e-09
7755.000000 1.702029e-09
7760.000000 1.699137e-09
7765.000000 1.680143e-09
7770.000000 1.602171e-09
7775.000000 1.510964e-09
7780.000000 1.562339e-09
7785.000000 1.639032e-09
7790.000000 1.681992e-09
7795.000000 1.687921e-09
7800.000000 1.674825e-09
7805.000000 1.671344e-09
7810.000000 1.674413e-09
7815.000000 1.679902e-09
7820.000000 1.680016e-09
7825.000000 1.671612e-09
7830.000000 1.659278e-09
7835.000000 1.652881e-09
7840.000000 1.652294e-09
7845.000000 1.650457e-09
7850.000000 1.642007e-09
7855.000000 1.638203e-09
7860.000000 1.637037e-09
7865.000000 1.638676e-09
7870.000000 1.638903e-09
7875.000000 1.618971e-09
7880.000000 1.605278e-09
7885.000000 1.616545e-09
7890.000000 1.617549e-09
7895.000000 1.594311e-09
7900.000000 1.584194e-09
7905.000000 1.598145e-09
7910.000000 1.607897e-09
7915.000000 1.605572e-09
7920.000000 1.595822e-09
7925.000000 1.589970e-09
7930.000000 1.586874e-09
7935.000000 1.590573e-09
7940.000000 1.592116e-09
7945.000000 1.580165e-09
7950.000000 1.571978e-09
7955.000000 1.576225e-09
7960.000000 1.580983e-09
7965.000000 1.580889e-09
7970.000000 1.578992e-09
7975.000000 1.579068e-09
7980.000000 1.580107e-09
7985.000000 1.578966e-09
7990.000000 1.571742e-09
7995.000000 1.560002e-09
8000.000000 1.549323e-09
8005.000000 1.551595e-09
8010.000000 1.554218e-09
8015.000000 1.553062e-09
8020.000000 1.548015e-09
8025.000000 1.544278e-09
8030.000000 1.543580e-09
8035.000000 1.543696e-09
8040.000000 1.538013e-09
8045.000000 1.529675e-09
8050.000000 1.525958e-09
8055.000000 1.528665e-09
8060.000000 1.531145e-09
8065.000000 1.531691e-09
8070.000000 1.531957e-09
8075.000000 1.530948e-09
8080.000000 1.530810e-09
8085.000000 1.521502e-09
8090.000000 1.516303e-09
8095.000000 1.513809e-09
8100.000000 1.514420e-09
8105.000000 1.519741e-09
8110.000000 1.520725e-09
8115.000000 1.514221e-09
8120.000000 1.510203e-09
8125.000000 1.506583e-09
8130.000000 1.498495e-09
8135.000000 1.482495e-09
8140.000000 1.473736e-09
8145.000000 1.465858e-09
8150.000000 1.455942e-09
8155.000000 1.448335e-09
8160.000000 1.435259e-09
8165.000000 1.418566e-09
8170.000000 1.424813e-09
8175.000000 1.423587e-09
8180.000000 1.405197e-09
8185.000000 1.387005e-09
8190.000000 1.380270e-09
8195.000000 1.380495e-09
8200.000000 1.394035e-09
8205.000000 1.441781e-09
8210.000000 1.471630e-09
8215.000000 1.445148e-09
8220.000000 1.397161e-09
8225.000000 1.340106e-09
8230.000000 1.314402e-09
8235.000000 1.370255e-09
8240.000000 1.427158e-09
8245.000000 1.427745e-09
8250.000000 1.417918e-09
8255.000000 1.410968e-09
8260.000000 1.426118e-09
8265.000000 1.444283e-09
8270.000000 1.446608e-09
8275.000000 1.424719e-09
8280.000000 1.406519e-09
8285.000000 1.400151e-09
8290.000000 1.399281e-09
8295.000000 1.408041e-09
8300.000000 1.413618e-09
8305.000000 1.409147e-09
8310.000000 1.405946e-09
8315.000000 1.399603e-09
8320.000000 1.396069e-09
8325.000000 1.396023e-09
8330.000000 1.392259e-09
8335.000000 1.367212e-09
8340.000000 1.373025e-09
8345.000000 1.387493e-09
8350.000000 1.408681e-09
8355.000000 1.409674e-09
8360.000000 1.393546e-09
8365.000000 1.435379e-09
8370.000000 1.445923e-09
8375.000000 1.399034e-09
8380.000000 1.400990e-09
8385.000000 1.425381e-09
8390.000000 1.414182e-09
8395.000000 1.396337e-09
8400.000000 1.429203e-09
8405.000000 1.463558e-09
8410.000000 1.438951e-09
8415.000000 1.374570e-09
8420.000000 1.384153e-09
8425.000000 1.450035e-09
8430.000000 1.475974e-09
8435.000000 1.404299e-09
8440.000000 1.317375e-09
8445.000000 1.316920e-09
8450.000000 1.381741e-09
8455.000000 1.475711e-09
8460.000000 1.478993e-09
8465.000000 1.370347e-09
8470.000000 1.302744e-09
8475.000000 1.375903e-09
8480.000000 1.477528e-09
8485.000000 1.532663e-09
8490.000000 1.508132e-09
8495.000000 1.388227e-09
8500.000000 1.236660e-09
8505.000000 1.217706e-09
8510.000000 1.305435e-09
8515.000000 1.400443e-09
8520.000000 1.474479e-09
8525.000000 1.498013e-09
8530.000000 1.488910e-09
8535.000000 1.438021e-09
8540.000000 1.274567e-09
8545.000000 1.070330e-09
8550.000000 1.059380e-09
8555.000000 1.223147e-09
8560.000000 1.395744e-09
8565.000000 1.457129e-09
8570.000000 1.450167e-09
8575.000000 1.448044e-09
8580.000000 1.448102e-09
8585.000000 1.429138e-09
8590.000000 1.369973e-09
8595.000000 1.258459e-09
8600.000000 1.187554e-09
8605.000000 1.253893e-09
8610.000000 1.347150e-09
8615.000000 1.412978e-09
8620.000000 1.452076e-09
8625.000000 1.471366e-09
8630.000000 1.477187e-09
8635.000000 1.493907e-09
8640.000000 1.501562e-09
8645.000000 1.490954e-09
8650.000000 1.472487e-09
8655.000000 1.430567e-09
8660.000000 1.285155e-09
8665.000000 1.078389e-09
8670.000000 1.056941e-09
8675.000000 1.201372e-09
8680.000000 1.324393e-09
8685.000000 1.334658e-09
8690.000000 1.362230e-09
8695.000000 1.442768e-09
8700.000000 1.427569e-09
8705.000000 1.419803e-09
8710.000000 1.417627e-09
8715.000000 1.418113e-09
8720.000000 1.418975e-09
8725.000000 1.416563e-09
8730.000000 1.396419e-09
8735.000000 1.379214e-09
8740.000000 1.338257e-09
8745.000000 1.263894e-09
8750.000000 1.162415e-09
8755.000000 1.194030e-09
8760.000000 1.296222e-09
8765.000000 1.350166e-09
8770.000000 1.372953e-09
8775.000000 1.379329e-09
8780.000000 1.377486e-09
8785.000000 1.375486e-09
8790.000000 1.369386e-09
8795.000000 1.360846e-09
8800.000000 1.371278e-09
8805.000000 1.359950e-09
8810.000000 1.356814e-09
8815.000000 1.362075e-09
8820.000000 1.356797e-09
8825.000000 1.346422e-09
8830.000000 1.348952e-09
8835.000000 1.349395e-09
8840.000000 1.345071e-09
8845.000000 1.330912e-09
8850.000000 1.305550e-09
8855.000000 1.252564e-09
8860.000000 1.157222e-09
8865.000000 1.114985e-09
8870.000000 1.211804e-09
8875.000000 1.286779e-09
8880.000000 1.319590e-09
8885.000000 1.341884e-09
8890.000000 1.353732e-09
8895.000000 1.363607e-09
8900.000000 1.366884e-09
8905.000000 1.365898e-09
8910.000000 1.333263e-09
8915.000000 1.322895e-09
8920.000000 1.344385e-09
8925.000000 1.315565e-09
8930.000000 1.298526e-09
8935.000000 1.333865e-09
8940.000000 1.347955e-09
8945.000000 1.341453e-09
8950.000000 1.320543e-09
8955.000000 1.319503e-09
8960.000000 1.318558e-09
8965.000000 1.297151e-09
8970.000000 1.294806e-09
8975.000000 1.292564e-09
8980.000000 1.282136e-09
8985.000000 1.244053e-09
8990.000000 1.199182e-09
8995.000000 1.231835e-09
9000.000000 1.222586e-09
9005.000000 1.181980e-09
9010.000000 1.121320e-09
9015.000000 1.046254e-09
9020.000000 1.099401e-09
9025.000000 1.200982e-09
9030.000000 1.278248e-09
9035.000000 1.338938e-09
9040.000000 1.363248e-09
9045.000000 1.360997e-09
9050.000000 1.354878e-09
9055.000000 1.330659e-09
9060.000000 1.262534e-09
9065.000000 1.239977e-09
9070.000000 1.259582e-09
9075.000000 1.238852e-09
9080.000000 1.218014e-09
9085.000000 1.214965e-09
9090.000000 1.191253e-09
9095.000000 1.193715e-09
9100.000000 1.236577e-09
9105.000000 1.262806e-09
9110.000000 1.259690e-09
9115.000000 1.266737e-09
9120.000000 1.284819e-09
9125.000000 1.288931e-09
9130.000000 1.257410e-09
9135.000000 1.241936e-09
9140.000000 1.270933e-09
9145.000000 1.290182e-09
9150.000000 1.255623e-09
9155.000000 1.219149e-09
9160.000000 1.244487e-09
9165.000000 1.270522e-09
9170.000000 1.255809e-09
9175.000000 1.219592e-09
9180.000000 1.233714e-09
9185.000000 1.261599e-09
9190.000000 1.272506e-09
9195.000000 1.264204e-09
9200.000000 1.275858e-09
9205.000000 1.261409e-09
9210.000000 1.204363e-09
9215.000000 1.136784e-09
9220.000000 1.105108e-09
9225.000000 1.074074e-09
9230.000000 1.019741e-09
9235.000000 1.072404e-09
9240.000000 1.135081e-09
9245.000000 1.159591e-09
9250.000000 1.199092e-09
9255.000000 1.231870e-09
9260.000000 1.208378e-09
9265.000000 1.191944e-09
9270.000000 1.253419e-09
9275.000000 1.295540e-09
9280.000000 1.279736e-09
9285.000000 1.283757e-09
9290.000000 1.281855e-09
9295.000000 1.252822e-09
9300.000000 1.217426e-09
9305.000000 1.203125e-09
9310.000000 1.172565e-09
9315.000000 1.119550e-09
9320.000000 1.073555e-09
9325.000000 1.073673e-09
9330.000000 1.072814e-09
9335.000000 1.023525e-09
9340.000000 9.913875e-10
9345.000000 9.791137e-10
9350.000000 1.075419e-09
9355.000000 1.047519e-09
9360.000000 1.066578e-09
9365.000000 1.114185e-09
9370.000000 1.070811e-09
9375.000000 1.103127e-09
9380.000000 1.109456e-09
9385.000000 1.173261e-09
9390.000000 1.256121e-09
9395.000000 1.325749e-09
9400.000000 1.301139e-09
9405.000000 1.242692e-09
9410.000000 1.211251e-09
9415.000000 1.213048e-09
9420.000000 1.204143e-09
9425.000000 1.156567e-09
9430.000000 1.098128e-09
9435.000000 1.143758e-09
9440.000000 1.049507e-09
9445.000000 1.077678e-09
9450.000000 1.149101e-09
9455.000000 1.106268e-09
9460.000000 1.072412e-09
9465.000000 1.111294e-09
9470.000000 1.150107e-09
9475.000000 1.133477e-09
9480.000000 1.107676e-09
9485.000000 1.137032e-09
9490.000000 1.170250e-09
9495.000000 1.091486e-09
9500.000000 1.045403e-09
9505.000000 1.131744e-09
9510.000000 1.202632e-09
9515.000000 1.146052e-09
9520.000000 1.053975e-09
9525.000000 1.038324e-09
9530.000000 1.075170e-09
9535.000000 1.091596e-09
9540.000000 1.028868e-09
9545.000000 9.130882e-10
9550.000000 9.214455e-10
9555.000000 9.609653e-10
9560.000000 1.035397e-09
9565.000000 1.043239e-09
9570.000000 1.084434e-09
9575.000000 1.142005e-09
9580.000000 1.105579e-09
9585.000000 1.080418e-09
9590.000000 1.048854e-09
9595.000000 1.055911e-09
9600.000000 1.079229e-09
9605.000000 1.080013e-09
9610.000000 1.098469e-09
9615.000000 1.083385e-09
9620.000000 1.046835e-09
9625.000000 1.048148e-09
9630.000000 1.075101e-09
9635.000000 1.071417e-09
9640.000000 1.062084e-09
9645.000000 1.064929e-09
9650.000000 1.054531e-09
9655.000000 1.042486e-09
9660.000000 1.019910e-09
9665.000000 1.026829e-09
9670.000000 1.080775e-09
9675.000000 1.112393e-09
9680.000000 1.094831e-09
9685.000000 1.101634e-09
9690.000000 1.113519e-09
9695.000000 1.117706e-09
9700.000000 1.099007e-09
9705.000000 1.086875e-09
9710.000000 1.098187e-09
9715.000000 1.075808e-09
9720.000000 1.068409e-09
9725.000000 1.054689e-09
9730.000000 1.041814e-09
9735.000000 1.015507e-09
9740.000000 1.023609e-09
9745.000000 1.033068e-09
9750.000000 1.015512e-09
9755.000000 1.002941e-09
9760.000000 1.017687e-09
9765.000000 1.029929e-09
9770.000000 1.036402e-09
9775.000000 1.036567e-09
9780.000000 1.035888e-09
9785.000000 1.026221e-09
9790.000000 1.009444e-09
9795.000000 1.023464e-09
9800.000000 1.012851e-09
9805.000000 1.020330e-09
9810.000000 1.032098e-09
9815.000000 1.029575e-09
9820.000000 1.018966e-09
9825.000000 1.004216e-09
9830.000000 1.019024e-09
9835.000000 1.015736e-09
9840.000000 1.019889e-09
9845.000000 1.017060e-09
9850.000000 1.019366e-09
9855.000000 1.012124e-09
9860.000000 1.007777e-09
9865.000000 1.036060e-09
9870.000000 1.011665e-09
9875.000000 1.006071e-09
9880.000000 1.000425e-09
9885.000000 9.918957e-10
9890.000000 9.829370e-10
9895.000000 9.662535e-10
9900.000000 1.005766e-09
9905.000000 1.007693e-09
9910.000000 1.005088e-09
9915.000000 9.996949e-10
9920.000000 9.971608e-10
9925.000000 9.899430e-10
9930.000000 9.821136e-10
9935.000000 9.722110e-10
9940.000000 9.632452e-10
9945.000000 9.814737e-10
9950.000000 9.906438e-10
9955.000000 9.808900e-10
9960.000000 9.832465e-10
9965.000000 9.898192e-10
9970.000000 9.810331e-10
9975.000000 9.736943e-10
9980.000000 9.359212e-10
9985.000000 9.544244e-10
9990.000000 9.569535e-10
9995.000000 9.486224e-10
10000.000000 9.482927e-10
10005.000000 9.503952e-10
10010.000000 9.487842e-10
10015.000000 9.582577e-10
10020.000000 9.426954e-10
10025.000000 9.423294e-10
10030.000000 9.420665e-10
10035.000000 9.122513e-10
10040.000000 8.604134e-10
10045.000000 8.314142e-10
10050.000000 7.917224e-10
10055.000000 8.312021e-10
10060.000000 8.778751e-10
10065.000000 8.738473e-10
10070.000000 9.168667e-10
10075.000000 9.100019e-10
10080.000000 9.290843e-10
10085.000000 9.179224e-10
10090.000000 9.204406e-10
10095.000000 9.286180e-10
10100.000000 9.219959e-10
10105.000000 9.210351e-10
10110.000000 9.255186e-10
10115.000000 9.316657e-10
10120.000000 9.332487e-10
10125.000000 9.194975e-10
10130.000000 9.258335e-10
10135.000000 9.269430e-10
10140.000000 9.255695e-10
10145.000000 9.218288e-10
10150.000000 9.180471e-10
10155.000000 9.148543e-10
10160.000000 9.122660e-10
10165.000000 9.102010e-10
10170.000000 9.085824e-10
10175.000000 9.073233e-10
10180.000000 9.063373e-10
10185.000000 9.055460e-10
10190.000000 9.048650e-10
10195.000000 9.042094e-10
10200.000000 9.034969e-10
10205.000000 9.026668e-10
10210.000000 9.016961e-10
10215.000000 9.005833e-10
10220.000000 8.993377e-10
10225.000000 8.979575e-10
10230.000000 8.964381e-10
10235.000000 8.947873e-10
10240.000000 8.929999e-10
10245.000000 8.910861e-10
10250.000000 8.890401e-10
10255.000000 8.868747e-10
10260.000000 8.846174e-10
10265.000000 8.822986e-10
10270.000000 8.799577e-10
10275.000000 8.776294e-10
10280.000000 8.753487e-10
10285.000000 8.731499e-10
10290.000000 8.710663e-10
10295.000000 8.691404e-10
10300.000000 8.673986e-10
10305.000000 8.658618e-10
10310.000000 8.645155e-10
10315.000000 8.633235e-10
10320.000000 8.622552e-10
10325.000000 8.612739e-10
10330.000000 8.603462e-10
10335.000000 8.594433e-10
10340.000000 8.585263e-10
10345.000000 8.575625e-10
10350.000000 8.565172e-10
10355.000000 8.553708e-10
10360.000000 8.541260e-10
10365.000000 8.527880e-10
10370.000000 8.513801e-10
10375.000000 8.499083e-10
10380.000000 8.483876e-10
10385.000000 8.468299e-10
10390.000000 8.452516e-10
10395.000000 8.436612e-10
10400.000000 8.420737e-10
10405.000000 8.405035e-10
10410.000000 8.389493e-10
10415.000000 8.374154e-10
10420.000000 8.359109e-10
10425.000000 8.344369e-10
10430.000000 8.329945e-10
10435.000000 8.315880e-10
10440.000000 8.302229e-10
10445.000000 8.288992e-10
10450.000000 8.276215e-10
10455.000000 8.263954e-10
10460.000000 8.252113e-10
10465.000000 8.240688e-10
10470.000000 8.229586e-10
10475.000000 8.218806e-10
10480.000000 8.208293e-10
10485.000000 8.197967e-10
10490.000000 8.187792e-10
10495.000000 8.177746e-10
10500.000000 8.167753e-10
10505.000000 8.157754e-10
10510.000000 8.147811e-10
10515.000000 8.137829e-10
10520.000000 8.127874e-10
10525.000000 8.117907e-10
10530.000000 8.107959e-10
10535.000000 8.098038e-10
10540.000000 8.088089e-10
10545.000000 8.078168e-10
10550.000000 8.068253e-10
10555.000000 8.058332e-10
10560.000000 8.048445e-10
10565.000000 8.038560e-10
10570.000000 8.028658e-10
10575.000000 8.018772e-10
10580.000000 8.008883e-10
10585.000000 7.999018e-10
10590.000000 7.989165e-10
10595.000000 7.979312e-10
10600.000000 7.969473e-10
10605.000000 7.959629e-10
10610.000000 7.949781e-10
10615.000000 7.939976e-10
10620.000000 5.948366e-10
