1150.000000 0.000000e+00
1155.000000 0.000000e+00
1160.000000 0.000000e+00
1165.000000 0.000000e+00
1170.000000 0.000000e+00
1175.000000 0.000000e+00
1180.000000 0.000000e+00
1185.000000 0.000000e+00
1190.000000 0.000000e+00
1195.000000 0.000000e+00
1200.000000 0.000000e+00
1205.000000 0.000000e+00
1210.000000 0.000000e+00
1215.000000 0.000000e+00
1220.000000 0.000000e+00
1225.000000 0.000000e+00
1230.000000 0.000000e+00
1235.000000 0.000000e+00
1240.000000 0.000000e+00
1245.000000 0.000000e+00
1250.000000 0.000000e+00
1255.000000 0.000000e+00
1260.000000 0.000000e+00
1265.000000 0.000000e+00
1270.000000 0.000000e+00
1275.000000 0.000000e+00
1280.000000 0.000000e+00
1285.000000 0.000000e+00
1290.000000 0.000000e+00
1295.000000 0.000000e+00
1300.000000 0.000000e+00
1305.000000 0.000000e+00
1310.000000 0.000000e+00
1315.000000 0.000000e+00
1320.000000 0.000000e+00
1325.000000 0.000000e+00
1330.000000 0.000000e+00
1335.000000 0.000000e+00
1340.000000 0.000000e+00
1345.000000 0.000000e+00
1350.000000 0.000000e+00
1355.000000 0.000000e+00
1360.000000 0.000000e+00
1365.000000 0.000000e+00
1370.000000 0.000000e+00
1375.000000 0.000000e+00
1380.000000 0.000000e+00
1385.000000 0.000000e+00
1390.000000 0.000000e+00
1395.000000 0.000000e+00
1400.000000 0.000000e+00
1405.000000 0.000000e+00
1410.000000 0.000000e+00
1415.000000 0.000000e+00
1420.000000 0.000000e+00
1425.000000 0.000000e+00
1430.000000 0.000000e+00
1435.000000 0.000000e+00
1440.000000 0.000000e+00
1445.000000 0.000000e+00
1450.000000 0.000000e+00
1455.000000 0.000000e+00
1460.000000 0.000000e+00
1465.000000 0.000000e+00
1470.000000 0.000000e+00
1475.000000 0.000000e+00
1480.000000 0.000000e+00
1485.000000 0.000000e+00
1490.000000 0.000000e+00
1495.000000 0.000000e+00
1500.000000 0.000000e+00
1505.000000 0.000000e+00
1510.000000 0.000000e+00
1515.000000 0.000000e+00
1520.000000 0.000000e+00
1525.000000 0.000000e+00
1530.000000 0.000000e+00
1535.000000 0.000000e+00
1540.000000 0.000000e+00
1545.000000 0.000000e+00
1550.000000 0.000000e+00
1555.000000 0.000000e+00
1560.000000 0.000000e+00
1565.000000 0.000000e+00
1570.000000 4.540791e-16
1575.000000 3.169902e-15
1580.000000 3.621104e-15
1585.000000 3.167036e-15
1590.000000 4.512143e-16
1595.000000 0.000000e+00
1600.000000 0.000000e+00
1605.000000 0.000000e+00
1610.000000 0.000000e+00
1615.000000 0.000000e+00
1620.000000 0.000000e+00
1625.000000 0.000000e+00
1630.000000 0.000000e+00
1635.000000 0.000000e+00
1640.000000 0.000000e+00
1645.000000 0.000000e+00
1650.000000 4.540089e-16
1655.000000 4.077842e-15
1660.000000 1.086876e-14
1665.000000 1.765695e-14
1670.000000 2.172932e-14
1675.000000 2.489643e-14
1680.000000 2.534771e-14
1685.000000 2.489374e-14
1690.000000 2.126995e-14
1695.000000 1.357113e-14
1700.000000 1.805229e-15
1705.000000 0.000000e+00
1710.000000 0.000000e+00
1715.000000 0.000000e+00
1720.000000 0.000000e+00
1725.000000 0.000000e+00
1730.000000 0.000000e+00
1735.000000 0.000000e+00
1740.000000 0.000000e+00
1745.000000 0.000000e+00
1750.000000 8.624690e-15
1755.000000 7.021177e-14
1760.000000 1.485218e-13
1765.000000 2.268242e-13
1770.000000 2.951633e-13
1775.000000 3.476538e-13
1780.000000 3.716194e-13
1785.000000 3.566530e-13
1790.000000 2.964158e-13
1795.000000 1.764228e-13
1800.000000 2.302040e-14
1805.000000 0.000000e+00
1810.000000 0.000000e+00
1815.000000 0.000000e+00
1820.000000 0.000000e+00
1825.000000 0.000000e+00
1830.000000 0.000000e+00
1835.000000 0.000000e+00
1840.000000 0.000000e+00
1845.000000 0.000000e+00
1850.000000 1.211810e-13
1855.000000 1.000164e-12
1860.000000 2.224713e-12
1865.000000 3.684167e-12
1870.000000 5.350447e-12
1875.000000 7.197773e-12
1880.000000 9.200786e-12
1885.000000 1.133324e-11
1890.000000 1.356525e-11
1895.000000 1.587510e-11
1900.000000 1.823246e-11
1905.000000 2.060743e-11
1910.000000 2.296656e-11
1915.000000 2.526817e-11
1920.000000 2.747199e-11
1925.000000 2.953819e-11
1930.000000 3.142689e-11
1935.000000 3.309835e-11
1940.000000 3.451264e-11
1945.000000 3.562957e-11
1950.000000 3.640968e-11
1955.000000 3.684310e-11
1960.000000 3.697645e-11
1965.000000 3.688764e-11
1970.000000 3.665170e-11
1975.000000 3.634934e-11
1980.000000 3.605470e-11
1985.000000 3.584431e-11
1990.000000 3.579919e-11
1995.000000 3.599353e-11
2000.000000 3.650112e-11
2005.000000 3.737358e-11
2010.000000 3.858775e-11
2015.000000 4.009523e-11
2020.000000 4.184571e-11
2025.000000 4.379127e-11
2030.000000 4.588119e-11
2035.000000 4.806248e-11
2040.000000 5.028719e-11
2045.000000 5.250730e-11
2050.000000 5.467138e-11
2055.000000 5.674297e-11
2060.000000 5.872241e-11
2065.000000 6.062429e-11
2070.000000 6.245926e-11
2075.000000 6.424580e-11
2080.000000 6.599604e-11
2085.000000 6.772203e-11
2090.000000 6.944018e-11
2095.000000 7.116576e-11
2100.000000 7.291244e-11
2105.000000 7.468948e-11
2110.000000 7.649242e-11
2115.000000 7.831651e-11
2120.000000 8.015515e-11
2125.000000 8.200141e-11
2130.000000 8.385086e-11
2135.000000 8.569628e-11
2140.000000 8.752819e-11
2145.000000 8.934176e-11
2150.000000 9.113292e-11
2155.000000 9.289496e-11
2160.000000 9.464080e-11
2165.000000 9.637750e-11
2170.000000 9.812059e-11
2175.000000 9.988185e-11
2180.000000 1.016721e-10
2185.000000 1.035029e-10
2190.000000 1.053907e-10
2195.000000 1.073437e-10
2200.000000 1.093729e-10
2205.000000 1.114824e-10
2210.000000 1.136359e-10
2215.000000 1.157964e-10
2220.000000 1.179229e-10
2225.000000 1.199682e-10
2230.000000 1.218956e-10
2235.000000 1.236580e-10
2240.000000 1.252167e-10
2245.000000 1.265286e-10
2250.000000 1.275508e-10
2255.000000 1.282640e-10
2260.000000 1.286937e-10
2265.000000 1.288873e-10
2270.000000 1.288905e-10
2275.000000 1.287542e-10
2280.000000 1.285218e-10
2285.000000 1.282448e-10
2290.000000 1.279682e-10
2295.000000 1.277394e-10
2300.000000 1.276057e-10
2305.000000 1.275950e-10
2310.000000 1.276855e-10
2315.000000 1.278459e-10
2320.000000 1.280306e-10
2325.000000 1.282063e-10
2330.000000 1.283315e-10
2335.000000 1.283672e-10
2340.000000 1.282779e-10
2345.000000 1.280204e-10
2350.000000 1.275618e-10
2355.000000 1.268952e-10
2360.000000 1.260972e-10
2365.000000 1.252703e-10
2370.000000 1.245204e-10
2375.000000 1.239579e-10
2380.000000 1.236885e-10
2385.000000 1.238187e-10
2390.000000 1.244587e-10
2395.000000 1.257148e-10
2400.000000 1.276884e-10
2405.000000 1.304221e-10
2410.000000 1.338085e-10
2415.000000 1.376828e-10
2420.000000 1.418694e-10
2425.000000 1.461965e-10
2430.000000 1.504922e-10
2435.000000 1.545870e-10
2440.000000 1.583066e-10
2445.000000 1.614811e-10
2450.000000 1.639397e-10
2455.000000 1.655870e-10
2460.000000 1.664923e-10
2465.000000 1.667953e-10
2470.000000 1.666367e-10
2475.000000 1.661649e-10
2480.000000 1.655208e-10
2485.000000 1.648504e-10
2490.000000 1.642962e-10
2495.000000 1.640002e-10
2500.000000 1.641071e-10
2505.000000 1.647074e-10
2510.000000 1.657743e-10
2515.000000 1.672416e-10
2520.000000 1.690280e-10
2525.000000 1.710583e-10
2530.000000 1.732606e-10
2535.000000 1.755552e-10
2540.000000 1.778694e-10
2545.000000 1.801238e-10
2550.000000 1.822533e-10
2555.000000 1.842577e-10
2560.000000 1.863295e-10
2565.000000 1.887286e-10
2570.000000 1.917269e-10
2575.000000 1.955860e-10
2580.000000 2.005806e-10
2585.000000 2.069779e-10
2590.000000 2.150469e-10
2595.000000 2.250537e-10
2600.000000 2.372491e-10
2605.000000 2.517141e-10
2610.000000 2.680780e-10
2615.000000 2.857981e-10
2620.000000 3.043082e-10
2625.000000 3.230498e-10
2630.000000 3.414619e-10
2635.000000 3.589857e-10
2640.000000 3.750580e-10
2645.000000 3.891192e-10
2650.000000 4.006255e-10
2655.000000 4.092225e-10
2660.000000 4.150408e-10
2665.000000 4.183932e-10
2670.000000 4.196175e-10
2675.000000 4.190496e-10
2680.000000 4.170204e-10
2685.000000 4.138682e-10
2690.000000 4.099289e-10
2695.000000 4.055322e-10
2700.000000 4.010113e-10
2705.000000 3.966202e-10
2710.000000 3.924222e-10
2715.000000 3.884125e-10
2720.000000 3.845802e-10
2725.000000 3.809132e-10
2730.000000 3.773927e-10
2735.000000 3.740089e-10
2740.000000 3.707518e-10
2745.000000 3.676028e-10
2750.000000 3.645533e-10
2755.000000 3.616316e-10
2760.000000 3.589504e-10
2765.000000 3.566662e-10
2770.000000 3.549303e-10
2775.000000 3.539000e-10
2780.000000 3.537279e-10
2785.000000 3.545734e-10
2790.000000 3.565883e-10
2795.000000 3.599287e-10
2800.000000 3.647456e-10
2805.000000 3.711738e-10
2810.000000 3.792815e-10
2815.000000 3.891232e-10
2820.000000 4.007467e-10
2825.000000 4.142020e-10
2830.000000 4.295370e-10
2835.000000 4.467951e-10
2840.000000 4.660333e-10
2845.000000 4.872971e-10
2850.000000 5.106237e-10
2855.000000 5.359441e-10
2860.000000 5.629180e-10
2865.000000 5.910948e-10
2870.000000 6.200143e-10
2875.000000 6.492220e-10
2880.000000 6.782531e-10
2885.000000 7.066533e-10
2890.000000 7.339633e-10
2895.000000 7.597177e-10
2900.000000 7.834733e-10
2905.000000 8.048828e-10
2910.000000 8.238714e-10
2915.000000 8.404710e-10
2920.000000 8.547107e-10
2925.000000 8.666364e-10
2930.000000 8.762843e-10
2935.000000 8.836932e-10
2940.000000 8.889007e-10
2945.000000 8.919430e-10
2950.000000 8.928727e-10
2955.000000 8.918406e-10
2960.000000 8.892551e-10
2965.000000 8.856352e-10
2970.000000 8.814995e-10
2975.000000 8.773756e-10
2980.000000 8.737899e-10
2985.000000 8.712646e-10
2990.000000 8.703236e-10
2995.000000 8.714915e-10
3000.000000 8.752734e-10
3005.000000 8.819587e-10
3010.000000 8.912841e-10
3015.000000 9.027749e-10
3020.000000 9.159374e-10
3025.000000 9.302766e-10
3030.000000 9.452961e-10
3035.000000 9.605019e-10
3040.000000 9.753945e-10
3045.000000 9.894797e-10
3050.000000 1.002283e-09
3055.000000 1.013474e-09
3060.000000 1.023141e-09
3065.000000 1.031520e-09
3070.000000 1.038864e-09
3075.000000 1.045429e-09
3080.000000 1.051471e-09
3085.000000 1.057246e-09
3090.000000 1.063005e-09
3095.000000 1.068999e-09
3100.000000 1.075485e-09
3105.000000 1.082633e-09
3110.000000 1.090435e-09
3115.000000 1.098816e-09
3120.000000 1.107692e-09
3125.000000 1.116974e-09
3130.000000 1.126577e-09
3135.000000 1.136419e-09
3140.000000 1.146413e-09
3145.000000 1.156477e-09
3150.000000 1.166526e-09
3155.000000 1.176513e-09
3160.000000 1.186485e-09
3165.000000 1.196530e-09
3170.000000 1.206726e-09
3175.000000 1.217168e-09
3180.000000 1.227933e-09
3185.000000 1.239113e-09
3190.000000 1.250793e-09
3195.000000 1.263056e-09
3200.000000 1.275988e-09
3205.000000 1.289614e-09
3210.000000 1.303849e-09
3215.000000 1.318534e-09
3220.000000 1.333535e-09
3225.000000 1.348690e-09
3230.000000 1.363858e-09
3235.000000 1.378882e-09
3240.000000 1.393617e-09
3245.000000 1.407916e-09
3250.000000 1.421621e-09
3255.000000 1.434622e-09
3260.000000 1.446851e-09
3265.000000 1.458273e-09
3270.000000 1.468851e-09
3275.000000 1.478554e-09
3280.000000 1.487344e-09
3285.000000 1.495190e-09
3290.000000 1.502059e-09
3295.000000 1.507906e-09
3300.000000 1.512713e-09
3305.000000 1.516476e-09
3310.000000 1.519297e-09
3315.000000 1.521302e-09
3320.000000 1.522623e-09
3325.000000 1.523405e-09
3330.000000 1.523771e-09
3335.000000 1.523860e-09
3340.000000 1.523810e-09
3345.000000 1.523747e-09
3350.000000 1.523808e-09
3355.000000 1.524083e-09
3360.000000 1.524574e-09
3365.000000 1.525239e-09
3370.000000 1.526031e-09
3375.000000 1.526908e-09
3380.000000 1.527832e-09
3385.000000 1.528746e-09
3390.000000 1.488845e-09
3395.000000 1.307140e-09
3400.000000 1.640836e-09
3405.000000 1.687140e-09
3410.000000 1.471954e-09
3415.000000 1.453438e-09
3420.000000 1.607575e-09
3425.000000 1.733766e-09
3430.000000 1.721572e-09
3435.000000 1.568364e-09
3440.000000 1.440453e-09
3445.000000 1.468389e-09
3450.000000 1.531080e-09
3455.000000 1.499999e-09
3460.000000 1.475075e-09
3465.000000 1.555541e-09
3470.000000 1.610936e-09
3475.000000 1.520729e-09
3480.000000 1.420780e-09
3485.000000 1.459529e-09
3490.000000 1.558736e-09
3495.000000 1.597564e-09
3500.000000 1.576957e-09
3505.000000 1.549028e-09
3510.000000 1.570221e-09
3515.000000 1.608892e-09
3520.000000 1.636416e-09
3525.000000 1.621247e-09
3530.000000 1.659247e-09
3535.000000 1.682896e-09
3540.000000 1.736473e-09
3545.000000 1.728123e-09
3550.000000 1.661005e-09
3555.000000 1.595710e-09
3560.000000 1.518197e-09
3565.000000 1.399047e-09
3570.000000 1.332676e-09
3575.000000 1.309880e-09
3580.000000 1.216280e-09
3585.000000 1.213743e-09
3590.000000 1.424053e-09
3595.000000 1.678675e-09
3600.000000 1.744218e-09
3605.000000 1.627883e-09
3610.000000 1.547119e-09
3615.000000 1.566433e-09
3620.000000 1.653084e-09
3625.000000 1.786392e-09
3630.000000 1.800961e-09
3635.000000 1.829109e-09
3640.000000 1.895831e-09
3645.000000 1.924153e-09
3650.000000 2.011204e-09
3655.000000 2.202124e-09
3660.000000 2.308395e-09
3665.000000 2.278814e-09
3670.000000 2.228022e-09
3675.000000 2.127406e-09
3680.000000 2.042474e-09
3685.000000 2.030015e-09
3690.000000 2.118094e-09
3695.000000 2.313294e-09
3700.000000 2.355952e-09
3705.000000 2.200772e-09
3710.000000 2.145872e-09
3715.000000 2.100721e-09
3720.000000 1.973639e-09
3725.000000 1.923791e-09
3730.000000 1.841459e-09
3735.000000 1.739458e-09
3740.000000 1.746544e-09
3745.000000 1.685022e-09
3750.000000 1.746440e-09
3755.000000 1.922968e-09
3760.000000 1.961246e-09
3765.000000 1.973773e-09
3770.000000 2.082141e-09
3775.000000 2.290856e-09
3780.000000 2.411674e-09
3785.000000 2.314247e-09
3790.000000 1.994948e-09
3795.000000 1.844884e-09
3800.000000 1.912920e-09
3805.000000 2.033371e-09
3810.000000 1.966742e-09
3815.000000 1.779763e-09
3820.000000 1.578205e-09
3825.000000 1.386793e-09
3830.000000 1.305559e-09
3835.000000 1.280911e-09
3840.000000 1.402768e-09
3845.000000 1.555809e-09
3850.000000 1.604991e-09
3855.000000 1.588776e-09
3860.000000 1.590271e-09
3865.000000 1.601254e-09
3870.000000 1.614960e-09
3875.000000 1.765885e-09
3880.000000 1.751848e-09
3885.000000 1.815286e-09
3890.000000 1.988406e-09
3895.000000 2.199926e-09
3900.000000 2.348462e-09
3905.000000 2.506120e-09
3910.000000 2.619581e-09
3915.000000 2.577924e-09
3920.000000 2.288380e-09
3925.000000 1.813259e-09
3930.000000 1.362564e-09
3935.000000 1.382222e-09
3940.000000 1.794725e-09
3945.000000 2.227767e-09
3950.000000 2.501471e-09
3955.000000 2.474291e-09
3960.000000 2.074474e-09
3965.000000 1.542952e-09
3970.000000 1.503378e-09
3975.000000 2.099438e-09
3980.000000 2.732135e-09
3985.000000 3.053302e-09
3990.000000 3.179787e-09
3995.000000 3.249235e-09
4000.000000 3.316749e-09
4005.000000 3.347059e-09
4010.000000 3.430971e-09
4015.000000 3.539876e-09
4020.000000 3.585274e-09
4025.000000 3.507406e-09
4030.000000 3.371492e-09
4035.000000 3.318825e-09
4040.000000 3.316240e-09
4045.000000 3.219876e-09
4050.000000 3.183361e-09
4055.000000 3.090359e-09
4060.000000 3.050105e-09
4065.000000 3.107867e-09
4070.000000 3.184535e-09
4075.000000 3.267069e-09
4080.000000 3.340937e-09
4085.000000 3.386166e-09
4090.000000 3.344277e-09
4095.000000 3.085169e-09
4100.000000 2.879295e-09
4105.000000 3.019544e-09
4110.000000 3.268651e-09
4115.000000 3.392662e-09
4120.000000 3.438981e-09
4125.000000 3.363720e-09
4130.000000 3.232089e-09
4135.000000 3.269001e-09
4140.000000 3.336499e-09
4145.000000 3.218240e-09
4150.000000 3.165317e-09
4155.000000 3.181867e-09
4160.000000 3.267522e-09
4165.000000 3.255899e-09
4170.000000 3.138036e-09
4175.000000 3.059325e-09
4180.000000 3.090672e-09
4185.000000 3.166920e-09
4190.000000 3.196266e-09
4195.000000 3.115337e-09
4200.000000 3.096753e-09
4205.000000 3.251235e-09
4210.000000 3.445255e-09
4215.000000 3.420942e-09
4220.000000 3.365406e-09
4225.000000 3.224952e-09
4230.000000 3.254739e-09
4235.000000 3.292675e-09
4240.000000 3.348360e-09
4245.000000 3.364432e-09
4250.000000 3.320419e-09
4255.000000 3.296502e-09
4260.000000 3.281933e-09
4265.000000 3.269298e-09
4270.000000 3.168057e-09
4275.000000 3.197466e-09
4280.000000 3.250840e-09
4285.000000 3.179572e-09
4290.000000 3.039021e-09
4295.000000 2.839803e-09
4300.000000 2.586254e-09
4305.000000 2.483165e-09
4310.000000 2.685559e-09
4315.000000 3.173569e-09
4320.000000 3.420265e-09
4325.000000 3.397974e-09
4330.000000 3.386950e-09
4335.000000 3.214006e-09
4340.000000 3.048069e-09
4345.000000 3.208907e-09
4350.000000 3.384389e-09
4355.000000 3.552274e-09
4360.000000 3.764505e-09
4365.000000 3.801905e-09
4370.000000 3.680724e-09
4375.000000 3.485191e-09
4380.000000 3.315495e-09
4385.000000 3.220018e-09
4390.000000 3.306854e-09
4395.000000 3.438910e-09
4400.000000 3.491280e-09
4405.000000 3.516466e-09
4410.000000 3.620985e-09
4415.000000 3.690566e-09
4420.000000 3.756119e-09
4425.000000 3.761658e-09
4430.000000 3.728729e-09
4435.000000 3.730365e-09
4440.000000 3.799698e-09
4445.000000 3.869089e-09
4450.000000 3.825731e-09
4455.000000 3.624344e-09
4460.000000 3.537224e-09
4465.000000 3.657296e-09
4470.000000 3.830161e-09
4475.000000 3.935456e-09
4480.000000 3.921469e-09
4485.000000 3.934277e-09
4490.000000 3.928849e-09
4495.000000 3.963594e-09
4500.000000 4.062132e-09
4505.000000 4.156231e-09
4510.000000 4.142957e-09
4515.000000 4.070375e-09
4520.000000 3.952852e-09
4525.000000 3.750884e-09
4530.000000 3.648900e-09
4535.000000 3.765082e-09
4540.000000 3.862196e-09
4545.000000 3.821011e-09
4550.000000 3.794921e-09
4555.000000 3.891106e-09
4560.000000 3.985595e-09
4565.000000 4.002364e-09
4570.000000 4.009680e-09
4575.000000 3.973033e-09
4580.000000 3.864408e-09
4585.000000 3.858417e-09
4590.000000 3.876177e-09
4595.000000 3.838929e-09
4600.000000 3.848369e-09
4605.000000 3.947057e-09
4610.000000 4.035853e-09
4615.000000 4.051747e-09
4620.000000 4.067642e-09
4625.000000 4.056316e-09
4630.000000 4.017615e-09
4635.000000 3.932664e-09
4640.000000 3.845653e-09
4645.000000 3.758368e-09
4650.000000 3.779182e-09
4655.000000 3.861318e-09
4660.000000 3.863131e-09
4665.000000 3.701412e-09
4670.000000 3.665608e-09
4675.000000 3.766749e-09
4680.000000 3.806214e-09
4685.000000 3.831853e-09
4690.000000 3.815699e-09
4695.000000 3.771034e-09
4700.000000 3.692594e-09
4705.000000 3.671177e-09
4710.000000 3.732124e-09
4715.000000 3.877467e-09
4720.000000 3.991567e-09
4725.000000 3.915775e-09
4730.000000 3.804093e-09
4735.000000 3.843077e-09
4740.000000 3.950150e-09
4745.000000 4.013413e-09
4750.000000 3.974332e-09
4755.000000 3.916174e-09
4760.000000 3.871680e-09
4765.000000 3.830420e-09
4770.000000 3.915626e-09
4775.000000 4.048669e-09
4780.000000 4.069038e-09
4785.000000 3.998482e-09
4790.000000 4.003116e-09
4795.000000 4.056771e-09
4800.000000 4.039812e-09
4805.000000 3.990764e-09
4810.000000 3.993833e-09
4815.000000 4.054844e-09
4820.000000 4.059724e-09
4825.000000 3.996564e-09
4830.000000 3.953651e-09
4835.000000 3.920487e-09
4840.000000 3.879367e-09
4845.000000 3.865748e-09
4850.000000 3.748967e-09
4855.000000 3.418276e-09
4860.000000 3.128219e-09
4865.000000 3.224781e-09
4870.000000 3.444651e-09
4875.000000 3.640063e-09
4880.000000 3.753680e-09
4885.000000 3.676287e-09
4890.000000 3.659887e-09
4895.000000 3.855890e-09
4900.000000 3.971385e-09
4905.000000 3.937646e-09
4910.000000 3.822441e-09
4915.000000 3.703759e-09
4920.000000 3.610876e-09
4925.000000 3.751131e-09
4930.000000 3.884816e-09
4935.000000 3.818138e-09
4940.000000 3.822655e-09
4945.000000 3.947097e-09
4950.000000 3.997144e-09
4955.000000 3.921377e-09
4960.000000 3.902323e-09
4965.000000 3.925632e-09
4970.000000 3.916194e-09
4975.000000 3.864364e-09
4980.000000 3.721498e-09
4985.000000 3.709535e-09
4990.000000 3.817805e-09
4995.000000 3.843956e-09
5000.000000 3.754371e-09
5005.000000 3.649093e-09
5010.000000 3.585495e-09
5015.000000 3.525009e-09
5020.000000 3.566951e-09
5025.000000 3.683223e-09
5030.000000 3.773942e-09
5035.000000 3.699996e-09
5040.000000 3.601128e-09
5045.000000 3.681205e-09
5050.000000 3.769670e-09
5055.000000 3.879937e-09
5060.000000 3.923547e-09
5065.000000 3.839469e-09
5070.000000 3.743155e-09
5075.000000 3.656954e-09
5080.000000 3.630966e-09
5085.000000 3.734727e-09
5090.000000 3.826368e-09
5095.000000 3.769957e-09
5100.000000 3.694063e-09
5105.000000 3.696565e-09
5110.000000 3.734381e-09
5115.000000 3.797448e-09
5120.000000 3.757995e-09
5125.000000 3.649362e-09
5130.000000 3.609617e-09
5135.000000 3.600690e-09
5140.000000 3.565065e-09
5145.000000 3.555708e-09
5150.000000 3.594970e-09
5155.000000 3.655796e-09
5160.000000 3.560996e-09
5165.000000 3.235643e-09
5170.000000 3.074008e-09
5175.000000 3.269674e-09
5180.000000 3.387645e-09
5185.000000 3.399552e-09
5190.000000 3.486096e-09
5195.000000 3.575301e-09
5200.000000 3.637075e-09
5205.000000 3.602653e-09
5210.000000 3.603129e-09
5215.000000 3.649880e-09
5220.000000 3.649754e-09
5225.000000 3.537089e-09
5230.000000 3.519893e-09
5235.000000 3.649427e-09
5240.000000 3.776601e-09
5245.000000 3.765620e-09
5250.000000 3.702234e-09
5255.000000 3.691873e-09
5260.000000 3.577206e-09
5265.000000 3.336579e-09
5270.000000 3.287843e-09
5275.000000 3.447893e-09
5280.000000 3.623975e-09
5285.000000 3.784958e-09
5290.000000 3.871630e-09
5295.000000 3.767491e-09
5300.000000 3.717039e-09
5305.000000 3.829741e-09
5310.000000 3.907480e-09
5315.000000 3.861135e-09
5320.000000 3.731867e-09
5325.000000 3.575968e-09
5330.000000 3.562582e-09
5335.000000 3.653845e-09
5340.000000 3.679428e-09
5345.000000 3.698607e-09
5350.000000 3.759997e-09
5355.000000 3.867297e-09
5360.000000 3.857654e-09
5365.000000 3.711772e-09
5370.000000 3.636261e-09
5375.000000 3.708675e-09
5380.000000 3.762080e-09
5385.000000 3.741437e-09
5390.000000 3.658957e-09
5395.000000 3.572902e-09
5400.000000 3.515905e-09
5405.000000 3.469992e-09
5410.000000 3.520351e-09
5415.000000 3.637672e-09
5420.000000 3.690558e-09
5425.000000 3.675101e-09
5430.000000 3.648991e-09
5435.000000 3.687918e-09
5440.000000 3.772552e-09
5445.000000 3.747468e-09
5450.000000 3.724179e-09
5455.000000 3.708834e-09
5460.000000 3.708591e-09
5465.000000 3.700870e-09
5470.000000 3.680070e-09
5475.000000 3.603838e-09
5480.000000 3.579073e-09
5485.000000 3.635124e-09
5490.000000 3.679406e-09
5495.000000 3.702899e-09
5500.000000 3.683280e-09
5505.000000 3.631803e-09
5510.000000 3.610847e-09
5515.000000 3.666639e-09
5520.000000 3.712612e-09
5525.000000 3.656085e-09
5530.000000 3.611889e-09
5535.000000 3.635727e-09
5540.000000 3.679579e-09
5545.000000 3.713854e-09
5550.000000 3.734651e-09
5555.000000 3.708557e-09
5560.000000 3.654662e-09
5565.000000 3.596637e-09
5570.000000 3.577304e-09
5575.000000 3.625049e-09
5580.000000 3.629045e-09
5585.000000 3.522886e-09
5590.000000 3.445205e-09
5595.000000 3.465712e-09
5600.000000 3.516698e-09
5605.000000 3.649709e-09
5610.000000 3.712155e-09
5615.000000 3.609442e-09
5620.000000 3.553988e-09
5625.000000 3.582759e-09
5630.000000 3.625393e-09
5635.000000 3.593757e-09
5640.000000 3.568985e-09
5645.000000 3.601021e-09
5650.000000 3.600997e-09
5655.000000 3.522938e-09
5660.000000 3.474156e-09
5665.000000 3.525951e-09
5670.000000 3.615383e-09
5675.000000 3.649700e-09
5680.000000 3.597972e-09
5685.000000 3.542349e-09
5690.000000 3.560146e-09
5695.000000 3.584486e-09
5700.000000 3.538671e-09
5705.000000 3.440727e-09
5710.000000 3.407547e-09
5715.000000 3.527758e-09
5720.000000 3.645904e-09
5725.000000 3.688175e-09
5730.000000 3.676631e-09
5735.000000 3.675485e-09
5740.000000 3.670461e-09
5745.000000 3.629576e-09
5750.000000 3.575182e-09
5755.000000 3.544902e-09
5760.000000 3.572298e-09
5765.000000 3.633398e-09
5770.000000 3.663072e-09
5775.000000 3.611734e-09
5780.000000 3.519830e-09
5785.000000 3.487295e-09
5790.000000 3.535320e-09
5795.000000 3.585800e-09
5800.000000 3.616523e-09
5805.000000 3.609995e-09
5810.000000 3.610638e-09
5815.000000 3.631768e-09
5820.000000 3.666431e-09
5825.000000 3.671800e-09
5830.000000 3.670017e-09
5835.000000 3.677749e-09
5840.000000 3.691422e-09
5845.000000 3.666760e-09
5850.000000 3.599010e-09
5855.000000 3.520000e-09
5860.000000 3.522376e-09
5865.000000 3.581523e-09
5870.000000 3.632984e-09
5875.000000 3.639491e-09
5880.000000 3.574510e-09
5885.000000 3.378776e-09
5890.000000 3.171022e-09
5895.000000 3.208188e-09
5900.000000 3.405881e-09
5905.000000 3.535430e-09
5910.000000 3.560790e-09
5915.000000 3.560480e-09
5920.000000 3.567668e-09
5925.000000 3.552741e-09
5930.000000 3.534108e-09
5935.000000 3.542938e-09
5940.000000 3.541479e-09
5945.000000 3.503124e-09
5950.000000 3.472079e-09
5955.000000 3.488969e-09
5960.000000 3.530140e-09
5965.000000 3.558680e-09
5970.000000 3.552806e-09
5975.000000 3.500563e-09
5980.000000 3.463614e-09
5985.000000 3.449979e-09
5990.000000 3.470847e-09
5995.000000 3.476744e-09
6000.000000 3.453132e-09
6005.000000 3.419327e-09
6010.000000 3.393722e-09
6015.000000 3.372579e-09
6020.000000 3.367494e-09
6025.000000 3.404046e-09
6030.000000 3.460105e-09
6035.000000 3.485899e-09
6040.000000 3.484204e-09
6045.000000 3.486316e-09
6050.000000 3.476151e-09
6055.000000 3.453705e-09
6060.000000 3.451002e-09
6065.000000 3.468036e-09
6070.000000 3.482933e-09
6075.000000 3.436386e-09
6080.000000 3.381234e-09
6085.000000 3.360570e-09
6090.000000 3.357830e-09
6095.000000 3.356588e-09
6100.000000 3.341371e-09
6105.000000 3.358508e-09
6110.000000 3.396468e-09
6115.000000 3.372213e-09
6120.000000 3.334653e-09
6125.000000 3.341090e-09
6130.000000 3.332933e-09
6135.000000 3.262668e-09
6140.000000 3.253795e-09
6145.000000 3.308538e-09
6150.000000 3.332399e-09
6155.000000 3.279483e-09
6160.000000 3.197873e-09
6165.000000 3.192498e-09
6170.000000 3.239608e-09
6175.000000 3.305344e-09
6180.000000 3.357494e-09
6185.000000 3.334256e-09
6190.000000 3.293978e-09
6195.000000 3.332939e-09
6200.000000 3.382866e-09
6205.000000 3.404750e-09
6210.000000 3.370675e-09
6215.000000 3.313406e-09
6220.000000 3.287214e-09
6225.000000 3.272616e-09
6230.000000 3.253569e-09
6235.000000 3.267141e-09
6240.000000 3.265794e-09
6245.000000 3.241494e-09
6250.000000 3.220606e-09
6255.000000 3.208106e-09
6260.000000 3.243653e-09
6265.000000 3.288904e-09
6270.000000 3.306196e-09
6275.000000 3.249883e-09
6280.000000 3.195531e-09
6285.000000 3.246212e-09
6290.000000 3.290948e-09
6295.000000 3.263503e-09
6300.000000 3.224290e-09
6305.000000 3.257187e-09
6310.000000 3.258945e-09
6315.000000 3.196584e-09
6320.000000 3.192903e-09
6325.000000 3.255032e-09
6330.000000 3.267508e-09
6335.000000 3.227349e-09
6340.000000 3.203551e-09
6345.000000 3.232059e-09
6350.000000 3.259480e-09
6355.000000 3.219107e-09
6360.000000 3.168881e-09
6365.000000 3.201912e-09
6370.000000 3.260687e-09
6375.000000 3.275603e-09
6380.000000 3.258572e-09
6385.000000 3.251946e-09
6390.000000 3.236230e-09
6395.000000 3.203022e-09
6400.000000 3.184534e-09
6405.000000 3.175426e-09
6410.000000 3.160967e-09
6415.000000 3.152910e-09
6420.000000 3.159842e-09
6425.000000 3.192758e-09
6430.000000 3.192615e-09
6435.000000 3.185525e-09
6440.000000 3.187951e-09
6445.000000 3.178796e-09
6450.000000 3.137974e-09
6455.000000 3.126296e-09
6460.000000 3.132279e-09
6465.000000 3.150891e-09
6470.000000 3.166848e-09
6475.000000 3.159948e-09
6480.000000 3.155395e-09
6485.000000 3.165590e-09
6490.000000 3.103180e-09
6495.000000 3.013619e-09
6500.000000 3.049623e-09
6505.000000 3.149639e-09
6510.000000 3.204798e-09
6515.000000 3.182218e-09
6520.000000 3.160760e-09
6525.000000 3.162128e-09
6530.000000 3.162909e-09
6535.000000 3.177769e-09
6540.000000 3.177631e-09
6545.000000 3.141339e-09
6550.000000 3.052048e-09
6555.000000 2.853157e-09
6560.000000 2.623219e-09
6565.000000 2.699898e-09
6570.000000 2.925785e-09
6575.000000 3.049689e-09
6580.000000 3.087447e-09
6585.000000 3.082141e-09
6590.000000 3.063934e-09
6595.000000 3.076972e-09
6600.000000 3.111793e-09
6605.000000 3.107504e-09
6610.000000 3.103736e-09
6615.000000 3.130294e-09
6620.000000 3.144247e-09
6625.000000 3.118192e-09
6630.000000 3.074324e-09
6635.000000 3.062255e-09
6640.000000 3.074575e-09
6645.000000 3.091592e-09
6650.000000 3.113191e-09
6655.000000 3.105668e-09
6660.000000 3.067723e-09
6665.000000 3.055083e-09
6670.000000 3.065268e-09
6675.000000 3.051344e-09
6680.000000 3.059229e-09
6685.000000 3.093883e-09
6690.000000 3.102790e-09
6695.000000 3.075307e-09
6700.000000 3.057075e-09
6705.000000 3.052019e-09
6710.000000 3.037128e-09
6715.000000 3.002910e-09
6720.000000 3.004159e-09
6725.000000 3.038634e-09
6730.000000 3.055859e-09
6735.000000 3.049871e-09
6740.000000 3.027233e-09
6745.000000 3.001445e-09
6750.000000 2.999819e-09
6755.000000 3.022900e-09
6760.000000 3.033825e-09
6765.000000 3.013455e-09
6770.000000 3.003513e-09
6775.000000 3.021771e-09
6780.000000 3.023133e-09
6785.000000 3.011737e-09
6790.000000 3.010566e-09
6795.000000 3.008297e-09
6800.000000 3.009667e-09
6805.000000 3.000257e-09
6810.000000 3.001760e-09
6815.000000 3.010547e-09
6820.000000 3.008940e-09
6825.000000 2.996453e-09
6830.000000 2.984966e-09
6835.000000 2.963614e-09
6840.000000 2.965395e-09
6845.000000 2.964029e-09
6850.000000 2.961024e-09
6855.000000 2.957683e-09
6860.000000 2.954426e-09
6865.000000 2.951503e-09
6870.000000 2.948377e-09
6875.000000 2.944585e-09
6880.000000 2.940571e-09
6885.000000 2.936887e-09
6890.000000 2.933379e-09
6895.000000 2.929704e-09
6900.000000 2.925743e-09
6905.000000 2.921667e-09
6910.000000 2.918001e-09
6915.000000 2.914997e-09
6920.000000 2.911939e-09
6925.000000 2.908202e-09
6930.000000 2.904447e-09
6935.000000 2.901416e-09
6940.000000 2.898740e-09
6945.000000 2.895627e-09
6950.000000 2.891383e-09
6955.000000 2.886753e-09
6960.000000 2.885567e-09
6965.000000 2.886929e-09
6970.000000 2.874956e-09
6975.000000 2.841585e-09
6980.000000 2.826900e-09
6985.000000 2.859819e-09
6990.000000 2.874023e-09
6995.000000 2.861068e-09
7000.000000 2.826921e-09
7005.000000 2.809622e-09
7010.000000 2.812336e-09
7015.000000 2.790481e-09
7020.000000 2.790129e-09
7025.000000 2.801882e-09
7030.000000 2.826746e-09
7035.000000 2.847097e-09
7040.000000 2.876622e-09
7045.000000 2.888239e-09
7050.000000 2.869781e-09
7055.000000 2.857665e-09
7060.000000 2.849442e-09
7065.000000 2.831676e-09
7070.000000 2.836845e-09
7075.000000 2.865995e-09
7080.000000 2.857472e-09
7085.000000 2.828509e-09
7090.000000 2.814864e-09
7095.000000 2.830954e-09
7100.000000 2.848747e-09
7105.000000 2.838085e-09
7110.000000 2.808668e-09
7115.000000 2.806328e-09
7120.000000 2.806574e-09
7125.000000 2.803667e-09
7130.000000 2.812107e-09
7135.000000 2.839260e-09
7140.000000 2.834009e-09
7145.000000 2.802759e-09
7150.000000 2.785747e-09
7155.000000 2.800919e-09
7160.000000 2.799056e-09
7165.000000 2.768974e-09
7170.000000 2.744804e-09
7175.000000 2.710927e-09
7180.000000 2.667529e-09
7185.000000 2.614577e-09
7190.000000 2.602367e-09
7195.000000 2.635468e-09
7200.000000 2.668241e-09
7205.000000 2.683787e-09
7210.000000 2.714742e-09
7215.000000 2.748937e-09
7220.000000 2.758075e-09
7225.000000 2.748562e-09
7230.000000 2.728830e-09
7235.000000 2.720490e-09
7240.000000 2.717261e-09
7245.000000 2.714349e-09
7250.000000 2.691745e-09
7255.000000 2.690338e-09
7260.000000 2.703428e-09
7265.000000 2.714136e-09
7270.000000 2.712649e-09
7275.000000 2.689978e-09
7280.000000 2.667037e-09
7285.000000 2.629047e-09
7290.000000 2.608270e-09
7295.000000 2.646857e-09
7300.000000 2.670726e-09
7305.000000 2.665808e-09
7310.000000 2.661264e-09
7315.000000 2.670487e-09
7320.000000 2.678692e-09
7325.000000 2.670101e-09
7330.000000 2.668107e-09
7335.000000 2.689191e-09
7340.000000 2.703425e-09
7345.000000 2.676830e-09
7350.000000 2.631958e-09
7355.000000 2.610222e-09
7360.000000 2.619315e-09
7365.000000 2.632178e-09
7370.000000 2.649573e-09
7375.000000 2.658020e-09
7380.000000 2.635451e-09
7385.000000 2.572419e-09
7390.000000 2.549609e-09
7395.000000 2.578473e-09
7400.000000 2.600893e-09
7405.000000 2.596371e-09
7410.000000 2.570624e-09
7415.000000 2.559273e-09
7420.000000 2.569288e-09
7425.000000 2.618773e-09
7430.000000 2.654366e-09
7435.000000 2.655014e-09
7440.000000 2.630835e-09
7445.000000 2.611417e-09
7450.000000 2.616726e-09
7455.000000 2.620130e-09
7460.000000 2.613018e-09
7465.000000 2.625784e-09
7470.000000 2.634127e-09
7475.000000 2.617750e-09
7480.000000 2.605610e-09
7485.000000 2.602477e-09
7490.000000 2.591175e-09
7495.000000 2.580920e-09
7500.000000 2.576017e-09
7505.000000 2.554498e-09
7510.000000 2.544636e-09
7515.000000 2.565198e-09
7520.000000 2.575052e-09
7525.000000 2.566122e-09
7530.000000 2.561241e-09
7535.000000 2.571707e-09
7540.000000 2.576469e-09
7545.000000 2.566163e-09
7550.000000 2.557752e-09
7555.000000 2.553625e-09
7560.000000 2.551549e-09
7565.000000 2.548908e-09
7570.000000 2.545570e-09
7575.000000 2.542206e-09
7580.000000 2.538976e-09
7585.000000 2.535907e-09
7590.000000 2.533291e-09
7595.000000 2.531226e-09
7600.000000 2.529074e-09
7605.000000 2.526218e-09
7610.000000 2.522881e-09
7615.000000 2.519580e-09
7620.000000 2.516753e-09
7625.000000 2.514510e-09
7630.000000 2.512316e-09
7635.000000 2.509686e-09
7640.000000 2.506982e-09
7645.000000 2.504648e-09
7650.000000 2.502505e-09
7655.000000 2.500187e-09
7660.000000 2.497509e-09
7665.000000 2.494473e-09
7670.000000 2.491378e-09
7675.000000 2.488510e-09
7680.000000 2.485905e-09
7685.000000 2.483484e-09
7690.000000 2.481171e-09
7695.000000 2.478882e-09
7700.000000 2.476430e-09
7705.000000 2.473812e-09
7710.000000 2.471505e-09
7715.000000 2.469515e-09
7720.000000 2.466258e-09
7725.000000 2.462236e-09
7730.000000 2.465490e-09
7735.000000 2.480065e-09
7740.000000 2.465092e-09
7745.000000 2.421309e-09
7750.000000 2.408769e-09
7755.000000 2.441039e-09
7760.000000 2.474327e-09
7765.000000 2.484749e-09
7770.000000 2.462423e-09
7775.000000 2.434770e-09
7780.000000 2.425929e-09
7785.000000 2.435121e-09
7790.000000 2.444326e-09
7795.000000 2.431636e-09
7800.000000 2.414890e-09
7805.000000 2.413217e-09
7810.000000 2.422048e-09
7815.000000 2.442696e-09
7820.000000 2.460373e-09
7825.000000 2.456465e-09
7830.000000 2.432129e-09
7835.000000 2.414930e-09
7840.000000 2.415781e-09
7845.000000 2.422550e-09
7850.000000 2.431855e-09
7855.000000 2.438691e-09
7860.000000 2.444579e-09
7865.000000 2.445905e-09
7870.000000 2.431974e-09
7875.000000 2.401183e-09
7880.000000 2.389048e-09
7885.000000 2.407989e-09
7890.000000 2.412818e-09
7895.000000 2.380266e-09
7900.000000 2.357090e-09
7905.000000 2.358324e-09
7910.000000 2.358531e-09
7915.000000 2.344829e-09
7920.000000 2.330397e-09
7925.000000 2.320053e-09
7930.000000 2.307576e-09
7935.000000 2.302512e-09
7940.000000 2.295691e-09
7945.000000 2.295864e-09
7950.000000 2.313504e-09
7955.000000 2.328324e-09
7960.000000 2.337672e-09
7965.000000 2.346993e-09
7970.000000 2.349128e-09
7975.000000 2.351515e-09
7980.000000 2.355933e-09
7985.000000 2.359038e-09
7990.000000 2.349916e-09
7995.000000 2.316654e-09
8000.000000 2.294782e-09
8005.000000 2.306576e-09
8010.000000 2.331382e-09
8015.000000 2.351899e-09
8020.000000 2.343878e-09
8025.000000 2.309022e-09
8030.000000 2.298445e-09
8035.000000 2.321848e-09
8040.000000 2.325345e-09
8045.000000 2.285122e-09
8050.000000 2.268711e-09
8055.000000 2.298546e-09
8060.000000 2.331903e-09
8065.000000 2.335063e-09
8070.000000 2.315309e-09
8075.000000 2.301344e-09
8080.000000 2.288675e-09
8085.000000 2.274930e-09
8090.000000 2.257725e-09
8095.000000 2.241549e-09
8100.000000 2.234323e-09
8105.000000 2.237596e-09
8110.000000 2.242278e-09
8115.000000 2.240270e-09
8120.000000 2.237880e-09
8125.000000 2.241511e-09
8130.000000 2.243441e-09
8135.000000 2.234946e-09
8140.000000 2.219521e-09
8145.000000 2.205396e-09
8150.000000 2.200248e-09
8155.000000 2.204437e-09
8160.000000 2.200967e-09
8165.000000 2.178766e-09
8170.000000 2.158714e-09
8175.000000 2.161356e-09
8180.000000 2.174284e-09
8185.000000 2.178322e-09
8190.000000 2.170584e-09
8195.000000 2.158371e-09
8200.000000 2.157821e-09
8205.000000 2.178410e-09
8210.000000 2.203794e-09
8215.000000 2.211310e-09
8220.000000 2.188899e-09
8225.000000 2.143153e-09
8230.000000 2.116824e-09
8235.000000 2.141540e-09
8240.000000 2.184819e-09
8245.000000 2.204710e-09
8250.000000 2.199519e-09
8255.000000 2.185451e-09
8260.000000 2.182817e-09
8265.000000 2.198922e-09
8270.000000 2.205575e-09
8275.000000 2.180939e-09
8280.000000 2.153977e-09
8285.000000 2.155125e-09
8290.000000 2.167790e-09
8295.000000 2.168055e-09
8300.000000 2.160819e-09
8305.000000 2.158213e-09
8310.000000 2.161098e-09
8315.000000 2.165396e-09
8320.000000 2.166296e-09
8325.000000 2.160004e-09
8330.000000 2.146071e-09
8335.000000 2.128347e-09
8340.000000 2.118276e-09
8345.000000 2.124264e-09
8350.000000 2.139169e-09
8355.000000 2.151928e-09
8360.000000 2.156972e-09
8365.000000 2.154195e-09
8370.000000 2.151427e-09
8375.000000 2.153229e-09
8380.000000 2.148730e-09
8385.000000 2.131821e-09
8390.000000 2.123527e-09
8395.000000 2.141289e-09
8400.000000 2.166234e-09
8405.000000 2.175564e-09
8410.000000 2.173195e-09
8415.000000 2.167439e-09
8420.000000 2.158602e-09
8425.000000 2.156917e-09
8430.000000 2.153270e-09
8435.000000 2.138306e-09
8440.000000 2.134355e-09
8445.000000 2.136251e-09
8450.000000 2.151262e-09
8455.000000 2.178040e-09
8460.000000 2.191302e-09
8465.000000 2.175331e-09
8470.000000 2.154153e-09
8475.000000 2.158780e-09
8480.000000 2.166938e-09
8485.000000 2.158056e-09
8490.000000 2.103761e-09
8495.000000 2.000699e-09
8500.000000 1.977831e-09
8505.000000 2.036450e-09
8510.000000 2.063331e-09
8515.000000 2.063567e-09
8520.000000 2.069667e-09
8525.000000 2.068397e-09
8530.000000 2.049258e-09
8535.000000 1.962578e-09
8540.000000 1.812833e-09
8545.000000 1.715625e-09
8550.000000 1.726530e-09
8555.000000 1.857082e-09
8560.000000 2.018271e-09
8565.000000 2.077327e-09
8570.000000 2.060817e-09
8575.000000 2.050267e-09
8580.000000 2.048264e-09
8585.000000 2.044284e-09
8590.000000 2.032450e-09
8595.000000 2.026650e-09
8600.000000 2.037848e-09
8605.000000 2.047258e-09
8610.000000 2.047880e-09
8615.000000 2.049727e-09
8620.000000 2.056690e-09
8625.000000 2.071300e-09
8630.000000 2.090327e-09
8635.000000 2.108417e-09
8640.000000 2.112222e-09
8645.000000 2.098639e-09
8650.000000 2.081650e-09
8655.000000 2.016638e-09
8660.000000 1.879253e-09
8665.000000 1.771240e-09
8670.000000 1.751196e-09
8675.000000 1.845013e-09
8680.000000 1.962478e-09
8685.000000 1.984040e-09
8690.000000 1.999057e-09
8695.000000 2.062346e-09
8700.000000 2.059484e-09
8705.000000 2.045663e-09
8710.000000 2.032127e-09
8715.000000 2.045257e-09
8720.000000 2.064479e-09
8725.000000 2.058418e-09
8730.000000 2.045381e-09
8735.000000 2.032700e-09
8740.000000 2.020706e-09
8745.000000 2.011007e-09
8750.000000 2.003018e-09
8755.000000 2.015637e-09
8760.000000 2.038164e-09
8765.000000 2.032915e-09
8770.000000 2.018854e-09
8775.000000 2.024825e-09
8780.000000 2.035600e-09
8785.000000 2.019362e-09
8790.000000 2.000567e-09
8795.000000 1.998619e-09
8800.000000 1.971085e-09
8805.000000 1.936700e-09
8810.000000 1.975008e-09
8815.000000 2.009936e-09
8820.000000 2.008887e-09
8825.000000 2.019592e-09
8830.000000 2.019209e-09
8835.000000 2.001680e-09
8840.000000 1.989858e-09
8845.000000 1.992480e-09
8850.000000 1.997916e-09
8855.000000 1.978958e-09
8860.000000 1.943152e-09
8865.000000 1.935902e-09
8870.000000 1.962342e-09
8875.000000 1.980512e-09
8880.000000 1.993675e-09
8885.000000 2.007779e-09
8890.000000 1.995320e-09
8895.000000 1.986968e-09
8900.000000 1.991005e-09
8905.000000 1.979378e-09
8910.000000 1.970883e-09
8915.000000 1.969932e-09
8920.000000 1.961598e-09
8925.000000 1.941219e-09
8930.000000 1.945780e-09
8935.000000 1.943688e-09
8940.000000 1.939698e-09
8945.000000 1.935809e-09
8950.000000 1.932094e-09
8955.000000 1.928588e-09
8960.000000 1.925296e-09
8965.000000 1.922181e-09
8970.000000 1.919218e-09
8975.000000 1.916371e-09
8980.000000 1.913615e-09
8985.000000 1.910921e-09
8990.000000 1.908256e-09
8995.000000 1.905589e-09
9000.000000 1.902896e-09
9005.000000 1.900145e-09
9010.000000 1.897348e-09
9015.000000 1.894497e-09
9020.000000 1.891609e-09
9025.000000 1.888682e-09
9030.000000 1.885726e-09
9035.000000 1.882747e-09
9040.000000 1.879755e-09
9045.000000 1.876749e-09
9050.000000 1.873738e-09
9055.000000 1.870728e-09
9060.000000 1.867698e-09
9065.000000 1.864636e-09
9070.000000 1.861533e-09
9075.000000 1.858358e-09
9080.000000 1.855100e-09
9085.000000 1.851746e-09
9090.000000 1.848274e-09
9095.000000 1.844664e-09
9100.000000 1.840908e-09
9105.000000 1.837009e-09
9110.000000 1.833001e-09
9115.000000 1.828948e-09
9120.000000 1.824912e-09
9125.000000 1.820958e-09
9130.000000 1.817139e-09
9135.000000 1.813534e-09
9140.000000 1.810185e-09
9145.000000 1.807163e-09
9150.000000 1.804527e-09
9155.000000 1.802315e-09
9160.000000 1.800494e-09
9165.000000 1.799013e-09
9170.000000 1.797818e-09
9175.000000 1.796849e-09
9180.000000 1.796058e-09
9185.000000 1.795383e-09
9190.000000 1.794772e-09
9195.000000 1.794175e-09
9200.000000 1.793530e-09
9205.000000 1.792804e-09
9210.000000 1.792010e-09
9215.000000 1.791166e-09
9220.000000 1.790305e-09
9225.000000 1.789446e-09
9230.000000 1.788634e-09
9235.000000 1.787878e-09
9240.000000 1.787215e-09
9245.000000 1.786671e-09
9250.000000 1.786272e-09
9255.000000 1.786028e-09
9260.000000 1.785921e-09
9265.000000 1.785925e-09
9270.000000 1.786002e-09
9275.000000 1.786127e-09
9280.000000 1.786256e-09
9285.000000 1.786363e-09
9290.000000 1.786418e-09
9295.000000 1.786381e-09
9300.000000 1.786232e-09
9305.000000 1.785937e-09
9310.000000 1.785508e-09
9315.000000 1.784953e-09
9320.000000 1.784293e-09
9325.000000 1.783541e-09
9330.000000 1.782717e-09
9335.000000 1.781830e-09
9340.000000 1.780897e-09
9345.000000 1.779935e-09
9350.000000 1.778956e-09
9355.000000 1.777973e-09
9360.000000 1.776987e-09
9365.000000 1.775985e-09
9370.000000 1.774963e-09
9375.000000 1.773918e-09
9380.000000 1.772835e-09
9385.000000 1.771706e-09
9390.000000 1.770532e-09
9395.000000 1.769300e-09
9400.000000 1.768013e-09
9405.000000 1.766653e-09
9410.000000 1.765213e-09
9415.000000 1.763681e-09
9420.000000 1.762060e-09
9425.000000 1.760330e-09
9430.000000 1.758481e-09
9435.000000 1.756516e-09
9440.000000 1.754411e-09
9445.000000 1.752166e-09
9450.000000 1.749775e-09
9455.000000 1.747232e-09
9460.000000 1.744545e-09
9465.000000 1.741743e-09
9470.000000 1.738845e-09
9475.000000 1.735869e-09
9480.000000 1.732849e-09
9485.000000 1.729789e-09
9490.000000 1.726722e-09
9495.000000 1.723664e-09
9500.000000 1.720639e-09
9505.000000 1.717657e-09
9510.000000 1.714720e-09
9515.000000 1.711815e-09
9520.000000 1.708930e-09
9525.000000 1.706054e-09
9530.000000 1.703179e-09
9535.000000 1.700291e-09
9540.000000 1.697383e-09
9545.000000 1.694443e-09
9550.000000 1.691464e-09
9555.000000 1.688428e-09
9560.000000 1.685337e-09
9565.000000 1.682190e-09
9570.000000 1.678994e-09
9575.000000 1.675744e-09
9580.000000 1.672431e-09
9585.000000 1.669068e-09
9590.000000 1.665654e-09
9595.000000 1.662181e-09
9600.000000 1.658655e-09
9605.000000 1.655082e-09
9610.000000 1.651485e-09
9615.000000 1.647900e-09
9620.000000 1.644358e-09
9625.000000 1.640894e-09
9630.000000 1.637542e-09
9635.000000 1.634329e-09
9640.000000 1.631293e-09
9645.000000 1.628467e-09
9650.000000 1.625882e-09
9655.000000 1.623559e-09
9660.000000 1.621488e-09
9665.000000 1.619645e-09
9670.000000 1.618011e-09
9675.000000 1.616560e-09
9680.000000 1.615267e-09
9685.000000 1.614119e-09
9690.000000 1.613088e-09
9695.000000 1.612145e-09
9700.000000 1.611274e-09
9705.000000 1.610457e-09
9710.000000 1.609684e-09
9715.000000 1.608941e-09
9720.000000 1.608219e-09
9725.000000 1.607515e-09
9730.000000 1.606819e-09
9735.000000 1.606129e-09
9740.000000 1.605431e-09
9745.000000 1.604715e-09
9750.000000 1.603978e-09
9755.000000 1.603213e-09
9760.000000 1.602430e-09
9765.000000 1.601633e-09
9770.000000 1.600841e-09
9775.000000 1.600061e-09
9780.000000 1.599301e-09
9785.000000 1.598574e-09
9790.000000 1.597889e-09
9795.000000 1.597262e-09
9800.000000 1.596697e-09
9805.000000 1.596194e-09
9810.000000 1.595731e-09
9815.000000 1.595274e-09
9820.000000 1.594789e-09
9825.000000 1.594242e-09
9830.000000 1.593599e-09
9835.000000 1.592825e-09
9840.000000 1.591879e-09
9845.000000 1.590738e-09
9850.000000 1.589364e-09
9855.000000 1.587744e-09
9860.000000 1.585888e-09
9865.000000 1.583847e-09
9870.000000 1.581652e-09
9875.000000 1.579347e-09
9880.000000 1.576972e-09
9885.000000 1.574564e-09
9890.000000 1.572165e-09
9895.000000 1.569810e-09
9900.000000 1.567539e-09
9905.000000 1.565381e-09
9910.000000 1.563332e-09
9915.000000 1.561382e-09
9920.000000 1.559519e-09
9925.000000 1.557719e-09
9930.000000 1.555977e-09
9935.000000 1.554278e-09
9940.000000 1.552608e-09
9945.000000 1.550952e-09
9950.000000 1.549293e-09
9955.000000 1.547630e-09
9960.000000 1.545942e-09
9965.000000 1.544234e-09
9970.000000 1.542489e-09
9975.000000 1.540712e-09
9980.000000 1.538890e-09
9985.000000 1.537021e-09
9990.000000 1.535098e-09
9995.000000 1.533111e-09
10000.000000 1.531062e-09
10005.000000 1.528947e-09
10010.000000 1.526773e-09
10015.000000 1.524558e-09
10020.000000 1.522317e-09
10025.000000 1.520067e-09
10030.000000 1.517821e-09
10035.000000 1.515596e-09
10040.000000 1.513412e-09
10045.000000 1.511278e-09
10050.000000 1.509207e-09
10055.000000 1.507218e-09
10060.000000 1.505295e-09
10065.000000 1.503432e-09
10070.000000 1.501615e-09
10075.000000 1.499830e-09
10080.000000 1.498067e-09
10085.000000 1.496312e-09
10090.000000 1.494550e-09
10095.000000 1.492774e-09
10100.000000 1.490968e-09
10105.000000 1.489122e-09
10110.000000 1.487253e-09
10115.000000 1.485363e-09
10120.000000 1.483474e-09
10125.000000 1.481591e-09
10130.000000 1.479728e-09
10135.000000 1.477901e-09
10140.000000 1.476121e-09
10145.000000 1.474402e-09
10150.000000 1.472751e-09
10155.000000 1.471183e-09
10160.000000 1.469680e-09
10165.000000 1.468236e-09
10170.000000 1.466822e-09
10175.000000 1.465428e-09
10180.000000 1.464036e-09
10185.000000 1.462626e-09
10190.000000 1.461190e-09
10195.000000 1.459703e-09
10200.000000 1.458156e-09
10205.000000 1.456527e-09
10210.000000 1.454833e-09
10215.000000 1.453078e-09
10220.000000 1.451273e-09
10225.000000 1.449425e-09
10230.000000 1.447547e-09
10235.000000 1.445650e-09
10240.000000 1.443741e-09
10245.000000 1.441835e-09
10250.000000 1.439938e-09
10255.000000 1.438059e-09
10260.000000 1.436197e-09
10265.000000 1.434353e-09
10270.000000 1.432519e-09
10275.000000 1.430703e-09
10280.000000 1.428892e-09
10285.000000 1.427094e-09
10290.000000 1.425295e-09
10295.000000 1.423498e-09
10300.000000 1.421707e-09
10305.000000 1.419913e-09
10310.000000 1.418119e-09
10315.000000 1.416318e-09
10320.000000 1.414511e-09
10325.000000 1.412697e-09
10330.000000 1.410876e-09
10335.000000 1.409046e-09
10340.000000 1.407201e-09
10345.000000 1.405348e-09
10350.000000 1.403479e-09
10355.000000 1.401598e-09
10360.000000 1.399709e-09
10365.000000 1.397820e-09
10370.000000 1.395942e-09
10375.000000 1.394075e-09
10380.000000 1.392236e-09
10385.000000 1.390427e-09
10390.000000 1.388657e-09
10395.000000 1.386931e-09
10400.000000 1.385260e-09
10405.000000 1.383651e-09
10410.000000 1.382095e-09
10415.000000 1.380587e-09
10420.000000 1.379114e-09
10425.000000 1.377676e-09
10430.000000 1.376261e-09
10435.000000 1.374860e-09
10440.000000 1.373466e-09
10445.000000 1.372072e-09
10450.000000 1.370669e-09
10455.000000 1.369255e-09
10460.000000 1.367821e-09
10465.000000 1.366383e-09
10470.000000 1.364931e-09
10475.000000 1.363469e-09
10480.000000 1.361997e-09
10485.000000 1.360525e-09
10490.000000 1.359049e-09
10495.000000 1.357568e-09
10500.000000 1.356092e-09
10505.000000 1.354615e-09
10510.000000 1.353140e-09
10515.000000 1.351672e-09
10520.000000 1.350201e-09
10525.000000 1.348735e-09
10530.000000 1.347269e-09
10535.000000 1.345810e-09
10540.000000 1.344348e-09
10545.000000 1.342892e-09
10550.000000 1.341437e-09
10555.000000 1.339986e-09
10560.000000 1.338536e-09
10565.000000 1.337090e-09
10570.000000 1.335640e-09
10575.000000 1.334199e-09
10580.000000 1.332758e-09
10585.000000 1.331322e-09
10590.000000 1.329883e-09
10595.000000 1.328450e-09
10600.000000 1.327020e-09
10605.000000 1.325588e-09
10610.000000 1.324162e-09
10615.000000 1.322738e-09
10620.000000 9.910851e-10
