1150.000000 1.415586e-12
1155.000000 1.561176e-12
1160.000000 4.305369e-12
1165.000000 6.583217e-12
1170.000000 6.506606e-12
1175.000000 6.667267e-12
1180.000000 3.794031e-12
1185.000000 1.237169e-12
1190.000000 1.233651e-12
1195.000000 1.604661e-12
1200.000000 8.662649e-12
1205.000000 3.285094e-11
1210.000000 1.086730e-10
1215.000000 1.564617e-10
1220.000000 8.788650e-11
1225.000000 2.212238e-11
1230.000000 4.476545e-12
1235.000000 3.063441e-12
1240.000000 3.104728e-12
1245.000000 2.028866e-12
1250.000000 1.949349e-12
1255.000000 2.281262e-12
1260.000000 3.144255e-12
1265.000000 2.316982e-12
1270.000000 8.670074e-13
1275.000000 7.618069e-13
1280.000000 7.841727e-13
1285.000000 8.558849e-13
1290.000000 1.189081e-12
1295.000000 1.766095e-12
1300.000000 4.965013e-12
1305.000000 5.899026e-12
1310.000000 2.882815e-12
1315.000000 1.609351e-12
1320.000000 1.416172e-12
1325.000000 2.213487e-12
1330.000000 5.024744e-12
1335.000000 7.846356e-12
1340.000000 3.506211e-12
1345.000000 1.348246e-12
1350.000000 1.922614e-12
1355.000000 2.021832e-12
1360.000000 1.540357e-12
1365.000000 1.220778e-12
1370.000000 7.935949e-13
1375.000000 5.248653e-13
1380.000000 9.393509e-13
1385.000000 1.626217e-12
1390.000000 2.700739e-12
1395.000000 2.675363e-12
1400.000000 1.940056e-12
1405.000000 2.100103e-12
1410.000000 1.751741e-12
1415.000000 1.703892e-12
1420.000000 1.781483e-12
1425.000000 1.737192e-12
1430.000000 1.184310e-12
1435.000000 1.072072e-12
1440.000000 1.209597e-12
1445.000000 1.454061e-12
1450.000000 1.626620e-12
1455.000000 1.302372e-12
1460.000000 1.616816e-12
1465.000000 2.014466e-12
1470.000000 2.373335e-12
1475.000000 2.634798e-12
1480.000000 2.584379e-12
1485.000000 2.818343e-12
1490.000000 2.481832e-12
1495.000000 2.712613e-12
1500.000000 2.890073e-12
1505.000000 2.076140e-12
1510.000000 1.651899e-12
1515.000000 1.822292e-12
1520.000000 2.122432e-12
1525.000000 2.570013e-12
1530.000000 2.641771e-12
1535.000000 2.658541e-12
1540.000000 3.279096e-12
1545.000000 7.827120e-12
1550.000000 9.535935e-12
1555.000000 5.076206e-12
1560.000000 3.948141e-12
1565.000000 2.682971e-12
1570.000000 2.187189e-12
1575.000000 2.681037e-12
1580.000000 2.217693e-12
1585.000000 2.357798e-12
1590.000000 2.509122e-12
1595.000000 2.569293e-12
1600.000000 2.561144e-12
1605.000000 2.953280e-12
1610.000000 2.132326e-12
1615.000000 1.828869e-12
1620.000000 1.550579e-12
1625.000000 1.919686e-12
1630.000000 2.661872e-12
1635.000000 4.539074e-12
1640.000000 6.540265e-12
1645.000000 3.807021e-12
1650.000000 2.596882e-12
1655.000000 5.512791e-12
1660.000000 6.027690e-12
1665.000000 4.294120e-12
1670.000000 3.542996e-12
1675.000000 2.279600e-12
1680.000000 1.336135e-12
1685.000000 1.209536e-12
1690.000000 1.602470e-12
1695.000000 2.366342e-12
1700.000000 2.329876e-12
1705.000000 2.168547e-12
1710.000000 2.805301e-12
1715.000000 3.138931e-12
1720.000000 2.695517e-12
1725.000000 2.041732e-12
1730.000000 1.603365e-12
1735.000000 1.990184e-12
1740.000000 2.343238e-12
1745.000000 2.337108e-12
1750.000000 2.496007e-12
1755.000000 2.436513e-12
1760.000000 2.288358e-12
1765.000000 2.139715e-12
1770.000000 1.958536e-12
1775.000000 2.143263e-12
1780.000000 2.247779e-12
1785.000000 2.155313e-12
1790.000000 2.373200e-12
1795.000000 2.622470e-12
1800.000000 3.779041e-12
1805.000000 7.316972e-12
1810.000000 1.074022e-11
1815.000000 1.438486e-11
1820.000000 1.314653e-11
1825.000000 6.169231e-12
1830.000000 3.820584e-12
1835.000000 3.319715e-12
1840.000000 3.318929e-12
1845.000000 3.377409e-12
1850.000000 3.630861e-12
1855.000000 4.071984e-12
1860.000000 4.218435e-12
1865.000000 3.967838e-12
1870.000000 3.844234e-12
1875.000000 4.128023e-12
1880.000000 4.354159e-12
1885.000000 4.609369e-12
1890.000000 4.915391e-12
1895.000000 4.996158e-12
1900.000000 5.031501e-12
1905.000000 4.608845e-12
1910.000000 4.226849e-12
1915.000000 4.432698e-12
1920.000000 4.620885e-12
1925.000000 4.627523e-12
1930.000000 4.962544e-12
1935.000000 4.841367e-12
1940.000000 4.906990e-12
1945.000000 5.464736e-12
1950.000000 8.252060e-12
1955.000000 1.409374e-11
1960.000000 9.660963e-12
1965.000000 3.120947e-12
1970.000000 6.677547e-12
1975.000000 1.283775e-11
1980.000000 8.554240e-12
1985.000000 6.880440e-12
1990.000000 4.197609e-12
1995.000000 5.901580e-12
2000.000000 1.342593e-11
2005.000000 1.320339e-11
2010.000000 1.204385e-11
2015.000000 1.562766e-11
2020.000000 1.427714e-11
2025.000000 1.186946e-11
2030.000000 7.618902e-12
2035.000000 7.886651e-12
2040.000000 6.049462e-12
2045.000000 5.666098e-12
2050.000000 7.052798e-12
2055.000000 9.873524e-12
2060.000000 1.120656e-11
2065.000000 1.095555e-11
2070.000000 1.097681e-11
2075.000000 1.375398e-11
2080.000000 1.536672e-11
2085.000000 1.260645e-11
2090.000000 1.315886e-11
2095.000000 1.358719e-11
2100.000000 1.298747e-11
2105.000000 1.374877e-11
2110.000000 1.906111e-11
2115.000000 1.950883e-11
2120.000000 1.934586e-11
2125.000000 2.181636e-11
2130.000000 2.317724e-11
2135.000000 2.096276e-11
2140.000000 2.047438e-11
2145.000000 2.309295e-11
2150.000000 1.931801e-11
2155.000000 2.280277e-11
2160.000000 2.626816e-11
2165.000000 2.415937e-11
2170.000000 2.515874e-11
2175.000000 2.536898e-11
2180.000000 2.418085e-11
2185.000000 2.470612e-11
2190.000000 3.137479e-11
2195.000000 3.575200e-11
2200.000000 3.496060e-11
2205.000000 2.895928e-11
2210.000000 2.807044e-11
2215.000000 3.056546e-11
2220.000000 2.997213e-11
2225.000000 3.355986e-11
2230.000000 3.861152e-11
2235.000000 4.370193e-11
2240.000000 4.493743e-11
2245.000000 4.235890e-11
2250.000000 4.610460e-11
2255.000000 4.964612e-11
2260.000000 4.738707e-11
2265.000000 4.092239e-11
2270.000000 3.712800e-11
2275.000000 3.580220e-11
2280.000000 3.929918e-11
2285.000000 4.689476e-11
2290.000000 4.452800e-11
2295.000000 4.318147e-11
2300.000000 4.969430e-11
2305.000000 5.319294e-11
2310.000000 4.976095e-11
2315.000000 4.577225e-11
2320.000000 4.654251e-11
2325.000000 5.580965e-11
2330.000000 6.847573e-11
2335.000000 7.156921e-11
2340.000000 6.830385e-11
2345.000000 6.855895e-11
2350.000000 6.497138e-11
2355.000000 5.900481e-11
2360.000000 6.517550e-11
2365.000000 7.439941e-11
2370.000000 7.361415e-11
2375.000000 7.451696e-11
2380.000000 8.171830e-11
2385.000000 8.449275e-11
2390.000000 7.850370e-11
2395.000000 7.262026e-11
2400.000000 7.970946e-11
2405.000000 7.844383e-11
2410.000000 7.590004e-11
2415.000000 7.016611e-11
2420.000000 6.392948e-11
2425.000000 6.830568e-11
2430.000000 7.700662e-11
2435.000000 7.775602e-11
2440.000000 7.549505e-11
2445.000000 8.338309e-11
2450.000000 8.658440e-11
2455.000000 8.429531e-11
2460.000000 8.105728e-11
2465.000000 7.696246e-11
2470.000000 7.493654e-11
2475.000000 7.544185e-11
2480.000000 7.780682e-11
2485.000000 7.093130e-11
2490.000000 6.417136e-11
2495.000000 7.393273e-11
2500.000000 8.994218e-11
2505.000000 9.491880e-11
2510.000000 9.212853e-11
2515.000000 8.494146e-11
2520.000000 7.345120e-11
2525.000000 7.033726e-11
2530.000000 8.055926e-11
2535.000000 9.418542e-11
2540.000000 1.041287e-10
2545.000000 1.074546e-10
2550.000000 1.145708e-10
2555.000000 1.269722e-10
2560.000000 1.374902e-10
2565.000000 1.471031e-10
2570.000000 1.489530e-10
2575.000000 1.329679e-10
2580.000000 9.537160e-11
2585.000000 1.114598e-10
2590.000000 1.542125e-10
2595.000000 1.687994e-10
2600.000000 1.672505e-10
2605.000000 1.641125e-10
2610.000000 1.610293e-10
2615.000000 1.590924e-10
2620.000000 1.630605e-10
2625.000000 1.656084e-10
2630.000000 1.682150e-10
2635.000000 1.685544e-10
2640.000000 1.748262e-10
2645.000000 1.788195e-10
2650.000000 1.759101e-10
2655.000000 1.784039e-10
2660.000000 1.814341e-10
2665.000000 1.781526e-10
2670.000000 1.763272e-10
2675.000000 1.731508e-10
2680.000000 1.702419e-10
2685.000000 1.725031e-10
2690.000000 1.733942e-10
2695.000000 1.699486e-10
2700.000000 1.712154e-10
2705.000000 1.742931e-10
2710.000000 1.730820e-10
2715.000000 1.679422e-10
2720.000000 1.532139e-10
2725.000000 1.464816e-10
2730.000000 1.573208e-10
2735.000000 1.611044e-10
2740.000000 1.532222e-10
2745.000000 1.526115e-10
2750.000000 1.554996e-10
2755.000000 1.597878e-10
2760.000000 1.652150e-10
2765.000000 1.709168e-10
2770.000000 1.742241e-10
2775.000000 1.783419e-10
2780.000000 1.711185e-10
2785.000000 1.638862e-10
2790.000000 1.687967e-10
2795.000000 1.821229e-10
2800.000000 1.887991e-10
2805.000000 1.844561e-10
2810.000000 1.772188e-10
2815.000000 1.790027e-10
2820.000000 1.851100e-10
2825.000000 1.853859e-10
2830.000000 1.859018e-10
2835.000000 1.885020e-10
2840.000000 1.842570e-10
2845.000000 1.712505e-10
2850.000000 1.500268e-10
2855.000000 1.370604e-10
2860.000000 1.522291e-10
2865.000000 1.742584e-10
2870.000000 1.881958e-10
2875.000000 1.916217e-10
2880.000000 1.939061e-10
2885.000000 2.031015e-10
2890.000000 2.173190e-10
2895.000000 2.277855e-10
2900.000000 2.431702e-10
2905.000000 2.518071e-10
2910.000000 2.528841e-10
2915.000000 2.515054e-10
2920.000000 2.526761e-10
2925.000000 2.535315e-10
2930.000000 2.540826e-10
2935.000000 2.556783e-10
2940.000000 2.535213e-10
2945.000000 2.556448e-10
2950.000000 2.609674e-10
2955.000000 2.699570e-10
2960.000000 2.759372e-10
2965.000000 2.716317e-10
2970.000000 2.609855e-10
2975.000000 2.688093e-10
2980.000000 2.830549e-10
2985.000000 2.748021e-10
2990.000000 2.718429e-10
2995.000000 2.745914e-10
3000.000000 2.717442e-10
3005.000000 2.694096e-10
3010.000000 2.748155e-10
3015.000000 2.758734e-10
3020.000000 2.744062e-10
3025.000000 2.911122e-10
3030.000000 3.209014e-10
3035.000000 3.375308e-10
3040.000000 3.443419e-10
3045.000000 3.466278e-10
3050.000000 3.516581e-10
3055.000000 3.530120e-10
3060.000000 3.569343e-10
3065.000000 3.729773e-10
3070.000000 4.051562e-10
3075.000000 4.268796e-10
3080.000000 4.316228e-10
3085.000000 4.366570e-10
3090.000000 4.373866e-10
3095.000000 4.368230e-10
3100.000000 4.522527e-10
3105.000000 4.893533e-10
3110.000000 5.384695e-10
3115.000000 5.526073e-10
3120.000000 5.465284e-10
3125.000000 5.485082e-10
3130.000000 5.695923e-10
3135.000000 5.881178e-10
3140.000000 6.015252e-10
3145.000000 6.219608e-10
3150.000000 6.540351e-10
3155.000000 6.735580e-10
3160.000000 6.532377e-10
3165.000000 6.754078e-10
3170.000000 7.110382e-10
3175.000000 7.468591e-10
3180.000000 7.638387e-10
3185.000000 7.565649e-10
3190.000000 7.607585e-10
3195.000000 7.656586e-10
3200.000000 7.213451e-10
3205.000000 7.005127e-10
3210.000000 6.613324e-10
3215.000000 6.143109e-10
3220.000000 5.747038e-10
3225.000000 5.512956e-10
3230.000000 5.443992e-10
3235.000000 5.535357e-10
3240.000000 5.838052e-10
3245.000000 6.388185e-10
3250.000000 7.121840e-10
3255.000000 7.927891e-10
3260.000000 8.669029e-10
3265.000000 9.188896e-10
3270.000000 9.319728e-10
3275.000000 9.059410e-10
3280.000000 8.843091e-10
3285.000000 9.080271e-10
3290.000000 9.669692e-10
3295.000000 1.027313e-09
3300.000000 1.046564e-09
3305.000000 1.004098e-09
3310.000000 9.428884e-10
3315.000000 9.107829e-10
3320.000000 9.053530e-10
3325.000000 9.080485e-10
3330.000000 9.100203e-10
3335.000000 9.106684e-10
3340.000000 9.188952e-10
3345.000000 9.370396e-10
3350.000000 9.418827e-10
3355.000000 9.121677e-10
3360.000000 8.579564e-10
3365.000000 8.027222e-10
3370.000000 7.727226e-10
3375.000000 7.844675e-10
3380.000000 8.268703e-10
3385.000000 8.806725e-10
3390.000000 9.321547e-10
3395.000000 9.694298e-10
3400.000000 9.798993e-10
3405.000000 9.599226e-10
3410.000000 9.304402e-10
3415.000000 9.159740e-10
3420.000000 9.245424e-10
3425.000000 9.423815e-10
3430.000000 9.183981e-10
3435.000000 8.262321e-10
3440.000000 7.390511e-10
3445.000000 7.319638e-10
3450.000000 7.849295e-10
3455.000000 8.456774e-10
3460.000000 8.760476e-10
3465.000000 8.644970e-10
3470.000000 8.506928e-10
3475.000000 8.680292e-10
3480.000000 8.854346e-10
3485.000000 8.753998e-10
3490.000000 8.830282e-10
3495.000000 9.496209e-10
3500.000000 1.032624e-09
3505.000000 1.071736e-09
3510.000000 1.047322e-09
3515.000000 9.738030e-10
3520.000000 9.112016e-10
3525.000000 9.146697e-10
3530.000000 9.815145e-10
3535.000000 1.078530e-09
3540.000000 1.151514e-09
3545.000000 1.156136e-09
3550.000000 1.094080e-09
3555.000000 9.910737e-10
3560.000000 8.889200e-10
3565.000000 8.151329e-10
3570.000000 7.468244e-10
3575.000000 6.653129e-10
3580.000000 6.123370e-10
3585.000000 6.354823e-10
3590.000000 7.339850e-10
3595.000000 8.708295e-10
3600.000000 9.663456e-10
3605.000000 9.676485e-10
3610.000000 9.318850e-10
3615.000000 9.310020e-10
3620.000000 9.654286e-10
3625.000000 1.008241e-09
3630.000000 1.036022e-09
3635.000000 1.042064e-09
3640.000000 1.057099e-09
3645.000000 1.114509e-09
3650.000000 1.216765e-09
3655.000000 1.345200e-09
3660.000000 1.457154e-09
3665.000000 1.507402e-09
3670.000000 1.469795e-09
3675.000000 1.356650e-09
3680.000000 1.259351e-09
3685.000000 1.253650e-09
3690.000000 1.296998e-09
3695.000000 1.321416e-09
3700.000000 1.311582e-09
3705.000000 1.273381e-09
3710.000000 1.212279e-09
3715.000000 1.130401e-09
3720.000000 1.024450e-09
3725.000000 8.986361e-10
3730.000000 7.820565e-10
3735.000000 7.070264e-10
3740.000000 6.884457e-10
3745.000000 7.248486e-10
3750.000000 7.901329e-10
3755.000000 8.599351e-10
3760.000000 9.382355e-10
3765.000000 1.037108e-09
3770.000000 1.159139e-09
3775.000000 1.282696e-09
3780.000000 1.335943e-09
3785.000000 1.271175e-09
3790.000000 1.153046e-09
3795.000000 1.065020e-09
3800.000000 1.025572e-09
3805.000000 1.013086e-09
3810.000000 9.703428e-10
3815.000000 8.577696e-10
3820.000000 7.153491e-10
3825.000000 6.042269e-10
3830.000000 5.600246e-10
3835.000000 5.901285e-10
3840.000000 6.554093e-10
3845.000000 7.090097e-10
3850.000000 7.298749e-10
3855.000000 7.192315e-10
3860.000000 7.091686e-10
3865.000000 7.264392e-10
3870.000000 7.553160e-10
3875.000000 7.796608e-10
3880.000000 8.238371e-10
3885.000000 9.092039e-10
3890.000000 1.008309e-09
3895.000000 1.088414e-09
3900.000000 1.136103e-09
3905.000000 1.098134e-09
3910.000000 1.135520e-09
3915.000000 1.161343e-09
3920.000000 1.114355e-09
3925.000000 9.795399e-10
3930.000000 8.233577e-10
3935.000000 7.405107e-10
3940.000000 7.814182e-10
3945.000000 9.306290e-10
3950.000000 1.088961e-09
3955.000000 1.150228e-09
3960.000000 1.098950e-09
3965.000000 1.000895e-09
3970.000000 9.776644e-10
3975.000000 1.119514e-09
3980.000000 1.384745e-09
3985.000000 1.666014e-09
3990.000000 1.878617e-09
3995.000000 1.985496e-09
4000.000000 2.017834e-09
4005.000000 2.037791e-09
4010.000000 2.083401e-09
4015.000000 2.152191e-09
4020.000000 2.202468e-09
4025.000000 2.190793e-09
4030.000000 2.114257e-09
4035.000000 2.012358e-09
4040.000000 1.954001e-09
4045.000000 1.977087e-09
4050.000000 2.030411e-09
4055.000000 2.041000e-09
4060.000000 1.993728e-09
4065.000000 1.922442e-09
4070.000000 1.892666e-09
4075.000000 1.956518e-09
4080.000000 2.095303e-09
4085.000000 2.245331e-09
4090.000000 2.338113e-09
4095.000000 2.338152e-09
4100.000000 2.284945e-09
4105.000000 2.244040e-09
4110.000000 2.243288e-09
4115.000000 2.273879e-09
4120.000000 2.297978e-09
4125.000000 2.276837e-09
4130.000000 2.209457e-09
4135.000000 2.121867e-09
4140.000000 2.044124e-09
4145.000000 2.001474e-09
4150.000000 2.006468e-09
4155.000000 2.049714e-09
4160.000000 2.096367e-09
4165.000000 2.116130e-09
4170.000000 2.105198e-09
4175.000000 2.074221e-09
4180.000000 2.042750e-09
4185.000000 2.025372e-09
4190.000000 2.020999e-09
4195.000000 2.032936e-09
4200.000000 2.076773e-09
4205.000000 2.149631e-09
4210.000000 2.202689e-09
4215.000000 2.186504e-09
4220.000000 2.112719e-09
4225.000000 2.032221e-09
4230.000000 2.001853e-09
4235.000000 2.055765e-09
4240.000000 2.159654e-09
4245.000000 2.249989e-09
4250.000000 2.297916e-09
4255.000000 2.296806e-09
4260.000000 2.252163e-09
4265.000000 2.191404e-09
4270.000000 2.147477e-09
4275.000000 2.137784e-09
4280.000000 2.159126e-09
4285.000000 2.176862e-09
4290.000000 2.124167e-09
4295.000000 1.982541e-09
4300.000000 1.852248e-09
4305.000000 1.845788e-09
4310.000000 1.974333e-09
4315.000000 2.187632e-09
4320.000000 2.415648e-09
4325.000000 2.596216e-09
4330.000000 2.714734e-09
4335.000000 2.783831e-09
4340.000000 2.809682e-09
4345.000000 2.810756e-09
4350.000000 2.836505e-09
4355.000000 2.907527e-09
4360.000000 2.968437e-09
4365.000000 2.952442e-09
4370.000000 2.837554e-09
4375.000000 2.654950e-09
4380.000000 2.499843e-09
4385.000000 2.449975e-09
4390.000000 2.484792e-09
4395.000000 2.548402e-09
4400.000000 2.609421e-09
4405.000000 2.658966e-09
4410.000000 2.713082e-09
4415.000000 2.785708e-09
4420.000000 2.854771e-09
4425.000000 2.900600e-09
4430.000000 2.944874e-09
4435.000000 3.004792e-09
4440.000000 3.053813e-09
4445.000000 3.057882e-09
4450.000000 3.013761e-09
4455.000000 2.951706e-09
4460.000000 2.931835e-09
4465.000000 2.998876e-09
4470.000000 3.130112e-09
4475.000000 3.262695e-09
4480.000000 3.337304e-09
4485.000000 3.336003e-09
4490.000000 3.317046e-09
4495.000000 3.355458e-09
4500.000000 3.462920e-09
4505.000000 3.593411e-09
4510.000000 3.669471e-09
4515.000000 3.631488e-09
4520.000000 3.495980e-09
4525.000000 3.333608e-09
4530.000000 3.222965e-09
4535.000000 3.209289e-09
4540.000000 3.273429e-09
4545.000000 3.363852e-09
4550.000000 3.441267e-09
4555.000000 3.492953e-09
4560.000000 3.530559e-09
4565.000000 3.566027e-09
4570.000000 3.586290e-09
4575.000000 3.574255e-09
4580.000000 3.542376e-09
4585.000000 3.513994e-09
4590.000000 3.500858e-09
4595.000000 3.507478e-09
4600.000000 3.533118e-09
4605.000000 3.574256e-09
4610.000000 3.626301e-09
4615.000000 3.682359e-09
4620.000000 3.729709e-09
4625.000000 3.748388e-09
4630.000000 3.717140e-09
4635.000000 3.635413e-09
4640.000000 3.542721e-09
4645.000000 3.483427e-09
4650.000000 3.465865e-09
4655.000000 3.471069e-09
4660.000000 3.470424e-09
4665.000000 3.449493e-09
4670.000000 3.429083e-09
4675.000000 3.435791e-09
4680.000000 3.463608e-09
4685.000000 3.484961e-09
4690.000000 3.473130e-09
4695.000000 3.421452e-09
4700.000000 3.361856e-09
4705.000000 3.340415e-09
4710.000000 3.384977e-09
4715.000000 3.485004e-09
4720.000000 3.578925e-09
4725.000000 3.614196e-09
4730.000000 3.606634e-09
4735.000000 3.599872e-09
4740.000000 3.617431e-09
4745.000000 3.653895e-09
4750.000000 3.672944e-09
4755.000000 3.646504e-09
4760.000000 3.601156e-09
4765.000000 3.578706e-09
4770.000000 3.583875e-09
4775.000000 3.604617e-09
4780.000000 3.634960e-09
4785.000000 3.668613e-09
4790.000000 3.701514e-09
4795.000000 3.734991e-09
4800.000000 3.769341e-09
4805.000000 3.800789e-09
4810.000000 3.820964e-09
4815.000000 3.819274e-09
4820.000000 3.790623e-09
4825.000000 3.744375e-09
4830.000000 3.706644e-09
4835.000000 3.697221e-09
4840.000000 3.707542e-09
4845.000000 3.708723e-09
4850.000000 3.664989e-09
4855.000000 3.563480e-09
4860.000000 3.441583e-09
4865.000000 3.351458e-09
4870.000000 3.322409e-09
4875.000000 3.353609e-09
4880.000000 3.409058e-09
4885.000000 3.456055e-09
4890.000000 3.501700e-09
4895.000000 3.558672e-09
4900.000000 3.606883e-09
4905.000000 3.615088e-09
4910.000000 3.570743e-09
4915.000000 3.487219e-09
4920.000000 3.411288e-09
4925.000000 3.391612e-09
4930.000000 3.437491e-09
4935.000000 3.522741e-09
4940.000000 3.598253e-09
4945.000000 3.624338e-09
4950.000000 3.604244e-09
4955.000000 3.570957e-09
4960.000000 3.565506e-09
4965.000000 3.598492e-09
4970.000000 3.616920e-09
4975.000000 3.571911e-09
4980.000000 3.491307e-09
4985.000000 3.426752e-09
4990.000000 3.391886e-09
4995.000000 3.372959e-09
5000.000000 3.341763e-09
5005.000000 3.282685e-09
5010.000000 3.227934e-09
5015.000000 3.217602e-09
5020.000000 3.248226e-09
5025.000000 3.292182e-09
5030.000000 3.321732e-09
5035.000000 3.321176e-09
5040.000000 3.303977e-09
5045.000000 3.297664e-09
5050.000000 3.316480e-09
5055.000000 3.353560e-09
5060.000000 3.382548e-09
5065.000000 3.376595e-09
5070.000000 3.332669e-09
5075.000000 3.274219e-09
5080.000000 3.241023e-09
5085.000000 3.253436e-09
5090.000000 3.280582e-09
5095.000000 3.282851e-09
5100.000000 3.263327e-09
5105.000000 3.245686e-09
5110.000000 3.239277e-09
5115.000000 3.241070e-09
5120.000000 3.238481e-09
5125.000000 3.214835e-09
5130.000000 3.169639e-09
5135.000000 3.120803e-09
5140.000000 3.092131e-09
5145.000000 3.094702e-09
5150.000000 3.103434e-09
5155.000000 3.071007e-09
5160.000000 2.961427e-09
5165.000000 2.778107e-09
5170.000000 2.585755e-09
5175.000000 2.469048e-09
5180.000000 2.477305e-09
5185.000000 2.605007e-09
5190.000000 2.786344e-09
5195.000000 2.943730e-09
5200.000000 3.036398e-09
5205.000000 3.073735e-09
5210.000000 3.112899e-09
5215.000000 3.194605e-09
5220.000000 3.288834e-09
5225.000000 3.351963e-09
5230.000000 3.395268e-09
5235.000000 3.453450e-09
5240.000000 3.533442e-09
5245.000000 3.611393e-09
5250.000000 3.632540e-09
5255.000000 3.550009e-09
5260.000000 3.385303e-09
5265.000000 3.215155e-09
5270.000000 3.140183e-09
5275.000000 3.219342e-09
5280.000000 3.395912e-09
5285.000000 3.566502e-09
5290.000000 3.672032e-09
5295.000000 3.707885e-09
5300.000000 3.721142e-09
5305.000000 3.756367e-09
5310.000000 3.787996e-09
5315.000000 3.763839e-09
5320.000000 3.678397e-09
5325.000000 3.564967e-09
5330.000000 3.478163e-09
5335.000000 3.468276e-09
5340.000000 3.532570e-09
5345.000000 3.629262e-09
5350.000000 3.721083e-09
5355.000000 3.777748e-09
5360.000000 3.771904e-09
5365.000000 3.714087e-09
5370.000000 3.665823e-09
5375.000000 3.669680e-09
5380.000000 3.701174e-09
5385.000000 3.708743e-09
5390.000000 3.657190e-09
5395.000000 3.552099e-09
5400.000000 3.450579e-09
5405.000000 3.412082e-09
5410.000000 3.453486e-09
5415.000000 3.547565e-09
5420.000000 3.626049e-09
5425.000000 3.640082e-09
5430.000000 3.618624e-09
5435.000000 3.612636e-09
5440.000000 3.633104e-09
5445.000000 3.669302e-09
5450.000000 3.711633e-09
5455.000000 3.745961e-09
5460.000000 3.754603e-09
5465.000000 3.732956e-09
5470.000000 3.696293e-09
5475.000000 3.667353e-09
5480.000000 3.665291e-09
5485.000000 3.692834e-09
5490.000000 3.729737e-09
5495.000000 3.751212e-09
5500.000000 3.740506e-09
5505.000000 3.702121e-09
5510.000000 3.676171e-09
5515.000000 3.693774e-09
5520.000000 3.734952e-09
5525.000000 3.767786e-09
5530.000000 3.782402e-09
5535.000000 3.786740e-09
5540.000000 3.804295e-09
5545.000000 3.846354e-09
5550.000000 3.885252e-09
5555.000000 3.889594e-09
5560.000000 3.857881e-09
5565.000000 3.806259e-09
5570.000000 3.758663e-09
5575.000000 3.727790e-09
5580.000000 3.696847e-09
5585.000000 3.650324e-09
5590.000000 3.600821e-09
5595.000000 3.575137e-09
5600.000000 3.601210e-09
5605.000000 3.680815e-09
5610.000000 3.765772e-09
5615.000000 3.807336e-09
5620.000000 3.802521e-09
5625.000000 3.779116e-09
5630.000000 3.777695e-09
5635.000000 3.816322e-09
5640.000000 3.859516e-09
5645.000000 3.866492e-09
5650.000000 3.844325e-09
5655.000000 3.818009e-09
5660.000000 3.788981e-09
5665.000000 3.760388e-09
5670.000000 3.767344e-09
5675.000000 3.825074e-09
5680.000000 3.884082e-09
5685.000000 3.894658e-09
5690.000000 3.861520e-09
5695.000000 3.810846e-09
5700.000000 3.759396e-09
5705.000000 3.721615e-09
5710.000000 3.719307e-09
5715.000000 3.764365e-09
5720.000000 3.840119e-09
5725.000000 3.915955e-09
5730.000000 3.961919e-09
5735.000000 3.963063e-09
5740.000000 3.933975e-09
5745.000000 3.900419e-09
5750.000000 3.878333e-09
5755.000000 3.871834e-09
5760.000000 3.875163e-09
5765.000000 3.878793e-09
5770.000000 3.876266e-09
5775.000000 3.866702e-09
5780.000000 3.853043e-09
5785.000000 3.839198e-09
5790.000000 3.829693e-09
5795.000000 3.829232e-09
5800.000000 3.842293e-09
5805.000000 3.870161e-09
5810.000000 3.907346e-09
5815.000000 3.944593e-09
5820.000000 3.974149e-09
5825.000000 3.993737e-09
5830.000000 4.005785e-09
5835.000000 4.010904e-09
5840.000000 4.004472e-09
5845.000000 3.980480e-09
5850.000000 3.941512e-09
5855.000000 3.906577e-09
5860.000000 3.886345e-09
5865.000000 3.900366e-09
5870.000000 3.853853e-09
5875.000000 3.811166e-09
5880.000000 3.694840e-09
5885.000000 3.520241e-09
5890.000000 3.313246e-09
5895.000000 3.266537e-09
5900.000000 3.401289e-09
5905.000000 3.572163e-09
5910.000000 3.674772e-09
5915.000000 3.758831e-09
5920.000000 3.824991e-09
5925.000000 3.879497e-09
5930.000000 3.884268e-09
5935.000000 3.854579e-09
5940.000000 3.864707e-09
5945.000000 3.847942e-09
5950.000000 3.857329e-09
5955.000000 3.853470e-09
5960.000000 3.845428e-09
5965.000000 3.842454e-09
5970.000000 3.853918e-09
5975.000000 3.855166e-09
5980.000000 3.839640e-09
5985.000000 3.823618e-09
5990.000000 3.826304e-09
5995.000000 3.830893e-09
6000.000000 3.825526e-09
6005.000000 3.798903e-09
6010.000000 3.782670e-09
6015.000000 3.762116e-09
6020.000000 3.752546e-09
6025.000000 3.770171e-09
6030.000000 3.816558e-09
6035.000000 3.858835e-09
6040.000000 3.870166e-09
6045.000000 3.898210e-09
6050.000000 3.891934e-09
6055.000000 3.889983e-09
6060.000000 3.873782e-09
6065.000000 3.865902e-09
6070.000000 3.868456e-09
6075.000000 3.844961e-09
6080.000000 3.813110e-09
6085.000000 3.780790e-09
6090.000000 3.760228e-09
6095.000000 3.743707e-09
6100.000000 3.729322e-09
6105.000000 3.718847e-09
6110.000000 3.737925e-09
6115.000000 3.739931e-09
6120.000000 3.709278e-09
6125.000000 3.693073e-09
6130.000000 3.691566e-09
6135.000000 3.660265e-09
6140.000000 3.652897e-09
6145.000000 3.690873e-09
6150.000000 3.673535e-09
6155.000000 3.624053e-09
6160.000000 3.553334e-09
6165.000000 3.518824e-09
6170.000000 3.556881e-09
6175.000000 3.609631e-09
6180.000000 3.664831e-09
6185.000000 3.697886e-09
6190.000000 3.715199e-09
6195.000000 3.737714e-09
6200.000000 3.744168e-09
6205.000000 3.755456e-09
6210.000000 3.731795e-09
6215.000000 3.693045e-09
6220.000000 3.677858e-09
6225.000000 3.680331e-09
6230.000000 3.654126e-09
6235.000000 3.638263e-09
6240.000000 3.629449e-09
6245.000000 3.612005e-09
6250.000000 3.598635e-09
6255.000000 3.584945e-09
6260.000000 3.602943e-09
6265.000000 3.630833e-09
6270.000000 3.654554e-09
6275.000000 3.666766e-09
6280.000000 3.649623e-09
6285.000000 3.671773e-09
6290.000000 3.683155e-09
6295.000000 3.662894e-09
6300.000000 3.640224e-09
6305.000000 3.642484e-09
6310.000000 3.659212e-09
6315.000000 3.640398e-09
6320.000000 3.645795e-09
6325.000000 3.677321e-09
6330.000000 3.684043e-09
6335.000000 3.672138e-09
6340.000000 3.679226e-09
6345.000000 3.686811e-09
6350.000000 3.704913e-09
6355.000000 3.689994e-09
6360.000000 3.668147e-09
6365.000000 3.670775e-09
6370.000000 3.708839e-09
6375.000000 3.742106e-09
6380.000000 3.744839e-09
6385.000000 3.745689e-09
6390.000000 3.723778e-09
6395.000000 3.678937e-09
6400.000000 3.642586e-09
6405.000000 3.633759e-09
6410.000000 3.623159e-09
6415.000000 3.630940e-09
6420.000000 3.655396e-09
6425.000000 3.669551e-09
6430.000000 3.676103e-09
6435.000000 3.684046e-09
6440.000000 3.676348e-09
6445.000000 3.674242e-09
6450.000000 3.662639e-09
6455.000000 3.657814e-09
6460.000000 3.644411e-09
6465.000000 3.630918e-09
6470.000000 3.646050e-09
6475.000000 3.647192e-09
6480.000000 3.638714e-09
6485.000000 3.618725e-09
6490.000000 3.585726e-09
6495.000000 3.535166e-09
6500.000000 3.584094e-09
6505.000000 3.641558e-09
6510.000000 3.682348e-09
6515.000000 3.691078e-09
6520.000000 3.697728e-09
6525.000000 3.695340e-09
6530.000000 3.687672e-09
6535.000000 3.699477e-09
6540.000000 3.710516e-09
6545.000000 3.692059e-09
6550.000000 3.644286e-09
6555.000000 3.570767e-09
6560.000000 3.461416e-09
6565.000000 3.414224e-09
6570.000000 3.499836e-09
6575.000000 3.569010e-09
6580.000000 3.631384e-09
6585.000000 3.645618e-09
6590.000000 3.640501e-09
6595.000000 3.626912e-09
6600.000000 3.636563e-09
6605.000000 3.639303e-09
6610.000000 3.649883e-09
6615.000000 3.667739e-09
6620.000000 3.666120e-09
6625.000000 3.642069e-09
6630.000000 3.602236e-09
6635.000000 3.589324e-09
6640.000000 3.605525e-09
6645.000000 3.624397e-09
6650.000000 3.648885e-09
6655.000000 3.655872e-09
6660.000000 3.635691e-09
6665.000000 3.615417e-09
6670.000000 3.613617e-09
6675.000000 3.600186e-09
6680.000000 3.614439e-09
6685.000000 3.645826e-09
6690.000000 3.647758e-09
6695.000000 3.631642e-09
6700.000000 3.621139e-09
6705.000000 3.613155e-09
6710.000000 3.600425e-09
6715.000000 3.573156e-09
6720.000000 3.573229e-09
6725.000000 3.584246e-09
6730.000000 3.600855e-09
6735.000000 3.596085e-09
6740.000000 3.591192e-09
6745.000000 3.584833e-09
6750.000000 3.575798e-09
6755.000000 3.569653e-09
6760.000000 3.563893e-09
6765.000000 3.567356e-09
6770.000000 3.565639e-09
6775.000000 3.581873e-09
6780.000000 3.586650e-09
6785.000000 3.581362e-09
6790.000000 3.582229e-09
6795.000000 3.583813e-09
6800.000000 3.563493e-09
6805.000000 3.547685e-09
6810.000000 3.553706e-09
6815.000000 3.563126e-09
6820.000000 3.565963e-09
6825.000000 3.564872e-09
6830.000000 3.564161e-09
6835.000000 3.558434e-09
6840.000000 3.547886e-09
6845.000000 3.535185e-09
6850.000000 3.521280e-09
6855.000000 3.505112e-09
6860.000000 3.484789e-09
6865.000000 3.460543e-09
6870.000000 3.437300e-09
6875.000000 3.422534e-09
6880.000000 3.420799e-09
6885.000000 3.430449e-09
6890.000000 3.443821e-09
6895.000000 3.451945e-09
6900.000000 3.449890e-09
6905.000000 3.439925e-09
6910.000000 3.429778e-09
6915.000000 3.426723e-09
6920.000000 3.431678e-09
6925.000000 3.438019e-09
6930.000000 3.438318e-09
6935.000000 3.429256e-09
6940.000000 3.415055e-09
6945.000000 3.403587e-09
6950.000000 3.399858e-09
6955.000000 3.402988e-09
6960.000000 3.405076e-09
6965.000000 3.398911e-09
6970.000000 3.383015e-09
6975.000000 3.353317e-09
6980.000000 3.334605e-09
6985.000000 3.351438e-09
6990.000000 3.360478e-09
6995.000000 3.367157e-09
7000.000000 3.355278e-09
7005.000000 3.337987e-09
7010.000000 3.335007e-09
7015.000000 3.320253e-09
7020.000000 3.313670e-09
7025.000000 3.313889e-09
7030.000000 3.333450e-09
7035.000000 3.335100e-09
7040.000000 3.356145e-09
7045.000000 3.384154e-09
7050.000000 3.394148e-09
7055.000000 3.394308e-09
7060.000000 3.388097e-09
7065.000000 3.384944e-09
7070.000000 3.393816e-09
7075.000000 3.414419e-09
7080.000000 3.420445e-09
7085.000000 3.398618e-09
7090.000000 3.383779e-09
7095.000000 3.377173e-09
7100.000000 3.378897e-09
7105.000000 3.372472e-09
7110.000000 3.370564e-09
7115.000000 3.361420e-09
7120.000000 3.350136e-09
7125.000000 3.329678e-09
7130.000000 3.307687e-09
7135.000000 3.307473e-09
7140.000000 3.312923e-09
7145.000000 3.307371e-09
7150.000000 3.309727e-09
7155.000000 3.339166e-09
7160.000000 3.345996e-09
7165.000000 3.337034e-09
7170.000000 3.333555e-09
7175.000000 3.307270e-09
7180.000000 3.267679e-09
7185.000000 3.220263e-09
7190.000000 3.203142e-09
7195.000000 3.198694e-09
7200.000000 3.188354e-09
7205.000000 3.182125e-09
7210.000000 3.213754e-09
7215.000000 3.258485e-09
7220.000000 3.282922e-09
7225.000000 3.303880e-09
7230.000000 3.299596e-09
7235.000000 3.271291e-09
7240.000000 3.242102e-09
7245.000000 3.220665e-09
7250.000000 3.209502e-09
7255.000000 3.211942e-09
7260.000000 3.227751e-09
7265.000000 3.233291e-09
7270.000000 3.245920e-09
7275.000000 3.233203e-09
7280.000000 3.216387e-09
7285.000000 3.189830e-09
7290.000000 3.161881e-09
7295.000000 3.173131e-09
7300.000000 3.175742e-09
7305.000000 3.161924e-09
7310.000000 3.157123e-09
7315.000000 3.168231e-09
7320.000000 3.181283e-09
7325.000000 3.193223e-09
7330.000000 3.202676e-09
7335.000000 3.212349e-09
7340.000000 3.213258e-09
7345.000000 3.190928e-09
7350.000000 3.160434e-09
7355.000000 3.150038e-09
7360.000000 3.161845e-09
7365.000000 3.188847e-09
7370.000000 3.206065e-09
7375.000000 3.209485e-09
7380.000000 3.193182e-09
7385.000000 3.151896e-09
7390.000000 3.136342e-09
7395.000000 3.149349e-09
7400.000000 3.153404e-09
7405.000000 3.162126e-09
7410.000000 3.155972e-09
7415.000000 3.161287e-09
7420.000000 3.172159e-09
7425.000000 3.195849e-09
7430.000000 3.208809e-09
7435.000000 3.200476e-09
7440.000000 3.177503e-09
7445.000000 3.150810e-09
7450.000000 3.161489e-09
7455.000000 3.180854e-09
7460.000000 3.182938e-09
7465.000000 3.193323e-09
7470.000000 3.202417e-09
7475.000000 3.180864e-09
7480.000000 3.159728e-09
7485.000000 3.138816e-09
7490.000000 3.128046e-09
7495.000000 3.123207e-09
7500.000000 3.153118e-09
7505.000000 3.160110e-09
7510.000000 3.151683e-09
7515.000000 3.171256e-09
7520.000000 3.171237e-09
7525.000000 3.152615e-09
7530.000000 3.141095e-09
7535.000000 3.133905e-09
7540.000000 3.123659e-09
7545.000000 3.114517e-09
7550.000000 3.118153e-09
7555.000000 3.132531e-09
7560.000000 3.140620e-09
7565.000000 3.137270e-09
7570.000000 3.126365e-09
7575.000000 3.119526e-09
7580.000000 3.127390e-09
7585.000000 3.146520e-09
7590.000000 3.161545e-09
7595.000000 3.156300e-09
7600.000000 3.126692e-09
7605.000000 3.085434e-09
7610.000000 3.055318e-09
7615.000000 3.054200e-09
7620.000000 3.081513e-09
7625.000000 3.118312e-09
7630.000000 3.140622e-09
7635.000000 3.135201e-09
7640.000000 3.107290e-09
7645.000000 3.075728e-09
7650.000000 3.059045e-09
7655.000000 3.063559e-09
7660.000000 3.081722e-09
7665.000000 3.099926e-09
7670.000000 3.108762e-09
7675.000000 3.108671e-09
7680.000000 3.107459e-09
7685.000000 3.110988e-09
7690.000000 3.116545e-09
7695.000000 3.114965e-09
7700.000000 3.100321e-09
7705.000000 3.075395e-09
7710.000000 3.052079e-09
7715.000000 3.043334e-09
7720.000000 3.053277e-09
7725.000000 3.073268e-09
7730.000000 3.091933e-09
7735.000000 3.099309e-09
7740.000000 3.079493e-09
7745.000000 3.046336e-09
7750.000000 3.037894e-09
7755.000000 3.065747e-09
7760.000000 3.082885e-09
7765.000000 3.089438e-09
7770.000000 3.082537e-09
7775.000000 3.066632e-09
7780.000000 3.050840e-09
7785.000000 3.065452e-09
7790.000000 3.073982e-09
7795.000000 3.072298e-09
7800.000000 3.061595e-09
7805.000000 3.056218e-09
7810.000000 3.036227e-09
7815.000000 3.039943e-09
7820.000000 3.049305e-09
7825.000000 3.046891e-09
7830.000000 3.025915e-09
7835.000000 2.993647e-09
7840.000000 2.993798e-09
7845.000000 2.989808e-09
7850.000000 2.990118e-09
7855.000000 2.996202e-09
7860.000000 3.003946e-09
7865.000000 3.000796e-09
7870.000000 2.998207e-09
7875.000000 2.995637e-09
7880.000000 2.978567e-09
7885.000000 2.956413e-09
7890.000000 2.934915e-09
7895.000000 2.912407e-09
7900.000000 2.906000e-09
7905.000000 2.897670e-09
7910.000000 2.894124e-09
7915.000000 2.884988e-09
7920.000000 2.875802e-09
7925.000000 2.866520e-09
7930.000000 2.852242e-09
7935.000000 2.841272e-09
7940.000000 2.843415e-09
7945.000000 2.836888e-09
7950.000000 2.846538e-09
7955.000000 2.860010e-09
7960.000000 2.885008e-09
7965.000000 2.903261e-09
7970.000000 2.929424e-09
7975.000000 2.945825e-09
7980.000000 2.941427e-09
7985.000000 2.923668e-09
7990.000000 2.905178e-09
7995.000000 2.891975e-09
8000.000000 2.889386e-09
8005.000000 2.913638e-09
8010.000000 2.916605e-09
8015.000000 2.903551e-09
8020.000000 2.885527e-09
8025.000000 2.861917e-09
8030.000000 2.848497e-09
8035.000000 2.853334e-09
8040.000000 2.854435e-09
8045.000000 2.835684e-09
8050.000000 2.829052e-09
8055.000000 2.836133e-09
8060.000000 2.849166e-09
8065.000000 2.855142e-09
8070.000000 2.847808e-09
8075.000000 2.840114e-09
8080.000000 2.835730e-09
8085.000000 2.822586e-09
8090.000000 2.813247e-09
8095.000000 2.804562e-09
8100.000000 2.802739e-09
8105.000000 2.818912e-09
8110.000000 2.836416e-09
8115.000000 2.844726e-09
8120.000000 2.860990e-09
8125.000000 2.881619e-09
8130.000000 2.891172e-09
8135.000000 2.893614e-09
8140.000000 2.891614e-09
8145.000000 2.872274e-09
8150.000000 2.855262e-09
8155.000000 2.838403e-09
8160.000000 2.820768e-09
8165.000000 2.808357e-09
8170.000000 2.812375e-09
8175.000000 2.791672e-09
8180.000000 2.753041e-09
8185.000000 2.714908e-09
8190.000000 2.713684e-09
8195.000000 2.701763e-09
8200.000000 2.734490e-09
8205.000000 2.775262e-09
8210.000000 2.776539e-09
8215.000000 2.770214e-09
8220.000000 2.744081e-09
8225.000000 2.735246e-09
8230.000000 2.734447e-09
8235.000000 2.780806e-09
8240.000000 2.817837e-09
8245.000000 2.833403e-09
8250.000000 2.843128e-09
8255.000000 2.832804e-09
8260.000000 2.832478e-09
8265.000000 2.834153e-09
8270.000000 2.823333e-09
8275.000000 2.808403e-09
8280.000000 2.808950e-09
8285.000000 2.802003e-09
8290.000000 2.787164e-09
8295.000000 2.771903e-09
8300.000000 2.763798e-09
8305.000000 2.754307e-09
8310.000000 2.745542e-09
8315.000000 2.741941e-09
8320.000000 2.717106e-09
8325.000000 2.691926e-09
8330.000000 2.673674e-09
8335.000000 2.681516e-09
8340.000000 2.686958e-09
8345.000000 2.695789e-09
8350.000000 2.705316e-09
8355.000000 2.725638e-09
8360.000000 2.728296e-09
8365.000000 2.737401e-09
8370.000000 2.739798e-09
8375.000000 2.740008e-09
8380.000000 2.726809e-09
8385.000000 2.706521e-09
8390.000000 2.708285e-09
8395.000000 2.729495e-09
8400.000000 2.741763e-09
8405.000000 2.746046e-09
8410.000000 2.752967e-09
8415.000000 2.737752e-09
8420.000000 2.704888e-09
8425.000000 2.701196e-09
8430.000000 2.681742e-09
8435.000000 2.676693e-09
8440.000000 2.711528e-09
8445.000000 2.747907e-09
8450.000000 2.773471e-09
8455.000000 2.787556e-09
8460.000000 2.787202e-09
8465.000000 2.759665e-09
8470.000000 2.744928e-09
8475.000000 2.754132e-09
8480.000000 2.767868e-09
8485.000000 2.761864e-09
8490.000000 2.724082e-09
8495.000000 2.621422e-09
8500.000000 2.538214e-09
8505.000000 2.594653e-09
8510.000000 2.647207e-09
8515.000000 2.653513e-09
8520.000000 2.655010e-09
8525.000000 2.614358e-09
8530.000000 2.518452e-09
8535.000000 2.362990e-09
8540.000000 2.189015e-09
8545.000000 2.193617e-09
8550.000000 2.385308e-09
8555.000000 2.531699e-09
8560.000000 2.608583e-09
8565.000000 2.632813e-09
8570.000000 2.628625e-09
8575.000000 2.620148e-09
8580.000000 2.616931e-09
8585.000000 2.610457e-09
8590.000000 2.609220e-09
8595.000000 2.607027e-09
8600.000000 2.606507e-09
8605.000000 2.586193e-09
8610.000000 2.562654e-09
8615.000000 2.562947e-09
8620.000000 2.568588e-09
8625.000000 2.581990e-09
8630.000000 2.604642e-09
8635.000000 2.632778e-09
8640.000000 2.637080e-09
8645.000000 2.604248e-09
8650.000000 2.516990e-09
8655.000000 2.404070e-09
8660.000000 2.273791e-09
8665.000000 2.265439e-09
8670.000000 2.399613e-09
8675.000000 2.493393e-09
8680.000000 2.558502e-09
8685.000000 2.566439e-09
8690.000000 2.536642e-09
8695.000000 2.557652e-09
8700.000000 2.567577e-09
8705.000000 2.598866e-09
8710.000000 2.611565e-09
8715.000000 2.619206e-09
8720.000000 2.624112e-09
8725.000000 2.601055e-09
8730.000000 2.590477e-09
8735.000000 2.574842e-09
8740.000000 2.575466e-09
8745.000000 2.594841e-09
8750.000000 2.584329e-09
8755.000000 2.555754e-09
8760.000000 2.534670e-09
8765.000000 2.507645e-09
8770.000000 2.503024e-09
8775.000000 2.509607e-09
8780.000000 2.534102e-09
8785.000000 2.546128e-09
8790.000000 2.524044e-09
8795.000000 2.497231e-09
8800.000000 2.487533e-09
8805.000000 2.445848e-09
8810.000000 2.461680e-09
8815.000000 2.516767e-09
8820.000000 2.545003e-09
8825.000000 2.540788e-09
8830.000000 2.563172e-09
8835.000000 2.560881e-09
8840.000000 2.556857e-09
8845.000000 2.580157e-09
8850.000000 2.579417e-09
8855.000000 2.567319e-09
8860.000000 2.530362e-09
8865.000000 2.485582e-09
8870.000000 2.472982e-09
8875.000000 2.484332e-09
8880.000000 2.475957e-09
8885.000000 2.478750e-09
8890.000000 2.487180e-09
8895.000000 2.504466e-09
8900.000000 2.512527e-09
8905.000000 2.514771e-09
8910.000000 2.513983e-09
8915.000000 2.522277e-09
8920.000000 2.510906e-09
8925.000000 2.503952e-09
8930.000000 2.491062e-09
8935.000000 2.478876e-09
8940.000000 2.468027e-09
8945.000000 2.461898e-09
8950.000000 2.473622e-09
8955.000000 2.501503e-09
8960.000000 2.527217e-09
8965.000000 2.515847e-09
8970.000000 2.501770e-09
8975.000000 2.491335e-09
8980.000000 2.470185e-09
8985.000000 2.438988e-09
8990.000000 2.412892e-09
8995.000000 2.427001e-09
9000.000000 2.419295e-09
9005.000000 2.410250e-09
9010.000000 2.402958e-09
9015.000000 2.408314e-09
9020.000000 2.430049e-09
9025.000000 2.451326e-09
9030.000000 2.484167e-09
9035.000000 2.514590e-09
9040.000000 2.527867e-09
9045.000000 2.534163e-09
9050.000000 2.527170e-09
9055.000000 2.505777e-09
9060.000000 2.493479e-09
9065.000000 2.463272e-09
9070.000000 2.423895e-09
9075.000000 2.385314e-09
9080.000000 2.356102e-09
9085.000000 2.336384e-09
9090.000000 2.330794e-09
9095.000000 2.339785e-09
9100.000000 2.348799e-09
9105.000000 2.350458e-09
9110.000000 2.350452e-09
9115.000000 2.332841e-09
9120.000000 2.324123e-09
9125.000000 2.330236e-09
9130.000000 2.321313e-09
9135.000000 2.307284e-09
9140.000000 2.310799e-09
9145.000000 2.304002e-09
9150.000000 2.287504e-09
9155.000000 2.281399e-09
9160.000000 2.300760e-09
9165.000000 2.309725e-09
9170.000000 2.300288e-09
9175.000000 2.290667e-09
9180.000000 2.310496e-09
9185.000000 2.329648e-09
9190.000000 2.329808e-09
9195.000000 2.327852e-09
9200.000000 2.326304e-09
9205.000000 2.317528e-09
9210.000000 2.289682e-09
9215.000000 2.280981e-09
9220.000000 2.292431e-09
9225.000000 2.295687e-09
9230.000000 2.285978e-09
9235.000000 2.269708e-09
9240.000000 2.245188e-09
9245.000000 2.223564e-09
9250.000000 2.204303e-09
9255.000000 2.199524e-09
9260.000000 2.218795e-09
9265.000000 2.264289e-09
9270.000000 2.312027e-09
9275.000000 2.336521e-09
9280.000000 2.329562e-09
9285.000000 2.352510e-09
9290.000000 2.346928e-09
9295.000000 2.345136e-09
9300.000000 2.339628e-09
9305.000000 2.316434e-09
9310.000000 2.288104e-09
9315.000000 2.240414e-09
9320.000000 2.220133e-09
9325.000000 2.206904e-09
9330.000000 2.204637e-09
9335.000000 2.186627e-09
9340.000000 2.167884e-09
9345.000000 2.155885e-09
9350.000000 2.190280e-09
9355.000000 2.163903e-09
9360.000000 2.181458e-09
9365.000000 2.204111e-09
9370.000000 2.214047e-09
9375.000000 2.255371e-09
9380.000000 2.303577e-09
9385.000000 2.380953e-09
9390.000000 2.468876e-09
9395.000000 2.512651e-09
9400.000000 2.467998e-09
9405.000000 2.424691e-09
9410.000000 2.352382e-09
9415.000000 2.267558e-09
9420.000000 2.222218e-09
9425.000000 2.183325e-09
9430.000000 2.120413e-09
9435.000000 2.124230e-09
9440.000000 2.073844e-09
9445.000000 2.111185e-09
9450.000000 2.159418e-09
9455.000000 2.149444e-09
9460.000000 2.164465e-09
9465.000000 2.222149e-09
9470.000000 2.243701e-09
9475.000000 2.240562e-09
9480.000000 2.233185e-09
9485.000000 2.242832e-09
9490.000000 2.235228e-09
9495.000000 2.190574e-09
9500.000000 2.169241e-09
9505.000000 2.243287e-09
9510.000000 2.328241e-09
9515.000000 2.333969e-09
9520.000000 2.324111e-09
9525.000000 2.331805e-09
9530.000000 2.368782e-09
9535.000000 2.347955e-09
9540.000000 2.286372e-09
9545.000000 2.235727e-09
9550.000000 2.226073e-09
9555.000000 2.160992e-09
9560.000000 2.228663e-09
9565.000000 2.207741e-09
9570.000000 2.216452e-09
9575.000000 2.207884e-09
9580.000000 2.185979e-09
9585.000000 2.152659e-09
9590.000000 2.148289e-09
9595.000000 2.144484e-09
9600.000000 2.172746e-09
9605.000000 2.172272e-09
9610.000000 2.171526e-09
9615.000000 2.185579e-09
9620.000000 2.175808e-09
9625.000000 2.185846e-09
9630.000000 2.179899e-09
9635.000000 2.166012e-09
9640.000000 2.150458e-09
9645.000000 2.163211e-09
9650.000000 2.170156e-09
9655.000000 2.136919e-09
9660.000000 2.122069e-09
9665.000000 2.114048e-09
9670.000000 2.152689e-09
9675.000000 2.141876e-09
9680.000000 2.116469e-09
9685.000000 2.138637e-09
9690.000000 2.140671e-09
9695.000000 2.138594e-09
9700.000000 2.104716e-09
9705.000000 2.128622e-09
9710.000000 2.144781e-09
9715.000000 2.161750e-09
9720.000000 2.160405e-09
9725.000000 2.119198e-09
9730.000000 2.105736e-09
9735.000000 2.094434e-09
9740.000000 2.081038e-09
9745.000000 2.047211e-09
9750.000000 2.048144e-09
9755.000000 2.075036e-09
9760.000000 2.092263e-09
9765.000000 2.084334e-09
9770.000000 2.079362e-09
9775.000000 2.094284e-09
9780.000000 2.097752e-09
9785.000000 2.097295e-09
9790.000000 2.099334e-09
9795.000000 2.121390e-09
9800.000000 2.135752e-09
9805.000000 2.143795e-09
9810.000000 2.123371e-09
9815.000000 2.088459e-09
9820.000000 2.063216e-09
9825.000000 2.093365e-09
9830.000000 2.067110e-09
9835.000000 2.048321e-09
9840.000000 2.034124e-09
9845.000000 2.023616e-09
9850.000000 2.026933e-09
9855.000000 2.001068e-09
9860.000000 1.993773e-09
9865.000000 2.029525e-09
9870.000000 2.044773e-09
9875.000000 2.046602e-09
9880.000000 2.011737e-09
9885.000000 2.051913e-09
9890.000000 2.099675e-09
9895.000000 2.062917e-09
9900.000000 2.039134e-09
9905.000000 2.075957e-09
9910.000000 2.121527e-09
9915.000000 2.109814e-09
9920.000000 2.136629e-09
9925.000000 2.109906e-09
9930.000000 2.132042e-09
9935.000000 2.080627e-09
9940.000000 2.057655e-09
9945.000000 2.052029e-09
9950.000000 2.050159e-09
9955.000000 2.048386e-09
9960.000000 2.062105e-09
9965.000000 2.076816e-09
9970.000000 2.047616e-09
9975.000000 2.126305e-09
9980.000000 2.092045e-09
9985.000000 2.063302e-09
9990.000000 2.025487e-09
9995.000000 2.054748e-09
10000.000000 2.153535e-09
10005.000000 2.057521e-09
10010.000000 2.070448e-09
10015.000000 2.095991e-09
10020.000000 2.050364e-09
10025.000000 2.019552e-09
10030.000000 2.018050e-09
10035.000000 2.074323e-09
10040.000000 1.969946e-09
10045.000000 2.063387e-09
10050.000000 2.025039e-09
10055.000000 2.095587e-09
10060.000000 1.963309e-09
10065.000000 1.940896e-09
10070.000000 2.037978e-09
10075.000000 1.910829e-09
10080.000000 1.923604e-09
10085.000000 1.981796e-09
10090.000000 2.042001e-09
10095.000000 2.033463e-09
10100.000000 1.984389e-09
10105.000000 2.002317e-09
10110.000000 2.121279e-09
10115.000000 2.117922e-09
10120.000000 2.043829e-09
10125.000000 1.888988e-09
10130.000000 1.850171e-09
10135.000000 1.971959e-09
10140.000000 1.893429e-09
10145.000000 1.960643e-09
10150.000000 1.955084e-09
10155.000000 1.965018e-09
10160.000000 2.052163e-09
10165.000000 1.987421e-09
10170.000000 1.830641e-09
10175.000000 1.823140e-09
10180.000000 1.903732e-09
10185.000000 1.912712e-09
10190.000000 1.905554e-09
10195.000000 1.896159e-09
10200.000000 1.884762e-09
10205.000000 1.871958e-09
10210.000000 1.859195e-09
10215.000000 1.848276e-09
10220.000000 1.840959e-09
10225.000000 1.838557e-09
10230.000000 1.841156e-09
10235.000000 1.848349e-09
10240.000000 1.859640e-09
10245.000000 1.873912e-09
10250.000000 1.888454e-09
10255.000000 1.899947e-09
10260.000000 1.905206e-09
10265.000000 1.902920e-09
10270.000000 1.896712e-09
10275.000000 1.892082e-09
10280.000000 1.894490e-09
10285.000000 1.906788e-09
10290.000000 1.925165e-09
10295.000000 1.943259e-09
10300.000000 1.954637e-09
10305.000000 1.955054e-09
10310.000000 1.945940e-09
10315.000000 1.930898e-09
10320.000000 1.913727e-09
10325.000000 1.898130e-09
10330.000000 1.887535e-09
10335.000000 1.885255e-09
10340.000000 1.894346e-09
10345.000000 1.915087e-09
10350.000000 1.940662e-09
10355.000000 1.961511e-09
10360.000000 1.968252e-09
10365.000000 1.955969e-09
10370.000000 1.931393e-09
10375.000000 1.905728e-09
10380.000000 1.890200e-09
10385.000000 1.891724e-09
10390.000000 1.906025e-09
10395.000000 1.924533e-09
10400.000000 1.938523e-09
10405.000000 1.942117e-09
10410.000000 1.936844e-09
10415.000000 1.927071e-09
10420.000000 1.917354e-09
10425.000000 1.911342e-09
10430.000000 1.910289e-09
10435.000000 1.914542e-09
10440.000000 1.924242e-09
10445.000000 1.938451e-09
10450.000000 1.953416e-09
10455.000000 1.964311e-09
10460.000000 1.966430e-09
10465.000000 1.957446e-09
10470.000000 1.941192e-09
10475.000000 1.923878e-09
10480.000000 1.911703e-09
10485.000000 1.908574e-09
10490.000000 1.912366e-09
10495.000000 1.918653e-09
10500.000000 1.922911e-09
10505.000000 1.922151e-09
10510.000000 1.917307e-09
10515.000000 1.910831e-09
10520.000000 1.905238e-09
10525.000000 1.902113e-09
10530.000000 1.900650e-09
10535.000000 1.899128e-09
10540.000000 1.895806e-09
10545.000000 1.889808e-09
10550.000000 1.882508e-09
10555.000000 1.876138e-09
10560.000000 1.872892e-09
10565.000000 1.873775e-09
10570.000000 1.876705e-09
10575.000000 1.878433e-09
10580.000000 1.875717e-09
10585.000000 1.867040e-09
10590.000000 1.855234e-09
10595.000000 1.844826e-09
10600.000000 1.840358e-09
10605.000000 1.844820e-09
10610.000000 1.857210e-09
10615.000000 1.874996e-09
10620.000000 1.418888e-09
