12865.0 1.0
12870.0 1.0
12875.0 1.0
12880.0 1.0
12885.0 1.0
12890.0 1.0
12895.0 1.0
12900.0 1.0
12905.0 1.0
12910.0 1.0
12915.0 1.0
12920.0 1.0
12925.0 1.0
12930.0 1.0
12935.0 1.0
12940.0 1.0
12945.0 1.0
12950.0 1.0
12955.0 1.0
12960.0 1.0
12965.0 1.0
12970.0 1.0
12975.0 1.0
12980.0 1.0
12985.0 1.0
12990.0 1.0
12995.0 1.0
13000.0 1.0
13005.0 1.0
13010.0 1.0
13015.0 1.0
13020.0 1.0
13025.0 1.0
13030.0 1.0
13035.0 1.0
13040.0 1.0
13045.0 1.0
13050.0 1.0
13055.0 1.0
13060.0 1.0
13065.0 1.0
13070.0 1.0
13075.0 1.0
13080.0 1.0
13085.0 1.0
13090.0 1.0
13095.0 1.0
13100.0 1.0
13105.0 1.0
13110.0 1.0
13115.0 1.0
13120.0 1.0
13125.0 1.0
13130.0 1.0
13135.0 1.0
13140.0 1.0
13145.0 1.0
13150.0 1.0
13155.0 1.0
13160.0 1.0
13165.0 1.0
13170.0 1.0
13175.0 1.0
13180.0 1.0
13185.0 1.0
13190.0 1.0
13195.0 1.0
13200.0 1.0
13205.0 1.0
13210.0 1.0
13215.0 1.0
13220.0 1.0
13225.0 1.0
13230.0 1.0
13235.0 1.0
13240.0 1.0
13245.0 1.0
13250.0 1.0
13255.0 1.0
13260.0 1.0
13265.0 1.0
13270.0 1.0
13275.0 1.0
13280.0 1.0
13285.0 1.0
13290.0 1.0
13295.0 1.0
13300.0 1.0
13305.0 1.0
13310.0 1.0
13315.0 1.0
13320.0 1.0
13325.0 1.0
13330.0 1.0
13335.0 1.0
13340.0 1.0
13345.0 1.0
13350.0 1.0
13355.0 1.0
13360.0 1.0
13365.0 1.0
13370.0 1.0
13375.0 1.0
13380.0 1.0
13385.0 1.0
13390.0 1.0
13395.0 1.0
13400.0 1.0
13405.0 1.0
13410.0 1.0
13415.0 1.0
13420.0 1.0
13425.0 1.0
13430.0 1.0
13435.0 1.0
13440.0 1.0
13445.0 1.0
13450.0 1.0
13455.0 1.0
13460.0 1.0
13465.0 1.0
13470.0 1.0
13475.0 1.0
13480.0 1.0
13485.0 1.0
13490.0 1.0
13495.0 1.0
13500.0 1.0
13505.0 1.0
13510.0 1.0
13515.0 1.0
13520.0 1.0
13525.0 1.0
13530.0 1.0
13535.0 1.0
13540.0 1.0
13545.0 1.0
13550.0 1.0
13555.0 1.0
13560.0 1.0
13565.0 1.0
13570.0 1.0
13575.0 1.0
13580.0 1.0
13585.0 1.0
13590.0 1.0
13595.0 1.0
13600.0 1.0
13605.0 1.0
13610.0 1.0
13615.0 1.0
13620.0 1.0
13625.0 1.0
13630.0 1.0
13635.0 1.0
13640.0 1.0
13645.0 1.0
13650.0 1.0
13655.0 1.0
13660.0 1.0
13665.0 1.0
13670.0 1.0
13675.0 1.0
13680.0 1.0
13685.0 1.0
13690.0 1.0
13695.0 1.0
13700.0 1.0
13705.0 1.0
13710.0 1.0
13715.0 1.0
13720.0 1.0
13725.0 1.0
13730.0 1.0
13735.0 1.0
13740.0 1.0
13745.0 1.0
13750.0 1.0
13755.0 1.0
13760.0 1.0
13765.0 1.0
13770.0 1.0
13775.0 1.0
13780.0 1.0
13785.0 1.0
13790.0 1.0
13795.0 1.0
13800.0 1.0
13805.0 1.0
13810.0 1.0
13815.0 1.0
13820.0 1.0
13825.0 1.0
13830.0 1.0
13835.0 1.0
13840.0 1.0
13845.0 1.0
13850.0 1.0
13855.0 1.0
13860.0 1.0
13865.0 1.0
13870.0 1.0
13875.0 1.0
13880.0 1.0
13885.0 1.0
13890.0 1.0
13895.0 1.0
13900.0 1.0
13905.0 1.0
13910.0 1.0
13915.0 1.0
13920.0 1.0
13925.0 1.0
13930.0 1.0
13935.0 1.0
13940.0 1.0
13945.0 1.0
13950.0 1.0
13955.0 1.0
13960.0 1.0
13965.0 1.0
13970.0 1.0
13975.0 1.0
13980.0 1.0
13985.0 1.0
13990.0 1.0
13995.0 1.0
14000.0 1.0
14005.0 1.0
14010.0 1.0
14015.0 1.0
14020.0 1.0
14025.0 1.0
14030.0 1.0
14035.0 1.0
14040.0 1.0
14045.0 1.0
14050.0 1.0
14055.0 1.0
14060.0 1.0
14065.0 1.0
14070.0 1.0
14075.0 1.0
14080.0 1.0
14085.0 1.0
14090.0 1.0
14095.0 1.0
14100.0 1.0
14105.0 1.0
14110.0 1.0
14115.0 1.0
14120.0 1.0
14125.0 1.0
14130.0 1.0
14135.0 1.0
14140.0 1.0
14145.0 1.0
14150.0 1.0
14155.0 1.0
14160.0 1.0
14165.0 1.0
14170.0 1.0
14175.0 1.0
14180.0 1.0
14185.0 1.0
14190.0 1.0
14195.0 1.0
14200.0 1.0
14205.0 1.0
14210.0 1.0
14215.0 1.0
14220.0 1.0
14225.0 1.0
14230.0 1.0
14235.0 1.0
14240.0 1.0
14245.0 1.0
14250.0 1.0
14255.0 1.0
14260.0 1.0
14265.0 1.0
14270.0 1.0
14275.0 1.0
14280.0 1.0
14285.0 1.0
14290.0 1.0
14295.0 1.0
14300.0 1.0
14305.0 1.0
14310.0 1.0
14315.0 1.0
14320.0 1.0
14325.0 1.0
14330.0 1.0
14335.0 1.0
14340.0 1.0
14345.0 1.0
14350.0 1.0
14355.0 1.0
14360.0 1.0
14365.0 1.0
14370.0 1.0
14375.0 1.0
14380.0 1.0
14385.0 1.0
14390.0 1.0
14395.0 1.0
14400.0 1.0
14405.0 1.0
14410.0 1.0
14415.0 1.0
14420.0 1.0
