3050.  1.045693E-13
3052.9  9.091866E-14
3055.8  1.019018E-13
3058.7  7.035005E-14
3061.6  1.127984E-13
3064.5  6.401483E-14
3067.4  3.241600E-14
3070.3  5.242142E-14
3073.2  5.027814E-14
3076.1  9.630591E-14
3079.  4.766837E-14
3081.9  8.758479E-14
3084.8  7.202146E-14
3087.7  2.550515E-14
3090.6  4.784118E-14
3093.5  2.067316E-14
3096.4  2.773436E-14
3099.3  4.382409E-14
3102.2  5.471725E-14
3105.1  2.307644E-14
3108.  5.171983E-14
3110.9  7.945286E-14
3113.8  6.140960E-14
3116.7  4.366323E-14
3119.6  6.039289E-14
3122.5  7.176529E-14
3125.4  5.103149E-14
3128.3  4.797963E-14
3131.2  4.865125E-14
3134.1  5.688612E-14
3137.  4.561088E-14
3139.9  4.711059E-14
3142.8  4.390849E-14
3145.7  5.400537E-14
3148.6  5.199336E-14
3151.5  5.905371E-14
3154.4  5.116530E-14
3157.3  5.369491E-14
3160.2  6.001994E-14
3163.1  4.413661E-14
3166.  5.816996E-14
3168.9  6.135041E-14
3171.8  6.074800E-14
3174.7  7.329633E-14
3177.6  6.577907E-14
3180.5  6.057845E-14
3183.4  5.827107E-14
3186.3  4.849447E-14
3189.2  4.769688E-14
3192.1  5.423873E-14
3195.  6.230995E-14
3197.9  6.477392E-14
3200.8  6.312535E-14
3203.7  6.381187E-14
3206.6  6.647475E-14
3209.5  6.456189E-14
3212.4  4.874370E-14
3215.3  4.982737E-14
3218.2  5.601095E-14
3221.1  4.430437E-14
3224.  4.606249E-14
3226.9  3.986310E-14
3229.8  5.283274E-14
3232.7  5.075457E-14
3235.6  4.327762E-14
3238.5  4.421881E-14
3241.4  5.300958E-14
3244.3  5.428449E-14
3247.2  6.353713E-14
3250.1  5.631235E-14
3253.  8.466766E-14
3255.9  9.655915E-14
3258.8  7.638774E-14
3261.7  7.643509E-14
3264.6  7.908549E-14
3267.5  7.761200E-14
3270.4  7.636745E-14
3273.3  7.989915E-14
3276.2  9.177709E-14
3279.1  8.794561E-14
3282.  7.884757E-14
3284.9  9.336839E-14
3287.8  8.512685E-14
3290.7  1.096605E-13
3293.6  1.073083E-13
3296.5  1.005802E-13
3299.4  1.043295E-13
3302.3  1.052483E-13
3305.2  9.329500E-14
3308.1  9.785939E-14
3311.  1.039687E-13
3313.9  8.919689E-14
3316.8  9.315371E-14
3319.7  1.003345E-13
3322.6  9.288014E-14
3325.5  9.428727E-14
3328.4  9.079713E-14
3331.3  9.687313E-14
3334.2  9.476010E-14
3337.1  9.713049E-14
3340.  1.040132E-13
3342.9  1.023838E-13
3345.8  1.007363E-13
3348.7  1.043665E-13
3351.6  9.373993E-14
3354.5  9.665031E-14
3357.4  8.540956E-14
3360.3  8.638313E-14
3363.2  8.447820E-14
3366.1  8.223601E-14
3369.  7.924449E-14
3371.9  9.276233E-14
3374.8  9.712088E-14
3377.7  1.021172E-13
3380.6  1.023402E-13
3383.5  1.016410E-13
3386.4  1.031086E-13
3389.3  1.109042E-13
3392.2  1.090505E-13
3395.1  1.241807E-13
3398.  1.312934E-13
3400.9  1.246989E-13
3403.8  1.168860E-13
3406.7  1.072623E-13
3409.6  1.078762E-13
3412.5  1.162916E-13
3415.4  1.254514E-13
3418.3  1.311090E-13
3421.2  1.338147E-13
3424.1  1.334733E-13
3427.  1.280389E-13
3429.9  1.214795E-13
3432.8  1.102074E-13
3435.7  1.006739E-13
3438.6  9.552382E-14
3441.5  9.602421E-14
3444.4  1.071410E-13
3447.3  1.188172E-13
3450.2  1.212709E-13
3453.1  1.197836E-13
3456.  1.116683E-13
3458.9  1.095197E-13
3461.8  1.139906E-13
3464.7  1.190556E-13
3467.6  1.154920E-13
3470.5  1.158324E-13
3473.4  1.127459E-13
3476.3  1.226570E-13
3479.2  1.311624E-13
3482.1  1.356897E-13
3485.  1.399471E-13
3487.9  1.313415E-13
3490.8  1.166125E-13
3493.7  1.176967E-13
3496.6  1.287465E-13
3499.5  1.484252E-13
3502.4  1.494086E-13
3505.3  1.413296E-13
3508.2  1.402776E-13
3511.1  1.306128E-13
3514.  1.215729E-13
3516.9  1.250128E-13
3519.8  1.240922E-13
3522.7  1.158242E-13
3525.6  1.285267E-13
3528.5  1.482223E-13
3531.4  1.575932E-13
3534.3  1.717900E-13
3537.2  1.769500E-13
3540.1  1.748261E-13
3543.  1.682249E-13
3545.9  1.581382E-13
3548.8  1.511723E-13
3551.7  1.546225E-13
3554.6  1.458007E-13
3557.5  1.436191E-13
3560.4  1.341611E-13
3563.3  1.143034E-13
3566.2  1.007150E-13
3569.1  1.000524E-13
3572.  9.971665E-14
3574.9  9.628841E-14
3577.8  8.544393E-14
3580.7  8.296931E-14
3583.6  9.228690E-14
3586.5  1.068465E-13
3589.4  1.160618E-13
3592.3  1.343304E-13
3595.2  1.493816E-13
3598.1  1.526708E-13
3601.  1.411689E-13
3603.9  1.229045E-13
3606.8  1.258153E-13
3609.7  1.352274E-13
3612.6  1.473140E-13
3615.5  1.553509E-13
3618.4  1.636903E-13
3621.3  1.774364E-13
3624.2  1.890470E-13
3627.1  1.876924E-13
3630.  1.756629E-13
3632.9  1.751469E-13
3635.8  1.920589E-13
3638.7  2.013698E-13
3641.6  1.919911E-13
3644.5  1.804937E-13
3647.4  1.796852E-13
3650.3  1.940476E-13
3653.2  2.234642E-13
3656.1  2.458546E-13
3659.  2.597660E-13
3661.9  2.587606E-13
3664.8  2.481478E-13
3667.7  2.435753E-13
3670.6  2.338240E-13
3673.5  2.241679E-13
3676.4  2.148538E-13
3679.3  2.018308E-13
3682.2  1.967874E-13
3685.1  1.955704E-13
3688.  1.943536E-13
3690.9  1.931367E-13
3693.8  1.919197E-13
3696.7  1.907029E-13
3699.6  1.894859E-13
3702.5  1.882690E-13
3705.4  1.870522E-13
3708.3  1.905910E-13
3711.2  2.039311E-13
3714.1  1.939739E-13
3717.  1.684313E-13
3719.9  1.483965E-13
3722.8  1.459867E-13
3725.7  1.467082E-13
3728.6  1.365445E-13
3731.5  1.255940E-13
3734.4  1.161379E-13
3737.3  1.166573E-13
3740.2  1.239710E-13
3743.1  1.223880E-13
3746.  1.204027E-13
3748.9  1.306873E-13
3751.8  1.488189E-13
3754.7  1.565143E-13
3757.6  1.538225E-13
3760.5  1.550638E-13
3763.4  1.622299E-13
3766.3  1.810152E-13
3769.2  2.070458E-13
3772.1  2.235045E-13
3775.  2.287374E-13
3777.9  2.267371E-13
3780.8  2.297575E-13
3783.7  2.189963E-13
3786.6  1.934669E-13
3789.5  1.747288E-13
3792.4  1.653713E-13
3795.3  1.587223E-13
3798.2  1.672651E-13
3801.1  1.825263E-13
3804.  1.971750E-13
3806.9  1.920770E-13
3809.8  1.882061E-13
3812.7  1.697095E-13
3815.6  1.461874E-13
3818.5  1.296277E-13
3821.4  1.186785E-13
3824.3  1.198460E-13
3827.2  1.237888E-13
3830.1  1.265260E-13
3833.  1.315468E-13
3835.9  1.355357E-13
3838.8  1.401134E-13
3841.7  1.492544E-13
3844.6  1.691007E-13
3847.5  1.705635E-13
3850.4  1.710928E-13
3853.3  1.644336E-13
3856.2  1.601486E-13
3859.1  1.553488E-13
3862.  1.605513E-13
3864.9  1.732900E-13
3867.8  1.762214E-13
3870.7  1.751302E-13
3873.6  1.688101E-13
3876.5  1.689536E-13
3879.4  1.733182E-13
3882.3  1.800239E-13
3885.2  1.874417E-13
3888.1  1.953462E-13
3891.  2.086366E-13
3893.9  2.205624E-13
3896.8  2.235064E-13
3899.7  2.233725E-13
3902.6  2.320852E-13
3905.5  2.427714E-13
3908.4  2.549967E-13
3911.3  2.609552E-13
3914.2  2.465539E-13
3917.1  2.231331E-13
3920.  1.998249E-13
3922.9  1.776103E-13
3925.8  1.520135E-13
3928.7  1.236173E-13
3931.6  1.034177E-13
3934.5  1.055916E-13
3937.4  1.254165E-13
3940.3  1.541953E-13
3943.2  1.850531E-13
3946.1  2.191584E-13
3949.  2.474763E-13
3951.9  2.623623E-13
3954.8  2.558110E-13
3957.7  2.251375E-13
3960.6  1.848487E-13
3963.5  1.507647E-13
3966.4  1.341882E-13
3969.3  1.446238E-13
3972.2  1.848194E-13
3975.1  2.411971E-13
3978.  2.939331E-13
3980.9  3.347004E-13
3983.8  3.719832E-13
3986.7  4.010630E-13
3989.6  4.177610E-13
3992.5  4.230129E-13
3995.4  4.347734E-13
3998.3  4.567232E-13
4001.2  4.745050E-13
4004.1  4.807547E-13
4007.  4.897520E-13
4009.9  5.117559E-13
4012.8  5.368568E-13
4015.7  5.561463E-13
4018.6  5.530886E-13
4021.5  5.334120E-13
4024.4  5.142557E-13
4027.3  4.936573E-13
4030.2  4.649253E-13
4033.1  4.602289E-13
4036.  4.988227E-13
4038.9  5.160061E-13
4041.8  4.900006E-13
4044.7  4.574208E-13
4047.6  4.767666E-13
4050.5  5.201754E-13
4053.4  5.186328E-13
4056.3  4.935624E-13
4059.2  4.751490E-13
4062.1  4.596896E-13
4065.  4.584784E-13
4067.9  4.739390E-13
4070.8  4.707973E-13
4073.7  4.670082E-13
4076.6  4.697363E-13
4079.5  5.128125E-13
4082.4  5.680846E-13
4085.3  6.049230E-13
4088.2  6.347786E-13
4091.1  6.311406E-13
4094.  5.774064E-13
4096.9  5.174504E-13
4099.8  4.962007E-13
4102.7  5.091577E-13
4105.6  5.398604E-13
4108.5  5.496110E-13
4111.4  5.359216E-13
4114.3  5.333382E-13
4117.2  5.306952E-13
4120.1  5.309424E-13
4123.  5.416885E-13
4125.9  5.482191E-13
4128.8  5.270795E-13
4131.7  5.042753E-13
4134.6  5.091703E-13
4137.5  5.123029E-13
4140.4  4.886831E-13
4143.3  4.713406E-13
4146.2  4.872098E-13
4149.1  5.060015E-13
4152.  5.137424E-13
4154.9  5.416506E-13
4157.8  5.769807E-13
4160.7  5.983609E-13
4163.6  5.807693E-13
4166.5  5.467229E-13
4169.4  5.225045E-13
4172.3  5.122806E-13
4175.2  5.247545E-13
4178.1  5.560680E-13
4181.  5.913455E-13
4183.9  6.164114E-13
4186.8  6.220440E-13
4189.7  6.137877E-13
4192.6  5.952490E-13
4195.5  5.631296E-13
4198.4  5.345821E-13
4201.3  5.481674E-13
4204.2  5.968782E-13
4207.1  6.520422E-13
4210.  6.631006E-13
4212.9  6.448222E-13
4215.8  6.493078E-13
4218.7  6.521564E-13
4221.6  5.794603E-13
4224.5  4.680531E-13
4227.4  4.503847E-13
4230.3  5.428446E-13
4233.2  6.231340E-13
4236.1  6.664928E-13
4239.  6.973843E-13
4241.9  7.229801E-13
4244.8  7.371008E-13
4247.7  6.993766E-13
4250.6  6.372669E-13
4253.5  6.241633E-13
4256.4  6.578746E-13
4259.3  7.049038E-13
4262.2  7.680545E-13
4265.1  7.956779E-13
4268.  7.303136E-13
4270.9  6.262827E-13
4273.8  6.144079E-13
4276.7  6.952504E-13
4279.6  7.523567E-13
4282.5  7.430700E-13
4285.4  7.045482E-13
4288.3  6.596920E-13
4291.2  6.543851E-13
4294.1  6.863803E-13
4297.  6.780931E-13
4299.9  6.271092E-13
4302.8  5.969511E-13
4305.7  5.861121E-13
4308.6  6.374352E-13
4311.5  7.688596E-13
4314.4  9.164986E-13
4317.3  1.009872E-12
4320.2  9.758956E-13
4323.1  8.888367E-13
4326.  8.892213E-13
4328.9  1.002366E-12
4331.8  1.084881E-12
4334.7  1.071003E-12
4337.6  9.823164E-13
4340.5  9.453596E-13
4343.4  1.000357E-12
4346.3  1.070089E-12
4349.2  1.076337E-12
4352.1  1.059479E-12
4355.  1.092870E-12
4357.9  1.135791E-12
4360.8  1.158527E-12
4363.7  1.182335E-12
4366.6  1.157351E-12
4369.5  1.092203E-12
4372.4  1.039733E-12
4375.3  9.993807E-13
4378.2  9.704596E-13
4381.1  8.787555E-13
4384.  8.153856E-13
4386.9  8.747242E-13
4389.8  9.658361E-13
4392.7  1.028105E-12
4395.6  1.077704E-12
4398.5  1.081845E-12
4401.4  1.011214E-12
4404.3  9.331980E-13
4407.2  9.423353E-13
4410.1  1.030636E-12
4413.  1.083853E-12
4415.9  1.105489E-12
4418.8  1.142037E-12
4421.7  1.157021E-12
4424.6  1.157624E-12
4427.5  1.158743E-12
4430.4  1.152476E-12
4433.3  1.147860E-12
4436.2  1.174762E-12
4439.1  1.220034E-12
4442.  1.252108E-12
4444.9  1.289904E-12
4447.8  1.314038E-12
4450.7  1.267199E-12
4453.6  1.177618E-12
4456.5  1.102501E-12
4459.4  1.080504E-12
4462.3  1.131536E-12
4465.2  1.223647E-12
4468.1  1.323082E-12
4471.  1.406882E-12
4473.9  1.456668E-12
4476.8  1.460343E-12
4479.7  1.448646E-12
4482.6  1.456196E-12
4485.5  1.466395E-12
4488.4  1.417137E-12
4491.3  1.352446E-12
4494.2  1.331969E-12
4497.1  1.386462E-12
4500.  1.495953E-12
4502.9  1.589493E-12
4505.8  1.626652E-12
4508.7  1.607740E-12
4511.6  1.577839E-12
4514.5  1.556200E-12
4517.4  1.536674E-12
4520.3  1.516462E-12
4523.2  1.444285E-12
4526.1  1.335962E-12
4529.  1.263694E-12
4531.9  1.278274E-12
4534.8  1.343167E-12
4537.7  1.407015E-12
4540.6  1.437956E-12
4543.5  1.443440E-12
4546.4  1.474709E-12
4549.3  1.512137E-12
4552.2  1.496840E-12
4555.1  1.531400E-12
4558.  1.632565E-12
4560.9  1.653374E-12
4563.8  1.632908E-12
4566.7  1.656675E-12
4569.6  1.686684E-12
4572.5  1.646706E-12
4575.4  1.640744E-12
4578.3  1.622812E-12
4581.2  1.598874E-12
4584.1  1.624886E-12
4587.  1.673219E-12
4589.9  1.696043E-12
4592.8  1.645483E-12
4595.7  1.617940E-12
4598.6  1.610783E-12
4601.5  1.611551E-12
4604.4  1.651937E-12
4607.3  1.762872E-12
4610.2  1.867814E-12
4613.1  1.889002E-12
4616.  1.911949E-12
4618.9  1.932389E-12
4621.8  1.924215E-12
4624.7  1.896024E-12
4627.6  1.870647E-12
4630.5  1.853051E-12
4633.4  1.802510E-12
4636.3  1.719856E-12
4639.2  1.648200E-12
4642.1  1.592678E-12
4645.  1.542584E-12
4647.9  1.554804E-12
4650.8  1.653338E-12
4653.7  1.720523E-12
4656.6  1.791614E-12
4659.5  1.869210E-12
4662.4  1.807070E-12
4665.3  1.688571E-12
4668.2  1.626866E-12
4671.1  1.652122E-12
4674.  1.710690E-12
4676.9  1.736522E-12
4679.8  1.722820E-12
4682.7  1.705776E-12
4685.6  1.720415E-12
4688.5  1.737609E-12
4691.4  1.767990E-12
4694.3  1.798918E-12
4697.2  1.763225E-12
4700.1  1.696253E-12
4703.  1.681583E-12
4705.9  1.679490E-12
4708.8  1.696695E-12
4711.7  1.749532E-12
4714.6  1.808119E-12
4717.5  1.869752E-12
4720.4  1.921974E-12
4723.3  1.915081E-12
4726.2  1.836526E-12
4729.1  1.720409E-12
4732.  1.709818E-12
4734.9  1.778608E-12
4737.8  1.854838E-12
4740.7  1.889264E-12
4743.6  1.887861E-12
4746.5  1.913652E-12
4749.4  1.941734E-12
4752.3  1.923445E-12
4755.2  1.877719E-12
4758.1  1.854517E-12
4761.  1.828814E-12
4763.9  1.788302E-12
4766.8  1.784616E-12
4769.7  1.844608E-12
4772.6  1.907095E-12
4775.5  1.950281E-12
4778.4  1.924329E-12
4781.3  1.836587E-12
4784.2  1.769881E-12
4787.1  1.775503E-12
4790.  1.821667E-12
4792.9  1.915456E-12
4795.8  1.969252E-12
4798.7  1.960892E-12
4801.6  1.962758E-12
4804.5  1.952382E-12
4807.4  1.915048E-12
4810.3  1.932142E-12
4813.2  1.979600E-12
4816.1  2.011817E-12
4819.  2.046233E-12
4821.9  2.027122E-12
4824.8  1.969913E-12
4827.7  1.929356E-12
4830.6  1.905971E-12
4833.5  1.901825E-12
4836.4  1.927982E-12
4839.3  1.925182E-12
4842.2  1.927073E-12
4845.1  1.962837E-12
4848.  1.995968E-12
4850.9  1.976017E-12
4853.8  1.916824E-12
4856.7  1.849658E-12
4859.6  1.765027E-12
4862.5  1.720164E-12
4865.4  1.768182E-12
4868.3  1.809242E-12
4871.2  1.801760E-12
4874.1  1.839714E-12
4877.  1.920469E-12
4879.9  1.946624E-12
4882.8  1.892137E-12
4885.7  1.827073E-12
4888.6  1.802858E-12
4891.5  1.866427E-12
4894.4  2.028786E-12
4897.3  2.150767E-12
4900.2  2.142786E-12
4903.1  2.104544E-12
4906.  2.107643E-12
4908.9  2.085534E-12
4911.8  2.069195E-12
4914.7  2.072894E-12
4917.6  2.006517E-12
4920.5  1.913201E-12
4923.4  1.954338E-12
4926.3  2.071775E-12
4929.2  2.170704E-12
4932.1  2.156463E-12
4935.  2.071548E-12
4937.9  2.009480E-12
4940.8  2.027607E-12
4943.7  2.129441E-12
4946.6  2.232693E-12
4949.5  2.296129E-12
4952.4  2.259085E-12
4955.3  2.147087E-12
4958.2  2.050263E-12
4961.1  2.065408E-12
4964.  2.064927E-12
4966.9  2.039504E-12
4969.8  2.093491E-12
4972.7  2.194928E-12
4975.6  2.225277E-12
4978.5  2.102486E-12
4981.4  1.958589E-12
4984.3  1.913039E-12
4987.2  1.968722E-12
4990.1  2.027534E-12
4993.  2.057445E-12
4995.9  2.045497E-12
4998.8  1.985686E-12
5001.7  1.909468E-12
5004.6  1.868427E-12
5007.5  1.860889E-12
5010.4  1.863133E-12
5013.3  1.811165E-12
5016.2  1.801894E-12
5019.1  1.845639E-12
5022.  1.879863E-12
5024.9  1.923477E-12
5027.8  1.993148E-12
5030.7  2.065698E-12
5033.6  2.095277E-12
5036.5  1.985815E-12
5039.4  1.843147E-12
5042.3  1.849197E-12
5045.2  1.992725E-12
5048.1  2.058072E-12
5051.  2.026979E-12
5053.9  2.063537E-12
5056.8  2.163962E-12
5059.7  2.203069E-12
5062.6  2.139308E-12
5065.5  2.023076E-12
5068.4  1.958998E-12
5071.3  1.975970E-12
5074.2  1.983453E-12
5077.1  1.926238E-12
5080.  1.832191E-12
5082.9  1.806981E-12
5085.8  1.897379E-12
5088.7  2.013670E-12
5091.6  2.073818E-12
5094.5  2.052831E-12
5097.4  1.978943E-12
5100.3  1.911484E-12
5103.2  1.906512E-12
5106.1  1.889875E-12
5109.  1.848583E-12
5111.9  1.867176E-12
5114.8  1.939824E-12
5117.7  1.993406E-12
5120.6  1.945699E-12
5123.5  1.815882E-12
5126.4  1.740646E-12
5129.3  1.777510E-12
5132.2  1.864434E-12
5135.1  1.939497E-12
5138.  1.948884E-12
5140.9  1.913407E-12
5143.8  1.858988E-12
5146.7  1.807788E-12
5149.6  1.781158E-12
5152.5  1.769457E-12
5155.4  1.855567E-12
5158.3  1.986316E-12
5161.2  1.984533E-12
5164.1  1.809645E-12
5167.  1.550780E-12
5169.9  1.413240E-12
5172.8  1.427991E-12
5175.7  1.551960E-12
5178.6  1.645815E-12
5181.5  1.618624E-12
5184.4  1.633360E-12
5187.3  1.817964E-12
5190.2  1.937400E-12
5193.1  1.911196E-12
5196.  1.940628E-12
5198.9  2.008199E-12
5201.8  1.940015E-12
5204.7  1.739591E-12
5207.6  1.594154E-12
5210.5  1.688893E-12
5213.4  1.961940E-12
5216.3  2.174224E-12
5219.2  2.250603E-12
5222.1  2.206433E-12
5225.  2.064031E-12
5227.9  2.061960E-12
5230.8  2.191817E-12
5233.7  2.274865E-12
5236.6  2.335514E-12
5239.5  2.400603E-12
5242.4  2.412455E-12
5245.3  2.327569E-12
5248.2  2.160115E-12
5251.1  2.088572E-12
5254.  2.174762E-12
5256.9  2.305894E-12
5259.8  2.330898E-12
5262.7  2.158735E-12
5265.6  1.941518E-12
5268.5  1.852112E-12
5271.4  1.911750E-12
5274.3  2.136147E-12
5277.2  2.338244E-12
5280.1  2.436401E-12
5283.  2.460613E-12
5285.9  2.533309E-12
5288.8  2.620413E-12
5291.7  2.629924E-12
5294.6  2.527176E-12
5297.5  2.360381E-12
5300.4  2.349660E-12
5303.3  2.514231E-12
5306.2  2.685414E-12
5309.1  2.749226E-12
5312.  2.738607E-12
5314.9  2.702745E-12
5317.8  2.668663E-12
5320.7  2.619108E-12
5323.6  2.513823E-12
5326.5  2.340439E-12
5329.4  2.234079E-12
5332.3  2.366041E-12
5335.2  2.547243E-12
5338.1  2.567605E-12
5341.  2.496727E-12
5343.9  2.499753E-12
5346.8  2.521692E-12
5349.7  2.563564E-12
5352.6  2.701437E-12
5355.5  2.881040E-12
5358.4  2.935672E-12
5361.3  2.866194E-12
5364.2  2.772381E-12
5367.1  2.694861E-12
5370.  2.594443E-12
5372.9  2.581658E-12
5375.8  2.739912E-12
5378.7  2.822168E-12
5381.6  2.772616E-12
5384.5  2.711120E-12
5387.4  2.626777E-12
5390.3  2.533483E-12
5393.2  2.457127E-12
5396.1  2.428490E-12
5399.  2.457362E-12
5401.9  2.508668E-12
5404.8  2.419558E-12
5407.7  2.368998E-12
5410.6  2.483017E-12
5413.5  2.693758E-12
5416.4  2.832340E-12
5419.3  2.843241E-12
5422.2  2.814290E-12
5425.1  2.808214E-12
5428.  2.750941E-12
5430.9  2.617178E-12
5433.8  2.535705E-12
5436.7  2.552499E-12
5439.6  2.707263E-12
5442.5  2.827354E-12
5445.4  2.756398E-12
5448.3  2.626810E-12
5451.2  2.616365E-12
5454.1  2.605644E-12
5457.  2.579305E-12
5459.9  2.636887E-12
5462.8  2.682378E-12
5465.7  2.696609E-12
5468.6  2.683523E-12
5471.5  2.622460E-12
5474.4  2.537235E-12
5477.3  2.500831E-12
5480.2  2.528515E-12
5483.1  2.579751E-12
5486.  2.643248E-12
5488.9  2.671100E-12
5491.8  2.694556E-12
5494.7  2.713227E-12
5497.6  2.731956E-12
5500.5  2.720907E-12
5503.4  2.677880E-12
5506.3  2.637824E-12
5509.2  2.622429E-12
5512.1  2.591871E-12
5515.  2.557882E-12
5517.9  2.666224E-12
5520.8  2.821833E-12
5523.7  2.867087E-12
5526.6  2.825773E-12
5529.5  2.785648E-12
5532.4  2.806289E-12
5535.3  2.826841E-12
5538.2  2.867513E-12
5541.1  2.907912E-12
5544.  2.925363E-12
5546.9  2.941916E-12
5549.8  2.995992E-12
5552.7  3.034980E-12
5555.6  3.001383E-12
5558.5  2.958130E-12
5561.4  2.881960E-12
5564.3  2.822699E-12
5567.2  2.782553E-12
5570.1  2.826205E-12
5573.  2.888665E-12
5575.9  2.900856E-12
5578.8  2.898473E-12
5581.7  2.869184E-12
5584.6  2.774670E-12
5587.5  2.634825E-12
5590.4  2.572935E-12
5593.3  2.648010E-12
5596.2  2.731622E-12
5599.1  2.739264E-12
5602.  2.715254E-12
5604.9  2.783864E-12
5607.8  2.920641E-12
5610.7  2.981371E-12
5613.6  2.928432E-12
5616.5  2.814643E-12
5619.4  2.752880E-12
5622.3  2.741719E-12
5625.2  2.725611E-12
5628.1  2.771412E-12
5631.  2.876370E-12
5633.9  2.907241E-12
5636.8  2.882473E-12
5639.7  2.830343E-12
5642.6  2.793672E-12
5645.5  2.822929E-12
5648.4  2.882139E-12
5651.3  2.932708E-12
5654.2  2.939113E-12
5657.1  2.862219E-12
5660.  2.771157E-12
5662.9  2.775210E-12
5665.8  2.832755E-12
5668.7  2.887258E-12
5671.6  2.944228E-12
5674.5  3.026451E-12
5677.4  3.053747E-12
5680.3  3.028457E-12
5683.2  2.996330E-12
5686.1  2.979033E-12
5689.  2.983037E-12
5691.9  3.016715E-12
5694.8  3.046935E-12
5697.7  2.964261E-12
5700.6  2.844105E-12
5703.5  2.792174E-12
5706.4  2.770200E-12
5709.3  2.734177E-12
5712.2  2.771347E-12
5715.1  2.888948E-12
5718.  3.001673E-12
5720.9  3.082347E-12
5723.8  3.110344E-12
5726.7  3.064515E-12
5729.6  3.020173E-12
5732.5  3.035674E-12
5735.4  3.074079E-12
5738.3  3.055860E-12
5741.2  3.050519E-12
5744.1  3.077004E-12
5747.  3.092369E-12
5749.9  3.082172E-12
5752.8  3.070098E-12
5755.7  3.081318E-12
5758.6  3.086214E-12
5761.5  3.063690E-12
5764.4  3.088091E-12
5767.3  3.192586E-12
5770.2  3.236332E-12
5773.1  3.183233E-12
5776.  3.113658E-12
5778.9  3.006089E-12
5781.8  2.866760E-12
5784.7  2.802839E-12
5787.6  2.862557E-12
5790.5  2.987900E-12
5793.4  3.116005E-12
5796.3  3.242793E-12
5799.2  3.251799E-12
5802.1  3.267701E-12
5805.  3.271009E-12
5807.9  3.259691E-12
5810.8  3.258389E-12
5813.7  3.261507E-12
5816.6  3.283341E-12
5819.5  3.326747E-12
5822.4  3.356421E-12
5825.3  3.354540E-12
5828.2  3.348748E-12
5831.1  3.346065E-12
5834.  3.326179E-12
5836.9  3.303261E-12
5839.8  3.303031E-12
5842.7  3.304324E-12
5845.6  3.266537E-12
5848.5  3.210390E-12
5851.4  3.154658E-12
5854.3  3.109983E-12
5857.2  3.084314E-12
5860.1  3.081969E-12
5863.  3.101970E-12
5865.9  3.125711E-12
5868.8  3.170358E-12
5871.7  3.234010E-12
5874.6  3.260039E-12
5877.5  3.180319E-12
5880.4  3.023066E-12
5883.3  2.879749E-12
5886.2  2.706258E-12
5889.1  2.497816E-12
5892.  2.537597E-12
5894.9  2.621173E-12
5897.8  2.762465E-12
5900.7  2.850281E-12
5903.6  2.985893E-12
5906.5  2.970272E-12
5909.4  3.047783E-12
5912.3  3.086744E-12
5915.2  3.081723E-12
5918.1  3.078960E-12
5921.  3.115759E-12
5923.9  3.154381E-12
5926.8  3.165223E-12
5929.7  3.166175E-12
5932.6  3.157683E-12
5935.5  3.149106E-12
5938.4  3.162652E-12
5941.3  3.179525E-12
5944.2  3.202730E-12
5947.1  3.219256E-12
5950.  3.209898E-12
5952.9  3.194174E-12
5955.8  3.198012E-12
5958.7  3.238389E-12
5961.6  3.287844E-12
5964.5  3.298793E-12
5967.4  3.306939E-12
5970.3  3.319208E-12
5973.2  3.304955E-12
5976.1  3.262580E-12
5979.  3.217298E-12
5981.9  3.189723E-12
5984.8  3.184089E-12
5987.7  3.209373E-12
5990.6  3.245572E-12
5993.5  3.266632E-12
5996.4  3.261811E-12
5999.3  3.241651E-12
6002.2  3.233071E-12
6005.1  3.223741E-12
6008.  3.215176E-12
6010.9  3.212169E-12
6013.8  3.204506E-12
6016.7  3.195372E-12
6019.6  3.211089E-12
6022.5  3.303522E-12
6025.4  3.332303E-12
6028.3  3.399810E-12
6031.2  3.437871E-12
6034.1  3.461998E-12
6037.  3.482912E-12
6039.9  3.500322E-12
6042.8  3.526466E-12
6045.7  3.530685E-12
6048.6  3.511264E-12
6051.5  3.487274E-12
6054.4  3.457762E-12
6057.3  3.437680E-12
6060.2  3.427237E-12
6063.1  3.429577E-12
6066.  3.477348E-12
6068.9  3.562840E-12
6071.8  3.594655E-12
6074.7  3.549267E-12
6077.6  3.476077E-12
6080.5  3.419275E-12
6083.4  3.389502E-12
6086.3  3.376000E-12
6089.2  3.360852E-12
6092.1  3.371153E-12
6095.  3.409575E-12
6097.9  3.408193E-12
6100.8  3.381340E-12
6103.7  3.378694E-12
6106.6  3.405225E-12
6109.5  3.415143E-12
6112.4  3.416158E-12
6115.3  3.402224E-12
6118.2  3.343680E-12
6121.1  3.290842E-12
6124.  3.286628E-12
6126.9  3.294422E-12
6129.8  3.297412E-12
6132.7  3.248602E-12
6135.6  3.183585E-12
6138.5  3.223797E-12
6141.4  3.310318E-12
6144.3  3.357669E-12
6147.2  3.346231E-12
6150.1  3.303989E-12
6153.  3.251348E-12
6155.9  3.170661E-12
6158.8  3.062991E-12
6161.7  2.997868E-12
6164.6  3.023106E-12
6167.5  3.055466E-12
6170.4  3.090070E-12
6173.3  3.142929E-12
6176.2  3.177835E-12
6179.1  3.207325E-12
6182.  3.199566E-12
6184.9  3.116767E-12
6187.8  3.037624E-12
6190.7  3.048942E-12
6193.6  3.109736E-12
6196.5  3.139797E-12
6199.4  3.153045E-12
6202.3  3.185670E-12
6205.2  3.180251E-12
6208.1  3.109963E-12
6211.  2.981730E-12
6213.9  2.884842E-12
6216.8  2.861458E-12
6219.7  2.865840E-12
6222.6  2.878753E-12
6225.5  2.878409E-12
6228.4  2.855237E-12
6231.3  2.887800E-12
6234.2  2.922062E-12
6237.1  2.880149E-12
6240.  2.825146E-12
6242.9  2.825396E-12
6245.8  2.873442E-12
6248.7  2.871400E-12
6251.6  2.818542E-12
6254.5  2.766418E-12
6257.4  2.767371E-12
6260.3  2.854511E-12
6263.2  2.940494E-12
6266.1  2.989416E-12
6269.  3.036976E-12
6271.9  3.070312E-12
6274.8  3.099454E-12
6277.7  3.117331E-12
6280.6  3.128211E-12
6283.5  3.171523E-12
6286.4  3.213075E-12
6289.3  3.205231E-12
6292.2  3.158789E-12
6295.1  3.109855E-12
6298.  3.098447E-12
6300.9  3.133261E-12
6303.8  3.164697E-12
6306.7  3.203332E-12
6309.6  3.210940E-12
6312.5  3.178958E-12
6315.4  3.176147E-12
6318.3  3.208099E-12
6321.2  3.258403E-12
6324.1  3.299569E-12
6327.  3.323782E-12
6329.9  3.337606E-12
6332.8  3.317974E-12
6335.7  3.288120E-12
6338.6  3.283916E-12
6341.5  3.278860E-12
6344.4  3.287883E-12
6347.3  3.321319E-12
6350.2  3.308070E-12
6353.1  3.229515E-12
6356.  3.148743E-12
6358.9  3.104434E-12
6361.8  3.127546E-12
6364.7  3.227256E-12
6367.6  3.375785E-12
6370.5  3.480223E-12
6373.4  3.476589E-12
6376.3  3.490914E-12
6379.2  3.448717E-12
6382.1  3.429147E-12
6385.  3.427735E-12
6387.9  3.420081E-12
6390.8  3.402830E-12
6393.7  3.378803E-12
6396.6  3.364900E-12
6399.5  3.377512E-12
6402.4  3.410893E-12
6405.3  3.447060E-12
6408.2  3.439416E-12
6411.1  3.411161E-12
6414.  3.395689E-12
6416.9  3.395695E-12
6419.8  3.407491E-12
6422.7  3.429382E-12
6425.6  3.463852E-12
6428.5  3.454066E-12
6431.4  3.402653E-12
6434.3  3.392262E-12
6437.2  3.434537E-12
6440.1  3.482825E-12
6443.  3.524553E-12
6445.9  3.543072E-12
6448.8  3.509723E-12
6451.7  3.438186E-12
6454.6  3.404600E-12
6457.5  3.454105E-12
6460.4  3.506363E-12
6463.3  3.509184E-12
6466.2  3.495100E-12
6469.1  3.497227E-12
6472.  3.513863E-12
6474.9  3.518778E-12
6477.8  3.502874E-12
6480.7  3.492071E-12
6483.6  3.429681E-12
6486.5  3.359323E-12
6489.4  3.284158E-12
6492.3  3.217252E-12
6495.2  3.176292E-12
6498.1  3.184543E-12
6501.  3.239362E-12
6503.9  3.314238E-12
6506.8  3.388446E-12
6509.7  3.446296E-12
6512.6  3.486894E-12
6515.5  3.516415E-12
6518.4  3.538260E-12
6521.3  3.554665E-12
6524.2  3.560906E-12
6527.1  3.556167E-12
6530.  3.552943E-12
6532.9  3.556185E-12
6535.8  3.557704E-12
6538.7  3.549860E-12
6541.6  3.526044E-12
6544.5  3.488352E-12
6547.4  3.445059E-12
6550.3  3.402434E-12
6553.2  3.365616E-12
6556.1  3.328734E-12
6559.  3.288612E-12
6561.9  3.270449E-12
6564.8  3.292897E-12
6567.7  3.346211E-12
6570.6  3.414763E-12
6573.5  3.477782E-12
6576.4  3.525316E-12
6579.3  3.562624E-12
6582.2  3.588233E-12
6585.1  3.596819E-12
6588.  3.590134E-12
6590.9  3.573563E-12
6593.8  3.556207E-12
6596.7  3.546523E-12
6599.6  3.543762E-12
6602.5  3.545488E-12
6605.4  3.549958E-12
6608.3  3.558355E-12
6611.2  3.580141E-12
6614.1  3.611516E-12
6617.  3.631522E-12
6619.9  3.630929E-12
6622.8  3.610910E-12
6625.7  3.583013E-12
6628.6  3.563671E-12
6631.5  3.558276E-12
6634.4  3.566144E-12
6637.3  3.577592E-12
6640.2  3.583291E-12
6643.1  3.584894E-12
6646.  3.585115E-12
6648.9  3.586425E-12
6651.8  3.587529E-12
6654.7  3.581030E-12
6657.6  3.566418E-12
6660.5  3.548958E-12
6663.4  3.540010E-12
6666.3  3.552732E-12
6669.2  3.575684E-12
6672.1  3.590142E-12
6675.  3.593748E-12
6677.9  3.589679E-12
6680.8  3.589704E-12
6683.7  3.598907E-12
6686.6  3.599878E-12
6689.5  3.584627E-12
6692.4  3.563147E-12
6695.3  3.542847E-12
6698.2  3.527956E-12
6701.1  3.520469E-12
6704.  3.520168E-12
6706.9  3.517401E-12
6709.8  3.501380E-12
6712.7  3.480623E-12
6715.6  3.468280E-12
6718.5  3.476472E-12
6721.4  3.507964E-12
6724.3  3.540742E-12
6727.2  3.557658E-12
6730.1  3.556098E-12
6733.  3.538023E-12
6735.9  3.510867E-12
6738.8  3.482089E-12
6741.7  3.458264E-12
6744.6  3.445902E-12
6747.5  3.449645E-12
6750.4  3.470251E-12
6753.3  3.504342E-12
6756.2  3.538219E-12
6759.1  3.559466E-12
6762.  3.564918E-12
6764.9  3.558431E-12
6767.8  3.554671E-12
6770.7  3.561950E-12
6773.6  3.579770E-12
6776.5  3.596037E-12
6779.4  3.589528E-12
6782.3  3.567762E-12
6785.2  3.552636E-12
6788.1  3.544542E-12
6791.  3.538407E-12
6793.9  3.539960E-12
6796.8  3.553458E-12
6799.7  3.575038E-12
6802.6  3.597553E-12
6805.5  3.608212E-12
6808.4  3.604614E-12
6811.3  3.600124E-12
6814.2  3.602032E-12
6817.1  3.611375E-12
6820.  3.624125E-12
6822.9  3.633096E-12
6825.8  3.633480E-12
6828.7  3.622974E-12
6831.6  3.609383E-12
6834.5  3.600280E-12
6837.4  3.588222E-12
6840.3  3.570679E-12
6843.2  3.563804E-12
6846.1  3.573170E-12
6849.  3.584909E-12
6851.9  3.593792E-12
6854.8  3.604160E-12
6857.7  3.610927E-12
6860.6  3.605520E-12
6863.5  3.580854E-12
6866.4  3.535232E-12
6869.3  3.511149E-12
6872.2  3.547208E-12
6875.1  3.616112E-12
6878.  3.681538E-12
6880.9  3.713694E-12
6883.8  3.705597E-12
6886.7  3.693246E-12
6889.6  3.696265E-12
6892.5  3.711700E-12
6895.4  3.730555E-12
6898.3  3.738395E-12
6901.2  3.734339E-12
6904.1  3.724619E-12
6907.  3.711159E-12
6909.9  3.695827E-12
6912.8  3.686420E-12
6915.7  3.686504E-12
6918.6  3.683388E-12
6921.5  3.669637E-12
6924.4  3.651790E-12
6927.3  3.636612E-12
6930.2  3.630973E-12
6933.1  3.632115E-12
6936.  3.629173E-12
6938.9  3.621073E-12
6941.8  3.612015E-12
6944.7  3.605840E-12
6947.6  3.606027E-12
6950.5  3.610722E-12
6953.4  3.618748E-12
6956.3  3.639587E-12
6959.2  3.673366E-12
6962.1  3.697877E-12
6965.  3.698303E-12
6967.9  3.673143E-12
6970.8  3.628248E-12
6973.7  3.575744E-12
6976.6  3.536403E-12
6979.5  3.532503E-12
6982.4  3.555049E-12
6985.3  3.583175E-12
6988.2  3.608101E-12
6991.1  3.624464E-12
6994.  3.630215E-12
6996.9  3.626538E-12
6999.8  3.617850E-12
7002.7  3.609600E-12
7005.6  3.608485E-12
7008.5  3.611879E-12
7011.4  3.606970E-12
7014.3  3.597144E-12
7017.2  3.596002E-12
7020.1  3.602330E-12
7023.  3.609774E-12
7025.9  3.623905E-12
7028.8  3.649585E-12
7031.7  3.676408E-12
7034.6  3.695190E-12
7037.5  3.706968E-12
7040.4  3.713746E-12
7043.3  3.719526E-12
7046.2  3.717844E-12
7049.1  3.689691E-12
7052.  3.637763E-12
7054.9  3.580499E-12
7057.8  3.535147E-12
7060.7  3.516125E-12
7063.6  3.516391E-12
7066.5  3.523147E-12
7069.4  3.540928E-12
7072.3  3.569234E-12
7075.2  3.584703E-12
7078.1  3.570742E-12
7081.  3.526720E-12
7083.9  3.464773E-12
7086.8  3.411817E-12
7089.7  3.380746E-12
7092.6  3.371147E-12
7095.5  3.372984E-12
7098.4  3.371321E-12
7101.3  3.365865E-12
7104.2  3.361169E-12
7107.1  3.356364E-12
7110.  3.351282E-12
7112.9  3.352878E-12
7115.8  3.360530E-12
7118.7  3.355102E-12
7121.6  3.327595E-12
7124.5  3.284511E-12
7127.4  3.240595E-12
7130.3  3.217037E-12
7133.2  3.220254E-12
7136.1  3.246036E-12
7139.  3.277397E-12
7141.9  3.295464E-12
7144.8  3.305241E-12
7147.7  3.316848E-12
7150.6  3.337846E-12
7153.5  3.367848E-12
7156.4  3.384890E-12
7159.3  3.379604E-12
7162.2  3.366028E-12
7165.1  3.354446E-12
7168.  3.350590E-12
7170.9  3.353510E-12
7173.8  3.357265E-12
7176.7  3.354028E-12
7179.6  3.337488E-12
7182.5  3.316470E-12
7185.4  3.302906E-12
7188.3  3.304481E-12
7191.2  3.321929E-12
7194.1  3.338021E-12
7197.  3.343682E-12
7199.9  3.348188E-12
7202.8  3.359615E-12
7205.7  3.384367E-12
7208.6  3.418947E-12
7211.5  3.451922E-12
7214.4  3.482597E-12
7217.3  3.514553E-12
7220.2  3.540829E-12
7223.1  3.554100E-12
7226.  3.559461E-12
7228.9  3.562292E-12
7231.8  3.559697E-12
7234.7  3.552342E-12
7237.6  3.549560E-12
7240.5  3.553892E-12
7243.4  3.558666E-12
7246.3  3.561336E-12
7249.2  3.562659E-12
7252.1  3.563947E-12
7255.  3.567068E-12
7257.9  3.569466E-12
7260.8  3.568370E-12
7263.7  3.574006E-12
7266.6  3.591893E-12
7269.5  3.599389E-12
7272.4  3.584406E-12
7275.3  3.567219E-12
7278.2  3.557427E-12
7281.1  3.546813E-12
7284.  3.532007E-12
7286.9  3.512097E-12
7289.8  3.503942E-12
7292.7  3.531913E-12
7295.6  3.574527E-12
7298.5  3.597462E-12
7301.4  3.598582E-12
7304.3  3.585712E-12
7307.2  3.575341E-12
7310.1  3.578899E-12
7313.  3.588061E-12
7315.9  3.596869E-12
7318.8  3.606652E-12
7321.7  3.615597E-12
7324.6  3.618799E-12
7327.5  3.623071E-12
7330.4  3.641342E-12
7333.3  3.670742E-12
7336.2  3.701160E-12
7339.1  3.717773E-12
7342.  3.709349E-12
7344.9  3.687278E-12
7347.8  3.663001E-12
7350.7  3.632968E-12
7353.6  3.600237E-12
7356.5  3.579873E-12
7359.4  3.582939E-12
7362.3  3.615449E-12
7365.2  3.669378E-12
7368.1  3.726064E-12
7371.  3.772545E-12
7373.9  3.800127E-12
7376.8  3.802979E-12
7379.7  3.780750E-12
7382.6  3.745236E-12
7385.5  3.711123E-12
7388.4  3.692239E-12
7391.3  3.695742E-12
7394.2  3.716921E-12
7397.1  3.745223E-12
7400.  3.764380E-12
7402.9  3.768838E-12
7405.8  3.763477E-12
7408.7  3.747211E-12
7411.6  3.717952E-12
7414.5  3.685814E-12
7417.4  3.664033E-12
7420.3  3.665169E-12
7423.2  3.693743E-12
7426.1  3.730621E-12
7429.  3.757173E-12
7431.9  3.764248E-12
7434.8  3.752494E-12
7437.7  3.735972E-12
7440.6  3.726183E-12
7443.5  3.730339E-12
7446.4  3.748026E-12
7449.3  3.773110E-12
7452.2  3.792047E-12
7455.1  3.791692E-12
7458.  3.775955E-12
7460.9  3.754896E-12
7463.8  3.745025E-12
7466.7  3.754408E-12
7469.6  3.766334E-12
7472.5  3.770144E-12
7475.4  3.768852E-12
7478.3  3.765523E-12
7481.2  3.764166E-12
7484.1  3.762321E-12
7487.  3.753714E-12
7489.9  3.742339E-12
7492.8  3.735986E-12
7495.7  3.744453E-12
7498.6  3.772560E-12
7501.5  3.799665E-12
7504.4  3.810056E-12
7507.3  3.814670E-12
7510.2  3.823271E-12
7513.1  3.840706E-12
7516.  3.861121E-12
7518.9  3.865075E-12
7521.8  3.855262E-12
7524.7  3.849849E-12
7527.6  3.859471E-12
7530.5  3.888894E-12
7533.4  3.919003E-12
7536.3  3.927947E-12
7539.2  3.920748E-12
7542.1  3.906936E-12
7545.  3.892483E-12
7547.9  3.881858E-12
7550.8  3.875109E-12
7553.7  3.871647E-12
7556.6  3.870492E-12
7559.5  3.871506E-12
7562.4  3.875507E-12
7565.3  3.879982E-12
7568.2  3.881149E-12
7571.1  3.880163E-12
7574.  3.879541E-12
7576.9  3.879224E-12
7579.8  3.878836E-12
7582.7  3.878437E-12
7585.6  3.878037E-12
7588.5  3.877636E-12
7591.4  3.877237E-12
7594.3  3.876836E-12
7597.2  3.876436E-12
7600.1  3.876037E-12
7603.  3.875637E-12
7605.9  3.875237E-12
7608.8  3.874837E-12
7611.7  3.874436E-12
7614.6  3.874037E-12
7617.5  3.873637E-12
7620.4  3.873534E-12
7623.3  3.873553E-12
7626.2  3.869674E-12
7629.1  3.867205E-12
7632.  3.889040E-12
7634.9  3.929400E-12
7637.8  3.952308E-12
7640.7  3.951501E-12
7643.6  3.940138E-12
7646.5  3.921502E-12
7649.4  3.896398E-12
7652.3  3.865356E-12
7655.2  3.830369E-12
7658.1  3.800603E-12
7661.  3.784945E-12
7663.9  3.789733E-12
7666.8  3.813565E-12
7669.7  3.842560E-12
7672.6  3.866620E-12
7675.5  3.881252E-12
7678.4  3.887497E-12
7681.3  3.891183E-12
7684.2  3.888184E-12
7687.1  3.871295E-12
7690.  3.846934E-12
7692.9  3.824537E-12
7695.8  3.807400E-12
7698.7  3.796941E-12
7701.6  3.794369E-12
7704.5  3.795124E-12
7707.4  3.783217E-12
7710.3  3.757001E-12
7713.2  3.733665E-12
7716.1  3.726024E-12
7719.  3.742557E-12
7721.9  3.773825E-12
7724.8  3.801123E-12
7727.7  3.822922E-12
7730.6  3.842439E-12
7733.5  3.856937E-12
7736.4  3.862568E-12
7739.3  3.851130E-12
7742.2  3.821857E-12
7745.1  3.789179E-12
7748.  3.769416E-12
7750.9  3.780613E-12
7753.8  3.816981E-12
7756.7  3.850252E-12
7759.6  3.872246E-12
7762.5  3.887109E-12
7765.4  3.893724E-12
7768.3  3.891307E-12
7771.2  3.888145E-12
7774.1  3.890998E-12
7777.  3.891693E-12
7779.9  3.883875E-12
7782.8  3.871276E-12
7785.7  3.857772E-12
7788.6  3.845872E-12
7791.5  3.840341E-12
7794.4  3.848102E-12
7797.3  3.863122E-12
7800.2  3.871586E-12
7803.1  3.874187E-12
7806.  3.877397E-12
7808.9  3.884794E-12
7811.8  3.897866E-12
7814.7  3.910844E-12
7817.6  3.918262E-12
7820.5  3.921252E-12
7823.4  3.917519E-12
7826.3  3.897217E-12
7829.2  3.861308E-12
7832.1  3.822048E-12
7835.  3.795394E-12
7837.9  3.798364E-12
7840.8  3.819280E-12
7843.7  3.834081E-12
7846.6  3.833851E-12
7849.5  3.817970E-12
7852.4  3.803881E-12
7855.3  3.807058E-12
7858.2  3.824693E-12
7861.1  3.847428E-12
7864.  3.857366E-12
7866.9  3.845867E-12
7869.8  3.817697E-12
7872.7  3.783291E-12
7875.6  3.757359E-12
7878.5  3.740864E-12
7881.4  3.726874E-12
7884.3  3.714879E-12
7887.2  3.705204E-12
7890.1  3.689779E-12
7893.  3.664296E-12
7895.9  3.643668E-12
7898.8  3.637171E-12
7901.7  3.637192E-12
7904.6  3.633322E-12
7907.5  3.611401E-12
7910.4  3.576795E-12
7913.3  3.553122E-12
7916.2  3.547526E-12
7919.1  3.556377E-12
7922.  3.574921E-12
7924.9  3.596113E-12
7927.8  3.608037E-12
7930.7  3.600993E-12
7933.6  3.574128E-12
7936.5  3.533969E-12
7939.4  3.498465E-12
7942.3  3.482757E-12
7945.2  3.495430E-12
7948.1  3.530305E-12
7951.  3.566781E-12
7953.9  3.591145E-12
7956.8  3.595992E-12
7959.7  3.595295E-12
7962.6  3.609796E-12
7965.5  3.637956E-12
7968.4  3.670563E-12
7971.3  3.692298E-12
7974.2  3.692937E-12
7977.1  3.680003E-12
7980.  3.663957E-12
7982.9  3.657002E-12
7985.8  3.661047E-12
7988.7  3.665374E-12
7991.6  3.663761E-12
7994.5  3.653616E-12
7997.4  3.644619E-12
8000.3  3.650775E-12
8003.2  3.667854E-12
8006.1  3.686853E-12
8009.  3.707652E-12
8011.9  3.728396E-12
8014.8  3.739172E-12
8017.7  3.732310E-12
8020.6  3.703509E-12
8023.5  3.663461E-12
8026.4  3.640216E-12
8029.3  3.648737E-12
8032.2  3.691933E-12
8035.1  3.740259E-12
8038.  3.751104E-12
8040.9  3.725507E-12
8043.8  3.682305E-12
8046.7  3.647733E-12
8049.6  3.642776E-12
8052.5  3.663588E-12
8055.4  3.694734E-12
8058.3  3.705009E-12
8061.2  3.679791E-12
8064.1  3.631148E-12
8067.  3.578130E-12
8069.9  3.544676E-12
8072.8  3.538488E-12
8075.7  3.554699E-12
8078.6  3.580972E-12
8081.5  3.601896E-12
8084.4  3.601750E-12
8087.3  3.573116E-12
8090.2  3.535971E-12
8093.1  3.510644E-12
8096.  3.506802E-12
8098.9  3.522138E-12
8101.8  3.536150E-12
8104.7  3.536808E-12
8107.6  3.522737E-12
8110.5  3.501611E-12
8113.4  3.486949E-12
8116.3  3.487755E-12
8119.2  3.508022E-12
8122.1  3.533071E-12
8125.  3.546233E-12
8127.9  3.545540E-12
8130.8  3.535862E-12
8133.7  3.536275E-12
8136.6  3.551223E-12
8139.5  3.553702E-12
8142.4  3.537916E-12
8145.3  3.523286E-12
8148.2  3.520190E-12
8151.1  3.533356E-12
8154.  3.541272E-12
8156.9  3.515097E-12
8159.8  3.480181E-12
8162.7  3.471844E-12
8165.6  3.498538E-12
8168.5  3.551162E-12
8171.4  3.577339E-12
8174.3  3.552786E-12
8177.2  3.523750E-12
8180.1  3.511457E-12
8183.  3.498784E-12
8185.9  3.485000E-12
8188.8  3.481135E-12
8191.7  3.479612E-12
8194.6  3.465804E-12
8197.5  3.455341E-12
8200.4  3.468447E-12
8203.3  3.490793E-12
8206.2  3.506821E-12
8209.1  3.525105E-12
8212.  3.548592E-12
8214.9  3.564845E-12
8217.8  3.560033E-12
8220.7  3.516736E-12
8223.6  3.453603E-12
8226.5  3.419968E-12
8229.4  3.439824E-12
8232.3  3.517912E-12
8235.2  3.604846E-12
8238.1  3.640143E-12
8241.  3.646097E-12
8243.9  3.655827E-12
8246.8  3.657036E-12
8249.7  3.641491E-12
8252.6  3.618603E-12
8255.5  3.602896E-12
8258.4  3.618318E-12
8261.3  3.658490E-12
8264.2  3.686385E-12
8267.1  3.682756E-12
8270.  3.642192E-12
8272.9  3.593391E-12
8275.8  3.575118E-12
8278.7  3.584549E-12
8281.6  3.605385E-12
8284.5  3.613723E-12
8287.4  3.596055E-12
8290.3  3.577455E-12
8293.2  3.570776E-12
8296.1  3.558880E-12
8299.  3.534923E-12
8301.9  3.503527E-12
8304.8  3.475034E-12
8307.7  3.463840E-12
8310.6  3.468518E-12
8313.5  3.479535E-12
8316.4  3.494562E-12
8319.3  3.511298E-12
8322.2  3.517629E-12
8325.1  3.505367E-12
8328.  3.479600E-12
8330.9  3.452242E-12
8333.8  3.445963E-12
8336.7  3.464879E-12
8339.6  3.488451E-12
8342.5  3.500646E-12
8345.4  3.489772E-12
8348.3  3.469899E-12
8351.2  3.467144E-12
8354.1  3.476927E-12
8357.  3.485691E-12
8359.9  3.486423E-12
8362.8  3.478229E-12
8365.7  3.483459E-12
8368.6  3.510294E-12
8371.5  3.528434E-12
8374.4  3.518505E-12
8377.3  3.479985E-12
8380.2  3.425980E-12
8383.1  3.381750E-12
8386.  3.365612E-12
8388.9  3.388002E-12
8391.8  3.436658E-12
8394.7  3.489880E-12
8397.6  3.531521E-12
8400.5  3.551294E-12
8403.4  3.556319E-12
8406.3  3.554419E-12
8409.2  3.544179E-12
8412.1  3.528035E-12
8415.  3.515336E-12
8417.9  3.505287E-12
8420.8  3.486186E-12
8423.7  3.461975E-12
8426.6  3.446346E-12
8429.5  3.435936E-12
8432.4  3.422372E-12
8435.3  3.413215E-12
8438.2  3.417939E-12
8441.1  3.440767E-12
8444.  3.478446E-12
8446.9  3.509078E-12
8449.8  3.520680E-12
8452.7  3.523360E-12
8455.6  3.522901E-12
8458.5  3.520382E-12
8461.4  3.510828E-12
8464.3  3.484444E-12
8467.2  3.461157E-12
8470.1  3.470185E-12
8473.  3.502797E-12
8475.9  3.538633E-12
8478.8  3.560185E-12
8481.7  3.556242E-12
8484.6  3.539813E-12
8487.5  3.514101E-12
8490.4  3.454181E-12
8493.3  3.358280E-12
8496.2  3.250323E-12
8499.1  3.178985E-12
8502.  3.209379E-12
8504.9  3.308365E-12
8507.8  3.393928E-12
8510.7  3.432143E-12
8513.6  3.414692E-12
8516.5  3.388614E-12
8519.4  3.398000E-12
8522.3  3.423716E-12
8525.2  3.439667E-12
8528.1  3.426519E-12
8531.  3.362189E-12
8533.9  3.224756E-12
8536.8  3.028591E-12
8539.7  2.816572E-12
8542.6  2.683459E-12
8545.5  2.738117E-12
8548.4  2.929385E-12
8551.3  3.146315E-12
8554.2  3.329633E-12
8557.1  3.444772E-12
8560.  3.512109E-12
8562.9  3.557696E-12
8565.8  3.585637E-12
8568.7  3.600076E-12
8571.6  3.602609E-12
8574.5  3.598215E-12
8577.4  3.595810E-12
8580.3  3.598651E-12
8583.2  3.605964E-12
8586.1  3.615759E-12
8589.  3.625264E-12
8591.9  3.633501E-12
8594.8  3.639593E-12
8597.7  3.643024E-12
8600.6  3.640660E-12
8603.5  3.619011E-12
8606.4  3.577760E-12
8609.3  3.540875E-12
8612.2  3.524103E-12
8615.1  3.531749E-12
8618.  3.560250E-12
8620.9  3.599099E-12
8623.8  3.639834E-12
8626.7  3.675484E-12
8629.6  3.701826E-12
8632.5  3.716436E-12
8635.4  3.717739E-12
8638.3  3.705249E-12
8641.2  3.679430E-12
8644.1  3.641364E-12
8647.  3.594156E-12
8649.9  3.532431E-12
8652.8  3.443541E-12
8655.7  3.314032E-12
8658.6  3.129823E-12
8661.5  2.968363E-12
8664.4  2.941224E-12
8667.3  3.031796E-12
8670.2  3.175750E-12
8673.1  3.308626E-12
8676.  3.382501E-12
8678.9  3.421963E-12
8681.8  3.450961E-12
8684.7  3.460023E-12
8687.6  3.455934E-12
8690.5  3.467881E-12
8693.4  3.500223E-12
8696.3  3.534305E-12
8699.2  3.563637E-12
8702.1  3.588583E-12
8705.  3.603849E-12
8707.9  3.605239E-12
8710.8  3.603738E-12
8713.7  3.610790E-12
8716.6  3.626354E-12
8719.5  3.645332E-12
8722.4  3.654010E-12
8725.3  3.646799E-12
8728.2  3.633538E-12
8731.1  3.619971E-12
8734.  3.606318E-12
8736.9  3.600277E-12
8739.8  3.612719E-12
8742.7  3.633701E-12
8745.6  3.646412E-12
8748.5  3.652562E-12
8751.4  3.657728E-12
8754.3  3.663739E-12
8757.2  3.669480E-12
8760.1  3.664455E-12
8763.  3.645806E-12
8765.9  3.626126E-12
8768.8  3.613096E-12
8771.7  3.607149E-12
8774.6  3.611987E-12
8777.5  3.632085E-12
8780.4  3.660156E-12
8783.3  3.683733E-12
8786.2  3.689552E-12
8789.1  3.669054E-12
8792.  3.636820E-12
8794.9  3.607426E-12
8797.8  3.578620E-12
8800.7  3.547687E-12
8803.6  3.510441E-12
8806.5  3.479393E-12
8809.4  3.490234E-12
8812.3  3.539193E-12
8815.2  3.591014E-12
8818.1  3.621668E-12
8821.  3.616257E-12
8823.9  3.598059E-12
8826.8  3.599005E-12
8829.7  3.616054E-12
8832.6  3.637887E-12
8835.5  3.646971E-12
8838.4  3.639506E-12
8841.3  3.647892E-12
8844.2  3.685965E-12
8847.1  3.736246E-12
8850.  3.787195E-12
8852.9  3.833393E-12
8855.8  3.858411E-12
8858.7  3.843640E-12
8861.6  3.796905E-12
8864.5  3.737237E-12
8867.4  3.684205E-12
8870.3  3.652463E-12
8873.2  3.634218E-12
8876.1  3.622330E-12
8879.  3.624086E-12
8881.9  3.638808E-12
8884.8  3.653003E-12
8887.7  3.659801E-12
8890.6  3.659285E-12
8893.5  3.656609E-12
8896.4  3.660077E-12
8899.3  3.668288E-12
8902.2  3.675567E-12
8905.1  3.679790E-12
8908.  3.679107E-12
8910.9  3.669182E-12
8913.8  3.647827E-12
8916.7  3.617812E-12
8919.6  3.584999E-12
8922.5  3.559328E-12
8925.4  3.545484E-12
8928.3  3.541110E-12
8931.2  3.544462E-12
8934.1  3.553991E-12
8937.  3.563815E-12
8939.9  3.567396E-12
8942.8  3.562387E-12
8945.7  3.550441E-12
8948.6  3.547879E-12
8951.5  3.565233E-12
8954.4  3.587206E-12
8957.3  3.598537E-12
8960.2  3.589420E-12
8963.1  3.562255E-12
8966.  3.535646E-12
8968.9  3.520223E-12
8971.8  3.517621E-12
8974.7  3.531634E-12
8977.6  3.564700E-12
8980.5  3.578121E-12
8983.4  3.534117E-12
8986.3  3.480786E-12
8989.2  3.468926E-12
8992.1  3.497403E-12
8995.  3.545057E-12
8997.9  3.553070E-12
9000.8  3.514437E-12
9003.7  3.506742E-12
9006.6  3.543422E-12
9009.5  3.577813E-12
9012.4  3.594335E-12
9015.3  3.594324E-12
9018.2  3.579555E-12
9021.1  3.555497E-12
9024.  3.533019E-12
9026.9  3.523195E-12
9029.8  3.537746E-12
9032.7  3.575220E-12
9035.6  3.600559E-12
9038.5  3.600708E-12
9041.4  3.604712E-12
9044.3  3.620213E-12
9047.2  3.632159E-12
9050.1  3.634781E-12
9053.  3.627357E-12
9055.9  3.613726E-12
9058.8  3.599614E-12
9061.7  3.576900E-12
9064.6  3.539691E-12
9067.5  3.512074E-12
9070.4  3.509546E-12
9073.3  3.511701E-12
9076.2  3.500167E-12
9079.1  3.465205E-12
9082.  3.412759E-12
9084.9  3.367436E-12
9087.8  3.342472E-12
9090.7  3.340547E-12
9093.6  3.361014E-12
9096.5  3.399054E-12
9099.4  3.430177E-12
9102.3  3.432319E-12
9105.2  3.431366E-12
9108.1  3.447888E-12
9111.  3.450833E-12
9113.9  3.426870E-12
9116.8  3.406814E-12
9119.7  3.408574E-12
9122.6  3.435277E-12
9125.5  3.457917E-12
9128.4  3.420869E-12
9131.3  3.357056E-12
9134.2  3.339398E-12
9137.1  3.354939E-12
9140.  3.365292E-12
9142.9  3.349805E-12
9145.8  3.300210E-12
9148.7  3.240090E-12
9151.6  3.197941E-12
9154.5  3.202757E-12
9157.4  3.252328E-12
9160.3  3.301577E-12
9163.2  3.311056E-12
9166.1  3.249745E-12
9169.  3.152785E-12
9171.9  3.091660E-12
9174.8  3.091011E-12
9177.7  3.149333E-12
9180.6  3.223405E-12
9183.5  3.267738E-12
9186.4  3.281099E-12
9189.3  3.271649E-12
9192.2  3.250732E-12
9195.1  3.232746E-12
9198.  3.233988E-12
9200.9  3.249340E-12
9203.8  3.251407E-12
9206.7  3.236762E-12
9209.6  3.217987E-12
9212.5  3.209297E-12
9215.4  3.223290E-12
9218.3  3.257856E-12
9221.2  3.302665E-12
9224.1  3.330579E-12
9227.  3.325590E-12
9229.9  3.312343E-12
9232.8  3.307023E-12
9235.7  3.303023E-12
9238.6  3.293879E-12
9241.5  3.272038E-12
9244.4  3.245958E-12
9247.3  3.235548E-12
9250.2  3.239557E-12
9253.1  3.247313E-12
9256.  3.251905E-12
9258.9  3.249950E-12
9261.8  3.259377E-12
9264.7  3.289458E-12
9267.6  3.308620E-12
9270.5  3.295556E-12
9273.4  3.256719E-12
9276.3  3.207349E-12
9279.2  3.172620E-12
9282.1  3.159717E-12
9285.  3.159912E-12
9287.9  3.158462E-12
9290.8  3.139691E-12
9293.7  3.114917E-12
9296.6  3.103221E-12
9299.5  3.119790E-12
9302.4  3.166320E-12
9305.3  3.199158E-12
9308.2  3.189399E-12
9311.1  3.156541E-12
9314.  3.116471E-12
9316.9  3.072675E-12
9319.8  3.044292E-12
9322.7  3.061084E-12
9325.6  3.109558E-12
9328.5  3.152396E-12
9331.4  3.149229E-12
9334.3  3.072364E-12
9337.2  2.972494E-12
9340.1  2.912205E-12
9343.  2.927590E-12
9345.9  3.015028E-12
9348.8  3.081416E-12
9351.7  3.075388E-12
9354.6  3.024926E-12
9357.5  2.977550E-12
9360.4  3.004492E-12
9363.3  3.061312E-12
9366.2  3.030417E-12
9369.1  2.956751E-12
9372.  2.939611E-12
9374.9  2.932281E-12
9377.8  2.878125E-12
9380.7  2.849875E-12
9383.6  2.902362E-12
9386.5  2.991939E-12
9389.4  3.075089E-12
9392.3  3.124515E-12
9395.2  3.126403E-12
9398.1  3.084983E-12
9401.  3.026183E-12
9403.9  2.990375E-12
9406.8  2.972468E-12
9409.7  2.947192E-12
9412.6  2.933930E-12
9415.5  2.953844E-12
9418.4  2.971367E-12
9421.3  2.956891E-12
9424.2  2.924744E-12
9427.1  2.902666E-12
9430.  2.950149E-12
9432.9  3.035482E-12
9435.8  2.995643E-12
9438.7  2.862384E-12
9441.6  2.823136E-12
9444.5  2.890739E-12
9447.4  2.989881E-12
9450.3  3.045014E-12
9453.2  2.998551E-12
9456.1  2.930772E-12
9459.  2.926633E-12
9461.9  2.972552E-12
9464.8  3.037211E-12
9467.7  3.073017E-12
9470.6  3.061682E-12
9473.5  3.035331E-12
9476.4  3.015335E-12
9479.3  3.008440E-12
9482.2  3.037080E-12
9485.1  3.125799E-12
9488.  3.197867E-12
9490.9  3.160648E-12
9493.8  3.054430E-12
9496.7  2.953239E-12
9499.6  2.939702E-12
9502.5  3.045829E-12
9505.4  3.172843E-12
9508.3  3.240954E-12
9511.2  3.222663E-12
9514.1  3.136688E-12
9517.  3.050530E-12
9519.9  3.011921E-12
9522.8  3.048468E-12
9525.7  3.127531E-12
9528.6  3.192033E-12
9531.5  3.230124E-12
9534.4  3.242957E-12
9537.3  3.226532E-12
9540.2  3.187707E-12
9543.1  3.160770E-12
9546.  3.157817E-12
9548.9  3.142938E-12
9551.8  3.110912E-12
9554.7  3.094923E-12
9557.6  3.097829E-12
9560.5  3.102224E-12
9563.4  3.104145E-12
9566.3  3.104806E-12
9569.2  3.125007E-12
9572.1  3.179426E-12
9575.  3.209093E-12
9577.9  3.172125E-12
9580.8  3.127958E-12
9583.7  3.113339E-12
9586.6  3.092903E-12
9589.5  3.063198E-12
9592.4  3.065638E-12
9595.3  3.094955E-12
9598.2  3.110114E-12
9601.1  3.109988E-12
9604.  3.112205E-12
9606.9  3.132392E-12
9609.8  3.179030E-12
9612.7  3.212347E-12
9615.6  3.198540E-12
9618.5  3.158848E-12
9621.4  3.122603E-12
9624.3  3.124340E-12
9627.2  3.164305E-12
9630.1  3.190453E-12
9633.  3.180353E-12
9635.9  3.140520E-12
9638.8  3.095295E-12
9641.7  3.078418E-12
9644.6  3.087699E-12
9647.5  3.106145E-12
9650.4  3.122553E-12
9653.3  3.127701E-12
9656.2  3.115946E-12
9659.1  3.090698E-12
9662.  3.073598E-12
9664.9  3.078132E-12
9667.8  3.102680E-12
9670.7  3.133696E-12
9673.6  3.145637E-12
9676.5  3.138672E-12
9679.4  3.130014E-12
9682.3  3.129424E-12
9685.2  3.142011E-12
9688.1  3.152427E-12
9691.  3.145722E-12
9693.9  3.138686E-12
9696.8  3.145410E-12
9699.7  3.158034E-12
9702.6  3.168971E-12
9705.5  3.173722E-12
9708.4  3.171855E-12
9711.3  3.168348E-12
9714.2  3.166337E-12
9717.1  3.167261E-12
9720.  3.169923E-12
9722.9  3.171498E-12
9725.8  3.171410E-12
9728.7  3.169034E-12
9731.6  3.154505E-12
9734.5  3.125386E-12
9737.4  3.108127E-12
9740.3  3.117427E-12
9743.2  3.138348E-12
9746.1  3.157973E-12
9749.  3.168251E-12
9751.9  3.165907E-12
9754.8  3.152973E-12
9757.7  3.138479E-12
9760.6  3.133826E-12
9763.5  3.141416E-12
9766.4  3.158288E-12
9769.3  3.169274E-12
9772.2  3.163043E-12
9775.1  3.153813E-12
9778.  3.151018E-12
9780.9  3.144636E-12
9783.8  3.132080E-12
9786.7  3.121019E-12
9789.6  3.121782E-12
9792.5  3.147815E-12
9795.4  3.183992E-12
9798.3  3.200156E-12
9801.2  3.206819E-12
9804.1  3.225756E-12
9807.  3.248432E-12
9809.9  3.262250E-12
9812.8  3.262804E-12
9815.7  3.251379E-12
9818.6  3.242757E-12
9821.5  3.242821E-12
9824.4  3.239531E-12
9827.3  3.232436E-12
9830.2  3.233236E-12
9833.1  3.242795E-12
9836.  3.255111E-12
9838.9  3.268147E-12
9841.8  3.280947E-12
9844.7  3.285847E-12
9847.6  3.277801E-12
9850.5  3.271521E-12
9853.4  3.277565E-12
9856.3  3.284873E-12
9859.2  3.285924E-12
9862.1  3.282836E-12
9865.  3.278439E-12
9867.9  3.276182E-12
9870.8  3.279862E-12
9873.7  3.292825E-12
9876.6  3.306877E-12
9879.5  3.309798E-12
9882.4  3.302458E-12
9885.3  3.290120E-12
9888.2  3.278586E-12
9891.1  3.271995E-12
9894.  3.268220E-12
9896.9  3.263598E-12
9899.8  3.252569E-12
9902.7  3.236349E-12
9905.6  3.225294E-12
9908.5  3.223363E-12
9911.4  3.228970E-12
9914.3  3.237399E-12
9917.2  3.242449E-12
9920.1  3.244446E-12
9923.  3.245869E-12
9925.9  3.245389E-12
9928.8  3.242846E-12
9931.7  3.244280E-12
9934.6  3.253284E-12
9937.5  3.267091E-12
9940.4  3.280917E-12
9943.3  3.287298E-12
9946.2  3.286907E-12
9949.1  3.288353E-12
9952.  3.291112E-12
9954.9  3.289955E-12
9957.8  3.284265E-12
9960.7  3.275594E-12
9963.6  3.272876E-12
9966.5  3.282276E-12
9969.4  3.291438E-12
9972.3  3.290391E-12
9975.2  3.281625E-12
9978.1  3.270514E-12
9981.  3.266028E-12
9983.9  3.269833E-12
9986.8  3.275660E-12
9989.7  3.276305E-12
9992.6  3.264881E-12
9995.5  3.245244E-12
9998.4  3.226003E-12
10001.3  3.217034E-12
10004.2  3.224170E-12
10007.1  3.232372E-12
10010.  3.230198E-12
10012.9  3.227386E-12
10015.8  3.231608E-12
10018.7  3.244289E-12
10021.6  3.262201E-12
10024.5  3.275798E-12
10027.4  3.287014E-12
10030.3  3.306207E-12
10033.2  3.331999E-12
10036.1  3.357969E-12
10039.  3.388025E-12
10041.9  3.425432E-12
10044.8  3.457437E-12
10047.7  3.471494E-12
10050.6  3.464082E-12
10053.5  3.436682E-12
10056.4  3.399809E-12
10059.3  3.355761E-12
10062.2  3.292522E-12
10065.1  3.224831E-12
10068.  3.187989E-12
10070.9  3.177862E-12
10073.8  3.170751E-12
10076.7  3.161473E-12
10079.6  3.151125E-12
10082.5  3.146188E-12
10085.4  3.152034E-12
10088.3  3.161972E-12
10091.2  3.171927E-12
10094.1  3.187705E-12
10097.  3.210232E-12
10099.9  3.232965E-12
10102.8  3.252201E-12
10105.7  3.266888E-12
10108.6  3.276637E-12
10111.5  3.282056E-12
10114.4  3.281683E-12
10117.3  3.274615E-12
10120.2  3.269717E-12
10123.1  3.274787E-12
10126.  3.284632E-12
10128.9  3.293343E-12
10131.8  3.298859E-12
10134.7  3.299409E-12
10137.6  3.293534E-12
10140.5  3.283681E-12
10143.4  3.276239E-12
10146.3  3.271878E-12
10149.2  3.267285E-12
10152.1  3.265777E-12
10155.  3.272058E-12
10157.9  3.276463E-12
10160.8  3.270396E-12
10163.7  3.270760E-12
10166.6  3.287860E-12
10169.5  3.299244E-12
10172.4  3.296574E-12
10175.3  3.305104E-12
10178.2  3.321751E-12
10181.1  3.309240E-12
10184.  3.271951E-12
10186.9  3.242495E-12
10189.8  3.237821E-12
10192.7  3.264490E-12
10195.6  3.291478E-12
10198.5  3.285130E-12
10201.4  3.264648E-12
10204.3  3.252611E-12
10207.2  3.250138E-12
10210.1  3.253430E-12
10213.  3.248676E-12
10215.9  3.237742E-12
10218.8  3.246053E-12
10221.7  3.270126E-12
10224.6  3.282532E-12
10227.5  3.286363E-12
10230.4  3.298844E-12
10233.3  3.301297E-12
10236.2  3.272471E-12
10239.1  3.244898E-12
10242.  3.249455E-12
10244.9  3.272750E-12
10247.8  3.297751E-12
10250.7  3.312376E-12
10253.6  3.308599E-12
10256.5  3.284922E-12
10259.4  3.253565E-12
10262.3  3.238964E-12
10265.2  3.239498E-12
10268.1  3.238481E-12
10271.  3.240355E-12
10273.9  3.254518E-12
10276.8  3.278184E-12
10279.7  3.304241E-12
10282.6  3.318725E-12
10285.5  3.312772E-12
10288.4  3.290242E-12
10291.3  3.264082E-12
10294.2  3.262847E-12
10297.1  3.277901E-12
10300.  3.260085E-12
10302.9  3.216741E-12
10305.8  3.190703E-12
10308.7  3.183388E-12
10311.6  3.180887E-12
10314.5  3.192211E-12
10317.4  3.223286E-12
10320.3  3.242932E-12
10323.2  3.229588E-12
10326.1  3.203077E-12
10329.  3.183497E-12
10331.9  3.185976E-12
10334.8  3.205715E-12
10337.7  3.212464E-12
10340.6  3.204817E-12
10343.5  3.203261E-12
10346.4  3.203423E-12
10349.3  3.192322E-12
10352.2  3.192196E-12
10355.1  3.224965E-12
10358.  3.258037E-12
10360.9  3.261952E-12
10363.8  3.248817E-12
10366.7  3.232701E-12
10369.6  3.222888E-12
10372.5  3.224923E-12
10375.4  3.238273E-12
10378.3  3.254023E-12
10381.2  3.257136E-12
10384.1  3.246342E-12
10387.  3.228356E-12
10389.9  3.206665E-12
10392.8  3.184513E-12
10395.7  3.167841E-12
10398.6  3.160480E-12
10401.5  3.154633E-12
10404.4  3.150428E-12
10407.3  3.173210E-12
10410.2  3.221606E-12
10413.1  3.253278E-12
10416.  3.254908E-12
10418.9  3.241418E-12
10421.8  3.219122E-12
10424.7  3.191152E-12
10427.6  3.171770E-12
10430.5  3.174861E-12
10433.4  3.199611E-12
10436.3  3.235707E-12
10439.2  3.241841E-12
10442.1  3.205820E-12
10445.  3.210415E-12
10447.9  3.272493E-12
10450.8  3.285014E-12
10453.7  3.230273E-12
10456.6  3.184868E-12
10459.5  3.168609E-12
10462.4  3.167282E-12
10465.3  3.162243E-12
10468.2  3.135102E-12
10471.1  3.104716E-12
10474.  3.096427E-12
10476.9  3.117445E-12
10479.8  3.165568E-12
10482.7  3.225193E-12
10485.6  3.273262E-12
10488.5  3.275609E-12
10491.4  3.235766E-12
10494.3  3.201374E-12
10497.2  3.190298E-12
10500.1  3.198994E-12
10503.  3.196345E-12
10505.9  3.144841E-12
10508.8  3.093695E-12
10511.7  3.103462E-12
10514.6  3.152670E-12
10517.5  3.211586E-12
10520.4  3.280459E-12
10523.3  3.346252E-12
10526.2  3.368228E-12
10529.1  3.332236E-12
10532.  3.258379E-12
10534.9  3.175318E-12
10537.8  3.116859E-12
10540.7  3.089706E-12
10543.6  3.083347E-12
10546.5  3.084147E-12
10549.4  3.078826E-12
10552.3  3.061645E-12
10555.2  3.037213E-12
10558.1  3.037142E-12
10561.  3.082834E-12
10563.9  3.169655E-12
10566.8  3.267333E-12
10569.7  3.311874E-12
10572.6  3.287048E-12
10575.5  3.223728E-12
10578.4  3.156741E-12
10581.3  3.120416E-12
10584.2  3.132000E-12
10587.1  3.191888E-12
10590.  3.234956E-12
10592.9  3.208566E-12
10595.8  3.192006E-12
10598.7  3.232132E-12
10601.6  3.239984E-12
10604.5  3.177612E-12
10607.4  3.096890E-12
10610.3  3.054780E-12
10613.2  3.116576E-12
10616.1  3.232783E-12
10619.  3.278615E-12
10621.9  3.287504E-12
10624.8  3.343003E-12
10627.7  3.349655E-12
10630.6  3.212318E-12
10633.5  3.024128E-12
10636.4  2.890163E-12
10639.3  2.861837E-12
10642.2  2.953464E-12
10645.1  3.123954E-12
10648.  3.299207E-12
10650.9  3.373191E-12
10653.8  3.356988E-12
10656.7  3.349320E-12
10659.6  3.353054E-12
10662.5  3.330794E-12
10665.4  3.265211E-12
10668.3  3.152376E-12
10671.2  3.036629E-12
10674.1  2.960730E-12
10677.  2.921268E-12
10679.9  2.925125E-12
10682.8  3.018671E-12
10685.7  3.179616E-12
10688.6  3.295318E-12
10691.5  3.336486E-12
10694.4  3.348808E-12
10697.3  3.307316E-12
10700.2  3.163592E-12
10703.1  3.030282E-12
10706.  3.035930E-12
10708.9  3.076471E-12
10711.8  3.042413E-12
10714.7  2.981810E-12
10717.6  2.950468E-12
10720.5  2.992574E-12
10723.4  3.100270E-12
10726.3  3.179727E-12
10729.2  3.221750E-12
10732.1  3.294372E-12
10735.  3.401180E-12
10737.9  3.512568E-12
10740.8  3.513427E-12
10743.7  3.296702E-12
10746.6  3.054057E-12
10749.5  2.980610E-12
10752.4  2.967253E-12
10755.3  2.924975E-12
10758.2  2.926591E-12
10761.1  3.005985E-12
10764.  3.129399E-12
10766.9  3.259682E-12
10769.8  3.363719E-12
10772.7  3.370218E-12
10775.6  3.193869E-12
10778.5  2.990117E-12
10781.4  2.981600E-12
10784.3  3.027137E-12
10787.2  2.957704E-12
10790.1  2.968236E-12
10793.  3.191518E-12
10795.9  3.457306E-12
10798.8  3.598565E-12
10801.7  3.464320E-12
10804.6  3.169184E-12
10807.5  3.167776E-12
10810.4  3.363118E-12
10813.3  3.260919E-12
10816.2  3.005935E-12
10819.1  2.988847E-12
10822.  3.093389E-12
10824.9  3.107940E-12
10827.8  3.080044E-12
10830.7  3.073913E-12
10833.6  3.090352E-12
10836.5  3.116244E-12
10839.4  3.100122E-12
10842.3  3.056854E-12
10845.2  3.098340E-12
10848.1  3.201231E-12
10851.  3.237611E-12
10853.9  3.178829E-12
10856.8  3.052576E-12
10859.7  2.974264E-12
10862.6  3.056766E-12
10865.5  3.237013E-12
10868.4  3.404231E-12
10871.3  3.417152E-12
10874.2  3.221150E-12
10877.1  2.959433E-12
10880.  2.769716E-12
10882.9  2.755412E-12
10885.8  2.900331E-12
10888.7  3.074798E-12
10891.6  3.166991E-12
10894.5  3.093263E-12
10897.4  2.918931E-12
10900.3  2.767040E-12
10903.2  2.731458E-12
10906.1  2.855907E-12
10909.  3.027457E-12
10911.9  3.130759E-12
10914.8  3.114226E-12
10917.7  2.983339E-12
10920.6  2.863025E-12
10923.5  2.691840E-12
10926.4  2.163345E-12
10929.3  1.682610E-12
10932.2  2.063794E-12
10935.1  2.708865E-12
10938.  2.587247E-12
10940.9  2.072566E-12
10943.8  1.780114E-12
10946.7  1.735331E-12
10949.6  1.847220E-12
10952.5  1.871067E-12
10955.4  1.703793E-12
10958.3  1.570147E-12
10961.2  1.568502E-12
10964.1  1.637901E-12
10967.  1.717916E-12
10969.9  1.742763E-12
10972.8  1.688603E-12
10975.7  1.563188E-12
10978.6  1.399252E-12
10981.5  1.241962E-12
10984.4  1.148667E-12
10987.3  1.151835E-12
10990.2  1.214682E-12
10993.1  1.282140E-12
10996.  1.278542E-12
10998.9  1.202544E-12
