3050.  2.381542E-11
3052.9  2.480724E-11
3055.8  2.395912E-11
3058.7  2.435629E-11
3061.6  2.439027E-11
3064.5  2.425374E-11
3067.4  2.374208E-11
3070.3  2.383372E-11
3073.2  2.421120E-11
3076.1  2.429845E-11
3079.  2.404956E-11
3081.9  2.345535E-11
3084.8  2.382086E-11
3087.7  2.431722E-11
3090.6  2.431896E-11
3093.5  2.323160E-11
3096.4  2.327423E-11
3099.3  2.316245E-11
3102.2  2.329045E-11
3105.1  2.293359E-11
3108.  2.243661E-11
3110.9  2.229976E-11
3113.8  2.266955E-11
3116.7  2.289992E-11
3119.6  2.265168E-11
3122.5  2.248330E-11
3125.4  2.228839E-11
3128.3  2.225846E-11
3131.2  2.288612E-11
3134.1  2.249572E-11
3137.  2.236425E-11
3139.9  2.271317E-11
3142.8  2.269547E-11
3145.7  2.242603E-11
3148.6  2.221467E-11
3151.5  2.214073E-11
3154.4  2.208770E-11
3157.3  2.186651E-11
3160.2  2.192026E-11
3163.1  2.210289E-11
3166.  2.199189E-11
3168.9  2.202765E-11
3171.8  2.193571E-11
3174.7  2.174990E-11
3177.6  2.170971E-11
3180.5  2.148001E-11
3183.4  2.158226E-11
3186.3  2.145645E-11
3189.2  2.139652E-11
3192.1  2.151588E-11
3195.  2.156167E-11
3197.9  2.158250E-11
3200.8  2.153948E-11
3203.7  2.124772E-11
3206.6  2.119647E-11
3209.5  2.136903E-11
3212.4  2.133500E-11
3215.3  2.126677E-11
3218.2  2.136584E-11
3221.1  2.109520E-11
3224.  2.075265E-11
3226.9  2.086257E-11
3229.8  2.105200E-11
3232.7  2.112355E-11
3235.6  2.111771E-11
3238.5  2.091354E-11
3241.4  2.088915E-11
3244.3  2.101730E-11
3247.2  2.099072E-11
3250.1  2.101365E-11
3253.  2.091240E-11
3255.9  2.099995E-11
3258.8  2.093890E-11
3261.7  2.081115E-11
3264.6  2.076289E-11
3267.5  2.088476E-11
3270.4  2.088332E-11
3273.3  2.055723E-11
3276.2  2.060106E-11
3279.1  2.071309E-11
3282.  2.066417E-11
3284.9  2.082892E-11
3287.8  2.081404E-11
3290.7  2.077900E-11
3293.6  2.073261E-11
3296.5  2.074462E-11
3299.4  2.059211E-11
3302.3  2.065055E-11
3305.2  2.053658E-11
3308.1  2.045077E-11
3311.  2.028394E-11
3313.9  2.030087E-11
3316.8  2.023933E-11
3319.7  2.008444E-11
3322.6  2.012760E-11
3325.5  2.006693E-11
3328.4  2.008776E-11
3331.3  2.006707E-11
3334.2  2.005375E-11
3337.1  2.006850E-11
3340.  1.991307E-11
3342.9  1.995418E-11
3345.8  1.975940E-11
3348.7  1.985858E-11
3351.6  2.006510E-11
3354.5  1.985699E-11
3357.4  1.968657E-11
3360.3  1.963761E-11
3363.2  1.989059E-11
3366.1  1.993483E-11
3369.  1.986252E-11
3371.9  1.979769E-11
3374.8  1.978165E-11
3377.7  1.960835E-11
3380.6  1.954209E-11
3383.5  1.962113E-11
3386.4  1.972814E-11
3389.3  1.981478E-11
3392.2  1.973682E-11
3395.1  1.964773E-11
3398.  1.971981E-11
3400.9  1.979532E-11
3403.8  1.975160E-11
3406.7  1.975101E-11
3409.6  1.972575E-11
3412.5  1.956451E-11
3415.4  1.963452E-11
3418.3  1.955986E-11
3421.2  1.961431E-11
3424.1  1.957334E-11
3427.  1.945267E-11
3429.9  1.953012E-11
3432.8  1.956019E-11
3435.7  1.935613E-11
3438.6  1.926337E-11
3441.5  1.941739E-11
3444.4  1.962827E-11
3447.3  1.957740E-11
3450.2  1.932119E-11
3453.1  1.927161E-11
3456.  1.929648E-11
3458.9  1.913923E-11
3461.8  1.926416E-11
3464.7  1.938828E-11
3467.6  1.933428E-11
3470.5  1.929038E-11
3473.4  1.937631E-11
3476.3  1.925813E-11
3479.2  1.920347E-11
3482.1  1.919067E-11
3485.  1.921292E-11
3487.9  1.922633E-11
3490.8  1.904836E-11
3493.7  1.908247E-11
3496.6  1.919194E-11
3499.5  1.929274E-11
3502.4  1.930662E-11
3505.3  1.939468E-11
3508.2  1.946114E-11
3511.1  1.938528E-11
3514.  1.931602E-11
3516.9  1.935563E-11
3519.8  1.937847E-11
3522.7  1.928040E-11
3525.6  1.936453E-11
3528.5  1.938504E-11
3531.4  1.930247E-11
3534.3  1.931477E-11
3537.2  1.924999E-11
3540.1  1.925165E-11
3543.  1.921420E-11
3545.9  1.930365E-11
3548.8  1.945204E-11
3551.7  1.935477E-11
3554.6  1.939191E-11
3557.5  1.927392E-11
3560.4  1.919762E-11
3563.3  1.907343E-11
3566.2  1.913108E-11
3569.1  1.915421E-11
3572.  1.920119E-11
3574.9  1.916456E-11
3577.8  1.908320E-11
3580.7  1.926575E-11
3583.6  1.937105E-11
3586.5  1.915731E-11
3589.4  1.909834E-11
3592.3  1.905015E-11
3595.2  1.909945E-11
3598.1  1.903304E-11
3601.  1.893164E-11
3603.9  1.894543E-11
3606.8  1.887207E-11
3609.7  1.908502E-11
3612.6  1.910588E-11
3615.5  1.904445E-11
3618.4  1.891327E-11
3621.3  1.892712E-11
3624.2  1.896060E-11
3627.1  1.892955E-11
3630.  1.904084E-11
3632.9  1.912312E-11
3635.8  1.912267E-11
3638.7  1.916443E-11
3641.6  1.913510E-11
3644.5  1.908286E-11
3647.4  1.913274E-11
3650.3  1.912212E-11
3653.2  1.900796E-11
3656.1  1.908854E-11
3659.  1.916822E-11
3661.9  1.911385E-11
3664.8  1.914612E-11
3667.7  1.910382E-11
3670.6  1.898372E-11
3673.5  1.900371E-11
3676.4  1.902370E-11
3679.3  1.904369E-11
3682.2  1.906368E-11
3685.1  1.908367E-11
3688.  1.910366E-11
3690.9  1.912364E-11
3693.8  1.914363E-11
3696.7  1.916362E-11
3699.6  1.918361E-11
3702.5  1.922369E-11
3705.4  1.950298E-11
3708.3  1.964043E-11
3711.2  1.999156E-11
3714.1  2.043617E-11
3717.  2.030685E-11
3719.9  2.023321E-11
3722.8  2.129668E-11
3725.7  2.211246E-11
3728.6  2.143761E-11
3731.5  2.080140E-11
3734.4  2.176022E-11
3737.3  2.393736E-11
3740.2  2.514167E-11
3743.1  2.327267E-11
3746.  2.109939E-11
3748.9  2.150769E-11
3751.8  2.463984E-11
3754.7  2.804424E-11
3757.6  2.988191E-11
3760.5  2.822636E-11
3763.4  2.463368E-11
3766.3  2.186983E-11
3769.2  2.139201E-11
3772.1  2.548984E-11
3775.  3.100335E-11
3777.9  3.554174E-11
3780.8  3.696329E-11
3783.7  3.629764E-11
3786.6  3.320466E-11
3789.5  2.795653E-11
3792.4  2.316852E-11
3795.3  2.039216E-11
3798.2  2.254985E-11
3801.1  2.837963E-11
3804.  3.414183E-11
3806.9  3.847339E-11
3809.8  4.126743E-11
3812.7  4.185166E-11
3815.6  4.153304E-11
3818.5  4.027141E-11
3821.4  3.674435E-11
3824.3  3.235541E-11
3827.2  2.630173E-11
3830.1  2.204755E-11
3833.  1.987681E-11
3835.9  2.246336E-11
3838.8  2.825493E-11
3841.7  3.444564E-11
3844.6  3.891930E-11
3847.5  4.266315E-11
3850.4  4.436865E-11
3853.3  4.537711E-11
3856.2  4.608412E-11
3859.1  4.624778E-11
3862.  4.637763E-11
3864.9  4.595197E-11
3867.8  4.506818E-11
3870.7  4.347539E-11
3873.6  4.075898E-11
3876.5  3.652265E-11
3879.4  3.093533E-11
3882.3  2.478916E-11
3885.2  2.154158E-11
3888.1  2.119965E-11
3891.  2.578093E-11
3893.9  3.191831E-11
3896.8  3.782930E-11
3899.7  4.184059E-11
3902.6  4.458022E-11
3905.5  4.683248E-11
3908.4  4.821769E-11
3911.3  4.940770E-11
3914.2  4.990425E-11
3917.1  5.031014E-11
3920.  5.043197E-11
3922.9  4.973316E-11
3925.8  4.964251E-11
3928.7  4.888063E-11
3931.6  4.816407E-11
3934.5  4.813717E-11
3937.4  4.991004E-11
3940.3  4.999035E-11
3943.2  4.942536E-11
3946.1  4.846615E-11
3949.  4.695985E-11
3951.9  4.451967E-11
3954.8  4.104921E-11
3957.7  3.706815E-11
3960.6  3.100001E-11
3963.5  2.505801E-11
3966.4  2.147330E-11
3969.3  2.140083E-11
3972.2  2.632178E-11
3975.1  3.294780E-11
3978.  3.886249E-11
3980.9  4.288445E-11
3983.8  4.525437E-11
3986.7  4.689455E-11
3989.6  4.827278E-11
3992.5  4.896687E-11
3995.4  4.928452E-11
3998.3  4.929282E-11
4001.2  4.938275E-11
4004.1  4.940304E-11
4007.  4.912792E-11
4009.9  4.896701E-11
4012.8  4.886169E-11
4015.7  4.897133E-11
4018.6  4.874034E-11
4021.5  4.801779E-11
4024.4  4.762169E-11
4027.3  4.747821E-11
4030.2  4.744026E-11
4033.1  4.748923E-11
4036.  4.736569E-11
4038.9  4.735792E-11
4041.8  4.676086E-11
4044.7  4.665802E-11
4047.6  4.642148E-11
4050.5  4.617601E-11
4053.4  4.579955E-11
4056.3  4.530505E-11
4059.2  4.460020E-11
4062.1  4.445234E-11
4065.  4.400015E-11
4067.9  4.371953E-11
4070.8  4.294655E-11
4073.7  4.215257E-11
4076.6  4.126932E-11
4079.5  4.015061E-11
4082.4  3.833328E-11
4085.3  3.594408E-11
4088.2  3.307434E-11
4091.1  2.950712E-11
4094.  2.416704E-11
4096.9  1.968032E-11
4099.8  1.852347E-11
4102.7  2.135234E-11
4105.6  2.655337E-11
4108.5  3.123576E-11
4111.4  3.443833E-11
4114.3  3.680408E-11
4117.2  3.857758E-11
4120.1  4.003420E-11
4123.  4.044498E-11
4125.9  4.060657E-11
4128.8  4.111143E-11
4131.7  4.165482E-11
4134.6  4.204496E-11
4137.5  4.223180E-11
4140.4  4.235849E-11
4143.3  4.239303E-11
4146.2  4.231766E-11
4149.1  4.234391E-11
4152.  4.249744E-11
4154.9  4.261258E-11
4157.8  4.263651E-11
4160.7  4.250261E-11
4163.6  4.249421E-11
4166.5  4.252280E-11
4169.4  4.250358E-11
4172.3  4.233245E-11
4175.2  4.219234E-11
4178.1  4.255848E-11
4181.  4.273479E-11
4183.9  4.247179E-11
4186.8  4.226992E-11
4189.7  4.245575E-11
4192.6  4.238883E-11
4195.5  4.218865E-11
4198.4  4.208656E-11
4201.3  4.222201E-11
4204.2  4.261371E-11
4207.1  4.288004E-11
4210.  4.193905E-11
4212.9  4.186125E-11
4215.8  4.206338E-11
4218.7  4.191087E-11
4221.6  4.153469E-11
4224.5  4.096469E-11
4227.4  4.124525E-11
4230.3  4.123201E-11
4233.2  4.129361E-11
4236.1  4.132808E-11
4239.  4.151411E-11
4241.9  4.133202E-11
4244.8  4.069125E-11
4247.7  4.072673E-11
4250.6  4.012432E-11
4253.5  4.042964E-11
4256.4  4.044071E-11
4259.3  4.030474E-11
4262.2  4.021857E-11
4265.1  4.006590E-11
4268.  3.997537E-11
4270.9  3.950021E-11
4273.8  3.945569E-11
4276.7  3.939331E-11
4279.6  3.941436E-11
4282.5  3.953451E-11
4285.4  3.940801E-11
4288.3  3.930399E-11
4291.2  3.910794E-11
4294.1  3.917781E-11
4297.  3.834065E-11
4299.9  3.818322E-11
4302.8  3.801167E-11
4305.7  3.786521E-11
4308.6  3.776520E-11
4311.5  3.735907E-11
4314.4  3.675675E-11
4317.3  3.591838E-11
4320.2  3.478815E-11
4323.1  3.308600E-11
4326.  3.066287E-11
4328.9  2.738557E-11
4331.8  2.385547E-11
4334.7  1.978240E-11
4337.6  1.695100E-11
4340.5  1.797110E-11
4343.4  2.144033E-11
4346.3  2.517817E-11
4349.2  2.920032E-11
4352.1  3.196851E-11
4355.  3.403418E-11
4357.9  3.523553E-11
4360.8  3.594083E-11
4363.7  3.617262E-11
4366.6  3.651726E-11
4369.5  3.681207E-11
4372.4  3.722017E-11
4375.3  3.676068E-11
4378.2  3.656748E-11
4381.1  3.625033E-11
4384.  3.610038E-11
4386.9  3.616866E-11
4389.8  3.634362E-11
4392.7  3.636549E-11
4395.6  3.635479E-11
4398.5  3.626215E-11
4401.4  3.629253E-11
4404.3  3.652278E-11
4407.2  3.667608E-11
4410.1  3.663453E-11
4413.  3.616604E-11
4415.9  3.586185E-11
4418.8  3.587936E-11
4421.7  3.597474E-11
4424.6  3.600412E-11
4427.5  3.595136E-11
4430.4  3.594232E-11
4433.3  3.593161E-11
4436.2  3.593364E-11
4439.1  3.593726E-11
4442.  3.587799E-11
4444.9  3.568155E-11
4447.8  3.556749E-11
4450.7  3.545570E-11
4453.6  3.525989E-11
4456.5  3.506564E-11
4459.4  3.500117E-11
4462.3  3.520791E-11
4465.2  3.575535E-11
4468.1  3.684118E-11
4471.  3.708280E-11
4473.9  3.603010E-11
4476.8  3.455973E-11
4479.7  3.412961E-11
4482.6  3.438447E-11
4485.5  3.449277E-11
4488.4  3.445201E-11
4491.3  3.444913E-11
4494.2  3.442183E-11
4497.1  3.430732E-11
4500.  3.427574E-11
4502.9  3.425156E-11
4505.8  3.415791E-11
4508.7  3.406267E-11
4511.6  3.396487E-11
4514.5  3.395110E-11
4517.4  3.375322E-11
4520.3  3.380638E-11
4523.2  3.415134E-11
4526.1  3.415221E-11
4529.  3.378350E-11
4531.9  3.334354E-11
4534.8  3.335443E-11
4537.7  3.327379E-11
4540.6  3.350256E-11
4543.5  3.335794E-11
4546.4  3.311620E-11
4549.3  3.307468E-11
4552.2  3.296282E-11
4555.1  3.314082E-11
4558.  3.320475E-11
4560.9  3.316735E-11
4563.8  3.325390E-11
4566.7  3.318014E-11
4569.6  3.321728E-11
4572.5  3.292896E-11
4575.4  3.267339E-11
4578.3  3.241610E-11
4581.2  3.226320E-11
4584.1  3.219063E-11
4587.  3.236527E-11
4589.9  3.256476E-11
4592.8  3.246942E-11
4595.7  3.250614E-11
4598.6  3.225624E-11
4601.5  3.209162E-11
4604.4  3.198070E-11
4607.3  3.217471E-11
4610.2  3.208629E-11
4613.1  3.168561E-11
4616.  3.213521E-11
4618.9  3.207273E-11
4621.8  3.213552E-11
4624.7  3.169062E-11
4627.6  3.142795E-11
4630.5  3.129672E-11
4633.4  3.134910E-11
4636.3  3.135929E-11
4639.2  3.137646E-11
4642.1  3.137919E-11
4645.  3.132127E-11
4647.9  3.124819E-11
4650.8  3.124934E-11
4653.7  3.119929E-11
4656.6  3.112552E-11
4659.5  3.104912E-11
4662.4  3.073683E-11
4665.3  3.074588E-11
4668.2  3.083175E-11
4671.1  3.086832E-11
4674.  3.078061E-11
4676.9  3.074543E-11
4679.8  3.069573E-11
4682.7  3.056397E-11
4685.6  3.070059E-11
4688.5  3.073053E-11
4691.4  3.078101E-11
4694.3  3.058659E-11
4697.2  3.027461E-11
4700.1  2.991774E-11
4703.  2.960028E-11
4705.9  2.952698E-11
4708.8  2.966363E-11
4711.7  2.997274E-11
4714.6  3.013962E-11
4717.5  2.986211E-11
4720.4  2.940094E-11
4723.3  2.942141E-11
4726.2  2.955952E-11
4729.1  2.949476E-11
4732.  2.958152E-11
4734.9  2.956855E-11
4737.8  2.950349E-11
4740.7  2.943306E-11
4743.6  2.918258E-11
4746.5  2.899643E-11
4749.4  2.887727E-11
4752.3  2.890493E-11
4755.2  2.899347E-11
4758.1  2.903444E-11
4761.  2.904258E-11
4763.9  2.897198E-11
4766.8  2.887751E-11
4769.7  2.909140E-11
4772.6  2.909585E-11
4775.5  2.907564E-11
4778.4  2.894223E-11
4781.3  2.883208E-11
4784.2  2.866625E-11
4787.1  2.860600E-11
4790.  2.850774E-11
4792.9  2.853681E-11
4795.8  2.854339E-11
4798.7  2.840281E-11
4801.6  2.825586E-11
4804.5  2.819124E-11
4807.4  2.823121E-11
4810.3  2.824612E-11
4813.2  2.810760E-11
4816.1  2.796158E-11
4819.  2.779149E-11
4821.9  2.747623E-11
4824.8  2.723596E-11
4827.7  2.708020E-11
4830.6  2.687058E-11
4833.5  2.653677E-11
4836.4  2.605121E-11
4839.3  2.536171E-11
4842.2  2.453235E-11
4845.1  2.331819E-11
4848.  2.159803E-11
4850.9  1.951166E-11
4853.8  1.695934E-11
4856.7  1.426339E-11
4859.6  1.285726E-11
4862.5  1.382895E-11
4865.4  1.592829E-11
4868.3  1.892869E-11
4871.2  2.106612E-11
4874.1  2.267006E-11
4877.  2.381227E-11
4879.9  2.464529E-11
4882.8  2.519245E-11
4885.7  2.554132E-11
4888.6  2.585605E-11
4891.5  2.610588E-11
4894.4  2.623666E-11
4897.3  2.628680E-11
4900.2  2.637653E-11
4903.1  2.634052E-11
4906.  2.634667E-11
4908.9  2.640015E-11
4911.8  2.636379E-11
4914.7  2.627633E-11
4917.6  2.612580E-11
4920.5  2.593182E-11
4923.4  2.589718E-11
4926.3  2.610559E-11
4929.2  2.625420E-11
4932.1  2.625730E-11
4935.  2.615768E-11
4937.9  2.615199E-11
4940.8  2.610939E-11
4943.7  2.605209E-11
4946.6  2.596154E-11
4949.5  2.581435E-11
4952.4  2.571460E-11
4955.3  2.591320E-11
4958.2  2.596657E-11
4961.1  2.595341E-11
4964.  2.581371E-11
4966.9  2.573928E-11
4969.8  2.574609E-11
4972.7  2.578720E-11
4975.6  2.579697E-11
4978.5  2.573389E-11
4981.4  2.571434E-11
4984.3  2.565682E-11
4987.2  2.554819E-11
4990.1  2.537978E-11
4993.  2.528701E-11
4995.9  2.525753E-11
4998.8  2.509934E-11
5001.7  2.494534E-11
5004.6  2.490171E-11
5007.5  2.482091E-11
5010.4  2.486590E-11
5013.3  2.502438E-11
5016.2  2.504071E-11
5019.1  2.483471E-11
5022.  2.480371E-11
5024.9  2.488307E-11
5027.8  2.485391E-11
5030.7  2.491185E-11
5033.6  2.486370E-11
5036.5  2.470769E-11
5039.4  2.459265E-11
5042.3  2.452540E-11
5045.2  2.454148E-11
5048.1  2.455708E-11
5051.  2.453037E-11
5053.9  2.436665E-11
5056.8  2.434550E-11
5059.7  2.436899E-11
5062.6  2.431287E-11
5065.5  2.428820E-11
5068.4  2.431229E-11
5071.3  2.426676E-11
5074.2  2.422758E-11
5077.1  2.417200E-11
5080.  2.423805E-11
5082.9  2.421089E-11
5085.8  2.418452E-11
5088.7  2.419118E-11
5091.6  2.404431E-11
5094.5  2.392236E-11
5097.4  2.399840E-11
5100.3  2.378296E-11
5103.2  2.379989E-11
5106.1  2.381910E-11
5109.  2.377474E-11
5111.9  2.367230E-11
5114.8  2.346995E-11
5117.7  2.347914E-11
5120.6  2.355093E-11
5123.5  2.357559E-11
5126.4  2.352460E-11
5129.3  2.336303E-11
5132.2  2.324257E-11
5135.1  2.309786E-11
5138.  2.285317E-11
5140.9  2.284539E-11
5143.8  2.303746E-11
5146.7  2.308567E-11
5149.6  2.312787E-11
5152.5  2.310194E-11
5155.4  2.320751E-11
5158.3  2.324596E-11
5161.2  2.297094E-11
5164.1  2.269860E-11
5167.  2.259622E-11
5169.9  2.270761E-11
5172.8  2.286936E-11
5175.7  2.291646E-11
5178.6  2.272740E-11
5181.5  2.261700E-11
5184.4  2.253061E-11
5187.3  2.258114E-11
5190.2  2.259166E-11
5193.1  2.242930E-11
5196.  2.227383E-11
5198.9  2.225937E-11
5201.8  2.229512E-11
5204.7  2.231334E-11
5207.6  2.233314E-11
5210.5  2.230424E-11
5213.4  2.212976E-11
5216.3  2.221242E-11
5219.2  2.231947E-11
5222.1  2.229881E-11
5225.  2.213559E-11
5227.9  2.210569E-11
5230.8  2.209552E-11
5233.7  2.203194E-11
5236.6  2.202149E-11
5239.5  2.207722E-11
5242.4  2.200863E-11
5245.3  2.202847E-11
5248.2  2.199248E-11
5251.1  2.188325E-11
5254.  2.182021E-11
5256.9  2.187002E-11
5259.8  2.187882E-11
5262.7  2.178410E-11
5265.6  2.173242E-11
5268.5  2.170107E-11
5271.4  2.164224E-11
5274.3  2.155165E-11
5277.2  2.153262E-11
5280.1  2.155113E-11
5283.  2.152033E-11
5285.9  2.152854E-11
5288.8  2.153284E-11
5291.7  2.151492E-11
5294.6  2.160462E-11
5297.5  2.146474E-11
5300.4  2.129087E-11
5303.3  2.129355E-11
5306.2  2.130746E-11
5309.1  2.125399E-11
5312.  2.117105E-11
5314.9  2.105725E-11
5317.8  2.097468E-11
5320.7  2.097755E-11
5323.6  2.095093E-11
5326.5  2.089934E-11
5329.4  2.085227E-11
5332.3  2.088628E-11
5335.2  2.083787E-11
5338.1  2.088703E-11
5341.  2.090241E-11
5343.9  2.084547E-11
5346.8  2.068265E-11
5349.7  2.061715E-11
5352.6  2.066922E-11
5355.5  2.069806E-11
5358.4  2.064259E-11
5361.3  2.055682E-11
5364.2  2.062713E-11
5367.1  2.077928E-11
5370.  2.071511E-11
5372.9  2.053128E-11
5375.8  2.054558E-11
5378.7  2.049724E-11
5381.6  2.042258E-11
5384.5  2.054910E-11
5387.4  2.037404E-11
5390.3  2.036198E-11
5393.2  2.036554E-11
5396.1  2.030983E-11
5399.  2.028408E-11
5401.9  2.033966E-11
5404.8  2.022725E-11
5407.7  2.024542E-11
5410.6  2.025030E-11
5413.5  2.021075E-11
5416.4  2.019318E-11
5419.3  2.005410E-11
5422.2  1.997974E-11
5425.1  1.994850E-11
5428.  1.996023E-11
5430.9  1.991946E-11
5433.8  1.993320E-11
5436.7  1.989775E-11
5439.6  1.974344E-11
5442.5  1.969241E-11
5445.4  1.975006E-11
5448.3  1.975921E-11
5451.2  1.969084E-11
5454.1  1.963678E-11
5457.  1.964254E-11
5459.9  1.961199E-11
5462.8  1.952920E-11
5465.7  1.945588E-11
5468.6  1.948252E-11
5471.5  1.946724E-11
5474.4  1.939628E-11
5477.3  1.941707E-11
5480.2  1.934117E-11
5483.1  1.936267E-11
5486.  1.941649E-11
5488.9  1.932704E-11
5491.8  1.924608E-11
5494.7  1.925629E-11
5497.6  1.925296E-11
5500.5  1.916396E-11
5503.4  1.905445E-11
5506.3  1.902958E-11
5509.2  1.902959E-11
5512.1  1.899830E-11
5515.  1.891570E-11
5517.9  1.899654E-11
5520.8  1.903175E-11
5523.7  1.894883E-11
5526.6  1.883847E-11
5529.5  1.878109E-11
5532.4  1.876641E-11
5535.3  1.878478E-11
5538.2  1.875938E-11
5541.1  1.866242E-11
5544.  1.865846E-11
5546.9  1.865497E-11
5549.8  1.867219E-11
5552.7  1.872330E-11
5555.6  1.867251E-11
5558.5  1.865315E-11
5561.4  1.852337E-11
5564.3  1.861830E-11
5567.2  1.862534E-11
5570.1  1.861061E-11
5573.  1.850165E-11
5575.9  1.843741E-11
5578.8  1.842357E-11
5581.7  1.840817E-11
5584.6  1.834191E-11
5587.5  1.818758E-11
5590.4  1.817423E-11
5593.3  1.830242E-11
5596.2  1.823161E-11
5599.1  1.820406E-11
5602.  1.819569E-11
5604.9  1.813275E-11
5607.8  1.810979E-11
5610.7  1.818393E-11
5613.6  1.815291E-11
5616.5  1.805368E-11
5619.4  1.802887E-11
5622.3  1.802821E-11
5625.2  1.802926E-11
5628.1  1.806924E-11
5631.  1.813352E-11
5633.9  1.809428E-11
5636.8  1.799385E-11
5639.7  1.790281E-11
5642.6  1.788077E-11
5645.5  1.779360E-11
5648.4  1.766846E-11
5651.3  1.758707E-11
5654.2  1.756209E-11
5657.1  1.757052E-11
5660.  1.754314E-11
5662.9  1.758090E-11
5665.8  1.759919E-11
5668.7  1.761290E-11
5671.6  1.759703E-11
5674.5  1.759138E-11
5677.4  1.752018E-11
5680.3  1.748862E-11
5683.2  1.751684E-11
5686.1  1.753436E-11
5689.  1.744641E-11
5691.9  1.735267E-11
5694.8  1.737552E-11
5697.7  1.735903E-11
5700.6  1.726276E-11
5703.5  1.724408E-11
5706.4  1.724778E-11
5709.3  1.720261E-11
5712.2  1.723413E-11
5715.1  1.725804E-11
5718.  1.721332E-11
5720.9  1.716195E-11
5723.8  1.715431E-11
5726.7  1.718228E-11
5729.6  1.714798E-11
5732.5  1.710181E-11
5735.4  1.711368E-11
5738.3  1.694210E-11
5741.2  1.696021E-11
5744.1  1.700040E-11
5747.  1.690238E-11
5749.9  1.688797E-11
5752.8  1.690309E-11
5755.7  1.687341E-11
5758.6  1.682099E-11
5761.5  1.678615E-11
5764.4  1.678162E-11
5767.3  1.683466E-11
5770.2  1.678599E-11
5773.1  1.671258E-11
5776.  1.670492E-11
5778.9  1.659374E-11
5781.8  1.652830E-11
5784.7  1.661124E-11
5787.6  1.670568E-11
5790.5  1.670386E-11
5793.4  1.661818E-11
5796.3  1.655556E-11
5799.2  1.652871E-11
5802.1  1.649177E-11
5805.  1.646741E-11
5807.9  1.640552E-11
5810.8  1.634846E-11
5813.7  1.633230E-11
5816.6  1.639071E-11
5819.5  1.638219E-11
5822.4  1.635109E-11
5825.3  1.633374E-11
5828.2  1.630947E-11
5831.1  1.632659E-11
5834.  1.629650E-11
5836.9  1.623967E-11
5839.8  1.619158E-11
5842.7  1.615990E-11
5845.6  1.610824E-11
5848.5  1.604748E-11
5851.4  1.599357E-11
5854.3  1.594788E-11
5857.2  1.587146E-11
5860.1  1.578498E-11
5863.  1.573062E-11
5865.9  1.574660E-11
5868.8  1.581902E-11
5871.7  1.598215E-11
5874.6  1.620106E-11
5877.5  1.621154E-11
5880.4  1.594929E-11
5883.3  1.572968E-11
5886.2  1.555230E-11
5889.1  1.547092E-11
5892.  1.545852E-11
5894.9  1.549697E-11
5897.8  1.552562E-11
5900.7  1.555790E-11
5903.6  1.551876E-11
5906.5  1.538918E-11
5909.4  1.535704E-11
5912.3  1.543832E-11
5915.2  1.545312E-11
5918.1  1.543568E-11
5921.  1.541620E-11
5923.9  1.539209E-11
5926.8  1.536840E-11
5929.7  1.535785E-11
5932.6  1.533398E-11
5935.5  1.528054E-11
5938.4  1.525048E-11
5941.3  1.524684E-11
5944.2  1.522486E-11
5947.1  1.521664E-11
5950.  1.520224E-11
5952.9  1.520863E-11
5955.8  1.519212E-11
5958.7  1.515937E-11
5961.6  1.513193E-11
5964.5  1.511267E-11
5967.4  1.509225E-11
5970.3  1.509870E-11
5973.2  1.509707E-11
5976.1  1.509505E-11
5979.  1.506651E-11
5981.9  1.502293E-11
5984.8  1.497399E-11
5987.7  1.491977E-11
5990.6  1.490874E-11
5993.5  1.489607E-11
5996.4  1.487780E-11
5999.3  1.486249E-11
6002.2  1.484990E-11
6005.1  1.482701E-11
6008.  1.481400E-11
6010.9  1.481873E-11
6013.8  1.481288E-11
6016.7  1.478171E-11
6019.6  1.473476E-11
6022.5  1.473471E-11
6025.4  1.475548E-11
6028.3  1.475740E-11
6031.2  1.470086E-11
6034.1  1.462493E-11
6037.  1.461921E-11
6039.9  1.461047E-11
6042.8  1.462081E-11
6045.7  1.456258E-11
6048.6  1.451313E-11
6051.5  1.450343E-11
6054.4  1.448750E-11
6057.3  1.446275E-11
6060.2  1.448278E-11
6063.1  1.446784E-11
6066.  1.442948E-11
6068.9  1.444384E-11
6071.8  1.439893E-11
6074.7  1.438166E-11
6077.6  1.438039E-11
6080.5  1.436328E-11
6083.4  1.435909E-11
6086.3  1.431741E-11
6089.2  1.426094E-11
6092.1  1.422683E-11
6095.  1.421912E-11
6097.9  1.416733E-11
6100.8  1.415830E-11
6103.7  1.413525E-11
6106.6  1.409665E-11
6109.5  1.405174E-11
6112.4  1.398249E-11
6115.3  1.401276E-11
6118.2  1.404751E-11
6121.1  1.404843E-11
6124.  1.402226E-11
6126.9  1.394484E-11
6129.8  1.389915E-11
6132.7  1.386343E-11
6135.6  1.383863E-11
6138.5  1.386430E-11
6141.4  1.387097E-11
6144.3  1.379261E-11
6147.2  1.370752E-11
6150.1  1.362923E-11
6153.  1.357310E-11
6155.9  1.355477E-11
6158.8  1.360398E-11
6161.7  1.364252E-11
6164.6  1.363582E-11
6167.5  1.358172E-11
6170.4  1.357206E-11
6173.3  1.358796E-11
6176.2  1.358702E-11
6179.1  1.356439E-11
6182.  1.355178E-11
6184.9  1.347534E-11
6187.8  1.341620E-11
6190.7  1.342608E-11
6193.6  1.343714E-11
6196.5  1.339715E-11
6199.4  1.336559E-11
6202.3  1.334336E-11
6205.2  1.333858E-11
6208.1  1.335001E-11
6211.  1.337569E-11
6213.9  1.335116E-11
6216.8  1.333973E-11
6219.7  1.330729E-11
6222.6  1.327415E-11
6225.5  1.325917E-11
6228.4  1.319935E-11
6231.3  1.316796E-11
6234.2  1.310751E-11
6237.1  1.305179E-11
6240.  1.306641E-11
6242.9  1.309265E-11
6245.8  1.307351E-11
6248.7  1.307672E-11
6251.6  1.310072E-11
6254.5  1.309203E-11
6257.4  1.310196E-11
6260.3  1.308511E-11
6263.2  1.305483E-11
6266.1  1.303649E-11
6269.  1.300013E-11
6271.9  1.294661E-11
6274.8  1.291586E-11
6277.7  1.286544E-11
6280.6  1.279924E-11
6283.5  1.278337E-11
6286.4  1.280995E-11
6289.3  1.281718E-11
6292.2  1.282507E-11
6295.1  1.281631E-11
6298.  1.279545E-11
6300.9  1.280694E-11
6303.8  1.283457E-11
6306.7  1.285826E-11
6309.6  1.286354E-11
6312.5  1.272124E-11
6315.4  1.268716E-11
6318.3  1.269812E-11
6321.2  1.269316E-11
6324.1  1.268597E-11
6327.  1.267796E-11
6329.9  1.265479E-11
6332.8  1.263001E-11
6335.7  1.259037E-11
6338.6  1.256206E-11
6341.5  1.249282E-11
6344.4  1.245627E-11
6347.3  1.250620E-11
6350.2  1.246622E-11
6353.1  1.240542E-11
6356.  1.239701E-11
6358.9  1.234152E-11
6361.8  1.226175E-11
6364.7  1.225451E-11
6367.6  1.230274E-11
6370.5  1.237832E-11
6373.4  1.239664E-11
6376.3  1.239173E-11
6379.2  1.237690E-11
6382.1  1.236422E-11
6385.  1.232793E-11
6387.9  1.228717E-11
6390.8  1.229830E-11
6393.7  1.232151E-11
6396.6  1.233090E-11
6399.5  1.232226E-11
6402.4  1.231357E-11
6405.3  1.226806E-11
6408.2  1.217748E-11
6411.1  1.213191E-11
6414.  1.213892E-11
6416.9  1.211697E-11
6419.8  1.209130E-11
6422.7  1.210350E-11
6425.6  1.207200E-11
6428.5  1.203292E-11
6431.4  1.202721E-11
6434.3  1.205165E-11
6437.2  1.208747E-11
6440.1  1.207230E-11
6443.  1.203347E-11
6445.9  1.196662E-11
6448.8  1.190724E-11
6451.7  1.186378E-11
6454.6  1.184839E-11
6457.5  1.185533E-11
6460.4  1.183515E-11
6463.3  1.183455E-11
6466.2  1.185338E-11
6469.1  1.184176E-11
6472.  1.180717E-11
6474.9  1.180709E-11
6477.8  1.182126E-11
6480.7  1.181727E-11
6483.6  1.168384E-11
6486.5  1.165071E-11
6489.4  1.161554E-11
6492.3  1.158442E-11
6495.2  1.156402E-11
6498.1  1.156200E-11
6501.  1.156720E-11
6503.9  1.155198E-11
6506.8  1.151164E-11
6509.7  1.145604E-11
6512.6  1.139125E-11
6515.5  1.132299E-11
6518.4  1.126687E-11
6521.3  1.123027E-11
6524.2  1.118199E-11
6527.1  1.109696E-11
6530.  1.098230E-11
6532.9  1.084136E-11
6535.8  1.067015E-11
6538.7  1.045257E-11
6541.6  1.016155E-11
6544.5  9.785816E-12
6547.4  9.332588E-12
6550.3  8.824339E-12
6553.2  8.304172E-12
6556.1  7.883344E-12
6559.  7.675822E-12
6561.9  7.756821E-12
6564.8  8.130073E-12
6567.7  8.652563E-12
6570.6  9.186076E-12
6573.5  9.644839E-12
6576.4  9.990975E-12
6579.3  1.024750E-11
6582.2  1.043990E-11
6585.1  1.059330E-11
6588.  1.071825E-11
6590.9  1.081599E-11
6593.8  1.088928E-11
6596.7  1.094080E-11
6599.6  1.097687E-11
6602.5  1.100267E-11
6605.4  1.101737E-11
6608.3  1.102185E-11
6611.2  1.102238E-11
6614.1  1.102077E-11
6617.  1.101298E-11
6619.9  1.099875E-11
6622.8  1.098099E-11
6625.7  1.096120E-11
6628.6  1.094054E-11
6631.5  1.092206E-11
6634.4  1.090888E-11
6637.3  1.090531E-11
6640.2  1.091169E-11
6643.1  1.091502E-11
6646.  1.090539E-11
6648.9  1.088350E-11
6651.8  1.085479E-11
6654.7  1.082987E-11
6657.6  1.081756E-11
6660.5  1.082394E-11
6663.4  1.084274E-11
6666.3  1.086028E-11
6669.2  1.087476E-11
6672.1  1.088760E-11
6675.  1.089063E-11
6677.9  1.087601E-11
6680.8  1.084342E-11
6683.7  1.079488E-11
6686.6  1.073155E-11
6689.5  1.066435E-11
6692.4  1.062034E-11
6695.3  1.060174E-11
6698.2  1.058336E-11
6701.1  1.056630E-11
6704.  1.056748E-11
6706.9  1.057703E-11
6709.8  1.057694E-11
6712.7  1.057052E-11
6715.6  1.056466E-11
6718.5  1.055607E-11
6721.4  1.054232E-11
6724.3  1.052558E-11
6727.2  1.050904E-11
6730.1  1.049757E-11
6733.  1.049104E-11
6735.9  1.048348E-11
6738.8  1.047240E-11
6741.7  1.045774E-11
6744.6  1.044563E-11
6747.5  1.044367E-11
6750.4  1.044265E-11
6753.3  1.043098E-11
6756.2  1.041115E-11
6759.1  1.038836E-11
6762.  1.036798E-11
6764.9  1.035293E-11
6767.8  1.034045E-11
6770.7  1.032753E-11
6773.6  1.031179E-11
6776.5  1.029164E-11
6779.4  1.026622E-11
6782.3  1.024397E-11
6785.2  1.023652E-11
6788.1  1.023699E-11
6791.  1.023356E-11
6793.9  1.022293E-11
6796.8  1.020577E-11
6799.7  1.019286E-11
6802.6  1.018835E-11
6805.5  1.017609E-11
6808.4  1.015243E-11
6811.3  1.013364E-11
6814.2  1.012517E-11
6817.1  1.012285E-11
6820.  1.011866E-11
6822.9  1.010296E-11
6825.8  1.007942E-11
6828.7  1.005662E-11
6831.6  1.003959E-11
6834.5  1.003051E-11
6837.4  1.002279E-11
6840.3  1.001099E-11
6843.2  9.995670E-12
6846.1  9.981558E-12
6849.  9.977812E-12
6851.9  9.989874E-12
6854.8  1.002173E-11
6857.7  1.002912E-11
6860.6  9.945844E-12
6863.5  9.777868E-12
6866.4  9.571175E-12
6869.3  9.453250E-12
6872.2  9.527066E-12
6875.1  9.702403E-12
6878.  9.863568E-12
6880.9  9.925992E-12
6883.8  9.864632E-12
6886.7  9.762868E-12
6889.6  9.684287E-12
6892.5  9.657598E-12
6895.4  9.680213E-12
6898.3  9.721360E-12
6901.2  9.757799E-12
6904.1  9.772527E-12
6907.  9.764516E-12
6909.9  9.741149E-12
6912.8  9.716961E-12
6915.7  9.702809E-12
6918.6  9.690783E-12
6921.5  9.674322E-12
6924.4  9.655671E-12
6927.3  9.632288E-12
6930.2  9.594924E-12
6933.1  9.550851E-12
6936.  9.519969E-12
6938.9  9.505762E-12
6941.8  9.502541E-12
6944.7  9.501467E-12
6947.6  9.494064E-12
6950.5  9.483772E-12
6953.4  9.476059E-12
6956.3  9.473676E-12
6959.2  9.476421E-12
6962.1  9.477020E-12
6965.  9.472718E-12
6967.9  9.469386E-12
6970.8  9.463141E-12
6973.7  9.441437E-12
6976.6  9.408756E-12
6979.5  9.378776E-12
6982.4  9.356217E-12
6985.3  9.341495E-12
6988.2  9.329972E-12
6991.1  9.316039E-12
6994.  9.296415E-12
6996.9  9.271735E-12
6999.8  9.251597E-12
7002.7  9.241016E-12
7005.6  9.236019E-12
7008.5  9.233563E-12
7011.4  9.231027E-12
7014.3  9.231168E-12
7017.2  9.240478E-12
7020.1  9.244975E-12
7023.  9.226306E-12
7025.9  9.206130E-12
7028.8  9.207770E-12
7031.7  9.211103E-12
7034.6  9.198226E-12
7037.5  9.177355E-12
7040.4  9.154402E-12
7043.3  9.128691E-12
7046.2  9.099820E-12
7049.1  9.065391E-12
7052.  9.039016E-12
7054.9  9.044242E-12
7057.8  9.070184E-12
7060.7  9.090791E-12
7063.6  9.093951E-12
7066.5  9.074779E-12
7069.4  9.041086E-12
7072.3  9.004320E-12
7075.2  8.974876E-12
7078.1  8.958437E-12
7081.  8.950415E-12
7083.9  8.947635E-12
7086.8  8.951013E-12
7089.7  8.953080E-12
7092.6  8.940576E-12
7095.5  8.917551E-12
7098.4  8.896673E-12
7101.3  8.881743E-12
7104.2  8.873015E-12
7107.1  8.867847E-12
7110.  8.862694E-12
7112.9  8.854538E-12
7115.8  8.843004E-12
7118.7  8.834036E-12
7121.6  8.829095E-12
7124.5  8.822133E-12
7127.4  8.811854E-12
7130.3  8.801205E-12
7133.2  8.791498E-12
7136.1  8.783119E-12
7139.  8.773296E-12
7141.9  8.758839E-12
7144.8  8.739012E-12
7147.7  8.716070E-12
7150.6  8.704730E-12
7153.5  8.710045E-12
7156.4  8.709226E-12
7159.3  8.686288E-12
7162.2  8.639081E-12
7165.1  8.578387E-12
7168.  8.528097E-12
7170.9  8.497511E-12
7173.8  8.484729E-12
7176.7  8.480775E-12
7179.6  8.474100E-12
7182.5  8.461116E-12
7185.4  8.442872E-12
7188.3  8.432876E-12
7191.2  8.437571E-12
7194.1  8.434644E-12
7197.  8.414798E-12
7199.9  8.395441E-12
7202.8  8.392275E-12
7205.7  8.419344E-12
7208.6  8.460266E-12
7211.5  8.477086E-12
7214.4  8.464381E-12
7217.3  8.433124E-12
7220.2  8.394096E-12
7223.1  8.357507E-12
7226.  8.322605E-12
7228.9  8.287410E-12
7231.8  8.251109E-12
7234.7  8.220401E-12
7237.6  8.219802E-12
7240.5  8.249794E-12
7243.4  8.278970E-12
7246.3  8.291591E-12
7249.2  8.285075E-12
7252.1  8.272716E-12
7255.  8.275075E-12
7257.9  8.280034E-12
7260.8  8.268223E-12
7263.7  8.245953E-12
7266.6  8.222390E-12
7269.5  8.194507E-12
7272.4  8.166964E-12
7275.3  8.165569E-12
7278.2  8.192801E-12
7281.1  8.218054E-12
7284.  8.217085E-12
7286.9  8.171522E-12
7289.8  8.112294E-12
7292.7  8.096065E-12
7295.6  8.106446E-12
7298.5  8.104296E-12
7301.4  8.091037E-12
7304.3  8.076097E-12
7307.2  8.068421E-12
7310.1  8.072509E-12
7313.  8.076926E-12
7315.9  8.078586E-12
7318.8  8.092500E-12
7321.7  8.112583E-12
7324.6  8.110177E-12
7327.5  8.092145E-12
7330.4  8.086926E-12
7333.3  8.089751E-12
7336.2  8.084217E-12
7339.1  8.067151E-12
7342.  8.040473E-12
7344.9  8.016340E-12
7347.8  8.003606E-12
7350.7  7.995796E-12
7353.6  7.986634E-12
7356.5  7.972158E-12
7359.4  7.955375E-12
7362.3  7.948149E-12
7365.2  7.949720E-12
7368.1  7.950082E-12
7371.  7.945660E-12
7373.9  7.936041E-12
7376.8  7.921318E-12
7379.7  7.902906E-12
7382.6  7.884976E-12
7385.5  7.871333E-12
7388.4  7.863056E-12
7391.3  7.859654E-12
7394.2  7.858203E-12
7397.1  7.857376E-12
7400.  7.858841E-12
7402.9  7.859167E-12
7405.8  7.851523E-12
7408.7  7.834419E-12
7411.6  7.809755E-12
7414.5  7.789394E-12
7417.4  7.784886E-12
7420.3  7.784679E-12
7423.2  7.776365E-12
7426.1  7.763401E-12
7429.  7.749970E-12
7431.9  7.738046E-12
7434.8  7.728998E-12
7437.7  7.722403E-12
7440.6  7.718338E-12
7443.5  7.717657E-12
7446.4  7.715530E-12
7449.3  7.704717E-12
7452.2  7.688595E-12
7455.1  7.673924E-12
7458.  7.663488E-12
7460.9  7.657342E-12
7463.8  7.645591E-12
7466.7  7.624654E-12
7469.6  7.612420E-12
7472.5  7.614832E-12
7475.4  7.615204E-12
7478.3  7.608885E-12
7481.2  7.604172E-12
7484.1  7.600453E-12
7487.  7.592125E-12
7489.9  7.580789E-12
7492.8  7.570241E-12
7495.7  7.555836E-12
7498.6  7.533689E-12
7501.5  7.513327E-12
7504.4  7.502181E-12
7507.3  7.495504E-12
7510.2  7.489837E-12
7513.1  7.485861E-12
7516.  7.483814E-12
7518.9  7.484215E-12
7521.8  7.483111E-12
7524.7  7.473621E-12
7527.6  7.459707E-12
7530.5  7.449633E-12
7533.4  7.444378E-12
7536.3  7.442064E-12
7539.2  7.435804E-12
7542.1  7.421672E-12
7545.  7.410147E-12
7547.9  7.405822E-12
7550.8  7.397407E-12
7553.7  7.382154E-12
7556.6  7.368954E-12
7559.5  7.361582E-12
7562.4  7.359939E-12
7565.3  7.358755E-12
7568.2  7.350575E-12
7571.1  7.339098E-12
7574.  7.330755E-12
7576.9  7.324034E-12
7579.8  7.316642E-12
7582.7  7.309000E-12
7585.6  7.301448E-12
7588.5  7.293908E-12
7591.4  7.286363E-12
7594.3  7.278818E-12
7597.2  7.271273E-12
7600.1  7.263729E-12
7603.  7.256184E-12
7605.9  7.248640E-12
7608.8  7.241096E-12
7611.7  7.233551E-12
7614.6  7.226007E-12
7617.5  7.218462E-12
7620.4  7.210918E-12
7623.3  7.203372E-12
7626.2  7.195827E-12
7629.1  7.188283E-12
7632.  7.180739E-12
7634.9  7.173192E-12
7637.8  7.165545E-12
7640.7  7.158089E-12
7643.6  7.151450E-12
7646.5  7.142948E-12
7649.4  7.129527E-12
7652.3  7.116309E-12
7655.2  7.109025E-12
7658.1  7.107029E-12
7661.  7.107388E-12
7663.9  7.103832E-12
7666.8  7.093054E-12
7669.7  7.078071E-12
7672.6  7.061635E-12
7675.5  7.045843E-12
7678.4  7.031103E-12
7681.3  7.016431E-12
7684.2  7.000797E-12
7687.1  6.983460E-12
7690.  6.967926E-12
7692.9  6.957782E-12
7695.8  6.950599E-12
7698.7  6.943206E-12
7701.6  6.933837E-12
7704.5  6.922035E-12
7707.4  6.909207E-12
7710.3  6.898915E-12
7713.2  6.898002E-12
7716.1  6.900888E-12
7719.  6.892348E-12
7721.9  6.873268E-12
7724.8  6.852750E-12
7727.7  6.840934E-12
7730.6  6.845003E-12
7733.5  6.849498E-12
7736.4  6.840182E-12
7739.3  6.825711E-12
7742.2  6.815027E-12
7745.1  6.812476E-12
7748.  6.815351E-12
7750.9  6.810052E-12
7753.8  6.791138E-12
7756.7  6.762171E-12
7759.6  6.719969E-12
7762.5  6.660269E-12
7765.4  6.593244E-12
7768.3  6.535395E-12
7771.2  6.517326E-12
7774.1  6.558229E-12
7777.  6.625253E-12
7779.9  6.683986E-12
7782.8  6.719482E-12
7785.7  6.727074E-12
7788.6  6.717708E-12
7791.5  6.702656E-12
7794.4  6.691420E-12
7797.3  6.685365E-12
7800.2  6.679685E-12
7803.1  6.673204E-12
7806.  6.666165E-12
7808.9  6.661235E-12
7811.8  6.660463E-12
7814.7  6.659929E-12
7817.6  6.655575E-12
7820.5  6.645417E-12
7823.4  6.630238E-12
7826.3  6.615327E-12
7829.2  6.603898E-12
7832.1  6.596740E-12
7835.  6.589291E-12
7837.9  6.573346E-12
7840.8  6.554069E-12
7843.7  6.541855E-12
7846.6  6.537808E-12
7849.5  6.539205E-12
7852.4  6.537795E-12
7855.3  6.527470E-12
7858.2  6.513303E-12
7861.1  6.499702E-12
7864.  6.486867E-12
7866.9  6.474929E-12
7869.8  6.463302E-12
7872.7  6.453709E-12
7875.6  6.449666E-12
7878.5  6.447808E-12
7881.4  6.441771E-12
7884.3  6.428367E-12
7887.2  6.407279E-12
7890.1  6.385970E-12
7893.  6.372792E-12
7895.9  6.374326E-12
7898.8  6.389526E-12
7901.7  6.400822E-12
7904.6  6.400161E-12
7907.5  6.395463E-12
7910.4  6.391797E-12
7913.3  6.391911E-12
7916.2  6.391737E-12
7919.1  6.383458E-12
7922.  6.369990E-12
7924.9  6.357693E-12
7927.8  6.348277E-12
7930.7  6.341701E-12
7933.6  6.336060E-12
7936.5  6.327968E-12
7939.4  6.309915E-12
7942.3  6.284189E-12
7945.2  6.269860E-12
7948.1  6.271187E-12
7951.  6.276614E-12
7953.9  6.278654E-12
7956.8  6.272509E-12
7959.7  6.262834E-12
7962.6  6.257668E-12
7965.5  6.254261E-12
7968.4  6.248054E-12
7971.3  6.238777E-12
7974.2  6.227626E-12
7977.1  6.218738E-12
7980.  6.213986E-12
7982.9  6.210374E-12
7985.8  6.205820E-12
7988.7  6.199782E-12
7991.6  6.191121E-12
7994.5  6.178479E-12
7997.4  6.166177E-12
8000.3  6.160273E-12
8003.2  6.156754E-12
8006.1  6.149973E-12
8009.  6.142725E-12
8011.9  6.137803E-12
8014.8  6.133889E-12
8017.7  6.128944E-12
8020.6  6.119068E-12
8023.5  6.106573E-12
8026.4  6.102407E-12
8029.3  6.105972E-12
8032.2  6.107477E-12
8035.1  6.102180E-12
8038.  6.088579E-12
8040.9  6.073838E-12
8043.8  6.066571E-12
8046.7  6.064371E-12
8049.6  6.062865E-12
8052.5  6.059238E-12
8055.4  6.052756E-12
8058.3  6.048551E-12
8061.2  6.046516E-12
8064.1  6.037575E-12
8067.  6.022658E-12
8069.9  6.011984E-12
8072.8  6.004481E-12
8075.7  5.993134E-12
8078.6  5.978569E-12
8081.5  5.963906E-12
8084.4  5.950355E-12
8087.3  5.938909E-12
8090.2  5.930716E-12
8093.1  5.926357E-12
8096.  5.926006E-12
8098.9  5.927442E-12
8101.8  5.924023E-12
8104.7  5.917106E-12
8107.6  5.917106E-12
8110.5  5.918867E-12
8113.4  5.908016E-12
8116.3  5.889204E-12
8119.2  5.873593E-12
8122.1  5.862409E-12
8125.  5.853399E-12
8127.9  5.836277E-12
8130.8  5.807396E-12
8133.7  5.787317E-12
8136.6  5.786168E-12
8139.5  5.791445E-12
8142.4  5.793542E-12
8145.3  5.786333E-12
8148.2  5.773318E-12
8151.1  5.766176E-12
8154.  5.756254E-12
8156.9  5.728664E-12
8159.8  5.701351E-12
8162.7  5.696658E-12
8165.6  5.717189E-12
8168.5  5.752787E-12
8171.4  5.761282E-12
8174.3  5.726652E-12
8177.2  5.694829E-12
8180.1  5.688082E-12
8183.  5.694088E-12
8185.9  5.698739E-12
8188.8  5.686043E-12
8191.7  5.658843E-12
8194.6  5.630540E-12
8197.5  5.623517E-12
8200.4  5.654651E-12
8203.3  5.688206E-12
8206.2  5.690086E-12
8209.1  5.675750E-12
8212.  5.660377E-12
8214.9  5.649058E-12
8217.8  5.630269E-12
8220.7  5.564331E-12
8223.6  5.465987E-12
8226.5  5.397247E-12
8229.4  5.396600E-12
8232.3  5.482744E-12
8235.2  5.592032E-12
8238.1  5.641014E-12
8241.  5.648862E-12
8243.9  5.651310E-12
8246.8  5.642630E-12
8249.7  5.618964E-12
8252.6  5.584530E-12
8255.5  5.550655E-12
8258.4  5.541980E-12
8261.3  5.556718E-12
8264.2  5.566044E-12
8267.1  5.555198E-12
8270.  5.520097E-12
8272.9  5.479043E-12
8275.8  5.457656E-12
8278.7  5.457699E-12
8281.6  5.472064E-12
8284.5  5.485241E-12
8287.4  5.486502E-12
8290.3  5.486190E-12
8293.2  5.490585E-12
8296.1  5.494626E-12
8299.  5.495244E-12
8301.9  5.491450E-12
8304.8  5.482518E-12
8307.7  5.468858E-12
8310.6  5.448625E-12
8313.5  5.420385E-12
8316.4  5.398047E-12
8319.3  5.395736E-12
8322.2  5.409761E-12
8325.1  5.429553E-12
8328.  5.434043E-12
8330.9  5.413719E-12
8333.8  5.384304E-12
8336.7  5.361705E-12
8339.6  5.360846E-12
8342.5  5.373846E-12
8345.4  5.373715E-12
8348.3  5.359014E-12
8351.2  5.341737E-12
8354.1  5.327076E-12
8357.  5.318251E-12
8359.9  5.318072E-12
8362.8  5.325938E-12
8365.7  5.332511E-12
8368.6  5.330112E-12
8371.5  5.317119E-12
8374.4  5.297040E-12
8377.3  5.280607E-12
8380.2  5.269731E-12
8383.1  5.257600E-12
8386.  5.243944E-12
8388.9  5.231895E-12
8391.8  5.222505E-12
8394.7  5.216002E-12
8397.6  5.210904E-12
8400.5  5.205715E-12
8403.4  5.201913E-12
8406.3  5.199541E-12
8409.2  5.192872E-12
8412.1  5.182220E-12
8415.  5.178824E-12
8417.9  5.182921E-12
8420.8  5.183191E-12
8423.7  5.174715E-12
8426.6  5.157095E-12
8429.5  5.131351E-12
8432.4  5.100342E-12
8435.3  5.068958E-12
8438.2  5.042891E-12
8441.1  5.029463E-12
8444.  5.032491E-12
8446.9  5.048515E-12
8449.8  5.068133E-12
8452.7  5.074052E-12
8455.6  5.058249E-12
8458.5  5.024052E-12
8461.4  4.986375E-12
8464.3  4.967341E-12
8467.2  4.974636E-12
8470.1  5.006278E-12
8473.  5.048040E-12
8475.9  5.083144E-12
8478.8  5.109952E-12
8481.7  5.126857E-12
8484.6  5.120922E-12
8487.5  5.087780E-12
8490.4  5.040342E-12
8493.3  4.989746E-12
8496.2  4.942461E-12
8499.1  4.908313E-12
8502.  4.897721E-12
8504.9  4.916160E-12
8507.8  4.963992E-12
8510.7  5.024047E-12
8513.6  5.075267E-12
8516.5  5.115195E-12
8519.4  5.143440E-12
8522.3  5.152332E-12
8525.2  5.135020E-12
8528.1  5.086243E-12
8531.  5.006175E-12
8533.9  4.901321E-12
8536.8  4.790883E-12
8539.7  4.703322E-12
8542.6  4.663296E-12
8545.5  4.688308E-12
8548.4  4.763951E-12
8551.3  4.862419E-12
8554.2  4.964284E-12
8557.1  5.055188E-12
8560.  5.137369E-12
8562.9  5.209774E-12
8565.8  5.253205E-12
8568.7  5.258000E-12
8571.6  5.230802E-12
8574.5  5.177369E-12
8577.4  5.102582E-12
8580.3  5.010035E-12
8583.2  4.902973E-12
8586.1  4.789719E-12
8589.  4.681986E-12
8591.9  4.597979E-12
8594.8  4.555145E-12
8597.7  4.566008E-12
8600.6  4.631656E-12
8603.5  4.730381E-12
8606.4  4.839151E-12
8609.3  4.938887E-12
8612.2  5.023646E-12
8615.1  5.103846E-12
8618.  5.180923E-12
8620.9  5.249442E-12
8623.8  5.303151E-12
8626.7  5.335492E-12
8629.6  5.345096E-12
8632.5  5.332416E-12
8635.4  5.296255E-12
8638.3  5.236397E-12
8641.2  5.154980E-12
8644.1  5.054575E-12
8647.  4.938911E-12
8649.9  4.807635E-12
8652.8  4.654060E-12
8655.7  4.495478E-12
8658.6  4.367194E-12
8661.5  4.298003E-12
8664.4  4.307805E-12
8667.3  4.384582E-12
8670.2  4.502200E-12
8673.1  4.634972E-12
8676.  4.761693E-12
8678.9  4.878722E-12
8681.8  4.987078E-12
8684.7  5.090531E-12
8687.6  5.188285E-12
8690.5  5.271159E-12
8693.4  5.332876E-12
8696.3  5.370462E-12
8699.2  5.385064E-12
8702.1  5.380930E-12
8705.  5.368416E-12
8707.9  5.357657E-12
8710.8  5.343874E-12
8713.7  5.318921E-12
8716.6  5.279170E-12
8719.5  5.221219E-12
8722.4  5.141338E-12
8725.3  5.039509E-12
8728.2  4.921367E-12
8731.1  4.790450E-12
8734.  4.648833E-12
8736.9  4.499202E-12
8739.8  4.346158E-12
8742.7  4.215823E-12
8745.6  4.140407E-12
8748.5  4.141496E-12
8751.4  4.226225E-12
8754.3  4.366528E-12
8757.2  4.526700E-12
8760.1  4.673286E-12
8763.  4.789454E-12
8765.9  4.890004E-12
8768.8  4.981409E-12
8771.7  5.057271E-12
8774.6  5.119276E-12
8777.5  5.173581E-12
8780.4  5.220388E-12
8783.3  5.257410E-12
8786.2  5.284288E-12
8789.1  5.301381E-12
8792.  5.309659E-12
8794.9  5.310921E-12
8797.8  5.309358E-12
8800.7  5.306337E-12
8803.6  5.296525E-12
8806.5  5.279544E-12
8809.4  5.262212E-12
8812.3  5.245204E-12
8815.2  5.224038E-12
8818.1  5.199711E-12
8821.  5.175282E-12
8823.9  5.144818E-12
8826.8  5.101110E-12
8829.7  5.049071E-12
8832.6  4.992627E-12
8835.5  4.922892E-12
8838.4  4.833480E-12
8841.3  4.726418E-12
8844.2  4.605228E-12
8847.1  4.475245E-12
8850.  4.342067E-12
8852.9  4.211355E-12
8855.8  4.098257E-12
8858.7  4.021681E-12
8861.6  4.002922E-12
8864.5  4.056160E-12
8867.4  4.154816E-12
8870.3  4.266347E-12
8873.2  4.381786E-12
8876.1  4.497046E-12
8879.  4.613229E-12
8881.9  4.729067E-12
8884.8  4.836847E-12
8887.7  4.929826E-12
8890.6  5.002768E-12
8893.5  5.052590E-12
8896.4  5.078612E-12
8899.3  5.089644E-12
8902.2  5.097382E-12
8905.1  5.101635E-12
8908.  5.099789E-12
8910.9  5.094579E-12
8913.8  5.088003E-12
8916.7  5.078383E-12
8919.6  5.066249E-12
8922.5  5.056001E-12
8925.4  5.052402E-12
8928.3  5.060530E-12
8931.2  5.076780E-12
8934.1  5.091279E-12
8937.  5.098318E-12
8939.9  5.095030E-12
8942.8  5.083688E-12
8945.7  5.068316E-12
8948.6  5.050827E-12
8951.5  5.032112E-12
8954.4  5.011789E-12
8957.3  4.987439E-12
8960.2  4.950716E-12
8963.1  4.908986E-12
8966.  4.890800E-12
8968.9  4.896358E-12
8971.8  4.901520E-12
8974.7  4.894748E-12
8977.6  4.871274E-12
8980.5  4.804236E-12
8983.4  4.673372E-12
8986.3  4.528641E-12
8989.2  4.420648E-12
8992.1  4.355128E-12
8995.  4.310619E-12
8997.9  4.212676E-12
9000.8  4.045821E-12
9003.7  3.888804E-12
9006.6  3.782989E-12
9009.5  3.731928E-12
9012.4  3.741924E-12
9015.3  3.814209E-12
9018.2  3.929366E-12
9021.1  4.060947E-12
9024.  4.191179E-12
9026.9  4.308655E-12
9029.8  4.420262E-12
9032.7  4.527085E-12
9035.6  4.603192E-12
9038.5  4.641153E-12
9041.4  4.665364E-12
9044.3  4.688867E-12
9047.2  4.712163E-12
9050.1  4.730843E-12
9053.  4.736656E-12
9055.9  4.730370E-12
9058.8  4.717004E-12
9061.7  4.696898E-12
9064.6  4.671960E-12
9067.5  4.656410E-12
9070.4  4.659405E-12
9073.3  4.672599E-12
9076.2  4.685208E-12
9079.1  4.684416E-12
9082.  4.672360E-12
9084.9  4.669199E-12
9087.8  4.680177E-12
9090.7  4.699527E-12
9093.6  4.714257E-12
9096.5  4.710151E-12
9099.4  4.696810E-12
9102.3  4.689664E-12
9105.2  4.695227E-12
9108.1  4.714085E-12
9111.  4.734301E-12
9113.9  4.744479E-12
9116.8  4.736350E-12
9119.7  4.716698E-12
9122.6  4.715670E-12
9125.5  4.719693E-12
9128.4  4.679306E-12
9131.3  4.626733E-12
9134.2  4.628553E-12
9137.1  4.682826E-12
9140.  4.759625E-12
9142.9  4.798690E-12
9145.8  4.755930E-12
9148.7  4.663211E-12
9151.6  4.570228E-12
9154.5  4.542567E-12
9157.4  4.593804E-12
9160.3  4.659444E-12
9163.2  4.688749E-12
9166.1  4.647527E-12
9169.  4.563632E-12
9171.9  4.501060E-12
9174.8  4.480722E-12
9177.7  4.501077E-12
9180.6  4.526630E-12
9183.5  4.521847E-12
9186.4  4.495752E-12
9189.3  4.460912E-12
9192.2  4.419843E-12
9195.1  4.377068E-12
9198.  4.341399E-12
9200.9  4.298901E-12
9203.8  4.212258E-12
9206.7  4.087624E-12
9209.6  3.959670E-12
9212.5  3.834714E-12
9215.4  3.710113E-12
9218.3  3.596575E-12
9221.2  3.507668E-12
9224.1  3.457569E-12
9227.  3.457324E-12
9229.9  3.514081E-12
9232.8  3.618562E-12
9235.7  3.735504E-12
9238.6  3.842717E-12
9241.5  3.935673E-12
9244.4  4.016211E-12
9247.3  4.092273E-12
9250.2  4.151517E-12
9253.1  4.176054E-12
9256.  4.175823E-12
9258.9  4.170172E-12
9261.8  4.188146E-12
9264.7  4.243775E-12
9267.6  4.297637E-12
9270.5  4.322464E-12
9273.4  4.329526E-12
9276.3  4.329401E-12
9279.2  4.329867E-12
9282.1  4.337631E-12
9285.  4.357064E-12
9287.9  4.373920E-12
9290.8  4.366846E-12
9293.7  4.342107E-12
9296.6  4.315216E-12
9299.5  4.301669E-12
9302.4  4.308819E-12
9305.3  4.315020E-12
9308.2  4.301746E-12
9311.1  4.265781E-12
9314.  4.216471E-12
9316.9  4.179271E-12
9319.8  4.170009E-12
9322.7  4.192984E-12
9325.6  4.231684E-12
9328.5  4.258976E-12
9331.4  4.241739E-12
9334.3  4.159110E-12
9337.2  4.070157E-12
9340.1  4.041748E-12
9343.  4.105359E-12
9345.9  4.243902E-12
9348.8  4.331739E-12
9351.7  4.308285E-12
9354.6  4.233031E-12
9357.5  4.169057E-12
9360.4  4.185609E-12
9363.3  4.231652E-12
9366.2  4.179223E-12
9369.1  4.086414E-12
9372.  4.072551E-12
9374.9  4.082062E-12
9377.8  4.044898E-12
9380.7  4.041594E-12
9383.6  4.127851E-12
9386.5  4.232815E-12
9389.4  4.299857E-12
9392.3  4.317679E-12
9395.2  4.284989E-12
9398.1  4.212280E-12
9401.  4.135220E-12
9403.9  4.104017E-12
9406.8  4.106514E-12
9409.7  4.102530E-12
9412.6  4.102276E-12
9415.5  4.121625E-12
9418.4  4.128902E-12
9421.3  4.100551E-12
9424.2  4.054198E-12
9427.1  4.021504E-12
9430.  4.067468E-12
9432.9  4.160040E-12
9435.8  4.127950E-12
9438.7  4.002244E-12
9441.6  3.975301E-12
9444.5  4.058371E-12
9447.4  4.171316E-12
9450.3  4.220817E-12
9453.2  4.134291E-12
9456.1  4.015253E-12
9459.  3.974899E-12
9461.9  4.006803E-12
9464.8  4.077029E-12
9467.7  4.119285E-12
9470.6  4.101705E-12
9473.5  4.052752E-12
9476.4  4.002531E-12
9479.3  3.977976E-12
9482.2  3.999548E-12
9485.1  4.077707E-12
9488.  4.122918E-12
9490.9  4.035422E-12
9493.8  3.891334E-12
9496.7  3.796560E-12
9499.6  3.810788E-12
9502.5  3.936691E-12
9505.4  4.051878E-12
9508.3  4.066687E-12
9511.2  3.965899E-12
9514.1  3.790199E-12
9517.  3.636980E-12
9519.9  3.552297E-12
9522.8  3.540276E-12
9525.7  3.558749E-12
9528.6  3.547751E-12
9531.5  3.491899E-12
9534.4  3.395460E-12
9537.3  3.275991E-12
9540.2  3.164085E-12
9543.1  3.113423E-12
9546.  3.144388E-12
9548.9  3.212880E-12
9551.8  3.292119E-12
9554.7  3.381473E-12
9557.6  3.469064E-12
9560.5  3.538302E-12
9563.4  3.599193E-12
9566.3  3.670985E-12
9569.2  3.754165E-12
9572.1  3.838726E-12
9575.  3.882805E-12
9577.9  3.861170E-12
9580.8  3.821014E-12
9583.7  3.796739E-12
9586.6  3.775151E-12
9589.5  3.762011E-12
9592.4  3.788797E-12
9595.3  3.849454E-12
9598.2  3.909673E-12
9601.1  3.943945E-12
9604.  3.934767E-12
9606.9  3.910667E-12
9609.8  3.908513E-12
9612.7  3.903359E-12
9615.6  3.871146E-12
9618.5  3.835025E-12
9621.4  3.817755E-12
9624.3  3.833866E-12
9627.2  3.874579E-12
9630.1  3.896217E-12
9633.  3.887991E-12
9635.9  3.870988E-12
9638.8  3.859984E-12
9641.7  3.865388E-12
9644.6  3.887295E-12
9647.5  3.918482E-12
9650.4  3.937838E-12
9653.3  3.927689E-12
9656.2  3.893270E-12
9659.1  3.849954E-12
9662.  3.827772E-12
9664.9  3.840951E-12
9667.8  3.875763E-12
9670.7  3.913495E-12
9673.6  3.932368E-12
9676.5  3.926696E-12
9679.4  3.903240E-12
9682.3  3.880749E-12
9685.2  3.879667E-12
9688.1  3.889160E-12
9691.  3.892598E-12
9693.9  3.888790E-12
9696.8  3.880526E-12
9699.7  3.877129E-12
9702.6  3.881960E-12
9705.5  3.884790E-12
9708.4  3.882544E-12
9711.3  3.881501E-12
9714.2  3.879428E-12
9717.1  3.868792E-12
9720.  3.851442E-12
9722.9  3.833248E-12
9725.8  3.820122E-12
9728.7  3.815748E-12
9731.6  3.808628E-12
9734.5  3.791611E-12
9737.4  3.783107E-12
9740.3  3.791365E-12
9743.2  3.798861E-12
9746.1  3.796453E-12
9749.  3.787099E-12
9751.9  3.775388E-12
9754.8  3.767858E-12
9757.7  3.766892E-12
9760.6  3.771623E-12
9763.5  3.787119E-12
9766.4  3.815881E-12
9769.3  3.833943E-12
9772.2  3.821445E-12
9775.1  3.790444E-12
9778.  3.757117E-12
9780.9  3.737376E-12
9783.8  3.735588E-12
9786.7  3.737670E-12
9789.6  3.736523E-12
9792.5  3.732072E-12
9795.4  3.727442E-12
9798.3  3.727985E-12
9801.2  3.730767E-12
9804.1  3.730561E-12
9807.  3.732474E-12
9809.9  3.740244E-12
9812.8  3.741532E-12
9815.7  3.729016E-12
9818.6  3.712737E-12
9821.5  3.701245E-12
9824.4  3.698859E-12
9827.3  3.703666E-12
9830.2  3.706997E-12
9833.1  3.704521E-12
9836.  3.695426E-12
9838.9  3.682819E-12
9841.8  3.671589E-12
9844.7  3.665460E-12
9847.6  3.666165E-12
9850.5  3.668912E-12
9853.4  3.668957E-12
9856.3  3.665675E-12
9859.2  3.659338E-12
9862.1  3.650582E-12
9865.  3.643165E-12
9867.9  3.644717E-12
9870.8  3.650701E-12
9873.7  3.647747E-12
9876.6  3.640767E-12
9879.5  3.641607E-12
9882.4  3.641868E-12
9885.3  3.630881E-12
9888.2  3.615899E-12
9891.1  3.605251E-12
9894.  3.601269E-12
9896.9  3.602824E-12
9899.8  3.602164E-12
9902.7  3.596825E-12
9905.6  3.592388E-12
9908.5  3.590392E-12
9911.4  3.588557E-12
9914.3  3.591284E-12
9917.2  3.604887E-12
9920.1  3.613386E-12
9923.  3.598913E-12
9925.9  3.574271E-12
9928.8  3.556598E-12
9931.7  3.556677E-12
9934.6  3.574583E-12
9937.5  3.586680E-12
9940.4  3.581947E-12
9943.3  3.570688E-12
9946.2  3.561451E-12
9949.1  3.561631E-12
9952.  3.565082E-12
9954.9  3.558000E-12
9957.8  3.545064E-12
9960.7  3.536219E-12
9963.6  3.528676E-12
9966.5  3.518066E-12
9969.4  3.502886E-12
9972.3  3.485208E-12
9975.2  3.476151E-12
9978.1  3.479784E-12
9981.  3.487758E-12
9983.9  3.492659E-12
9986.8  3.488666E-12
9989.7  3.474974E-12
9992.6  3.454604E-12
9995.5  3.432259E-12
9998.4  3.412503E-12
10001.3  3.389360E-12
10004.2  3.356970E-12
10007.1  3.323875E-12
10010.  3.297643E-12
10012.9  3.278762E-12
10015.8  3.261117E-12
10018.7  3.225722E-12
10021.6  3.175196E-12
10024.5  3.138359E-12
10027.4  3.119975E-12
10030.3  3.107526E-12
10033.2  3.089950E-12
10036.1  3.058457E-12
10039.  3.022484E-12
10041.9  2.996565E-12
10044.8  2.988073E-12
10047.7  3.000779E-12
10050.6  3.034927E-12
10053.5  3.081171E-12
10056.4  3.113070E-12
10059.3  3.121309E-12
10062.2  3.120833E-12
10065.1  3.119766E-12
10068.  3.120635E-12
10070.9  3.123250E-12
10073.8  3.125413E-12
10076.7  3.127758E-12
10079.6  3.131939E-12
10082.5  3.140980E-12
10085.4  3.156738E-12
10088.3  3.176517E-12
10091.2  3.196902E-12
10094.1  3.213928E-12
10097.  3.227909E-12
10099.9  3.246052E-12
10102.8  3.267396E-12
10105.7  3.283531E-12
10108.6  3.291616E-12
10111.5  3.292524E-12
10114.4  3.289263E-12
10117.3  3.285932E-12
10120.2  3.291798E-12
10123.1  3.311052E-12
10126.  3.320577E-12
10128.9  3.307615E-12
10131.8  3.296829E-12
10134.7  3.300973E-12
10137.6  3.308943E-12
10140.5  3.314897E-12
10143.4  3.317577E-12
10146.3  3.319824E-12
10149.2  3.327782E-12
10152.1  3.330226E-12
10155.  3.312207E-12
10157.9  3.290746E-12
10160.8  3.285228E-12
10163.7  3.284514E-12
10166.6  3.278550E-12
10169.5  3.275921E-12
10172.4  3.277733E-12
10175.3  3.267359E-12
10178.2  3.249886E-12
10181.1  3.257635E-12
10184.  3.280834E-12
10186.9  3.279919E-12
10189.8  3.265030E-12
10192.7  3.265786E-12
10195.6  3.267584E-12
10198.5  3.250538E-12
10201.4  3.233640E-12
10204.3  3.233962E-12
10207.2  3.241745E-12
10210.1  3.248391E-12
10213.  3.252556E-12
10215.9  3.253723E-12
10218.8  3.253342E-12
10221.7  3.250838E-12
10224.6  3.244214E-12
10227.5  3.233344E-12
10230.4  3.219284E-12
10233.3  3.212113E-12
10236.2  3.220999E-12
10239.1  3.235302E-12
10242.  3.241197E-12
10244.9  3.223718E-12
10247.8  3.186182E-12
10250.7  3.177131E-12
10253.6  3.207319E-12
10256.5  3.225807E-12
10259.4  3.220812E-12
10262.3  3.217804E-12
10265.2  3.215005E-12
10268.1  3.197701E-12
10271.  3.182193E-12
10273.9  3.190236E-12
10276.8  3.201984E-12
10279.7  3.196401E-12
10282.6  3.192020E-12
10285.5  3.199031E-12
10288.4  3.191868E-12
10291.3  3.162129E-12
10294.2  3.131834E-12
10297.1  3.113209E-12
10300.  3.108630E-12
10302.9  3.108293E-12
10305.8  3.094889E-12
10308.7  3.074526E-12
10311.6  3.062458E-12
10314.5  3.066855E-12
10317.4  3.090521E-12
10320.3  3.126944E-12
10323.2  3.161326E-12
10326.1  3.156865E-12
10329.  3.109579E-12
10331.9  3.080090E-12
10334.8  3.087842E-12
10337.7  3.100837E-12
10340.6  3.103672E-12
10343.5  3.091938E-12
10346.4  3.074857E-12
10349.3  3.068413E-12
10352.2  3.066542E-12
10355.1  3.060823E-12
10358.  3.079039E-12
10360.9  3.132324E-12
10363.8  3.153564E-12
10366.7  3.114660E-12
10369.6  3.085555E-12
10372.5  3.092266E-12
10375.4  3.096901E-12
10378.3  3.090288E-12
10381.2  3.085630E-12
10384.1  3.074394E-12
10387.  3.041094E-12
10389.9  3.015918E-12
10392.8  3.033719E-12
10395.7  3.067767E-12
10398.6  3.086508E-12
10401.5  3.091831E-12
10404.4  3.085100E-12
10407.3  3.054252E-12
10410.2  3.013016E-12
10413.1  3.014217E-12
10416.  3.051900E-12
10418.9  3.067742E-12
10421.8  3.038569E-12
10424.7  2.964329E-12
10427.6  2.900289E-12
10430.5  2.910024E-12
10433.4  2.967422E-12
10436.3  3.025276E-12
10439.2  3.042038E-12
10442.1  3.001628E-12
10445.  2.951488E-12
10447.9  2.931877E-12
10450.8  2.962093E-12
10453.7  3.023998E-12
10456.6  3.061399E-12
10459.5  3.048230E-12
10462.4  2.982225E-12
10465.3  2.910838E-12
10468.2  2.894640E-12
10471.1  2.927290E-12
10474.  2.979347E-12
10476.9  3.000761E-12
10479.8  2.965793E-12
10482.7  2.934895E-12
10485.6  2.942402E-12
10488.5  2.957552E-12
10491.4  2.964831E-12
10494.3  2.969362E-12
10497.2  2.959132E-12
10500.1  2.911723E-12
10503.  2.869944E-12
10505.9  2.897180E-12
10508.8  2.944007E-12
10511.7  2.945577E-12
10514.6  2.942729E-12
10517.5  2.975821E-12
10520.4  3.033081E-12
10523.3  3.084574E-12
10526.2  3.070027E-12
10529.1  2.975141E-12
10532.  2.845869E-12
10534.9  2.741142E-12
10537.8  2.726724E-12
10540.7  2.778161E-12
10543.6  2.823377E-12
10546.5  2.849048E-12
10549.4  2.860287E-12
10552.3  2.839055E-12
10555.2  2.784520E-12
10558.1  2.765031E-12
10561.  2.819957E-12
10563.9  2.910647E-12
10566.8  2.984601E-12
10569.7  2.971210E-12
10572.6  2.894767E-12
10575.5  2.870061E-12
10578.4  2.901052E-12
10581.3  2.927401E-12
10584.2  2.944612E-12
10587.1  2.961787E-12
10590.  2.933909E-12
10592.9  2.834084E-12
10595.8  2.755806E-12
10598.7  2.760599E-12
10601.6  2.779313E-12
10604.5  2.781234E-12
10607.4  2.810148E-12
10610.3  2.887562E-12
10613.2  3.020777E-12
10616.1  3.124995E-12
10619.  3.063791E-12
10621.9  2.920270E-12
10624.8  2.852323E-12
10627.7  2.826307E-12
10630.6  2.778146E-12
10633.5  2.740625E-12
10636.4  2.738451E-12
10639.3  2.739137E-12
10642.2  2.734387E-12
10645.1  2.769508E-12
10648.  2.842405E-12
10650.9  2.896361E-12
10653.8  2.906251E-12
10656.7  2.870766E-12
10659.6  2.817827E-12
10662.5  2.785712E-12
10665.4  2.772846E-12
10668.3  2.761714E-12
10671.2  2.701008E-12
10674.1  2.571612E-12
10677.  2.472576E-12
10679.9  2.481369E-12
10682.8  2.614765E-12
10685.7  2.815434E-12
10688.6  2.929884E-12
10691.5  2.932635E-12
10694.4  2.908363E-12
10697.3  2.886081E-12
10700.2  2.868000E-12
10703.1  2.841052E-12
10706.  2.788762E-12
10708.9  2.704386E-12
10711.8  2.603514E-12
10714.7  2.588416E-12
10717.6  2.695192E-12
10720.5  2.785851E-12
10723.4  2.787066E-12
10726.3  2.736332E-12
10729.2  2.678802E-12
10732.1  2.661691E-12
10735.  2.735393E-12
10737.9  2.938849E-12
10740.8  3.106304E-12
10743.7  3.040150E-12
10746.6  2.880317E-12
10749.5  2.798461E-12
10752.4  2.741537E-12
10755.3  2.661777E-12
10758.2  2.586865E-12
10761.1  2.546409E-12
10764.  2.576523E-12
10766.9  2.667006E-12
10769.8  2.763642E-12
10772.7  2.800611E-12
10775.6  2.712867E-12
10778.5  2.593509E-12
10781.4  2.583751E-12
10784.3  2.665088E-12
10787.2  2.772252E-12
10790.1  2.832059E-12
10793.  2.797537E-12
10795.9  2.708870E-12
10798.8  2.612162E-12
10801.7  2.536916E-12
10804.6  2.519323E-12
10807.5  2.604782E-12
10810.4  2.727460E-12
10813.3  2.748172E-12
10816.2  2.685919E-12
10819.1  2.630856E-12
10822.  2.661391E-12
10824.9  2.820173E-12
10827.8  2.964515E-12
10830.7  2.972554E-12
10833.6  2.912949E-12
10836.5  2.364180E-12
10839.4  2.325081E-12
10842.3  2.742293E-12
10845.2  2.641421E-12
10848.1  2.550891E-12
10851.  2.623357E-12
10853.9  2.746035E-12
10856.8  2.340199E-12
10859.7  2.557033E-12
10862.6  2.514863E-12
10865.5  2.540158E-12
10868.4  2.574803E-12
10871.3  2.570685E-12
10874.2  2.509221E-12
10877.1  2.452981E-12
10880.  2.428029E-12
10882.9  2.382548E-12
10885.8  2.362443E-12
10888.7  2.517079E-12
10891.6  2.648516E-12
10894.5  2.392252E-12
10897.4  2.064060E-12
10900.3  2.138979E-12
10903.2  2.407544E-12
10906.1  2.562447E-12
10909.  2.059878E-12
10911.9  2.479397E-12
10914.8  2.671803E-12
10917.7  2.073025E-12
10920.6  1.995077E-12
10923.5  1.815773E-12
10926.4  1.179178E-12
10929.3  6.360887E-13
10932.2  1.260823E-12
10935.1  1.929814E-12
10938.  2.545915E-12
10940.9  2.280795E-12
10943.8  2.191250E-12
10946.7  2.173568E-12
10949.6  2.102600E-12
10952.5  2.029005E-12
10955.4  1.979773E-12
10958.3  1.580145E-12
10961.2  1.571920E-12
10964.1  2.017157E-12
10967.  2.145400E-12
10969.9  2.270301E-12
10972.8  2.303646E-12
10975.7  2.514924E-12
10978.6  2.000147E-12
10981.5  1.970145E-12
10984.4  2.093276E-12
10987.3  2.304620E-12
10990.2  2.351144E-12
10993.1  2.150675E-12
10996.  2.034900E-12
10998.9  2.114402E-12
