3050.  2.963173E-14
3052.9  2.394830E-14
3055.8  1.249428E-14
3058.7  1.941186E-14
3061.6  2.664747E-14
3064.5  -6.469523E-15
3067.4  -1.232537E-15
3070.3  1.986487E-14
3073.2  8.324165E-15
3076.1  3.105791E-14
3079.  2.739812E-14
3081.9  1.103496E-14
3084.8  1.916476E-14
3087.7  2.373770E-14
3090.6  1.293123E-14
3093.5  1.015763E-14
3096.4  3.754448E-15
3099.3  8.638896E-15
3102.2  2.144253E-14
3105.1  2.285481E-14
3108.  2.415790E-14
3110.9  2.425441E-14
3113.8  2.938984E-14
3116.7  1.986440E-14
3119.6  2.261121E-14
3122.5  3.392872E-14
3125.4  2.191213E-14
3128.3  2.061933E-14
3131.2  2.222180E-14
3134.1  1.987868E-14
3137.  2.967847E-14
3139.9  2.673633E-14
3142.8  2.226671E-14
3145.7  2.894745E-14
3148.6  2.847896E-14
3151.5  2.320225E-14
3154.4  2.602884E-14
3157.3  2.795079E-14
3160.2  2.706727E-14
3163.1  3.186239E-14
3166.  3.796302E-14
3168.9  3.823085E-14
3171.8  3.949313E-14
3174.7  3.351540E-14
3177.6  2.543392E-14
3180.5  2.734978E-14
3183.4  2.988314E-14
3186.3  2.949345E-14
3189.2  3.052554E-14
3192.1  2.909721E-14
3195.  3.356337E-14
3197.9  3.442775E-14
3200.8  3.204031E-14
3203.7  3.122941E-14
3206.6  3.214333E-14
3209.5  3.037760E-14
3212.4  3.080999E-14
3215.3  3.030420E-14
3218.2  2.611711E-14
3221.1  2.557153E-14
3224.  2.640397E-14
3226.9  2.501470E-14
3229.8  2.666539E-14
3232.7  2.912333E-14
3235.6  2.784353E-14
3238.5  3.027308E-14
3241.4  3.158429E-14
3244.3  3.204499E-14
3247.2  3.426538E-14
3250.1  3.777001E-14
3253.  4.188984E-14
3255.9  4.271731E-14
3258.8  4.980112E-14
3261.7  5.088161E-14
3264.6  4.381757E-14
3267.5  4.497653E-14
3270.4  4.653106E-14
3273.3  4.412817E-14
3276.2  3.729131E-14
3279.1  4.205551E-14
3282.  4.331808E-14
3284.9  4.936543E-14
3287.8  5.562306E-14
3290.7  5.704291E-14
3293.6  5.709528E-14
3296.5  5.450828E-14
3299.4  5.166384E-14
3302.3  4.933453E-14
3305.2  4.670663E-14
3308.1  4.621353E-14
3311.  4.217432E-14
3313.9  4.263572E-14
3316.8  4.616761E-14
3319.7  4.628947E-14
3322.6  4.536913E-14
3325.5  4.769653E-14
3328.4  4.790472E-14
3331.3  4.407955E-14
3334.2  4.653248E-14
3337.1  4.772554E-14
3340.  4.776870E-14
3342.9  5.013897E-14
3345.8  4.699908E-14
3348.7  4.677891E-14
3351.6  4.702263E-14
3354.5  4.022753E-14
3357.4  3.906127E-14
3360.3  3.717139E-14
3363.2  3.562259E-14
3366.1  3.663938E-14
3369.  3.810416E-14
3371.9  4.084175E-14
3374.8  4.635402E-14
3377.7  4.794608E-14
3380.6  4.819016E-14
3383.5  4.708057E-14
3386.4  4.642365E-14
3389.3  5.116647E-14
3392.2  5.835455E-14
3395.1  5.991355E-14
3398.  5.557243E-14
3400.9  5.330849E-14
3403.8  5.339914E-14
3406.7  4.939646E-14
3409.6  4.442523E-14
3412.5  4.965625E-14
3415.4  5.675469E-14
3418.3  6.103322E-14
3421.2  5.893674E-14
3424.1  5.435411E-14
3427.  5.665709E-14
3429.9  5.364862E-14
3432.8  4.344341E-14
3435.7  3.886193E-14
3438.6  3.742127E-14
3441.5  4.264462E-14
3444.4  4.944043E-14
3447.3  5.618363E-14
3450.2  5.609698E-14
3453.1  4.993099E-14
3456.  4.796815E-14
3458.9  4.923642E-14
3461.8  5.269504E-14
3464.7  5.264158E-14
3467.6  5.178405E-14
3470.5  4.952789E-14
3473.4  4.899346E-14
3476.3  5.004911E-14
3479.2  5.179787E-14
3482.1  4.982351E-14
3485.  4.698226E-14
3487.9  4.811919E-14
3490.8  4.821246E-14
3493.7  5.126383E-14
3496.6  6.048414E-14
3499.5  6.772098E-14
3502.4  6.466876E-14
3505.3  5.914559E-14
3508.2  5.602264E-14
3511.1  5.095257E-14
3514.  5.371241E-14
3516.9  5.443832E-14
3519.8  4.986169E-14
3522.7  4.699789E-14
3525.6  5.296666E-14
3528.5  6.072909E-14
3531.4  6.456356E-14
3534.3  6.740124E-14
3537.2  6.634638E-14
3540.1  6.363611E-14
3543.  6.115271E-14
3545.9  5.845116E-14
3548.8  5.429255E-14
3551.7  5.209810E-14
3554.6  4.776658E-14
3557.5  4.637550E-14
3560.4  4.265354E-14
3563.3  4.074562E-14
3566.2  3.741679E-14
3569.1  3.779695E-14
3572.  3.951544E-14
3574.9  3.661143E-14
3577.8  3.265855E-14
3580.7  2.765724E-14
3583.6  3.119723E-14
3586.5  4.026460E-14
3589.4  5.031196E-14
3592.3  6.105449E-14
3595.2  6.931596E-14
3598.1  7.281609E-14
3601.  6.678397E-14
3603.9  5.818826E-14
3606.8  5.658549E-14
3609.7  5.839222E-14
3612.6  6.174426E-14
3615.5  6.163212E-14
3618.4  6.936048E-14
3621.3  8.151225E-14
3624.2  8.925015E-14
3627.1  8.385176E-14
3630.  7.568741E-14
3632.9  7.888197E-14
3635.8  8.648259E-14
3638.7  8.681201E-14
3641.6  8.193327E-14
3644.5  7.763363E-14
3647.4  7.957412E-14
3650.3  9.465332E-14
3653.2  1.115276E-13
3656.1  1.180362E-13
3659.  1.137576E-13
3661.9  1.086930E-13
3664.8  1.057401E-13
3667.7  1.027535E-13
3670.6  1.035617E-13
3673.5  1.036495E-13
3676.4  9.583538E-14
3679.3  8.956406E-14
3682.2  8.766665E-14
3685.1  8.884091E-14
3688.  8.679263E-14
3690.9  9.051122E-14
3693.8  9.423014E-14
3696.7  9.794874E-14
3699.6  1.062950E-13
3702.5  9.200660E-14
3705.4  8.538685E-14
3708.3  9.139107E-14
3711.2  1.013841E-13
3714.1  9.461034E-14
3717.  7.755648E-14
3719.9  6.842973E-14
3722.8  6.924443E-14
3725.7  7.003871E-14
3728.6  6.197138E-14
3731.5  5.260062E-14
3734.4  4.962824E-14
3737.3  5.346612E-14
3740.2  5.491962E-14
3743.1  5.061576E-14
3746.  4.974464E-14
3748.9  5.716659E-14
3751.8  6.772468E-14
3754.7  7.006136E-14
3757.6  6.490561E-14
3760.5  6.309071E-14
3763.4  6.656757E-14
3766.3  7.542055E-14
3769.2  8.813126E-14
3772.1  9.612599E-14
3775.  9.762235E-14
3777.9  9.683676E-14
3780.8  9.419739E-14
3783.7  8.590981E-14
3786.6  7.215525E-14
3789.5  6.451572E-14
3792.4  6.110162E-14
3795.3  6.127784E-14
3798.2  6.612924E-14
3801.1  7.269387E-14
3804.  7.281181E-14
3806.9  6.874796E-14
3809.8  6.163016E-14
3812.7  5.425436E-14
3815.6  4.447491E-14
3818.5  3.609415E-14
3821.4  3.338090E-14
3824.3  3.348831E-14
3827.2  3.633987E-14
3830.1  3.892057E-14
3833.  4.055991E-14
3835.9  3.978689E-14
3838.8  4.138710E-14
3841.7  4.563926E-14
3844.6  4.729160E-14
3847.5  4.722712E-14
3850.4  4.534877E-14
3853.3  4.279231E-14
3856.2  4.084019E-14
3859.1  4.026885E-14
3862.  4.292598E-14
3864.9  4.456367E-14
3867.8  4.308876E-14
3870.7  4.476747E-14
3873.6  4.897303E-14
3876.5  5.302688E-14
3879.4  5.461528E-14
3882.3  6.205973E-14
3885.2  7.423892E-14
3888.1  8.718188E-14
3891.  9.967024E-14
3893.9  1.026038E-13
3896.8  1.018824E-13
3899.7  1.004211E-13
3902.6  9.867782E-14
3905.5  1.022889E-13
3908.4  1.127362E-13
3911.3  1.179449E-13
3914.2  1.132603E-13
3917.1  1.003788E-13
3920.  8.470760E-14
3922.9  7.521340E-14
3925.8  6.061860E-14
3928.7  4.311648E-14
3931.6  3.384186E-14
3934.5  3.835936E-14
3937.4  5.458173E-14
3940.3  7.114839E-14
3943.2  8.677525E-14
3946.1  1.042154E-13
3949.  1.191987E-13
3951.9  1.250464E-13
3954.8  1.194605E-13
3957.7  1.049582E-13
3960.6  8.050697E-14
3963.5  5.929502E-14
3966.4  4.805429E-14
3969.3  5.334828E-14
3972.2  8.068004E-14
3975.1  1.132486E-13
3978.  1.370774E-13
3980.9  1.528560E-13
3983.8  1.644965E-13
3986.7  1.709460E-13
3989.6  1.742593E-13
3992.5  1.789334E-13
3995.4  1.831851E-13
3998.3  1.914028E-13
4001.2  1.965573E-13
4004.1  1.928396E-13
4007.  1.958269E-13
4009.9  2.035455E-13
4012.8  2.089122E-13
4015.7  2.148467E-13
4018.6  2.157111E-13
4021.5  2.138219E-13
4024.4  2.088571E-13
4027.3  1.973844E-13
4030.2  1.822342E-13
4033.1  1.795340E-13
4036.  1.914601E-13
4038.9  1.940730E-13
4041.8  1.819228E-13
4044.7  1.723165E-13
4047.6  1.809671E-13
4050.5  1.891394E-13
4053.4  1.822652E-13
4056.3  1.713957E-13
4059.2  1.650568E-13
4062.1  1.577128E-13
4065.  1.622255E-13
4067.9  1.735925E-13
4070.8  1.737304E-13
4073.7  1.721226E-13
4076.6  1.791003E-13
4079.5  1.928422E-13
4082.4  2.039301E-13
4085.3  2.049206E-13
4088.2  2.073827E-13
4091.1  2.023957E-13
4094.  1.912718E-13
4096.9  1.824624E-13
4099.8  1.834221E-13
4102.7  1.920217E-13
4105.6  1.982772E-13
4108.5  1.979006E-13
4111.4  1.915685E-13
4114.3  1.880914E-13
4117.2  1.849716E-13
4120.1  1.830214E-13
4123.  1.840617E-13
4125.9  1.809350E-13
4128.8  1.706509E-13
4131.7  1.649819E-13
4134.6  1.720645E-13
4137.5  1.762788E-13
4140.4  1.659647E-13
4143.3  1.523917E-13
4146.2  1.528459E-13
4149.1  1.539667E-13
4152.  1.552136E-13
4154.9  1.620916E-13
4157.8  1.728203E-13
4160.7  1.809568E-13
4163.6  1.778214E-13
4166.5  1.728162E-13
4169.4  1.674993E-13
4172.3  1.611624E-13
4175.2  1.588741E-13
4178.1  1.622254E-13
4181.  1.734225E-13
4183.9  1.815540E-13
4186.8  1.841563E-13
4189.7  1.839452E-13
4192.6  1.830538E-13
4195.5  1.776013E-13
4198.4  1.738513E-13
4201.3  1.794127E-13
4204.2  1.926069E-13
4207.1  2.015615E-13
4210.  2.003216E-13
4212.9  1.995632E-13
4215.8  2.157542E-13
4218.7  2.313707E-13
4221.6  2.134616E-13
4224.5  1.849459E-13
4227.4  1.883129E-13
4230.3  2.134270E-13
4233.2  2.229669E-13
4236.1  2.247375E-13
4239.  2.369631E-13
4241.9  2.520112E-13
4244.8  2.506059E-13
4247.7  2.313468E-13
4250.6  2.172656E-13
4253.5  2.174297E-13
4256.4  2.227430E-13
4259.3  2.280954E-13
4262.2  2.421223E-13
4265.1  2.458299E-13
4268.  2.196545E-13
4270.9  1.938160E-13
4273.8  2.006230E-13
4276.7  2.240178E-13
4279.6  2.314298E-13
4282.5  2.268679E-13
4285.4  2.175198E-13
4288.3  2.098483E-13
4291.2  2.094164E-13
4294.1  2.040417E-13
4297.  1.824584E-13
4299.9  1.591827E-13
4302.8  1.494799E-13
4305.7  1.476879E-13
4308.6  1.625947E-13
4311.5  2.072096E-13
4314.4  2.608999E-13
4317.3  2.895183E-13
4320.2  2.739341E-13
4323.1  2.442958E-13
4326.  2.504038E-13
4328.9  2.819536E-13
4331.8  3.024020E-13
4334.7  2.978702E-13
4337.6  2.764784E-13
4340.5  2.734716E-13
4343.4  2.884378E-13
4346.3  2.996960E-13
4349.2  2.906450E-13
4352.1  2.786811E-13
4355.  2.872550E-13
4357.9  2.970807E-13
4360.8  3.102220E-13
4363.7  3.169141E-13
4366.6  3.062778E-13
4369.5  2.903188E-13
4372.4  2.729356E-13
4375.3  2.652089E-13
4378.2  2.558605E-13
4381.1  2.288881E-13
4384.  2.171760E-13
4386.9  2.343953E-13
4389.8  2.511021E-13
4392.7  2.653267E-13
4395.6  2.807089E-13
4398.5  2.778355E-13
4401.4  2.570287E-13
4404.3  2.448585E-13
4407.2  2.573073E-13
4410.1  2.827500E-13
4413.  2.882800E-13
4415.9  2.869325E-13
4418.8  2.930952E-13
4421.7  2.954479E-13
4424.6  2.966014E-13
4427.5  2.960389E-13
4430.4  2.952492E-13
4433.3  2.971643E-13
4436.2  3.043769E-13
4439.1  3.111540E-13
4442.  3.163637E-13
4444.9  3.287232E-13
4447.8  3.367142E-13
4450.7  3.249747E-13
4453.6  3.035382E-13
4456.5  2.845447E-13
4459.4  2.814627E-13
4462.3  2.963812E-13
4465.2  3.215123E-13
4468.1  3.493834E-13
4471.  3.705458E-13
4473.9  3.804359E-13
4476.8  3.721191E-13
4479.7  3.578752E-13
4482.6  3.550058E-13
4485.5  3.559951E-13
4488.4  3.461854E-13
4491.3  3.371834E-13
4494.2  3.370245E-13
4497.1  3.479059E-13
4500.  3.681794E-13
4502.9  3.901909E-13
4505.8  4.020837E-13
4508.7  3.965481E-13
4511.6  3.821781E-13
4514.5  3.705293E-13
4517.4  3.698736E-13
4520.3  3.718514E-13
4523.2  3.535438E-13
4526.1  3.266030E-13
4529.  3.128141E-13
4531.9  3.162702E-13
4534.8  3.330769E-13
4537.7  3.484583E-13
4540.6  3.554536E-13
4543.5  3.518058E-13
4546.4  3.488599E-13
4549.3  3.505461E-13
4552.2  3.525866E-13
4555.1  3.640256E-13
4558.  3.804286E-13
4560.9  3.845833E-13
4563.8  3.763352E-13
4566.7  3.789831E-13
4569.6  3.886254E-13
4572.5  3.865788E-13
4575.4  3.787099E-13
4578.3  3.621811E-13
4581.2  3.547991E-13
4584.1  3.604379E-13
4587.  3.715809E-13
4589.9  3.707130E-13
4592.8  3.573981E-13
4595.7  3.536004E-13
4598.6  3.532752E-13
4601.5  3.610946E-13
4604.4  3.758096E-13
4607.3  3.995001E-13
4610.2  4.121237E-13
4613.1  4.157183E-13
4616.  4.185069E-13
4618.9  4.171612E-13
4621.8  4.131312E-13
4624.7  4.112948E-13
4627.6  4.095910E-13
4630.5  4.036296E-13
4633.4  3.941547E-13
4636.3  3.833961E-13
4639.2  3.725373E-13
4642.1  3.664031E-13
4645.  3.533830E-13
4647.9  3.485386E-13
4650.8  3.649281E-13
4653.7  3.758124E-13
4656.6  3.824580E-13
4659.5  3.880521E-13
4662.4  3.650868E-13
4665.3  3.492725E-13
4668.2  3.485565E-13
4671.1  3.666800E-13
4674.  3.732903E-13
4676.9  3.727363E-13
4679.8  3.660992E-13
4682.7  3.664398E-13
4685.6  3.753061E-13
4688.5  3.700863E-13
4691.4  3.696018E-13
4694.3  3.711116E-13
4697.2  3.644386E-13
4700.1  3.554478E-13
4703.  3.544064E-13
4705.9  3.579057E-13
4708.8  3.642246E-13
4711.7  3.742720E-13
4714.6  3.901765E-13
4717.5  4.092813E-13
4720.4  4.167056E-13
4723.3  4.104060E-13
4726.2  3.909497E-13
4729.1  3.707404E-13
4732.  3.739859E-13
4734.9  3.906621E-13
4737.8  4.026408E-13
4740.7  4.096300E-13
4743.6  4.145779E-13
4746.5  4.185612E-13
4749.4  4.156773E-13
4752.3  4.046097E-13
4755.2  4.053594E-13
4758.1  4.098017E-13
4761.  4.039378E-13
4763.9  3.919350E-13
4766.8  3.910916E-13
4769.7  4.096115E-13
4772.6  4.258095E-13
4775.5  4.357281E-13
4778.4  4.343532E-13
4781.3  4.242850E-13
4784.2  4.112406E-13
4787.1  4.056043E-13
4790.  4.132707E-13
4792.9  4.283877E-13
4795.8  4.331883E-13
4798.7  4.286675E-13
4801.6  4.326594E-13
4804.5  4.306061E-13
4807.4  4.219339E-13
4810.3  4.214625E-13
4813.2  4.199519E-13
4816.1  4.294258E-13
4819.  4.429781E-13
4821.9  4.368416E-13
4824.8  4.255997E-13
4827.7  4.206611E-13
4830.6  4.184168E-13
4833.5  4.217289E-13
4836.4  4.192308E-13
4839.3  4.145340E-13
4842.2  4.126306E-13
4845.1  4.053669E-13
4848.  4.011787E-13
4850.9  4.059459E-13
4853.8  4.002298E-13
4856.7  3.832511E-13
4859.6  3.648827E-13
4862.5  3.591744E-13
4865.4  3.690137E-13
4868.3  3.731260E-13
4871.2  3.734744E-13
4874.1  3.840408E-13
4877.  4.009630E-13
4879.9  4.090488E-13
4882.8  3.991037E-13
4885.7  3.847093E-13
4888.6  3.789778E-13
4891.5  3.969981E-13
4894.4  4.383858E-13
4897.3  4.556078E-13
4900.2  4.428052E-13
4903.1  4.315278E-13
4906.  4.258225E-13
4908.9  4.156611E-13
4911.8  4.109226E-13
4914.7  4.069687E-13
4917.6  3.835575E-13
4920.5  3.654564E-13
4923.4  3.807532E-13
4926.3  4.121578E-13
4929.2  4.323654E-13
4932.1  4.296558E-13
4935.  4.101365E-13
4937.9  3.988813E-13
4940.8  4.113457E-13
4943.7  4.369195E-13
4946.6  4.499608E-13
4949.5  4.549105E-13
4952.4  4.466632E-13
4955.3  4.348505E-13
4958.2  4.289611E-13
4961.1  4.431714E-13
4964.  4.400569E-13
4966.9  4.261598E-13
4969.8  4.306005E-13
4972.7  4.450167E-13
4975.6  4.417206E-13
4978.5  4.200367E-13
4981.4  3.975994E-13
4984.3  3.944164E-13
4987.2  4.099002E-13
4990.1  4.225034E-13
4993.  4.251200E-13
4995.9  4.199738E-13
4998.8  4.036186E-13
5001.7  3.865779E-13
5004.6  3.780417E-13
5007.5  3.821909E-13
5010.4  3.863082E-13
5013.3  3.788280E-13
5016.2  3.821013E-13
5019.1  3.864783E-13
5022.  3.917413E-13
5024.9  4.010060E-13
5027.8  4.110651E-13
5030.7  4.306849E-13
5033.6  4.317419E-13
5036.5  4.090641E-13
5039.4  3.823680E-13
5042.3  3.853625E-13
5045.2  4.122547E-13
5048.1  4.172177E-13
5051.  4.142824E-13
5053.9  4.292723E-13
5056.8  4.455063E-13
5059.7  4.451309E-13
5062.6  4.330306E-13
5065.5  4.115522E-13
5068.4  4.061625E-13
5071.3  4.123022E-13
5074.2  4.143258E-13
5077.1  4.044875E-13
5080.  3.891423E-13
5082.9  3.939255E-13
5085.8  4.091395E-13
5088.7  4.235683E-13
5091.6  4.334415E-13
5094.5  4.274980E-13
5097.4  4.129865E-13
5100.3  4.056722E-13
5103.2  4.084838E-13
5106.1  4.011559E-13
5109.  3.982215E-13
5111.9  4.065217E-13
5114.8  4.212779E-13
5117.7  4.257967E-13
5120.6  4.092276E-13
5123.5  3.831346E-13
5126.4  3.747247E-13
5129.3  3.855147E-13
5132.2  4.036357E-13
5135.1  4.099487E-13
5138.  3.996496E-13
5140.9  3.890134E-13
5143.8  3.822713E-13
5146.7  3.783093E-13
5149.6  3.787821E-13
5152.5  3.822542E-13
5155.4  3.959639E-13
5158.3  4.066469E-13
5161.2  3.862827E-13
5164.1  3.417822E-13
5167.  3.071638E-13
5169.9  3.012201E-13
5172.8  3.178648E-13
5175.7  3.535678E-13
5178.6  3.727621E-13
5181.5  3.517174E-13
5184.4  3.435907E-13
5187.3  3.804471E-13
5190.2  4.038868E-13
5193.1  4.027324E-13
5196.  4.085070E-13
5198.9  4.193458E-13
5201.8  4.137308E-13
5204.7  3.878235E-13
5207.6  3.704738E-13
5210.5  3.876278E-13
5213.4  4.122691E-13
5216.3  4.231239E-13
5219.2  4.294292E-13
5222.1  4.204029E-13
5225.  3.959454E-13
5227.9  3.989022E-13
5230.8  4.155918E-13
5233.7  4.256939E-13
5236.6  4.414406E-13
5239.5  4.581949E-13
5242.4  4.596160E-13
5245.3  4.479567E-13
5248.2  4.281533E-13
5251.1  4.218885E-13
5254.  4.319323E-13
5256.9  4.468265E-13
5259.8  4.394000E-13
5262.7  3.959614E-13
5265.6  3.592261E-13
5268.5  3.525504E-13
5271.4  3.744886E-13
5274.3  4.099227E-13
5277.2  4.406369E-13
5280.1  4.480181E-13
5283.  4.484771E-13
5285.9  4.676741E-13
5288.8  4.878795E-13
5291.7  4.867785E-13
5294.6  4.651100E-13
5297.5  4.421399E-13
5300.4  4.471898E-13
5303.3  4.760938E-13
5306.2  4.966555E-13
5309.1  5.024325E-13
5312.  4.984535E-13
5314.9  4.878640E-13
5317.8  4.809685E-13
5320.7  4.690768E-13
5323.6  4.446874E-13
5326.5  4.131734E-13
5329.4  4.095049E-13
5332.3  4.408059E-13
5335.2  4.648527E-13
5338.1  4.642780E-13
5341.  4.512951E-13
5343.9  4.495192E-13
5346.8  4.524699E-13
5349.7  4.624032E-13
5352.6  4.843829E-13
5355.5  5.083207E-13
5358.4  5.125423E-13
5361.3  5.009716E-13
5364.2  4.849115E-13
5367.1  4.696556E-13
5370.  4.537131E-13
5372.9  4.564095E-13
5375.8  4.754099E-13
5378.7  4.869810E-13
5381.6  4.883165E-13
5384.5  4.880215E-13
5387.4  4.755895E-13
5390.3  4.578026E-13
5393.2  4.464929E-13
5396.1  4.372565E-13
5399.  4.377121E-13
5401.9  4.364596E-13
5404.8  4.219267E-13
5407.7  4.297456E-13
5410.6  4.490985E-13
5413.5  4.679429E-13
5416.4  4.812962E-13
5419.3  4.814653E-13
5422.2  4.751758E-13
5425.1  4.728803E-13
5428.  4.628353E-13
5430.9  4.443646E-13
5433.8  4.416823E-13
5436.7  4.589367E-13
5439.6  4.880174E-13
5442.5  4.953607E-13
5445.4  4.777164E-13
5448.3  4.708109E-13
5451.2  4.814587E-13
5454.1  4.772688E-13
5457.  4.765419E-13
5459.9  4.788200E-13
5462.8  4.733149E-13
5465.7  4.727085E-13
5468.6  4.697003E-13
5471.5  4.606031E-13
5474.4  4.487724E-13
5477.3  4.414277E-13
5480.2  4.486027E-13
5483.1  4.625433E-13
5486.  4.768553E-13
5488.9  4.780755E-13
5491.8  4.813295E-13
5494.7  4.854196E-13
5497.6  4.845742E-13
5500.5  4.795582E-13
5503.4  4.709961E-13
5506.3  4.669362E-13
5509.2  4.677120E-13
5512.1  4.640650E-13
5515.  4.651543E-13
5517.9  4.798560E-13
5520.8  4.886231E-13
5523.7  4.850095E-13
5526.6  4.778745E-13
5529.5  4.728047E-13
5532.4  4.759757E-13
5535.3  4.784971E-13
5538.2  4.817812E-13
5541.1  4.906310E-13
5544.  4.936813E-13
5546.9  4.972017E-13
5549.8  5.017694E-13
5552.7  4.998049E-13
5555.6  4.925715E-13
5558.5  4.904415E-13
5561.4  4.818950E-13
5564.3  4.781521E-13
5567.2  4.728766E-13
5570.1  4.770404E-13
5573.  4.818341E-13
5575.9  4.881688E-13
5578.8  4.856561E-13
5581.7  4.814925E-13
5584.6  4.680075E-13
5587.5  4.446116E-13
5590.4  4.413808E-13
5593.3  4.589877E-13
5596.2  4.716859E-13
5599.1  4.764271E-13
5602.  4.760744E-13
5604.9  4.945866E-13
5607.8  5.135886E-13
5610.7  5.133781E-13
5613.6  4.995662E-13
5616.5  4.793113E-13
5619.4  4.772152E-13
5622.3  4.785390E-13
5625.2  4.774589E-13
5628.1  4.869701E-13
5631.  5.043984E-13
5633.9  5.006215E-13
5636.8  4.852018E-13
5639.7  4.805232E-13
5642.6  4.803079E-13
5645.5  4.799052E-13
5648.4  4.792890E-13
5651.3  4.780093E-13
5654.2  4.745532E-13
5657.1  4.598446E-13
5660.  4.568882E-13
5662.9  4.673160E-13
5665.8  4.797059E-13
5668.7  4.875809E-13
5671.6  4.964193E-13
5674.5  5.068776E-13
5677.4  5.087477E-13
5680.3  5.016736E-13
5683.2  4.920752E-13
5686.1  4.872488E-13
5689.  4.923584E-13
5691.9  5.006351E-13
5694.8  5.066073E-13
5697.7  4.996514E-13
5700.6  4.814221E-13
5703.5  4.715876E-13
5706.4  4.640958E-13
5709.3  4.544103E-13
5712.2  4.647648E-13
5715.1  4.879135E-13
5718.  5.058471E-13
5720.9  5.189037E-13
5723.8  5.250964E-13
5726.7  5.202383E-13
5729.6  5.129432E-13
5732.5  5.170231E-13
5735.4  5.198669E-13
5738.3  5.126833E-13
5741.2  5.111937E-13
5744.1  5.121300E-13
5747.  5.101127E-13
5749.9  5.039365E-13
5752.8  4.978856E-13
5755.7  4.984520E-13
5758.6  5.041745E-13
5761.5  5.013897E-13
5764.4  5.041619E-13
5767.3  5.130277E-13
5770.2  5.148488E-13
5773.1  5.085169E-13
5776.  5.004165E-13
5778.9  4.843178E-13
5781.8  4.667958E-13
5784.7  4.685792E-13
5787.6  4.858318E-13
5790.5  5.007438E-13
5793.4  5.080418E-13
5796.3  4.987864E-13
5799.2  4.991549E-13
5802.1  5.018749E-13
5805.  5.038879E-13
5807.9  5.063942E-13
5810.8  5.106326E-13
5813.7  5.128257E-13
5816.6  5.156595E-13
5819.5  5.191718E-13
5822.4  5.218254E-13
5825.3  5.239813E-13
5828.2  5.237477E-13
5831.1  5.210602E-13
5834.  5.192726E-13
5836.9  5.187421E-13
5839.8  5.184273E-13
5842.7  5.166961E-13
5845.6  5.131193E-13
5848.5  5.084945E-13
5851.4  5.031421E-13
5854.3  4.988490E-13
5857.2  4.958725E-13
5860.1  4.973513E-13
5863.  5.028178E-13
5865.9  5.068503E-13
5868.8  5.101716E-13
5871.7  5.139620E-13
5874.6  5.001292E-13
5877.5  5.028677E-13
5880.4  5.022262E-13
5883.3  4.876515E-13
5886.2  4.577193E-13
5889.1  4.415004E-13
5892.  4.402952E-13
5894.9  4.399288E-13
5897.8  4.699006E-13
5900.7  4.868223E-13
5903.6  4.963124E-13
5906.5  5.006763E-13
5909.4  5.047992E-13
5912.3  5.071935E-13
5915.2  5.078621E-13
5918.1  5.097283E-13
5921.  5.122452E-13
5923.9  5.131628E-13
5926.8  5.117105E-13
5929.7  5.089660E-13
5932.6  5.067684E-13
5935.5  5.061726E-13
5938.4  5.064483E-13
5941.3  5.062605E-13
5944.2  5.055702E-13
5947.1  5.045233E-13
5950.  5.042411E-13
5952.9  5.068977E-13
5955.8  5.106685E-13
5958.7  5.143230E-13
5961.6  5.190704E-13
5964.5  5.230408E-13
5967.4  5.240992E-13
5970.3  5.217144E-13
5973.2  5.141750E-13
5976.1  5.040870E-13
5979.  4.985311E-13
5981.9  4.968960E-13
5984.8  4.979616E-13
5987.7  5.019104E-13
5990.6  5.037290E-13
5993.5  5.027894E-13
5996.4  5.006343E-13
5999.3  4.984831E-13
6002.2  4.963325E-13
6005.1  4.933152E-13
6008.  4.918884E-13
6010.9  4.929338E-13
6013.8  4.929575E-13
6016.7  4.942881E-13
6019.6  4.978513E-13
6022.5  5.052109E-13
6025.4  5.121479E-13
6028.3  5.189384E-13
6031.2  5.224267E-13
6034.1  5.240476E-13
6037.  5.246706E-13
6039.9  5.230442E-13
6042.8  5.234644E-13
6045.7  5.223387E-13
6048.6  5.219475E-13
6051.5  5.191940E-13
6054.4  5.130869E-13
6057.3  5.112973E-13
6060.2  5.090349E-13
6063.1  5.068331E-13
6066.  5.126758E-13
6068.9  5.109362E-13
6071.8  5.189067E-13
6074.7  5.128171E-13
6077.6  5.045092E-13
6080.5  4.985812E-13
6083.4  4.967923E-13
6086.3  4.959046E-13
6089.2  4.973423E-13
6092.1  4.990314E-13
6095.  4.998649E-13
6097.9  4.972281E-13
6100.8  4.939278E-13
6103.7  4.981346E-13
6106.6  5.024789E-13
6109.5  5.024424E-13
6112.4  5.002824E-13
6115.3  4.956262E-13
6118.2  4.897655E-13
6121.1  4.877706E-13
6124.  4.885556E-13
6126.9  4.869983E-13
6129.8  4.864879E-13
6132.7  4.810108E-13
6135.6  4.779868E-13
6138.5  4.846715E-13
6141.4  4.929826E-13
6144.3  4.943464E-13
6147.2  4.904185E-13
6150.1  4.885127E-13
6153.  4.850856E-13
6155.9  4.781202E-13
6158.8  4.688481E-13
6161.7  4.664384E-13
6164.6  4.740501E-13
6167.5  4.799774E-13
6170.4  4.861899E-13
6173.3  4.931886E-13
6176.2  4.963003E-13
6179.1  4.984472E-13
6182.  4.951471E-13
6184.9  4.863080E-13
6187.8  4.808933E-13
6190.7  4.866868E-13
6193.6  4.946156E-13
6196.5  4.966262E-13
6199.4  4.989473E-13
6202.3  5.008207E-13
6205.2  4.984643E-13
6208.1  4.917714E-13
6211.  4.816120E-13
6213.9  4.739076E-13
6216.8  4.719889E-13
6219.7  4.728267E-13
6222.6  4.748406E-13
6225.5  4.729995E-13
6228.4  4.696423E-13
6231.3  4.731733E-13
6234.2  4.782164E-13
6237.1  4.749190E-13
6240.  4.676322E-13
6242.9  4.649796E-13
6245.8  4.644235E-13
6248.7  4.612284E-13
6251.6  4.570580E-13
6254.5  4.550815E-13
6257.4  4.603133E-13
6260.3  4.714182E-13
6263.2  4.796010E-13
6266.1  4.831037E-13
6269.  4.836483E-13
6271.9  4.842773E-13
6274.8  4.845506E-13
6277.7  4.832685E-13
6280.6  4.863803E-13
6283.5  4.882215E-13
6286.4  4.865123E-13
6289.3  4.838854E-13
6292.2  4.799359E-13
6295.1  4.778166E-13
6298.  4.780710E-13
6300.9  4.798976E-13
6303.8  4.826794E-13
6306.7  4.836823E-13
6309.6  4.798749E-13
6312.5  4.732252E-13
6315.4  4.706968E-13
6318.3  4.748441E-13
6321.2  4.817822E-13
6324.1  4.839822E-13
6327.  4.863010E-13
6329.9  4.877002E-13
6332.8  4.817567E-13
6335.7  4.762588E-13
6338.6  4.769441E-13
6341.5  4.795272E-13
6344.4  4.825811E-13
6347.3  4.844518E-13
6350.2  4.808865E-13
6353.1  4.727506E-13
6356.  4.665974E-13
6358.9  4.646474E-13
6361.8  4.664727E-13
6364.7  4.748191E-13
6367.6  4.868606E-13
6370.5  4.941038E-13
6373.4  4.982812E-13
6376.3  5.006954E-13
6379.2  5.003490E-13
6382.1  4.980525E-13
6385.  4.963157E-13
6387.9  4.941680E-13
6390.8  4.894193E-13
6393.7  4.862294E-13
6396.6  4.879673E-13
6399.5  4.869720E-13
6402.4  4.875169E-13
6405.3  4.869733E-13
6408.2  4.842238E-13
6411.1  4.836162E-13
6414.  4.827276E-13
6416.9  4.819613E-13
6419.8  4.816027E-13
6422.7  4.838360E-13
6425.6  4.887921E-13
6428.5  4.911484E-13
6431.4  4.904756E-13
6434.3  4.900791E-13
6437.2  4.903392E-13
6440.1  4.887299E-13
6443.  4.872380E-13
6445.9  4.865980E-13
6448.8  4.818012E-13
6451.7  4.760990E-13
6454.6  4.775692E-13
6457.5  4.849430E-13
6460.4  4.881690E-13
6463.3  4.892823E-13
6466.2  4.882231E-13
6469.1  4.916433E-13
6472.  4.955273E-13
6474.9  4.965497E-13
6477.8  4.965230E-13
6480.7  4.934310E-13
6483.6  4.784863E-13
6486.5  4.703787E-13
6489.4  4.634260E-13
6492.3  4.598780E-13
6495.2  4.609927E-13
6498.1  4.666254E-13
6501.  4.749735E-13
6503.9  4.829035E-13
6506.8  4.884951E-13
6509.7  4.908699E-13
6512.6  4.910979E-13
6515.5  4.909606E-13
6518.4  4.908352E-13
6521.3  4.906802E-13
6524.2  4.899460E-13
6527.1  4.884807E-13
6530.  4.875633E-13
6532.9  4.877114E-13
6535.8  4.881144E-13
6538.7  4.878194E-13
6541.6  4.857897E-13
6544.5  4.817863E-13
6547.4  4.762584E-13
6550.3  4.694964E-13
6553.2  4.619846E-13
6556.1  4.550985E-13
6559.  4.504690E-13
6561.9  4.503408E-13
6564.8  4.555777E-13
6567.7  4.633825E-13
6570.6  4.711957E-13
6573.5  4.778503E-13
6576.4  4.825755E-13
6579.3  4.852336E-13
6582.2  4.859699E-13
6585.1  4.851408E-13
6588.  4.839386E-13
6590.9  4.837583E-13
6593.8  4.847900E-13
6596.7  4.866951E-13
6599.6  4.886384E-13
6602.5  4.899973E-13
6605.4  4.913827E-13
6608.3  4.931241E-13
6611.2  4.947999E-13
6614.1  4.956772E-13
6617.  4.946539E-13
6619.9  4.916886E-13
6622.8  4.876869E-13
6625.7  4.837328E-13
6628.6  4.809238E-13
6631.5  4.802063E-13
6634.4  4.820188E-13
6637.3  4.849537E-13
6640.2  4.874201E-13
6643.1  4.889093E-13
6646.  4.892578E-13
6648.9  4.887706E-13
6651.8  4.877545E-13
6654.7  4.863447E-13
6657.6  4.847860E-13
6660.5  4.833884E-13
6663.4  4.824978E-13
6666.3  4.824295E-13
6669.2  4.835821E-13
6672.1  4.861637E-13
6675.  4.895898E-13
6677.9  4.929375E-13
6680.8  4.949362E-13
6683.7  4.946780E-13
6686.6  4.921396E-13
6689.5  4.879924E-13
6692.4  4.837435E-13
6695.3  4.804992E-13
6698.2  4.787928E-13
6701.1  4.784400E-13
6704.  4.787592E-13
6706.9  4.790233E-13
6709.8  4.786896E-13
6712.7  4.787057E-13
6715.6  4.801760E-13
6718.5  4.832569E-13
6721.4  4.873973E-13
6724.3  4.906274E-13
6727.2  4.916103E-13
6730.1  4.904299E-13
6733.  4.878490E-13
6735.9  4.853834E-13
6738.8  4.835337E-13
6741.7  4.819485E-13
6744.6  4.812434E-13
6747.5  4.822237E-13
6750.4  4.843997E-13
6753.3  4.868095E-13
6756.2  4.882052E-13
6759.1  4.877342E-13
6762.  4.857109E-13
6764.9  4.831104E-13
6767.8  4.818923E-13
6770.7  4.825780E-13
6773.6  4.837139E-13
6776.5  4.842430E-13
6779.4  4.834886E-13
6782.3  4.821602E-13
6785.2  4.816530E-13
6788.1  4.823723E-13
6791.  4.841859E-13
6793.9  4.858039E-13
6796.8  4.861616E-13
6799.7  4.861577E-13
6802.6  4.864308E-13
6805.5  4.863291E-13
6808.4  4.858530E-13
6811.3  4.859868E-13
6814.2  4.868612E-13
6817.1  4.878778E-13
6820.  4.881748E-13
6822.9  4.868323E-13
6825.8  4.846150E-13
6828.7  4.827776E-13
6831.6  4.810403E-13
6834.5  4.789580E-13
6837.4  4.766656E-13
6840.3  4.745910E-13
6843.2  4.739560E-13
6846.1  4.748482E-13
6849.  4.752719E-13
6851.9  4.749602E-13
6854.8  4.755769E-13
6857.7  4.763778E-13
6860.6  4.753643E-13
6863.5  4.720425E-13
6866.4  4.669170E-13
6869.3  4.643781E-13
6872.2  4.681888E-13
6875.1  4.746339E-13
6878.  4.797512E-13
6880.9  4.827577E-13
6883.8  4.836874E-13
6886.7  4.837954E-13
6889.6  4.839958E-13
6892.5  4.845117E-13
6895.4  4.853130E-13
6898.3  4.861154E-13
6901.2  4.862673E-13
6904.1  4.850891E-13
6907.  4.829099E-13
6909.9  4.803818E-13
6912.8  4.779819E-13
6915.7  4.760412E-13
6918.6  4.744867E-13
6921.5  4.731723E-13
6924.4  4.720248E-13
6927.3  4.707871E-13
6930.2  4.689414E-13
6933.1  4.668474E-13
6936.  4.655879E-13
6938.9  4.649493E-13
6941.8  4.641114E-13
6944.7  4.635681E-13
6947.6  4.640327E-13
6950.5  4.649588E-13
6953.4  4.657855E-13
6956.3  4.670849E-13
6959.2  4.687977E-13
6962.1  4.692966E-13
6965.  4.674965E-13
6967.9  4.630970E-13
6970.8  4.575110E-13
6973.7  4.536607E-13
6976.6  4.524573E-13
6979.5  4.534207E-13
6982.4  4.559952E-13
6985.3  4.593469E-13
6988.2  4.617503E-13
6991.1  4.618489E-13
6994.  4.603332E-13
6996.9  4.581386E-13
6999.8  4.558325E-13
7002.7  4.537211E-13
7005.6  4.515365E-13
7008.5  4.494850E-13
7011.4  4.483100E-13
7014.3  4.480430E-13
7017.2  4.482469E-13
7020.1  4.493417E-13
7023.  4.519040E-13
7025.9  4.549626E-13
7028.8  4.574487E-13
7031.7  4.598354E-13
7034.6  4.625505E-13
7037.5  4.652971E-13
7040.4  4.675581E-13
7043.3  4.684191E-13
7046.2  4.678366E-13
7049.1  4.668499E-13
7052.  4.658346E-13
7054.9  4.646461E-13
7057.8  4.638204E-13
7060.7  4.640257E-13
7063.6  4.642915E-13
7066.5  4.635015E-13
7069.4  4.628302E-13
7072.3  4.630401E-13
7075.2  4.622791E-13
7078.1  4.593076E-13
7081.  4.543479E-13
7083.9  4.489437E-13
7086.8  4.462863E-13
7089.7  4.469396E-13
7092.6  4.491543E-13
7095.5  4.516398E-13
7098.4  4.533475E-13
7101.3  4.535644E-13
7104.2  4.520243E-13
7107.1  4.493003E-13
7110.  4.462806E-13
7112.9  4.441521E-13
7115.8  4.433800E-13
7118.7  4.426567E-13
7121.6  4.414192E-13
7124.5  4.403790E-13
7127.4  4.400597E-13
7130.3  4.408213E-13
7133.2  4.422327E-13
7136.1  4.434149E-13
7139.  4.437576E-13
7141.9  4.429617E-13
7144.8  4.420230E-13
7147.7  4.419592E-13
7150.6  4.425265E-13
7153.5  4.432313E-13
7156.4  4.433641E-13
7159.3  4.427793E-13
7162.2  4.423442E-13
7165.1  4.424174E-13
7168.  4.427980E-13
7170.9  4.428982E-13
7173.8  4.419528E-13
7176.7  4.395130E-13
7179.6  4.355520E-13
7182.5  4.317824E-13
7185.4  4.300126E-13
7188.3  4.304549E-13
7191.2  4.325951E-13
7194.1  4.348745E-13
7197.  4.361368E-13
7199.9  4.362297E-13
7202.8  4.357461E-13
7205.7  4.361205E-13
7208.6  4.374474E-13
7211.5  4.388183E-13
7214.4  4.396156E-13
7217.3  4.394489E-13
7220.2  4.392352E-13
7223.1  4.400251E-13
7226.  4.411905E-13
7228.9  4.420783E-13
7231.8  4.429967E-13
7234.7  4.441438E-13
7237.6  4.453986E-13
7240.5  4.465449E-13
7243.4  4.472534E-13
7246.3  4.473148E-13
7249.2  4.466630E-13
7252.1  4.454867E-13
7255.  4.441226E-13
7257.9  4.430089E-13
7260.8  4.424765E-13
7263.7  4.425194E-13
7266.6  4.427177E-13
7269.5  4.413283E-13
7272.4  4.376920E-13
7275.3  4.340815E-13
7278.2  4.314701E-13
7281.1  4.285207E-13
7284.  4.255712E-13
7286.9  4.243371E-13
7289.8  4.255332E-13
7292.7  4.291758E-13
7295.6  4.334953E-13
7298.5  4.363250E-13
7301.4  4.378683E-13
7304.3  4.388451E-13
7307.2  4.394648E-13
7310.1  4.398588E-13
7313.  4.399354E-13
7315.9  4.395424E-13
7318.8  4.383591E-13
7321.7  4.370743E-13
7324.6  4.374197E-13
7327.5  4.393037E-13
7330.4  4.414088E-13
7333.3  4.433315E-13
7336.2  4.449536E-13
7339.1  4.455012E-13
7342.  4.443382E-13
7344.9  4.416498E-13
7347.8  4.380737E-13
7350.7  4.348383E-13
7353.6  4.330361E-13
7356.5  4.333699E-13
7359.4  4.356263E-13
7362.3  4.385488E-13
7365.2  4.412791E-13
7368.1  4.433159E-13
7371.  4.442260E-13
7373.9  4.437798E-13
7376.8  4.415054E-13
7379.7  4.373889E-13
7382.6  4.336173E-13
7385.5  4.322464E-13
7388.4  4.338578E-13
7391.3  4.377625E-13
7394.2  4.410977E-13
7397.1  4.425247E-13
7400.  4.431477E-13
7402.9  4.427262E-13
7405.8  4.400690E-13
7408.7  4.360338E-13
7411.6  4.324537E-13
7414.5  4.305741E-13
7417.4  4.311495E-13
7420.3  4.339548E-13
7423.2  4.380923E-13
7426.1  4.416594E-13
7429.  4.431793E-13
7431.9  4.424164E-13
7434.8  4.400240E-13
7437.7  4.376611E-13
7440.6  4.366552E-13
7443.5  4.378373E-13
7446.4  4.404128E-13
7449.3  4.426556E-13
7452.2  4.433263E-13
7455.1  4.417634E-13
7458.  4.397912E-13
7460.9  4.392813E-13
7463.8  4.395625E-13
7466.7  4.397467E-13
7469.6  4.392747E-13
7472.5  4.381015E-13
7475.4  4.370965E-13
7478.3  4.367326E-13
7481.2  4.370429E-13
7484.1  4.375033E-13
7487.  4.372514E-13
7489.9  4.366018E-13
7492.8  4.363071E-13
7495.7  4.364273E-13
7498.6  4.368435E-13
7501.5  4.373285E-13
7504.4  4.377963E-13
7507.3  4.387427E-13
7510.2  4.403033E-13
7513.1  4.419477E-13
7516.  4.430475E-13
7518.9  4.428718E-13
7521.8  4.418878E-13
7524.7  4.413852E-13
7527.6  4.420935E-13
7530.5  4.442879E-13
7533.4  4.465115E-13
7536.3  4.471605E-13
7539.2  4.469950E-13
7542.1  4.468731E-13
7545.  4.463658E-13
7547.9  4.453691E-13
7550.8  4.445589E-13
7553.7  4.442784E-13
7556.6  4.444352E-13
7559.5  4.447760E-13
7562.4  4.449134E-13
7565.3  4.448318E-13
7568.2  4.447246E-13
7571.1  4.447120E-13
7574.  4.448717E-13
7576.9  4.451124E-13
7579.8  4.453288E-13
7582.7  4.455339E-13
7585.6  4.457431E-13
7588.5  4.459527E-13
7591.4  4.461623E-13
7594.3  4.463718E-13
7597.2  4.465814E-13
7600.1  4.467910E-13
7603.  4.470006E-13
7605.9  4.472101E-13
7608.8  4.474197E-13
7611.7  4.476292E-13
7614.6  4.478388E-13
7617.5  4.480483E-13
7620.4  4.482579E-13
7623.3  4.484675E-13
7626.2  4.486580E-13
7629.1  4.488573E-13
7632.  4.492344E-13
7634.9  4.494536E-13
7637.8  4.486360E-13
7640.7  4.468826E-13
7643.6  4.449513E-13
7646.5  4.423925E-13
7649.4  4.385213E-13
7652.3  4.343736E-13
7655.2  4.312933E-13
7658.1  4.297279E-13
7661.  4.300423E-13
7663.9  4.330961E-13
7666.8  4.384472E-13
7669.7  4.434746E-13
7672.6  4.465277E-13
7675.5  4.472404E-13
7678.4  4.463375E-13
7681.3  4.454042E-13
7684.2  4.445055E-13
7687.1  4.430409E-13
7690.  4.413870E-13
7692.9  4.400604E-13
7695.8  4.392516E-13
7698.7  4.388503E-13
7701.6  4.380055E-13
7704.5  4.361866E-13
7707.4  4.336099E-13
7710.3  4.310157E-13
7713.2  4.297302E-13
7716.1  4.302463E-13
7719.  4.322758E-13
7721.9  4.350413E-13
7724.8  4.375147E-13
7727.7  4.393370E-13
7730.6  4.404230E-13
7733.5  4.405144E-13
7736.4  4.395587E-13
7739.3  4.379618E-13
7742.2  4.363412E-13
7745.1  4.355677E-13
7748.  4.361091E-13
7750.9  4.377892E-13
7753.8  4.402521E-13
7756.7  4.430412E-13
7759.6  4.452480E-13
7762.5  4.458581E-13
7765.4  4.454069E-13
7768.3  4.449338E-13
7771.2  4.445277E-13
7774.1  4.440508E-13
7777.  4.432281E-13
7779.9  4.419704E-13
7782.8  4.408165E-13
7785.7  4.400564E-13
7788.6  4.394761E-13
7791.5  4.390457E-13
7794.4  4.389331E-13
7797.3  4.390814E-13
7800.2  4.393002E-13
7803.1  4.397728E-13
7806.  4.407580E-13
7808.9  4.419122E-13
7811.8  4.428096E-13
7814.7  4.435700E-13
7817.6  4.441392E-13
7820.5  4.437050E-13
7823.4  4.419142E-13
7826.3  4.392583E-13
7829.2  4.364890E-13
7832.1  4.345644E-13
7835.  4.338618E-13
7837.9  4.342654E-13
7840.8  4.348936E-13
7843.7  4.346484E-13
7846.6  4.339288E-13
7849.5  4.335215E-13
7852.4  4.338798E-13
7855.3  4.350148E-13
7858.2  4.356781E-13
7861.1  4.350205E-13
7864.  4.333861E-13
7866.9  4.310030E-13
7869.8  4.278284E-13
7872.7  4.245223E-13
7875.6  4.221992E-13
7878.5  4.209936E-13
7881.4  4.204638E-13
7884.3  4.196775E-13
7887.2  4.177760E-13
7890.1  4.152127E-13
7893.  4.128037E-13
7895.9  4.117221E-13
7898.8  4.121955E-13
7901.7  4.122322E-13
7904.6  4.105756E-13
7907.5  4.072179E-13
7910.4  4.032362E-13
7913.3  4.006789E-13
7916.2  4.000116E-13
7919.1  4.006183E-13
7922.  4.016751E-13
7924.9  4.022609E-13
7927.8  4.014594E-13
7930.7  3.988953E-13
7933.6  3.959890E-13
7936.5  3.940208E-13
7939.4  3.929395E-13
7942.3  3.929667E-13
7945.2  3.950069E-13
7948.1  3.984485E-13
7951.  4.011844E-13
7953.9  4.027375E-13
7956.8  4.037232E-13
7959.7  4.048240E-13
7962.6  4.066663E-13
7965.5  4.088025E-13
7968.4  4.105269E-13
7971.3  4.114697E-13
7974.2  4.114844E-13
7977.1  4.108884E-13
7980.  4.100580E-13
7982.9  4.093294E-13
7985.8  4.088217E-13
7988.7  4.083988E-13
7991.6  4.079306E-13
7994.5  4.073017E-13
7997.4  4.070869E-13
8000.3  4.080508E-13
8003.2  4.101412E-13
8006.1  4.128823E-13
8009.  4.151803E-13
8011.9  4.160741E-13
8014.8  4.153838E-13
8017.7  4.133902E-13
8020.6  4.108926E-13
8023.5  4.089795E-13
8026.4  4.089662E-13
8029.3  4.107339E-13
8032.2  4.129953E-13
8035.1  4.141473E-13
8038.  4.127274E-13
8040.9  4.094808E-13
8043.8  4.060503E-13
8046.7  4.046033E-13
8049.6  4.064231E-13
8052.5  4.094975E-13
8055.4  4.116776E-13
8058.3  4.116990E-13
8061.2  4.092968E-13
8064.1  4.056963E-13
8067.  4.019359E-13
8069.9  3.987044E-13
8072.8  3.965857E-13
8075.7  3.959052E-13
8078.6  3.956436E-13
8081.5  3.944625E-13
8084.4  3.922293E-13
8087.3  3.893615E-13
8090.2  3.871420E-13
8093.1  3.865073E-13
8096.  3.871430E-13
8098.9  3.884174E-13
8101.8  3.894250E-13
8104.7  3.896205E-13
8107.6  3.889178E-13
8110.5  3.879350E-13
8113.4  3.876691E-13
8116.3  3.886344E-13
8119.2  3.909110E-13
8122.1  3.926197E-13
8125.  3.920656E-13
8127.9  3.910117E-13
8130.8  3.910674E-13
8133.7  3.917949E-13
8136.6  3.924950E-13
8139.5  3.920862E-13
8142.4  3.908209E-13
8145.3  3.906149E-13
8148.2  3.916898E-13
8151.1  3.930596E-13
8154.  3.938666E-13
8156.9  3.934307E-13
8159.8  3.929526E-13
8162.7  3.938026E-13
8165.6  3.951967E-13
8168.5  3.960308E-13
8171.4  3.952725E-13
8174.3  3.928990E-13
8177.2  3.910179E-13
8180.1  3.905230E-13
8183.  3.905906E-13
8185.9  3.902582E-13
8188.8  3.884666E-13
8191.7  3.859607E-13
8194.6  3.843642E-13
8197.5  3.845480E-13
8200.4  3.867470E-13
8203.3  3.888762E-13
8206.2  3.891533E-13
8209.1  3.890007E-13
8212.  3.894737E-13
8214.9  3.900515E-13
8217.8  3.898265E-13
8220.7  3.870696E-13
8223.6  3.833962E-13
8226.5  3.834270E-13
8229.4  3.874090E-13
8232.3  3.929650E-13
8235.2  3.979558E-13
8238.1  4.005660E-13
8241.  4.015738E-13
8243.9  4.021111E-13
8246.8  4.011552E-13
8249.7  3.985071E-13
8252.6  3.965429E-13
8255.5  3.965980E-13
8258.4  3.982002E-13
8261.3  3.999089E-13
8264.2  3.993645E-13
8267.1  3.965280E-13
8270.  3.929441E-13
8272.9  3.906025E-13
8275.8  3.912697E-13
8278.7  3.930942E-13
8281.6  3.937368E-13
8284.5  3.938673E-13
8287.4  3.941195E-13
8290.3  3.937488E-13
8293.2  3.923045E-13
8296.1  3.898206E-13
8299.  3.869373E-13
8301.9  3.849799E-13
8304.8  3.842052E-13
8307.7  3.840534E-13
8310.6  3.839303E-13
8313.5  3.832612E-13
8316.4  3.826975E-13
8319.3  3.829275E-13
8322.2  3.824031E-13
8325.1  3.800579E-13
8328.  3.775209E-13
8330.9  3.761462E-13
8333.8  3.762163E-13
8336.7  3.773688E-13
8339.6  3.783953E-13
8342.5  3.788499E-13
8345.4  3.789824E-13
8348.3  3.791768E-13
8351.2  3.798764E-13
8354.1  3.809551E-13
8357.  3.820910E-13
8359.9  3.831710E-13
8362.8  3.840967E-13
8365.7  3.848267E-13
8368.6  3.851567E-13
8371.5  3.845190E-13
8374.4  3.825863E-13
8377.3  3.792989E-13
8380.2  3.757256E-13
8383.1  3.738657E-13
8386.  3.743480E-13
8388.9  3.768368E-13
8391.8  3.800709E-13
8394.7  3.825515E-13
8397.6  3.841057E-13
8400.5  3.849269E-13
8403.4  3.851258E-13
8406.3  3.848434E-13
8409.2  3.841942E-13
8412.1  3.830656E-13
8415.  3.808235E-13
8417.9  3.781168E-13
8420.8  3.769761E-13
8423.7  3.770207E-13
8426.6  3.763793E-13
8429.5  3.751793E-13
8432.4  3.743039E-13
8435.3  3.741378E-13
8438.2  3.748779E-13
8441.1  3.762814E-13
8444.  3.780566E-13
8446.9  3.802460E-13
8449.8  3.824956E-13
8452.7  3.837682E-13
8455.6  3.834948E-13
8458.5  3.817108E-13
8461.4  3.789838E-13
8464.3  3.762336E-13
8467.2  3.747565E-13
8470.1  3.757043E-13
8473.  3.779473E-13
8475.9  3.798056E-13
8478.8  3.812730E-13
8481.7  3.821692E-13
8484.6  3.810071E-13
8487.5  3.766653E-13
8490.4  3.684790E-13
8493.3  3.584336E-13
8496.2  3.516585E-13
8499.1  3.506871E-13
8502.  3.556606E-13
8504.9  3.629036E-13
8507.8  3.670640E-13
8510.7  3.678061E-13
8513.6  3.667523E-13
8516.5  3.659895E-13
8519.4  3.670513E-13
8522.3  3.689729E-13
8525.2  3.697516E-13
8528.1  3.663224E-13
8531.  3.565123E-13
8533.9  3.392781E-13
8536.8  3.194288E-13
8539.7  3.066525E-13
8542.6  3.053077E-13
8545.5  3.157004E-13
8548.4  3.324238E-13
8551.3  3.481668E-13
8554.2  3.605816E-13
8557.1  3.691764E-13
8560.  3.753017E-13
8562.9  3.802656E-13
8565.8  3.835027E-13
8568.7  3.848829E-13
8571.6  3.850427E-13
8574.5  3.844640E-13
8577.4  3.834923E-13
8580.3  3.824738E-13
8583.2  3.816788E-13
8586.1  3.815672E-13
8589.  3.824833E-13
8591.9  3.836185E-13
8594.8  3.839856E-13
8597.7  3.833638E-13
8600.6  3.817143E-13
8603.5  3.788688E-13
8606.4  3.754813E-13
8609.3  3.735765E-13
8612.2  3.740230E-13
8615.1  3.762423E-13
8618.  3.795093E-13
8620.9  3.829275E-13
8623.8  3.864863E-13
8626.7  3.904988E-13
8629.6  3.936090E-13
8632.5  3.943812E-13
8635.4  3.933513E-13
8638.3  3.912506E-13
8641.2  3.881566E-13
8644.1  3.839956E-13
8647.  3.786702E-13
8649.9  3.711878E-13
8652.8  3.594213E-13
8655.7  3.447905E-13
8658.6  3.313883E-13
8661.5  3.242462E-13
8664.4  3.278923E-13
8667.3  3.383868E-13
8670.2  3.491998E-13
8673.1  3.579182E-13
8676.  3.634924E-13
8678.9  3.664826E-13
8681.8  3.681108E-13
8684.7  3.698139E-13
8687.6  3.723712E-13
8690.5  3.754337E-13
8693.4  3.783880E-13
8696.3  3.804178E-13
8699.2  3.816001E-13
8702.1  3.825680E-13
8705.  3.835599E-13
8707.9  3.846380E-13
8710.8  3.858053E-13
8713.7  3.868924E-13
8716.6  3.871601E-13
8719.5  3.862231E-13
8722.4  3.847904E-13
8725.3  3.833644E-13
8728.2  3.819201E-13
8731.1  3.806240E-13
8734.  3.797956E-13
8736.9  3.795977E-13
8739.8  3.800697E-13
8742.7  3.811262E-13
8745.6  3.825870E-13
8748.5  3.843299E-13
8751.4  3.861469E-13
8754.3  3.875323E-13
8757.2  3.879533E-13
8760.1  3.867171E-13
8763.  3.840475E-13
8765.9  3.817543E-13
8768.8  3.808809E-13
8771.7  3.814195E-13
8774.6  3.829580E-13
8777.5  3.847511E-13
8780.4  3.858360E-13
8783.3  3.853518E-13
8786.2  3.838447E-13
8789.1  3.821909E-13
8792.  3.807777E-13
8794.9  3.794258E-13
8797.8  3.759726E-13
8800.7  3.700753E-13
8803.6  3.653512E-13
8806.5  3.642305E-13
8809.4  3.674763E-13
8812.3  3.729394E-13
8815.2  3.761216E-13
8818.1  3.766067E-13
8821.  3.762122E-13
8823.9  3.763764E-13
8826.8  3.781660E-13
8829.7  3.804207E-13
8832.6  3.818091E-13
8835.5  3.822344E-13
8838.4  3.821876E-13
8841.3  3.831525E-13
8844.2  3.859653E-13
8847.1  3.904250E-13
8850.  3.952339E-13
8852.9  3.981872E-13
8855.8  3.983556E-13
8858.7  3.957919E-13
8861.6  3.915661E-13
8864.5  3.871516E-13
8867.4  3.834400E-13
8870.3  3.809204E-13
8873.2  3.789767E-13
8876.1  3.773721E-13
8879.  3.776005E-13
8881.9  3.799268E-13
8884.8  3.825158E-13
8887.7  3.842403E-13
8890.6  3.848134E-13
8893.5  3.842392E-13
8896.4  3.828112E-13
8899.3  3.813240E-13
8902.2  3.806000E-13
8905.1  3.802083E-13
8908.  3.794248E-13
8910.9  3.777411E-13
8913.8  3.751175E-13
8916.7  3.727788E-13
8919.6  3.714910E-13
8922.5  3.708433E-13
8925.4  3.707736E-13
8928.3  3.716791E-13
8931.2  3.730020E-13
8934.1  3.736213E-13
8937.  3.730387E-13
8939.9  3.712286E-13
8942.8  3.696994E-13
8945.7  3.700259E-13
8948.6  3.717532E-13
8951.5  3.739227E-13
8954.4  3.754290E-13
8957.3  3.755237E-13
8960.2  3.741688E-13
8963.1  3.723697E-13
8966.  3.723725E-13
8968.9  3.744776E-13
8971.8  3.773272E-13
8974.7  3.792583E-13
8977.6  3.786975E-13
8980.5  3.756608E-13
8983.4  3.711434E-13
8986.3  3.683540E-13
8989.2  3.695915E-13
8992.1  3.724137E-13
8995.  3.742293E-13
8997.9  3.733983E-13
9000.8  3.705266E-13
9003.7  3.696129E-13
9006.6  3.717568E-13
9009.5  3.752568E-13
9012.4  3.783809E-13
9015.3  3.794553E-13
9018.2  3.790521E-13
9021.1  3.785873E-13
9024.  3.787550E-13
9026.9  3.797419E-13
9029.8  3.801575E-13
9032.7  3.790751E-13
9035.6  3.773631E-13
9038.5  3.759519E-13
9041.4  3.756885E-13
9044.3  3.765026E-13
9047.2  3.773151E-13
9050.1  3.774405E-13
9053.  3.765308E-13
9055.9  3.746087E-13
9058.8  3.719830E-13
9061.7  3.693307E-13
9064.6  3.673048E-13
9067.5  3.660976E-13
9070.4  3.655460E-13
9073.3  3.648298E-13
9076.2  3.634198E-13
9079.1  3.614577E-13
9082.  3.593666E-13
9084.9  3.578206E-13
9087.8  3.572543E-13
9090.7  3.578584E-13
9093.6  3.587861E-13
9096.5  3.588477E-13
9099.4  3.582127E-13
9102.3  3.574988E-13
9105.2  3.576746E-13
9108.1  3.591071E-13
9111.  3.596737E-13
9113.9  3.585806E-13
9116.8  3.584941E-13
9119.7  3.599428E-13
9122.6  3.605056E-13
9125.5  3.593498E-13
9128.4  3.568746E-13
9131.3  3.542190E-13
9134.2  3.527821E-13
9137.1  3.518981E-13
9140.  3.502705E-13
9142.9  3.466236E-13
9145.8  3.407064E-13
9148.7  3.356980E-13
9151.6  3.341889E-13
9154.5  3.367551E-13
9157.4  3.414755E-13
9160.3  3.430921E-13
9163.2  3.396791E-13
9166.1  3.325681E-13
9169.  3.256122E-13
9171.9  3.237591E-13
9174.8  3.264630E-13
9177.7  3.308509E-13
9180.6  3.341207E-13
9183.5  3.342054E-13
9186.4  3.323077E-13
9189.3  3.300524E-13
9192.2  3.284448E-13
9195.1  3.279900E-13
9198.  3.283676E-13
9200.9  3.286233E-13
9203.8  3.272390E-13
9206.7  3.248252E-13
9209.6  3.233436E-13
9212.5  3.240526E-13
9215.4  3.275775E-13
9218.3  3.325799E-13
9221.2  3.372145E-13
9224.1  3.404085E-13
9227.  3.415314E-13
9229.9  3.407879E-13
9232.8  3.386131E-13
9235.7  3.354152E-13
9238.6  3.320113E-13
9241.5  3.296106E-13
9244.4  3.282968E-13
9247.3  3.273195E-13
9250.2  3.264567E-13
9253.1  3.257548E-13
9256.  3.255166E-13
9258.9  3.260901E-13
9261.8  3.279171E-13
9264.7  3.308651E-13
9267.6  3.330869E-13
9270.5  3.332688E-13
9273.4  3.314029E-13
9276.3  3.285915E-13
9279.2  3.273476E-13
9282.1  3.278819E-13
9285.  3.284327E-13
9287.9  3.286048E-13
9290.8  3.286716E-13
9293.7  3.288709E-13
9296.6  3.294279E-13
9299.5  3.302897E-13
9302.4  3.312392E-13
9305.3  3.319000E-13
9308.2  3.317747E-13
9311.1  3.298398E-13
9314.  3.269543E-13
9316.9  3.265896E-13
9319.8  3.301285E-13
9322.7  3.370730E-13
9325.6  3.433382E-13
9328.5  3.432221E-13
9331.4  3.390035E-13
9334.3  3.356084E-13
9337.2  3.326101E-13
9340.1  3.293296E-13
9343.  3.298905E-13
9345.9  3.353783E-13
9348.8  3.376835E-13
9351.7  3.335245E-13
9354.6  3.286141E-13
9357.5  3.259750E-13
9360.4  3.258005E-13
9363.3  3.264918E-13
9366.2  3.251410E-13
9369.1  3.222814E-13
9372.  3.198397E-13
9374.9  3.172469E-13
9377.8  3.140783E-13
9380.7  3.137845E-13
9383.6  3.182924E-13
9386.5  3.240640E-13
9389.4  3.277234E-13
9392.3  3.270512E-13
9395.2  3.224274E-13
9398.1  3.174024E-13
9401.  3.134610E-13
9403.9  3.104804E-13
9406.8  3.080769E-13
9409.7  3.056651E-13
9412.6  3.047110E-13
9415.5  3.065358E-13
9418.4  3.077821E-13
9421.3  3.061748E-13
9424.2  3.058852E-13
9427.1  3.091888E-13
9430.  3.137039E-13
9432.9  3.161361E-13
9435.8  3.115453E-13
9438.7  3.040844E-13
9441.6  3.052435E-13
9444.5  3.127401E-13
9447.4  3.176434E-13
9450.3  3.177585E-13
9453.2  3.136819E-13
9456.1  3.106263E-13
9459.  3.128706E-13
9461.9  3.169522E-13
9464.8  3.192923E-13
9467.7  3.180975E-13
9470.6  3.141355E-13
9473.5  3.119707E-13
9476.4  3.136968E-13
9479.3  3.187694E-13
9482.2  3.253413E-13
9485.1  3.308410E-13
9488.  3.315840E-13
9490.9  3.249743E-13
9493.8  3.167830E-13
9496.7  3.135554E-13
9499.6  3.171323E-13
9502.5  3.260026E-13
9505.4  3.322041E-13
9508.3  3.311012E-13
9511.2  3.245188E-13
9514.1  3.165912E-13
9517.  3.135512E-13
9519.9  3.170364E-13
9522.8  3.251558E-13
9525.7  3.340976E-13
9528.6  3.395795E-13
9531.5  3.417693E-13
9534.4  3.420092E-13
9537.3  3.397717E-13
9540.2  3.354185E-13
9543.1  3.321982E-13
9546.  3.315609E-13
9548.9  3.311728E-13
9551.8  3.301400E-13
9554.7  3.295298E-13
9557.6  3.289523E-13
9560.5  3.270903E-13
9563.4  3.256418E-13
9566.3  3.272182E-13
9569.2  3.304940E-13
9572.1  3.331135E-13
9575.  3.336442E-13
9577.9  3.314394E-13
9580.8  3.276342E-13
9583.7  3.237901E-13
9586.6  3.215898E-13
9589.5  3.218347E-13
9592.4  3.242041E-13
9595.3  3.269919E-13
9598.2  3.274570E-13
9601.1  3.262295E-13
9604.  3.255972E-13
9606.9  3.257654E-13
9609.8  3.261769E-13
9612.7  3.252089E-13
9615.6  3.218806E-13
9618.5  3.183227E-13
9621.4  3.165154E-13
9624.3  3.174067E-13
9627.2  3.200982E-13
9630.1  3.209690E-13
9633.  3.193597E-13
9635.9  3.174182E-13
9638.8  3.166529E-13
9641.7  3.180991E-13
9644.6  3.203342E-13
9647.5  3.212106E-13
9650.4  3.208833E-13
9653.3  3.199926E-13
9656.2  3.186094E-13
9659.1  3.171047E-13
9662.  3.165983E-13
9664.9  3.174896E-13
9667.8  3.190479E-13
9670.7  3.202716E-13
9673.6  3.198871E-13
9676.5  3.186161E-13
9679.4  3.184353E-13
9682.3  3.190799E-13
9685.2  3.194351E-13
9688.1  3.192999E-13
9691.  3.187028E-13
9693.9  3.176338E-13
9696.8  3.163536E-13
9699.7  3.157263E-13
9702.6  3.162886E-13
9705.5  3.179602E-13
9708.4  3.200565E-13
9711.3  3.212409E-13
9714.2  3.211735E-13
9717.1  3.203066E-13
9720.  3.189833E-13
9722.9  3.175176E-13
9725.8  3.157949E-13
9728.7  3.136834E-13
9731.6  3.115928E-13
9734.5  3.100431E-13
9737.4  3.096710E-13
9740.3  3.106519E-13
9743.2  3.123272E-13
9746.1  3.138654E-13
9749.  3.142764E-13
9751.9  3.138346E-13
9754.8  3.138340E-13
9757.7  3.148036E-13
9760.6  3.167507E-13
9763.5  3.186869E-13
9766.4  3.194184E-13
9769.3  3.185515E-13
9772.2  3.162649E-13
9775.1  3.139959E-13
9778.  3.127574E-13
9780.9  3.120443E-13
9783.8  3.116596E-13
9786.7  3.119826E-13
9789.6  3.130743E-13
9792.5  3.147092E-13
9795.4  3.167519E-13
9798.3  3.190896E-13
9801.2  3.207081E-13
9804.1  3.205778E-13
9807.  3.193553E-13
9809.9  3.181300E-13
9812.8  3.181724E-13
9815.7  3.198296E-13
9818.6  3.209847E-13
9821.5  3.205012E-13
9824.4  3.191416E-13
9827.3  3.179368E-13
9830.2  3.182094E-13
9833.1  3.195012E-13
9836.  3.202010E-13
9838.9  3.198424E-13
9841.8  3.185627E-13
9844.7  3.172989E-13
9847.6  3.170492E-13
9850.5  3.179927E-13
9853.4  3.198330E-13
9856.3  3.214549E-13
9859.2  3.220911E-13
9862.1  3.218180E-13
9865.  3.209778E-13
9867.9  3.202123E-13
9870.8  3.195963E-13
9873.7  3.187612E-13
9876.6  3.178427E-13
9879.5  3.171618E-13
9882.4  3.168482E-13
9885.3  3.169074E-13
9888.2  3.170171E-13
9891.1  3.168775E-13
9894.  3.163908E-13
9896.9  3.157823E-13
9899.8  3.159794E-13
9902.7  3.169402E-13
9905.6  3.172676E-13
9908.5  3.168438E-13
9911.4  3.165359E-13
9914.3  3.170554E-13
9917.2  3.189371E-13
9920.1  3.205130E-13
9923.  3.199104E-13
9925.9  3.188369E-13
9928.8  3.190890E-13
9931.7  3.201674E-13
9934.6  3.211630E-13
9937.5  3.206176E-13
9940.4  3.185288E-13
9943.3  3.171615E-13
9946.2  3.173774E-13
9949.1  3.187060E-13
9952.  3.200654E-13
9954.9  3.200988E-13
9957.8  3.190742E-13
9960.7  3.179480E-13
9963.6  3.178875E-13
9966.5  3.196506E-13
9969.4  3.221872E-13
9972.3  3.243497E-13
9975.2  3.255609E-13
9978.1  3.256874E-13
9981.  3.253561E-13
9983.9  3.247349E-13
9986.8  3.234552E-13
9989.7  3.216200E-13
9992.6  3.195972E-13
9995.5  3.178334E-13
9998.4  3.167272E-13
10001.3  3.157337E-13
10004.2  3.143250E-13
10007.1  3.134970E-13
10010.  3.138802E-13
10012.9  3.144022E-13
10015.8  3.143686E-13
10018.7  3.139854E-13
10021.6  3.137112E-13
10024.5  3.142659E-13
10027.4  3.159864E-13
10030.3  3.188732E-13
10033.2  3.221941E-13
10036.1  3.249551E-13
10039.  3.277869E-13
10041.9  3.314231E-13
10044.8  3.348029E-13
10047.7  3.366069E-13
10050.6  3.355032E-13
10053.5  3.313126E-13
10056.4  3.261445E-13
10059.3  3.213516E-13
10062.2  3.170298E-13
10065.1  3.131958E-13
10068.  3.097065E-13
10070.9  3.067432E-13
10073.8  3.046490E-13
10076.7  3.032822E-13
10079.6  3.024219E-13
10082.5  3.025446E-13
10085.4  3.039589E-13
10088.3  3.059320E-13
10091.2  3.078708E-13
10094.1  3.097984E-13
10097.  3.117623E-13
10099.9  3.138662E-13
10102.8  3.157570E-13
10105.7  3.166812E-13
10108.6  3.164872E-13
10111.5  3.154178E-13
10114.4  3.141737E-13
10117.3  3.135059E-13
10120.2  3.130468E-13
10123.1  3.123485E-13
10126.  3.117115E-13
10128.9  3.115963E-13
10131.8  3.128677E-13
10134.7  3.152771E-13
10137.6  3.165984E-13
10140.5  3.165131E-13
10143.4  3.168027E-13
10146.3  3.173750E-13
10149.2  3.170436E-13
10152.1  3.157875E-13
10155.  3.140651E-13
10157.9  3.124861E-13
10160.8  3.116032E-13
10163.7  3.113171E-13
10166.6  3.114970E-13
10169.5  3.124800E-13
10172.4  3.140211E-13
10175.3  3.147615E-13
10178.2  3.143777E-13
10181.1  3.139034E-13
10184.  3.131788E-13
10186.9  3.112299E-13
10189.8  3.092545E-13
10192.7  3.091479E-13
10195.6  3.104819E-13
10198.5  3.120989E-13
10201.4  3.128408E-13
10204.3  3.119677E-13
10207.2  3.101792E-13
10210.1  3.082058E-13
10213.  3.061704E-13
10215.9  3.049351E-13
10218.8  3.064531E-13
10221.7  3.095984E-13
10224.6  3.107281E-13
10227.5  3.105868E-13
10230.4  3.119470E-13
10233.3  3.135461E-13
10236.2  3.132990E-13
10239.1  3.116717E-13
10242.  3.096164E-13
10244.9  3.078325E-13
10247.8  3.070610E-13
10250.7  3.082279E-13
10253.6  3.108499E-13
10256.5  3.124911E-13
10259.4  3.120900E-13
10262.3  3.099118E-13
10265.2  3.074823E-13
10268.1  3.069643E-13
10271.  3.076610E-13
10273.9  3.079698E-13
10276.8  3.082339E-13
10279.7  3.089926E-13
10282.6  3.104347E-13
10285.5  3.119094E-13
10288.4  3.101094E-13
10291.3  3.050846E-13
10294.2  3.030792E-13
10297.1  3.043939E-13
10300.  3.028524E-13
10302.9  2.990729E-13
10305.8  2.977653E-13
10308.7  2.985762E-13
10311.6  2.993687E-13
10314.5  3.002486E-13
10317.4  3.015542E-13
10320.3  3.029322E-13
10323.2  3.036552E-13
10326.1  3.016310E-13
10329.  2.969944E-13
10331.9  2.941869E-13
10334.8  2.947193E-13
10337.7  2.963839E-13
10340.6  2.982841E-13
10343.5  3.004004E-13
10346.4  3.019720E-13
10349.3  3.022030E-13
10352.2  3.017537E-13
10355.1  3.016629E-13
10358.  3.026817E-13
10360.9  3.049943E-13
10363.8  3.075315E-13
10366.7  3.087913E-13
10369.6  3.062652E-13
10372.5  3.013390E-13
10375.4  3.007027E-13
10378.3  3.044647E-13
10381.2  3.074350E-13
10384.1  3.068112E-13
10387.  3.014118E-13
10389.9  2.946557E-13
10392.8  2.910577E-13
10395.7  2.918419E-13
10398.6  2.962939E-13
10401.5  2.993862E-13
10404.4  2.981774E-13
10407.3  2.959698E-13
10410.2  2.954565E-13
10413.1  2.980343E-13
10416.  3.024276E-13
10418.9  3.046657E-13
10421.8  3.046215E-13
10424.7  3.044627E-13
10427.6  3.029058E-13
10430.5  2.982227E-13
10433.4  2.941910E-13
10436.3  2.943725E-13
10439.2  2.961547E-13
10442.1  2.973655E-13
10445.  2.995789E-13
10447.9  3.027298E-13
10450.8  3.038805E-13
10453.7  3.022538E-13
10456.6  2.992955E-13
10459.5  2.960024E-13
10462.4  2.931729E-13
10465.3  2.900543E-13
10468.2  2.855659E-13
10471.1  2.821665E-13
10474.  2.824270E-13
10476.9  2.858578E-13
10479.8  2.908084E-13
10482.7  2.935083E-13
10485.6  2.929732E-13
10488.5  2.940901E-13
10491.4  2.977362E-13
10494.3  2.999761E-13
10497.2  2.991531E-13
10500.1  2.950626E-13
10503.  2.922276E-13
10505.9  2.964777E-13
10508.8  3.016168E-13
10511.7  3.000342E-13
10514.6  2.971447E-13
10517.5  2.980002E-13
10520.4  2.988915E-13
10523.3  2.972440E-13
10526.2  2.938379E-13
10529.1  2.904818E-13
10532.  2.906536E-13
10534.9  2.929253E-13
10537.8  2.920085E-13
10540.7  2.877216E-13
10543.6  2.825238E-13
10546.5  2.823727E-13
10549.4  2.921815E-13
10552.3  3.023827E-13
10555.2  3.040443E-13
10558.1  3.023857E-13
10561.  3.019828E-13
10563.9  3.026194E-13
10566.8  3.022236E-13
10569.7  2.953574E-13
10572.6  2.840317E-13
10575.5  2.773924E-13
10578.4  2.757061E-13
10581.3  2.741116E-13
10584.2  2.756918E-13
10587.1  2.846081E-13
10590.  2.920178E-13
10592.9  2.899568E-13
10595.8  2.863802E-13
10598.7  2.877880E-13
10601.6  2.914895E-13
10604.5  2.944540E-13
10607.4  2.930221E-13
10610.3  2.897481E-13
10613.2  2.940306E-13
10616.1  3.043904E-13
10619.  3.122333E-13
10621.9  3.163318E-13
10624.8  3.180508E-13
10627.7  3.108186E-13
10630.6  2.903546E-13
10633.5  2.695788E-13
10636.4  2.602451E-13
10639.3  2.628277E-13
10642.2  2.745931E-13
10645.1  2.887445E-13
10648.  3.013835E-13
10650.9  3.133479E-13
10653.8  3.212922E-13
10656.7  3.198080E-13
10659.6  3.081970E-13
10662.5  2.887136E-13
10665.4  2.734417E-13
10668.3  2.731420E-13
10671.2  2.754733E-13
10674.1  2.686277E-13
10677.  2.545988E-13
10679.9  2.423381E-13
10682.8  2.545435E-13
10685.7  2.906843E-13
10688.6  3.185674E-13
10691.5  3.261014E-13
10694.4  3.178612E-13
10697.3  3.062594E-13
10700.2  3.071908E-13
10703.1  3.082376E-13
10706.  2.918901E-13
10708.9  2.698767E-13
10711.8  2.566931E-13
10714.7  2.568909E-13
10717.6  2.688832E-13
10720.5  2.786067E-13
10723.4  2.803854E-13
10726.3  2.829190E-13
10729.2  2.895858E-13
10732.1  2.990273E-13
10735.  3.070438E-13
10737.9  3.080910E-13
10740.8  3.014842E-13
10743.7  2.893695E-13
10746.6  2.817457E-13
10749.5  2.858008E-13
10752.4  2.862066E-13
10755.3  2.753430E-13
10758.2  2.759736E-13
10761.1  2.939602E-13
10764.  3.036925E-13
10766.9  2.985678E-13
10769.8  2.929914E-13
10772.7  2.852317E-13
10775.6  2.646081E-13
10778.5  2.461047E-13
10781.4  2.509196E-13
10784.3  2.702418E-13
10787.2  2.884793E-13
10790.1  2.934080E-13
10793.  2.829751E-13
10795.9  2.876905E-13
10798.8  3.155114E-13
10801.7  3.239500E-13
10804.6  3.079086E-13
10807.5  3.093475E-13
10810.4  3.242954E-13
10813.3  3.167142E-13
10816.2  2.993134E-13
10819.1  3.028127E-13
10822.  3.033433E-13
10824.9  2.732011E-13
10827.8  2.506346E-13
10830.7  2.673510E-13
10833.6  2.983641E-13
10836.5  3.211304E-13
10839.4  3.299204E-13
10842.3  3.225359E-13
10845.2  3.017213E-13
10848.1  2.792359E-13
10851.  2.728142E-13
10853.9  2.812015E-13
10856.8  2.925581E-13
10859.7  3.031163E-13
10862.6  3.107902E-13
10865.5  3.055667E-13
10868.4  2.829055E-13
10871.3  2.619116E-13
10874.2  2.550108E-13
10877.1  2.513789E-13
10880.  2.465751E-13
10882.9  2.467278E-13
10885.8  2.547164E-13
10888.7  2.716691E-13
10891.6  2.857599E-13
10894.5  2.795796E-13
10897.4  2.627921E-13
10900.3  2.537461E-13
10903.2  2.623513E-13
10906.1  2.902547E-13
10909.  3.123144E-13
10911.9  3.118412E-13
10914.8  3.093120E-13
10917.7  3.068069E-13
10920.6  2.703465E-13
10923.5  2.033212E-13
10926.4  1.447037E-13
10929.3  1.251823E-13
10932.2  1.678314E-13
10935.1  2.173002E-13
10938.  1.974069E-13
10940.9  1.525766E-13
10943.8  1.441098E-13
10946.7  1.577348E-13
10949.6  1.716854E-13
10952.5  1.717104E-13
10955.4  1.537630E-13
10958.3  1.347389E-13
10961.2  1.258311E-13
10964.1  1.312488E-13
10967.  1.395580E-13
10969.9  1.272083E-13
10972.8  1.137443E-13
10975.7  1.337296E-13
10978.6  1.585707E-13
10981.5  1.516060E-13
10984.4  1.335447E-13
10987.3  1.270545E-13
10990.2  1.297460E-13
10993.1  1.348713E-13
10996.  1.284422E-13
10998.9  1.102459E-13
