3050.  3.008954E-13
3052.9  3.062604E-13
3055.8  3.045217E-13
3058.7  3.002002E-13
3061.6  2.947966E-13
3064.5  2.767063E-13
3067.4  2.870625E-13
3070.3  3.009814E-13
3073.2  2.993920E-13
3076.1  3.072619E-13
3079.  2.955671E-13
3081.9  2.988353E-13
3084.8  2.948868E-13
3087.7  2.978033E-13
3090.6  2.807332E-13
3093.5  2.642962E-13
3096.4  2.559889E-13
3099.3  2.681060E-13
3102.2  2.857473E-13
3105.1  2.975521E-13
3108.  2.996286E-13
3110.9  2.973557E-13
3113.8  2.922092E-13
3116.7  2.833531E-13
3119.6  2.815669E-13
3122.5  2.885986E-13
3125.4  2.933183E-13
3128.3  2.920584E-13
3131.2  2.917155E-13
3134.1  2.979615E-13
3137.  2.931818E-13
3139.9  2.915523E-13
3142.8  2.797869E-13
3145.7  2.740273E-13
3148.6  2.822834E-13
3151.5  2.824318E-13
3154.4  2.601219E-13
3157.3  2.563645E-13
3160.2  2.641917E-13
3163.1  2.901183E-13
3166.  3.039701E-13
3168.9  3.074064E-13
3171.8  2.939511E-13
3174.7  2.760981E-13
3177.6  2.685221E-13
3180.5  2.680203E-13
3183.4  2.708868E-13
3186.3  2.701059E-13
3189.2  2.746884E-13
3192.1  2.889359E-13
3195.  3.016436E-13
3197.9  3.087886E-13
3200.8  3.036324E-13
3203.7  2.934392E-13
3206.6  2.742726E-13
3209.5  2.666496E-13
3212.4  2.737780E-13
3215.3  2.795498E-13
3218.2  2.798432E-13
3221.1  2.708403E-13
3224.  2.533467E-13
3226.9  2.562086E-13
3229.8  2.681663E-13
3232.7  2.722653E-13
3235.6  2.839894E-13
3238.5  2.927444E-13
3241.4  2.864410E-13
3244.3  2.937161E-13
3247.2  3.021303E-13
3250.1  3.130672E-13
3253.  3.233498E-13
3255.9  3.219158E-13
3258.8  3.176243E-13
3261.7  3.192989E-13
3264.6  3.127550E-13
3267.5  3.091208E-13
3270.4  3.106021E-13
3273.3  3.013260E-13
3276.2  3.020414E-13
3279.1  3.076923E-13
3282.  3.143778E-13
3284.9  3.354810E-13
3287.8  3.444572E-13
3290.7  3.512051E-13
3293.6  3.464898E-13
3296.5  3.354929E-13
3299.4  3.271649E-13
3302.3  3.229132E-13
3305.2  3.285491E-13
3308.1  3.365515E-13
3311.  3.274371E-13
3313.9  3.186792E-13
3316.8  3.194154E-13
3319.7  3.169028E-13
3322.6  3.135999E-13
3325.5  3.144259E-13
3328.4  3.124814E-13
3331.3  3.026983E-13
3334.2  3.087330E-13
3337.1  3.088399E-13
3340.  3.128336E-13
3342.9  3.182491E-13
3345.8  3.184818E-13
3348.7  3.151018E-13
3351.6  3.038094E-13
3354.5  2.911334E-13
3357.4  2.903995E-13
3360.3  2.930434E-13
3363.2  2.922032E-13
3366.1  2.953575E-13
3369.  3.063462E-13
3371.9  3.074796E-13
3374.8  3.050746E-13
3377.7  3.101568E-13
3380.6  3.160746E-13
3383.5  3.216499E-13
3386.4  3.209134E-13
3389.3  3.205348E-13
3392.2  3.258507E-13
3395.1  3.359499E-13
3398.  3.239404E-13
3400.9  3.122569E-13
3403.8  3.155395E-13
3406.7  3.176219E-13
3409.6  3.252846E-13
3412.5  3.325550E-13
3415.4  3.292193E-13
3418.3  3.296228E-13
3421.2  3.376099E-13
3424.1  3.412815E-13
3427.  3.339249E-13
3429.9  3.267948E-13
3432.8  3.132094E-13
3435.7  2.996622E-13
3438.6  2.993566E-13
3441.5  3.148361E-13
3444.4  3.256343E-13
3447.3  3.280322E-13
3450.2  3.237835E-13
3453.1  3.137021E-13
3456.  3.104072E-13
3458.9  3.167215E-13
3461.8  3.244567E-13
3464.7  3.227843E-13
3467.6  3.158384E-13
3470.5  3.102441E-13
3473.4  3.133101E-13
3476.3  3.192861E-13
3479.2  3.204272E-13
3482.1  3.177530E-13
3485.  3.115115E-13
3487.9  3.096037E-13
3490.8  3.078992E-13
3493.7  3.179320E-13
3496.6  3.332149E-13
3499.5  3.361471E-13
3502.4  3.373585E-13
3505.3  3.338619E-13
3508.2  3.376317E-13
3511.1  3.337458E-13
3514.  3.270265E-13
3516.9  3.217008E-13
3519.8  3.119424E-13
3522.7  3.122855E-13
3525.6  3.272227E-13
3528.5  3.409332E-13
3531.4  3.410805E-13
3534.3  3.530164E-13
3537.2  3.634033E-13
3540.1  3.628943E-13
3543.  3.667909E-13
3545.9  3.689379E-13
3548.8  3.626937E-13
3551.7  3.550522E-13
3554.6  3.540226E-13
3557.5  3.465731E-13
3560.4  3.309439E-13
3563.3  3.152200E-13
3566.2  3.111041E-13
3569.1  3.085978E-13
3572.  3.202700E-13
3574.9  3.241042E-13
3577.8  3.108628E-13
3580.7  3.021164E-13
3583.6  3.076651E-13
3586.5  3.266433E-13
3589.4  3.397055E-13
3592.3  3.491853E-13
3595.2  3.479451E-13
3598.1  3.341081E-13
3601.  3.209625E-13
3603.9  3.204127E-13
3606.8  3.219135E-13
3609.7  3.253184E-13
3612.6  3.190136E-13
3615.5  3.206187E-13
3618.4  3.384189E-13
3621.3  3.501819E-13
3624.2  3.522970E-13
3627.1  3.365301E-13
3630.  3.357248E-13
3632.9  3.461630E-13
3635.8  3.479106E-13
3638.7  3.498756E-13
3641.6  3.449855E-13
3644.5  3.447648E-13
3647.4  3.524520E-13
3650.3  3.674376E-13
3653.2  3.791263E-13
3656.1  3.832876E-13
3659.  3.822593E-13
3661.9  3.778497E-13
3664.8  3.673433E-13
3667.7  3.640035E-13
3670.6  3.706122E-13
3673.5  3.694685E-13
3676.4  3.644526E-13
3679.3  3.572042E-13
3682.2  3.590733E-13
3685.1  3.732976E-13
3688.  3.726678E-13
3690.9  3.720379E-13
3693.8  3.714080E-13
3696.7  3.707781E-13
3699.6  3.738114E-13
3702.5  3.646116E-13
3705.4  3.661598E-13
3708.3  3.797796E-13
3711.2  3.955300E-13
3714.1  3.928383E-13
3717.  3.746999E-13
3719.9  3.753029E-13
3722.8  3.907433E-13
3725.7  3.904818E-13
3728.6  3.680349E-13
3731.5  3.508869E-13
3734.4  3.667706E-13
3737.3  3.889195E-13
3740.2  3.820557E-13
3743.1  3.531786E-13
3746.  3.400621E-13
3748.9  3.632800E-13
3751.8  3.942760E-13
3754.7  4.020025E-13
3757.6  3.984039E-13
3760.5  3.920539E-13
3763.4  3.746444E-13
3766.3  3.593795E-13
3769.2  3.713449E-13
3772.1  4.063595E-13
3775.  4.367979E-13
3777.9  4.554409E-13
3780.8  4.539926E-13
3783.7  4.280449E-13
3786.6  3.986702E-13
3789.5  3.749988E-13
3792.4  3.541370E-13
3795.3  3.482494E-13
3798.2  3.759489E-13
3801.1  4.143432E-13
3804.  4.421559E-13
3806.9  4.495252E-13
3809.8  4.367855E-13
3812.7  4.235502E-13
3815.6  4.194695E-13
3818.5  4.049155E-13
3821.4  3.826522E-13
3824.3  3.598293E-13
3827.2  3.325986E-13
3830.1  2.975285E-13
3833.  2.896823E-13
3835.9  3.213858E-13
3838.8  3.776549E-13
3841.7  4.255862E-13
3844.6  4.577997E-13
3847.5  4.757176E-13
3850.4  4.774837E-13
3853.3  4.646235E-13
3856.2  4.622767E-13
3859.1  4.713676E-13
3862.  4.909392E-13
3864.9  4.859033E-13
3867.8  4.702758E-13
3870.7  4.623677E-13
3873.6  4.571154E-13
3876.5  4.445424E-13
3879.4  4.142309E-13
3882.3  3.733569E-13
3885.2  3.476088E-13
3888.1  3.626377E-13
3891.  4.053664E-13
3893.9  4.397182E-13
3896.8  4.592254E-13
3899.7  4.688516E-13
3902.6  4.808955E-13
3905.5  5.007447E-13
3908.4  5.162560E-13
3911.3  5.183546E-13
3914.2  5.036994E-13
3917.1  4.803699E-13
3920.  4.537769E-13
3922.9  4.025034E-13
3925.8  3.158949E-13
3928.7  2.331420E-13
3931.6  2.171840E-13
3934.5  2.831668E-13
3937.4  3.783888E-13
3940.3  4.399159E-13
3943.2  4.785851E-13
3946.1  5.017198E-13
3949.  5.107593E-13
3951.9  5.073076E-13
3954.8  4.822390E-13
3957.7  4.327742E-13
3960.6  3.499493E-13
3963.5  2.711724E-13
3966.4  2.501816E-13
3969.3  3.170782E-13
3972.2  4.097583E-13
3975.1  4.839912E-13
3978.  5.276120E-13
3980.9  5.414107E-13
3983.8  5.546080E-13
3986.7  5.788973E-13
3989.6  5.846655E-13
3992.5  5.830748E-13
3995.4  5.839283E-13
3998.3  5.859261E-13
4001.2  5.820984E-13
4004.1  5.762431E-13
4007.  5.784686E-13
4009.9  5.871803E-13
4012.8  5.942961E-13
4015.7  5.944347E-13
4018.6  5.923184E-13
4021.5  5.815654E-13
4024.4  5.703100E-13
4027.3  5.603368E-13
4030.2  5.595758E-13
4033.1  5.808366E-13
4036.  5.920254E-13
4038.9  5.772795E-13
4041.8  5.570337E-13
4044.7  5.572140E-13
4047.6  5.608748E-13
4050.5  5.506673E-13
4053.4  5.461900E-13
4056.3  5.498191E-13
4059.2  5.478217E-13
4062.1  5.412007E-13
4065.  5.353339E-13
4067.9  5.366879E-13
4070.8  5.352100E-13
4073.7  5.257770E-13
4076.6  5.201408E-13
4079.5  5.261853E-13
4082.4  5.350758E-13
4085.3  5.431575E-13
4088.2  5.241955E-13
4091.1  4.920826E-13
4094.  4.465770E-13
4096.9  4.069299E-13
4099.8  4.050414E-13
4102.7  4.368258E-13
4105.6  4.738992E-13
4108.5  5.034340E-13
4111.4  5.279012E-13
4114.3  5.363743E-13
4117.2  5.315121E-13
4120.1  5.311145E-13
4123.  5.424461E-13
4125.9  5.431960E-13
4128.8  5.385846E-13
4131.7  5.553769E-13
4134.6  5.729647E-13
4137.5  5.735683E-13
4140.4  5.702178E-13
4143.3  5.697727E-13
4146.2  5.701839E-13
4149.1  5.648852E-13
4152.  5.516494E-13
4154.9  5.615580E-13
4157.8  5.760968E-13
4160.7  5.722588E-13
4163.6  5.596287E-13
4166.5  5.428437E-13
4169.4  5.388714E-13
4172.3  5.510653E-13
4175.2  5.687610E-13
4178.1  5.761757E-13
4181.  5.703950E-13
4183.9  5.667290E-13
4186.8  5.694523E-13
4189.7  5.844158E-13
4192.6  5.862355E-13
4195.5  5.771564E-13
4198.4  5.677112E-13
4201.3  5.659473E-13
4204.2  5.842331E-13
4207.1  5.916869E-13
4210.  5.809626E-13
4212.9  5.692398E-13
4215.8  5.648108E-13
4218.7  5.559730E-13
4221.6  5.366080E-13
4224.5  5.401755E-13
4227.4  5.646818E-13
4230.3  5.698785E-13
4233.2  5.647150E-13
4236.1  5.713639E-13
4239.  5.762094E-13
4241.9  5.666369E-13
4244.8  5.517675E-13
4247.7  5.517038E-13
4250.6  5.567768E-13
4253.5  5.570835E-13
4256.4  5.521411E-13
4259.3  5.547591E-13
4262.2  5.587549E-13
4265.1  5.477337E-13
4268.  5.388875E-13
4270.9  5.410755E-13
4273.8  5.518810E-13
4276.7  5.545127E-13
4279.6  5.470536E-13
4282.5  5.299064E-13
4285.4  5.059171E-13
4288.3  4.985136E-13
4291.2  5.114640E-13
4294.1  5.162909E-13
4297.  4.947633E-13
4299.9  4.845179E-13
4302.8  4.907739E-13
4305.7  4.899832E-13
4308.6  5.030554E-13
4311.5  5.342764E-13
4314.4  5.579828E-13
4317.3  5.561564E-13
4320.2  5.329672E-13
4323.1  5.219915E-13
4326.  5.276631E-13
4328.9  5.190108E-13
4331.8  4.821287E-13
4334.7  4.240876E-13
4337.6  4.008631E-13
4340.5  4.371365E-13
4343.4  4.849818E-13
4346.3  5.068003E-13
4349.2  5.133735E-13
4352.1  5.234978E-13
4355.  5.429488E-13
4357.9  5.524541E-13
4360.8  5.570044E-13
4363.7  5.584756E-13
4366.6  5.509296E-13
4369.5  5.377473E-13
4372.4  5.385093E-13
4375.3  5.448120E-13
4378.2  5.466106E-13
4381.1  5.370368E-13
4384.  5.411828E-13
4386.9  5.490602E-13
4389.8  5.529622E-13
4392.7  5.577319E-13
4395.6  5.595090E-13
4398.5  5.544953E-13
4401.4  5.532664E-13
4404.3  5.581277E-13
4407.2  5.646651E-13
4410.1  5.674104E-13
4413.  5.623289E-13
4415.9  5.683473E-13
4418.8  5.757290E-13
4421.7  5.687294E-13
4424.6  5.652553E-13
4427.5  5.582069E-13
4430.4  5.531092E-13
4433.3  5.568210E-13
4436.2  5.589804E-13
4439.1  5.569010E-13
4442.  5.616479E-13
4444.9  5.667700E-13
4447.8  5.594946E-13
4450.7  5.482595E-13
4453.6  5.426139E-13
4456.5  5.377848E-13
4459.4  5.386434E-13
4462.3  5.537699E-13
4465.2  5.725914E-13
4468.1  5.987231E-13
4471.  6.125957E-13
4473.9  5.955839E-13
4476.8  5.681983E-13
4479.7  5.647235E-13
4482.6  5.726361E-13
4485.5  5.673251E-13
4488.4  5.589424E-13
4491.3  5.573972E-13
4494.2  5.624056E-13
4497.1  5.729137E-13
4500.  5.833107E-13
4502.9  5.881620E-13
4505.8  5.890114E-13
4508.7  5.838714E-13
4511.6  5.740404E-13
4514.5  5.705451E-13
4517.4  5.597965E-13
4520.3  5.431608E-13
4523.2  5.341633E-13
4526.1  5.382229E-13
4529.  5.446006E-13
4531.9  5.490553E-13
4534.8  5.580888E-13
4537.7  5.509959E-13
4540.6  5.378939E-13
4543.5  5.353292E-13
4546.4  5.385007E-13
4549.3  5.418021E-13
4552.2  5.454229E-13
4555.1  5.603064E-13
4558.  5.740660E-13
4560.9  5.765040E-13
4563.8  5.772701E-13
4566.7  5.749096E-13
4569.6  5.775188E-13
4572.5  5.813167E-13
4575.4  5.815646E-13
4578.3  5.691747E-13
4581.2  5.595064E-13
4584.1  5.594676E-13
4587.  5.604248E-13
4589.9  5.654288E-13
4592.8  5.705650E-13
4595.7  5.726263E-13
4598.6  5.699172E-13
4601.5  5.680350E-13
4604.4  5.749098E-13
4607.3  5.864931E-13
4610.2  5.931739E-13
4613.1  5.913161E-13
4616.  5.840591E-13
4618.9  5.840773E-13
4621.8  5.831602E-13
4624.7  5.762638E-13
4627.6  5.723395E-13
4630.5  5.675909E-13
4633.4  5.588334E-13
4636.3  5.562241E-13
4639.2  5.550747E-13
4642.1  5.499627E-13
4645.  5.471718E-13
4647.9  5.478917E-13
4650.8  5.538071E-13
4653.7  5.619893E-13
4656.6  5.723012E-13
4659.5  5.702825E-13
4662.4  5.537220E-13
4665.3  5.449496E-13
4668.2  5.433750E-13
4671.1  5.476388E-13
4674.  5.509454E-13
4676.9  5.553127E-13
4679.8  5.608060E-13
4682.7  5.662442E-13
4685.6  5.709859E-13
4688.5  5.645957E-13
4691.4  5.624490E-13
4694.3  5.573253E-13
4697.2  5.365264E-13
4700.1  5.226132E-13
4703.  5.185646E-13
4705.9  5.218585E-13
4708.8  5.319031E-13
4711.7  5.416242E-13
4714.6  5.519346E-13
4717.5  5.519744E-13
4720.4  5.464253E-13
4723.3  5.479324E-13
4726.2  5.421210E-13
4729.1  5.340774E-13
4732.  5.424372E-13
4734.9  5.514006E-13
4737.8  5.487451E-13
4740.7  5.338958E-13
4743.6  5.287758E-13
4746.5  5.379940E-13
4749.4  5.430350E-13
4752.3  5.392718E-13
4755.2  5.440568E-13
4758.1  5.472116E-13
4761.  5.339958E-13
4763.9  5.324731E-13
4766.8  5.440046E-13
4769.7  5.565685E-13
4772.6  5.642873E-13
4775.5  5.640052E-13
4778.4  5.621133E-13
4781.3  5.563737E-13
4784.2  5.500198E-13
4787.1  5.511140E-13
4790.  5.501382E-13
4792.9  5.505167E-13
4795.8  5.514718E-13
4798.7  5.547193E-13
4801.6  5.543646E-13
4804.5  5.535399E-13
4807.4  5.584038E-13
4810.3  5.607301E-13
4813.2  5.542280E-13
4816.1  5.518867E-13
4819.  5.507094E-13
4821.9  5.446790E-13
4824.8  5.376559E-13
4827.7  5.342503E-13
4830.6  5.362845E-13
4833.5  5.351780E-13
4836.4  5.276640E-13
4839.3  5.236379E-13
4842.2  5.221976E-13
4845.1  5.132193E-13
4848.  4.992499E-13
4850.9  4.785628E-13
4853.8  4.440952E-13
4856.7  3.968445E-13
4859.6  3.732249E-13
4862.5  4.072332E-13
4865.4  4.555824E-13
4868.3  4.769463E-13
4871.2  4.882005E-13
4874.1  5.005089E-13
4877.  5.108767E-13
4879.9  5.182494E-13
4882.8  5.174714E-13
4885.7  5.102687E-13
4888.6  5.098142E-13
4891.5  5.191395E-13
4894.4  5.256268E-13
4897.3  5.242630E-13
4900.2  5.174044E-13
4903.1  5.187612E-13
4906.  5.217216E-13
4908.9  5.223257E-13
4911.8  5.252179E-13
4914.7  5.197362E-13
4917.6  5.105548E-13
4920.5  5.124279E-13
4923.4  5.236865E-13
4926.3  5.339484E-13
4929.2  5.280273E-13
4932.1  5.209854E-13
4935.  5.157259E-13
4937.9  5.207044E-13
4940.8  5.333073E-13
4943.7  5.416257E-13
4946.6  5.444636E-13
4949.5  5.381818E-13
4952.4  5.254922E-13
4955.3  5.228637E-13
4958.2  5.269169E-13
4961.1  5.317580E-13
4964.  5.307025E-13
4966.9  5.331790E-13
4969.8  5.434178E-13
4972.7  5.425761E-13
4975.6  5.287976E-13
4978.5  5.084917E-13
4981.4  5.016907E-13
4984.3  5.089519E-13
4987.2  5.210933E-13
4990.1  5.240318E-13
4993.  5.224110E-13
4995.9  5.203555E-13
4998.8  5.094973E-13
5001.7  5.096260E-13
5004.6  5.119536E-13
5007.5  5.098583E-13
5010.4  5.022443E-13
5013.3  5.021957E-13
5016.2  5.029723E-13
5019.1  5.042854E-13
5022.  5.009967E-13
5024.9  5.087650E-13
5027.8  5.171613E-13
5030.7  5.223503E-13
5033.6  5.132444E-13
5036.5  5.003919E-13
5039.4  4.998324E-13
5042.3  5.088490E-13
5045.2  5.099184E-13
5048.1  5.052600E-13
5051.  5.103308E-13
5053.9  5.243383E-13
5056.8  5.283236E-13
5059.7  5.249502E-13
5062.6  5.210573E-13
5065.5  5.187761E-13
5068.4  5.181657E-13
5071.3  5.146896E-13
5074.2  5.031254E-13
5077.1  4.953494E-13
5080.  5.006466E-13
5082.9  5.145510E-13
5085.8  5.246781E-13
5088.7  5.287406E-13
5091.6  5.244322E-13
5094.5  5.130244E-13
5097.4  5.084542E-13
5100.3  5.055890E-13
5103.2  5.007749E-13
5106.1  5.005565E-13
5109.  5.048502E-13
5111.9  5.090531E-13
5114.8  5.103943E-13
5117.7  5.097459E-13
5120.6  5.061081E-13
5123.5  5.026062E-13
5126.4  5.023790E-13
5129.3  4.994014E-13
5132.2  4.956832E-13
5135.1  4.890321E-13
5138.  4.821415E-13
5140.9  4.827443E-13
5143.8  4.873772E-13
5146.7  4.912567E-13
5149.6  4.927416E-13
5152.5  4.965674E-13
5155.4  5.058368E-13
5158.3  5.056136E-13
5161.2  4.871699E-13
5164.1  4.638744E-13
5167.  4.497857E-13
5169.9  4.613762E-13
5172.8  4.861564E-13
5175.7  4.996361E-13
5178.6  4.809977E-13
5181.5  4.610074E-13
5184.4  4.633556E-13
5187.3  4.736010E-13
5190.2  4.744020E-13
5193.1  4.772378E-13
5196.  4.793918E-13
5198.9  4.809065E-13
5201.8  4.808489E-13
5204.7  4.787279E-13
5207.6  4.830483E-13
5210.5  4.917564E-13
5213.4  4.925678E-13
5216.3  4.950590E-13
5219.2  4.971587E-13
5222.1  4.916780E-13
5225.  4.830007E-13
5227.9  4.822554E-13
5230.8  4.858028E-13
5233.7  4.958493E-13
5236.6  5.072973E-13
5239.5  5.115813E-13
5242.4  5.077717E-13
5245.3  5.041432E-13
5248.2  5.000228E-13
5251.1  4.991344E-13
5254.  5.063528E-13
5256.9  5.025273E-13
5259.8  4.808573E-13
5262.7  4.597113E-13
5265.6  4.554895E-13
5268.5  4.607296E-13
5271.4  4.663144E-13
5274.3  4.759980E-13
5277.2  4.838519E-13
5280.1  4.831668E-13
5283.  4.873661E-13
5285.9  4.921935E-13
5288.8  4.857449E-13
5291.7  4.838906E-13
5294.6  4.871434E-13
5297.5  4.902000E-13
5300.4  4.933275E-13
5303.3  4.952170E-13
5306.2  4.997878E-13
5309.1  5.048658E-13
5312.  5.025520E-13
5314.9  4.977626E-13
5317.8  4.924167E-13
5320.7  4.837736E-13
5323.6  4.746202E-13
5326.5  4.714649E-13
5329.4  4.752013E-13
5332.3  4.814763E-13
5335.2  4.813462E-13
5338.1  4.808657E-13
5341.  4.863420E-13
5343.9  4.900420E-13
5346.8  4.844635E-13
5349.7  4.857431E-13
5352.6  4.902119E-13
5355.5  4.954276E-13
5358.4  4.954539E-13
5361.3  4.868600E-13
5364.2  4.821290E-13
5367.1  4.801509E-13
5370.  4.837998E-13
5372.9  4.927601E-13
5375.8  4.935611E-13
5378.7  4.884634E-13
5381.6  4.861858E-13
5384.5  4.912164E-13
5387.4  4.840437E-13
5390.3  4.828436E-13
5393.2  4.818409E-13
5396.1  4.759088E-13
5399.  4.773367E-13
5401.9  4.813022E-13
5404.8  4.783440E-13
5407.7  4.783381E-13
5410.6  4.799418E-13
5413.5  4.809905E-13
5416.4  4.843835E-13
5419.3  4.840099E-13
5422.2  4.786897E-13
5425.1  4.792003E-13
5428.  4.778159E-13
5430.9  4.747024E-13
5433.8  4.800952E-13
5436.7  4.853922E-13
5439.6  4.836664E-13
5442.5  4.789387E-13
5445.4  4.778007E-13
5448.3  4.801482E-13
5451.2  4.765915E-13
5454.1  4.767269E-13
5457.  4.876336E-13
5459.9  4.873037E-13
5462.8  4.866109E-13
5465.7  4.893387E-13
5468.6  4.874339E-13
5471.5  4.776149E-13
5474.4  4.718346E-13
5477.3  4.744293E-13
5480.2  4.782706E-13
5483.1  4.841880E-13
5486.  4.825842E-13
5488.9  4.803860E-13
5491.8  4.784034E-13
5494.7  4.730239E-13
5497.6  4.677612E-13
5500.5  4.670050E-13
5503.4  4.746979E-13
5506.3  4.797651E-13
5509.2  4.800491E-13
5512.1  4.797655E-13
5515.  4.803055E-13
5517.9  4.796732E-13
5520.8  4.770578E-13
5523.7  4.684354E-13
5526.6  4.608644E-13
5529.5  4.634135E-13
5532.4  4.645648E-13
5535.3  4.702517E-13
5538.2  4.742046E-13
5541.1  4.722268E-13
5544.  4.725629E-13
5546.9  4.802480E-13
5549.8  4.826922E-13
5552.7  4.778464E-13
5555.6  4.753976E-13
5558.5  4.727176E-13
5561.4  4.703977E-13
5564.3  4.763442E-13
5567.2  4.795762E-13
5570.1  4.750650E-13
5573.  4.720653E-13
5575.9  4.724859E-13
5578.8  4.730241E-13
5581.7  4.689022E-13
5584.6  4.546457E-13
5587.5  4.428562E-13
5590.4  4.472146E-13
5593.3  4.498138E-13
5596.2  4.479322E-13
5599.1  4.502264E-13
5602.  4.558693E-13
5604.9  4.626416E-13
5607.8  4.640289E-13
5610.7  4.597597E-13
5613.6  4.531601E-13
5616.5  4.508446E-13
5619.4  4.527931E-13
5622.3  4.556213E-13
5625.2  4.649999E-13
5628.1  4.730217E-13
5631.  4.724550E-13
5633.9  4.700835E-13
5636.8  4.634505E-13
5639.7  4.619339E-13
5642.6  4.630431E-13
5645.5  4.648040E-13
5648.4  4.619347E-13
5651.3  4.539888E-13
5654.2  4.502352E-13
5657.1  4.513180E-13
5660.  4.542082E-13
5662.9  4.554077E-13
5665.8  4.575376E-13
5668.7  4.613933E-13
5671.6  4.631382E-13
5674.5  4.686841E-13
5677.4  4.677605E-13
5680.3  4.611179E-13
5683.2  4.549955E-13
5686.1  4.531569E-13
5689.  4.569509E-13
5691.9  4.584524E-13
5694.8  4.599636E-13
5697.7  4.554935E-13
5700.6  4.507637E-13
5703.5  4.461215E-13
5706.4  4.374822E-13
5709.3  4.372940E-13
5712.2  4.482040E-13
5715.1  4.580163E-13
5718.  4.649753E-13
5720.9  4.648869E-13
5723.8  4.643687E-13
5726.7  4.604473E-13
5729.6  4.603573E-13
5732.5  4.620725E-13
5735.4  4.667664E-13
5738.3  4.628089E-13
5741.2  4.633483E-13
5744.1  4.634269E-13
5747.  4.560329E-13
5749.9  4.476916E-13
5752.8  4.451213E-13
5755.7  4.479110E-13
5758.6  4.494819E-13
5761.5  4.499479E-13
5764.4  4.554463E-13
5767.3  4.610493E-13
5770.2  4.605608E-13
5773.1  4.596232E-13
5776.  4.592852E-13
5778.9  4.542605E-13
5781.8  4.533303E-13
5784.7  4.588946E-13
5787.6  4.631685E-13
5790.5  4.622099E-13
5793.4  4.598182E-13
5796.3  4.556033E-13
5799.2  4.553684E-13
5802.1  4.552624E-13
5805.  4.553195E-13
5807.9  4.544419E-13
5810.8  4.526799E-13
5813.7  4.518976E-13
5816.6  4.520126E-13
5819.5  4.522305E-13
5822.4  4.545956E-13
5825.3  4.579551E-13
5828.2  4.595614E-13
5831.1  4.601869E-13
5834.  4.601764E-13
5836.9  4.584593E-13
5839.8  4.551760E-13
5842.7  4.509309E-13
5845.6  4.477496E-13
5848.5  4.446378E-13
5851.4  4.400763E-13
5854.3  4.362304E-13
5857.2  4.343694E-13
5860.1  4.355126E-13
5863.  4.393530E-13
5865.9  4.452135E-13
5868.8  4.521447E-13
5871.7  4.597202E-13
5874.6  4.665976E-13
5877.5  4.655992E-13
5880.4  4.549307E-13
5883.3  4.419334E-13
5886.2  4.303201E-13
5889.1  4.255615E-13
5892.  4.247597E-13
5894.9  4.282848E-13
5897.8  4.330961E-13
5900.7  4.347222E-13
5903.6  4.353115E-13
5906.5  4.362040E-13
5909.4  4.413540E-13
5912.3  4.491528E-13
5915.2  4.507484E-13
5918.1  4.447151E-13
5921.  4.373274E-13
5923.9  4.334707E-13
5926.8  4.326205E-13
5929.7  4.330353E-13
5932.6  4.346439E-13
5935.5  4.364930E-13
5938.4  4.382027E-13
5941.3  4.398527E-13
5944.2  4.390956E-13
5947.1  4.377031E-13
5950.  4.375167E-13
5952.9  4.369914E-13
5955.8  4.351315E-13
5958.7  4.333135E-13
5961.6  4.324434E-13
5964.5  4.350612E-13
5967.4  4.375444E-13
5970.3  4.372854E-13
5973.2  4.362557E-13
5976.1  4.346179E-13
5979.  4.310580E-13
5981.9  4.291127E-13
5984.8  4.308744E-13
5987.7  4.335524E-13
5990.6  4.347256E-13
5993.5  4.342780E-13
5996.4  4.329640E-13
5999.3  4.290665E-13
6002.2  4.242623E-13
6005.1  4.216679E-13
6008.  4.214114E-13
6010.9  4.224253E-13
6013.8  4.252080E-13
6016.7  4.256327E-13
6019.6  4.261431E-13
6022.5  4.299203E-13
6025.4  4.336573E-13
6028.3  4.354066E-13
6031.2  4.354683E-13
6034.1  4.353550E-13
6037.  4.359868E-13
6039.9  4.358093E-13
6042.8  4.368538E-13
6045.7  4.342838E-13
6048.6  4.297286E-13
6051.5  4.291967E-13
6054.4  4.281095E-13
6057.3  4.271087E-13
6060.2  4.273078E-13
6063.1  4.310306E-13
6066.  4.330448E-13
6068.9  4.342478E-13
6071.8  4.302122E-13
6074.7  4.246717E-13
6077.6  4.249265E-13
6080.5  4.257822E-13
6083.4  4.240148E-13
6086.3  4.218906E-13
6089.2  4.245752E-13
6092.1  4.269092E-13
6095.  4.237781E-13
6097.9  4.207310E-13
6100.8  4.218254E-13
6103.7  4.216834E-13
6106.6  4.201563E-13
6109.5  4.183246E-13
6112.4  4.168515E-13
6115.3  4.168490E-13
6118.2  4.172205E-13
6121.1  4.180238E-13
6124.  4.194929E-13
6126.9  4.183877E-13
6129.8  4.144076E-13
6132.7  4.082802E-13
6135.6  4.047785E-13
6138.5  4.036042E-13
6141.4  4.029420E-13
6144.3  4.042087E-13
6147.2  4.032499E-13
6150.1  3.999669E-13
6153.  3.998030E-13
6155.9  4.023215E-13
6158.8  4.033889E-13
6161.7  4.055685E-13
6164.6  4.066942E-13
6167.5  4.103049E-13
6170.4  4.133409E-13
6173.3  4.127813E-13
6176.2  4.122624E-13
6179.1  4.112808E-13
6182.  4.098704E-13
6184.9  4.084908E-13
6187.8  4.081931E-13
6190.7  4.097987E-13
6193.6  4.100894E-13
6196.5  4.087548E-13
6199.4  4.063503E-13
6202.3  4.028375E-13
6205.2  3.996666E-13
6208.1  4.001031E-13
6211.  4.033346E-13
6213.9  4.064041E-13
6216.8  4.084347E-13
6219.7  4.080738E-13
6222.6  4.042176E-13
6225.5  3.998976E-13
6228.4  3.972479E-13
6231.3  3.963425E-13
6234.2  3.976146E-13
6237.1  3.991254E-13
6240.  3.941634E-13
6242.9  3.909856E-13
6245.8  3.919722E-13
6248.7  3.911359E-13
6251.6  3.938305E-13
6254.5  3.985216E-13
6257.4  4.009896E-13
6260.3  4.001972E-13
6263.2  3.989100E-13
6266.1  4.016333E-13
6269.  4.034551E-13
6271.9  4.010596E-13
6274.8  3.991026E-13
6277.7  3.994967E-13
6280.6  4.002800E-13
6283.5  3.986974E-13
6286.4  3.960256E-13
6289.3  3.940054E-13
6292.2  3.907374E-13
6295.1  3.876630E-13
6298.  3.865132E-13
6300.9  3.887347E-13
6303.8  3.945515E-13
6306.7  3.993467E-13
6309.6  4.002395E-13
6312.5  3.976212E-13
6315.4  3.952775E-13
6318.3  3.933706E-13
6321.2  3.923977E-13
6324.1  3.918002E-13
6327.  3.912771E-13
6329.9  3.881845E-13
6332.8  3.817546E-13
6335.7  3.797976E-13
6338.6  3.820185E-13
6341.5  3.848871E-13
6344.4  3.871848E-13
6347.3  3.868741E-13
6350.2  3.852271E-13
6353.1  3.844603E-13
6356.  3.850623E-13
6358.9  3.859909E-13
6361.8  3.873123E-13
6364.7  3.851094E-13
6367.6  3.865186E-13
6370.5  3.900849E-13
6373.4  3.932598E-13
6376.3  3.927283E-13
6379.2  3.917432E-13
6382.1  3.908338E-13
6385.  3.901357E-13
6387.9  3.883322E-13
6390.8  3.856273E-13
6393.7  3.837534E-13
6396.6  3.853163E-13
6399.5  3.890390E-13
6402.4  3.884598E-13
6405.3  3.850400E-13
6408.2  3.826125E-13
6411.1  3.822869E-13
6414.  3.843498E-13
6416.9  3.846234E-13
6419.8  3.839813E-13
6422.7  3.850619E-13
6425.6  3.838147E-13
6428.5  3.822820E-13
6431.4  3.858928E-13
6434.3  3.888474E-13
6437.2  3.894715E-13
6440.1  3.907147E-13
6443.  3.890907E-13
6445.9  3.861971E-13
6448.8  3.816327E-13
6451.7  3.800654E-13
6454.6  3.780548E-13
6457.5  3.791550E-13
6460.4  3.808992E-13
6463.3  3.835041E-13
6466.2  3.846504E-13
6469.1  3.827335E-13
6472.  3.809986E-13
6474.9  3.811724E-13
6477.8  3.830636E-13
6480.7  3.847919E-13
6483.6  3.833853E-13
6486.5  3.799399E-13
6489.4  3.750297E-13
6492.3  3.720686E-13
6495.2  3.727780E-13
6498.1  3.761966E-13
6501.  3.802790E-13
6503.9  3.820648E-13
6506.8  3.813828E-13
6509.7  3.798422E-13
6512.6  3.782457E-13
6515.5  3.771040E-13
6518.4  3.767549E-13
6521.3  3.771640E-13
6524.2  3.773750E-13
6527.1  3.766343E-13
6530.  3.752279E-13
6532.9  3.731764E-13
6535.8  3.698028E-13
6538.7  3.655723E-13
6541.6  3.621029E-13
6544.5  3.586044E-13
6547.4  3.529831E-13
6550.3  3.432171E-13
6553.2  3.283233E-13
6556.1  3.131115E-13
6559.  3.035670E-13
6561.9  3.043664E-13
6564.8  3.165919E-13
6567.7  3.329121E-13
6570.6  3.468143E-13
6573.5  3.553773E-13
6576.4  3.584941E-13
6579.3  3.595124E-13
6582.2  3.601860E-13
6585.1  3.609126E-13
6588.  3.616115E-13
6590.9  3.618836E-13
6593.8  3.623684E-13
6596.7  3.638101E-13
6599.6  3.660693E-13
6602.5  3.688007E-13
6605.4  3.717177E-13
6608.3  3.743408E-13
6611.2  3.758326E-13
6614.1  3.760481E-13
6617.  3.757937E-13
6619.9  3.752539E-13
6622.8  3.740967E-13
6625.7  3.725354E-13
6628.6  3.710144E-13
6631.5  3.695977E-13
6634.4  3.682700E-13
6637.3  3.670034E-13
6640.2  3.659990E-13
6643.1  3.666612E-13
6646.  3.692841E-13
6648.9  3.713976E-13
6651.8  3.715956E-13
6654.7  3.702771E-13
6657.6  3.683249E-13
6660.5  3.670358E-13
6663.4  3.671831E-13
6666.3  3.690308E-13
6669.2  3.714927E-13
6672.1  3.730867E-13
6675.  3.737537E-13
6677.9  3.736914E-13
6680.8  3.725845E-13
6683.7  3.703079E-13
6686.6  3.670825E-13
6689.5  3.634966E-13
6692.4  3.606723E-13
6695.3  3.589990E-13
6698.2  3.580143E-13
6701.1  3.577759E-13
6704.  3.585970E-13
6706.9  3.600232E-13
6709.8  3.613488E-13
6712.7  3.618888E-13
6715.6  3.613486E-13
6718.5  3.612251E-13
6721.4  3.625645E-13
6724.3  3.642765E-13
6727.2  3.653639E-13
6730.1  3.653371E-13
6733.  3.642791E-13
6735.9  3.629075E-13
6738.8  3.622149E-13
6741.7  3.633002E-13
6744.6  3.649230E-13
6747.5  3.649552E-13
6750.4  3.638955E-13
6753.3  3.628763E-13
6756.2  3.620299E-13
6759.1  3.613535E-13
6762.  3.607655E-13
6764.9  3.602451E-13
6767.8  3.599453E-13
6770.7  3.600607E-13
6773.6  3.609596E-13
6776.5  3.617222E-13
6779.4  3.604592E-13
6782.3  3.576653E-13
6785.2  3.550489E-13
6788.1  3.534902E-13
6791.  3.534246E-13
6793.9  3.544217E-13
6796.8  3.557804E-13
6799.7  3.568698E-13
6802.6  3.573137E-13
6805.5  3.573524E-13
6808.4  3.571735E-13
6811.3  3.568299E-13
6814.2  3.561696E-13
6817.1  3.548176E-13
6820.  3.533182E-13
6822.9  3.526609E-13
6825.8  3.529420E-13
6828.7  3.538359E-13
6831.6  3.545266E-13
6834.5  3.543469E-13
6837.4  3.538429E-13
6840.3  3.535157E-13
6843.2  3.533565E-13
6846.1  3.530118E-13
6849.  3.512909E-13
6851.9  3.492135E-13
6854.8  3.502304E-13
6857.7  3.526328E-13
6860.6  3.517635E-13
6863.5  3.468031E-13
6866.4  3.390268E-13
6869.3  3.344976E-13
6872.2  3.384027E-13
6875.1  3.461204E-13
6878.  3.523403E-13
6880.9  3.548823E-13
6883.8  3.534051E-13
6886.7  3.506960E-13
6889.6  3.488057E-13
6892.5  3.485626E-13
6895.4  3.492353E-13
6898.3  3.488395E-13
6901.2  3.478400E-13
6904.1  3.477107E-13
6907.  3.477576E-13
6909.9  3.470187E-13
6912.8  3.464475E-13
6915.7  3.468117E-13
6918.6  3.472199E-13
6921.5  3.471354E-13
6924.4  3.470114E-13
6927.3  3.472077E-13
6930.2  3.480300E-13
6933.1  3.488077E-13
6936.  3.481181E-13
6938.9  3.461484E-13
6941.8  3.439364E-13
6944.7  3.424406E-13
6947.6  3.423646E-13
6950.5  3.429473E-13
6953.4  3.433239E-13
6956.3  3.436334E-13
6959.2  3.440414E-13
6962.1  3.447933E-13
6965.  3.451871E-13
6967.9  3.429424E-13
6970.8  3.386077E-13
6973.7  3.353616E-13
6976.6  3.337274E-13
6979.5  3.326838E-13
6982.4  3.324715E-13
6985.3  3.334636E-13
6988.2  3.347843E-13
6991.1  3.353832E-13
6994.  3.342806E-13
6996.9  3.314912E-13
6999.8  3.293705E-13
7002.7  3.294093E-13
7005.6  3.314478E-13
7008.5  3.341570E-13
7011.4  3.350002E-13
7014.3  3.340477E-13
7017.2  3.331454E-13
7020.1  3.327242E-13
7023.  3.326799E-13
7025.9  3.336670E-13
7028.8  3.359934E-13
7031.7  3.379164E-13
7034.6  3.380011E-13
7037.5  3.365966E-13
7040.4  3.343760E-13
7043.3  3.323004E-13
7046.2  3.307908E-13
7049.1  3.294545E-13
7052.  3.286296E-13
7054.9  3.291204E-13
7057.8  3.305112E-13
7060.7  3.318675E-13
7063.6  3.332723E-13
7066.5  3.349014E-13
7069.4  3.357636E-13
7072.3  3.351391E-13
7075.2  3.337022E-13
7078.1  3.320601E-13
7081.  3.302472E-13
7083.9  3.286655E-13
7086.8  3.281863E-13
7089.7  3.286998E-13
7092.6  3.292901E-13
7095.5  3.297794E-13
7098.4  3.303357E-13
7101.3  3.307716E-13
7104.2  3.308358E-13
7107.1  3.301395E-13
7110.  3.285918E-13
7112.9  3.272486E-13
7115.8  3.267871E-13
7118.7  3.266125E-13
7121.6  3.265118E-13
7124.5  3.269538E-13
7127.4  3.278789E-13
7130.3  3.287586E-13
7133.2  3.294094E-13
7136.1  3.298774E-13
7139.  3.294040E-13
7141.9  3.273023E-13
7144.8  3.255112E-13
7147.7  3.258291E-13
7150.6  3.269204E-13
7153.5  3.275116E-13
7156.4  3.276880E-13
7159.3  3.275480E-13
7162.2  3.271538E-13
7165.1  3.267556E-13
7168.  3.267305E-13
7170.9  3.270947E-13
7173.8  3.275871E-13
7176.7  3.280682E-13
7179.6  3.284331E-13
7182.5  3.277086E-13
7185.4  3.253270E-13
7188.3  3.238804E-13
7191.2  3.249817E-13
7194.1  3.258865E-13
7197.  3.250191E-13
7199.9  3.235400E-13
7202.8  3.225639E-13
7205.7  3.232019E-13
7208.6  3.248128E-13
7211.5  3.254702E-13
7214.4  3.248101E-13
7217.3  3.232759E-13
7220.2  3.219037E-13
7223.1  3.216661E-13
7226.  3.218822E-13
7228.9  3.218241E-13
7231.8  3.216092E-13
7234.7  3.216308E-13
7237.6  3.228482E-13
7240.5  3.251038E-13
7243.4  3.267451E-13
7246.3  3.270450E-13
7249.2  3.260807E-13
7252.1  3.246004E-13
7255.  3.236604E-13
7257.9  3.233534E-13
7260.8  3.233457E-13
7263.7  3.230114E-13
7266.6  3.218182E-13
7269.5  3.198533E-13
7272.4  3.174389E-13
7275.3  3.151550E-13
7278.2  3.134134E-13
7281.1  3.123857E-13
7284.  3.116702E-13
7286.9  3.102449E-13
7289.8  3.093086E-13
7292.7  3.111157E-13
7295.6  3.140524E-13
7298.5  3.154330E-13
7301.4  3.151623E-13
7304.3  3.138969E-13
7307.2  3.128355E-13
7310.1  3.128075E-13
7313.  3.132488E-13
7315.9  3.136577E-13
7318.8  3.138652E-13
7321.7  3.137275E-13
7324.6  3.131897E-13
7327.5  3.124938E-13
7330.4  3.120165E-13
7333.3  3.122152E-13
7336.2  3.133766E-13
7339.1  3.141785E-13
7342.  3.132912E-13
7344.9  3.112450E-13
7347.8  3.089087E-13
7350.7  3.071241E-13
7353.6  3.063808E-13
7356.5  3.064304E-13
7359.4  3.069297E-13
7362.3  3.075134E-13
7365.2  3.078731E-13
7368.1  3.077842E-13
7371.  3.076120E-13
7373.9  3.079225E-13
7376.8  3.081291E-13
7379.7  3.075343E-13
7382.6  3.066376E-13
7385.5  3.060226E-13
7388.4  3.059388E-13
7391.3  3.062474E-13
7394.2  3.060657E-13
7397.1  3.049866E-13
7400.  3.032901E-13
7402.9  3.014960E-13
7405.8  3.002955E-13
7408.7  2.999469E-13
7411.6  3.003936E-13
7414.5  3.012239E-13
7417.4  3.019385E-13
7420.3  3.024445E-13
7423.2  3.027512E-13
7426.1  3.028636E-13
7429.  3.028121E-13
7431.9  3.026077E-13
7434.8  3.023179E-13
7437.7  3.021265E-13
7440.6  3.019327E-13
7443.5  3.013173E-13
7446.4  3.009405E-13
7449.3  3.019561E-13
7452.2  3.033993E-13
7455.1  3.037578E-13
7458.  3.030760E-13
7460.9  3.019031E-13
7463.8  3.014725E-13
7466.7  3.023522E-13
7469.6  3.030729E-13
7472.5  3.026834E-13
7475.4  3.013366E-13
7478.3  2.995276E-13
7481.2  2.981324E-13
7484.1  2.973930E-13
7487.  2.970567E-13
7489.9  2.971900E-13
7492.8  2.978593E-13
7495.7  2.983118E-13
7498.6  2.978145E-13
7501.5  2.963936E-13
7504.4  2.945548E-13
7507.3  2.939153E-13
7510.2  2.948474E-13
7513.1  2.951807E-13
7516.  2.942006E-13
7518.9  2.929683E-13
7521.8  2.923876E-13
7524.7  2.932481E-13
7527.6  2.949710E-13
7530.5  2.963473E-13
7533.4  2.972667E-13
7536.3  2.978735E-13
7539.2  2.977526E-13
7542.1  2.967262E-13
7545.  2.954314E-13
7547.9  2.944764E-13
7550.8  2.942496E-13
7553.7  2.946483E-13
7556.6  2.949360E-13
7559.5  2.947775E-13
7562.4  2.941952E-13
7565.3  2.935301E-13
7568.2  2.932646E-13
7571.1  2.931550E-13
7574.  2.927848E-13
7576.9  2.922780E-13
7579.8  2.918091E-13
7582.7  2.913560E-13
7585.6  2.908974E-13
7588.5  2.904385E-13
7591.4  2.899797E-13
7594.3  2.895207E-13
7597.2  2.890618E-13
7600.1  2.886029E-13
7603.  2.881440E-13
7605.9  2.876852E-13
7608.8  2.872263E-13
7611.7  2.867674E-13
7614.6  2.863085E-13
7617.5  2.858496E-13
7620.4  2.854237E-13
7623.3  2.850114E-13
7626.2  2.841734E-13
7629.1  2.834888E-13
7632.  2.854615E-13
7634.9  2.895304E-13
7637.8  2.918118E-13
7640.7  2.923202E-13
7643.6  2.935151E-13
7646.5  2.942803E-13
7649.4  2.925212E-13
7652.3  2.889764E-13
7655.2  2.851461E-13
7658.1  2.824826E-13
7661.  2.820317E-13
7663.9  2.837869E-13
7666.8  2.869103E-13
7669.7  2.894273E-13
7672.6  2.903607E-13
7675.5  2.900836E-13
7678.4  2.889722E-13
7681.3  2.874368E-13
7684.2  2.858717E-13
7687.1  2.845958E-13
7690.  2.831338E-13
7692.9  2.810728E-13
7695.8  2.799359E-13
7698.7  2.808008E-13
7701.6  2.823297E-13
7704.5  2.833171E-13
7707.4  2.833339E-13
7710.3  2.825240E-13
7713.2  2.817577E-13
7716.1  2.816931E-13
7719.  2.827423E-13
7721.9  2.840721E-13
7724.8  2.842927E-13
7727.7  2.834386E-13
7730.6  2.820646E-13
7733.5  2.807651E-13
7736.4  2.799731E-13
7739.3  2.793532E-13
7742.2  2.785837E-13
7745.1  2.775650E-13
7748.  2.766042E-13
7750.9  2.766462E-13
7753.8  2.776603E-13
7756.7  2.786782E-13
7759.6  2.793345E-13
7762.5  2.796438E-13
7765.4  2.790398E-13
7768.3  2.770693E-13
7771.2  2.751195E-13
7774.1  2.746261E-13
7777.  2.755127E-13
7779.9  2.772758E-13
7782.8  2.790328E-13
7785.7  2.800208E-13
7788.6  2.797943E-13
7791.5  2.786487E-13
7794.4  2.777174E-13
7797.3  2.767725E-13
7800.2  2.747646E-13
7803.1  2.726593E-13
7806.  2.720103E-13
7808.9  2.731330E-13
7811.8  2.756394E-13
7814.7  2.774293E-13
7817.6  2.770884E-13
7820.5  2.761439E-13
7823.4  2.756244E-13
7826.3  2.750168E-13
7829.2  2.744315E-13
7832.1  2.747168E-13
7835.  2.753640E-13
7837.9  2.749655E-13
7840.8  2.738517E-13
7843.7  2.730875E-13
7846.6  2.728173E-13
7849.5  2.729245E-13
7852.4  2.733126E-13
7855.3  2.738301E-13
7858.2  2.744626E-13
7861.1  2.748455E-13
7864.  2.736840E-13
7866.9  2.713517E-13
7869.8  2.704812E-13
7872.7  2.713992E-13
7875.6  2.725427E-13
7878.5  2.731188E-13
7881.4  2.727612E-13
7884.3  2.721292E-13
7887.2  2.721103E-13
7890.1  2.723927E-13
7893.  2.725360E-13
7895.9  2.725702E-13
7898.8  2.725307E-13
7901.7  2.725101E-13
7904.6  2.722348E-13
7907.5  2.707436E-13
7910.4  2.686098E-13
7913.3  2.678683E-13
7916.2  2.679144E-13
7919.1  2.667345E-13
7922.  2.653215E-13
7924.9  2.653925E-13
7927.8  2.659621E-13
7930.7  2.658093E-13
7933.6  2.652513E-13
7936.5  2.646554E-13
7939.4  2.639677E-13
7942.3  2.634507E-13
7945.2  2.638518E-13
7948.1  2.652464E-13
7951.  2.670192E-13
7953.9  2.685282E-13
7956.8  2.691685E-13
7959.7  2.689255E-13
7962.6  2.681052E-13
7965.5  2.670613E-13
7968.4  2.661286E-13
7971.3  2.652822E-13
7974.2  2.645692E-13
7977.1  2.645043E-13
7980.  2.652245E-13
7982.9  2.662232E-13
7985.8  2.668694E-13
7988.7  2.663841E-13
7991.6  2.651651E-13
7994.5  2.644975E-13
7997.4  2.640290E-13
8000.3  2.627921E-13
8003.2  2.617677E-13
8006.1  2.620998E-13
8009.  2.629028E-13
8011.9  2.632486E-13
8014.8  2.633414E-13
8017.7  2.632593E-13
8020.6  2.625926E-13
8023.5  2.614834E-13
8026.4  2.607752E-13
8029.3  2.606178E-13
8032.2  2.605839E-13
8035.1  2.604430E-13
8038.  2.600759E-13
8040.9  2.594478E-13
8043.8  2.586324E-13
8046.7  2.581161E-13
8049.6  2.582367E-13
8052.5  2.583897E-13
8055.4  2.582709E-13
8058.3  2.586192E-13
8061.2  2.595252E-13
8064.1  2.600734E-13
8067.  2.599445E-13
8069.9  2.593613E-13
8072.8  2.586696E-13
8075.7  2.582894E-13
8078.6  2.580017E-13
8081.5  2.574160E-13
8084.4  2.569287E-13
8087.3  2.569079E-13
8090.2  2.566687E-13
8093.1  2.560042E-13
8096.  2.564025E-13
8098.9  2.582107E-13
8101.8  2.597976E-13
8104.7  2.602064E-13
8107.6  2.591738E-13
8110.5  2.577166E-13
8113.4  2.576315E-13
8116.3  2.585546E-13
8119.2  2.592646E-13
8122.1  2.592728E-13
8125.  2.584382E-13
8127.9  2.572930E-13
8130.8  2.565305E-13
8133.7  2.569681E-13
8136.6  2.585604E-13
8139.5  2.596585E-13
8142.4  2.596192E-13
8145.3  2.590228E-13
8148.2  2.586610E-13
8151.1  2.595042E-13
8154.  2.604909E-13
8156.9  2.598361E-13
8159.8  2.585968E-13
8162.7  2.583328E-13
8165.6  2.590611E-13
8168.5  2.601825E-13
8171.4  2.597382E-13
8174.3  2.571060E-13
8177.2  2.547646E-13
8180.1  2.539670E-13
8183.  2.542372E-13
8185.9  2.544622E-13
8188.8  2.529677E-13
8191.7  2.506418E-13
8194.6  2.495883E-13
8197.5  2.498404E-13
8200.4  2.507043E-13
8203.3  2.511383E-13
8206.2  2.504731E-13
8209.1  2.498320E-13
8212.  2.501477E-13
8214.9  2.515682E-13
8217.8  2.532061E-13
8220.7  2.526105E-13
8223.6  2.499510E-13
8226.5  2.477292E-13
8229.4  2.478033E-13
8232.3  2.514063E-13
8235.2  2.554326E-13
8238.1  2.558081E-13
8241.  2.539270E-13
8243.9  2.521081E-13
8246.8  2.508285E-13
8249.7  2.501592E-13
8252.6  2.492952E-13
8255.5  2.481705E-13
8258.4  2.482689E-13
8261.3  2.495040E-13
8264.2  2.501598E-13
8267.1  2.498549E-13
8270.  2.490808E-13
8272.9  2.481615E-13
8275.8  2.473893E-13
8278.7  2.471848E-13
8281.6  2.477301E-13
8284.5  2.480188E-13
8287.4  2.473593E-13
8290.3  2.465425E-13
8293.2  2.461686E-13
8296.1  2.462833E-13
8299.  2.466461E-13
8301.9  2.466476E-13
8304.8  2.462280E-13
8307.7  2.457436E-13
8310.6  2.452416E-13
8313.5  2.446501E-13
8316.4  2.437102E-13
8319.3  2.422610E-13
8322.2  2.410480E-13
8325.1  2.406503E-13
8328.  2.405760E-13
8330.9  2.404190E-13
8333.8  2.401399E-13
8336.7  2.399276E-13
8339.6  2.403313E-13
8342.5  2.411168E-13
8345.4  2.414066E-13
8348.3  2.412846E-13
8351.2  2.413016E-13
8354.1  2.414571E-13
8357.  2.416084E-13
8359.9  2.419013E-13
8362.8  2.423629E-13
8365.7  2.423565E-13
8368.6  2.416379E-13
8371.5  2.411015E-13
8374.4  2.409591E-13
8377.3  2.402949E-13
8380.2  2.390053E-13
8383.1  2.377494E-13
8386.  2.366385E-13
8388.9  2.354972E-13
8391.8  2.349717E-13
8394.7  2.357460E-13
8397.6  2.369637E-13
8400.5  2.375978E-13
8403.4  2.373699E-13
8406.3  2.364273E-13
8409.2  2.357910E-13
8412.1  2.358287E-13
8415.  2.356423E-13
8417.9  2.348953E-13
8420.8  2.338783E-13
8423.7  2.327095E-13
8426.6  2.314172E-13
8429.5  2.305938E-13
8432.4  2.308779E-13
8435.3  2.311971E-13
8438.2  2.304746E-13
8441.1  2.298845E-13
8444.  2.303924E-13
8446.9  2.314036E-13
8449.8  2.322894E-13
8452.7  2.325729E-13
8455.6  2.320456E-13
8458.5  2.309052E-13
8461.4  2.293668E-13
8464.3  2.276209E-13
8467.2  2.266168E-13
8470.1  2.274119E-13
8473.  2.288358E-13
8475.9  2.293689E-13
8478.8  2.297589E-13
8481.7  2.305410E-13
8484.6  2.304052E-13
8487.5  2.282879E-13
8490.4  2.235413E-13
8493.3  2.177171E-13
8496.2  2.152144E-13
8499.1  2.167655E-13
8502.  2.200156E-13
8504.9  2.229879E-13
8507.8  2.240364E-13
8510.7  2.241656E-13
8513.6  2.250805E-13
8516.5  2.266223E-13
8519.4  2.281153E-13
8522.3  2.283808E-13
8525.2  2.266070E-13
8528.1  2.234143E-13
8531.  2.183753E-13
8533.9  2.089596E-13
8536.8  1.980147E-13
8539.7  1.930076E-13
8542.6  1.955942E-13
8545.5  2.037050E-13
8548.4  2.130177E-13
8551.3  2.188930E-13
8554.2  2.219947E-13
8557.1  2.241698E-13
8560.  2.258855E-13
8562.9  2.274241E-13
8565.8  2.285662E-13
8568.7  2.290900E-13
8571.6  2.289347E-13
8574.5  2.281258E-13
8577.4  2.267590E-13
8580.3  2.254709E-13
8583.2  2.251853E-13
8586.1  2.253561E-13
8589.  2.249640E-13
8591.9  2.244587E-13
8594.8  2.245083E-13
8597.7  2.253493E-13
8600.6  2.266781E-13
8603.5  2.265717E-13
8606.4  2.246040E-13
8609.3  2.234276E-13
8612.2  2.239751E-13
8615.1  2.250055E-13
8618.  2.261010E-13
8620.9  2.273548E-13
8623.8  2.286255E-13
8626.7  2.297237E-13
8629.6  2.305597E-13
8632.5  2.310517E-13
8635.4  2.310614E-13
8638.3  2.304101E-13
8641.2  2.286186E-13
8644.1  2.257830E-13
8647.  2.235785E-13
8649.9  2.213351E-13
8652.8  2.150091E-13
8655.7  2.060282E-13
8658.6  2.000763E-13
8661.5  1.992937E-13
8664.4  2.036197E-13
8667.3  2.099185E-13
8670.2  2.143932E-13
8673.1  2.170978E-13
8676.  2.188449E-13
8678.9  2.197213E-13
8681.8  2.200726E-13
8684.7  2.206107E-13
8687.6  2.216014E-13
8690.5  2.226538E-13
8693.4  2.233887E-13
8696.3  2.234628E-13
8699.2  2.230104E-13
8702.1  2.224796E-13
8705.  2.218566E-13
8707.9  2.210344E-13
8710.8  2.208060E-13
8713.7  2.217039E-13
8716.6  2.223974E-13
8719.5  2.219317E-13
8722.4  2.210530E-13
8725.3  2.201619E-13
8728.2  2.189005E-13
8731.1  2.173022E-13
8734.  2.157526E-13
8736.9  2.145631E-13
8739.8  2.139928E-13
8742.7  2.139749E-13
8745.6  2.143146E-13
8748.5  2.153153E-13
8751.4  2.172066E-13
8754.3  2.195829E-13
8757.2  2.217859E-13
8760.1  2.227571E-13
8763.  2.220199E-13
8765.9  2.201197E-13
8768.8  2.180612E-13
8771.7  2.172333E-13
8774.6  2.180431E-13
8777.5  2.200906E-13
8780.4  2.220037E-13
8783.3  2.221619E-13
8786.2  2.211238E-13
8789.1  2.200139E-13
8792.  2.191185E-13
8794.9  2.184582E-13
8797.8  2.175085E-13
8800.7  2.160164E-13
8803.6  2.143757E-13
8806.5  2.132389E-13
8809.4  2.136308E-13
8812.3  2.150311E-13
8815.2  2.156903E-13
8818.1  2.153449E-13
8821.  2.145219E-13
8823.9  2.143962E-13
8826.8  2.159673E-13
8829.7  2.174771E-13
8832.6  2.172531E-13
8835.5  2.160566E-13
8838.4  2.148548E-13
8841.3  2.144064E-13
8844.2  2.150146E-13
8847.1  2.162742E-13
8850.  2.174256E-13
8852.9  2.174724E-13
8855.8  2.163535E-13
8858.7  2.146175E-13
8861.6  2.132237E-13
8864.5  2.130761E-13
8867.4  2.133884E-13
8870.3  2.132608E-13
8873.2  2.132350E-13
8876.1  2.137232E-13
8879.  2.144306E-13
8881.9  2.149625E-13
8884.8  2.147331E-13
8887.7  2.139614E-13
8890.6  2.137160E-13
8893.5  2.141257E-13
8896.4  2.147004E-13
8899.3  2.149266E-13
8902.2  2.143588E-13
8905.1  2.132758E-13
8908.  2.121526E-13
8910.9  2.112626E-13
8913.8  2.107773E-13
8916.7  2.106382E-13
8919.6  2.107581E-13
8922.5  2.110619E-13
8925.4  2.115632E-13
8928.3  2.123999E-13
8931.2  2.133604E-13
8934.1  2.140241E-13
8937.  2.139200E-13
8939.9  2.127026E-13
8942.8  2.112404E-13
8945.7  2.105846E-13
8948.6  2.107474E-13
8951.5  2.114633E-13
8954.4  2.123272E-13
8957.3  2.129404E-13
8960.2  2.129925E-13
8963.1  2.126862E-13
8966.  2.128727E-13
8968.9  2.137495E-13
8971.8  2.149170E-13
8974.7  2.158860E-13
8977.6  2.161556E-13
8980.5  2.147262E-13
8983.4  2.109667E-13
8986.3  2.069962E-13
8989.2  2.049082E-13
8992.1  2.047877E-13
8995.  2.057559E-13
8997.9  2.051622E-13
9000.8  2.025556E-13
9003.7  2.009603E-13
9006.6  2.017922E-13
9009.5  2.048855E-13
9012.4  2.090611E-13
9015.3  2.125093E-13
9018.2  2.142970E-13
9021.1  2.140975E-13
9024.  2.126177E-13
9026.9  2.108324E-13
9029.8  2.093188E-13
9032.7  2.083893E-13
9035.6  2.077889E-13
9038.5  2.073490E-13
9041.4  2.071891E-13
9044.3  2.073049E-13
9047.2  2.076132E-13
9050.1  2.077618E-13
9053.  2.072537E-13
9055.9  2.063926E-13
9058.8  2.057466E-13
9061.7  2.050344E-13
9064.6  2.038955E-13
9067.5  2.024562E-13
9070.4  2.010592E-13
9073.3  2.005943E-13
9076.2  2.011820E-13
9079.1  2.014101E-13
9082.  2.008440E-13
9084.9  2.002350E-13
9087.8  2.001904E-13
9090.7  2.011955E-13
9093.6  2.027780E-13
9096.5  2.040422E-13
9099.4  2.045584E-13
9102.3  2.042235E-13
9105.2  2.039594E-13
9108.1  2.044461E-13
9111.  2.047024E-13
9113.9  2.043441E-13
9116.8  2.045579E-13
9119.7  2.057696E-13
9122.6  2.075337E-13
9125.5  2.084888E-13
9128.4  2.065607E-13
9131.3  2.035125E-13
9134.2  2.028132E-13
9137.1  2.046722E-13
9140.  2.079395E-13
9142.9  2.100928E-13
9145.8  2.091698E-13
9148.7  2.063224E-13
9151.6  2.032944E-13
9154.5  2.021493E-13
9157.4  2.033735E-13
9160.3  2.050817E-13
9163.2  2.056085E-13
9166.1  2.035966E-13
9169.  2.003692E-13
9171.9  1.987291E-13
9174.8  1.991846E-13
9177.7  2.011818E-13
9180.6  2.032016E-13
9183.5  2.038528E-13
9186.4  2.036336E-13
9189.3  2.031727E-13
9192.2  2.025260E-13
9195.1  2.019636E-13
9198.  2.022041E-13
9200.9  2.025904E-13
9203.8  2.010394E-13
9206.7  1.979764E-13
9209.6  1.953970E-13
9212.5  1.939535E-13
9215.4  1.936474E-13
9218.3  1.936750E-13
9221.2  1.931851E-13
9224.1  1.922527E-13
9227.  1.913884E-13
9229.9  1.920850E-13
9232.8  1.945329E-13
9235.7  1.962572E-13
9238.6  1.965191E-13
9241.5  1.967788E-13
9244.4  1.972330E-13
9247.3  1.972647E-13
9250.2  1.967466E-13
9253.1  1.957969E-13
9256.  1.949386E-13
9258.9  1.947676E-13
9261.8  1.957758E-13
9264.7  1.979862E-13
9267.6  2.001914E-13
9270.5  2.014145E-13
9273.4  2.014015E-13
9276.3  2.006113E-13
9279.2  2.004315E-13
9282.1  2.010259E-13
9285.  2.015122E-13
9287.9  2.016392E-13
9290.8  2.014798E-13
9293.7  2.012884E-13
9296.6  2.013741E-13
9299.5  2.018523E-13
9302.4  2.027000E-13
9305.3  2.036871E-13
9308.2  2.044730E-13
9311.1  2.045748E-13
9314.  2.038833E-13
9316.9  2.026882E-13
9319.8  2.021951E-13
9322.7  2.043041E-13
9325.6  2.084019E-13
9328.5  2.124639E-13
9331.4  2.135476E-13
9334.3  2.093716E-13
9337.2  2.042087E-13
9340.1  2.027624E-13
9343.  2.049842E-13
9345.9  2.093148E-13
9348.8  2.122729E-13
9351.7  2.117261E-13
9354.6  2.078460E-13
9357.5  2.038295E-13
9360.4  2.063372E-13
9363.3  2.113837E-13
9366.2  2.083756E-13
9369.1  2.023518E-13
9372.  2.032797E-13
9374.9  2.058635E-13
9377.8  2.032763E-13
9380.7  1.999007E-13
9383.6  1.997472E-13
9386.5  2.015559E-13
9389.4  2.034461E-13
9392.3  2.027855E-13
9395.2  1.992594E-13
9398.1  1.954294E-13
9401.  1.929530E-13
9403.9  1.927998E-13
9406.8  1.933239E-13
9409.7  1.919025E-13
9412.6  1.908880E-13
9415.5  1.930850E-13
9418.4  1.958001E-13
9421.3  1.963126E-13
9424.2  1.942361E-13
9427.1  1.911947E-13
9430.  1.934216E-13
9432.9  1.998413E-13
9435.8  1.987805E-13
9438.7  1.917914E-13
9441.6  1.910132E-13
9444.5  1.962333E-13
9447.4  2.012779E-13
9450.3  2.025133E-13
9453.2  1.980522E-13
9456.1  1.928692E-13
9459.  1.919892E-13
9461.9  1.948399E-13
9464.8  1.993572E-13
9467.7  2.016357E-13
9470.6  2.000428E-13
9473.5  1.967553E-13
9476.4  1.937552E-13
9479.3  1.925317E-13
9482.2  1.942629E-13
9485.1  1.995594E-13
9488.  2.030377E-13
9490.9  1.986904E-13
9493.8  1.912665E-13
9496.7  1.871011E-13
9499.6  1.883817E-13
9502.5  1.948595E-13
9505.4  2.018021E-13
9508.3  2.050635E-13
9511.2  2.022940E-13
9514.1  1.952267E-13
9517.  1.897992E-13
9519.9  1.883292E-13
9522.8  1.904177E-13
9525.7  1.936942E-13
9528.6  1.950608E-13
9531.5  1.937785E-13
9534.4  1.902292E-13
9537.3  1.860407E-13
9540.2  1.829706E-13
9543.1  1.822481E-13
9546.  1.838766E-13
9548.9  1.857450E-13
9551.8  1.867785E-13
9554.7  1.874358E-13
9557.6  1.873760E-13
9560.5  1.858124E-13
9563.4  1.841782E-13
9566.3  1.845965E-13
9569.2  1.870193E-13
9572.1  1.904292E-13
9575.  1.920941E-13
9577.9  1.903055E-13
9580.8  1.879373E-13
9583.7  1.868135E-13
9586.6  1.851984E-13
9589.5  1.832791E-13
9592.4  1.839449E-13
9595.3  1.866366E-13
9598.2  1.880954E-13
9601.1  1.878490E-13
9604.  1.868417E-13
9606.9  1.855099E-13
9609.8  1.841774E-13
9612.7  1.825894E-13
9615.6  1.806228E-13
9618.5  1.790118E-13
9621.4  1.785473E-13
9624.3  1.802052E-13
9627.2  1.833099E-13
9630.1  1.847924E-13
9633.  1.837748E-13
9635.9  1.814194E-13
9638.8  1.796042E-13
9641.7  1.804754E-13
9644.6  1.824824E-13
9647.5  1.830058E-13
9650.4  1.830858E-13
9653.3  1.839293E-13
9656.2  1.836622E-13
9659.1  1.813636E-13
9662.  1.793639E-13
9664.9  1.790638E-13
9667.8  1.800317E-13
9670.7  1.815028E-13
9673.6  1.824209E-13
9676.5  1.821202E-13
9679.4  1.802988E-13
9682.3  1.787171E-13
9685.2  1.795741E-13
9688.1  1.808261E-13
9691.  1.800687E-13
9693.9  1.787423E-13
9696.8  1.782548E-13
9699.7  1.781920E-13
9702.6  1.783251E-13
9705.5  1.789667E-13
9708.4  1.798566E-13
9711.3  1.800889E-13
9714.2  1.797451E-13
9717.1  1.796180E-13
9720.  1.795421E-13
9722.9  1.789940E-13
9725.8  1.780903E-13
9728.7  1.771163E-13
9731.6  1.764470E-13
9734.5  1.762136E-13
9737.4  1.755418E-13
9740.3  1.741949E-13
9743.2  1.735075E-13
9746.1  1.739320E-13
9749.  1.746701E-13
9751.9  1.753428E-13
9754.8  1.759150E-13
9757.7  1.761601E-13
9760.6  1.758451E-13
9763.5  1.755130E-13
9766.4  1.757928E-13
9769.3  1.762003E-13
9772.2  1.761961E-13
9775.1  1.759012E-13
9778.  1.754875E-13
9780.9  1.751060E-13
9783.8  1.747792E-13
9786.7  1.743717E-13
9789.6  1.735984E-13
9792.5  1.719753E-13
9795.4  1.706242E-13
9798.3  1.714213E-13
9801.2  1.730976E-13
9804.1  1.735297E-13
9807.  1.731577E-13
9809.9  1.728409E-13
9812.8  1.728276E-13
9815.7  1.730572E-13
9818.6  1.725699E-13
9821.5  1.713152E-13
9824.4  1.709722E-13
9827.3  1.716169E-13
9830.2  1.716369E-13
9833.1  1.707962E-13
9836.  1.696958E-13
9838.9  1.690515E-13
9841.8  1.694902E-13
9844.7  1.699154E-13
9847.6  1.691727E-13
9850.5  1.682255E-13
9853.4  1.678958E-13
9856.3  1.675903E-13
9859.2  1.669909E-13
9862.1  1.664493E-13
9865.  1.660728E-13
9867.9  1.656424E-13
9870.8  1.654610E-13
9873.7  1.661672E-13
9876.6  1.669847E-13
9879.5  1.666630E-13
9882.4  1.654088E-13
9885.3  1.639268E-13
9888.2  1.633815E-13
9891.1  1.643549E-13
9894.  1.651624E-13
9896.9  1.647660E-13
9899.8  1.640097E-13
9902.7  1.634542E-13
9905.6  1.632073E-13
9908.5  1.634028E-13
9911.4  1.640955E-13
9914.3  1.652831E-13
9917.2  1.668803E-13
9920.1  1.682893E-13
9923.  1.688699E-13
9925.9  1.684505E-13
9928.8  1.672460E-13
9931.7  1.665816E-13
9934.6  1.669537E-13
9937.5  1.664878E-13
9940.4  1.646749E-13
9943.3  1.631541E-13
9946.2  1.629254E-13
9949.1  1.644033E-13
9952.  1.666446E-13
9954.9  1.679227E-13
9957.8  1.682098E-13
9960.7  1.680780E-13
9963.6  1.668251E-13
9966.5  1.641326E-13
9969.4  1.621988E-13
9972.3  1.625155E-13
9975.2  1.640823E-13
9978.1  1.655736E-13
9981.  1.653611E-13
9983.9  1.636173E-13
9986.8  1.624638E-13
9989.7  1.626235E-13
9992.6  1.638578E-13
9995.5  1.650827E-13
9998.4  1.649998E-13
10001.3  1.642123E-13
10004.2  1.636373E-13
10007.1  1.631088E-13
10010.  1.623260E-13
10012.9  1.608490E-13
10015.8  1.588394E-13
10018.7  1.576235E-13
10021.6  1.577300E-13
10024.5  1.586557E-13
10027.4  1.600392E-13
10030.3  1.616483E-13
10033.2  1.625110E-13
10036.1  1.616035E-13
10039.  1.605495E-13
10041.9  1.612643E-13
10044.8  1.628644E-13
10047.7  1.642199E-13
10050.6  1.651195E-13
10053.5  1.655191E-13
10056.4  1.658126E-13
10059.3  1.656514E-13
10062.2  1.635928E-13
10065.1  1.600341E-13
10068.  1.568260E-13
10070.9  1.549129E-13
10073.8  1.546250E-13
10076.7  1.554501E-13
10079.6  1.565162E-13
10082.5  1.564518E-13
10085.4  1.547499E-13
10088.3  1.546890E-13
10091.2  1.578294E-13
10094.1  1.607205E-13
10097.  1.613311E-13
10099.9  1.599430E-13
10102.8  1.581017E-13
10105.7  1.587097E-13
10108.6  1.603085E-13
10111.5  1.590993E-13
10114.4  1.569680E-13
10117.3  1.573028E-13
10120.2  1.589284E-13
10123.1  1.601738E-13
10126.  1.617171E-13
10128.9  1.639360E-13
10131.8  1.660766E-13
10134.7  1.671870E-13
10137.6  1.657965E-13
10140.5  1.629779E-13
10143.4  1.625518E-13
10146.3  1.639179E-13
10149.2  1.637155E-13
10152.1  1.622234E-13
10155.  1.610146E-13
10157.9  1.606840E-13
10160.8  1.612748E-13
10163.7  1.608842E-13
10166.6  1.583207E-13
10169.5  1.552989E-13
10172.4  1.533927E-13
10175.3  1.535320E-13
10178.2  1.552534E-13
10181.1  1.563844E-13
10184.  1.565204E-13
10186.9  1.565885E-13
10189.8  1.570777E-13
10192.7  1.582483E-13
10195.6  1.597911E-13
10198.5  1.611890E-13
10201.4  1.617849E-13
10204.3  1.613501E-13
10207.2  1.612673E-13
10210.1  1.620405E-13
10213.  1.620143E-13
10215.9  1.603544E-13
10218.8  1.573869E-13
10221.7  1.540314E-13
10224.6  1.516273E-13
10227.5  1.511688E-13
10230.4  1.531960E-13
10233.3  1.557636E-13
10236.2  1.565489E-13
10239.1  1.563345E-13
10242.  1.563637E-13
10244.9  1.572425E-13
10247.8  1.588309E-13
10250.7  1.590587E-13
10253.6  1.577285E-13
10256.5  1.576364E-13
10259.4  1.593107E-13
10262.3  1.613051E-13
10265.2  1.616456E-13
10268.1  1.582814E-13
10271.  1.537913E-13
10273.9  1.519771E-13
10276.8  1.520550E-13
10279.7  1.524868E-13
10282.6  1.537281E-13
10285.5  1.554860E-13
10288.4  1.549360E-13
10291.3  1.516944E-13
10294.2  1.495832E-13
10297.1  1.500398E-13
10300.  1.518547E-13
10302.9  1.538931E-13
10305.8  1.551437E-13
10308.7  1.537445E-13
10311.6  1.482779E-13
10314.5  1.446071E-13
10317.4  1.481050E-13
10320.3  1.518876E-13
10323.2  1.507275E-13
10326.1  1.506465E-13
10329.  1.539382E-13
10331.9  1.542258E-13
10334.8  1.508606E-13
10337.7  1.499908E-13
10340.6  1.521253E-13
10343.5  1.538863E-13
10346.4  1.539383E-13
10349.3  1.519468E-13
10352.2  1.487892E-13
10355.1  1.458271E-13
10358.  1.442001E-13
10360.9  1.445620E-13
10363.8  1.462310E-13
10366.7  1.485014E-13
10369.6  1.513485E-13
10372.5  1.537338E-13
10375.4  1.532151E-13
10378.3  1.505360E-13
10381.2  1.490610E-13
10384.1  1.487468E-13
10387.  1.478785E-13
10389.9  1.477852E-13
10392.8  1.500162E-13
10395.7  1.519419E-13
10398.6  1.510258E-13
10401.5  1.478580E-13
10404.4  1.437619E-13
10407.3  1.404636E-13
10410.2  1.398872E-13
10413.1  1.444474E-13
10416.  1.512876E-13
10418.9  1.526128E-13
10421.8  1.497982E-13
10424.7  1.494426E-13
10427.6  1.481600E-13
10430.5  1.406409E-13
10433.4  1.353717E-13
10436.3  1.399364E-13
10439.2  1.458544E-13
10442.1  1.456746E-13
10445.  1.397585E-13
10447.9  1.310847E-13
10450.8  1.263362E-13
10453.7  1.279373E-13
10456.6  1.334832E-13
10459.5  1.391062E-13
10462.4  1.401770E-13
10465.3  1.383669E-13
10468.2  1.379177E-13
10471.1  1.377243E-13
10474.  1.366636E-13
10476.9  1.428446E-13
10479.8  1.585242E-13
10482.7  1.646107E-13
10485.6  1.531257E-13
10488.5  1.395609E-13
10491.4  1.329510E-13
10494.3  1.344343E-13
10497.2  1.388544E-13
10500.1  1.359243E-13
10503.  1.301138E-13
10505.9  1.316858E-13
10508.8  1.360741E-13
10511.7  1.360787E-13
10514.6  1.332163E-13
10517.5  1.299566E-13
10520.4  1.269141E-13
10523.3  1.251753E-13
10526.2  1.268954E-13
10529.1  1.315215E-13
10532.  1.349340E-13
10534.9  1.361457E-13
10537.8  1.369365E-13
10540.7  1.371201E-13
10543.6  1.357657E-13
10546.5  1.359202E-13
10549.4  1.407098E-13
10552.3  1.452203E-13
10555.2  1.452463E-13
10558.1  1.463557E-13
10561.  1.510080E-13
10563.9  1.516866E-13
10566.8  1.461759E-13
10569.7  1.399498E-13
10572.6  1.384731E-13
10575.5  1.476522E-13
10578.4  1.579599E-13
10581.3  1.521018E-13
10584.2  1.380546E-13
10587.1  1.311462E-13
10590.  1.293706E-13
10592.9  1.277557E-13
10595.8  1.246253E-13
10598.7  1.196039E-13
10601.6  1.154127E-13
10604.5  1.147791E-13
10607.4  1.196730E-13
10610.3  1.301499E-13
10613.2  1.443779E-13
10616.1  1.575958E-13
10619.  1.634135E-13
10621.9  1.642350E-13
10624.8  1.654886E-13
10627.7  1.591234E-13
10630.6  1.385507E-13
10633.5  1.193640E-13
10636.4  1.143723E-13
10639.3  1.193491E-13
10642.2  1.273626E-13
10645.1  1.285146E-13
10648.  1.227192E-13
10650.9  1.224424E-13
10653.8  1.294123E-13
10656.7  1.374047E-13
10659.6  1.439200E-13
10662.5  1.480468E-13
10665.4  1.455524E-13
10668.3  1.342833E-13
10671.2  1.269031E-13
10674.1  1.333953E-13
10677.  1.478735E-13
10679.9  1.612729E-13
10682.8  1.606595E-13
10685.7  1.464153E-13
10688.6  1.372898E-13
10691.5  1.389376E-13
10694.4  1.461817E-13
10697.3  1.510149E-13
10700.2  1.446792E-13
10703.1  1.343198E-13
10706.  1.308464E-13
10708.9  1.355618E-13
10711.8  1.451735E-13
10714.7  1.451744E-13
10717.6  1.297725E-13
10720.5  1.179179E-13
10723.4  1.167831E-13
10726.3  1.127067E-13
10729.2  1.073707E-13
10732.1  1.162953E-13
10735.  1.339059E-13
10737.9  1.434938E-13
10740.8  1.484787E-13
10743.7  1.575638E-13
10746.6  1.598585E-13
10749.5  1.464192E-13
10752.4  1.336788E-13
10755.3  1.332039E-13
10758.2  1.347513E-13
10761.1  1.332743E-13
10764.  1.333886E-13
10766.9  1.405238E-13
10769.8  1.626337E-13
10772.7  1.843304E-13
10775.6  1.765900E-13
10778.5  1.541845E-13
10781.4  1.464135E-13
10784.3  1.476467E-13
10787.2  1.448582E-13
10790.1  1.288387E-13
10793.  9.885039E-14
10795.9  7.754776E-14
10798.8  8.078554E-14
10801.7  1.103657E-13
10804.6  1.484984E-13
10807.5  1.537786E-13
10810.4  1.334097E-13
10813.3  1.293909E-13
10816.2  1.492477E-13
10819.1  1.837311E-13
10822.  2.082828E-13
10824.9  2.009100E-13
10827.8  1.891830E-13
10830.7  1.954693E-13
10833.6  1.915337E-13
10836.5  1.621959E-13
10839.4  1.266365E-13
10842.3  1.016404E-13
10845.2  9.908200E-14
10848.1  1.216509E-13
10851.  1.631101E-13
10853.9  2.056505E-13
10856.8  2.268560E-13
10859.7  2.326084E-13
10862.6  2.352066E-13
10865.5  2.029962E-13
10868.4  1.210934E-13
10871.3  6.995977E-14
10874.2  9.266773E-14
10877.1  1.183912E-13
10880.  1.154220E-13
10882.9  1.204492E-13
10885.8  1.361965E-13
10888.7  1.379839E-13
10891.6  1.191701E-13
10894.5  8.290695E-14
10897.4  5.976143E-14
10900.3  8.178550E-14
10903.2  1.152053E-13
10906.1  1.210713E-13
10909.  1.057684E-13
10911.9  8.238036E-14
10914.8  5.983034E-14
10917.7  5.824718E-14
10920.6  1.273701E-13
10923.5  2.095580E-13
10926.4  1.285459E-13
10929.3  -3.292476E-14
10932.2  -3.507627E-14
10935.1  7.003632E-14
10938.  1.256300E-13
10940.9  1.271161E-13
10943.8  1.037638E-13
10946.7  7.367711E-14
10949.6  5.377712E-14
10952.5  4.610950E-14
10955.4  4.940626E-14
10958.3  6.065091E-14
10961.2  7.341789E-14
10964.1  7.823215E-14
10967.  7.689369E-14
10969.9  8.009386E-14
10972.8  8.107364E-14
10975.7  6.721531E-14
10978.6  5.773794E-14
10981.5  7.277946E-14
10984.4  8.409573E-14
10987.3  6.930589E-14
10990.2  5.309217E-14
10993.1  5.362021E-14
10996.  6.770423E-14
10998.9  8.719458E-14
