3050.  1.695668E-12
3052.9  1.653346E-12
3055.8  1.611746E-12
3058.7  1.561230E-12
3061.6  1.612242E-12
3064.5  1.639192E-12
3067.4  1.628328E-12
3070.3  1.603975E-12
3073.2  1.576765E-12
3076.1  1.478431E-12
3079.  1.512797E-12
3081.9  1.636850E-12
3084.8  1.699187E-12
3087.7  1.662254E-12
3090.6  1.578936E-12
3093.5  1.557264E-12
3096.4  1.536907E-12
3099.3  1.554238E-12
3102.2  1.579045E-12
3105.1  1.611333E-12
3108.  1.657249E-12
3110.9  1.642789E-12
3113.8  1.587348E-12
3116.7  1.556784E-12
3119.6  1.548726E-12
3122.5  1.548015E-12
3125.4  1.556105E-12
3128.3  1.591235E-12
3131.2  1.577401E-12
3134.1  1.609893E-12
3137.  1.674222E-12
3139.9  1.677382E-12
3142.8  1.633061E-12
3145.7  1.604292E-12
3148.6  1.626914E-12
3151.5  1.585080E-12
3154.4  1.530089E-12
3157.3  1.508455E-12
3160.2  1.543839E-12
3163.1  1.577585E-12
3166.  1.632914E-12
3168.9  1.673156E-12
3171.8  1.665089E-12
3174.7  1.577599E-12
3177.6  1.501600E-12
3180.5  1.504076E-12
3183.4  1.504443E-12
3186.3  1.508434E-12
3189.2  1.505141E-12
3192.1  1.539149E-12
3195.  1.613695E-12
3197.9  1.638489E-12
3200.8  1.607139E-12
3203.7  1.580486E-12
3206.6  1.510105E-12
3209.5  1.467508E-12
3212.4  1.460631E-12
3215.3  1.464010E-12
3218.2  1.500010E-12
3221.1  1.450794E-12
3224.  1.391921E-12
3226.9  1.380268E-12
3229.8  1.398155E-12
3232.7  1.423054E-12
3235.6  1.483887E-12
3238.5  1.518285E-12
3241.4  1.528481E-12
3244.3  1.543956E-12
3247.2  1.539995E-12
3250.1  1.600242E-12
3253.  1.636141E-12
3255.9  1.658945E-12
3258.8  1.683392E-12
3261.7  1.646874E-12
3264.6  1.616308E-12
3267.5  1.571943E-12
3270.4  1.516149E-12
3273.3  1.512400E-12
3276.2  1.544388E-12
3279.1  1.569681E-12
3282.  1.602595E-12
3284.9  1.666168E-12
3287.8  1.724801E-12
3290.7  1.780339E-12
3293.6  1.774933E-12
3296.5  1.763197E-12
3299.4  1.711183E-12
3302.3  1.666490E-12
3305.2  1.669084E-12
3308.1  1.674701E-12
3311.  1.655224E-12
3313.9  1.655307E-12
3316.8  1.659193E-12
3319.7  1.643370E-12
3322.6  1.637830E-12
3325.5  1.641594E-12
3328.4  1.615761E-12
3331.3  1.577524E-12
3334.2  1.580469E-12
3337.1  1.589310E-12
3340.  1.611822E-12
3342.9  1.638832E-12
3345.8  1.640146E-12
3348.7  1.649218E-12
3351.6  1.662145E-12
3354.5  1.636734E-12
3357.4  1.600150E-12
3360.3  1.574094E-12
3363.2  1.561473E-12
3366.1  1.556463E-12
3369.  1.559840E-12
3371.9  1.575365E-12
3374.8  1.575629E-12
3377.7  1.577460E-12
3380.6  1.619552E-12
3383.5  1.634959E-12
3386.4  1.596564E-12
3389.3  1.585014E-12
3392.2  1.613886E-12
3395.1  1.639253E-12
3398.  1.626321E-12
3400.9  1.590277E-12
3403.8  1.574562E-12
3406.7  1.596619E-12
3409.6  1.630447E-12
3412.5  1.640411E-12
3415.4  1.645411E-12
3418.3  1.644704E-12
3421.2  1.661722E-12
3424.1  1.674376E-12
3427.  1.689114E-12
3429.9  1.682065E-12
3432.8  1.641591E-12
3435.7  1.599113E-12
3438.6  1.561234E-12
3441.5  1.563065E-12
3444.4  1.615707E-12
3447.3  1.640085E-12
3450.2  1.606050E-12
3453.1  1.579898E-12
3456.  1.571691E-12
3458.9  1.582025E-12
3461.8  1.629685E-12
3464.7  1.646907E-12
3467.6  1.598234E-12
3470.5  1.562608E-12
3473.4  1.569698E-12
3476.3  1.583855E-12
3479.2  1.599489E-12
3482.1  1.615127E-12
3485.  1.610674E-12
3487.9  1.568988E-12
3490.8  1.529603E-12
3493.7  1.534709E-12
3496.6  1.596445E-12
3499.5  1.650884E-12
3502.4  1.655381E-12
3505.3  1.667042E-12
3508.2  1.691873E-12
3511.1  1.678414E-12
3514.  1.685379E-12
3516.9  1.665991E-12
3519.8  1.633735E-12
3522.7  1.618096E-12
3525.6  1.635954E-12
3528.5  1.687051E-12
3531.4  1.729262E-12
3534.3  1.753409E-12
3537.2  1.774215E-12
3540.1  1.785427E-12
3543.  1.779567E-12
3545.9  1.775338E-12
3548.8  1.783995E-12
3551.7  1.787670E-12
3554.6  1.782587E-12
3557.5  1.775451E-12
3560.4  1.740311E-12
3563.3  1.666064E-12
3566.2  1.623629E-12
3569.1  1.626991E-12
3572.  1.652216E-12
3574.9  1.662097E-12
3577.8  1.641107E-12
3580.7  1.593933E-12
3583.6  1.569406E-12
3586.5  1.596233E-12
3589.4  1.682945E-12
3592.3  1.726005E-12
3595.2  1.726558E-12
3598.1  1.696834E-12
3601.  1.648189E-12
3603.9  1.644786E-12
3606.8  1.632545E-12
3609.7  1.636312E-12
3612.6  1.652120E-12
3615.5  1.666150E-12
3618.4  1.685136E-12
3621.3  1.736756E-12
3624.2  1.763227E-12
3627.1  1.722423E-12
3630.  1.688072E-12
3632.9  1.711266E-12
3635.8  1.757906E-12
3638.7  1.772283E-12
3641.6  1.753699E-12
3644.5  1.739278E-12
3647.4  1.774487E-12
3650.3  1.848784E-12
3653.2  1.882996E-12
3656.1  1.902569E-12
3659.  1.886474E-12
3661.9  1.864931E-12
3664.8  1.862598E-12
3667.7  1.854595E-12
3670.6  1.841537E-12
3673.5  1.818604E-12
3676.4  1.781978E-12
3679.3  1.749888E-12
3682.2  1.753729E-12
3685.1  1.781483E-12
3688.  1.790119E-12
3690.9  1.798754E-12
3693.8  1.807391E-12
3696.7  1.816026E-12
3699.6  1.876321E-12
3702.5  1.821051E-12
3705.4  1.802966E-12
3708.3  1.835948E-12
3711.2  1.913611E-12
3714.1  2.003078E-12
3717.  2.000579E-12
3719.9  1.937589E-12
3722.8  1.996337E-12
3725.7  2.055514E-12
3728.6  1.982095E-12
3731.5  1.843973E-12
3734.4  1.870158E-12
3737.3  2.023221E-12
3740.2  2.076375E-12
3743.1  1.964484E-12
3746.  1.810293E-12
3748.9  1.820081E-12
3751.8  2.029383E-12
3754.7  2.224072E-12
3757.6  2.256021E-12
3760.5  2.195631E-12
3763.4  2.080950E-12
3766.3  1.916034E-12
3769.2  1.892432E-12
3772.1  2.111312E-12
3775.  2.422632E-12
3777.9  2.677966E-12
3780.8  2.746702E-12
3783.7  2.624421E-12
3786.6  2.424141E-12
3789.5  2.221754E-12
3792.4  2.004635E-12
3795.3  1.851731E-12
3798.2  1.978513E-12
3801.1  2.334690E-12
3804.  2.586928E-12
3806.9  2.754774E-12
3809.8  2.833027E-12
3812.7  2.774710E-12
3815.6  2.747808E-12
3818.5  2.707007E-12
3821.4  2.567069E-12
3824.3  2.350152E-12
3827.2  2.117552E-12
3830.1  1.877131E-12
3833.  1.707861E-12
3835.9  1.821457E-12
3838.8  2.170666E-12
3841.7  2.519905E-12
3844.6  2.778939E-12
3847.5  2.960364E-12
3850.4  3.087733E-12
3853.3  3.132867E-12
3856.2  3.174406E-12
3859.1  3.242568E-12
3862.  3.364573E-12
3864.9  3.380898E-12
3867.8  3.299147E-12
3870.7  3.138278E-12
3873.6  2.989493E-12
3876.5  2.841874E-12
3879.4  2.606232E-12
3882.3  2.290542E-12
3885.2  1.983009E-12
3888.1  1.936399E-12
3891.  2.184459E-12
3893.9  2.512275E-12
3896.8  2.778500E-12
3899.7  2.990260E-12
3902.6  3.115471E-12
3905.5  3.236181E-12
3908.4  3.410742E-12
3911.3  3.477510E-12
3914.2  3.440466E-12
3917.1  3.456579E-12
3920.  3.559789E-12
3922.9  3.506237E-12
3925.8  3.156214E-12
3928.7  2.644267E-12
3931.6  2.346855E-12
3934.5  2.630292E-12
3937.4  3.140291E-12
3940.3  3.388110E-12
3943.2  3.420988E-12
3946.1  3.373535E-12
3949.  3.295593E-12
3951.9  3.253238E-12
3954.8  3.176791E-12
3957.7  2.982787E-12
3960.6  2.642914E-12
3963.5  2.177047E-12
3966.4  1.800441E-12
3969.3  1.852958E-12
3972.2  2.310703E-12
3975.1  2.812642E-12
3978.  3.160544E-12
3980.9  3.358412E-12
3983.8  3.530429E-12
3986.7  3.666804E-12
3989.6  3.725934E-12
3992.5  3.746546E-12
3995.4  3.734103E-12
3998.3  3.763819E-12
4001.2  3.830210E-12
4004.1  3.838912E-12
4007.  3.884922E-12
4009.9  3.934622E-12
4012.8  3.937929E-12
4015.7  3.952047E-12
4018.6  3.976560E-12
4021.5  3.953349E-12
4024.4  3.920894E-12
4027.3  3.828966E-12
4030.2  3.712755E-12
4033.1  3.764388E-12
4036.  3.876441E-12
4038.9  3.874647E-12
4041.8  3.784961E-12
4044.7  3.701767E-12
4047.6  3.675307E-12
4050.5  3.694236E-12
4053.4  3.700608E-12
4056.3  3.694494E-12
4059.2  3.643193E-12
4062.1  3.560540E-12
4065.  3.523366E-12
4067.9  3.487390E-12
4070.8  3.400698E-12
4073.7  3.267445E-12
4076.6  3.169732E-12
4079.5  3.186045E-12
4082.4  3.202028E-12
4085.3  3.127824E-12
4088.2  3.039635E-12
4091.1  2.872550E-12
4094.  2.551277E-12
4096.9  2.183797E-12
4099.8  2.004793E-12
4102.7  2.187417E-12
4105.6  2.538336E-12
4108.5  2.818183E-12
4111.4  3.046840E-12
4114.3  3.160872E-12
4117.2  3.184799E-12
4120.1  3.204227E-12
4123.  3.257256E-12
4125.9  3.270816E-12
4128.8  3.267946E-12
4131.7  3.376734E-12
4134.6  3.559384E-12
4137.5  3.659217E-12
4140.4  3.629799E-12
4143.3  3.590646E-12
4146.2  3.611763E-12
4149.1  3.571683E-12
4152.  3.491020E-12
4154.9  3.469548E-12
4157.8  3.566812E-12
4160.7  3.669957E-12
4163.6  3.729257E-12
4166.5  3.717754E-12
4169.4  3.583708E-12
4172.3  3.479637E-12
4175.2  3.502183E-12
4178.1  3.572465E-12
4181.  3.635631E-12
4183.9  3.618549E-12
4186.8  3.630343E-12
4189.7  3.710234E-12
4192.6  3.722779E-12
4195.5  3.650135E-12
4198.4  3.577060E-12
4201.3  3.615291E-12
4204.2  3.723068E-12
4207.1  3.797999E-12
4210.  3.795919E-12
4212.9  3.761533E-12
4215.8  3.730613E-12
4218.7  3.689011E-12
4221.6  3.573658E-12
4224.5  3.518396E-12
4227.4  3.607151E-12
4230.3  3.660152E-12
4233.2  3.626544E-12
4236.1  3.633094E-12
4239.  3.686618E-12
4241.9  3.702659E-12
4244.8  3.631462E-12
4247.7  3.600341E-12
4250.6  3.669995E-12
4253.5  3.707951E-12
4256.4  3.683314E-12
4259.3  3.695276E-12
4262.2  3.746732E-12
4265.1  3.738696E-12
4268.  3.639908E-12
4270.9  3.563841E-12
4273.8  3.618433E-12
4276.7  3.687042E-12
4279.6  3.662930E-12
4282.5  3.593231E-12
4285.4  3.497540E-12
4288.3  3.409998E-12
4291.2  3.417862E-12
4294.1  3.441888E-12
4297.  3.349885E-12
4299.9  3.276307E-12
4302.8  3.320084E-12
4305.7  3.347753E-12
4308.6  3.373350E-12
4311.5  3.373353E-12
4314.4  3.349358E-12
4317.3  3.341603E-12
4320.2  3.270490E-12
4323.1  3.138864E-12
4326.  3.013761E-12
4328.9  2.876460E-12
4331.8  2.633169E-12
4334.7  2.283266E-12
4337.6  1.989759E-12
4340.5  2.018141E-12
4343.4  2.329623E-12
4346.3  2.633228E-12
4349.2  2.820978E-12
4352.1  3.008870E-12
4355.  3.226295E-12
4357.9  3.334984E-12
4360.8  3.439455E-12
4363.7  3.511547E-12
4366.6  3.493912E-12
4369.5  3.460575E-12
4372.4  3.440566E-12
4375.3  3.436762E-12
4378.2  3.463156E-12
4381.1  3.381881E-12
4384.  3.312949E-12
4386.9  3.383878E-12
4389.8  3.428861E-12
4392.7  3.412809E-12
4395.6  3.408014E-12
4398.5  3.409158E-12
4401.4  3.430373E-12
4404.3  3.483462E-12
4407.2  3.509855E-12
4410.1  3.498749E-12
4413.  3.417607E-12
4415.9  3.383232E-12
4418.8  3.448240E-12
4421.7  3.503766E-12
4424.6  3.530713E-12
4427.5  3.515441E-12
4430.4  3.484350E-12
4433.3  3.482695E-12
4436.2  3.524295E-12
4439.1  3.521159E-12
4442.  3.464707E-12
4444.9  3.455730E-12
4447.8  3.464252E-12
4450.7  3.413329E-12
4453.6  3.334005E-12
4456.5  3.286155E-12
4459.4  3.287185E-12
4462.3  3.331281E-12
4465.2  3.405771E-12
4468.1  3.538834E-12
4471.  3.646766E-12
4473.9  3.609709E-12
4476.8  3.455231E-12
4479.7  3.356735E-12
4482.6  3.357612E-12
4485.5  3.384238E-12
4488.4  3.387611E-12
4491.3  3.409959E-12
4494.2  3.439813E-12
4497.1  3.484249E-12
4500.  3.540117E-12
4502.9  3.583575E-12
4505.8  3.592654E-12
4508.7  3.578508E-12
4511.6  3.535187E-12
4514.5  3.469462E-12
4517.4  3.388672E-12
4520.3  3.338362E-12
4523.2  3.297340E-12
4526.1  3.293038E-12
4529.  3.301486E-12
4531.9  3.328829E-12
4534.8  3.403878E-12
4537.7  3.436127E-12
4540.6  3.430873E-12
4543.5  3.386119E-12
4546.4  3.292403E-12
4549.3  3.206861E-12
4552.2  3.187503E-12
4555.1  3.236198E-12
4558.  3.315588E-12
4560.9  3.378161E-12
4563.8  3.441815E-12
4566.7  3.498140E-12
4569.6  3.499039E-12
4572.5  3.442013E-12
4575.4  3.386055E-12
4578.3  3.284847E-12
4581.2  3.224975E-12
4584.1  3.231783E-12
4587.  3.290512E-12
4589.9  3.330586E-12
4592.8  3.359889E-12
4595.7  3.417482E-12
4598.6  3.398681E-12
4601.5  3.362853E-12
4604.4  3.366172E-12
4607.3  3.421336E-12
4610.2  3.448151E-12
4613.1  3.427308E-12
4616.  3.376516E-12
4618.9  3.364330E-12
4621.8  3.409052E-12
4624.7  3.394407E-12
4627.6  3.351245E-12
4630.5  3.328273E-12
4633.4  3.329524E-12
4636.3  3.354337E-12
4639.2  3.366015E-12
4642.1  3.330363E-12
4645.  3.296574E-12
4647.9  3.286475E-12
4650.8  3.315092E-12
4653.7  3.330212E-12
4656.6  3.336447E-12
4659.5  3.344424E-12
4662.4  3.259542E-12
4665.3  3.196556E-12
4668.2  3.173829E-12
4671.1  3.216417E-12
4674.  3.253693E-12
4676.9  3.278025E-12
4679.8  3.301093E-12
4682.7  3.352297E-12
4685.6  3.403465E-12
4688.5  3.373206E-12
4691.4  3.365609E-12
4694.3  3.325543E-12
4697.2  3.240654E-12
4700.1  3.173421E-12
4703.  3.150430E-12
4705.9  3.167049E-12
4708.8  3.193755E-12
4711.7  3.222699E-12
4714.6  3.247465E-12
4717.5  3.248958E-12
4720.4  3.249294E-12
4723.3  3.258771E-12
4726.2  3.218324E-12
4729.1  3.155499E-12
4732.  3.179061E-12
4734.9  3.225158E-12
4737.8  3.263690E-12
4740.7  3.277948E-12
4743.6  3.254210E-12
4746.5  3.212431E-12
4749.4  3.169956E-12
4752.3  3.148670E-12
4755.2  3.181536E-12
4758.1  3.220673E-12
4761.  3.184062E-12
4763.9  3.131638E-12
4766.8  3.156803E-12
4769.7  3.229574E-12
4772.6  3.258471E-12
4775.5  3.261670E-12
4778.4  3.228300E-12
4781.3  3.198577E-12
4784.2  3.164062E-12
4787.1  3.147389E-12
4790.  3.172038E-12
4792.9  3.229229E-12
4795.8  3.248181E-12
4798.7  3.220237E-12
4801.6  3.163754E-12
4804.5  3.107545E-12
4807.4  3.119705E-12
4810.3  3.141757E-12
4813.2  3.131394E-12
4816.1  3.135342E-12
4819.  3.102959E-12
4821.9  3.010160E-12
4824.8  2.952747E-12
4827.7  2.946808E-12
4830.6  2.958109E-12
4833.5  2.948074E-12
4836.4  2.902001E-12
4839.3  2.849328E-12
4842.2  2.793773E-12
4845.1  2.729569E-12
4848.  2.594401E-12
4850.9  2.432176E-12
4853.8  2.203005E-12
4856.7  1.899457E-12
4859.6  1.661271E-12
4862.5  1.737943E-12
4865.4  2.026037E-12
4868.3  2.261096E-12
4871.2  2.405739E-12
4874.1  2.536694E-12
4877.  2.654573E-12
4879.9  2.727919E-12
4882.8  2.744280E-12
4885.7  2.747499E-12
4888.6  2.752077E-12
4891.5  2.809155E-12
4894.4  2.912085E-12
4897.3  2.943666E-12
4900.2  2.916096E-12
4903.1  2.917023E-12
4906.  2.947678E-12
4908.9  2.937151E-12
4911.8  2.934142E-12
4914.7  2.911854E-12
4917.6  2.816750E-12
4920.5  2.751326E-12
4923.4  2.810517E-12
4926.3  2.918178E-12
4929.2  2.948016E-12
4932.1  2.882460E-12
4935.  2.864749E-12
4937.9  2.907326E-12
4940.8  2.964806E-12
4943.7  3.004496E-12
4946.6  3.024075E-12
4949.5  3.006811E-12
4952.4  2.970329E-12
4955.3  2.923730E-12
4958.2  2.900961E-12
4961.1  2.948611E-12
4964.  2.967757E-12
4966.9  2.963169E-12
4969.8  2.971103E-12
4972.7  2.984548E-12
4975.6  2.968899E-12
4978.5  2.875377E-12
4981.4  2.767890E-12
4984.3  2.761443E-12
4987.2  2.856229E-12
4990.1  2.904130E-12
4993.  2.913316E-12
4995.9  2.909826E-12
4998.8  2.855567E-12
5001.7  2.798983E-12
5004.6  2.771966E-12
5007.5  2.785257E-12
5010.4  2.819803E-12
5013.3  2.821205E-12
5016.2  2.809392E-12
5019.1  2.806626E-12
5022.  2.851342E-12
5024.9  2.899440E-12
5027.8  2.903506E-12
5030.7  2.928215E-12
5033.6  2.922659E-12
5036.5  2.872119E-12
5039.4  2.841764E-12
5042.3  2.872081E-12
5045.2  2.908594E-12
5048.1  2.873065E-12
5051.  2.857110E-12
5053.9  2.896894E-12
5056.8  2.937614E-12
5059.7  2.938551E-12
5062.6  2.904817E-12
5065.5  2.873307E-12
5068.4  2.870722E-12
5071.3  2.868275E-12
5074.2  2.828920E-12
5077.1  2.760537E-12
5080.  2.730754E-12
5082.9  2.781594E-12
5085.8  2.858918E-12
5088.7  2.910986E-12
5091.6  2.910839E-12
5094.5  2.869131E-12
5097.4  2.845857E-12
5100.3  2.827211E-12
5103.2  2.836707E-12
5106.1  2.830268E-12
5109.  2.827461E-12
5111.9  2.849481E-12
5114.8  2.848510E-12
5117.7  2.837268E-12
5120.6  2.794200E-12
5123.5  2.743982E-12
5126.4  2.736244E-12
5129.3  2.741763E-12
5132.2  2.732981E-12
5135.1  2.715296E-12
5138.  2.687429E-12
5140.9  2.682870E-12
5143.8  2.691637E-12
5146.7  2.679600E-12
5149.6  2.688006E-12
5152.5  2.713434E-12
5155.4  2.748199E-12
5158.3  2.767465E-12
5161.2  2.703697E-12
5164.1  2.602163E-12
5167.  2.499498E-12
5169.9  2.500796E-12
5172.8  2.617129E-12
5175.7  2.728556E-12
5178.6  2.716703E-12
5181.5  2.625719E-12
5184.4  2.574987E-12
5187.3  2.582603E-12
5190.2  2.559828E-12
5193.1  2.536148E-12
5196.  2.539513E-12
5198.9  2.563664E-12
5201.8  2.571770E-12
5204.7  2.553316E-12
5207.6  2.582155E-12
5210.5  2.654202E-12
5213.4  2.658173E-12
5216.3  2.639156E-12
5219.2  2.659606E-12
5222.1  2.674428E-12
5225.  2.590248E-12
5227.9  2.563979E-12
5230.8  2.579987E-12
5233.7  2.590986E-12
5236.6  2.643164E-12
5239.5  2.704412E-12
5242.4  2.726346E-12
5245.3  2.728001E-12
5248.2  2.705438E-12
5251.1  2.695572E-12
5254.  2.713762E-12
5256.9  2.715652E-12
5259.8  2.655629E-12
5262.7  2.541300E-12
5265.6  2.459950E-12
5268.5  2.442424E-12
5271.4  2.463497E-12
5274.3  2.497253E-12
5277.2  2.558741E-12
5280.1  2.592997E-12
5283.  2.592117E-12
5285.9  2.640250E-12
5288.8  2.689479E-12
5291.7  2.701488E-12
5294.6  2.702316E-12
5297.5  2.672978E-12
5300.4  2.653844E-12
5303.3  2.653120E-12
5306.2  2.662271E-12
5309.1  2.659625E-12
5312.  2.631039E-12
5314.9  2.583028E-12
5317.8  2.572080E-12
5320.7  2.574896E-12
5323.6  2.522235E-12
5326.5  2.466406E-12
5329.4  2.496906E-12
5332.3  2.556591E-12
5335.2  2.538636E-12
5338.1  2.516472E-12
5341.  2.524272E-12
5343.9  2.568193E-12
5346.8  2.587544E-12
5349.7  2.594803E-12
5352.6  2.609269E-12
5355.5  2.635948E-12
5358.4  2.641180E-12
5361.3  2.565765E-12
5364.2  2.510267E-12
5367.1  2.500128E-12
5370.  2.503561E-12
5372.9  2.551468E-12
5375.8  2.601016E-12
5378.7  2.592676E-12
5381.6  2.563338E-12
5384.5  2.583919E-12
5387.4  2.577894E-12
5390.3  2.561872E-12
5393.2  2.530540E-12
5396.1  2.509448E-12
5399.  2.495271E-12
5401.9  2.476766E-12
5404.8  2.434764E-12
5407.7  2.444403E-12
5410.6  2.477366E-12
5413.5  2.503252E-12
5416.4  2.521249E-12
5419.3  2.517311E-12
5422.2  2.495994E-12
5425.1  2.477231E-12
5428.  2.472692E-12
5430.9  2.466393E-12
5433.8  2.484500E-12
5436.7  2.538506E-12
5439.6  2.588491E-12
5442.5  2.568622E-12
5445.4  2.517869E-12
5448.3  2.512328E-12
5451.2  2.540009E-12
5454.1  2.528206E-12
5457.  2.522698E-12
5459.9  2.519654E-12
5462.8  2.506604E-12
5465.7  2.516580E-12
5468.6  2.535359E-12
5471.5  2.522605E-12
5474.4  2.456872E-12
5477.3  2.428157E-12
5480.2  2.467410E-12
5483.1  2.512936E-12
5486.  2.526415E-12
5488.9  2.526440E-12
5491.8  2.517293E-12
5494.7  2.504244E-12
5497.6  2.492367E-12
5500.5  2.483836E-12
5503.4  2.485775E-12
5506.3  2.474448E-12
5509.2  2.467386E-12
5512.1  2.484291E-12
5515.  2.506731E-12
5517.9  2.513119E-12
5520.8  2.513249E-12
5523.7  2.480527E-12
5526.6  2.418361E-12
5529.5  2.389743E-12
5532.4  2.404739E-12
5535.3  2.442184E-12
5538.2  2.473846E-12
5541.1  2.466745E-12
5544.  2.461676E-12
5546.9  2.491777E-12
5549.8  2.513526E-12
5552.7  2.508929E-12
5555.6  2.507406E-12
5558.5  2.510618E-12
5561.4  2.462495E-12
5564.3  2.439239E-12
5567.2  2.419929E-12
5570.1  2.402868E-12
5573.  2.383008E-12
5575.9  2.395070E-12
5578.8  2.428126E-12
5581.7  2.422971E-12
5584.6  2.376897E-12
5587.5  2.319672E-12
5590.4  2.330245E-12
5593.3  2.372266E-12
5596.2  2.379270E-12
5599.1  2.375726E-12
5602.  2.377265E-12
5604.9  2.411878E-12
5607.8  2.441657E-12
5610.7  2.447081E-12
5613.6  2.394998E-12
5616.5  2.356815E-12
5619.4  2.376451E-12
5622.3  2.382139E-12
5625.2  2.400870E-12
5628.1  2.426886E-12
5631.  2.427368E-12
5633.9  2.400916E-12
5636.8  2.376309E-12
5639.7  2.364805E-12
5642.6  2.365703E-12
5645.5  2.365709E-12
5648.4  2.368011E-12
5651.3  2.352399E-12
5654.2  2.319472E-12
5657.1  2.304342E-12
5660.  2.308241E-12
5662.9  2.318212E-12
5665.8  2.345305E-12
5668.7  2.365618E-12
5671.6  2.371855E-12
5674.5  2.383278E-12
5677.4  2.386766E-12
5680.3  2.376114E-12
5683.2  2.348770E-12
5686.1  2.330179E-12
5689.  2.342681E-12
5691.9  2.353912E-12
5694.8  2.356682E-12
5697.7  2.345375E-12
5700.6  2.332247E-12
5703.5  2.315552E-12
5706.4  2.281531E-12
5709.3  2.266768E-12
5712.2  2.296572E-12
5715.1  2.322461E-12
5718.  2.337740E-12
5720.9  2.356020E-12
5723.8  2.370025E-12
5726.7  2.355947E-12
5729.6  2.345496E-12
5732.5  2.343178E-12
5735.4  2.355579E-12
5738.3  2.349838E-12
5741.2  2.351591E-12
5744.1  2.336640E-12
5747.  2.304178E-12
5749.9  2.290356E-12
5752.8  2.283803E-12
5755.7  2.297099E-12
5758.6  2.304282E-12
5761.5  2.290604E-12
5764.4  2.296919E-12
5767.3  2.310443E-12
5770.2  2.321165E-12
5773.1  2.320443E-12
5776.  2.312122E-12
5778.9  2.282882E-12
5781.8  2.260669E-12
5784.7  2.279554E-12
5787.6  2.299940E-12
5790.5  2.295248E-12
5793.4  2.296951E-12
5796.3  2.289875E-12
5799.2  2.292277E-12
5802.1  2.284600E-12
5805.  2.268176E-12
5807.9  2.255837E-12
5810.8  2.244247E-12
5813.7  2.229599E-12
5816.6  2.234312E-12
5819.5  2.245169E-12
5822.4  2.250673E-12
5825.3  2.245844E-12
5828.2  2.239401E-12
5831.1  2.240041E-12
5834.  2.266574E-12
5836.9  2.264297E-12
5839.8  2.238188E-12
5842.7  2.235194E-12
5845.6  2.228499E-12
5848.5  2.243858E-12
5851.4  2.196280E-12
5854.3  2.174231E-12
5857.2  2.169249E-12
5860.1  2.167595E-12
5863.  2.170128E-12
5865.9  2.181352E-12
5868.8  2.205787E-12
5871.7  2.241421E-12
5874.6  2.294548E-12
5877.5  2.284314E-12
5880.4  2.234693E-12
5883.3  2.182464E-12
5886.2  2.108303E-12
5889.1  2.075759E-12
5892.  2.068200E-12
5894.9  2.082063E-12
5897.8  2.115633E-12
5900.7  2.137996E-12
5903.6  2.136734E-12
5906.5  2.130046E-12
5909.4  2.130604E-12
5912.3  2.146093E-12
5915.2  2.157771E-12
5918.1  2.159691E-12
5921.  2.158422E-12
5923.9  2.155581E-12
5926.8  2.146637E-12
5929.7  2.139199E-12
5932.6  2.136271E-12
5935.5  2.141364E-12
5938.4  2.150789E-12
5941.3  2.155699E-12
5944.2  2.155389E-12
5947.1  2.146943E-12
5950.  2.138764E-12
5952.9  2.134268E-12
5955.8  2.130902E-12
5958.7  2.132948E-12
5961.6  2.133791E-12
5964.5  2.128735E-12
5967.4  2.129556E-12
5970.3  2.134462E-12
5973.2  2.159962E-12
5976.1  2.163601E-12
5979.  2.150657E-12
5981.9  2.108918E-12
5984.8  2.107730E-12
5987.7  2.118975E-12
5990.6  2.124111E-12
5993.5  2.121568E-12
5996.4  2.116284E-12
5999.3  2.110119E-12
6002.2  2.101217E-12
6005.1  2.086656E-12
6008.  2.080826E-12
6010.9  2.081830E-12
6013.8  2.083395E-12
6016.7  2.079394E-12
6019.6  2.067517E-12
6022.5  2.066730E-12
6025.4  2.079197E-12
6028.3  2.092963E-12
6031.2  2.097115E-12
6034.1  2.092751E-12
6037.  2.101953E-12
6039.9  2.106815E-12
6042.8  2.099147E-12
6045.7  2.086457E-12
6048.6  2.074523E-12
6051.5  2.059840E-12
6054.4  2.074400E-12
6057.3  2.066639E-12
6060.2  2.042036E-12
6063.1  2.053979E-12
6066.  2.055261E-12
6068.9  2.056690E-12
6071.8  2.052702E-12
6074.7  2.043469E-12
6077.6  2.043721E-12
6080.5  2.045960E-12
6083.4  2.046311E-12
6086.3  2.049279E-12
6089.2  2.043183E-12
6092.1  2.032607E-12
6095.  2.021687E-12
6097.9  2.008291E-12
6100.8  2.007981E-12
6103.7  2.018234E-12
6106.6  2.020446E-12
6109.5  2.017465E-12
6112.4  2.004091E-12
6115.3  1.999709E-12
6118.2  1.995851E-12
6121.1  1.992340E-12
6124.  1.999363E-12
6126.9  2.018555E-12
6129.8  1.980673E-12
6132.7  1.960645E-12
6135.6  1.940953E-12
6138.5  1.931603E-12
6141.4  1.939958E-12
6144.3  1.940643E-12
6147.2  1.943465E-12
6150.1  1.953326E-12
6153.  1.945583E-12
6155.9  1.938652E-12
6158.8  1.929788E-12
6161.7  1.938881E-12
6164.6  1.948089E-12
6167.5  1.947538E-12
6170.4  1.947695E-12
6173.3  1.946643E-12
6176.2  1.953323E-12
6179.1  1.961786E-12
6182.  1.960815E-12
6184.9  1.943184E-12
6187.8  1.928366E-12
6190.7  1.929699E-12
6193.6  1.938528E-12
6196.5  1.948188E-12
6199.4  1.948431E-12
6202.3  1.944738E-12
6205.2  1.943542E-12
6208.1  1.950987E-12
6211.  1.949266E-12
6213.9  1.938603E-12
6216.8  1.935695E-12
6219.7  1.937293E-12
6222.6  1.925538E-12
6225.5  1.908927E-12
6228.4  1.899652E-12
6231.3  1.903541E-12
6234.2  1.894825E-12
6237.1  1.883524E-12
6240.  1.879562E-12
6242.9  1.874436E-12
6245.8  1.880888E-12
6248.7  1.884425E-12
6251.6  1.887848E-12
6254.5  1.895523E-12
6257.4  1.884412E-12
6260.3  1.919058E-12
6263.2  1.920783E-12
6266.1  1.920050E-12
6269.  1.920702E-12
6271.9  1.915516E-12
6274.8  1.902583E-12
6277.7  1.889217E-12
6280.6  1.887966E-12
6283.5  1.891397E-12
6286.4  1.882875E-12
6289.3  1.876588E-12
6292.2  1.873056E-12
6295.1  1.864010E-12
6298.  1.850350E-12
6300.9  1.847505E-12
6303.8  1.857690E-12
6306.7  1.871615E-12
6309.6  1.878250E-12
6312.5  1.867770E-12
6315.4  1.862168E-12
6318.3  1.864406E-12
6321.2  1.864110E-12
6324.1  1.867025E-12
6327.  1.871489E-12
6329.9  1.867905E-12
6332.8  1.853551E-12
6335.7  1.851753E-12
6338.6  1.848014E-12
6341.5  1.835833E-12
6344.4  1.831756E-12
6347.3  1.838946E-12
6350.2  1.843568E-12
6353.1  1.841384E-12
6356.  1.836203E-12
6358.9  1.829788E-12
6361.8  1.835991E-12
6364.7  1.839974E-12
6367.6  1.840684E-12
6370.5  1.845340E-12
6373.4  1.857781E-12
6376.3  1.854907E-12
6379.2  1.849450E-12
6382.1  1.847950E-12
6385.  1.836426E-12
6387.9  1.819752E-12
6390.8  1.818171E-12
6393.7  1.820320E-12
6396.6  1.819891E-12
6399.5  1.820790E-12
6402.4  1.818957E-12
6405.3  1.799473E-12
6408.2  1.779595E-12
6411.1  1.777198E-12
6414.  1.786189E-12
6416.9  1.786596E-12
6419.8  1.784820E-12
6422.7  1.792947E-12
6425.6  1.796621E-12
6428.5  1.790659E-12
6431.4  1.782355E-12
6434.3  1.781692E-12
6437.2  1.780017E-12
6440.1  1.771609E-12
6443.  1.777049E-12
6445.9  1.783655E-12
6448.8  1.780633E-12
6451.7  1.771260E-12
6454.6  1.751227E-12
6457.5  1.744081E-12
6460.4  1.746759E-12
6463.3  1.750213E-12
6466.2  1.756613E-12
6469.1  1.769373E-12
6472.  1.783059E-12
6474.9  1.781075E-12
6477.8  1.778138E-12
6480.7  1.778739E-12
6483.6  1.735347E-12
6486.5  1.720701E-12
6489.4  1.702193E-12
6492.3  1.690889E-12
6495.2  1.691972E-12
6498.1  1.701356E-12
6501.  1.712864E-12
6503.9  1.718724E-12
6506.8  1.717355E-12
6509.7  1.711437E-12
6512.6  1.704427E-12
6515.5  1.699690E-12
6518.4  1.697192E-12
6521.3  1.695399E-12
6524.2  1.690863E-12
6527.1  1.681447E-12
6530.  1.669741E-12
6532.9  1.656456E-12
6535.8  1.638536E-12
6538.7  1.614426E-12
6541.6  1.584288E-12
6544.5  1.545922E-12
6547.4  1.496680E-12
6550.3  1.434914E-12
6553.2  1.362194E-12
6556.1  1.292196E-12
6559.  1.242268E-12
6561.9  1.233231E-12
6564.8  1.274640E-12
6567.7  1.348392E-12
6570.6  1.431313E-12
6573.5  1.498179E-12
6576.4  1.540577E-12
6579.3  1.571739E-12
6582.2  1.596713E-12
6585.1  1.614648E-12
6588.  1.627444E-12
6590.9  1.637425E-12
6593.8  1.646790E-12
6596.7  1.656856E-12
6599.6  1.664513E-12
6602.5  1.667568E-12
6605.4  1.669986E-12
6608.3  1.674155E-12
6611.2  1.678040E-12
6614.1  1.680328E-12
6617.  1.680787E-12
6619.9  1.679567E-12
6622.8  1.677362E-12
6625.7  1.674139E-12
6628.6  1.669580E-12
6631.5  1.665947E-12
6634.4  1.665583E-12
6637.3  1.665489E-12
6640.2  1.663224E-12
6643.1  1.662945E-12
6646.  1.666974E-12
6648.9  1.672165E-12
6651.8  1.675430E-12
6654.7  1.673931E-12
6657.6  1.669123E-12
6660.5  1.666430E-12
6663.4  1.667608E-12
6666.3  1.672001E-12
6669.2  1.676437E-12
6672.1  1.677253E-12
6675.  1.675680E-12
6677.9  1.673606E-12
6680.8  1.670131E-12
6683.7  1.664710E-12
6686.6  1.658176E-12
6689.5  1.651465E-12
6692.4  1.645425E-12
6695.3  1.641009E-12
6698.2  1.639320E-12
6701.1  1.638690E-12
6704.  1.635820E-12
6706.9  1.631824E-12
6709.8  1.629369E-12
6712.7  1.628297E-12
6715.6  1.627750E-12
6718.5  1.626581E-12
6721.4  1.624347E-12
6724.3  1.623221E-12
6727.2  1.623859E-12
6730.1  1.623712E-12
6733.  1.621682E-12
6735.9  1.618376E-12
6738.8  1.615322E-12
6741.7  1.614654E-12
6744.6  1.616157E-12
6747.5  1.618417E-12
6750.4  1.620253E-12
6753.3  1.620770E-12
6756.2  1.620098E-12
6759.1  1.618919E-12
6762.  1.619437E-12
6764.9  1.621496E-12
6767.8  1.619225E-12
6770.7  1.612324E-12
6773.6  1.608153E-12
6776.5  1.608351E-12
6779.4  1.609987E-12
6782.3  1.609333E-12
6785.2  1.602699E-12
6788.1  1.592549E-12
6791.  1.583333E-12
6793.9  1.577723E-12
6796.8  1.576890E-12
6799.7  1.578309E-12
6802.6  1.579198E-12
6805.5  1.577328E-12
6808.4  1.573664E-12
6811.3  1.574369E-12
6814.2  1.578591E-12
6817.1  1.578907E-12
6820.  1.575517E-12
6822.9  1.572734E-12
6825.8  1.572609E-12
6828.7  1.575855E-12
6831.6  1.578423E-12
6834.5  1.576477E-12
6837.4  1.572173E-12
6840.3  1.568011E-12
6843.2  1.565120E-12
6846.1  1.563855E-12
6849.  1.562406E-12
6851.9  1.563294E-12
6854.8  1.573848E-12
6857.7  1.587718E-12
6860.6  1.590865E-12
6863.5  1.578593E-12
6866.4  1.552290E-12
6869.3  1.528871E-12
6872.2  1.524815E-12
6875.1  1.535150E-12
6878.  1.550429E-12
6880.9  1.560035E-12
6883.8  1.558851E-12
6886.7  1.553325E-12
6889.6  1.548186E-12
6892.5  1.545288E-12
6895.4  1.544774E-12
6898.3  1.545061E-12
6901.2  1.544936E-12
6904.1  1.543478E-12
6907.  1.542130E-12
6909.9  1.542368E-12
6912.8  1.540644E-12
6915.7  1.534775E-12
6918.6  1.530256E-12
6921.5  1.529740E-12
6924.4  1.528074E-12
6927.3  1.524246E-12
6930.2  1.523456E-12
6933.1  1.523863E-12
6936.  1.518216E-12
6938.9  1.508774E-12
6941.8  1.502252E-12
6944.7  1.499771E-12
6947.6  1.500477E-12
6950.5  1.502999E-12
6953.4  1.505795E-12
6956.3  1.508203E-12
6959.2  1.509872E-12
6962.1  1.511069E-12
6965.  1.511333E-12
6967.9  1.508960E-12
6970.8  1.503987E-12
6973.7  1.498099E-12
6976.6  1.492283E-12
6979.5  1.487089E-12
6982.4  1.484036E-12
6985.3  1.484366E-12
6988.2  1.486839E-12
6991.1  1.489332E-12
6994.  1.488200E-12
6996.9  1.482319E-12
6999.8  1.477549E-12
7002.7  1.477019E-12
7005.6  1.478262E-12
7008.5  1.479887E-12
7011.4  1.481787E-12
7014.3  1.482214E-12
7017.2  1.478780E-12
7020.1  1.474247E-12
7023.  1.472933E-12
7025.9  1.474188E-12
7028.8  1.476004E-12
7031.7  1.476276E-12
7034.6  1.473937E-12
7037.5  1.471471E-12
7040.4  1.470119E-12
7043.3  1.468019E-12
7046.2  1.464864E-12
7049.1  1.461960E-12
7052.  1.460834E-12
7054.9  1.463193E-12
7057.8  1.465282E-12
7060.7  1.461624E-12
7063.6  1.455230E-12
7066.5  1.450949E-12
7069.4  1.450031E-12
7072.3  1.451968E-12
7075.2  1.452077E-12
7078.1  1.448347E-12
7081.  1.445857E-12
7083.9  1.445820E-12
7086.8  1.443773E-12
7089.7  1.439891E-12
7092.6  1.437935E-12
7095.5  1.437461E-12
7098.4  1.436128E-12
7101.3  1.433525E-12
7104.2  1.429997E-12
7107.1  1.427083E-12
7110.  1.426030E-12
7112.9  1.426002E-12
7115.8  1.425940E-12
7118.7  1.424974E-12
7121.6  1.422797E-12
7124.5  1.419905E-12
7127.4  1.417410E-12
7130.3  1.416914E-12
7133.2  1.417881E-12
7136.1  1.418571E-12
7139.  1.418245E-12
7141.9  1.416745E-12
7144.8  1.415420E-12
7147.7  1.415551E-12
7150.6  1.416921E-12
7153.5  1.418367E-12
7156.4  1.416916E-12
7159.3  1.411355E-12
7162.2  1.403388E-12
7165.1  1.395790E-12
7168.  1.392112E-12
7170.9  1.392692E-12
7173.8  1.395597E-12
7176.7  1.395874E-12
7179.6  1.388569E-12
7182.5  1.377363E-12
7185.4  1.368105E-12
7188.3  1.366726E-12
7191.2  1.374265E-12
7194.1  1.377230E-12
7197.  1.369123E-12
7199.9  1.358566E-12
7202.8  1.352714E-12
7205.7  1.356859E-12
7208.6  1.366788E-12
7211.5  1.371239E-12
7214.4  1.369103E-12
7217.3  1.364203E-12
7220.2  1.359865E-12
7223.1  1.358841E-12
7226.  1.359515E-12
7228.9  1.360060E-12
7231.8  1.361372E-12
7234.7  1.363867E-12
7237.6  1.366748E-12
7240.5  1.369291E-12
7243.4  1.370950E-12
7246.3  1.371306E-12
7249.2  1.370062E-12
7252.1  1.368697E-12
7255.  1.369353E-12
7257.9  1.370757E-12
7260.8  1.370773E-12
7263.7  1.370341E-12
7266.6  1.369946E-12
7269.5  1.364838E-12
7272.4  1.354527E-12
7275.3  1.350185E-12
7278.2  1.354213E-12
7281.1  1.355260E-12
7284.  1.349086E-12
7286.9  1.337818E-12
7289.8  1.327811E-12
7292.7  1.327442E-12
7295.6  1.332259E-12
7298.5  1.333852E-12
7301.4  1.332612E-12
7304.3  1.330638E-12
7307.2  1.328610E-12
7310.1  1.327438E-12
7313.  1.328436E-12
7315.9  1.331560E-12
7318.8  1.334707E-12
7321.7  1.336354E-12
7324.6  1.335671E-12
7327.5  1.333976E-12
7330.4  1.333834E-12
7333.3  1.335747E-12
7336.2  1.339011E-12
7339.1  1.340300E-12
7342.  1.336729E-12
7344.9  1.329940E-12
7347.8  1.323029E-12
7350.7  1.321335E-12
7353.6  1.325856E-12
7356.5  1.329012E-12
7359.4  1.327843E-12
7362.3  1.325280E-12
7365.2  1.322931E-12
7368.1  1.321644E-12
7371.  1.320473E-12
7373.9  1.317673E-12
7376.8  1.313564E-12
7379.7  1.309023E-12
7382.6  1.303763E-12
7385.5  1.298140E-12
7388.4  1.295240E-12
7391.3  1.296302E-12
7394.2  1.298616E-12
7397.1  1.299432E-12
7400.  1.296266E-12
7402.9  1.289704E-12
7405.8  1.282860E-12
7408.7  1.278714E-12
7411.6  1.279670E-12
7414.5  1.282461E-12
7417.4  1.282675E-12
7420.3  1.281352E-12
7423.2  1.280609E-12
7426.1  1.282600E-12
7429.  1.287781E-12
7431.9  1.292625E-12
7434.8  1.294481E-12
7437.7  1.292413E-12
7440.6  1.287625E-12
7443.5  1.283302E-12
7446.4  1.281115E-12
7449.3  1.281582E-12
7452.2  1.283299E-12
7455.1  1.284257E-12
7458.  1.284310E-12
7460.9  1.283843E-12
7463.8  1.283622E-12
7466.7  1.283951E-12
7469.6  1.283588E-12
7472.5  1.281899E-12
7475.4  1.279373E-12
7478.3  1.276656E-12
7481.2  1.274588E-12
7484.1  1.272933E-12
7487.  1.270722E-12
7489.9  1.268506E-12
7492.8  1.267216E-12
7495.7  1.265922E-12
7498.6  1.263437E-12
7501.5  1.259022E-12
7504.4  1.253059E-12
7507.3  1.248910E-12
7510.2  1.248313E-12
7513.1  1.249486E-12
7516.  1.251034E-12
7518.9  1.252148E-12
7521.8  1.252551E-12
7524.7  1.252603E-12
7527.6  1.251536E-12
7530.5  1.248370E-12
7533.4  1.246235E-12
7536.3  1.248206E-12
7539.2  1.250805E-12
7542.1  1.250486E-12
7545.  1.246969E-12
7547.9  1.241784E-12
7550.8  1.239797E-12
7553.7  1.242072E-12
7556.6  1.244310E-12
7559.5  1.244513E-12
7562.4  1.242577E-12
7565.3  1.240168E-12
7568.2  1.239795E-12
7571.1  1.240487E-12
7574.  1.240361E-12
7576.9  1.239565E-12
7579.8  1.238541E-12
7582.7  1.237438E-12
7585.6  1.236378E-12
7588.5  1.235332E-12
7591.4  1.234277E-12
7594.3  1.233222E-12
7597.2  1.232167E-12
7600.1  1.231112E-12
7603.  1.230057E-12
7605.9  1.229002E-12
7608.8  1.227947E-12
7611.7  1.226892E-12
7614.6  1.225837E-12
7617.5  1.224783E-12
7620.4  1.223727E-12
7623.3  1.222673E-12
7626.2  1.221618E-12
7629.1  1.220563E-12
7632.  1.219508E-12
7634.9  1.218453E-12
7637.8  1.217398E-12
7640.7  1.216343E-12
7643.6  1.215288E-12
7646.5  1.214233E-12
7649.4  1.213178E-12
7652.3  1.212123E-12
7655.2  1.211068E-12
7658.1  1.210014E-12
7661.  1.208959E-12
7663.9  1.207891E-12
7666.8  1.206826E-12
7669.7  1.205844E-12
7672.6  1.204828E-12
7675.5  1.203549E-12
7678.4  1.201089E-12
7681.3  1.196164E-12
7684.2  1.189774E-12
7687.1  1.183958E-12
7690.  1.179253E-12
7692.9  1.175862E-12
7695.8  1.175594E-12
7698.7  1.178894E-12
7701.6  1.181342E-12
7704.5  1.180174E-12
7707.4  1.176903E-12
7710.3  1.173712E-12
7713.2  1.173445E-12
7716.1  1.176185E-12
7719.  1.179534E-12
7721.9  1.182073E-12
7724.8  1.182966E-12
7727.7  1.181640E-12
7730.6  1.178040E-12
7733.5  1.173353E-12
7736.4  1.168974E-12
7739.3  1.165940E-12
7742.2  1.164549E-12
7745.1  1.163300E-12
7748.  1.162188E-12
7750.9  1.163739E-12
7753.8  1.167402E-12
7756.7  1.169996E-12
7759.6  1.168414E-12
7762.5  1.160209E-12
7765.4  1.147066E-12
7768.3  1.132789E-12
7771.2  1.123152E-12
7774.1  1.122658E-12
7777.  1.129905E-12
7779.9  1.141402E-12
7782.8  1.151743E-12
7785.7  1.157323E-12
7788.6  1.158113E-12
7791.5  1.155690E-12
7794.4  1.153255E-12
7797.3  1.151450E-12
7800.2  1.149072E-12
7803.1  1.147849E-12
7806.  1.150031E-12
7808.9  1.153844E-12
7811.8  1.156656E-12
7814.7  1.157041E-12
7817.6  1.154388E-12
7820.5  1.149645E-12
7823.4  1.144296E-12
7826.3  1.140218E-12
7829.2  1.138196E-12
7832.1  1.137605E-12
7835.  1.137587E-12
7837.9  1.137221E-12
7840.8  1.135747E-12
7843.7  1.132770E-12
7846.6  1.130789E-12
7849.5  1.132253E-12
7852.4  1.134624E-12
7855.3  1.135337E-12
7858.2  1.134782E-12
7861.1  1.133722E-12
7864.  1.133287E-12
7866.9  1.133549E-12
7869.8  1.133097E-12
7872.7  1.131206E-12
7875.6  1.127683E-12
7878.5  1.124414E-12
7881.4  1.124065E-12
7884.3  1.125058E-12
7887.2  1.124773E-12
7890.1  1.123184E-12
7893.  1.120927E-12
7895.9  1.119042E-12
7898.8  1.118388E-12
7901.7  1.119337E-12
7904.6  1.120831E-12
7907.5  1.119683E-12
7910.4  1.115763E-12
7913.3  1.111928E-12
7916.2  1.108214E-12
7919.1  1.103164E-12
7922.  1.098251E-12
7924.9  1.095481E-12
7927.8  1.092983E-12
7930.7  1.088920E-12
7933.6  1.085180E-12
7936.5  1.083580E-12
7939.4  1.084616E-12
7942.3  1.087983E-12
7945.2  1.092074E-12
7948.1  1.096162E-12
7951.  1.100682E-12
7953.9  1.104224E-12
7956.8  1.104472E-12
7959.7  1.102038E-12
7962.6  1.098781E-12
7965.5  1.096125E-12
7968.4  1.095064E-12
7971.3  1.095308E-12
7974.2  1.095993E-12
7977.1  1.095389E-12
7980.  1.093090E-12
7982.9  1.091373E-12
7985.8  1.091081E-12
7988.7  1.091367E-12
7991.6  1.090872E-12
7994.5  1.087839E-12
7997.4  1.084347E-12
8000.3  1.083850E-12
8003.2  1.084455E-12
8006.1  1.083345E-12
8009.  1.081406E-12
8011.9  1.079848E-12
8014.8  1.079137E-12
8017.7  1.079044E-12
8020.6  1.077767E-12
8023.5  1.075092E-12
8026.4  1.073060E-12
8029.3  1.072174E-12
8032.2  1.071673E-12
8035.1  1.071209E-12
8038.  1.070633E-12
8040.9  1.069627E-12
8043.8  1.068080E-12
8046.7  1.067748E-12
8049.6  1.069747E-12
8052.5  1.071315E-12
8055.4  1.070770E-12
8058.3  1.070042E-12
8061.2  1.070135E-12
8064.1  1.070573E-12
8067.  1.070374E-12
8069.9  1.068006E-12
8072.8  1.064284E-12
8075.7  1.061342E-12
8078.6  1.059094E-12
8081.5  1.056761E-12
8084.4  1.054919E-12
8087.3  1.054040E-12
8090.2  1.052921E-12
8093.1  1.051058E-12
8096.  1.050306E-12
8098.9  1.051515E-12
8101.8  1.053769E-12
8104.7  1.055675E-12
8107.6  1.055413E-12
8110.5  1.053168E-12
8113.4  1.050463E-12
8116.3  1.048957E-12
8119.2  1.049954E-12
8122.1  1.051690E-12
8125.  1.051900E-12
8127.9  1.050055E-12
8130.8  1.046494E-12
8133.7  1.043024E-12
8136.6  1.041132E-12
8139.5  1.041446E-12
8142.4  1.043020E-12
8145.3  1.042919E-12
8148.2  1.041522E-12
8151.1  1.041710E-12
8154.  1.041224E-12
8156.9  1.036186E-12
8159.8  1.029366E-12
8162.7  1.024843E-12
8165.6  1.024411E-12
8168.5  1.027496E-12
8171.4  1.026678E-12
8174.3  1.018796E-12
8177.2  1.011119E-12
8180.1  1.007495E-12
8183.  1.006947E-12
8185.9  1.006294E-12
8188.8  1.000518E-12
8191.7  9.917128E-13
8194.6  9.855084E-13
8197.5  9.855725E-13
8200.4  9.934987E-13
8203.3  1.003007E-12
8206.2  1.007766E-12
8209.1  1.007752E-12
8212.  1.004975E-12
8214.9  1.005281E-12
8217.8  1.007764E-12
8220.7  1.000437E-12
8223.6  9.840040E-13
8226.5  9.702862E-13
8229.4  9.678396E-13
8232.3  9.822907E-13
8235.2  1.000369E-12
8238.1  1.004435E-12
8241.  1.001114E-12
8243.9  1.000280E-12
8246.8  9.999050E-13
8249.7  9.981670E-13
8252.6  9.961856E-13
8255.5  9.953492E-13
8258.4  9.978939E-13
8261.3  1.002792E-12
8264.2  1.005788E-12
8267.1  1.004481E-12
8270.  9.979951E-13
8272.9  9.902781E-13
8275.8  9.866982E-13
8278.7  9.866686E-13
8281.6  9.879224E-13
8284.5  9.884084E-13
8287.4  9.869531E-13
8290.3  9.853848E-13
8293.2  9.848916E-13
8296.1  9.847499E-13
8299.  9.848565E-13
8301.9  9.857985E-13
8304.8  9.870668E-13
8307.7  9.875332E-13
8310.6  9.858020E-13
8313.5  9.807398E-13
8316.4  9.754708E-13
8319.3  9.733456E-13
8322.2  9.718879E-13
8325.1  9.683994E-13
8328.  9.623033E-13
8330.9  9.552260E-13
8333.8  9.531870E-13
8336.7  9.576708E-13
8339.6  9.638868E-13
8342.5  9.685895E-13
8345.4  9.699392E-13
8348.3  9.685048E-13
8351.2  9.663568E-13
8354.1  9.643475E-13
8357.  9.629045E-13
8359.9  9.624771E-13
8362.8  9.631283E-13
8365.7  9.637909E-13
8368.6  9.639739E-13
8371.5  9.653891E-13
8374.4  9.672044E-13
8377.3  9.645856E-13
8380.2  9.574497E-13
8383.1  9.501289E-13
8386.  9.446779E-13
8388.9  9.416954E-13
8391.8  9.421250E-13
8394.7  9.462273E-13
8397.6  9.502683E-13
8400.5  9.507675E-13
8403.4  9.490056E-13
8406.3  9.469522E-13
8409.2  9.465415E-13
8412.1  9.480850E-13
8415.  9.489637E-13
8417.9  9.479886E-13
8420.8  9.457029E-13
8423.7  9.420659E-13
8426.6  9.368285E-13
8429.5  9.316581E-13
8432.4  9.286413E-13
8435.3  9.268467E-13
8438.2  9.248761E-13
8441.1  9.230639E-13
8444.  9.220147E-13
8446.9  9.228229E-13
8449.8  9.251163E-13
8452.7  9.258149E-13
8455.6  9.233163E-13
8458.5  9.179586E-13
8461.4  9.112328E-13
8464.3  9.054135E-13
8467.2  9.032907E-13
8470.1  9.071208E-13
8473.  9.145988E-13
8475.9  9.220114E-13
8478.8  9.269276E-13
8481.7  9.277148E-13
8484.6  9.246668E-13
8487.5  9.182195E-13
8490.4  9.078694E-13
8493.3  8.954481E-13
8496.2  8.854389E-13
8499.1  8.807628E-13
8502.  8.828380E-13
8504.9  8.890427E-13
8507.8  8.947314E-13
8510.7  9.008504E-13
8513.6  9.094130E-13
8516.5  9.168935E-13
8519.4  9.200431E-13
8522.3  9.204304E-13
8525.2  9.191001E-13
8528.1  9.155233E-13
8531.  9.063451E-13
8533.9  8.834858E-13
8536.8  8.514020E-13
8539.7  8.255113E-13
8542.6  8.157649E-13
8545.5  8.273829E-13
8548.4  8.509165E-13
8551.3  8.721404E-13
8554.2  8.882035E-13
8557.1  8.997006E-13
8560.  9.097429E-13
8562.9  9.203912E-13
8565.8  9.282746E-13
8568.7  9.317311E-13
8571.6  9.326076E-13
8574.5  9.309765E-13
8577.4  9.251200E-13
8580.3  9.160724E-13
8583.2  9.065287E-13
8586.1  8.973134E-13
8589.  8.885477E-13
8591.9  8.805235E-13
8594.8  8.737371E-13
8597.7  8.700732E-13
8600.6  8.707249E-13
8603.5  8.745332E-13
8606.4  8.802669E-13
8609.3  8.871507E-13
8612.2  8.945177E-13
8615.1  9.017877E-13
8618.  9.097113E-13
8620.9  9.199197E-13
8623.8  9.299644E-13
8626.7  9.359286E-13
8629.6  9.383072E-13
8632.5  9.387391E-13
8635.4  9.379403E-13
8638.3  9.358978E-13
8641.2  9.303495E-13
8644.1  9.200167E-13
8647.  9.066410E-13
8649.9  8.898121E-13
8652.8  8.660736E-13
8655.7  8.379618E-13
8658.6  8.125610E-13
8661.5  7.970012E-13
8664.4  7.971449E-13
8667.3  8.103049E-13
8670.2  8.300977E-13
8673.1  8.495230E-13
8676.  8.631863E-13
8678.9  8.718335E-13
8681.8  8.779571E-13
8684.7  8.854720E-13
8687.6  8.955249E-13
8690.5  9.045199E-13
8693.4  9.110464E-13
8696.3  9.158140E-13
8699.2  9.188426E-13
8702.1  9.199961E-13
8705.  9.192873E-13
8707.9  9.169087E-13
8710.8  9.142984E-13
8713.7  9.125802E-13
8716.6  9.107002E-13
8719.5  9.073578E-13
8722.4  9.013987E-13
8725.3  8.928180E-13
8728.2  8.836367E-13
8731.1  8.742574E-13
8734.  8.633941E-13
8736.9  8.506434E-13
8739.8  8.363724E-13
8742.7  8.224040E-13
8745.6  8.113021E-13
8748.5  8.067441E-13
8751.4  8.113729E-13
8754.3  8.236083E-13
8757.2  8.401283E-13
8760.1  8.556296E-13
8763.  8.668177E-13
8765.9  8.747909E-13
8768.8  8.803500E-13
8771.7  8.835436E-13
8774.6  8.859894E-13
8777.5  8.901022E-13
8780.4  8.951465E-13
8783.3  8.989920E-13
8786.2  9.004510E-13
8789.1  8.990923E-13
8792.  8.972612E-13
8794.9  8.968228E-13
8797.8  8.960447E-13
8800.7  8.938169E-13
8803.6  8.908984E-13
8806.5  8.883962E-13
8809.4  8.878861E-13
8812.3  8.891312E-13
8815.2  8.904231E-13
8818.1  8.902310E-13
8821.  8.873418E-13
8823.9  8.837152E-13
8826.8  8.818116E-13
8829.7  8.800676E-13
8832.6  8.766025E-13
8835.5  8.709439E-13
8838.4  8.639730E-13
8841.3  8.597667E-13
8844.2  8.586344E-13
8847.1  8.552177E-13
8850.  8.462970E-13
8852.9  8.310175E-13
8855.8  8.116682E-13
8858.7  7.926268E-13
8861.6  7.797784E-13
8864.5  7.781434E-13
8867.4  7.853838E-13
8870.3  7.971396E-13
8873.2  8.099392E-13
8876.1  8.215650E-13
8879.  8.333452E-13
8881.9  8.458058E-13
8884.8  8.576376E-13
8887.7  8.671155E-13
8890.6  8.720159E-13
8893.5  8.729344E-13
8896.4  8.723112E-13
8899.3  8.712151E-13
8902.2  8.700348E-13
8905.1  8.673615E-13
8908.  8.620853E-13
8910.9  8.571945E-13
8913.8  8.550984E-13
8916.7  8.548807E-13
8919.6  8.551788E-13
8922.5  8.540730E-13
8925.4  8.522402E-13
8928.3  8.535422E-13
8931.2  8.582053E-13
8934.1  8.638193E-13
8937.  8.679185E-13
8939.9  8.683768E-13
8942.8  8.665377E-13
8945.7  8.647556E-13
8948.6  8.645207E-13
8951.5  8.663299E-13
8954.4  8.682845E-13
8957.3  8.682937E-13
8960.2  8.643044E-13
8963.1  8.574062E-13
8966.  8.527603E-13
8968.9  8.521690E-13
8971.8  8.543567E-13
8974.7  8.569840E-13
8977.6  8.572140E-13
8980.5  8.509028E-13
8983.4  8.354641E-13
8986.3  8.184163E-13
8989.2  8.073130E-13
8992.1  8.026650E-13
8995.  8.012528E-13
8997.9  7.928275E-13
9000.8  7.752520E-13
9003.7  7.595420E-13
9006.6  7.500231E-13
9009.5  7.445693E-13
9012.4  7.432622E-13
9015.3  7.467485E-13
9018.2  7.550974E-13
9021.1  7.677228E-13
9024.  7.805492E-13
9026.9  7.899797E-13
9029.8  7.981210E-13
9032.7  8.064593E-13
9035.6  8.119978E-13
9038.5  8.147312E-13
9041.4  8.201055E-13
9044.3  8.278789E-13
9047.2  8.318948E-13
9050.1  8.308024E-13
9053.  8.264386E-13
9055.9  8.203773E-13
9058.8  8.142538E-13
9061.7  8.098070E-13
9064.6  8.080410E-13
9067.5  8.071785E-13
9070.4  8.055573E-13
9073.3  8.034827E-13
9076.2  8.014013E-13
9079.1  7.998086E-13
9082.  7.988330E-13
9084.9  7.980645E-13
9087.8  7.976838E-13
9090.7  7.982178E-13
9093.6  8.003616E-13
9096.5  8.046300E-13
9099.4  8.095645E-13
9102.3  8.133102E-13
9105.2  8.153250E-13
9108.1  8.154910E-13
9111.  8.134440E-13
9113.9  8.105690E-13
9116.8  8.120048E-13
9119.7  8.179036E-13
9122.6  8.219775E-13
9125.5  8.206467E-13
9128.4  8.125702E-13
9131.3  8.049995E-13
9134.2  8.084300E-13
9137.1  8.203961E-13
9140.  8.335344E-13
9142.9  8.383472E-13
9145.8  8.288381E-13
9148.7  8.119290E-13
9151.6  7.970069E-13
9154.5  7.950861E-13
9157.4  8.067751E-13
9160.3  8.168916E-13
9163.2  8.183853E-13
9166.1  8.125734E-13
9169.  8.022061E-13
9171.9  7.913876E-13
9174.8  7.853567E-13
9177.7  7.881025E-13
9180.6  7.941049E-13
9183.5  7.969818E-13
9186.4  7.981308E-13
9189.3  7.985631E-13
9192.2  7.951547E-13
9195.1  7.880441E-13
9198.  7.831453E-13
9200.9  7.800665E-13
9203.8  7.717977E-13
9206.7  7.579364E-13
9209.6  7.422515E-13
9212.5  7.277672E-13
9215.4  7.168888E-13
9218.3  7.076916E-13
9221.2  6.977971E-13
9224.1  6.883375E-13
9227.  6.814906E-13
9229.9  6.810310E-13
9232.8  6.884512E-13
9235.7  7.010806E-13
9238.6  7.152481E-13
9241.5  7.262231E-13
9244.4  7.345848E-13
9247.3  7.449968E-13
9250.2  7.544104E-13
9253.1  7.572057E-13
9256.  7.558749E-13
9258.9  7.550105E-13
9261.8  7.579993E-13
9264.7  7.662322E-13
9267.6  7.757027E-13
9270.5  7.824885E-13
9273.4  7.842566E-13
9276.3  7.818148E-13
9279.2  7.800513E-13
9282.1  7.809794E-13
9285.  7.841734E-13
9287.9  7.861295E-13
9290.8  7.823203E-13
9293.7  7.758858E-13
9296.6  7.720609E-13
9299.5  7.741305E-13
9302.4  7.823312E-13
9305.3  7.870886E-13
9308.2  7.826385E-13
9311.1  7.751555E-13
9314.  7.688512E-13
9316.9  7.636316E-13
9319.8  7.613028E-13
9322.7  7.649215E-13
9325.6  7.713367E-13
9328.5  7.742317E-13
9331.4  7.711151E-13
9334.3  7.619985E-13
9337.2  7.501112E-13
9340.1  7.404525E-13
9343.  7.434025E-13
9345.9  7.612750E-13
9348.8  7.744595E-13
9351.7  7.722965E-13
9354.6  7.609062E-13
9357.5  7.500893E-13
9360.4  7.542901E-13
9363.3  7.643323E-13
9366.2  7.560872E-13
9369.1  7.398358E-13
9372.  7.370927E-13
9374.9  7.371795E-13
9377.8  7.267880E-13
9380.7  7.189685E-13
9383.6  7.243695E-13
9386.5  7.369222E-13
9389.4  7.499631E-13
9392.3  7.585001E-13
9395.2  7.584979E-13
9398.1  7.473421E-13
9401.  7.312770E-13
9403.9  7.227113E-13
9406.8  7.204710E-13
9409.7  7.173752E-13
9412.6  7.178858E-13
9415.5  7.268540E-13
9418.4  7.339458E-13
9421.3  7.310361E-13
9424.2  7.239116E-13
9427.1  7.205105E-13
9430.  7.333425E-13
9432.9  7.541772E-13
9435.8  7.448324E-13
9438.7  7.134475E-13
9441.6  7.052386E-13
9444.5  7.224446E-13
9447.4  7.456792E-13
9450.3  7.569578E-13
9453.2  7.430786E-13
9456.1  7.240939E-13
9459.  7.206163E-13
9461.9  7.261966E-13
9464.8  7.332389E-13
9467.7  7.390208E-13
9470.6  7.405371E-13
9473.5  7.349833E-13
9476.4  7.262599E-13
9479.3  7.234176E-13
9482.2  7.310990E-13
9485.1  7.504274E-13
9488.  7.623609E-13
9490.9  7.458008E-13
9493.8  7.161969E-13
9496.7  6.951646E-13
9499.6  6.929972E-13
9502.5  7.109865E-13
9505.4  7.318046E-13
9508.3  7.414951E-13
9511.2  7.357479E-13
9514.1  7.168015E-13
9517.  6.935820E-13
9519.9  6.764325E-13
9522.8  6.750116E-13
9525.7  6.837802E-13
9528.6  6.908142E-13
9531.5  6.912300E-13
9534.4  6.829496E-13
9537.3  6.658339E-13
9540.2  6.435768E-13
9543.1  6.276001E-13
9546.  6.245541E-13
9548.9  6.310179E-13
9551.8  6.422830E-13
9554.7  6.528253E-13
9557.6  6.602381E-13
9560.5  6.650112E-13
9563.4  6.697032E-13
9566.3  6.775030E-13
9569.2  6.887309E-13
9572.1  7.019304E-13
9575.  7.114978E-13
9577.9  7.133260E-13
9580.8  7.108405E-13
9583.7  7.069764E-13
9586.6  7.010005E-13
9589.5  6.953768E-13
9592.4  6.971251E-13
9595.3  7.034648E-13
9598.2  7.037021E-13
9601.1  7.001308E-13
9604.  7.009663E-13
9606.9  7.054883E-13
9609.8  7.100859E-13
9612.7  7.094696E-13
9615.6  7.006952E-13
9618.5  6.900665E-13
9621.4  6.842162E-13
9624.3  6.883454E-13
9627.2  7.002698E-13
9630.1  7.068746E-13
9633.  7.044508E-13
9635.9  6.983476E-13
9638.8  6.936665E-13
9641.7  6.951350E-13
9644.6  7.004819E-13
9647.5  7.047863E-13
9650.4  7.062509E-13
9653.3  7.041477E-13
9656.2  6.980512E-13
9659.1  6.899424E-13
9662.  6.872554E-13
9664.9  6.928623E-13
9667.8  7.017542E-13
9670.7  7.089645E-13
9673.6  7.099577E-13
9676.5  7.054920E-13
9679.4  7.000453E-13
9682.3  6.970611E-13
9685.2  6.988494E-13
9688.1  7.032732E-13
9691.  7.069328E-13
9693.9  7.063020E-13
9696.8  7.007271E-13
9699.7  6.984252E-13
9702.6  7.026608E-13
9705.5  7.056377E-13
9708.4  7.049243E-13
9711.3  7.048037E-13
9714.2  7.055744E-13
9717.1  7.049661E-13
9720.  7.032287E-13
9722.9  7.015312E-13
9725.8  6.992797E-13
9728.7  6.957637E-13
9731.6  6.917316E-13
9734.5  6.882757E-13
9737.4  6.870495E-13
9740.3  6.882801E-13
9743.2  6.889263E-13
9746.1  6.884176E-13
9749.  6.900113E-13
9751.9  6.925179E-13
9754.8  6.912431E-13
9757.7  6.881311E-13
9760.6  6.880343E-13
9763.5  6.910333E-13
9766.4  6.953766E-13
9769.3  6.971602E-13
9772.2  6.937995E-13
9775.1  6.897277E-13
9778.  6.880099E-13
9780.9  6.861975E-13
9783.8  6.833522E-13
9786.7  6.809893E-13
9789.6  6.796222E-13
9792.5  6.790815E-13
9795.4  6.780802E-13
9798.3  6.748439E-13
9801.2  6.717695E-13
9804.1  6.721453E-13
9807.  6.747753E-13
9809.9  6.774622E-13
9812.8  6.780211E-13
9815.7  6.758231E-13
9818.6  6.745704E-13
9821.5  6.758603E-13
9824.4  6.770363E-13
9827.3  6.773338E-13
9830.2  6.781072E-13
9833.1  6.782549E-13
9836.  6.754166E-13
9838.9  6.712524E-13
9841.8  6.687747E-13
9844.7  6.684886E-13
9847.6  6.699798E-13
9850.5  6.719193E-13
9853.4  6.730833E-13
9856.3  6.735744E-13
9859.2  6.731213E-13
9862.1  6.702897E-13
9865.  6.660275E-13
9867.9  6.639028E-13
9870.8  6.649445E-13
9873.7  6.682636E-13
9876.6  6.707509E-13
9879.5  6.687878E-13
9882.4  6.637221E-13
9885.3  6.584307E-13
9888.2  6.556448E-13
9891.1  6.565131E-13
9894.  6.567951E-13
9896.9  6.540491E-13
9899.8  6.509132E-13
9902.7  6.491155E-13
9905.6  6.489172E-13
9908.5  6.505152E-13
9911.4  6.538553E-13
9914.3  6.578475E-13
9917.2  6.609903E-13
9920.1  6.631017E-13
9923.  6.644756E-13
9925.9  6.655434E-13
9928.8  6.664102E-13
9931.7  6.653275E-13
9934.6  6.617913E-13
9937.5  6.587186E-13
9940.4  6.573250E-13
9943.3  6.559147E-13
9946.2  6.544269E-13
9949.1  6.542126E-13
9952.  6.551835E-13
9954.9  6.564844E-13
9957.8  6.570253E-13
9960.7  6.558832E-13
9963.6  6.538841E-13
9966.5  6.521214E-13
9969.4  6.510019E-13
9972.3  6.503500E-13
9975.2  6.484621E-13
9978.1  6.452418E-13
9981.  6.433064E-13
9983.9  6.441454E-13
9986.8  6.482075E-13
9989.7  6.519727E-13
9992.6  6.496569E-13
9995.5  6.431653E-13
9998.4  6.373474E-13
10001.3  6.320235E-13
10004.2  6.263974E-13
10007.1  6.233471E-13
10010.  6.240017E-13
10012.9  6.230328E-13
10015.8  6.183007E-13
10018.7  6.145680E-13
10021.6  6.138880E-13
10024.5  6.151121E-13
10027.4  6.160749E-13
10030.3  6.137983E-13
10033.2  6.098121E-13
10036.1  6.074872E-13
10039.  6.060305E-13
10041.9  6.037456E-13
10044.8  5.998467E-13
10047.7  5.946897E-13
10050.6  5.922489E-13
10053.5  5.942965E-13
10056.4  5.974731E-13
10059.3  5.990180E-13
10062.2  5.971000E-13
10065.1  5.932294E-13
10068.  5.918631E-13
10070.9  5.917284E-13
10073.8  5.889497E-13
10076.7  5.857291E-13
10079.6  5.855287E-13
10082.5  5.876735E-13
10085.4  5.908420E-13
10088.3  5.946980E-13
10091.2  5.985303E-13
10094.1  6.005926E-13
10097.  6.010470E-13
10099.9  6.027675E-13
10102.8  6.068882E-13
10105.7  6.130708E-13
10108.6  6.177049E-13
10111.5  6.157825E-13
10114.4  6.111243E-13
10117.3  6.100587E-13
10120.2  6.124817E-13
10123.1  6.166236E-13
10126.  6.199301E-13
10128.9  6.210077E-13
10131.8  6.227272E-13
10134.7  6.256449E-13
10137.6  6.255142E-13
10140.5  6.230391E-13
10143.4  6.241392E-13
10146.3  6.276220E-13
10149.2  6.281684E-13
10152.1  6.239260E-13
10155.  6.151127E-13
10157.9  6.095244E-13
10160.8  6.139043E-13
10163.7  6.197257E-13
10166.6  6.197186E-13
10169.5  6.177415E-13
10172.4  6.168760E-13
10175.3  6.177744E-13
10178.2  6.189559E-13
10181.1  6.159278E-13
10184.  6.102225E-13
10186.9  6.076541E-13
10189.8  6.082444E-13
10192.7  6.093882E-13
10195.6  6.103533E-13
10198.5  6.106998E-13
10201.4  6.082066E-13
10204.3  6.024888E-13
10207.2  5.999406E-13
10210.1  6.037224E-13
10213.  6.093564E-13
10215.9  6.124641E-13
10218.8  6.086899E-13
10221.7  6.019456E-13
10224.6  6.030112E-13
10227.5  6.090749E-13
10230.4  6.108029E-13
10233.3  6.087574E-13
10236.2  6.061944E-13
10239.1  6.016379E-13
10242.  5.947914E-13
10244.9  5.927109E-13
10247.8  5.985518E-13
10250.7  6.050089E-13
10253.6  6.074366E-13
10256.5  6.054897E-13
10259.4  6.029643E-13
10262.3  6.080233E-13
10265.2  6.148314E-13
10268.1  6.103394E-13
10271.  6.000735E-13
10273.9  5.950226E-13
10276.8  5.940763E-13
10279.7  5.944818E-13
10282.6  5.994340E-13
10285.5  6.085908E-13
10288.4  6.107088E-13
10291.3  6.029348E-13
10294.2  5.980662E-13
10297.1  5.977116E-13
10300.  5.914291E-13
10302.9  5.799271E-13
10305.8  5.706413E-13
10308.7  5.645604E-13
10311.6  5.603992E-13
10314.5  5.608538E-13
10317.4  5.677006E-13
10320.3  5.752301E-13
10323.2  5.786487E-13
10326.1  5.788320E-13
10329.  5.782616E-13
10331.9  5.819490E-13
10334.8  5.889758E-13
10337.7  5.914397E-13
10340.6  5.869060E-13
10343.5  5.765521E-13
10346.4  5.717985E-13
10349.3  5.862796E-13
10352.2  6.012993E-13
10355.1  5.950929E-13
10358.  5.824504E-13
10360.9  5.796601E-13
10363.8  5.876185E-13
10366.7  6.015699E-13
10369.6  6.069980E-13
10372.5  5.988948E-13
10375.4  5.858427E-13
10378.3  5.757617E-13
10381.2  5.759387E-13
10384.1  5.817033E-13
10387.  5.822301E-13
10389.9  5.809883E-13
10392.8  5.841601E-13
10395.7  5.803360E-13
10398.6  5.624646E-13
10401.5  5.536629E-13
10404.4  5.650854E-13
10407.3  5.707671E-13
10410.2  5.626760E-13
10413.1  5.637627E-13
10416.  5.716242E-13
10418.9  5.607289E-13
10421.8  5.406426E-13
10424.7  5.386647E-13
10427.6  5.511879E-13
10430.5  5.641120E-13
10433.4  5.709597E-13
10436.3  5.681147E-13
10439.2  5.551494E-13
10442.1  5.386005E-13
10445.  5.427677E-13
10447.9  5.695861E-13
10450.8  5.808343E-13
10453.7  5.684143E-13
10456.6  5.566781E-13
10459.5  5.534402E-13
10462.4  5.566269E-13
10465.3  5.602128E-13
10468.2  5.568278E-13
10471.1  5.527317E-13
10474.  5.549912E-13
10476.9  5.537651E-13
10479.8  5.439823E-13
10482.7  5.423485E-13
10485.6  5.558156E-13
10488.5  5.708592E-13
10491.4  5.789122E-13
10494.3  5.774891E-13
10497.2  5.709749E-13
10500.1  5.689763E-13
10503.  5.713923E-13
10505.9  5.735307E-13
10508.8  5.701152E-13
10511.7  5.578973E-13
10514.6  5.432458E-13
10517.5  5.350530E-13
10520.4  5.455721E-13
10523.3  5.759574E-13
10526.2  6.059100E-13
10529.1  6.185900E-13
10532.  6.031113E-13
10534.9  5.691751E-13
10537.8  5.437610E-13
10540.7  5.318506E-13
10543.6  5.263013E-13
10546.5  5.298295E-13
10549.4  5.448256E-13
10552.3  5.550571E-13
10555.2  5.487405E-13
10558.1  5.464313E-13
10561.  5.579681E-13
10563.9  5.568012E-13
10566.8  5.389963E-13
10569.7  5.359807E-13
10572.6  5.552357E-13
10575.5  5.835179E-13
10578.4  5.991583E-13
10581.3  5.778296E-13
10584.2  5.419367E-13
10587.1  5.270405E-13
10590.  5.284367E-13
10592.9  5.338185E-13
10595.8  5.394621E-13
10598.7  5.430543E-13
10601.6  5.476729E-13
10604.5  5.515434E-13
10607.4  5.421085E-13
10610.3  5.246991E-13
10613.2  5.240422E-13
10616.1  5.351290E-13
10619.  5.339768E-13
10621.9  5.326509E-13
10624.8  5.528918E-13
10627.7  5.684915E-13
10630.6  5.518496E-13
10633.5  5.220029E-13
10636.4  5.023078E-13
10639.3  5.107728E-13
10642.2  5.444775E-13
10645.1  5.596874E-13
10648.  5.469199E-13
10650.9  5.406538E-13
10653.8  5.429792E-13
10656.7  5.340589E-13
10659.6  5.146053E-13
10662.5  4.936847E-13
10665.4  4.773161E-13
10668.3  4.697762E-13
10671.2  4.679867E-13
10674.1  4.688534E-13
10677.  4.760961E-13
10679.9  4.901380E-13
10682.8  5.040266E-13
10685.7  5.136548E-13
10688.6  5.190798E-13
10691.5  5.217854E-13
10694.4  5.242750E-13
10697.3  5.302406E-13
10700.2  5.429164E-13
10703.1  5.557272E-13
10706.  5.603956E-13
10708.9  5.525041E-13
10711.8  5.352598E-13
10714.7  5.416642E-13
10717.6  5.815732E-13
10720.5  6.012348E-13
10723.4  5.817214E-13
10726.3  5.609907E-13
10729.2  5.544340E-13
10732.1  5.579307E-13
10735.  5.579105E-13
10737.9  5.353268E-13
10740.8  5.088352E-13
10743.7  5.057896E-13
10746.6  5.082017E-13
10749.5  4.950075E-13
10752.4  4.717148E-13
10755.3  4.514990E-13
10758.2  4.624354E-13
10761.1  5.062156E-13
10764.  5.392922E-13
10766.9  5.426463E-13
10769.8  5.208922E-13
10772.7  5.109076E-13
10775.6  5.685068E-13
10778.5  6.291160E-13
10781.4  5.945754E-13
10784.3  5.185175E-13
10787.2  4.786862E-13
10790.1  4.724301E-13
10793.  4.872564E-13
10795.9  5.103516E-13
10798.8  5.401131E-13
10801.7  6.093136E-13
10804.6  6.909607E-13
10807.5  6.881912E-13
10810.4  6.018889E-13
10813.3  4.999788E-13
10816.2  4.637958E-13
10819.1  5.642257E-13
10822.  6.627551E-13
10824.9  6.045207E-13
10827.8  5.062123E-13
10830.7  4.881066E-13
10833.6  5.222820E-13
10836.5  5.682194E-13
10839.4  5.829268E-13
10842.3  5.478527E-13
10845.2  4.749967E-13
10848.1  4.364866E-13
10851.  5.495542E-13
10853.9  7.381988E-13
10856.8  8.353099E-13
10859.7  8.381520E-13
10862.6  7.969709E-13
10865.5  7.213839E-13
10868.4  6.296092E-13
10871.3  5.977818E-13
10874.2  6.365009E-13
10877.1  5.732003E-13
10880.  4.041036E-13
10882.9  4.018384E-13
10885.8  5.705468E-13
10888.7  6.673838E-13
10891.6  6.554074E-13
10894.5  6.106675E-13
10897.4  5.745843E-13
10900.3  5.747441E-13
10903.2  5.706113E-13
10906.1  5.202960E-13
10909.  4.486115E-13
10911.9  3.897230E-13
10914.8  3.864121E-13
10917.7  4.330951E-13
10920.6  4.420907E-13
10923.5  3.873703E-13
10926.4  3.011357E-13
10929.3  2.728904E-13
10932.2  4.242393E-13
10935.1  5.745753E-13
10938.  4.637249E-13
10940.9  2.769648E-13
10943.8  2.515405E-13
10946.7  2.971625E-13
10949.6  3.163771E-13
10952.5  3.312057E-13
10955.4  3.515595E-13
10958.3  3.631650E-13
10961.2  3.611882E-13
10964.1  3.475355E-13
10967.  3.359350E-13
10969.9  3.481882E-13
10972.8  3.671156E-13
10975.7  3.608920E-13
10978.6  3.425925E-13
10981.5  3.340569E-13
10984.4  3.261978E-13
10987.3  3.137150E-13
10990.2  3.252787E-13
10993.1  3.644506E-13
10996.  3.753267E-13
10998.9  3.460362E-13
