3050.  4.623455E-13
3052.9  4.590171E-13
3055.8  4.683350E-13
3058.7  4.531316E-13
3061.6  4.554346E-13
3064.5  4.536807E-13
3067.4  4.537619E-13
3070.3  4.576652E-13
3073.2  4.974708E-13
3076.1  4.873304E-13
3079.  4.638891E-13
3081.9  4.781518E-13
3084.8  4.798711E-13
3087.7  5.116999E-13
3090.6  4.752557E-13
3093.5  4.650115E-13
3096.4  4.394281E-13
3099.3  4.566733E-13
3102.2  4.773218E-13
3105.1  4.896597E-13
3108.  4.970782E-13
3110.9  4.839610E-13
3113.8  4.864466E-13
3116.7  4.568353E-13
3119.6  4.400387E-13
3122.5  4.546841E-13
3125.4  4.554132E-13
3128.3  4.408704E-13
3131.2  4.629065E-13
3134.1  4.883633E-13
3137.  4.859671E-13
3139.9  4.850331E-13
3142.8  4.981727E-13
3145.7  4.707180E-13
3148.6  4.767804E-13
3151.5  4.643694E-13
3154.4  4.461998E-13
3157.3  4.431688E-13
3160.2  4.532413E-13
3163.1  4.671494E-13
3166.  4.874557E-13
3168.9  4.938289E-13
3171.8  4.809073E-13
3174.7  4.543079E-13
3177.6  4.330126E-13
3180.5  4.316584E-13
3183.4  4.354607E-13
3186.3  4.463526E-13
3189.2  4.485922E-13
3192.1  4.498082E-13
3195.  4.683038E-13
3197.9  4.835317E-13
3200.8  4.850978E-13
3203.7  4.643848E-13
3206.6  4.373028E-13
3209.5  4.307063E-13
3212.4  4.343557E-13
3215.3  4.378877E-13
3218.2  4.433428E-13
3221.1  4.344711E-13
3224.  4.091269E-13
3226.9  4.032510E-13
3229.8  4.171109E-13
3232.7  4.277582E-13
3235.6  4.308071E-13
3238.5  4.493602E-13
3241.4  4.507555E-13
3244.3  4.637797E-13
3247.2  4.718748E-13
3250.1  4.748632E-13
3253.  4.877154E-13
3255.9  4.941256E-13
3258.8  5.032684E-13
3261.7  4.965387E-13
3264.6  4.833128E-13
3267.5  4.662681E-13
3270.4  4.489076E-13
3273.3  4.521587E-13
3276.2  4.590438E-13
3279.1  4.812921E-13
3282.  4.811320E-13
3284.9  4.928521E-13
3287.8  5.151296E-13
3290.7  5.320799E-13
3293.6  5.256156E-13
3296.5  5.121780E-13
3299.4  5.095302E-13
3302.3  5.007422E-13
3305.2  5.030707E-13
3308.1  4.978475E-13
3311.  5.091145E-13
3313.9  5.057665E-13
3316.8  4.922179E-13
3319.7  4.890484E-13
3322.6  4.926315E-13
3325.5  4.955372E-13
3328.4  4.901902E-13
3331.3  4.807104E-13
3334.2  4.780181E-13
3337.1  4.850187E-13
3340.  4.950400E-13
3342.9  5.046513E-13
3345.8  4.939966E-13
3348.7  4.963448E-13
3351.6  4.891721E-13
3354.5  4.887658E-13
3357.4  4.783535E-13
3360.3  4.720441E-13
3363.2  4.719049E-13
3366.1  4.751631E-13
3369.  4.754577E-13
3371.9  4.806192E-13
3374.8  4.846826E-13
3377.7  4.839364E-13
3380.6  4.938250E-13
3383.5  4.857755E-13
3386.4  4.817037E-13
3389.3  4.870226E-13
3392.2  4.942850E-13
3395.1  5.020796E-13
3398.  4.868419E-13
3400.9  4.783491E-13
3403.8  4.815263E-13
3406.7  4.907389E-13
3409.6  4.943329E-13
3412.5  5.033232E-13
3415.4  5.194461E-13
3418.3  5.045633E-13
3421.2  5.013619E-13
3424.1  5.175473E-13
3427.  5.096725E-13
3429.9  5.076138E-13
3432.8  4.855071E-13
3435.7  4.750617E-13
3438.6  4.775951E-13
3441.5  4.850666E-13
3444.4  4.991945E-13
3447.3  4.951497E-13
3450.2  4.866454E-13
3453.1  4.844594E-13
3456.  4.807574E-13
3458.9  4.866224E-13
3461.8  4.992190E-13
3464.7  5.012286E-13
3467.6  4.878459E-13
3470.5  4.737651E-13
3473.4  4.816098E-13
3476.3  4.865665E-13
3479.2  4.859935E-13
3482.1  4.947650E-13
3485.  4.910389E-13
3487.9  4.750129E-13
3490.8  4.684522E-13
3493.7  4.727654E-13
3496.6  4.841840E-13
3499.5  4.970929E-13
3502.4  5.106835E-13
3505.3  5.111523E-13
3508.2  5.076158E-13
3511.1  5.147986E-13
3514.  5.065111E-13
3516.9  5.031018E-13
3519.8  4.961877E-13
3522.7  4.899459E-13
3525.6  5.044174E-13
3528.5  5.253666E-13
3531.4  5.405756E-13
3534.3  5.546690E-13
3537.2  5.569305E-13
3540.1  5.491170E-13
3543.  5.519478E-13
3545.9  5.521937E-13
3548.8  5.502760E-13
3551.7  5.481512E-13
3554.6  5.503721E-13
3557.5  5.433527E-13
3560.4  5.328207E-13
3563.3  5.173415E-13
3566.2  5.121789E-13
3569.1  5.111357E-13
3572.  5.178324E-13
3574.9  5.116547E-13
3577.8  5.015008E-13
3580.7  4.867632E-13
3583.6  4.858556E-13
3586.5  5.119229E-13
3589.4  5.334088E-13
3592.3  5.451352E-13
3595.2  5.413449E-13
3598.1  5.178341E-13
3601.  5.094234E-13
3603.9  5.084047E-13
3606.8  4.985615E-13
3609.7  5.029732E-13
3612.6  5.176284E-13
3615.5  5.192015E-13
3618.4  5.319192E-13
3621.3  5.557626E-13
3624.2  5.699424E-13
3627.1  5.473596E-13
3630.  5.289872E-13
3632.9  5.522764E-13
3635.8  5.668006E-13
3638.7  5.642569E-13
3641.6  5.525377E-13
3644.5  5.510100E-13
3647.4  5.634470E-13
3650.3  5.888608E-13
3653.2  6.086549E-13
3656.1  6.011477E-13
3659.  5.908360E-13
3661.9  5.823397E-13
3664.8  5.732755E-13
3667.7  5.719535E-13
3670.6  5.721233E-13
3673.5  5.632361E-13
3676.4  5.570872E-13
3679.3  5.599100E-13
3682.2  5.519114E-13
3685.1  5.603956E-13
3688.  5.639829E-13
3690.9  5.675701E-13
3693.8  5.711578E-13
3696.7  5.747450E-13
3699.6  5.808445E-13
3702.5  5.685725E-13
3705.4  5.794780E-13
3708.3  5.936758E-13
3711.2  6.220059E-13
3714.1  6.385024E-13
3717.  6.322468E-13
3719.9  6.188015E-13
3722.8  6.285524E-13
3725.7  6.351543E-13
3728.6  6.088238E-13
3731.5  5.843059E-13
3734.4  6.039710E-13
3737.3  6.379482E-13
3740.2  6.401357E-13
3743.1  5.983045E-13
3746.  5.676789E-13
3748.9  6.014689E-13
3751.8  6.692807E-13
3754.7  6.971662E-13
3757.6  6.904004E-13
3760.5  6.723957E-13
3763.4  6.373807E-13
3766.3  6.075792E-13
3769.2  6.261766E-13
3772.1  7.020551E-13
3775.  7.899503E-13
3777.9  8.432479E-13
3780.8  8.423980E-13
3783.7  7.981028E-13
3786.6  7.377601E-13
3789.5  6.763579E-13
3792.4  6.113323E-13
3795.3  5.949946E-13
3798.2  6.640654E-13
3801.1  7.640114E-13
3804.  8.267116E-13
3806.9  8.579119E-13
3809.8  8.612422E-13
3812.7  8.439782E-13
3815.6  8.373672E-13
3818.5  8.173708E-13
3821.4  7.703447E-13
3824.3  6.949535E-13
3827.2  6.293839E-13
3830.1  5.693577E-13
3833.  5.455667E-13
3835.9  6.104111E-13
3838.8  7.141124E-13
3841.7  8.206450E-13
3844.6  8.870931E-13
3847.5  9.468444E-13
3850.4  9.736134E-13
3853.3  9.910395E-13
3856.2  1.011447E-12
3859.1  1.036200E-12
3862.  1.057168E-12
3864.9  1.046316E-12
3867.8  9.974504E-13
3870.7  9.520880E-13
3873.6  9.212084E-13
3876.5  8.621552E-13
3879.4  7.833260E-13
3882.3  6.902685E-13
3885.2  6.207611E-13
3888.1  6.429924E-13
3891.  7.259631E-13
3893.9  8.033187E-13
3896.8  8.780924E-13
3899.7  9.365717E-13
3902.6  9.699414E-13
3905.5  1.009980E-12
3908.4  1.064396E-12
3911.3  1.083364E-12
3914.2  1.069303E-12
3917.1  1.075376E-12
3920.  1.082253E-12
3922.9  1.021587E-12
3925.8  8.725949E-13
3928.7  7.246195E-13
3931.6  6.988186E-13
3934.5  8.294125E-13
3937.4  9.716297E-13
3940.3  1.033228E-12
3943.2  1.050327E-12
3946.1  1.046583E-12
3949.  1.026281E-12
3951.9  1.009518E-12
3954.8  9.739131E-13
3957.7  8.979315E-13
3960.6  7.721707E-13
3963.5  6.268791E-13
3966.4  5.566387E-13
3969.3  6.285840E-13
3972.2  7.851833E-13
3975.1  9.212362E-13
3978.  1.002418E-12
3980.9  1.053860E-12
3983.8  1.100745E-12
3986.7  1.122257E-12
3989.6  1.138010E-12
3992.5  1.151182E-12
3995.4  1.149516E-12
3998.3  1.163319E-12
4001.2  1.182545E-12
4004.1  1.193854E-12
4007.  1.223270E-12
4009.9  1.241959E-12
4012.8  1.245252E-12
4015.7  1.254625E-12
4018.6  1.263812E-12
4021.5  1.252773E-12
4024.4  1.232729E-12
4027.3  1.188419E-12
4030.2  1.170505E-12
4033.1  1.202914E-12
4036.  1.219331E-12
4038.9  1.199523E-12
4041.8  1.186866E-12
4044.7  1.188367E-12
4047.6  1.185150E-12
4050.5  1.174578E-12
4053.4  1.149853E-12
4056.3  1.135058E-12
4059.2  1.122363E-12
4062.1  1.090169E-12
4065.  1.086131E-12
4067.9  1.065941E-12
4070.8  1.031230E-12
4073.7  1.001567E-12
4076.6  9.949110E-13
4079.5  1.013830E-12
4082.4  9.973758E-13
4085.3  9.623036E-13
4088.2  9.271208E-13
4091.1  8.646460E-13
4094.  7.638199E-13
4096.9  6.881355E-13
4099.8  6.766715E-13
4102.7  7.656421E-13
4105.6  8.712027E-13
4108.5  9.420493E-13
4111.4  9.925817E-13
4114.3  1.016207E-12
4117.2  1.019532E-12
4120.1  1.037776E-12
4123.  1.046519E-12
4125.9  1.049075E-12
4128.8  1.058275E-12
4131.7  1.096387E-12
4134.6  1.161678E-12
4137.5  1.189862E-12
4140.4  1.167340E-12
4143.3  1.145077E-12
4146.2  1.147163E-12
4149.1  1.137242E-12
4152.  1.127573E-12
4154.9  1.142828E-12
4157.8  1.165867E-12
4160.7  1.188038E-12
4163.6  1.193279E-12
4166.5  1.162430E-12
4169.4  1.104718E-12
4172.3  1.079760E-12
4175.2  1.088653E-12
4178.1  1.100047E-12
4181.  1.117410E-12
4183.9  1.133714E-12
4186.8  1.149923E-12
4189.7  1.171417E-12
4192.6  1.166419E-12
4195.5  1.137374E-12
4198.4  1.133335E-12
4201.3  1.149478E-12
4204.2  1.177770E-12
4207.1  1.200249E-12
4210.  1.199419E-12
4212.9  1.188353E-12
4215.8  1.180094E-12
4218.7  1.164750E-12
4221.6  1.126584E-12
4224.5  1.124834E-12
4227.4  1.155423E-12
4230.3  1.150041E-12
4233.2  1.140626E-12
4236.1  1.160808E-12
4239.  1.190522E-12
4241.9  1.196196E-12
4244.8  1.187145E-12
4247.7  1.195805E-12
4250.6  1.205117E-12
4253.5  1.201465E-12
4256.4  1.189785E-12
4259.3  1.197055E-12
4262.2  1.210682E-12
4265.1  1.197889E-12
4268.  1.155051E-12
4270.9  1.132740E-12
4273.8  1.171713E-12
4276.7  1.196338E-12
4279.6  1.178444E-12
4282.5  1.149808E-12
4285.4  1.131467E-12
4288.3  1.130481E-12
4291.2  1.139474E-12
4294.1  1.115456E-12
4297.  1.050401E-12
4299.9  1.034721E-12
4302.8  1.063655E-12
4305.7  1.081978E-12
4308.6  1.098948E-12
4311.5  1.104462E-12
4314.4  1.106847E-12
4317.3  1.101559E-12
4320.2  1.071214E-12
4323.1  1.027671E-12
4326.  9.801803E-13
4328.9  9.178583E-13
4331.8  8.336324E-13
4334.7  7.289427E-13
4337.6  6.685052E-13
4340.5  7.234054E-13
4343.4  8.286902E-13
4346.3  9.159903E-13
4349.2  9.725675E-13
4352.1  1.030041E-12
4355.  1.091948E-12
4357.9  1.122696E-12
4360.8  1.160248E-12
4363.7  1.172485E-12
4366.6  1.161784E-12
4369.5  1.153308E-12
4372.4  1.151803E-12
4375.3  1.153380E-12
4378.2  1.131356E-12
4381.1  1.093145E-12
4384.  1.099738E-12
4386.9  1.126366E-12
4389.8  1.118103E-12
4392.7  1.118022E-12
4395.6  1.122831E-12
4398.5  1.113717E-12
4401.4  1.106636E-12
4404.3  1.122433E-12
4407.2  1.140558E-12
4410.1  1.146810E-12
4413.  1.126199E-12
4415.9  1.117589E-12
4418.8  1.128167E-12
4421.7  1.135641E-12
4424.6  1.130791E-12
4427.5  1.116813E-12
4430.4  1.125724E-12
4433.3  1.146926E-12
4436.2  1.150894E-12
4439.1  1.129660E-12
4442.  1.121647E-12
4444.9  1.140909E-12
4447.8  1.133912E-12
4450.7  1.104324E-12
4453.6  1.084001E-12
4456.5  1.068412E-12
4459.4  1.068574E-12
4462.3  1.090466E-12
4465.2  1.128052E-12
4468.1  1.195537E-12
4471.  1.248463E-12
4473.9  1.233040E-12
4476.8  1.163359E-12
4479.7  1.128050E-12
4482.6  1.136130E-12
4485.5  1.139541E-12
4488.4  1.134873E-12
4491.3  1.147768E-12
4494.2  1.166090E-12
4497.1  1.174537E-12
4500.  1.183098E-12
4502.9  1.201367E-12
4505.8  1.212881E-12
4508.7  1.205874E-12
4511.6  1.183672E-12
4514.5  1.161147E-12
4517.4  1.143254E-12
4520.3  1.132487E-12
4523.2  1.115435E-12
4526.1  1.103791E-12
4529.  1.099747E-12
4531.9  1.106636E-12
4534.8  1.139432E-12
4537.7  1.154688E-12
4540.6  1.158584E-12
4543.5  1.130796E-12
4546.4  1.093955E-12
4549.3  1.086198E-12
4552.2  1.079736E-12
4555.1  1.093346E-12
4558.  1.121022E-12
4560.9  1.138375E-12
4563.8  1.148536E-12
4566.7  1.163435E-12
4569.6  1.178239E-12
4572.5  1.166184E-12
4575.4  1.137424E-12
4578.3  1.098991E-12
4581.2  1.080823E-12
4584.1  1.090724E-12
4587.  1.095100E-12
4589.9  1.099182E-12
4592.8  1.105710E-12
4595.7  1.124043E-12
4598.6  1.124351E-12
4601.5  1.129890E-12
4604.4  1.145949E-12
4607.3  1.165538E-12
4610.2  1.166538E-12
4613.1  1.152782E-12
4616.  1.144327E-12
4618.9  1.148010E-12
4621.8  1.156502E-12
4624.7  1.142920E-12
4627.6  1.126195E-12
4630.5  1.122520E-12
4633.4  1.124329E-12
4636.3  1.133564E-12
4639.2  1.141031E-12
4642.1  1.129855E-12
4645.  1.109058E-12
4647.9  1.102401E-12
4650.8  1.110719E-12
4653.7  1.121430E-12
4656.6  1.125811E-12
4659.5  1.103945E-12
4662.4  1.069465E-12
4665.3  1.074105E-12
4668.2  1.100652E-12
4671.1  1.123666E-12
4674.  1.126001E-12
4676.9  1.112635E-12
4679.8  1.110227E-12
4682.7  1.121061E-12
4685.6  1.135391E-12
4688.5  1.125071E-12
4691.4  1.128469E-12
4694.3  1.124328E-12
4697.2  1.098331E-12
4700.1  1.075532E-12
4703.  1.064010E-12
4705.9  1.067972E-12
4708.8  1.073861E-12
4711.7  1.089784E-12
4714.6  1.112782E-12
4717.5  1.125321E-12
4720.4  1.122101E-12
4723.3  1.116726E-12
4726.2  1.098212E-12
4729.1  1.085585E-12
4732.  1.092932E-12
4734.9  1.101392E-12
4737.8  1.106713E-12
4740.7  1.113596E-12
4743.6  1.110759E-12
4746.5  1.096309E-12
4749.4  1.077326E-12
4752.3  1.072145E-12
4755.2  1.088042E-12
4758.1  1.094326E-12
4761.  1.080960E-12
4763.9  1.081891E-12
4766.8  1.091758E-12
4769.7  1.103051E-12
4772.6  1.112913E-12
4775.5  1.112815E-12
4778.4  1.100777E-12
4781.3  1.089028E-12
4784.2  1.073609E-12
4787.1  1.071168E-12
4790.  1.089804E-12
4792.9  1.100982E-12
4795.8  1.086716E-12
4798.7  1.072362E-12
4801.6  1.067993E-12
4804.5  1.071022E-12
4807.4  1.073755E-12
4810.3  1.067430E-12
4813.2  1.060567E-12
4816.1  1.054640E-12
4819.  1.047259E-12
4821.9  1.026812E-12
4824.8  1.015157E-12
4827.7  1.022589E-12
4830.6  1.022989E-12
4833.5  1.013485E-12
4836.4  9.928344E-13
4839.3  9.746492E-13
4842.2  9.413963E-13
4845.1  8.761818E-13
4848.  8.198425E-13
4850.9  7.772266E-13
4853.8  7.050957E-13
4856.7  6.199531E-13
4859.6  5.811768E-13
4862.5  6.352440E-13
4865.4  7.270395E-13
4868.3  7.896411E-13
4871.2  8.420076E-13
4874.1  8.849497E-13
4877.  9.090873E-13
4879.9  9.233870E-13
4882.8  9.287983E-13
4885.7  9.338998E-13
4888.6  9.481081E-13
4891.5  9.917390E-13
4894.4  1.033057E-12
4897.3  1.025826E-12
4900.2  1.012763E-12
4903.1  1.014351E-12
4906.  1.007970E-12
4908.9  9.993846E-13
4911.8  9.977127E-13
4914.7  9.746251E-13
4917.6  9.374434E-13
4920.5  9.357853E-13
4923.4  9.621052E-13
4926.3  9.991932E-13
4929.2  1.009162E-12
4932.1  9.834665E-13
4935.  9.725517E-13
4937.9  9.881719E-13
4940.8  1.015295E-12
4943.7  1.031237E-12
4946.6  1.030717E-12
4949.5  1.019992E-12
4952.4  1.002025E-12
4955.3  1.001621E-12
4958.2  1.022803E-12
4961.1  1.037046E-12
4964.  1.031215E-12
4966.9  1.017450E-12
4969.8  1.025414E-12
4972.7  1.034714E-12
4975.6  1.012235E-12
4978.5  9.708723E-13
4981.4  9.481117E-13
4984.3  9.673546E-13
4987.2  9.974962E-13
4990.1  1.010569E-12
4993.  1.007772E-12
4995.9  9.883138E-13
4998.8  9.585537E-13
5001.7  9.428697E-13
5004.6  9.454442E-13
5007.5  9.592325E-13
5010.4  9.575789E-13
5013.3  9.521343E-13
5016.2  9.563923E-13
5019.1  9.710587E-13
5022.  9.904863E-13
5024.9  1.001877E-12
5027.8  1.014516E-12
5030.7  1.022386E-12
5033.6  1.005136E-12
5036.5  9.844423E-13
5039.4  9.805244E-13
5042.3  9.901190E-13
5045.2  9.971775E-13
5048.1  1.000019E-12
5051.  1.015781E-12
5053.9  1.039840E-12
5056.8  1.047847E-12
5059.7  1.036049E-12
5062.6  1.003425E-12
5065.5  9.709006E-13
5068.4  9.628689E-13
5071.3  9.679523E-13
5074.2  9.571749E-13
5077.1  9.429538E-13
5080.  9.497454E-13
5082.9  9.749018E-13
5085.8  9.926639E-13
5088.7  1.001823E-12
5091.6  9.969131E-13
5094.5  9.759295E-13
5097.4  9.662843E-13
5100.3  9.760413E-13
5103.2  9.888502E-13
5106.1  9.859072E-13
5109.  9.817227E-13
5111.9  9.823312E-13
5114.8  9.874956E-13
5117.7  9.834031E-13
5120.6  9.530519E-13
5123.5  9.402929E-13
5126.4  9.443334E-13
5129.3  9.486313E-13
5132.2  9.555900E-13
5135.1  9.498168E-13
5138.  9.384494E-13
5140.9  9.419032E-13
5143.8  9.473597E-13
5146.7  9.514696E-13
5149.6  9.588171E-13
5152.5  9.631240E-13
5155.4  9.778636E-13
5158.3  9.771486E-13
5161.2  9.342129E-13
5164.1  8.775349E-13
5167.  8.548510E-13
5169.9  8.851050E-13
5172.8  9.351170E-13
5175.7  9.617149E-13
5178.6  9.504038E-13
5181.5  9.237919E-13
5184.4  9.054826E-13
5187.3  9.027590E-13
5190.2  8.990934E-13
5193.1  8.977746E-13
5196.  8.989054E-13
5198.9  8.976916E-13
5201.8  8.950406E-13
5204.7  8.957740E-13
5207.6  9.142723E-13
5210.5  9.316946E-13
5213.4  9.327795E-13
5216.3  9.437333E-13
5219.2  9.529587E-13
5222.1  9.319796E-13
5225.  8.992540E-13
5227.9  8.972634E-13
5230.8  8.924588E-13
5233.7  8.992692E-13
5236.6  9.304963E-13
5239.5  9.475801E-13
5242.4  9.463931E-13
5245.3  9.515325E-13
5248.2  9.498617E-13
5251.1  9.488689E-13
5254.  9.508412E-13
5256.9  9.375034E-13
5259.8  9.039679E-13
5262.7  8.667086E-13
5265.6  8.493725E-13
5268.5  8.508265E-13
5271.4  8.661249E-13
5274.3  8.922597E-13
5277.2  9.129060E-13
5280.1  9.117243E-13
5283.  9.185341E-13
5285.9  9.441529E-13
5288.8  9.595802E-13
5291.7  9.530257E-13
5294.6  9.426256E-13
5297.5  9.374459E-13
5300.4  9.350367E-13
5303.3  9.428154E-13
5306.2  9.421646E-13
5309.1  9.429114E-13
5312.  9.326463E-13
5314.9  9.269149E-13
5317.8  9.341967E-13
5320.7  9.218263E-13
5323.6  8.874982E-13
5326.5  8.738690E-13
5329.4  8.923803E-13
5332.3  9.058561E-13
5335.2  8.959912E-13
5338.1  8.999452E-13
5341.  9.057694E-13
5343.9  9.063514E-13
5346.8  9.021072E-13
5349.7  9.051431E-13
5352.6  9.234373E-13
5355.5  9.327186E-13
5358.4  9.196090E-13
5361.3  9.038203E-13
5364.2  8.891162E-13
5367.1  8.919714E-13
5370.  9.020444E-13
5372.9  9.184630E-13
5375.8  9.224089E-13
5378.7  9.137938E-13
5381.6  9.103890E-13
5384.5  9.253375E-13
5387.4  9.167792E-13
5390.3  9.073986E-13
5393.2  8.959407E-13
5396.1  8.820139E-13
5399.  8.778711E-13
5401.9  8.693775E-13
5404.8  8.638707E-13
5407.7  8.890778E-13
5410.6  8.982520E-13
5413.5  8.975023E-13
5416.4  9.093314E-13
5419.3  9.087253E-13
5422.2  8.908804E-13
5425.1  8.808523E-13
5428.  8.845972E-13
5430.9  8.816974E-13
5433.8  8.959507E-13
5436.7  9.178962E-13
5439.6  9.192794E-13
5442.5  8.984726E-13
5445.4  8.861894E-13
5448.3  9.055521E-13
5451.2  9.116996E-13
5454.1  9.063075E-13
5457.  9.102038E-13
5459.9  9.030435E-13
5462.8  8.966594E-13
5465.7  8.970155E-13
5468.6  8.888401E-13
5471.5  8.633186E-13
5474.4  8.474319E-13
5477.3  8.622680E-13
5480.2  8.891610E-13
5483.1  9.038655E-13
5486.  9.117756E-13
5488.9  9.160796E-13
5491.8  9.171426E-13
5494.7  9.076430E-13
5497.6  8.902039E-13
5500.5  8.815919E-13
5503.4  8.803202E-13
5506.3  8.856731E-13
5509.2  8.976074E-13
5512.1  9.061976E-13
5515.  9.079692E-13
5517.9  9.020564E-13
5520.8  8.937031E-13
5523.7  8.833493E-13
5526.6  8.843080E-13
5529.5  8.859246E-13
5532.4  8.763526E-13
5535.3  8.757084E-13
5538.2  8.853188E-13
5541.1  8.889975E-13
5544.  8.854101E-13
5546.9  8.829992E-13
5549.8  8.814477E-13
5552.7  8.811334E-13
5555.6  8.807345E-13
5558.5  8.734324E-13
5561.4  8.669982E-13
5564.3  8.720408E-13
5567.2  8.630012E-13
5570.1  8.610044E-13
5573.  8.657110E-13
5575.9  8.732835E-13
5578.8  8.785422E-13
5581.7  8.705780E-13
5584.6  8.542579E-13
5587.5  8.339447E-13
5590.4  8.380172E-13
5593.3  8.434513E-13
5596.2  8.406507E-13
5599.1  8.467058E-13
5602.  8.647836E-13
5604.9  8.864290E-13
5607.8  8.959379E-13
5610.7  8.834625E-13
5613.6  8.605357E-13
5616.5  8.547075E-13
5619.4  8.616409E-13
5622.3  8.636949E-13
5625.2  8.656008E-13
5628.1  8.767781E-13
5631.  8.787617E-13
5633.9  8.702700E-13
5636.8  8.609062E-13
5639.7  8.595452E-13
5642.6  8.674721E-13
5645.5  8.635713E-13
5648.4  8.507881E-13
5651.3  8.432767E-13
5654.2  8.379584E-13
5657.1  8.290010E-13
5660.  8.284827E-13
5662.9  8.388009E-13
5665.8  8.573403E-13
5668.7  8.657473E-13
5671.6  8.589315E-13
5674.5  8.568131E-13
5677.4  8.560984E-13
5680.3  8.476695E-13
5683.2  8.389971E-13
5686.1  8.445465E-13
5689.  8.485906E-13
5691.9  8.498975E-13
5694.8  8.611696E-13
5697.7  8.687631E-13
5700.6  8.563255E-13
5703.5  8.420897E-13
5706.4  8.314429E-13
5709.3  8.304994E-13
5712.2  8.431657E-13
5715.1  8.535042E-13
5718.  8.627178E-13
5720.9  8.720350E-13
5723.8  8.770856E-13
5726.7  8.700636E-13
5729.6  8.618119E-13
5732.5  8.594410E-13
5735.4  8.533275E-13
5738.3  8.391962E-13
5741.2  8.419777E-13
5744.1  8.451583E-13
5747.  8.364723E-13
5749.9  8.292495E-13
5752.8  8.306807E-13
5755.7  8.379910E-13
5758.6  8.431548E-13
5761.5  8.453464E-13
5764.4  8.465634E-13
5767.3  8.449922E-13
5770.2  8.344676E-13
5773.1  8.232253E-13
5776.  8.179558E-13
5778.9  8.127748E-13
5781.8  8.170953E-13
5784.7  8.298664E-13
5787.6  8.373654E-13
5790.5  8.381096E-13
5793.4  8.368289E-13
5796.3  8.363886E-13
5799.2  8.388335E-13
5802.1  8.385471E-13
5805.  8.338508E-13
5807.9  8.300775E-13
5810.8  8.284495E-13
5813.7  8.308957E-13
5816.6  8.363761E-13
5819.5  8.348948E-13
5822.4  8.342599E-13
5825.3  8.371168E-13
5828.2  8.415071E-13
5831.1  8.472079E-13
5834.  8.477556E-13
5836.9  8.464906E-13
5839.8  8.442089E-13
5842.7  8.418030E-13
5845.6  8.353918E-13
5848.5  8.247972E-13
5851.4  8.141713E-13
5854.3  8.071081E-13
5857.2  8.031406E-13
5860.1  8.045914E-13
5863.  8.102207E-13
5865.9  8.155486E-13
5868.8  8.212691E-13
5871.7  8.314228E-13
5874.6  8.418034E-13
5877.5  8.381038E-13
5880.4  8.194377E-13
5883.3  7.977393E-13
5886.2  7.759618E-13
5889.1  7.648953E-13
5892.  7.660102E-13
5894.9  7.735079E-13
5897.8  7.876426E-13
5900.7  8.026561E-13
5903.6  8.076548E-13
5906.5  8.021948E-13
5909.4  8.013713E-13
5912.3  8.070290E-13
5915.2  8.098548E-13
5918.1  8.103958E-13
5921.  8.079291E-13
5923.9  8.024728E-13
5926.8  7.968812E-13
5929.7  7.951968E-13
5932.6  7.977391E-13
5935.5  8.016397E-13
5938.4  8.029444E-13
5941.3  7.988026E-13
5944.2  7.953387E-13
5947.1  7.929657E-13
5950.  7.914290E-13
5952.9  7.916835E-13
5955.8  7.924962E-13
5958.7  7.916510E-13
5961.6  7.920487E-13
5964.5  7.975522E-13
5967.4  8.020819E-13
5970.3  8.000616E-13
5973.2  7.932049E-13
5976.1  7.879803E-13
5979.  7.816151E-13
5981.9  7.769678E-13
5984.8  7.758583E-13
5987.7  7.783754E-13
5990.6  7.819551E-13
5993.5  7.845464E-13
5996.4  7.859881E-13
5999.3  7.851190E-13
6002.2  7.791085E-13
6005.1  7.740008E-13
6008.  7.725802E-13
6010.9  7.736081E-13
6013.8  7.725830E-13
6016.7  7.683320E-13
6019.6  7.660917E-13
6022.5  7.685479E-13
6025.4  7.741143E-13
6028.3  7.785205E-13
6031.2  7.767459E-13
6034.1  7.750434E-13
6037.  7.742410E-13
6039.9  7.690138E-13
6042.8  7.714410E-13
6045.7  7.742352E-13
6048.6  7.774133E-13
6051.5  7.783177E-13
6054.4  7.748447E-13
6057.3  7.720618E-13
6060.2  7.702534E-13
6063.1  7.735880E-13
6066.  7.804440E-13
6068.9  7.794786E-13
6071.8  7.731267E-13
6074.7  7.688884E-13
6077.6  7.632607E-13
6080.5  7.617629E-13
6083.4  7.637111E-13
6086.3  7.642437E-13
6089.2  7.652820E-13
6092.1  7.646497E-13
6095.  7.663023E-13
6097.9  7.683120E-13
6100.8  7.685043E-13
6103.7  7.689233E-13
6106.6  7.689494E-13
6109.5  7.650622E-13
6112.4  7.610267E-13
6115.3  7.590428E-13
6118.2  7.580574E-13
6121.1  7.586297E-13
6124.  7.541096E-13
6126.9  7.476164E-13
6129.8  7.428987E-13
6132.7  7.342395E-13
6135.6  7.281109E-13
6138.5  7.281076E-13
6141.4  7.291326E-13
6144.3  7.280355E-13
6147.2  7.272578E-13
6150.1  7.287755E-13
6153.  7.318142E-13
6155.9  7.317419E-13
6158.8  7.310165E-13
6161.7  7.332051E-13
6164.6  7.332491E-13
6167.5  7.336652E-13
6170.4  7.373467E-13
6173.3  7.443209E-13
6176.2  7.486849E-13
6179.1  7.489857E-13
6182.  7.451015E-13
6184.9  7.371088E-13
6187.8  7.322414E-13
6190.7  7.344604E-13
6193.6  7.375152E-13
6196.5  7.420974E-13
6199.4  7.432475E-13
6202.3  7.434630E-13
6205.2  7.364894E-13
6208.1  7.300571E-13
6211.  7.312463E-13
6213.9  7.304789E-13
6216.8  7.274492E-13
6219.7  7.240428E-13
6222.6  7.227079E-13
6225.5  7.214161E-13
6228.4  7.175127E-13
6231.3  7.133661E-13
6234.2  7.127900E-13
6237.1  7.109518E-13
6240.  7.059044E-13
6242.9  7.038030E-13
6245.8  7.007305E-13
6248.7  7.007121E-13
6251.6  7.032864E-13
6254.5  7.083819E-13
6257.4  7.148137E-13
6260.3  7.173202E-13
6263.2  7.216714E-13
6266.1  7.210477E-13
6269.  7.182533E-13
6271.9  7.141332E-13
6274.8  7.100488E-13
6277.7  7.092229E-13
6280.6  7.114572E-13
6283.5  7.110427E-13
6286.4  7.101242E-13
6289.3  7.133182E-13
6292.2  7.113913E-13
6295.1  7.027210E-13
6298.  6.977409E-13
6300.9  7.042495E-13
6303.8  7.134181E-13
6306.7  7.125643E-13
6309.6  7.037755E-13
6312.5  6.936745E-13
6315.4  6.916358E-13
6318.3  6.973068E-13
6321.2  7.046351E-13
6324.1  7.069517E-13
6327.  7.104513E-13
6329.9  7.094573E-13
6332.8  7.011103E-13
6335.7  6.953035E-13
6338.6  6.997198E-13
6341.5  7.039404E-13
6344.4  7.018656E-13
6347.3  6.979270E-13
6350.2  6.929363E-13
6353.1  6.907348E-13
6356.  6.895482E-13
6358.9  6.855907E-13
6361.8  6.799449E-13
6364.7  6.781339E-13
6367.6  6.869760E-13
6370.5  6.956068E-13
6373.4  6.990929E-13
6376.3  6.990810E-13
6379.2  6.942914E-13
6382.1  6.921199E-13
6385.  6.922500E-13
6387.9  6.938143E-13
6390.8  6.913263E-13
6393.7  6.930037E-13
6396.6  6.938449E-13
6399.5  6.930534E-13
6402.4  6.887529E-13
6405.3  6.814248E-13
6408.2  6.776548E-13
6411.1  6.721433E-13
6414.  6.667410E-13
6416.9  6.695026E-13
6419.8  6.759379E-13
6422.7  6.823805E-13
6425.6  6.862382E-13
6428.5  6.865135E-13
6431.4  6.849418E-13
6434.3  6.840343E-13
6437.2  6.826023E-13
6440.1  6.818880E-13
6443.  6.834917E-13
6445.9  6.796416E-13
6448.8  6.713571E-13
6451.7  6.657147E-13
6454.6  6.633541E-13
6457.5  6.605983E-13
6460.4  6.639919E-13
6463.3  6.718147E-13
6466.2  6.781836E-13
6469.1  6.781610E-13
6472.  6.712555E-13
6474.9  6.688806E-13
6477.8  6.706868E-13
6480.7  6.704287E-13
6483.6  6.603526E-13
6486.5  6.592773E-13
6489.4  6.564755E-13
6492.3  6.520712E-13
6495.2  6.480189E-13
6498.1  6.489271E-13
6501.  6.546271E-13
6503.9  6.604752E-13
6506.8  6.638877E-13
6509.7  6.637197E-13
6512.6  6.603661E-13
6515.5  6.552001E-13
6518.4  6.506807E-13
6521.3  6.486571E-13
6524.2  6.475130E-13
6527.1  6.455424E-13
6530.  6.425300E-13
6532.9  6.380409E-13
6535.8  6.311632E-13
6538.7  6.221434E-13
6541.6  6.124342E-13
6544.5  6.008652E-13
6547.4  5.848126E-13
6550.3  5.632846E-13
6553.2  5.368278E-13
6556.1  5.065922E-13
6559.  4.763839E-13
6561.9  4.606819E-13
6564.8  4.694914E-13
6567.7  4.973752E-13
6570.6  5.345554E-13
6573.5  5.669342E-13
6576.4  5.883104E-13
6579.3  6.031235E-13
6582.2  6.133946E-13
6585.1  6.196245E-13
6588.  6.233630E-13
6590.9  6.262460E-13
6593.8  6.290822E-13
6596.7  6.322014E-13
6599.6  6.356975E-13
6602.5  6.391830E-13
6605.4  6.409705E-13
6608.3  6.406577E-13
6611.2  6.408553E-13
6614.1  6.424555E-13
6617.  6.438906E-13
6619.9  6.444271E-13
6622.8  6.439706E-13
6625.7  6.426424E-13
6628.6  6.407634E-13
6631.5  6.381486E-13
6634.4  6.346571E-13
6637.3  6.308322E-13
6640.2  6.276118E-13
6643.1  6.270861E-13
6646.  6.299887E-13
6648.9  6.338560E-13
6651.8  6.367667E-13
6654.7  6.380081E-13
6657.6  6.377022E-13
6660.5  6.368123E-13
6663.4  6.364617E-13
6666.3  6.376446E-13
6669.2  6.401191E-13
6672.1  6.429947E-13
6675.  6.439653E-13
6677.9  6.415566E-13
6680.8  6.393334E-13
6683.7  6.396348E-13
6686.6  6.396140E-13
6689.5  6.377110E-13
6692.4  6.349665E-13
6695.3  6.321500E-13
6698.2  6.298765E-13
6701.1  6.279302E-13
6704.  6.255391E-13
6706.9  6.233378E-13
6709.8  6.224086E-13
6712.7  6.229748E-13
6715.6  6.248637E-13
6718.5  6.271606E-13
6721.4  6.292025E-13
6724.3  6.318953E-13
6727.2  6.348950E-13
6730.1  6.351295E-13
6733.  6.325565E-13
6735.9  6.306908E-13
6738.8  6.307047E-13
6741.7  6.320414E-13
6744.6  6.330387E-13
6747.5  6.317126E-13
6750.4  6.283850E-13
6753.3  6.242900E-13
6756.2  6.215530E-13
6759.1  6.214338E-13
6762.  6.217056E-13
6764.9  6.208329E-13
6767.8  6.195343E-13
6770.7  6.185146E-13
6773.6  6.185416E-13
6776.5  6.189861E-13
6779.4  6.180284E-13
6782.3  6.163413E-13
6785.2  6.157435E-13
6788.1  6.161604E-13
6791.  6.169092E-13
6793.9  6.172399E-13
6796.8  6.167147E-13
6799.7  6.163674E-13
6802.6  6.167596E-13
6805.5  6.169088E-13
6808.4  6.162389E-13
6811.3  6.148550E-13
6814.2  6.130031E-13
6817.1  6.110986E-13
6820.  6.091040E-13
6822.9  6.067455E-13
6825.8  6.039817E-13
6828.7  6.009566E-13
6831.6  5.984471E-13
6834.5  5.971981E-13
6837.4  5.973873E-13
6840.3  5.987167E-13
6843.2  5.999295E-13
6846.1  6.005528E-13
6849.  6.013535E-13
6851.9  6.037092E-13
6854.8  6.094423E-13
6857.7  6.170108E-13
6860.6  6.229726E-13
6863.5  6.208615E-13
6866.4  6.052300E-13
6869.3  5.861729E-13
6872.2  5.760565E-13
6875.1  5.787303E-13
6878.  5.927094E-13
6880.9  6.061743E-13
6883.8  6.110064E-13
6886.7  6.084461E-13
6889.6  6.021029E-13
6892.5  5.980946E-13
6895.4  5.980779E-13
6898.3  5.999795E-13
6901.2  6.017759E-13
6904.1  6.015584E-13
6907.  6.001217E-13
6909.9  5.989484E-13
6912.8  5.980096E-13
6915.7  5.970870E-13
6918.6  5.960913E-13
6921.5  5.948813E-13
6924.4  5.932546E-13
6927.3  5.913221E-13
6930.2  5.896992E-13
6933.1  5.880103E-13
6936.  5.850913E-13
6938.9  5.817145E-13
6941.8  5.795184E-13
6944.7  5.787138E-13
6947.6  5.789513E-13
6950.5  5.793523E-13
6953.4  5.792822E-13
6956.3  5.795322E-13
6959.2  5.808314E-13
6962.1  5.835208E-13
6965.  5.868969E-13
6967.9  5.887415E-13
6970.8  5.884781E-13
6973.7  5.870616E-13
6976.6  5.858376E-13
6979.5  5.862450E-13
6982.4  5.871612E-13
6985.3  5.866968E-13
6988.2  5.847067E-13
6991.1  5.816422E-13
6994.  5.785990E-13
6996.9  5.764729E-13
6999.8  5.750986E-13
7002.7  5.745526E-13
7005.6  5.756432E-13
7008.5  5.774690E-13
7011.4  5.774314E-13
7014.3  5.756487E-13
7017.2  5.739512E-13
7020.1  5.738773E-13
7023.  5.764673E-13
7025.9  5.796719E-13
7028.8  5.810476E-13
7031.7  5.803023E-13
7034.6  5.780855E-13
7037.5  5.766986E-13
7040.4  5.773253E-13
7043.3  5.786132E-13
7046.2  5.797920E-13
7049.1  5.808649E-13
7052.  5.817881E-13
7054.9  5.825438E-13
7057.8  5.828528E-13
7060.7  5.823577E-13
7063.6  5.800827E-13
7066.5  5.754707E-13
7069.4  5.711090E-13
7072.3  5.690718E-13
7075.2  5.678322E-13
7078.1  5.661626E-13
7081.  5.640817E-13
7083.9  5.623358E-13
7086.8  5.627523E-13
7089.7  5.649782E-13
7092.6  5.668553E-13
7095.5  5.677154E-13
7098.4  5.676969E-13
7101.3  5.672096E-13
7104.2  5.667446E-13
7107.1  5.660589E-13
7110.  5.649230E-13
7112.9  5.636505E-13
7115.8  5.626231E-13
7118.7  5.623663E-13
7121.6  5.627013E-13
7124.5  5.623628E-13
7127.4  5.612130E-13
7130.3  5.601809E-13
7133.2  5.595354E-13
7136.1  5.591685E-13
7139.  5.589949E-13
7141.9  5.588838E-13
7144.8  5.585384E-13
7147.7  5.577588E-13
7150.6  5.568771E-13
7153.5  5.561420E-13
7156.4  5.555129E-13
7159.3  5.545091E-13
7162.2  5.518823E-13
7165.1  5.478559E-13
7168.  5.441538E-13
7170.9  5.416663E-13
7173.8  5.406666E-13
7176.7  5.399537E-13
7179.6  5.379350E-13
7182.5  5.348690E-13
7185.4  5.317135E-13
7188.3  5.307036E-13
7191.2  5.327097E-13
7194.1  5.340748E-13
7197.  5.325225E-13
7199.9  5.288923E-13
7202.8  5.252672E-13
7205.7  5.249983E-13
7208.6  5.287585E-13
7211.5  5.351334E-13
7214.4  5.402502E-13
7217.3  5.397713E-13
7220.2  5.368701E-13
7223.1  5.361021E-13
7226.  5.362868E-13
7228.9  5.357346E-13
7231.8  5.339621E-13
7234.7  5.314471E-13
7237.6  5.308703E-13
7240.5  5.325760E-13
7243.4  5.336342E-13
7246.3  5.330952E-13
7249.2  5.316624E-13
7252.1  5.298630E-13
7255.  5.282253E-13
7257.9  5.270853E-13
7260.8  5.265937E-13
7263.7  5.267945E-13
7266.6  5.274366E-13
7269.5  5.274197E-13
7272.4  5.261194E-13
7275.3  5.241018E-13
7278.2  5.222418E-13
7281.1  5.219131E-13
7284.  5.223465E-13
7286.9  5.207087E-13
7289.8  5.179851E-13
7292.7  5.171285E-13
7295.6  5.180024E-13
7298.5  5.192965E-13
7301.4  5.185190E-13
7304.3  5.142104E-13
7307.2  5.104411E-13
7310.1  5.103961E-13
7313.  5.129514E-13
7315.9  5.165103E-13
7318.8  5.191337E-13
7321.7  5.202403E-13
7324.6  5.209269E-13
7327.5  5.214452E-13
7330.4  5.215031E-13
7333.3  5.217978E-13
7336.2  5.231248E-13
7339.1  5.240737E-13
7342.  5.231080E-13
7344.9  5.204845E-13
7347.8  5.171544E-13
7350.7  5.152141E-13
7353.6  5.155718E-13
7356.5  5.166828E-13
7359.4  5.175435E-13
7362.3  5.179255E-13
7365.2  5.178968E-13
7368.1  5.177953E-13
7371.  5.179153E-13
7373.9  5.184209E-13
7376.8  5.182631E-13
7379.7  5.163894E-13
7382.6  5.134425E-13
7385.5  5.104143E-13
7388.4  5.082523E-13
7391.3  5.075014E-13
7394.2  5.080157E-13
7397.1  5.087664E-13
7400.  5.075729E-13
7402.9  5.048998E-13
7405.8  5.034301E-13
7408.7  5.031143E-13
7411.6  5.025983E-13
7414.5  5.023243E-13
7417.4  5.030645E-13
7420.3  5.044034E-13
7423.2  5.058611E-13
7426.1  5.075869E-13
7429.  5.096180E-13
7431.9  5.117857E-13
7434.8  5.134037E-13
7437.7  5.130149E-13
7440.6  5.106997E-13
7443.5  5.079269E-13
7446.4  5.060620E-13
7449.3  5.062447E-13
7452.2  5.076691E-13
7455.1  5.088680E-13
7458.  5.093135E-13
7460.9  5.090217E-13
7463.8  5.097146E-13
7466.7  5.120601E-13
7469.6  5.131836E-13
7472.5  5.118402E-13
7475.4  5.098349E-13
7478.3  5.082248E-13
7481.2  5.073926E-13
7484.1  5.062928E-13
7487.  5.029881E-13
7489.9  4.993263E-13
7492.8  4.982783E-13
7495.7  4.990596E-13
7498.6  4.999945E-13
7501.5  5.000668E-13
7504.4  4.986976E-13
7507.3  4.963025E-13
7510.2  4.937873E-13
7513.1  4.926382E-13
7516.  4.932715E-13
7518.9  4.947728E-13
7521.8  4.963339E-13
7524.7  4.972691E-13
7527.6  4.975816E-13
7530.5  4.976644E-13
7533.4  4.978521E-13
7536.3  4.983845E-13
7539.2  4.991256E-13
7542.1  4.997738E-13
7545.  4.999000E-13
7547.9  4.990922E-13
7550.8  4.969428E-13
7553.7  4.937987E-13
7556.6  4.909402E-13
7559.5  4.890148E-13
7562.4  4.880863E-13
7565.3  4.877613E-13
7568.2  4.873965E-13
7571.1  4.869240E-13
7574.  4.864681E-13
7576.9  4.860194E-13
7579.8  4.855707E-13
7582.7  4.851220E-13
7585.6  4.846732E-13
7588.5  4.842245E-13
7591.4  4.837758E-13
7594.3  4.833271E-13
7597.2  4.828783E-13
7600.1  4.824296E-13
7603.  4.819809E-13
7605.9  4.815322E-13
7608.8  4.810835E-13
7611.7  4.806347E-13
7614.6  4.801860E-13
7617.5  4.797374E-13
7620.4  4.792886E-13
7623.3  4.788398E-13
7626.2  4.783911E-13
7629.1  4.779424E-13
7632.  4.774937E-13
7634.9  4.770450E-13
7637.8  4.765963E-13
7640.7  4.761476E-13
7643.6  4.756989E-13
7646.5  4.752501E-13
7649.4  4.748014E-13
7652.3  4.743526E-13
7655.2  4.739039E-13
7658.1  4.734552E-13
7661.  4.730065E-13
7663.9  4.725729E-13
7666.8  4.721352E-13
7669.7  4.715105E-13
7672.6  4.710341E-13
7675.5  4.717384E-13
7678.4  4.728670E-13
7681.3  4.724435E-13
7684.2  4.708776E-13
7687.1  4.696049E-13
7690.  4.689968E-13
7692.9  4.690526E-13
7695.8  4.693771E-13
7698.7  4.695452E-13
7701.6  4.695972E-13
7704.5  4.693610E-13
7707.4  4.680438E-13
7710.3  4.658381E-13
7713.2  4.642009E-13
7716.1  4.637251E-13
7719.  4.642864E-13
7721.9  4.650969E-13
7724.8  4.650796E-13
7727.7  4.651593E-13
7730.6  4.665423E-13
7733.5  4.680128E-13
7736.4  4.681842E-13
7739.3  4.665900E-13
7742.2  4.635861E-13
7745.1  4.611075E-13
7748.  4.603005E-13
7750.9  4.608834E-13
7753.8  4.623670E-13
7756.7  4.640777E-13
7759.6  4.649941E-13
7762.5  4.641233E-13
7765.4  4.612758E-13
7768.3  4.569156E-13
7771.2  4.530429E-13
7774.1  4.516044E-13
7777.  4.531113E-13
7779.9  4.569549E-13
7782.8  4.605243E-13
7785.7  4.621455E-13
7788.6  4.620872E-13
7791.5  4.610806E-13
7794.4  4.602928E-13
7797.3  4.602178E-13
7800.2  4.607947E-13
7803.1  4.614651E-13
7806.  4.615431E-13
7808.9  4.611733E-13
7811.8  4.607838E-13
7814.7  4.612680E-13
7817.6  4.628674E-13
7820.5  4.637178E-13
7823.4  4.627289E-13
7826.3  4.605417E-13
7829.2  4.580056E-13
7832.1  4.561795E-13
7835.  4.552198E-13
7837.9  4.545226E-13
7840.8  4.542209E-13
7843.7  4.546774E-13
7846.6  4.551420E-13
7849.5  4.548197E-13
7852.4  4.544966E-13
7855.3  4.547991E-13
7858.2  4.548154E-13
7861.1  4.540738E-13
7864.  4.532625E-13
7866.9  4.527706E-13
7869.8  4.525769E-13
7872.7  4.524974E-13
7875.6  4.521664E-13
7878.5  4.518514E-13
7881.4  4.520693E-13
7884.3  4.523977E-13
7887.2  4.521849E-13
7890.1  4.508668E-13
7893.  4.484204E-13
7895.9  4.466981E-13
7898.8  4.468580E-13
7901.7  4.479894E-13
7904.6  4.490667E-13
7907.5  4.490594E-13
7910.4  4.479496E-13
7913.3  4.467190E-13
7916.2  4.457464E-13
7919.1  4.450509E-13
7922.  4.438853E-13
7924.9  4.414524E-13
7927.8  4.388339E-13
7930.7  4.372537E-13
7933.6  4.367022E-13
7936.5  4.368585E-13
7939.4  4.369345E-13
7942.3  4.368480E-13
7945.2  4.378717E-13
7948.1  4.400602E-13
7951.  4.422122E-13
7953.9  4.435590E-13
7956.8  4.436548E-13
7959.7  4.430995E-13
7962.6  4.428668E-13
7965.5  4.428828E-13
7968.4  4.428129E-13
7971.3  4.423236E-13
7974.2  4.413559E-13
7977.1  4.408195E-13
7980.  4.409877E-13
7982.9  4.408173E-13
7985.8  4.397869E-13
7988.7  4.380371E-13
7991.6  4.359826E-13
7994.5  4.342422E-13
7997.4  4.333665E-13
8000.3  4.337294E-13
8003.2  4.347551E-13
8006.1  4.356755E-13
8009.  4.365415E-13
8011.9  4.374382E-13
8014.8  4.382529E-13
8017.7  4.385645E-13
8020.6  4.371614E-13
8023.5  4.342978E-13
8026.4  4.320971E-13
8029.3  4.316828E-13
8032.2  4.333108E-13
8035.1  4.353479E-13
8038.  4.353553E-13
8040.9  4.339001E-13
8043.8  4.324599E-13
8046.7  4.314728E-13
8049.6  4.310441E-13
8052.5  4.305061E-13
8055.4  4.295694E-13
8058.3  4.292262E-13
8061.2  4.297193E-13
8064.1  4.300481E-13
8067.  4.301080E-13
8069.9  4.306134E-13
8072.8  4.311665E-13
8075.7  4.308605E-13
8078.6  4.292755E-13
8081.5  4.264140E-13
8084.4  4.241055E-13
8087.3  4.239174E-13
8090.2  4.245280E-13
8093.1  4.246465E-13
8096.  4.240943E-13
8098.9  4.232559E-13
8101.8  4.234701E-13
8104.7  4.248349E-13
8107.6  4.260896E-13
8110.5  4.267125E-13
8113.4  4.266485E-13
8116.3  4.263650E-13
8119.2  4.264520E-13
8122.1  4.261468E-13
8125.  4.246050E-13
8127.9  4.220084E-13
8130.8  4.190019E-13
8133.7  4.170973E-13
8136.6  4.169472E-13
8139.5  4.174872E-13
8142.4  4.178615E-13
8145.3  4.174963E-13
8148.2  4.167975E-13
8151.1  4.169228E-13
8154.  4.170851E-13
8156.9  4.158315E-13
8159.8  4.131759E-13
8162.7  4.098467E-13
8165.6  4.087254E-13
8168.5  4.112690E-13
8171.4  4.130507E-13
8174.3  4.111706E-13
8177.2  4.069784E-13
8180.1  4.025631E-13
8183.  4.009678E-13
8185.9  4.016041E-13
8188.8  4.008741E-13
8191.7  3.981760E-13
8194.6  3.945517E-13
8197.5  3.928139E-13
8200.4  3.955880E-13
8203.3  4.008183E-13
8206.2  4.056224E-13
8209.1  4.079557E-13
8212.  4.072827E-13
8214.9  4.066268E-13
8217.8  4.068982E-13
8220.7  4.056108E-13
8223.6  4.013027E-13
8226.5  3.932447E-13
8229.4  3.860616E-13
8232.3  3.868426E-13
8235.2  3.934522E-13
8238.1  4.004467E-13
8241.  4.049430E-13
8243.9  4.054994E-13
8246.8  4.046942E-13
8249.7  4.046325E-13
8252.6  4.038434E-13
8255.5  4.020494E-13
8258.4  4.010584E-13
8261.3  4.018519E-13
8264.2  4.047203E-13
8267.1  4.074103E-13
8270.  4.062694E-13
8272.9  4.021687E-13
8275.8  3.978568E-13
8278.7  3.952637E-13
8281.6  3.954817E-13
8284.5  3.964223E-13
8287.4  3.962909E-13
8290.3  3.961376E-13
8293.2  3.965078E-13
8296.1  3.966330E-13
8299.  3.963639E-13
8301.9  3.962046E-13
8304.8  3.963085E-13
8307.7  3.965699E-13
8310.6  3.965597E-13
8313.5  3.957576E-13
8316.4  3.935851E-13
8319.3  3.898758E-13
8322.2  3.865289E-13
8325.1  3.851177E-13
8328.  3.848983E-13
8330.9  3.850734E-13
8333.8  3.852054E-13
8336.7  3.854024E-13
8339.6  3.866447E-13
8342.5  3.886021E-13
8345.4  3.898819E-13
8348.3  3.903641E-13
8351.2  3.905797E-13
8354.1  3.906118E-13
8357.  3.904708E-13
8359.9  3.906102E-13
8362.8  3.912123E-13
8365.7  3.911928E-13
8368.6  3.899160E-13
8371.5  3.880293E-13
8374.4  3.863184E-13
8377.3  3.857462E-13
8380.2  3.859297E-13
8383.1  3.852130E-13
8386.  3.836372E-13
8388.9  3.822017E-13
8391.8  3.814564E-13
8394.7  3.816837E-13
8397.6  3.821638E-13
8400.5  3.821787E-13
8403.4  3.822565E-13
8406.3  3.827703E-13
8409.2  3.832481E-13
8412.1  3.834504E-13
8415.  3.835630E-13
8417.9  3.837004E-13
8420.8  3.838974E-13
8423.7  3.840688E-13
8426.6  3.840517E-13
8429.5  3.833185E-13
8432.4  3.813623E-13
8435.3  3.786972E-13
8438.2  3.761185E-13
8441.1  3.742120E-13
8444.  3.734109E-13
8446.9  3.739640E-13
8449.8  3.754527E-13
8452.7  3.764196E-13
8455.6  3.760836E-13
8458.5  3.745540E-13
8461.4  3.724748E-13
8464.3  3.708773E-13
8467.2  3.703679E-13
8470.1  3.711924E-13
8473.  3.731364E-13
8475.9  3.756662E-13
8478.8  3.778771E-13
8481.7  3.789179E-13
8484.6  3.784942E-13
8487.5  3.763005E-13
8490.4  3.716803E-13
8493.3  3.652588E-13
8496.2  3.591046E-13
8499.1  3.552942E-13
8502.  3.556907E-13
8504.9  3.593331E-13
8507.8  3.637400E-13
8510.7  3.673888E-13
8513.6  3.693987E-13
8516.5  3.709474E-13
8519.4  3.731432E-13
8522.3  3.748695E-13
8525.2  3.750830E-13
8528.1  3.738178E-13
8531.  3.700109E-13
8533.9  3.609341E-13
8536.8  3.476765E-13
8539.7  3.345894E-13
8542.6  3.267730E-13
8545.5  3.289715E-13
8548.4  3.386362E-13
8551.3  3.503302E-13
8554.2  3.606184E-13
8557.1  3.673172E-13
8560.  3.715188E-13
8562.9  3.746727E-13
8565.8  3.771918E-13
8568.7  3.790833E-13
8571.6  3.795276E-13
8574.5  3.784242E-13
8577.4  3.765031E-13
8580.3  3.740221E-13
8583.2  3.709591E-13
8586.1  3.677129E-13
8589.  3.647757E-13
8591.9  3.618156E-13
8594.8  3.585802E-13
8597.7  3.562231E-13
8600.6  3.556810E-13
8603.5  3.568446E-13
8606.4  3.590705E-13
8609.3  3.608292E-13
8612.2  3.620681E-13
8615.1  3.645545E-13
8618.  3.685292E-13
8620.9  3.731156E-13
8623.8  3.772876E-13
8626.7  3.800119E-13
8629.6  3.814836E-13
8632.5  3.821792E-13
8635.4  3.816679E-13
8638.3  3.795989E-13
8641.2  3.761609E-13
8644.1  3.717290E-13
8647.  3.671517E-13
8649.9  3.619359E-13
8652.8  3.539096E-13
8655.7  3.428499E-13
8658.6  3.301270E-13
8661.5  3.201061E-13
8664.4  3.180350E-13
8667.3  3.235250E-13
8670.2  3.337101E-13
8673.1  3.444930E-13
8676.  3.524034E-13
8678.9  3.577982E-13
8681.8  3.615745E-13
8684.7  3.643119E-13
8687.6  3.665158E-13
8690.5  3.682558E-13
8693.4  3.697567E-13
8696.3  3.713452E-13
8699.2  3.729889E-13
8702.1  3.744488E-13
8705.  3.751776E-13
8707.9  3.746887E-13
8710.8  3.734835E-13
8713.7  3.722829E-13
8716.6  3.718114E-13
8719.5  3.721724E-13
8722.4  3.719571E-13
8725.3  3.701751E-13
8728.2  3.667606E-13
8731.1  3.620157E-13
8734.  3.566893E-13
8736.9  3.509228E-13
8739.8  3.445278E-13
8742.7  3.381830E-13
8745.6  3.329622E-13
8748.5  3.302349E-13
8751.4  3.311187E-13
8754.3  3.361529E-13
8757.2  3.445690E-13
8760.1  3.526502E-13
8763.  3.579264E-13
8765.9  3.607610E-13
8768.8  3.621563E-13
8771.7  3.637989E-13
8774.6  3.657464E-13
8777.5  3.667844E-13
8780.4  3.668726E-13
8783.3  3.664881E-13
8786.2  3.662061E-13
8789.1  3.664902E-13
8792.  3.669985E-13
8794.9  3.672474E-13
8797.8  3.669655E-13
8800.7  3.659160E-13
8803.6  3.636691E-13
8806.5  3.611945E-13
8809.4  3.613338E-13
8812.3  3.638561E-13
8815.2  3.660138E-13
8818.1  3.668202E-13
8821.  3.662425E-13
8823.9  3.649306E-13
8826.8  3.636990E-13
8829.7  3.618426E-13
8832.6  3.588664E-13
8835.5  3.562470E-13
8838.4  3.548836E-13
8841.3  3.539323E-13
8844.2  3.526257E-13
8847.1  3.504499E-13
8850.  3.472028E-13
8852.9  3.431966E-13
8855.8  3.377769E-13
8858.7  3.299963E-13
8861.6  3.227751E-13
8864.5  3.198670E-13
8867.4  3.212412E-13
8870.3  3.256476E-13
8873.2  3.312302E-13
8876.1  3.364012E-13
8879.  3.408947E-13
8881.9  3.448592E-13
8884.8  3.489457E-13
8887.7  3.530773E-13
8890.6  3.563712E-13
8893.5  3.583298E-13
8896.4  3.587242E-13
8899.3  3.585787E-13
8902.2  3.592143E-13
8905.1  3.595701E-13
8908.  3.583541E-13
8910.9  3.560582E-13
8913.8  3.535143E-13
8916.7  3.519180E-13
8919.6  3.514452E-13
8922.5  3.501308E-13
8925.4  3.479034E-13
8928.3  3.469498E-13
8931.2  3.481667E-13
8934.1  3.514558E-13
8937.  3.554403E-13
8939.9  3.582150E-13
8942.8  3.592840E-13
8945.7  3.587580E-13
8948.6  3.569784E-13
8951.5  3.545780E-13
8954.4  3.527499E-13
8957.3  3.519048E-13
8960.2  3.507245E-13
8963.1  3.486842E-13
8966.  3.463854E-13
8968.9  3.446846E-13
8971.8  3.445106E-13
8974.7  3.461430E-13
8977.6  3.492354E-13
8980.5  3.506185E-13
8983.4  3.470150E-13
8986.3  3.384862E-13
8989.2  3.271874E-13
8992.1  3.202664E-13
8995.  3.210203E-13
8997.9  3.224385E-13
9000.8  3.201758E-13
9003.7  3.148124E-13
9006.6  3.080759E-13
9009.5  3.029702E-13
9012.4  3.006889E-13
9015.3  3.010701E-13
9018.2  3.039558E-13
9021.1  3.088825E-13
9024.  3.139914E-13
9026.9  3.178502E-13
9029.8  3.224370E-13
9032.7  3.287961E-13
9035.6  3.342174E-13
9038.5  3.372704E-13
9041.4  3.388750E-13
9044.3  3.400078E-13
9047.2  3.418698E-13
9050.1  3.431280E-13
9053.  3.409325E-13
9055.9  3.371987E-13
9058.8  3.353927E-13
9061.7  3.354924E-13
9064.6  3.364153E-13
9067.5  3.364400E-13
9070.4  3.344591E-13
9073.3  3.317071E-13
9076.2  3.292390E-13
9079.1  3.272731E-13
9082.  3.259436E-13
9084.9  3.252455E-13
9087.8  3.249199E-13
9090.7  3.245197E-13
9093.6  3.247126E-13
9096.5  3.264939E-13
9099.4  3.285639E-13
9102.3  3.293809E-13
9105.2  3.297465E-13
9108.1  3.306221E-13
9111.  3.323706E-13
9113.9  3.344923E-13
9116.8  3.344285E-13
9119.7  3.323996E-13
9122.6  3.328042E-13
9125.5  3.344510E-13
9128.4  3.316950E-13
9131.3  3.266179E-13
9134.2  3.247810E-13
9137.1  3.273484E-13
9140.  3.334414E-13
9142.9  3.395001E-13
9145.8  3.418600E-13
9148.7  3.385896E-13
9151.6  3.304460E-13
9154.5  3.230835E-13
9157.4  3.207592E-13
9160.3  3.252647E-13
9163.2  3.331440E-13
9166.1  3.362281E-13
9169.  3.332242E-13
9171.9  3.271874E-13
9174.8  3.214913E-13
9177.7  3.192976E-13
9180.6  3.206023E-13
9183.5  3.240043E-13
9186.4  3.265772E-13
9189.3  3.263005E-13
9192.2  3.242117E-13
9195.1  3.217476E-13
9198.  3.207021E-13
9200.9  3.204751E-13
9203.8  3.178155E-13
9206.7  3.125978E-13
9209.6  3.067758E-13
9212.5  3.006483E-13
9215.4  2.940544E-13
9218.3  2.887801E-13
9221.2  2.862639E-13
9224.1  2.836103E-13
9227.  2.793014E-13
9229.9  2.781257E-13
9232.8  2.821431E-13
9235.7  2.874997E-13
9238.6  2.922363E-13
9241.5  2.967857E-13
9244.4  3.010955E-13
9247.3  3.049777E-13
9250.2  3.081765E-13
9253.1  3.104785E-13
9256.  3.120320E-13
9258.9  3.132382E-13
9261.8  3.154461E-13
9264.7  3.193768E-13
9267.6  3.235660E-13
9270.5  3.262662E-13
9273.4  3.256361E-13
9276.3  3.217151E-13
9279.2  3.169049E-13
9282.1  3.135897E-13
9285.  3.139192E-13
9287.9  3.167005E-13
9290.8  3.190073E-13
9293.7  3.196716E-13
9296.6  3.184190E-13
9299.5  3.169873E-13
9302.4  3.167973E-13
9305.3  3.158544E-13
9308.2  3.131106E-13
9311.1  3.108893E-13
9314.  3.095322E-13
9316.9  3.058699E-13
9319.8  3.015960E-13
9322.7  3.026066E-13
9325.6  3.083703E-13
9328.5  3.146517E-13
9331.4  3.164936E-13
9334.3  3.099137E-13
9337.2  2.974210E-13
9340.1  2.840080E-13
9343.  2.769972E-13
9345.9  2.806429E-13
9348.8  2.917580E-13
9351.7  3.034721E-13
9354.6  3.032516E-13
9357.5  2.934781E-13
9360.4  2.930639E-13
9363.3  2.997041E-13
9366.2  2.979293E-13
9369.1  2.907492E-13
9372.  2.873747E-13
9374.9  2.856569E-13
9377.8  2.821622E-13
9380.7  2.796066E-13
9383.6  2.806800E-13
9386.5  2.862609E-13
9389.4  2.954566E-13
9392.3  3.048393E-13
9395.2  3.105746E-13
9398.1  3.085849E-13
9401.  3.010709E-13
9403.9  2.948550E-13
9406.8  2.913542E-13
9409.7  2.894128E-13
9412.6  2.897983E-13
9415.5  2.929472E-13
9418.4  2.969658E-13
9421.3  2.994597E-13
9424.2  2.965819E-13
9427.1  2.891430E-13
9430.  2.886846E-13
9432.9  2.958214E-13
9435.8  2.957742E-13
9438.7  2.873464E-13
9441.6  2.799158E-13
9444.5  2.797731E-13
9447.4  2.908198E-13
9450.3  3.023759E-13
9453.2  3.015196E-13
9456.1  2.929173E-13
9459.  2.844035E-13
9461.9  2.815302E-13
9464.8  2.861531E-13
9467.7  2.914530E-13
9470.6  2.930979E-13
9473.5  2.918144E-13
9476.4  2.884522E-13
9479.3  2.838033E-13
9482.2  2.826861E-13
9485.1  2.911481E-13
9488.  3.019204E-13
9490.9  3.042416E-13
9493.8  2.964643E-13
9496.7  2.813552E-13
9499.6  2.695331E-13
9502.5  2.691566E-13
9505.4  2.792195E-13
9508.3  2.941747E-13
9511.2  3.027307E-13
9514.1  3.001272E-13
9517.  2.891315E-13
9519.9  2.758366E-13
9522.8  2.682308E-13
9525.7  2.667587E-13
9528.6  2.681906E-13
9531.5  2.705860E-13
9534.4  2.719703E-13
9537.3  2.690918E-13
9540.2  2.611073E-13
9543.1  2.537343E-13
9546.  2.511845E-13
9548.9  2.537984E-13
9551.8  2.596005E-13
9554.7  2.637920E-13
9557.6  2.660596E-13
9560.5  2.696521E-13
9563.4  2.728806E-13
9566.3  2.724741E-13
9569.2  2.729094E-13
9572.1  2.790755E-13
9575.  2.861664E-13
9577.9  2.893926E-13
9580.8  2.901494E-13
9583.7  2.892063E-13
9586.6  2.844441E-13
9589.5  2.776306E-13
9592.4  2.755181E-13
9595.3  2.788084E-13
9598.2  2.832871E-13
9601.1  2.861364E-13
9604.  2.854599E-13
9606.9  2.843137E-13
9609.8  2.865245E-13
9612.7  2.890697E-13
9615.6  2.885992E-13
9618.5  2.851051E-13
9621.4  2.802522E-13
9624.3  2.788653E-13
9627.2  2.825667E-13
9630.1  2.879652E-13
9633.  2.921048E-13
9635.9  2.925464E-13
9638.8  2.904281E-13
9641.7  2.890388E-13
9644.6  2.886680E-13
9647.5  2.885251E-13
9650.4  2.885407E-13
9653.3  2.885582E-13
9656.2  2.876950E-13
9659.1  2.856877E-13
9662.  2.839734E-13
9664.9  2.835406E-13
9667.8  2.843885E-13
9670.7  2.862488E-13
9673.6  2.886040E-13
9676.5  2.906112E-13
9679.4  2.913463E-13
9682.3  2.912672E-13
9685.2  2.913482E-13
9688.1  2.919135E-13
9691.  2.928953E-13
9693.9  2.930852E-13
9696.8  2.917065E-13
9699.7  2.896413E-13
9702.6  2.880380E-13
9705.5  2.883110E-13
9708.4  2.903777E-13
9711.3  2.923160E-13
9714.2  2.934521E-13
9717.1  2.940714E-13
9720.  2.940997E-13
9722.9  2.934144E-13
9725.8  2.923798E-13
9728.7  2.913672E-13
9731.6  2.897958E-13
9734.5  2.873707E-13
9737.4  2.851877E-13
9740.3  2.841206E-13
9743.2  2.844030E-13
9746.1  2.855384E-13
9749.  2.861250E-13
9751.9  2.856198E-13
9754.8  2.842908E-13
9757.7  2.826512E-13
9760.6  2.813533E-13
9763.5  2.812363E-13
9766.4  2.828290E-13
9769.3  2.850307E-13
9772.2  2.865028E-13
9775.1  2.863261E-13
9778.  2.844226E-13
9780.9  2.824853E-13
9783.8  2.814659E-13
9786.7  2.809876E-13
9789.6  2.806373E-13
9792.5  2.799350E-13
9795.4  2.791940E-13
9798.3  2.791611E-13
9801.2  2.800854E-13
9804.1  2.818927E-13
9807.  2.836330E-13
9809.9  2.844212E-13
9812.8  2.845991E-13
9815.7  2.845686E-13
9818.6  2.844062E-13
9821.5  2.840827E-13
9824.4  2.832509E-13
9827.3  2.823842E-13
9830.2  2.828416E-13
9833.1  2.841771E-13
9836.  2.848184E-13
9838.9  2.846610E-13
9841.8  2.841752E-13
9844.7  2.832621E-13
9847.6  2.818705E-13
9850.5  2.803892E-13
9853.4  2.793521E-13
9856.3  2.797257E-13
9859.2  2.814194E-13
9862.1  2.823509E-13
9865.  2.817740E-13
9867.9  2.806195E-13
9870.8  2.795038E-13
9873.7  2.788443E-13
9876.6  2.784687E-13
9879.5  2.779218E-13
9882.4  2.772858E-13
9885.3  2.767725E-13
9888.2  2.764271E-13
9891.1  2.762875E-13
9894.  2.765235E-13
9896.9  2.770120E-13
9899.8  2.769566E-13
9902.7  2.763237E-13
9905.6  2.761642E-13
9908.5  2.765087E-13
9911.4  2.765589E-13
9914.3  2.763438E-13
9917.2  2.762416E-13
9920.1  2.764037E-13
9923.  2.768074E-13
9925.9  2.761715E-13
9928.8  2.738193E-13
9931.7  2.722967E-13
9934.6  2.731743E-13
9937.5  2.749478E-13
9940.4  2.763454E-13
9943.3  2.767561E-13
9946.2  2.758078E-13
9949.1  2.734099E-13
9952.  2.710328E-13
9954.9  2.708434E-13
9957.8  2.718828E-13
9960.7  2.722282E-13
9963.6  2.718082E-13
9966.5  2.710377E-13
9969.4  2.709455E-13
9972.3  2.718196E-13
9975.2  2.715459E-13
9978.1  2.694234E-13
9981.  2.673359E-13
9983.9  2.663135E-13
9986.8  2.664367E-13
9989.7  2.673266E-13
9992.6  2.682391E-13
9995.5  2.684817E-13
9998.4  2.675565E-13
10001.3  2.660458E-13
10004.2  2.647120E-13
10007.1  2.634731E-13
10010.  2.622452E-13
10012.9  2.613706E-13
10015.8  2.608406E-13
10018.7  2.600343E-13
10021.6  2.586548E-13
10024.5  2.566665E-13
10027.4  2.551816E-13
10030.3  2.561068E-13
10033.2  2.573711E-13
10036.1  2.554974E-13
10039.  2.521750E-13
10041.9  2.500858E-13
10044.8  2.481578E-13
10047.7  2.457177E-13
10050.6  2.456565E-13
10053.5  2.489287E-13
10056.4  2.520279E-13
10059.3  2.531383E-13
10062.2  2.529797E-13
10065.1  2.520101E-13
10068.  2.505751E-13
10070.9  2.495164E-13
10073.8  2.497442E-13
10076.7  2.508104E-13
10079.6  2.518937E-13
10082.5  2.531812E-13
10085.4  2.548484E-13
10088.3  2.564498E-13
10091.2  2.575245E-13
10094.1  2.575384E-13
10097.  2.568476E-13
10099.9  2.572031E-13
10102.8  2.586055E-13
10105.7  2.593779E-13
10108.6  2.597150E-13
10111.5  2.607406E-13
10114.4  2.625013E-13
10117.3  2.645572E-13
10120.2  2.650675E-13
10123.1  2.627916E-13
10126.  2.601089E-13
10128.9  2.592364E-13
10131.8  2.607902E-13
10134.7  2.639443E-13
10137.6  2.655622E-13
10140.5  2.649561E-13
10143.4  2.642200E-13
10146.3  2.638254E-13
10149.2  2.632423E-13
10152.1  2.630682E-13
10155.  2.640693E-13
10157.9  2.649700E-13
10160.8  2.644594E-13
10163.7  2.637445E-13
10166.6  2.637759E-13
10169.5  2.633992E-13
10172.4  2.623821E-13
10175.3  2.626549E-13
10178.2  2.638517E-13
10181.1  2.628579E-13
10184.  2.598722E-13
10186.9  2.573589E-13
10189.8  2.567447E-13
10192.7  2.587291E-13
10195.6  2.604000E-13
10198.5  2.587446E-13
10201.4  2.565567E-13
10204.3  2.566173E-13
10207.2  2.586046E-13
10210.1  2.608860E-13
10213.  2.590167E-13
10215.9  2.538484E-13
10218.8  2.538680E-13
10221.7  2.585304E-13
10224.6  2.598579E-13
10227.5  2.584738E-13
10230.4  2.589467E-13
10233.3  2.594958E-13
10236.2  2.572183E-13
10239.1  2.539564E-13
10242.  2.518858E-13
10244.9  2.507152E-13
10247.8  2.506406E-13
10250.7  2.538623E-13
10253.6  2.597372E-13
10256.5  2.636627E-13
10259.4  2.631890E-13
10262.3  2.578723E-13
10265.2  2.516204E-13
10268.1  2.505111E-13
10271.  2.527001E-13
10273.9  2.537722E-13
10276.8  2.535704E-13
10279.7  2.528329E-13
10282.6  2.524848E-13
10285.5  2.530482E-13
10288.4  2.531400E-13
10291.3  2.530429E-13
10294.2  2.565853E-13
10297.1  2.618096E-13
10300.  2.605446E-13
10302.9  2.546352E-13
10305.8  2.522199E-13
10308.7  2.519970E-13
10311.6  2.495877E-13
10314.5  2.487529E-13
10317.4  2.533458E-13
10320.3  2.590430E-13
10323.2  2.616548E-13
10326.1  2.608013E-13
10329.  2.574257E-13
10331.9  2.546146E-13
10334.8  2.531378E-13
10337.7  2.504119E-13
10340.6  2.478630E-13
10343.5  2.496921E-13
10346.4  2.523134E-13
10349.3  2.494776E-13
10352.2  2.447908E-13
10355.1  2.435654E-13
10358.  2.450994E-13
10360.9  2.472797E-13
10363.8  2.464523E-13
10366.7  2.412510E-13
10369.6  2.352416E-13
10372.5  2.320997E-13
10375.4  2.353445E-13
10378.3  2.432760E-13
10381.2  2.498615E-13
10384.1  2.528269E-13
10387.  2.522023E-13
10389.9  2.495106E-13
10392.8  2.468951E-13
10395.7  2.462379E-13
10398.6  2.481182E-13
10401.5  2.485038E-13
10404.4  2.452537E-13
10407.3  2.418406E-13
10410.2  2.409901E-13
10413.1  2.441898E-13
10416.  2.491613E-13
10418.9  2.501448E-13
10421.8  2.469943E-13
10424.7  2.429148E-13
10427.6  2.405958E-13
10430.5  2.420514E-13
10433.4  2.457378E-13
10436.3  2.492495E-13
10439.2  2.504381E-13
10442.1  2.489612E-13
10445.  2.498168E-13
10447.9  2.535325E-13
10450.8  2.523621E-13
10453.7  2.449300E-13
10456.6  2.362969E-13
10459.5  2.312411E-13
10462.4  2.340580E-13
10465.3  2.396973E-13
10468.2  2.400191E-13
10471.1  2.359310E-13
10474.  2.307268E-13
10476.9  2.266799E-13
10479.8  2.256806E-13
10482.7  2.285562E-13
10485.6  2.342609E-13
10488.5  2.387529E-13
10491.4  2.405342E-13
10494.3  2.413761E-13
10497.2  2.421245E-13
10500.1  2.429984E-13
10503.  2.432605E-13
10505.9  2.417699E-13
10508.8  2.383624E-13
10511.7  2.334170E-13
10514.6  2.269831E-13
10517.5  2.204728E-13
10520.4  2.197097E-13
10523.3  2.275463E-13
10526.2  2.411801E-13
10529.1  2.534189E-13
10532.  2.517558E-13
10534.9  2.373500E-13
10537.8  2.224415E-13
10540.7  2.164852E-13
10543.6  2.259733E-13
10546.5  2.407436E-13
10549.4  2.467808E-13
10552.3  2.446872E-13
10555.2  2.383337E-13
10558.1  2.313983E-13
10561.  2.269530E-13
10563.9  2.251791E-13
10566.8  2.259197E-13
10569.7  2.295414E-13
10572.6  2.323575E-13
10575.5  2.268890E-13
10578.4  2.193831E-13
10581.3  2.228236E-13
10584.2  2.336980E-13
10587.1  2.427596E-13
10590.  2.399140E-13
10592.9  2.208146E-13
10595.8  2.062207E-13
10598.7  2.110644E-13
10601.6  2.269154E-13
10604.5  2.418805E-13
10607.4  2.396367E-13
10610.3  2.241327E-13
10613.2  2.215763E-13
10616.1  2.328423E-13
10619.  2.426506E-13
10621.9  2.448650E-13
10624.8  2.375906E-13
10627.7  2.264677E-13
10630.6  2.183122E-13
10633.5  2.135380E-13
10636.4  2.104028E-13
10639.3  2.021559E-13
10642.2  1.899975E-13
10645.1  1.913536E-13
10648.  2.096677E-13
10650.9  2.320658E-13
10653.8  2.469392E-13
10656.7  2.438718E-13
10659.6  2.326314E-13
10662.5  2.309804E-13
10665.4  2.316050E-13
10668.3  2.226468E-13
10671.2  2.073483E-13
10674.1  1.911583E-13
10677.  1.771943E-13
10679.9  1.706193E-13
10682.8  1.800188E-13
10685.7  2.074265E-13
10688.6  2.485246E-13
10691.5  2.826023E-13
10694.4  2.773048E-13
10697.3  2.443745E-13
10700.2  2.173869E-13
10703.1  2.105444E-13
10706.  2.271611E-13
10708.9  2.411825E-13
10711.8  2.303832E-13
10714.7  2.139444E-13
10717.6  2.080353E-13
10720.5  2.090740E-13
10723.4  2.165334E-13
10726.3  2.364532E-13
10729.2  2.570767E-13
10732.1  2.509552E-13
10735.  2.282301E-13
10737.9  2.195107E-13
10740.8  2.240715E-13
10743.7  2.306470E-13
10746.6  2.406463E-13
10749.5  2.543198E-13
10752.4  2.588640E-13
10755.3  2.464469E-13
10758.2  2.239321E-13
10761.1  2.015501E-13
10764.  1.926709E-13
10766.9  2.005136E-13
10769.8  2.171295E-13
10772.7  2.319100E-13
10775.6  2.340394E-13
10778.5  2.206097E-13
10781.4  1.948558E-13
10784.3  1.826022E-13
10787.2  2.053438E-13
10790.1  2.379743E-13
10793.  2.548643E-13
10795.9  2.529119E-13
10798.8  2.340014E-13
10801.7  2.032797E-13
10804.6  1.798212E-13
10807.5  2.002273E-13
10810.4  2.390566E-13
10813.3  2.276842E-13
10816.2  1.845609E-13
10819.1  1.642919E-13
10822.  1.724989E-13
10824.9  1.995041E-13
10827.8  2.315783E-13
10830.7  2.535684E-13
10833.6  2.537359E-13
10836.5  2.308229E-13
10839.4  2.016432E-13
10842.3  1.823466E-13
10845.2  1.850675E-13
10848.1  2.107340E-13
10851.  2.501324E-13
10853.9  2.860885E-13
10856.8  2.996444E-13
10859.7  2.908848E-13
10862.6  2.685602E-13
10865.5  2.442481E-13
10868.4  2.289972E-13
10871.3  2.307732E-13
10874.2  2.461096E-13
10877.1  2.450247E-13
10880.  2.233845E-13
10882.9  2.199510E-13
10885.8  2.363046E-13
10888.7  2.394450E-13
10891.6  2.272274E-13
10894.5  2.146095E-13
10897.4  1.964456E-13
10900.3  1.649189E-13
10903.2  1.477287E-13
10906.1  1.665434E-13
10909.  1.845177E-13
10911.9  1.753118E-13
10914.8  1.572437E-13
10917.7  1.527336E-13
10920.6  1.971893E-13
10923.5  2.479129E-13
10926.4  1.740658E-13
10929.3  4.220697E-14
10932.2  3.764595E-14
10935.1  1.248896E-13
10938.  1.872425E-13
10940.9  1.941949E-13
10943.8  1.475905E-13
10946.7  1.162681E-13
10949.6  1.472187E-13
10952.5  1.812740E-13
10955.4  1.784392E-13
10958.3  1.492999E-13
10961.2  1.124209E-13
10964.1  9.713299E-14
10967.  1.053366E-13
10969.9  1.171230E-13
10972.8  1.248480E-13
10975.7  1.267782E-13
10978.6  1.222569E-13
10981.5  1.135085E-13
10984.4  1.166077E-13
10987.3  1.385372E-13
10990.2  1.461422E-13
10993.1  1.247036E-13
10996.  1.067622E-13
10998.9  1.057907E-13
