3050.  1.619755E-13
3052.9  1.819126E-13
3055.8  7.076018E-14
3058.7  1.384207E-13
3061.6  1.288877E-13
3064.5  8.711936E-14
3067.4  1.917561E-13
3070.3  1.818765E-13
3073.2  1.658261E-13
3076.1  1.881634E-13
3079.  1.951695E-13
3081.9  2.371362E-13
3084.8  2.046413E-13
3087.7  2.008231E-13
3090.6  2.204438E-13
3093.5  1.462243E-13
3096.4  1.465463E-13
3099.3  1.743395E-13
3102.2  1.535383E-13
3105.1  1.928735E-13
3108.  2.271354E-13
3110.9  2.092822E-13
3113.8  2.042216E-13
3116.7  2.059635E-13
3119.6  1.629840E-13
3122.5  2.142057E-13
3125.4  1.786590E-13
3128.3  2.213638E-13
3131.2  1.969643E-13
3134.1  1.760879E-13
3137.  2.145114E-13
3139.9  2.183387E-13
3142.8  1.986689E-13
3145.7  2.023992E-13
3148.6  1.845071E-13
3151.5  2.026603E-13
3154.4  1.816024E-13
3157.3  1.574999E-13
3160.2  1.680041E-13
3163.1  2.076404E-13
3166.  2.373689E-13
3168.9  2.430011E-13
3171.8  2.526222E-13
3174.7  2.472962E-13
3177.6  2.151951E-13
3180.5  1.987441E-13
3183.4  2.130472E-13
3186.3  2.084929E-13
3189.2  2.076438E-13
3192.1  2.178834E-13
3195.  2.644071E-13
3197.9  2.626704E-13
3200.8  2.575629E-13
3203.7  2.604022E-13
3206.6  2.241155E-13
3209.5  2.054302E-13
3212.4  2.215724E-13
3215.3  2.313424E-13
3218.2  2.170145E-13
3221.1  2.108082E-13
3224.  1.875181E-13
3226.9  1.781421E-13
3229.8  1.974040E-13
3232.7  2.110005E-13
3235.6  2.085418E-13
3238.5  2.197226E-13
3241.4  2.280385E-13
3244.3  2.357572E-13
3247.2  2.666166E-13
3250.1  2.850334E-13
3253.  3.181996E-13
3255.9  3.429675E-13
3258.8  3.256959E-13
3261.7  3.265367E-13
3264.6  3.235720E-13
3267.5  3.122722E-13
3270.4  3.248911E-13
3273.3  3.074893E-13
3276.2  3.091179E-13
3279.1  3.099826E-13
3282.  3.168897E-13
3284.9  3.435127E-13
3287.8  3.812621E-13
3290.7  3.841704E-13
3293.6  3.784156E-13
3296.5  3.874351E-13
3299.4  3.696067E-13
3302.3  3.371063E-13
3305.2  3.248362E-13
3308.1  3.300503E-13
3311.  3.069381E-13
3313.9  3.267433E-13
3316.8  3.241602E-13
3319.7  3.175468E-13
3322.6  3.213671E-13
3325.5  3.304471E-13
3328.4  3.235890E-13
3331.3  3.199324E-13
3334.2  3.080089E-13
3337.1  3.054923E-13
3340.  3.237831E-13
3342.9  3.292027E-13
3345.8  3.312468E-13
3348.7  3.206755E-13
3351.6  3.066228E-13
3354.5  2.862506E-13
3357.4  2.454773E-13
3360.3  2.358988E-13
3363.2  2.328467E-13
3366.1  2.356776E-13
3369.  2.563716E-13
3371.9  2.833819E-13
3374.8  2.930606E-13
3377.7  3.039629E-13
3380.6  3.086753E-13
3383.5  3.251378E-13
3386.4  3.262687E-13
3389.3  3.376064E-13
3392.2  3.658989E-13
3395.1  3.895953E-13
3398.  4.113599E-13
3400.9  3.767865E-13
3403.8  3.453967E-13
3406.7  3.275949E-13
3409.6  3.270537E-13
3412.5  3.503217E-13
3415.4  3.813737E-13
3418.3  4.052022E-13
3421.2  4.009192E-13
3424.1  3.804110E-13
3427.  3.704929E-13
3429.9  3.617296E-13
3432.8  3.237122E-13
3435.7  2.845905E-13
3438.6  2.811382E-13
3441.5  2.923765E-13
3444.4  3.374818E-13
3447.3  3.648186E-13
3450.2  3.800466E-13
3453.1  3.510847E-13
3456.  3.354282E-13
3458.9  3.388877E-13
3461.8  3.589635E-13
3464.7  3.620723E-13
3467.6  3.636015E-13
3470.5  3.396874E-13
3473.4  3.072968E-13
3476.3  3.186701E-13
3479.2  3.385158E-13
3482.1  3.547406E-13
3485.  3.502368E-13
3487.9  3.442921E-13
3490.8  3.311192E-13
3493.7  3.763748E-13
3496.6  4.278866E-13
3499.5  4.513832E-13
3502.4  4.333979E-13
3505.3  4.107246E-13
3508.2  3.860321E-13
3511.1  3.798038E-13
3514.  3.850782E-13
3516.9  3.766465E-13
3519.8  3.525838E-13
3522.7  3.446405E-13
3525.6  3.669442E-13
3528.5  4.207699E-13
3531.4  4.366348E-13
3534.3  4.524437E-13
3537.2  4.497809E-13
3540.1  4.256417E-13
3543.  4.431759E-13
3545.9  4.309814E-13
3548.8  4.028261E-13
3551.7  3.759253E-13
3554.6  3.833069E-13
3557.5  3.450885E-13
3560.4  3.320959E-13
3563.3  3.003091E-13
3566.2  2.769752E-13
3569.1  2.880885E-13
3572.  2.947868E-13
3574.9  2.678289E-13
3577.8  2.338302E-13
3580.7  2.103843E-13
3583.6  2.383308E-13
3586.5  3.103019E-13
3589.4  3.760203E-13
3592.3  4.519794E-13
3595.2  4.854835E-13
3598.1  4.689928E-13
3601.  4.276502E-13
3603.9  4.035321E-13
3606.8  3.721305E-13
3609.7  3.450169E-13
3612.6  4.048437E-13
3615.5  4.133184E-13
3618.4  4.148455E-13
3621.3  4.665135E-13
3624.2  5.041913E-13
3627.1  5.009401E-13
3630.  4.767268E-13
3632.9  4.883686E-13
3635.8  5.334902E-13
3638.7  5.480597E-13
3641.6  5.237820E-13
3644.5  4.977730E-13
3647.4  5.111807E-13
3650.3  5.779055E-13
3653.2  6.467400E-13
3656.1  6.853057E-13
3659.  6.867319E-13
3661.9  6.628677E-13
3664.8  6.271805E-13
3667.7  6.375621E-13
3670.6  6.373752E-13
3673.5  6.176149E-13
3676.4  5.835106E-13
3679.3  5.593424E-13
3682.2  5.570251E-13
3685.1  5.681575E-13
3688.  5.731827E-13
3690.9  5.782079E-13
3693.8  5.832335E-13
3696.7  5.882587E-13
3699.6  6.555600E-13
3702.5  5.971153E-13
3705.4  5.569543E-13
3708.3  5.847946E-13
3711.2  6.462739E-13
3714.1  6.227374E-13
3717.  5.280810E-13
3719.9  4.613674E-13
3722.8  4.820569E-13
3725.7  4.998276E-13
3728.6  4.495596E-13
3731.5  3.829098E-13
3734.4  3.585341E-13
3737.3  3.984254E-13
3740.2  4.242440E-13
3743.1  3.903649E-13
3746.  3.745526E-13
3748.9  4.270489E-13
3751.8  4.957957E-13
3754.7  5.023194E-13
3757.6  4.642346E-13
3760.5  4.561947E-13
3763.4  4.760839E-13
3766.3  5.172123E-13
3769.2  5.765966E-13
3772.1  6.100964E-13
3775.  6.125197E-13
3777.9  6.088833E-13
3780.8  5.954438E-13
3783.7  5.510444E-13
3786.6  4.769707E-13
3789.5  4.273650E-13
3792.4  4.206164E-13
3795.3  4.211652E-13
3798.2  4.417195E-13
3801.1  4.822847E-13
3804.  4.888388E-13
3806.9  4.729830E-13
3809.8  4.435287E-13
3812.7  3.839227E-13
3815.6  3.256488E-13
3818.5  2.796209E-13
3821.4  2.646412E-13
3824.3  2.534349E-13
3827.2  2.550980E-13
3830.1  2.617461E-13
3833.  2.698999E-13
3835.9  2.872465E-13
3838.8  2.978850E-13
3841.7  3.217448E-13
3844.6  3.387224E-13
3847.5  3.306862E-13
3850.4  3.128741E-13
3853.3  3.110387E-13
3856.2  2.974489E-13
3859.1  2.868156E-13
3862.  3.044990E-13
3864.9  3.043487E-13
3867.8  2.968281E-13
3870.7  3.046046E-13
3873.6  3.304908E-13
3876.5  3.508890E-13
3879.4  3.601642E-13
3882.3  4.141361E-13
3885.2  4.768026E-13
3888.1  5.486024E-13
3891.  6.122409E-13
3893.9  6.348974E-13
3896.8  6.299039E-13
3899.7  6.204846E-13
3902.6  6.102952E-13
3905.5  6.360050E-13
3908.4  6.744853E-13
3911.3  6.872645E-13
3914.2  6.552664E-13
3917.1  5.957357E-13
3920.  5.241754E-13
3922.9  4.556517E-13
3925.8  3.664525E-13
3928.7  2.689708E-13
3931.6  2.207756E-13
3934.5  2.471579E-13
3937.4  3.362939E-13
3940.3  4.378241E-13
3943.2  5.335896E-13
3946.1  6.310963E-13
3949.  7.044184E-13
3951.9  7.381249E-13
3954.8  7.165698E-13
3957.7  6.286726E-13
3960.6  4.880806E-13
3963.5  3.599430E-13
3966.4  2.908409E-13
3969.3  3.457784E-13
3972.2  4.940445E-13
3975.1  6.628048E-13
3978.  7.946777E-13
3980.9  8.731690E-13
3983.8  9.199457E-13
3986.7  9.653220E-13
3989.6  9.981780E-13
3992.5  9.996079E-13
3995.4  1.011601E-12
3998.3  1.040867E-12
4001.2  1.065715E-12
4004.1  1.056039E-12
4007.  1.057609E-12
4009.9  1.097238E-12
4012.8  1.130137E-12
4015.7  1.144751E-12
4018.6  1.126218E-12
4021.5  1.113632E-12
4024.4  1.106154E-12
4027.3  1.085057E-12
4030.2  1.040300E-12
4033.1  1.037235E-12
4036.  1.094409E-12
4038.9  1.101684E-12
4041.8  1.026532E-12
4044.7  9.811305E-13
4047.6  1.020587E-12
4050.5  1.050725E-12
4053.4  1.001184E-12
4056.3  9.570234E-13
4059.2  9.537597E-13
4062.1  9.459271E-13
4065.  9.457976E-13
4067.9  9.645089E-13
4070.8  9.610755E-13
4073.7  9.556928E-13
4076.6  9.722291E-13
4079.5  1.035538E-12
4082.4  1.118930E-12
4085.3  1.150522E-12
4088.2  1.158255E-12
4091.1  1.132890E-12
4094.  1.067491E-12
4096.9  1.031723E-12
4099.8  1.008965E-12
4102.7  1.031279E-12
4105.6  1.062596E-12
4108.5  1.081652E-12
4111.4  1.093408E-12
4114.3  1.096629E-12
4117.2  1.077093E-12
4120.1  1.054377E-12
4123.  1.032566E-12
4125.9  1.021262E-12
4128.8  9.942619E-13
4131.7  9.869076E-13
4134.6  1.024593E-12
4137.5  1.037459E-12
4140.4  9.950429E-13
4143.3  9.474336E-13
4146.2  9.627790E-13
4149.1  9.684220E-13
4152.  9.760365E-13
4154.9  9.979872E-13
4157.8  1.039102E-12
4160.7  1.084161E-12
4163.6  1.077118E-12
4166.5  1.039980E-12
4169.4  9.935006E-13
4172.3  9.521602E-13
4175.2  9.529755E-13
4178.1  9.635296E-13
4181.  1.017219E-12
4183.9  1.077493E-12
4186.8  1.087738E-12
4189.7  1.079582E-12
4192.6  1.049936E-12
4195.5  1.007246E-12
4198.4  9.977580E-13
4201.3  1.041933E-12
4204.2  1.098663E-12
4207.1  1.148499E-12
4210.  1.141426E-12
4212.9  1.135803E-12
4215.8  1.174444E-12
4218.7  1.225761E-12
4221.6  1.171900E-12
4224.5  1.063585E-12
4227.4  1.097082E-12
4230.3  1.195039E-12
4233.2  1.209890E-12
4236.1  1.193643E-12
4239.  1.218754E-12
4241.9  1.207893E-12
4244.8  1.158495E-12
4247.7  1.132346E-12
4250.6  1.137649E-12
4253.5  1.153411E-12
4256.4  1.168247E-12
4259.3  1.184367E-12
4262.2  1.239446E-12
4265.1  1.241892E-12
4268.  1.146770E-12
4270.9  1.044745E-12
4273.8  1.063459E-12
4276.7  1.152637E-12
4279.6  1.172092E-12
4282.5  1.131779E-12
4285.4  1.100208E-12
4288.3  1.085805E-12
4291.2  1.079155E-12
4294.1  1.047537E-12
4297.  9.372855E-13
4299.9  8.491705E-13
4302.8  8.148221E-13
4305.7  8.082682E-13
4308.6  8.756451E-13
4311.5  1.062079E-12
4314.4  1.302489E-12
4317.3  1.419291E-12
4320.2  1.351299E-12
4323.1  1.232676E-12
4326.  1.267439E-12
4328.9  1.399627E-12
4331.8  1.452990E-12
4334.7  1.398524E-12
4337.6  1.304628E-12
4340.5  1.309306E-12
4343.4  1.394946E-12
4346.3  1.434887E-12
4349.2  1.401693E-12
4352.1  1.366760E-12
4355.  1.404263E-12
4357.9  1.450174E-12
4360.8  1.498881E-12
4363.7  1.520604E-12
4366.6  1.472943E-12
4369.5  1.417065E-12
4372.4  1.368413E-12
4375.3  1.346343E-12
4378.2  1.309042E-12
4381.1  1.204215E-12
4384.  1.153958E-12
4386.9  1.220777E-12
4389.8  1.285497E-12
4392.7  1.339656E-12
4395.6  1.388470E-12
4398.5  1.388679E-12
4401.4  1.333717E-12
4404.3  1.303361E-12
4407.2  1.362905E-12
4410.1  1.454878E-12
4413.  1.476821E-12
4415.9  1.483040E-12
4418.8  1.501404E-12
4421.7  1.488374E-12
4424.6  1.466028E-12
4427.5  1.449356E-12
4430.4  1.438387E-12
4433.3  1.450799E-12
4436.2  1.486933E-12
4439.1  1.507189E-12
4442.  1.508027E-12
4444.9  1.550885E-12
4447.8  1.575716E-12
4450.7  1.524003E-12
4453.6  1.447698E-12
4456.5  1.397772E-12
4459.4  1.395744E-12
4462.3  1.441890E-12
4465.2  1.539315E-12
4468.1  1.660741E-12
4471.  1.766589E-12
4473.9  1.791839E-12
4476.8  1.728566E-12
4479.7  1.665480E-12
4482.6  1.654027E-12
4485.5  1.653929E-12
4488.4  1.624226E-12
4491.3  1.608863E-12
4494.2  1.627723E-12
4497.1  1.682372E-12
4500.  1.765841E-12
4502.9  1.829623E-12
4505.8  1.857015E-12
4508.7  1.830137E-12
4511.6  1.776115E-12
4514.5  1.724209E-12
4517.4  1.697465E-12
4520.3  1.690126E-12
4523.2  1.625673E-12
4526.1  1.544799E-12
4529.  1.517408E-12
4531.9  1.549836E-12
4534.8  1.597837E-12
4537.7  1.639715E-12
4540.6  1.661712E-12
4543.5  1.632121E-12
4546.4  1.625908E-12
4549.3  1.657769E-12
4552.2  1.682268E-12
4555.1  1.701885E-12
4558.  1.739485E-12
4560.9  1.748823E-12
4563.8  1.748641E-12
4566.7  1.767924E-12
4569.6  1.780603E-12
4572.5  1.764594E-12
4575.4  1.751870E-12
4578.3  1.697219E-12
4581.2  1.661280E-12
4584.1  1.681618E-12
4587.  1.734683E-12
4589.9  1.737706E-12
4592.8  1.685105E-12
4595.7  1.672812E-12
4598.6  1.684036E-12
4601.5  1.729632E-12
4604.4  1.799772E-12
4607.3  1.886960E-12
4610.2  1.929324E-12
4613.1  1.914093E-12
4616.  1.904207E-12
4618.9  1.905357E-12
4621.8  1.912641E-12
4624.7  1.912321E-12
4627.6  1.897066E-12
4630.5  1.875691E-12
4633.4  1.831384E-12
4636.3  1.771181E-12
4639.2  1.758778E-12
4642.1  1.745154E-12
4645.  1.683798E-12
4647.9  1.682859E-12
4650.8  1.748310E-12
4653.7  1.777463E-12
4656.6  1.805315E-12
4659.5  1.833862E-12
4662.4  1.751577E-12
4665.3  1.656151E-12
4668.2  1.666175E-12
4671.1  1.746888E-12
4674.  1.799164E-12
4676.9  1.802003E-12
4679.8  1.767326E-12
4682.7  1.771043E-12
4685.6  1.797178E-12
4688.5  1.785232E-12
4691.4  1.779984E-12
4694.3  1.780048E-12
4697.2  1.735945E-12
4700.1  1.688707E-12
4703.  1.677305E-12
4705.9  1.681228E-12
4708.8  1.691779E-12
4711.7  1.735346E-12
4714.6  1.808919E-12
4717.5  1.882107E-12
4720.4  1.915306E-12
4723.3  1.871642E-12
4726.2  1.775719E-12
4729.1  1.711506E-12
4732.  1.738532E-12
4734.9  1.760487E-12
4737.8  1.787254E-12
4740.7  1.833009E-12
4743.6  1.871906E-12
4746.5  1.907465E-12
4749.4  1.906317E-12
4752.3  1.875194E-12
4755.2  1.837672E-12
4758.1  1.816461E-12
4761.  1.798182E-12
4763.9  1.781636E-12
4766.8  1.843431E-12
4769.7  1.923991E-12
4772.6  1.979928E-12
4775.5  2.010957E-12
4778.4  1.973159E-12
4781.3  1.916288E-12
4784.2  1.876030E-12
4787.1  1.884679E-12
4790.  1.917647E-12
4792.9  1.956995E-12
4795.8  1.940085E-12
4798.7  1.914674E-12
4801.6  1.943250E-12
4804.5  1.935621E-12
4807.4  1.893988E-12
4810.3  1.910667E-12
4813.2  1.968743E-12
4816.1  2.014508E-12
4819.  2.011503E-12
4821.9  1.980358E-12
4824.8  1.948859E-12
4827.7  1.935017E-12
4830.6  1.922275E-12
4833.5  1.925809E-12
4836.4  1.919420E-12
4839.3  1.899853E-12
4842.2  1.903970E-12
4845.1  1.932662E-12
4848.  1.948802E-12
4850.9  1.913863E-12
4853.8  1.822483E-12
4856.7  1.723770E-12
4859.6  1.640060E-12
4862.5  1.644509E-12
4865.4  1.742560E-12
4868.3  1.775551E-12
4871.2  1.751320E-12
4874.1  1.778207E-12
4877.  1.853837E-12
4879.9  1.882241E-12
4882.8  1.848728E-12
4885.7  1.802963E-12
4888.6  1.775055E-12
4891.5  1.845822E-12
4894.4  1.979882E-12
4897.3  2.015634E-12
4900.2  1.977536E-12
4903.1  1.976858E-12
4906.  1.952701E-12
4908.9  1.877352E-12
4911.8  1.862647E-12
4914.7  1.864199E-12
4917.6  1.783883E-12
4920.5  1.747330E-12
4923.4  1.813239E-12
4926.3  1.904794E-12
4929.2  1.958557E-12
4932.1  1.926782E-12
4935.  1.868090E-12
4937.9  1.845937E-12
4940.8  1.899244E-12
4943.7  1.961216E-12
4946.6  2.011998E-12
4949.5  2.047528E-12
4952.4  2.026585E-12
4955.3  1.957625E-12
4958.2  1.948137E-12
4961.1  2.015567E-12
4964.  2.015899E-12
4966.9  1.983594E-12
4969.8  1.990207E-12
4972.7  2.018433E-12
4975.6  1.986361E-12
4978.5  1.880581E-12
4981.4  1.790495E-12
4984.3  1.795406E-12
4987.2  1.876298E-12
4990.1  1.928635E-12
4993.  1.928204E-12
4995.9  1.906625E-12
4998.8  1.848296E-12
5001.7  1.797925E-12
5004.6  1.766353E-12
5007.5  1.764610E-12
5010.4  1.762079E-12
5013.3  1.738540E-12
5016.2  1.748707E-12
5019.1  1.772507E-12
5022.  1.793741E-12
5024.9  1.831975E-12
5027.8  1.878549E-12
5030.7  1.950671E-12
5033.6  1.949643E-12
5036.5  1.833779E-12
5039.4  1.740155E-12
5042.3  1.801158E-12
5045.2  1.895320E-12
5048.1  1.895505E-12
5051.  1.871889E-12
5053.9  1.931004E-12
5056.8  2.024383E-12
5059.7  2.046137E-12
5062.6  1.989065E-12
5065.5  1.923239E-12
5068.4  1.910196E-12
5071.3  1.914795E-12
5074.2  1.906793E-12
5077.1  1.862699E-12
5080.  1.804218E-12
5082.9  1.842432E-12
5085.8  1.933500E-12
5088.7  1.977944E-12
5091.6  1.980971E-12
5094.5  1.956427E-12
5097.4  1.898706E-12
5100.3  1.879073E-12
5103.2  1.892702E-12
5106.1  1.850448E-12
5109.  1.847723E-12
5111.9  1.906685E-12
5114.8  1.960681E-12
5117.7  1.966438E-12
5120.6  1.907327E-12
5123.5  1.812620E-12
5126.4  1.786126E-12
5129.3  1.813201E-12
5132.2  1.858169E-12
5135.1  1.876970E-12
5138.  1.852944E-12
5140.9  1.832461E-12
5143.8  1.806031E-12
5146.7  1.789429E-12
5149.6  1.805630E-12
5152.5  1.825542E-12
5155.4  1.890155E-12
5158.3  1.920465E-12
5161.2  1.827653E-12
5164.1  1.660786E-12
5167.  1.508204E-12
5169.9  1.492685E-12
5172.8  1.588565E-12
5175.7  1.748630E-12
5178.6  1.800282E-12
5181.5  1.705172E-12
5184.4  1.683310E-12
5187.3  1.808986E-12
5190.2  1.855876E-12
5193.1  1.836389E-12
5196.  1.859372E-12
5198.9  1.905499E-12
5201.8  1.900855E-12
5204.7  1.823965E-12
5207.6  1.801636E-12
5210.5  1.854640E-12
5213.4  1.904154E-12
5216.3  1.931695E-12
5219.2  1.956370E-12
5222.1  1.902844E-12
5225.  1.796002E-12
5227.9  1.818240E-12
5230.8  1.887970E-12
5233.7  1.920902E-12
5236.6  1.976546E-12
5239.5  2.044235E-12
5242.4  2.039578E-12
5245.3  1.977576E-12
5248.2  1.895345E-12
5251.1  1.874640E-12
5254.  1.918514E-12
5256.9  1.957557E-12
5259.8  1.918593E-12
5262.7  1.776887E-12
5265.6  1.663436E-12
5268.5  1.653714E-12
5271.4  1.746578E-12
5274.3  1.878228E-12
5277.2  1.961495E-12
5280.1  1.970076E-12
5283.  1.964596E-12
5285.9  2.049527E-12
5288.8  2.123418E-12
5291.7  2.094091E-12
5294.6  2.004522E-12
5297.5  1.929041E-12
5300.4  1.966625E-12
5303.3  2.098478E-12
5306.2  2.193055E-12
5309.1  2.199250E-12
5312.  2.165577E-12
5314.9  2.113954E-12
5317.8  2.086783E-12
5320.7  2.062366E-12
5323.6  1.988991E-12
5326.5  1.878249E-12
5329.4  1.864318E-12
5332.3  1.973766E-12
5335.2  2.059800E-12
5338.1  2.035622E-12
5341.  1.977877E-12
5343.9  2.013441E-12
5346.8  2.044672E-12
5349.7  2.081365E-12
5352.6  2.144736E-12
5355.5  2.185364E-12
5358.4  2.199884E-12
5361.3  2.146095E-12
5364.2  2.084234E-12
5367.1  2.041744E-12
5370.  1.994621E-12
5372.9  2.040235E-12
5375.8  2.126221E-12
5378.7  2.125765E-12
5381.6  2.103261E-12
5384.5  2.112315E-12
5387.4  2.065209E-12
5390.3  1.998561E-12
5393.2  1.954759E-12
5396.1  1.932522E-12
5399.  1.936090E-12
5401.9  1.943865E-12
5404.8  1.902956E-12
5407.7  1.909765E-12
5410.6  1.970490E-12
5413.5  2.047652E-12
5416.4  2.097879E-12
5419.3  2.096316E-12
5422.2  2.074074E-12
5425.1  2.058076E-12
5428.  2.020439E-12
5430.9  1.988925E-12
5433.8  2.001406E-12
5436.7  2.054556E-12
5439.6  2.114184E-12
5442.5  2.118297E-12
5445.4  2.069917E-12
5448.3  2.087435E-12
5451.2  2.127843E-12
5454.1  2.080784E-12
5457.  2.059666E-12
5459.9  2.087263E-12
5462.8  2.108583E-12
5465.7  2.137458E-12
5468.6  2.124062E-12
5471.5  2.048726E-12
5474.4  1.976013E-12
5477.3  1.943381E-12
5480.2  1.963585E-12
5483.1  1.992923E-12
5486.  2.025480E-12
5488.9  2.044744E-12
5491.8  2.077812E-12
5494.7  2.100566E-12
5497.6  2.115331E-12
5500.5  2.104707E-12
5503.4  2.068316E-12
5506.3  2.051735E-12
5509.2  2.040678E-12
5512.1  2.012116E-12
5515.  2.029075E-12
5517.9  2.079633E-12
5520.8  2.097414E-12
5523.7  2.068795E-12
5526.6  2.024441E-12
5529.5  2.019828E-12
5532.4  2.059546E-12
5535.3  2.087290E-12
5538.2  2.125327E-12
5541.1  2.170296E-12
5544.  2.164785E-12
5546.9  2.163748E-12
5549.8  2.183694E-12
5552.7  2.200259E-12
5555.6  2.196736E-12
5558.5  2.192037E-12
5561.4  2.143507E-12
5564.3  2.102012E-12
5567.2  2.060551E-12
5570.1  2.069478E-12
5573.  2.083213E-12
5575.9  2.113503E-12
5578.8  2.117723E-12
5581.7  2.077195E-12
5584.6  2.019309E-12
5587.5  1.938239E-12
5590.4  1.925470E-12
5593.3  1.976384E-12
5596.2  2.019442E-12
5599.1  2.017774E-12
5602.  2.014316E-12
5604.9  2.085244E-12
5607.8  2.168215E-12
5610.7  2.193275E-12
5613.6  2.132881E-12
5616.5  2.066461E-12
5619.4  2.065435E-12
5622.3  2.056495E-12
5625.2  2.052627E-12
5628.1  2.088464E-12
5631.  2.134644E-12
5633.9  2.119328E-12
5636.8  2.102320E-12
5639.7  2.084303E-12
5642.6  2.085620E-12
5645.5  2.109298E-12
5648.4  2.125323E-12
5651.3  2.117413E-12
5654.2  2.067370E-12
5657.1  1.989435E-12
5660.  1.970274E-12
5662.9  2.012164E-12
5665.8  2.067081E-12
5668.7  2.132150E-12
5671.6  2.176448E-12
5674.5  2.186292E-12
5677.4  2.166100E-12
5680.3  2.129043E-12
5683.2  2.093715E-12
5686.1  2.093019E-12
5689.  2.105971E-12
5691.9  2.135026E-12
5694.8  2.147103E-12
5697.7  2.109120E-12
5700.6  2.050653E-12
5703.5  2.016731E-12
5706.4  1.980728E-12
5709.3  1.966748E-12
5712.2  2.016293E-12
5715.1  2.084752E-12
5718.  2.146080E-12
5720.9  2.181611E-12
5723.8  2.173473E-12
5726.7  2.144981E-12
5729.6  2.143099E-12
5732.5  2.171135E-12
5735.4  2.199790E-12
5738.3  2.195300E-12
5741.2  2.207118E-12
5744.1  2.201893E-12
5747.  2.163101E-12
5749.9  2.127774E-12
5752.8  2.102843E-12
5755.7  2.099672E-12
5758.6  2.109283E-12
5761.5  2.105655E-12
5764.4  2.139359E-12
5767.3  2.181646E-12
5770.2  2.177358E-12
5773.1  2.152367E-12
5776.  2.134991E-12
5778.9  2.090194E-12
5781.8  2.030852E-12
5784.7  2.036295E-12
5787.6  2.072363E-12
5790.5  2.099851E-12
5793.4  2.128135E-12
5796.3  2.129042E-12
5799.2  2.124512E-12
5802.1  2.106315E-12
5805.  2.085407E-12
5807.9  2.097042E-12
5810.8  2.125064E-12
5813.7  2.139161E-12
5816.6  2.156759E-12
5819.5  2.178811E-12
5822.4  2.196390E-12
5825.3  2.206165E-12
5828.2  2.206905E-12
5831.1  2.204801E-12
5834.  2.200179E-12
5836.9  2.195495E-12
5839.8  2.192942E-12
5842.7  2.189305E-12
5845.6  2.170328E-12
5848.5  2.142722E-12
5851.4  2.120341E-12
5854.3  2.104408E-12
5857.2  2.095564E-12
5860.1  2.106069E-12
5863.  2.131382E-12
5865.9  2.152851E-12
5868.8  2.175742E-12
5871.7  2.198936E-12
5874.6  2.208557E-12
5877.5  2.184581E-12
5880.4  2.126973E-12
5883.3  2.071898E-12
5886.2  2.004964E-12
5889.1  1.936544E-12
5892.  1.915786E-12
5894.9  1.946931E-12
5897.8  2.009780E-12
5900.7  2.089127E-12
5903.6  2.123897E-12
5906.5  2.115706E-12
5909.4  2.124742E-12
5912.3  2.152346E-12
5915.2  2.163808E-12
5918.1  2.163435E-12
5921.  2.164508E-12
5923.9  2.164341E-12
5926.8  2.156825E-12
5929.7  2.152610E-12
5932.6  2.156685E-12
5935.5  2.164962E-12
5938.4  2.168186E-12
5941.3  2.160528E-12
5944.2  2.143995E-12
5947.1  2.120381E-12
5950.  2.104773E-12
5952.9  2.107415E-12
5955.8  2.125086E-12
5958.7  2.154001E-12
5961.6  2.179185E-12
5964.5  2.195009E-12
5967.4  2.205625E-12
5970.3  2.203239E-12
5973.2  2.184394E-12
5976.1  2.158162E-12
5979.  2.140634E-12
5981.9  2.128906E-12
5984.8  2.119009E-12
5987.7  2.123640E-12
5990.6  2.133380E-12
5993.5  2.135829E-12
5996.4  2.128584E-12
5999.3  2.111772E-12
6002.2  2.087824E-12
6005.1  2.058167E-12
6008.  2.045965E-12
6010.9  2.054613E-12
6013.8  2.062318E-12
6016.7  2.070022E-12
6019.6  2.077228E-12
6022.5  2.087390E-12
6025.4  2.113926E-12
6028.3  2.155603E-12
6031.2  2.184289E-12
6034.1  2.193908E-12
6037.  2.193205E-12
6039.9  2.186301E-12
6042.8  2.185547E-12
6045.7  2.181781E-12
6048.6  2.173667E-12
6051.5  2.165256E-12
6054.4  2.156846E-12
6057.3  2.163574E-12
6060.2  2.162565E-12
6063.1  2.151999E-12
6066.  2.153484E-12
6068.9  2.166519E-12
6071.8  2.171900E-12
6074.7  2.146832E-12
6077.6  2.117293E-12
6080.5  2.106343E-12
6083.4  2.105469E-12
6086.3  2.114161E-12
6089.2  2.109869E-12
6092.1  2.111645E-12
6095.  2.126135E-12
6097.9  2.126920E-12
6100.8  2.112170E-12
6103.7  2.121674E-12
6106.6  2.133166E-12
6109.5  2.129651E-12
6112.4  2.120371E-12
6115.3  2.107862E-12
6118.2  2.091168E-12
6121.1  2.079530E-12
6124.  2.077426E-12
6126.9  2.075863E-12
6129.8  2.063762E-12
6132.7  2.039360E-12
6135.6  2.026075E-12
6138.5  2.048318E-12
6141.4  2.071873E-12
6144.3  2.078713E-12
6147.2  2.073811E-12
6150.1  2.071478E-12
6153.  2.058983E-12
6155.9  2.038275E-12
6158.8  2.005827E-12
6161.7  1.989156E-12
6164.6  2.001476E-12
6167.5  2.025566E-12
6170.4  2.056096E-12
6173.3  2.084681E-12
6176.2  2.107763E-12
6179.1  2.121288E-12
6182.  2.112149E-12
6184.9  2.083078E-12
6187.8  2.065153E-12
6190.7  2.071156E-12
6193.6  2.081240E-12
6196.5  2.085755E-12
6199.4  2.094302E-12
6202.3  2.103976E-12
6205.2  2.096664E-12
6208.1  2.068846E-12
6211.  2.031906E-12
6213.9  2.007755E-12
6216.8  2.009608E-12
6219.7  2.008265E-12
6222.6  2.007885E-12
6225.5  2.006882E-12
6228.4  2.005113E-12
6231.3  2.017640E-12
6234.2  2.022279E-12
6237.1  2.005561E-12
6240.  1.985492E-12
6242.9  1.986819E-12
6245.8  1.996725E-12
6248.7  1.982737E-12
6251.6  1.956500E-12
6254.5  1.949900E-12
6257.4  1.975877E-12
6260.3  2.008915E-12
6263.2  2.025074E-12
6266.1  2.043752E-12
6269.  2.065527E-12
6271.9  2.074699E-12
6274.8  2.059784E-12
6277.7  2.038157E-12
6280.6  2.036250E-12
6283.5  2.048081E-12
6286.4  2.059601E-12
6289.3  2.060302E-12
6292.2  2.050410E-12
6295.1  2.031927E-12
6298.  2.016894E-12
6300.9  2.024381E-12
6303.8  2.039867E-12
6306.7  2.037674E-12
6309.6  2.025428E-12
6312.5  2.007447E-12
6315.4  1.999725E-12
6318.3  2.011400E-12
6321.2  2.036510E-12
6324.1  2.050935E-12
6327.  2.053450E-12
6329.9  2.045399E-12
6332.8  2.032852E-12
6335.7  2.025304E-12
6338.6  2.037913E-12
6341.5  2.047779E-12
6344.4  2.066147E-12
6347.3  2.067272E-12
6350.2  2.055800E-12
6353.1  2.032064E-12
6356.  2.006796E-12
6358.9  1.983453E-12
6361.8  1.981472E-12
6364.7  2.009106E-12
6367.6  2.054285E-12
6370.5  2.079974E-12
6373.4  2.092481E-12
6376.3  2.088486E-12
6379.2  2.084147E-12
6382.1  2.095265E-12
6385.  2.100396E-12
6387.9  2.093537E-12
6390.8  2.065483E-12
6393.7  2.047790E-12
6396.6  2.038107E-12
6399.5  2.031410E-12
6402.4  2.039934E-12
6405.3  2.042506E-12
6408.2  2.037411E-12
6411.1  2.041407E-12
6414.  2.050502E-12
6416.9  2.053722E-12
6419.8  2.055252E-12
6422.7  2.063855E-12
6425.6  2.075059E-12
6428.5  2.069211E-12
6431.4  2.049189E-12
6434.3  2.032711E-12
6437.2  2.030185E-12
6440.1  2.032016E-12
6443.  2.049676E-12
6445.9  2.055374E-12
6448.8  2.038847E-12
6451.7  2.020187E-12
6454.6  2.023235E-12
6457.5  2.031922E-12
6460.4  2.037677E-12
6463.3  2.040261E-12
6466.2  2.043949E-12
6469.1  2.054278E-12
6472.  2.058886E-12
6474.9  2.055155E-12
6477.8  2.048825E-12
6480.7  2.043387E-12
6483.6  2.019982E-12
6486.5  2.008021E-12
6489.4  1.987704E-12
6492.3  1.961921E-12
6495.2  1.941725E-12
6498.1  1.949862E-12
6501.  1.985042E-12
6503.9  2.023474E-12
6506.8  2.052172E-12
6509.7  2.065496E-12
6512.6  2.064562E-12
6515.5  2.054940E-12
6518.4  2.044694E-12
6521.3  2.040803E-12
6524.2  2.043632E-12
6527.1  2.050558E-12
6530.  2.054832E-12
6532.9  2.053308E-12
6535.8  2.050042E-12
6538.7  2.046202E-12
6541.6  2.039749E-12
6544.5  2.029185E-12
6547.4  2.013366E-12
6550.3  1.989412E-12
6553.2  1.955454E-12
6556.1  1.912691E-12
6559.  1.867287E-12
6561.9  1.844124E-12
6564.8  1.859569E-12
6567.7  1.900314E-12
6570.6  1.948445E-12
6573.5  1.983595E-12
6576.4  2.000294E-12
6579.3  2.012769E-12
6582.2  2.022875E-12
6585.1  2.023859E-12
6588.  2.018282E-12
6590.9  2.012261E-12
6593.8  2.010099E-12
6596.7  2.014409E-12
6599.6  2.022381E-12
6602.5  2.030471E-12
6605.4  2.036908E-12
6608.3  2.041730E-12
6611.2  2.049043E-12
6614.1  2.058331E-12
6617.  2.062762E-12
6619.9  2.059626E-12
6622.8  2.049830E-12
6625.7  2.036299E-12
6628.6  2.023150E-12
6631.5  2.013366E-12
6634.4  2.008851E-12
6637.3  2.007990E-12
6640.2  2.009270E-12
6643.1  2.016489E-12
6646.  2.029885E-12
6648.9  2.040942E-12
6651.8  2.043987E-12
6654.7  2.038219E-12
6657.6  2.026758E-12
6660.5  2.016003E-12
6663.4  2.012441E-12
6666.3  2.021372E-12
6669.2  2.035509E-12
6672.1  2.044069E-12
6675.  2.046936E-12
6677.9  2.047129E-12
6680.8  2.052053E-12
6683.7  2.063080E-12
6686.6  2.062983E-12
6689.5  2.045105E-12
6692.4  2.022059E-12
6695.3  2.002769E-12
6698.2  1.991967E-12
6701.1  1.987940E-12
6704.  1.984352E-12
6706.9  1.978627E-12
6709.8  1.970525E-12
6712.7  1.964829E-12
6715.6  1.966735E-12
6718.5  1.976623E-12
6721.4  1.992768E-12
6724.3  2.011139E-12
6727.2  2.026697E-12
6730.1  2.033569E-12
6733.  2.030600E-12
6735.9  2.022127E-12
6738.8  2.013076E-12
6741.7  2.008467E-12
6744.6  2.008581E-12
6747.5  2.011117E-12
6750.4  2.016347E-12
6753.3  2.024310E-12
6756.2  2.032275E-12
6759.1  2.036716E-12
6762.  2.031900E-12
6764.9  2.017520E-12
6767.8  2.004033E-12
6770.7  1.998231E-12
6773.6  2.001475E-12
6776.5  2.008547E-12
6779.4  2.008995E-12
6782.3  2.001591E-12
6785.2  1.990481E-12
6788.1  1.981811E-12
6791.  1.981298E-12
6793.9  1.986869E-12
6796.8  1.994808E-12
6799.7  2.003407E-12
6802.6  2.010747E-12
6805.5  2.014569E-12
6808.4  2.014090E-12
6811.3  2.010139E-12
6814.2  2.005844E-12
6817.1  2.006311E-12
6820.  2.009129E-12
6822.9  2.007776E-12
6825.8  2.002297E-12
6828.7  1.995128E-12
6831.6  1.987342E-12
6834.5  1.979987E-12
6837.4  1.973908E-12
6840.3  1.970246E-12
6843.2  1.971551E-12
6846.1  1.977941E-12
6849.  1.984790E-12
6851.9  1.993353E-12
6854.8  2.010841E-12
6857.7  2.032838E-12
6860.6  2.048565E-12
6863.5  2.040421E-12
6866.4  1.994209E-12
6869.3  1.938946E-12
6872.2  1.909608E-12
6875.1  1.915597E-12
6878.  1.951979E-12
6880.9  1.987074E-12
6883.8  2.000177E-12
6886.7  1.998069E-12
6889.6  1.988950E-12
6892.5  1.981879E-12
6895.4  1.980233E-12
6898.3  1.981934E-12
6901.2  1.984746E-12
6904.1  1.986182E-12
6907.  1.985530E-12
6909.9  1.982832E-12
6912.8  1.977622E-12
6915.7  1.970296E-12
6918.6  1.963603E-12
6921.5  1.959535E-12
6924.4  1.957922E-12
6927.3  1.958194E-12
6930.2  1.959838E-12
6933.1  1.959338E-12
6936.  1.951121E-12
6938.9  1.937986E-12
6941.8  1.926938E-12
6944.7  1.919609E-12
6947.6  1.915883E-12
6950.5  1.917011E-12
6953.4  1.923117E-12
6956.3  1.930924E-12
6959.2  1.937475E-12
6962.1  1.942021E-12
6965.  1.943320E-12
6967.9  1.939762E-12
6970.8  1.930063E-12
6973.7  1.912726E-12
6976.6  1.897852E-12
6979.5  1.900546E-12
6982.4  1.915297E-12
6985.3  1.929238E-12
6988.2  1.935446E-12
6991.1  1.930462E-12
6994.  1.918981E-12
6996.9  1.906990E-12
6999.8  1.898973E-12
7002.7  1.896533E-12
7005.6  1.896738E-12
7008.5  1.895654E-12
7011.4  1.888651E-12
7014.3  1.878576E-12
7017.2  1.873059E-12
7020.1  1.874414E-12
7023.  1.882225E-12
7025.9  1.894114E-12
7028.8  1.907034E-12
7031.7  1.919054E-12
7034.6  1.929122E-12
7037.5  1.938156E-12
7040.4  1.946515E-12
7043.3  1.953321E-12
7046.2  1.956520E-12
7049.1  1.952368E-12
7052.  1.944065E-12
7054.9  1.939674E-12
7057.8  1.938459E-12
7060.7  1.935972E-12
7063.6  1.931495E-12
7066.5  1.925749E-12
7069.4  1.924578E-12
7072.3  1.930316E-12
7075.2  1.930417E-12
7078.1  1.917847E-12
7081.  1.899632E-12
7083.9  1.882524E-12
7086.8  1.871874E-12
7089.7  1.870220E-12
7092.6  1.876887E-12
7095.5  1.888115E-12
7098.4  1.898584E-12
7101.3  1.904250E-12
7104.2  1.902697E-12
7107.1  1.895740E-12
7110.  1.886690E-12
7112.9  1.879758E-12
7115.8  1.876987E-12
7118.7  1.874966E-12
7121.6  1.871856E-12
7124.5  1.868771E-12
7127.4  1.866785E-12
7130.3  1.866889E-12
7133.2  1.869478E-12
7136.1  1.874396E-12
7139.  1.877242E-12
7141.9  1.873394E-12
7144.8  1.866649E-12
7147.7  1.862315E-12
7150.6  1.863553E-12
7153.5  1.870859E-12
7156.4  1.878963E-12
7159.3  1.883484E-12
7162.2  1.882517E-12
7165.1  1.877005E-12
7168.  1.870971E-12
7170.9  1.864907E-12
7173.8  1.857105E-12
7176.7  1.844955E-12
7179.6  1.826479E-12
7182.5  1.807189E-12
7185.4  1.793714E-12
7188.3  1.789671E-12
7191.2  1.794504E-12
7194.1  1.798062E-12
7197.  1.793484E-12
7199.9  1.781270E-12
7202.8  1.767882E-12
7205.7  1.766097E-12
7208.6  1.779181E-12
7211.5  1.802874E-12
7214.4  1.826065E-12
7217.3  1.835981E-12
7220.2  1.839086E-12
7223.1  1.845645E-12
7226.  1.852393E-12
7228.9  1.854918E-12
7231.8  1.850965E-12
7234.7  1.841913E-12
7237.6  1.837069E-12
7240.5  1.838897E-12
7243.4  1.840065E-12
7246.3  1.838420E-12
7249.2  1.836034E-12
7252.1  1.833383E-12
7255.  1.830570E-12
7257.9  1.827944E-12
7260.8  1.825986E-12
7263.7  1.829852E-12
7266.6  1.840890E-12
7269.5  1.842072E-12
7272.4  1.825059E-12
7275.3  1.806514E-12
7278.2  1.795556E-12
7281.1  1.788710E-12
7284.  1.781025E-12
7286.9  1.764865E-12
7289.8  1.752222E-12
7292.7  1.764591E-12
7295.6  1.789283E-12
7298.5  1.803629E-12
7301.4  1.806195E-12
7304.3  1.801353E-12
7307.2  1.797107E-12
7310.1  1.799141E-12
7313.  1.803743E-12
7315.9  1.807551E-12
7318.8  1.809070E-12
7321.7  1.808667E-12
7324.6  1.808721E-12
7327.5  1.812685E-12
7330.4  1.824019E-12
7333.3  1.839628E-12
7336.2  1.853560E-12
7339.1  1.860531E-12
7342.  1.857082E-12
7344.9  1.845696E-12
7347.8  1.830641E-12
7350.7  1.816607E-12
7353.6  1.807391E-12
7356.5  1.804744E-12
7359.4  1.807939E-12
7362.3  1.813418E-12
7365.2  1.819978E-12
7368.1  1.828164E-12
7371.  1.835389E-12
7373.9  1.838062E-12
7376.8  1.833856E-12
7379.7  1.822052E-12
7382.6  1.804815E-12
7385.5  1.786828E-12
7388.4  1.778571E-12
7391.3  1.784790E-12
7394.2  1.798278E-12
7397.1  1.810640E-12
7400.  1.812836E-12
7402.9  1.805623E-12
7405.8  1.798550E-12
7408.7  1.791859E-12
7411.6  1.781674E-12
7414.5  1.772701E-12
7417.4  1.771126E-12
7420.3  1.777693E-12
7423.2  1.790933E-12
7426.1  1.807094E-12
7429.  1.821705E-12
7431.9  1.830292E-12
7434.8  1.830811E-12
7437.7  1.824571E-12
7440.6  1.815470E-12
7443.5  1.809159E-12
7446.4  1.808979E-12
7449.3  1.816149E-12
7452.2  1.823821E-12
7455.1  1.823669E-12
7458.  1.818637E-12
7460.9  1.814208E-12
7463.8  1.815236E-12
7466.7  1.823024E-12
7469.6  1.829437E-12
7472.5  1.829885E-12
7475.4  1.827051E-12
7478.3  1.823220E-12
7481.2  1.820376E-12
7484.1  1.817910E-12
7487.  1.813553E-12
7489.9  1.807079E-12
7492.8  1.799404E-12
7495.7  1.795966E-12
7498.6  1.800912E-12
7501.5  1.806862E-12
7504.4  1.807413E-12
7507.3  1.804462E-12
7510.2  1.800669E-12
7513.1  1.799141E-12
7516.  1.800276E-12
7518.9  1.800734E-12
7521.8  1.801049E-12
7524.7  1.804421E-12
7527.6  1.810904E-12
7530.5  1.819022E-12
7533.4  1.828211E-12
7536.3  1.837578E-12
7539.2  1.843139E-12
7542.1  1.842411E-12
7545.  1.839113E-12
7547.9  1.836118E-12
7550.8  1.832910E-12
7553.7  1.829364E-12
7556.6  1.825770E-12
7559.5  1.822723E-12
7562.4  1.821124E-12
7565.3  1.820543E-12
7568.2  1.819898E-12
7571.1  1.819084E-12
7574.  1.818296E-12
7576.9  1.817518E-12
7579.8  1.816740E-12
7582.7  1.815963E-12
7585.6  1.815185E-12
7588.5  1.814407E-12
7591.4  1.813629E-12
7594.3  1.812852E-12
7597.2  1.812074E-12
7600.1  1.811297E-12
7603.  1.810519E-12
7605.9  1.809741E-12
7608.8  1.808964E-12
7611.7  1.808187E-12
7614.6  1.807409E-12
7617.5  1.806632E-12
7620.4  1.805854E-12
7623.3  1.805077E-12
7626.2  1.804300E-12
7629.1  1.803523E-12
7632.  1.802692E-12
7634.9  1.801920E-12
7637.8  1.801524E-12
7640.7  1.800595E-12
7643.6  1.797557E-12
7646.5  1.791918E-12
7649.4  1.783934E-12
7652.3  1.774598E-12
7655.2  1.765459E-12
7658.1  1.758575E-12
7661.  1.756111E-12
7663.9  1.760852E-12
7666.8  1.772602E-12
7669.7  1.786230E-12
7672.6  1.797386E-12
7675.5  1.803202E-12
7678.4  1.803339E-12
7681.3  1.799622E-12
7684.2  1.794184E-12
7687.1  1.789176E-12
7690.  1.783874E-12
7692.9  1.777320E-12
7695.8  1.773075E-12
7698.7  1.773695E-12
7701.6  1.777173E-12
7704.5  1.779874E-12
7707.4  1.775499E-12
7710.3  1.764123E-12
7713.2  1.754370E-12
7716.1  1.750712E-12
7719.  1.753844E-12
7721.9  1.761717E-12
7724.8  1.770509E-12
7727.7  1.778640E-12
7730.6  1.785245E-12
7733.5  1.788851E-12
7736.4  1.788344E-12
7739.3  1.783104E-12
7742.2  1.773863E-12
7745.1  1.762883E-12
7748.  1.755211E-12
7750.9  1.759891E-12
7753.8  1.775628E-12
7756.7  1.791595E-12
7759.6  1.801946E-12
7762.5  1.804315E-12
7765.4  1.800555E-12
7768.3  1.794611E-12
7771.2  1.788795E-12
7774.1  1.784887E-12
7777.  1.784681E-12
7779.9  1.787878E-12
7782.8  1.789532E-12
7785.7  1.786996E-12
7788.6  1.782062E-12
7791.5  1.776885E-12
7794.4  1.773879E-12
7797.3  1.773704E-12
7800.2  1.775599E-12
7803.1  1.778739E-12
7806.  1.782234E-12
7808.9  1.785344E-12
7811.8  1.787676E-12
7814.7  1.790328E-12
7817.6  1.793746E-12
7820.5  1.796431E-12
7823.4  1.795693E-12
7826.3  1.786558E-12
7829.2  1.770522E-12
7832.1  1.756271E-12
7835.  1.749855E-12
7837.9  1.754854E-12
7840.8  1.764385E-12
7843.7  1.767510E-12
7846.6  1.764642E-12
7849.5  1.759845E-12
7852.4  1.757568E-12
7855.3  1.760560E-12
7858.2  1.765175E-12
7861.1  1.767582E-12
7864.  1.765397E-12
7866.9  1.758181E-12
7869.8  1.748158E-12
7872.7  1.738114E-12
7875.6  1.730747E-12
7878.5  1.728908E-12
7881.4  1.734524E-12
7884.3  1.740251E-12
7887.2  1.737435E-12
7890.1  1.727023E-12
7893.  1.713398E-12
7895.9  1.706496E-12
7898.8  1.709919E-12
7901.7  1.710492E-12
7904.6  1.701747E-12
7907.5  1.688836E-12
7910.4  1.675433E-12
7913.3  1.663838E-12
7916.2  1.657431E-12
7919.1  1.659160E-12
7922.  1.665112E-12
7924.9  1.669164E-12
7927.8  1.668673E-12
7930.7  1.662999E-12
7933.6  1.655596E-12
7936.5  1.649659E-12
7939.4  1.644653E-12
7942.3  1.642047E-12
7945.2  1.647214E-12
7948.1  1.659082E-12
7951.  1.670125E-12
7953.9  1.676834E-12
7956.8  1.678572E-12
7959.7  1.678861E-12
7962.6  1.682488E-12
7965.5  1.688407E-12
7968.4  1.693924E-12
7971.3  1.696283E-12
7974.2  1.694120E-12
7977.1  1.690111E-12
7980.  1.687014E-12
7982.9  1.686981E-12
7985.8  1.689380E-12
7988.7  1.690487E-12
7991.6  1.687767E-12
7994.5  1.679837E-12
7997.4  1.671814E-12
8000.3  1.671044E-12
8003.2  1.676628E-12
8006.1  1.684934E-12
8009.  1.692767E-12
8011.9  1.697470E-12
8014.8  1.699231E-12
8017.7  1.697644E-12
8020.6  1.689294E-12
8023.5  1.676857E-12
8026.4  1.670628E-12
8029.3  1.673683E-12
8032.2  1.683069E-12
8035.1  1.690850E-12
8038.  1.687557E-12
8040.9  1.676029E-12
8043.8  1.663549E-12
8046.7  1.655846E-12
8049.6  1.656783E-12
8052.5  1.665069E-12
8055.4  1.676794E-12
8058.3  1.684947E-12
8061.2  1.685290E-12
8064.1  1.678140E-12
8067.  1.667012E-12
8069.9  1.658209E-12
8072.8  1.652817E-12
8075.7  1.648608E-12
8078.6  1.644470E-12
8081.5  1.639651E-12
8084.4  1.634402E-12
8087.3  1.629251E-12
8090.2  1.623728E-12
8093.1  1.618488E-12
8096.  1.617564E-12
8098.9  1.621856E-12
8101.8  1.626783E-12
8104.7  1.630187E-12
8107.6  1.632713E-12
8110.5  1.634458E-12
8113.4  1.635330E-12
8116.3  1.637501E-12
8119.2  1.643284E-12
8122.1  1.650074E-12
8125.  1.654202E-12
8127.9  1.652324E-12
8130.8  1.644093E-12
8133.7  1.637788E-12
8136.6  1.637332E-12
8139.5  1.636779E-12
8142.4  1.633996E-12
8145.3  1.631279E-12
8148.2  1.630885E-12
8151.1  1.635233E-12
8154.  1.638616E-12
8156.9  1.632817E-12
8159.8  1.620799E-12
8162.7  1.608889E-12
8165.6  1.604649E-12
8168.5  1.610920E-12
8171.4  1.614011E-12
8174.3  1.605773E-12
8177.2  1.592825E-12
8180.1  1.582220E-12
8183.  1.581660E-12
8185.9  1.586299E-12
8188.8  1.581138E-12
8191.7  1.566714E-12
8194.6  1.551714E-12
8197.5  1.547299E-12
8200.4  1.562196E-12
8203.3  1.585483E-12
8206.2  1.604289E-12
8209.1  1.615527E-12
8212.  1.619934E-12
8214.9  1.625985E-12
8217.8  1.633288E-12
8220.7  1.627893E-12
8223.6  1.603727E-12
8226.5  1.561162E-12
8229.4  1.524660E-12
8232.3  1.529471E-12
8235.2  1.562242E-12
8238.1  1.593216E-12
8241.  1.617812E-12
8243.9  1.636142E-12
8246.8  1.646199E-12
8249.7  1.647192E-12
8252.6  1.637043E-12
8255.5  1.620756E-12
8258.4  1.614526E-12
8261.3  1.622121E-12
8264.2  1.634564E-12
8267.1  1.640434E-12
8270.  1.627703E-12
8272.9  1.606508E-12
8275.8  1.594757E-12
8278.7  1.593688E-12
8281.6  1.598914E-12
8284.5  1.599818E-12
8287.4  1.590282E-12
8290.3  1.581985E-12
8293.2  1.581973E-12
8296.1  1.585883E-12
8299.  1.589545E-12
8301.9  1.588887E-12
8304.8  1.584713E-12
8307.7  1.581586E-12
8310.6  1.580355E-12
8313.5  1.580086E-12
8316.4  1.577108E-12
8319.3  1.568471E-12
8322.2  1.561001E-12
8325.1  1.559859E-12
8328.  1.558146E-12
8330.9  1.552404E-12
8333.8  1.548569E-12
8336.7  1.549605E-12
8339.6  1.554530E-12
8342.5  1.560478E-12
8345.4  1.562969E-12
8348.3  1.562352E-12
8351.2  1.561563E-12
8354.1  1.561563E-12
8357.  1.562619E-12
8359.9  1.563912E-12
8362.8  1.564788E-12
8365.7  1.567131E-12
8368.6  1.571027E-12
8371.5  1.571893E-12
8374.4  1.567519E-12
8377.3  1.559610E-12
8380.2  1.550076E-12
8383.1  1.540678E-12
8386.  1.536044E-12
8388.9  1.541457E-12
8391.8  1.551856E-12
8394.7  1.559072E-12
8397.6  1.561299E-12
8400.5  1.559256E-12
8403.4  1.557796E-12
8406.3  1.560072E-12
8409.2  1.562238E-12
8412.1  1.562481E-12
8415.  1.563617E-12
8417.9  1.564428E-12
8420.8  1.559484E-12
8423.7  1.551015E-12
8426.6  1.545892E-12
8429.5  1.543289E-12
8432.4  1.539693E-12
8435.3  1.535466E-12
8438.2  1.531993E-12
8441.1  1.531047E-12
8444.  1.534225E-12
8446.9  1.542911E-12
8449.8  1.555519E-12
8452.7  1.565730E-12
8455.6  1.569081E-12
8458.5  1.563638E-12
8461.4  1.552764E-12
8464.3  1.543612E-12
8467.2  1.539334E-12
8470.1  1.540574E-12
8473.  1.544336E-12
8475.9  1.546925E-12
8478.8  1.550252E-12
8481.7  1.554968E-12
8484.6  1.556038E-12
8487.5  1.547077E-12
8490.4  1.518752E-12
8493.3  1.474915E-12
8496.2  1.435231E-12
8499.1  1.416872E-12
8502.  1.433446E-12
8504.9  1.469610E-12
8507.8  1.495974E-12
8510.7  1.506187E-12
8513.6  1.503490E-12
8516.5  1.499258E-12
8519.4  1.503245E-12
8522.3  1.509645E-12
8525.2  1.511104E-12
8528.1  1.504080E-12
8531.  1.479564E-12
8533.9  1.420615E-12
8536.8  1.336223E-12
8539.7  1.257374E-12
8542.6  1.217630E-12
8545.5  1.246458E-12
8548.4  1.321917E-12
8551.3  1.402802E-12
8554.2  1.466926E-12
8557.1  1.502531E-12
8560.  1.521178E-12
8562.9  1.535518E-12
8565.8  1.546423E-12
8568.7  1.553949E-12
8571.6  1.556566E-12
8574.5  1.554673E-12
8577.4  1.550994E-12
8580.3  1.548400E-12
8583.2  1.549596E-12
8586.1  1.552824E-12
8589.  1.554579E-12
8591.9  1.554434E-12
8594.8  1.552689E-12
8597.7  1.549820E-12
8600.6  1.545591E-12
8603.5  1.536437E-12
8606.4  1.522692E-12
8609.3  1.511716E-12
8612.2  1.509056E-12
8615.1  1.517797E-12
8618.  1.534639E-12
8620.9  1.551484E-12
8623.8  1.565612E-12
8626.7  1.577022E-12
8629.6  1.585519E-12
8632.5  1.591082E-12
8635.4  1.593894E-12
8638.3  1.593119E-12
8641.2  1.583816E-12
8644.1  1.564444E-12
8647.  1.542217E-12
8649.9  1.516502E-12
8652.8  1.476778E-12
8655.7  1.420887E-12
8658.6  1.352850E-12
8661.5  1.302007E-12
8664.4  1.305624E-12
8667.3  1.350520E-12
8670.2  1.406347E-12
8673.1  1.452611E-12
8676.  1.476461E-12
8678.9  1.487701E-12
8681.8  1.496410E-12
8684.7  1.502346E-12
8687.6  1.507612E-12
8690.5  1.517651E-12
8693.4  1.530223E-12
8696.3  1.536375E-12
8699.2  1.536089E-12
8702.1  1.534526E-12
8705.  1.534468E-12
8707.9  1.537592E-12
8710.8  1.542869E-12
8713.7  1.548615E-12
8716.6  1.555262E-12
8719.5  1.561834E-12
8722.4  1.563287E-12
8725.3  1.557409E-12
8728.2  1.546732E-12
8731.1  1.534971E-12
8734.  1.526726E-12
8736.9  1.523726E-12
8739.8  1.525412E-12
8742.7  1.529417E-12
8745.6  1.532833E-12
8748.5  1.537009E-12
8751.4  1.543522E-12
8754.3  1.549848E-12
8757.2  1.553230E-12
8760.1  1.551576E-12
8763.  1.545030E-12
8765.9  1.537469E-12
8768.8  1.531983E-12
8771.7  1.530239E-12
8774.6  1.532070E-12
8777.5  1.535802E-12
8780.4  1.538098E-12
8783.3  1.535499E-12
8786.2  1.529724E-12
8789.1  1.523873E-12
8792.  1.520243E-12
8794.9  1.518956E-12
8797.8  1.513032E-12
8800.7  1.499304E-12
8803.6  1.482856E-12
8806.5  1.471703E-12
8809.4  1.477587E-12
8812.3  1.496545E-12
8815.2  1.511783E-12
8818.1  1.517764E-12
8821.  1.515469E-12
8823.9  1.510889E-12
8826.8  1.510961E-12
8829.7  1.513776E-12
8832.6  1.516202E-12
8835.5  1.517411E-12
8838.4  1.518402E-12
8841.3  1.524315E-12
8844.2  1.537177E-12
8847.1  1.554006E-12
8850.  1.571171E-12
8852.9  1.584774E-12
8855.8  1.590489E-12
8858.7  1.584754E-12
8861.6  1.569931E-12
8864.5  1.550985E-12
8867.4  1.532057E-12
8870.3  1.516582E-12
8873.2  1.505408E-12
8876.1  1.498941E-12
8879.  1.498240E-12
8881.9  1.503315E-12
8884.8  1.513193E-12
8887.7  1.524332E-12
8890.6  1.530910E-12
8893.5  1.531178E-12
8896.4  1.526352E-12
8899.3  1.520587E-12
8902.2  1.518598E-12
8905.1  1.517930E-12
8908.  1.514953E-12
8910.9  1.510812E-12
8913.8  1.506415E-12
8916.7  1.499861E-12
8919.6  1.491094E-12
8922.5  1.483437E-12
8925.4  1.479165E-12
8928.3  1.478917E-12
8931.2  1.482894E-12
8934.1  1.490912E-12
8937.  1.497344E-12
8939.9  1.495335E-12
8942.8  1.489763E-12
8945.7  1.487928E-12
8948.6  1.490733E-12
8951.5  1.496939E-12
8954.4  1.502706E-12
8957.3  1.504182E-12
8960.2  1.498458E-12
8963.1  1.486706E-12
8966.  1.475039E-12
8968.9  1.468739E-12
8971.8  1.471277E-12
8974.7  1.482738E-12
8977.6  1.500421E-12
8980.5  1.507209E-12
8983.4  1.487018E-12
8986.3  1.453023E-12
8989.2  1.424416E-12
8992.1  1.421182E-12
8995.  1.446191E-12
8997.9  1.461101E-12
9000.8  1.451481E-12
9003.7  1.442674E-12
9006.6  1.446784E-12
9009.5  1.464033E-12
9012.4  1.484513E-12
9015.3  1.492485E-12
9018.2  1.485482E-12
9021.1  1.467811E-12
9024.  1.448463E-12
9026.9  1.437163E-12
9029.8  1.441811E-12
9032.7  1.462460E-12
9035.6  1.481001E-12
9038.5  1.487658E-12
9041.4  1.489603E-12
9044.3  1.490774E-12
9047.2  1.491760E-12
9050.1  1.491991E-12
9053.  1.489633E-12
9055.9  1.485094E-12
9058.8  1.479571E-12
9061.7  1.471115E-12
9064.6  1.458334E-12
9067.5  1.445744E-12
9070.4  1.437136E-12
9073.3  1.432320E-12
9076.2  1.428639E-12
9079.1  1.418861E-12
9082.  1.404358E-12
9084.9  1.396963E-12
9087.8  1.398703E-12
9090.7  1.404291E-12
9093.6  1.410466E-12
9096.5  1.414879E-12
9099.4  1.414842E-12
9102.3  1.409499E-12
9105.2  1.407030E-12
9108.1  1.413490E-12
9111.  1.422704E-12
9113.9  1.429188E-12
9116.8  1.430790E-12
9119.7  1.430121E-12
9122.6  1.437644E-12
9125.5  1.445989E-12
9128.4  1.433779E-12
9131.3  1.407440E-12
9134.2  1.386586E-12
9137.1  1.381713E-12
9140.  1.396319E-12
9142.9  1.410377E-12
9145.8  1.404780E-12
9148.7  1.381772E-12
9151.6  1.351705E-12
9154.5  1.336775E-12
9157.4  1.346061E-12
9160.3  1.368351E-12
9163.2  1.386481E-12
9166.1  1.379012E-12
9169.  1.350558E-12
9171.9  1.321430E-12
9174.8  1.307557E-12
9177.7  1.319284E-12
9180.6  1.341824E-12
9183.5  1.356717E-12
9186.4  1.359444E-12
9189.3  1.350910E-12
9192.2  1.340248E-12
9195.1  1.335495E-12
9198.  1.340958E-12
9200.9  1.352722E-12
9203.8  1.358339E-12
9206.7  1.355252E-12
9209.6  1.347847E-12
9212.5  1.341871E-12
9215.4  1.343032E-12
9218.3  1.351978E-12
9221.2  1.366279E-12
9224.1  1.376729E-12
9227.  1.377701E-12
9229.9  1.378553E-12
9232.8  1.382882E-12
9235.7  1.380855E-12
9238.6  1.369784E-12
9241.5  1.355214E-12
9244.4  1.342110E-12
9247.3  1.335080E-12
9250.2  1.332308E-12
9253.1  1.329249E-12
9256.  1.327001E-12
9258.9  1.328183E-12
9261.8  1.337301E-12
9264.7  1.355186E-12
9267.6  1.370381E-12
9270.5  1.374326E-12
9273.4  1.367101E-12
9276.3  1.351994E-12
9279.2  1.335357E-12
9282.1  1.324568E-12
9285.  1.326963E-12
9287.9  1.335937E-12
9290.8  1.338435E-12
9293.7  1.333047E-12
9296.6  1.323179E-12
9299.5  1.318253E-12
9302.4  1.324660E-12
9305.3  1.331829E-12
9308.2  1.331593E-12
9311.1  1.327527E-12
9314.  1.319703E-12
9316.9  1.300725E-12
9319.8  1.281121E-12
9322.7  1.286454E-12
9325.6  1.313523E-12
9328.5  1.342574E-12
9331.4  1.350032E-12
9334.3  1.317548E-12
9337.2  1.266093E-12
9340.1  1.224987E-12
9343.  1.216255E-12
9345.9  1.245486E-12
9348.8  1.281936E-12
9351.7  1.298331E-12
9354.6  1.276237E-12
9357.5  1.235250E-12
9360.4  1.237187E-12
9363.3  1.265839E-12
9366.2  1.256132E-12
9369.1  1.221256E-12
9372.  1.201671E-12
9374.9  1.187661E-12
9377.8  1.165047E-12
9380.7  1.154352E-12
9383.6  1.171376E-12
9386.5  1.207917E-12
9389.4  1.251829E-12
9392.3  1.289246E-12
9395.2  1.307832E-12
9398.1  1.297856E-12
9401.  1.270790E-12
9403.9  1.253358E-12
9406.8  1.245710E-12
9409.7  1.236202E-12
9412.6  1.234282E-12
9415.5  1.249460E-12
9418.4  1.264593E-12
9421.3  1.263337E-12
9424.2  1.241990E-12
9427.1  1.212030E-12
9430.  1.218213E-12
9432.9  1.257251E-12
9435.8  1.258262E-12
9438.7  1.218101E-12
9441.6  1.187275E-12
9444.5  1.190514E-12
9447.4  1.236653E-12
9450.3  1.282393E-12
9453.2  1.277446E-12
9456.1  1.244118E-12
9459.  1.216102E-12
9461.9  1.210734E-12
9464.8  1.232227E-12
9467.7  1.256367E-12
9470.6  1.266795E-12
9473.5  1.263795E-12
9476.4  1.251238E-12
9479.3  1.235106E-12
9482.2  1.236314E-12
9485.1  1.279871E-12
9488.  1.327733E-12
9490.9  1.327347E-12
9493.8  1.281782E-12
9496.7  1.215018E-12
9499.6  1.180073E-12
9502.5  1.208696E-12
9505.4  1.267374E-12
9508.3  1.319980E-12
9511.2  1.336838E-12
9514.1  1.312061E-12
9517.  1.266841E-12
9519.9  1.226548E-12
9522.8  1.216693E-12
9525.7  1.236788E-12
9528.6  1.272617E-12
9531.5  1.309753E-12
9534.4  1.334652E-12
9537.3  1.339155E-12
9540.2  1.323543E-12
9543.1  1.306589E-12
9546.  1.299445E-12
9548.9  1.294630E-12
9551.8  1.287709E-12
9554.7  1.278047E-12
9557.6  1.267435E-12
9560.5  1.260414E-12
9563.4  1.254459E-12
9566.3  1.244640E-12
9569.2  1.247595E-12
9572.1  1.277933E-12
9575.  1.306207E-12
9577.9  1.306645E-12
9580.8  1.292142E-12
9583.7  1.274114E-12
9586.6  1.251536E-12
9589.5  1.230252E-12
9592.4  1.223681E-12
9595.3  1.233438E-12
9598.2  1.252000E-12
9601.1  1.266712E-12
9604.  1.263852E-12
9606.9  1.259682E-12
9609.8  1.274740E-12
9612.7  1.288553E-12
9615.6  1.280769E-12
9618.5  1.259711E-12
9621.4  1.237896E-12
9624.3  1.230668E-12
9627.2  1.242005E-12
9630.1  1.258254E-12
9633.  1.268512E-12
9635.9  1.265363E-12
9638.8  1.252821E-12
9641.7  1.241956E-12
9644.6  1.239358E-12
9647.5  1.248103E-12
9650.4  1.262971E-12
9653.3  1.276022E-12
9656.2  1.277087E-12
9659.1  1.263289E-12
9662.  1.250658E-12
9664.9  1.249244E-12
9667.8  1.256332E-12
9670.7  1.267804E-12
9673.6  1.278188E-12
9676.5  1.283637E-12
9679.4  1.282173E-12
9682.3  1.278129E-12
9685.2  1.277781E-12
9688.1  1.278869E-12
9691.  1.277686E-12
9693.9  1.274878E-12
9696.8  1.271430E-12
9699.7  1.267140E-12
9702.6  1.263625E-12
9705.5  1.265893E-12
9708.4  1.274381E-12
9711.3  1.284066E-12
9714.2  1.291831E-12
9717.1  1.296193E-12
9720.  1.295695E-12
9722.9  1.289557E-12
9725.8  1.281860E-12
9728.7  1.276768E-12
9731.6  1.268080E-12
9734.5  1.252561E-12
9737.4  1.242735E-12
9740.3  1.246172E-12
9743.2  1.258259E-12
9746.1  1.271206E-12
9749.  1.273720E-12
9751.9  1.264773E-12
9754.8  1.252442E-12
9757.7  1.242521E-12
9760.6  1.239159E-12
9763.5  1.244461E-12
9766.4  1.257881E-12
9769.3  1.271595E-12
9772.2  1.278099E-12
9775.1  1.276887E-12
9778.  1.269913E-12
9780.9  1.262387E-12
9783.8  1.256918E-12
9786.7  1.250935E-12
9789.6  1.245829E-12
9792.5  1.246686E-12
9795.4  1.251072E-12
9798.3  1.252673E-12
9801.2  1.254060E-12
9804.1  1.260036E-12
9807.  1.268708E-12
9809.9  1.276800E-12
9812.8  1.281150E-12
9815.7  1.280449E-12
9818.6  1.278495E-12
9821.5  1.277240E-12
9824.4  1.274204E-12
9827.3  1.271186E-12
9830.2  1.274337E-12
9833.1  1.282099E-12
9836.  1.288143E-12
9838.9  1.289876E-12
9841.8  1.286694E-12
9844.7  1.280311E-12
9847.6  1.273364E-12
9850.5  1.267975E-12
9853.4  1.265717E-12
9856.3  1.267243E-12
9859.2  1.271406E-12
9862.1  1.274498E-12
9865.  1.274126E-12
9867.9  1.269441E-12
9870.8  1.263912E-12
9873.7  1.263890E-12
9876.6  1.267591E-12
9879.5  1.269735E-12
9882.4  1.267439E-12
9885.3  1.259938E-12
9888.2  1.254947E-12
9891.1  1.258224E-12
9894.  1.263487E-12
9896.9  1.266134E-12
9899.8  1.267806E-12
9902.7  1.269050E-12
9905.6  1.269194E-12
9908.5  1.267580E-12
9911.4  1.263393E-12
9914.3  1.259046E-12
9917.2  1.258292E-12
9920.1  1.259690E-12
9923.  1.260542E-12
9925.9  1.263212E-12
9928.8  1.269034E-12
9931.7  1.271372E-12
9934.6  1.267411E-12
9937.5  1.265378E-12
9940.4  1.268374E-12
9943.3  1.270842E-12
9946.2  1.271582E-12
9949.1  1.273287E-12
9952.  1.275182E-12
9954.9  1.274894E-12
9957.8  1.272388E-12
9960.7  1.268541E-12
9963.6  1.264658E-12
9966.5  1.261790E-12
9969.4  1.258996E-12
9972.3  1.255791E-12
9975.2  1.253825E-12
9978.1  1.253665E-12
9981.  1.253627E-12
9983.9  1.254432E-12
9986.8  1.259564E-12
9989.7  1.265850E-12
9992.6  1.266183E-12
9995.5  1.262754E-12
9998.4  1.260952E-12
10001.3  1.258475E-12
10004.2  1.252408E-12
10007.1  1.245299E-12
10010.  1.239980E-12
10012.9  1.237707E-12
10015.8  1.239277E-12
10018.7  1.245278E-12
10021.6  1.253003E-12
10024.5  1.256069E-12
10027.4  1.255152E-12
10030.3  1.255936E-12
10033.2  1.262659E-12
10036.1  1.277938E-12
10039.  1.296493E-12
10041.9  1.311300E-12
10044.8  1.321093E-12
10047.7  1.325623E-12
10050.6  1.324292E-12
10053.5  1.317061E-12
10056.4  1.304403E-12
10059.3  1.286961E-12
10062.2  1.265042E-12
10065.1  1.242626E-12
10068.  1.226437E-12
10070.9  1.215634E-12
10073.8  1.205624E-12
10076.7  1.196272E-12
10079.6  1.188895E-12
10082.5  1.185228E-12
10085.4  1.186680E-12
10088.3  1.193608E-12
10091.2  1.204271E-12
10094.1  1.212427E-12
10097.  1.216255E-12
10099.9  1.221036E-12
10102.8  1.228293E-12
10105.7  1.236039E-12
10108.6  1.242724E-12
10111.5  1.247021E-12
10114.4  1.249102E-12
10117.3  1.249906E-12
10120.2  1.250717E-12
10123.1  1.252545E-12
10126.  1.255002E-12
10128.9  1.257300E-12
10131.8  1.257947E-12
10134.7  1.257356E-12
10137.6  1.259377E-12
10140.5  1.263838E-12
10143.4  1.266653E-12
10146.3  1.264021E-12
10149.2  1.252687E-12
10152.1  1.239206E-12
10155.  1.233093E-12
10157.9  1.229700E-12
10160.8  1.223159E-12
10163.7  1.221747E-12
10166.6  1.230414E-12
10169.5  1.238426E-12
10172.4  1.240734E-12
10175.3  1.246045E-12
10178.2  1.253401E-12
10181.1  1.250159E-12
10184.  1.238289E-12
10186.9  1.229627E-12
10189.8  1.228913E-12
10192.7  1.236840E-12
10195.6  1.244008E-12
10198.5  1.240746E-12
10201.4  1.235640E-12
10204.3  1.236383E-12
10207.2  1.236751E-12
10210.1  1.231540E-12
10213.  1.218500E-12
10215.9  1.203210E-12
10218.8  1.202081E-12
10221.7  1.214226E-12
10224.6  1.224661E-12
10227.5  1.227051E-12
10230.4  1.220116E-12
10233.3  1.211780E-12
10236.2  1.211428E-12
10239.1  1.213880E-12
10242.  1.213100E-12
10244.9  1.211067E-12
10247.8  1.210581E-12
10250.7  1.215865E-12
10253.6  1.224669E-12
10256.5  1.224890E-12
10259.4  1.213938E-12
10262.3  1.197911E-12
10265.2  1.185414E-12
10268.1  1.185934E-12
10271.  1.191340E-12
10273.9  1.189041E-12
10276.8  1.190613E-12
10279.7  1.206428E-12
10282.6  1.217967E-12
10285.5  1.212922E-12
10288.4  1.203866E-12
10291.3  1.200148E-12
10294.2  1.204961E-12
10297.1  1.210264E-12
10300.  1.194674E-12
10302.9  1.170002E-12
10305.8  1.168340E-12
10308.7  1.179869E-12
10311.6  1.180452E-12
10314.5  1.173259E-12
10317.4  1.167079E-12
10320.3  1.166696E-12
10323.2  1.173506E-12
10326.1  1.177974E-12
10329.  1.176953E-12
10331.9  1.181931E-12
10334.8  1.193758E-12
10337.7  1.201452E-12
10340.6  1.196392E-12
10343.5  1.172401E-12
10346.4  1.143553E-12
10349.3  1.131401E-12
10352.2  1.143518E-12
10355.1  1.177665E-12
10358.  1.204779E-12
10360.9  1.202125E-12
10363.8  1.186266E-12
10366.7  1.170773E-12
10369.6  1.150852E-12
10372.5  1.134962E-12
10375.4  1.149982E-12
10378.3  1.184111E-12
10381.2  1.194894E-12
10384.1  1.182334E-12
10387.  1.167656E-12
10389.9  1.155355E-12
10392.8  1.145078E-12
10395.7  1.131919E-12
10398.6  1.112930E-12
10401.5  1.096728E-12
10404.4  1.092246E-12
10407.3  1.107381E-12
10410.2  1.138374E-12
10413.1  1.165018E-12
10416.  1.176327E-12
10418.9  1.171050E-12
10421.8  1.155548E-12
10424.7  1.140909E-12
10427.6  1.133196E-12
10430.5  1.134733E-12
10433.4  1.140688E-12
10436.3  1.144216E-12
10439.2  1.135891E-12
10442.1  1.116215E-12
10445.  1.113524E-12
10447.9  1.136389E-12
10450.8  1.157196E-12
10453.7  1.163254E-12
10456.6  1.158489E-12
10459.5  1.146545E-12
10462.4  1.131866E-12
10465.3  1.122428E-12
10468.2  1.125413E-12
10471.1  1.129542E-12
10474.  1.123310E-12
10476.9  1.119930E-12
10479.8  1.129909E-12
10482.7  1.146337E-12
10485.6  1.160180E-12
10488.5  1.161037E-12
10491.4  1.146044E-12
10494.3  1.121319E-12
10497.2  1.099142E-12
10500.1  1.094403E-12
10503.  1.109297E-12
10505.9  1.137909E-12
10508.8  1.150417E-12
10511.7  1.121370E-12
10514.6  1.082491E-12
10517.5  1.069029E-12
10520.4  1.096525E-12
10523.3  1.155178E-12
10526.2  1.185615E-12
10529.1  1.167348E-12
10532.  1.136747E-12
10534.9  1.111163E-12
10537.8  1.092421E-12
10540.7  1.085104E-12
10543.6  1.091970E-12
10546.5  1.105416E-12
10549.4  1.115270E-12
10552.3  1.116668E-12
10555.2  1.109069E-12
10558.1  1.101868E-12
10561.  1.102770E-12
10563.9  1.110929E-12
10566.8  1.125961E-12
10569.7  1.150715E-12
10572.6  1.171572E-12
10575.5  1.161054E-12
10578.4  1.123088E-12
10581.3  1.080548E-12
10584.2  1.043512E-12
10587.1  1.017838E-12
10590.  1.018275E-12
10592.9  1.051708E-12
10595.8  1.092720E-12
10598.7  1.118588E-12
10601.6  1.128040E-12
10604.5  1.121527E-12
10607.4  1.097904E-12
10610.3  1.072218E-12
10613.2  1.075139E-12
10616.1  1.102234E-12
10619.  1.125184E-12
10621.9  1.146794E-12
10624.8  1.178932E-12
10627.7  1.178484E-12
10630.6  1.112402E-12
10633.5  1.063511E-12
10636.4  1.089873E-12
10639.3  1.122054E-12
10642.2  1.119181E-12
10645.1  1.111913E-12
10648.  1.116006E-12
10650.9  1.131598E-12
10653.8  1.149192E-12
10656.7  1.150516E-12
10659.6  1.141954E-12
10662.5  1.139802E-12
10665.4  1.128359E-12
10668.3  1.090569E-12
10671.2  1.050198E-12
10674.1  1.029427E-12
10677.  1.018492E-12
10679.9  1.015272E-12
10682.8  1.040414E-12
10685.7  1.095366E-12
10688.6  1.156214E-12
10691.5  1.209461E-12
10694.4  1.250821E-12
10697.3  1.265770E-12
10700.2  1.240209E-12
10703.1  1.165202E-12
10706.  1.046342E-12
10708.9  9.758750E-13
10711.8  1.019407E-12
10714.7  1.077845E-12
10717.6  1.082091E-12
10720.5  1.082495E-12
10723.4  1.107282E-12
10726.3  1.146892E-12
10729.2  1.192578E-12
10732.1  1.233175E-12
10735.  1.261656E-12
10737.9  1.274684E-12
10740.8  1.270387E-12
10743.7  1.248755E-12
10746.6  1.206699E-12
10749.5  1.145925E-12
10752.4  1.087055E-12
10755.3  1.047070E-12
10758.2  1.026072E-12
10761.1  1.022757E-12
10764.  1.036496E-12
10766.9  1.060460E-12
10769.8  1.082229E-12
10772.7  1.096644E-12
10775.6  1.105674E-12
10778.5  1.090015E-12
10781.4  1.030017E-12
10784.3  9.984764E-13
10787.2  1.059334E-12
10790.1  1.105934E-12
10793.  1.066040E-12
10795.9  1.057586E-12
10798.8  1.125868E-12
10801.7  1.149830E-12
10804.6  1.110063E-12
10807.5  1.110744E-12
10810.4  1.152210E-12
10813.3  1.164231E-12
10816.2  1.147994E-12
10819.1  1.133240E-12
10822.  1.120857E-12
10824.9  1.106159E-12
10827.8  1.101019E-12
10830.7  1.105051E-12
10833.6  1.058942E-12
10836.5  9.569641E-13
10839.4  9.207861E-13
10842.3  9.773486E-13
10845.2  1.018869E-12
10848.1  1.026726E-12
10851.  1.052847E-12
10853.9  1.105317E-12
10856.8  1.170450E-12
10859.7  1.246548E-12
10862.6  1.326276E-12
10865.5  1.325162E-12
10868.4  1.196121E-12
10871.3  1.088584E-12
10874.2  1.090802E-12
10877.1  1.091582E-12
10880.  1.034107E-12
10882.9  9.514625E-13
10885.8  8.870795E-13
10888.7  8.985228E-13
10891.6  9.592826E-13
10894.5  9.931282E-13
10897.4  1.017319E-12
10900.3  1.072707E-12
10903.2  1.071701E-12
10906.1  9.553226E-13
10909.  9.033906E-13
10911.9  1.032782E-12
10914.8  1.226144E-12
10917.7  1.369309E-12
10920.6  1.388592E-12
10923.5  1.247763E-12
10926.4  9.477879E-13
10929.3  6.621953E-13
10932.2  6.548053E-13
10935.1  8.266418E-13
10938.  9.408505E-13
10940.9  9.336923E-13
10943.8  8.095852E-13
10946.7  6.926166E-13
10949.6  6.780071E-13
10952.5  6.960219E-13
10955.4  6.887986E-13
10958.3  6.454846E-13
10961.2  5.759969E-13
10964.1  5.181926E-13
10967.  4.909450E-13
10969.9  4.974870E-13
10972.8  5.128683E-13
10975.7  5.015539E-13
10978.6  5.040990E-13
10981.5  5.622077E-13
10984.4  5.875648E-13
10987.3  5.148383E-13
10990.2  4.211853E-13
10993.1  3.733086E-13
10996.  3.909976E-13
10998.9  4.548829E-13
