3050.  3.198449E-12
3052.9  3.313534E-12
3055.8  2.714867E-12
3058.7  2.936024E-12
3061.6  2.725626E-12
3064.5  3.981094E-12
3067.4  3.268547E-12
3070.3  3.163125E-12
3073.2  3.200241E-12
3076.1  3.727931E-12
3079.  3.389385E-12
3081.9  3.326498E-12
3084.8  3.202003E-12
3087.7  3.080018E-12
3090.6  2.503124E-12
3093.5  2.410819E-12
3096.4  2.160119E-12
3099.3  2.552889E-12
3102.2  2.671047E-12
3105.1  3.056884E-12
3108.  3.157400E-12
3110.9  2.952767E-12
3113.8  2.930696E-12
3116.7  3.018649E-12
3119.6  3.267749E-12
3122.5  3.318080E-12
3125.4  2.984463E-12
3128.3  3.293921E-12
3131.2  3.200685E-12
3134.1  3.089021E-12
3137.  2.743097E-12
3139.9  2.878506E-12
3142.8  3.058537E-12
3145.7  2.871329E-12
3148.6  2.807303E-12
3151.5  2.670387E-12
3154.4  2.757683E-12
3157.3  2.629350E-12
3160.2  2.560543E-12
3163.1  2.919199E-12
3166.  3.126450E-12
3168.9  3.504847E-12
3171.8  3.536273E-12
3174.7  3.098117E-12
3177.6  2.880266E-12
3180.5  2.826286E-12
3183.4  2.842128E-12
3186.3  2.880739E-12
3189.2  3.149659E-12
3192.1  3.042017E-12
3195.  2.956458E-12
3197.9  3.119577E-12
3200.8  3.271805E-12
3203.7  3.019661E-12
3206.6  3.025481E-12
3209.5  3.075379E-12
3212.4  2.894248E-12
3215.3  2.996309E-12
3218.2  2.930491E-12
3221.1  2.783320E-12
3224.  2.712980E-12
3226.9  2.786206E-12
3229.8  2.895696E-12
3232.7  2.989074E-12
3235.6  3.179588E-12
3238.5  3.016809E-12
3241.4  3.147683E-12
3244.3  3.035014E-12
3247.2  3.274826E-12
3250.1  3.296643E-12
3253.  3.498663E-12
3255.9  3.612482E-12
3258.8  3.444924E-12
3261.7  3.683535E-12
3264.6  3.497641E-12
3267.5  3.424724E-12
3270.4  3.349193E-12
3273.3  3.137352E-12
3276.2  3.233142E-12
3279.1  3.330734E-12
3282.  3.498806E-12
3284.9  3.725363E-12
3287.8  3.775167E-12
3290.7  3.758234E-12
3293.6  3.909492E-12
3296.5  3.858004E-12
3299.4  3.660406E-12
3302.3  3.603022E-12
3305.2  3.575916E-12
3308.1  3.716905E-12
3311.  3.730679E-12
3313.9  3.436317E-12
3316.8  3.458336E-12
3319.7  3.487435E-12
3322.6  3.550257E-12
3325.5  3.413984E-12
3328.4  3.415907E-12
3331.3  3.318916E-12
3334.2  3.411129E-12
3337.1  3.465087E-12
3340.  3.462169E-12
3342.9  3.510384E-12
3345.8  3.353317E-12
3348.7  3.273471E-12
3351.6  3.213047E-12
3354.5  3.143836E-12
3357.4  3.146508E-12
3360.3  3.161293E-12
3363.2  3.110477E-12
3366.1  3.208537E-12
3369.  3.381055E-12
3371.9  3.285198E-12
3374.8  3.355113E-12
3377.7  3.487266E-12
3380.6  3.594650E-12
3383.5  3.517745E-12
3386.4  3.418717E-12
3389.3  3.557995E-12
3392.2  3.677491E-12
3395.1  3.739220E-12
3398.  3.600017E-12
3400.9  3.494701E-12
3403.8  3.489065E-12
3406.7  3.480830E-12
3409.6  3.470260E-12
3412.5  3.639203E-12
3415.4  3.738503E-12
3418.3  3.777180E-12
3421.2  3.816975E-12
3424.1  3.715027E-12
3427.  3.622816E-12
3429.9  3.542609E-12
3432.8  3.320687E-12
3435.7  3.167439E-12
3438.6  3.169276E-12
3441.5  3.365147E-12
3444.4  3.596292E-12
3447.3  3.744062E-12
3450.2  3.664657E-12
3453.1  3.430535E-12
3456.  3.462244E-12
3458.9  3.467912E-12
3461.8  3.533533E-12
3464.7  3.443878E-12
3467.6  3.416934E-12
3470.5  3.329405E-12
3473.4  3.374486E-12
3476.3  3.366112E-12
3479.2  3.433596E-12
3482.1  3.406790E-12
3485.  3.399120E-12
3487.9  3.398862E-12
3490.8  3.368411E-12
3493.7  3.452784E-12
3496.6  3.637950E-12
3499.5  3.679519E-12
3502.4  3.687758E-12
3505.3  3.653929E-12
3508.2  3.558496E-12
3511.1  3.530822E-12
3514.  3.618603E-12
3516.9  3.553807E-12
3519.8  3.472122E-12
3522.7  3.510393E-12
3525.6  3.738097E-12
3528.5  3.838937E-12
3531.4  3.968795E-12
3534.3  4.073005E-12
3537.2  4.009437E-12
3540.1  4.022539E-12
3543.  4.108655E-12
3545.9  4.214926E-12
3548.8  4.041130E-12
3551.7  4.114971E-12
3554.6  4.009407E-12
3557.5  3.910431E-12
3560.4  3.728226E-12
3563.3  3.431721E-12
3566.2  3.428871E-12
3569.1  3.319892E-12
3572.  3.422364E-12
3574.9  3.381110E-12
3577.8  3.251095E-12
3580.7  3.169976E-12
3583.6  3.287789E-12
3586.5  3.561369E-12
3589.4  3.781374E-12
3592.3  3.906099E-12
3595.2  3.988025E-12
3598.1  3.841426E-12
3601.  3.603605E-12
3603.9  3.530183E-12
3606.8  3.528720E-12
3609.7  3.571877E-12
3612.6  3.505992E-12
3615.5  3.582419E-12
3618.4  3.838643E-12
3621.3  4.076308E-12
3624.2  4.107836E-12
3627.1  3.832179E-12
3630.  3.631659E-12
3632.9  3.671694E-12
3635.8  3.754869E-12
3638.7  3.785102E-12
3641.6  3.793231E-12
3644.5  3.844914E-12
3647.4  3.875662E-12
3650.3  4.189134E-12
3653.2  4.346064E-12
3656.1  4.345291E-12
3659.  4.429072E-12
3661.9  4.367223E-12
3664.8  4.323765E-12
3667.7  4.356518E-12
3670.6  4.389051E-12
3673.5  4.206788E-12
3676.4  4.104237E-12
3679.3  4.066451E-12
3682.2  4.072357E-12
3685.1  4.072441E-12
3688.  4.072524E-12
3690.9  4.072608E-12
3693.8  4.072691E-12
3696.7  4.072774E-12
3699.6  4.072858E-12
3702.5  4.072941E-12
3705.4  4.065226E-12
3708.3  4.266002E-12
3711.2  4.528806E-12
3714.1  4.479676E-12
3717.  4.235253E-12
3719.9  4.127401E-12
3722.8  4.295281E-12
3725.7  4.241285E-12
3728.6  3.919348E-12
3731.5  3.598425E-12
3734.4  3.623494E-12
3737.3  3.879320E-12
3740.2  3.859750E-12
3743.1  3.700549E-12
3746.  3.716776E-12
3748.9  3.978387E-12
3751.8  4.328572E-12
3754.7  4.397832E-12
3757.6  4.268708E-12
3760.5  4.228840E-12
3763.4  4.088277E-12
3766.3  3.971782E-12
3769.2  4.125210E-12
3772.1  4.470131E-12
3775.  4.763605E-12
3777.9  4.923882E-12
3780.8  4.946732E-12
3783.7  4.742081E-12
3786.6  4.394372E-12
3789.5  4.071794E-12
3792.4  3.822136E-12
3795.3  3.832832E-12
3798.2  4.222356E-12
3801.1  4.606516E-12
3804.  4.689265E-12
3806.9  4.723683E-12
3809.8  4.672960E-12
3812.7  4.322483E-12
3815.6  4.171006E-12
3818.5  4.035865E-12
3821.4  3.882146E-12
3824.3  3.648476E-12
3827.2  3.368605E-12
3830.1  3.147277E-12
3833.  3.098867E-12
3835.9  3.313360E-12
3838.8  3.944468E-12
3841.7  4.527115E-12
3844.6  4.802342E-12
3847.5  4.842353E-12
3850.4  4.844272E-12
3853.3  4.746740E-12
3856.2  4.727507E-12
3859.1  4.839672E-12
3862.  4.991545E-12
3864.9  4.932896E-12
3867.8  4.739567E-12
3870.7  4.666240E-12
3873.6  4.627670E-12
3876.5  4.491307E-12
3879.4  4.243855E-12
3882.3  4.027571E-12
3885.2  3.841745E-12
3888.1  3.914436E-12
3891.  4.385344E-12
3893.9  4.563670E-12
3896.8  4.735074E-12
3899.7  4.921669E-12
3902.6  5.064253E-12
3905.5  5.197298E-12
3908.4  5.176123E-12
3911.3  5.276907E-12
3914.2  5.194113E-12
3917.1  5.073207E-12
3920.  4.721867E-12
3922.9  4.148111E-12
3925.8  3.250068E-12
3928.7  2.364123E-12
3931.6  2.159894E-12
3934.5  2.824613E-12
3937.4  3.768336E-12
3940.3  4.439725E-12
3943.2  4.882685E-12
3946.1  5.170923E-12
3949.  5.200231E-12
3951.9  5.157764E-12
3954.8  5.007450E-12
3957.7  4.471841E-12
3960.6  3.599542E-12
3963.5  2.820164E-12
3966.4  2.468454E-12
3969.3  3.013491E-12
3972.2  4.026684E-12
3975.1  4.937415E-12
3978.  5.447616E-12
3980.9  5.548035E-12
3983.8  5.684233E-12
3986.7  6.087723E-12
3989.6  6.205639E-12
3992.5  6.049529E-12
3995.4  6.011779E-12
3998.3  6.030226E-12
4001.2  6.062546E-12
4004.1  6.124940E-12
4007.  6.225788E-12
4009.9  6.353422E-12
4012.8  6.492447E-12
4015.7  6.652622E-12
4018.6  6.675592E-12
4021.5  6.498399E-12
4024.4  6.206309E-12
4027.3  5.910407E-12
4030.2  5.867984E-12
4033.1  6.167874E-12
4036.  6.247906E-12
4038.9  5.919104E-12
4041.8  5.611661E-12
4044.7  5.718381E-12
4047.6  5.974152E-12
4050.5  5.940543E-12
4053.4  5.909546E-12
4056.3  5.833715E-12
4059.2  5.722797E-12
4062.1  5.669940E-12
4065.  5.796346E-12
4067.9  5.836791E-12
4070.8  5.726896E-12
4073.7  5.593309E-12
4076.6  5.588226E-12
4079.5  5.712921E-12
4082.4  5.859567E-12
4085.3  5.952420E-12
4088.2  5.872406E-12
4091.1  5.611393E-12
4094.  5.127286E-12
4096.9  4.685789E-12
4099.8  4.513476E-12
4102.7  4.890695E-12
4105.6  5.303168E-12
4108.5  5.577724E-12
4111.4  5.779137E-12
4114.3  5.941097E-12
4117.2  6.008530E-12
4120.1  6.062030E-12
4123.  6.048221E-12
4125.9  5.905152E-12
4128.8  5.819215E-12
4131.7  5.940168E-12
4134.6  6.114295E-12
4137.5  6.175348E-12
4140.4  6.101572E-12
4143.3  6.119574E-12
4146.2  6.104948E-12
4149.1  5.997426E-12
4152.  6.002173E-12
4154.9  6.039628E-12
4157.8  6.196020E-12
4160.7  6.344983E-12
4163.6  6.252623E-12
4166.5  6.170140E-12
4169.4  6.097879E-12
4172.3  6.090943E-12
4175.2  6.183120E-12
4178.1  6.188173E-12
4181.  6.118962E-12
4183.9  6.107213E-12
4186.8  6.110895E-12
4189.7  6.270380E-12
4192.6  6.252434E-12
4195.5  6.057517E-12
4198.4  5.934095E-12
4201.3  6.038907E-12
4204.2  6.315260E-12
4207.1  6.511493E-12
4210.  6.489147E-12
4212.9  6.412117E-12
4215.8  6.326294E-12
4218.7  6.137730E-12
4221.6  5.803806E-12
4224.5  5.621225E-12
4227.4  5.816716E-12
4230.3  6.025558E-12
4233.2  6.036454E-12
4236.1  6.034498E-12
4239.  6.115928E-12
4241.9  6.071904E-12
4244.8  5.859570E-12
4247.7  5.835357E-12
4250.6  5.882719E-12
4253.5  5.858755E-12
4256.4  5.847302E-12
4259.3  5.869572E-12
4262.2  5.977611E-12
4265.1  6.043767E-12
4268.  5.944320E-12
4270.9  5.788759E-12
4273.8  5.767597E-12
4276.7  5.719300E-12
4279.6  5.599079E-12
4282.5  5.523288E-12
4285.4  5.388284E-12
4288.3  5.246838E-12
4291.2  5.245986E-12
4294.1  5.221143E-12
4297.  4.938957E-12
4299.9  4.768861E-12
4302.8  4.742059E-12
4305.7  4.675239E-12
4308.6  4.953147E-12
4311.5  5.492347E-12
4314.4  5.988742E-12
4317.3  6.043975E-12
4320.2  5.734460E-12
4323.1  5.579875E-12
4326.  5.770506E-12
4328.9  5.879526E-12
4331.8  5.627238E-12
4334.7  5.042179E-12
4337.6  4.626959E-12
4340.5  4.951873E-12
4343.4  5.432610E-12
4346.3  5.713550E-12
4349.2  5.740566E-12
4352.1  5.879967E-12
4355.  6.120098E-12
4357.9  6.289078E-12
4360.8  6.325757E-12
4363.7  6.226807E-12
4366.6  6.000123E-12
4369.5  5.834675E-12
4372.4  5.816432E-12
4375.3  5.871117E-12
4378.2  5.744217E-12
4381.1  5.577169E-12
4384.  5.672916E-12
4386.9  5.834653E-12
4389.8  6.002151E-12
4392.7  6.114690E-12
4395.6  6.110181E-12
4398.5  6.015272E-12
4401.4  5.909704E-12
4404.3  5.940450E-12
4407.2  6.032947E-12
4410.1  6.091289E-12
4413.  6.071366E-12
4415.9  6.143299E-12
4418.8  6.317557E-12
4421.7  6.380500E-12
4424.6  6.423785E-12
4427.5  6.260159E-12
4430.4  6.060100E-12
4433.3  6.010171E-12
4436.2  6.131404E-12
4439.1  6.248428E-12
4442.  6.349666E-12
4444.9  6.396174E-12
4447.8  6.301995E-12
4450.7  6.088924E-12
4453.6  5.839278E-12
4456.5  5.731729E-12
4459.4  5.815804E-12
4462.3  6.056098E-12
4465.2  6.351589E-12
4468.1  6.686193E-12
4471.  6.886075E-12
4473.9  6.724736E-12
4476.8  6.337217E-12
4479.7  6.196961E-12
4482.6  6.338164E-12
4485.5  6.446160E-12
4488.4  6.345304E-12
4491.3  6.287375E-12
4494.2  6.371459E-12
4497.1  6.497202E-12
4500.  6.573103E-12
4502.9  6.601702E-12
4505.8  6.541217E-12
4508.7  6.366085E-12
4511.6  6.299833E-12
4514.5  6.383488E-12
4517.4  6.374169E-12
4520.3  6.317594E-12
4523.2  6.215846E-12
4526.1  6.144688E-12
4529.  6.085674E-12
4531.9  6.051941E-12
4534.8  6.141280E-12
4537.7  6.184893E-12
4540.6  6.130525E-12
4543.5  6.021808E-12
4546.4  6.033409E-12
4549.3  6.058602E-12
4552.2  6.129349E-12
4555.1  6.267039E-12
4558.  6.232366E-12
4560.9  6.177992E-12
4563.8  6.184062E-12
4566.7  6.206626E-12
4569.6  6.409933E-12
4572.5  6.409880E-12
4575.4  6.304236E-12
4578.3  6.240396E-12
4581.2  6.172394E-12
4584.1  6.157238E-12
4587.  6.258286E-12
4589.9  6.346919E-12
4592.8  6.310376E-12
4595.7  6.328646E-12
4598.6  6.356876E-12
4601.5  6.420794E-12
4604.4  6.485921E-12
4607.3  6.499515E-12
4610.2  6.408461E-12
4613.1  6.453928E-12
4616.  6.438671E-12
4618.9  6.396728E-12
4621.8  6.345781E-12
4624.7  6.184592E-12
4627.6  6.288450E-12
4630.5  6.424597E-12
4633.4  6.354448E-12
4636.3  6.329104E-12
4639.2  6.252168E-12
4642.1  6.097255E-12
4645.  6.055303E-12
4647.9  6.130853E-12
4650.8  6.228845E-12
4653.7  6.227862E-12
4656.6  6.184990E-12
4659.5  6.167244E-12
4662.4  6.023465E-12
4665.3  5.844864E-12
4668.2  5.934376E-12
4671.1  6.179629E-12
4674.  6.289186E-12
4676.9  6.210641E-12
4679.8  6.177947E-12
4682.7  6.330481E-12
4685.6  6.520813E-12
4688.5  6.502867E-12
4691.4  6.493044E-12
4694.3  6.416295E-12
4697.2  6.177916E-12
4700.1  6.025397E-12
4703.  5.954415E-12
4705.9  5.849490E-12
4708.8  5.792228E-12
4711.7  6.025726E-12
4714.6  6.252247E-12
4717.5  6.199911E-12
4720.4  6.051114E-12
4723.3  6.041079E-12
4726.2  6.029169E-12
4729.1  6.069088E-12
4732.  6.224330E-12
4734.9  6.244798E-12
4737.8  6.311861E-12
4740.7  6.431867E-12
4743.6  6.325338E-12
4746.5  6.117281E-12
4749.4  6.022435E-12
4752.3  5.935122E-12
4755.2  6.001892E-12
4758.1  6.104296E-12
4761.  6.019079E-12
4763.9  5.890855E-12
4766.8  5.857157E-12
4769.7  5.954409E-12
4772.6  6.216464E-12
4775.5  6.476473E-12
4778.4  6.481081E-12
4781.3  6.396927E-12
4784.2  6.261091E-12
4787.1  6.202933E-12
4790.  6.237253E-12
4792.9  6.340471E-12
4795.8  6.267399E-12
4798.7  6.150221E-12
4801.6  6.207188E-12
4804.5  6.149390E-12
4807.4  6.157816E-12
4810.3  6.290427E-12
4813.2  6.228917E-12
4816.1  6.171513E-12
4819.  6.100647E-12
4821.9  5.907554E-12
4824.8  5.917356E-12
4827.7  5.992130E-12
4830.6  6.047753E-12
4833.5  6.104196E-12
4836.4  5.994165E-12
4839.3  5.890690E-12
4842.2  5.894918E-12
4845.1  5.868885E-12
4848.  5.765654E-12
4850.9  5.583796E-12
4853.8  5.245966E-12
4856.7  4.672285E-12
4859.6  4.341248E-12
4862.5  4.684348E-12
4865.4  5.234307E-12
4868.3  5.503824E-12
4871.2  5.618131E-12
4874.1  5.709959E-12
4877.  5.809932E-12
4879.9  5.925707E-12
4882.8  5.879582E-12
4885.7  5.743996E-12
4888.6  5.802974E-12
4891.5  6.033057E-12
4894.4  6.180169E-12
4897.3  6.218620E-12
4900.2  6.251801E-12
4903.1  6.256325E-12
4906.  6.100951E-12
4908.9  5.885051E-12
4911.8  5.792523E-12
4914.7  5.778052E-12
4917.6  5.734958E-12
4920.5  5.673293E-12
4923.4  5.737871E-12
4926.3  5.903012E-12
4929.2  5.959294E-12
4932.1  5.813165E-12
4935.  5.775487E-12
4937.9  5.862943E-12
4940.8  6.015423E-12
4943.7  6.070246E-12
4946.6  6.095709E-12
4949.5  6.056568E-12
4952.4  5.879380E-12
4955.3  5.800604E-12
4958.2  5.968660E-12
4961.1  6.060844E-12
4964.  6.068146E-12
4966.9  6.070510E-12
4969.8  6.081665E-12
4972.7  6.131311E-12
4975.6  6.123465E-12
4978.5  5.920969E-12
4981.4  5.738802E-12
4984.3  5.797154E-12
4987.2  5.933297E-12
4990.1  6.004326E-12
4993.  6.034017E-12
4995.9  5.996985E-12
4998.8  5.853802E-12
5001.7  5.713571E-12
5004.6  5.658025E-12
5007.5  5.673027E-12
5010.4  5.634667E-12
5013.3  5.669409E-12
5016.2  5.731807E-12
5019.1  5.769587E-12
5022.  5.819338E-12
5024.9  5.828461E-12
5027.8  5.850924E-12
5030.7  5.962198E-12
5033.6  5.929796E-12
5036.5  5.790882E-12
5039.4  5.690069E-12
5042.3  5.812017E-12
5045.2  5.897902E-12
5048.1  5.844176E-12
5051.  5.930461E-12
5053.9  6.071360E-12
5056.8  6.089350E-12
5059.7  6.089533E-12
5062.6  5.948138E-12
5065.5  5.810274E-12
5068.4  5.810207E-12
5071.3  5.737722E-12
5074.2  5.621549E-12
5077.1  5.515049E-12
5080.  5.498974E-12
5082.9  5.647565E-12
5085.8  5.901141E-12
5088.7  6.031181E-12
5091.6  5.972398E-12
5094.5  5.858100E-12
5097.4  5.782839E-12
5100.3  5.801370E-12
5103.2  5.794885E-12
5106.1  5.729341E-12
5109.  5.835631E-12
5111.9  5.962914E-12
5114.8  5.915787E-12
5117.7  5.858546E-12
5120.6  5.687462E-12
5123.5  5.537940E-12
5126.4  5.523118E-12
5129.3  5.600022E-12
5132.2  5.665538E-12
5135.1  5.620809E-12
5138.  5.520919E-12
5140.9  5.520176E-12
5143.8  5.561631E-12
5146.7  5.576238E-12
5149.6  5.593406E-12
5152.5  5.665053E-12
5155.4  5.720298E-12
5158.3  5.684557E-12
5161.2  5.410859E-12
5164.1  5.082623E-12
5167.  4.902578E-12
5169.9  5.005015E-12
5172.8  5.309250E-12
5175.7  5.534655E-12
5178.6  5.332142E-12
5181.5  4.998748E-12
5184.4  5.035364E-12
5187.3  5.275372E-12
5190.2  5.325012E-12
5193.1  5.354849E-12
5196.  5.392448E-12
5198.9  5.420363E-12
5201.8  5.422111E-12
5204.7  5.421432E-12
5207.6  5.516931E-12
5210.5  5.565804E-12
5213.4  5.381773E-12
5216.3  5.314577E-12
5219.2  5.456369E-12
5222.1  5.464930E-12
5225.  5.332933E-12
5227.9  5.446760E-12
5230.8  5.617304E-12
5233.7  5.607485E-12
5236.6  5.614427E-12
5239.5  5.751101E-12
5242.4  5.799766E-12
5245.3  5.759821E-12
5248.2  5.683935E-12
5251.1  5.578394E-12
5254.  5.541681E-12
5256.9  5.537232E-12
5259.8  5.440441E-12
5262.7  5.292798E-12
5265.6  5.208770E-12
5268.5  5.192535E-12
5271.4  5.236962E-12
5274.3  5.395836E-12
5277.2  5.588843E-12
5280.1  5.657405E-12
5283.  5.634156E-12
5285.9  5.676638E-12
5288.8  5.728989E-12
5291.7  5.692824E-12
5294.6  5.609058E-12
5297.5  5.581518E-12
5300.4  5.586069E-12
5303.3  5.593439E-12
5306.2  5.654999E-12
5309.1  5.718888E-12
5312.  5.745263E-12
5314.9  5.676253E-12
5317.8  5.578550E-12
5320.7  5.499175E-12
5323.6  5.454889E-12
5326.5  5.480440E-12
5329.4  5.587814E-12
5332.3  5.584048E-12
5335.2  5.491922E-12
5338.1  5.442064E-12
5341.  5.383633E-12
5343.9  5.426326E-12
5346.8  5.495233E-12
5349.7  5.630052E-12
5352.6  5.750906E-12
5355.5  5.803445E-12
5358.4  5.801724E-12
5361.3  5.671108E-12
5364.2  5.589829E-12
5367.1  5.589041E-12
5370.  5.603576E-12
5372.9  5.644065E-12
5375.8  5.583389E-12
5378.7  5.533247E-12
5381.6  5.582616E-12
5384.5  5.668050E-12
5387.4  5.615424E-12
5390.3  5.616544E-12
5393.2  5.536236E-12
5396.1  5.425771E-12
5399.  5.447667E-12
5401.9  5.418321E-12
5404.8  5.380607E-12
5407.7  5.412522E-12
5410.6  5.466234E-12
5413.5  5.584639E-12
5416.4  5.551116E-12
5419.3  5.476433E-12
5422.2  5.415107E-12
5425.1  5.464786E-12
5428.  5.521497E-12
5430.9  5.445700E-12
5433.8  5.463353E-12
5436.7  5.644710E-12
5439.6  5.713106E-12
5442.5  5.638801E-12
5445.4  5.615447E-12
5448.3  5.704812E-12
5451.2  5.694087E-12
5454.1  5.689435E-12
5457.  5.809828E-12
5459.9  5.736955E-12
5462.8  5.568693E-12
5465.7  5.524020E-12
5468.6  5.541376E-12
5471.5  5.458942E-12
5474.4  5.366446E-12
5477.3  5.362280E-12
5480.2  5.397437E-12
5483.1  5.392783E-12
5486.  5.411319E-12
5488.9  5.434870E-12
5491.8  5.496667E-12
5494.7  5.521572E-12
5497.6  5.515861E-12
5500.5  5.399682E-12
5503.4  5.359333E-12
5506.3  5.428796E-12
5509.2  5.485340E-12
5512.1  5.492835E-12
5515.  5.565663E-12
5517.9  5.661114E-12
5520.8  5.723623E-12
5523.7  5.563109E-12
5526.6  5.433173E-12
5529.5  5.427197E-12
5532.4  5.468764E-12
5535.3  5.536232E-12
5538.2  5.495101E-12
5541.1  5.388552E-12
5544.  5.374145E-12
5546.9  5.398897E-12
5549.8  5.360881E-12
5552.7  5.365580E-12
5555.6  5.434682E-12
5558.5  5.474512E-12
5561.4  5.404139E-12
5564.3  5.406056E-12
5567.2  5.436076E-12
5570.1  5.435134E-12
5573.  5.420527E-12
5575.9  5.466082E-12
5578.8  5.414576E-12
5581.7  5.313031E-12
5584.6  5.199850E-12
5587.5  5.137737E-12
5590.4  5.133510E-12
5593.3  5.131082E-12
5596.2  5.147183E-12
5599.1  5.139196E-12
5602.  5.209165E-12
5604.9  5.368895E-12
5607.8  5.427582E-12
5610.7  5.393445E-12
5613.6  5.296925E-12
5616.5  5.242836E-12
5619.4  5.246781E-12
5622.3  5.274611E-12
5625.2  5.371985E-12
5628.1  5.481162E-12
5631.  5.547219E-12
5633.9  5.505401E-12
5636.8  5.377189E-12
5639.7  5.313681E-12
5642.6  5.339020E-12
5645.5  5.391025E-12
5648.4  5.415357E-12
5651.3  5.403347E-12
5654.2  5.289267E-12
5657.1  5.113501E-12
5660.  5.131137E-12
5662.9  5.280316E-12
5665.8  5.337113E-12
5668.7  5.368885E-12
5671.6  5.368471E-12
5674.5  5.402622E-12
5677.4  5.425860E-12
5680.3  5.348698E-12
5683.2  5.210762E-12
5686.1  5.180494E-12
5689.  5.269129E-12
5691.9  5.344160E-12
5694.8  5.299175E-12
5697.7  5.305202E-12
5700.6  5.339436E-12
5703.5  5.272297E-12
5706.4  5.136563E-12
5709.3  5.082134E-12
5712.2  5.177763E-12
5715.1  5.230778E-12
5718.  5.268329E-12
5720.9  5.299646E-12
5723.8  5.307787E-12
5726.7  5.305931E-12
5729.6  5.281072E-12
5732.5  5.249871E-12
5735.4  5.313435E-12
5738.3  5.266008E-12
5741.2  5.214378E-12
5744.1  5.201306E-12
5747.  5.171091E-12
5749.9  5.122164E-12
5752.8  5.139795E-12
5755.7  5.178885E-12
5758.6  5.167069E-12
5761.5  5.225298E-12
5764.4  5.355494E-12
5767.3  5.410295E-12
5770.2  5.330481E-12
5773.1  5.231890E-12
5776.  5.203627E-12
5778.9  5.184980E-12
5781.8  5.146628E-12
5784.7  5.123236E-12
5787.6  5.112878E-12
5790.5  5.103442E-12
5793.4  5.163316E-12
5796.3  5.238817E-12
5799.2  5.266733E-12
5802.1  5.274267E-12
5805.  5.248695E-12
5807.9  5.188267E-12
5810.8  5.183706E-12
5813.7  5.233757E-12
5816.6  5.275434E-12
5819.5  5.296374E-12
5822.4  5.316613E-12
5825.3  5.323416E-12
5828.2  5.287153E-12
5831.1  5.221604E-12
5834.  5.161414E-12
5836.9  5.170743E-12
5839.8  5.207341E-12
5842.7  5.218641E-12
5845.6  5.192776E-12
5848.5  5.155618E-12
5851.4  5.096224E-12
5854.3  5.058379E-12
5857.2  5.045494E-12
5860.1  5.051467E-12
5863.  5.126709E-12
5865.9  5.208165E-12
5868.8  5.260197E-12
5871.7  5.337364E-12
5874.6  5.383720E-12
5877.5  5.339354E-12
5880.4  5.205014E-12
5883.3  5.040391E-12
5886.2  4.862125E-12
5889.1  4.773471E-12
5892.  4.807391E-12
5894.9  4.913037E-12
5897.8  5.038425E-12
5900.7  5.088361E-12
5903.6  5.073313E-12
5906.5  5.049461E-12
5909.4  5.023197E-12
5912.3  5.023155E-12
5915.2  5.066975E-12
5918.1  5.076240E-12
5921.  5.061259E-12
5923.9  5.055573E-12
5926.8  5.054433E-12
5929.7  5.098877E-12
5932.6  5.194167E-12
5935.5  5.248966E-12
5938.4  5.196246E-12
5941.3  5.109945E-12
5944.2  5.100218E-12
5947.1  5.144083E-12
5950.  5.189503E-12
5952.9  5.207583E-12
5955.8  5.176905E-12
5958.7  5.138653E-12
5961.6  5.078147E-12
5964.5  5.030028E-12
5967.4  5.062289E-12
5970.3  5.093428E-12
5973.2  5.100776E-12
5976.1  5.094462E-12
5979.  5.095728E-12
5981.9  5.057397E-12
5984.8  5.028838E-12
5987.7  4.999327E-12
5990.6  5.020082E-12
5993.5  5.058909E-12
5996.4  5.067951E-12
5999.3  5.059615E-12
6002.2  5.053878E-12
6005.1  5.030451E-12
6008.  5.019453E-12
6010.9  4.998933E-12
6013.8  4.969913E-12
6016.7  4.937573E-12
6019.6  4.873205E-12
6022.5  4.852812E-12
6025.4  4.923953E-12
6028.3  4.987088E-12
6031.2  4.963815E-12
6034.1  4.935241E-12
6037.  4.957867E-12
6039.9  5.018129E-12
6042.8  5.015331E-12
6045.7  4.957328E-12
6048.6  4.942324E-12
6051.5  4.948257E-12
6054.4  4.935578E-12
6057.3  4.952236E-12
6060.2  4.887875E-12
6063.1  4.868076E-12
6066.  4.873409E-12
6068.9  4.921964E-12
6071.8  4.946796E-12
6074.7  4.884894E-12
6077.6  4.822108E-12
6080.5  4.841020E-12
6083.4  4.887165E-12
6086.3  4.917065E-12
6089.2  4.906562E-12
6092.1  4.806092E-12
6095.  4.706698E-12
6097.9  4.719406E-12
6100.8  4.774772E-12
6103.7  4.819035E-12
6106.6  4.876958E-12
6109.5  4.933947E-12
6112.4  4.949409E-12
6115.3  4.963965E-12
6118.2  4.928435E-12
6121.1  4.883048E-12
6124.  4.905862E-12
6126.9  4.891403E-12
6129.8  4.836486E-12
6132.7  4.712297E-12
6135.6  4.667855E-12
6138.5  4.744449E-12
6141.4  4.792796E-12
6144.3  4.734429E-12
6147.2  4.710956E-12
6150.1  4.751168E-12
6153.  4.751322E-12
6155.9  4.684078E-12
6158.8  4.672247E-12
6161.7  4.750742E-12
6164.6  4.765497E-12
6167.5  4.709315E-12
6170.4  4.707605E-12
6173.3  4.758346E-12
6176.2  4.757715E-12
6179.1  4.699932E-12
6182.  4.688145E-12
6184.9  4.713079E-12
6187.8  4.763141E-12
6190.7  4.797908E-12
6193.6  4.731000E-12
6196.5  4.654940E-12
6199.4  4.717571E-12
6202.3  4.797805E-12
6205.2  4.786973E-12
6208.1  4.704211E-12
6211.  4.661084E-12
6213.9  4.641812E-12
6216.8  4.625136E-12
6219.7  4.660767E-12
6222.6  4.634231E-12
6225.5  4.589261E-12
6228.4  4.613514E-12
6231.3  4.641001E-12
6234.2  4.560999E-12
6237.1  4.453852E-12
6240.  4.453530E-12
6242.9  4.501311E-12
6245.8  4.551518E-12
6248.7  4.621883E-12
6251.6  4.683299E-12
6254.5  4.708151E-12
6257.4  4.740566E-12
6260.3  4.761148E-12
6263.2  4.791470E-12
6266.1  4.850461E-12
6269.  4.845147E-12
6271.9  4.778198E-12
6274.8  4.692784E-12
6277.7  4.648035E-12
6280.6  4.683883E-12
6283.5  4.698489E-12
6286.4  4.682398E-12
6289.3  4.692427E-12
6292.2  4.715496E-12
6295.1  4.629666E-12
6298.  4.564991E-12
6300.9  4.622260E-12
6303.8  4.673427E-12
6306.7  4.665747E-12
6309.6  4.588810E-12
6312.5  4.487033E-12
6315.4  4.531644E-12
6318.3  4.580825E-12
6321.2  4.585147E-12
6324.1  4.609670E-12
6327.  4.656368E-12
6329.9  4.658398E-12
6332.8  4.582236E-12
6335.7  4.526349E-12
6338.6  4.496980E-12
6341.5  4.481144E-12
6344.4  4.553571E-12
6347.3  4.637823E-12
6350.2  4.636204E-12
6353.1  4.563348E-12
6356.  4.487609E-12
6358.9  4.413695E-12
6361.8  4.418734E-12
6364.7  4.524192E-12
6367.6  4.465565E-12
6370.5  4.586207E-12
6373.4  4.631968E-12
6376.3  4.598479E-12
6379.2  4.569546E-12
6382.1  4.559876E-12
6385.  4.538220E-12
6387.9  4.519757E-12
6390.8  4.533731E-12
6393.7  4.623191E-12
6396.6  4.591554E-12
6399.5  4.619514E-12
6402.4  4.672122E-12
6405.3  4.601017E-12
6408.2  4.529758E-12
6411.1  4.487902E-12
6414.  4.534428E-12
6416.9  4.546272E-12
6419.8  4.461503E-12
6422.7  4.448382E-12
6425.6  4.486478E-12
6428.5  4.454241E-12
6431.4  4.425195E-12
6434.3  4.493910E-12
6437.2  4.487158E-12
6440.1  4.502755E-12
6443.  4.565397E-12
6445.9  4.514194E-12
6448.8  4.415526E-12
6451.7  4.394579E-12
6454.6  4.428553E-12
6457.5  4.441438E-12
6460.4  4.483464E-12
6463.3  4.518912E-12
6466.2  4.619253E-12
6469.1  4.648885E-12
6472.  4.558352E-12
6474.9  4.530482E-12
6477.8  4.568669E-12
6480.7  4.550184E-12
6483.6  4.464164E-12
6486.5  4.440006E-12
6489.4  4.403805E-12
6492.3  4.381103E-12
6495.2  4.386508E-12
6498.1  4.417024E-12
6501.  4.458682E-12
6503.9  4.487981E-12
6506.8  4.495959E-12
6509.7  4.484403E-12
6512.6  4.460314E-12
6515.5  4.433634E-12
6518.4  4.414534E-12
6521.3  4.409409E-12
6524.2  4.411784E-12
6527.1  4.414014E-12
6530.  4.412999E-12
6532.9  4.404977E-12
6535.8  4.385000E-12
6538.7  4.352676E-12
6541.6  4.312288E-12
6544.5  4.259051E-12
6547.4  4.183976E-12
6550.3  4.076781E-12
6553.2  3.933819E-12
6556.1  3.778572E-12
6559.  3.648294E-12
6561.9  3.614305E-12
6564.8  3.713052E-12
6567.7  3.877159E-12
6570.6  4.040726E-12
6573.5  4.164236E-12
6576.4  4.235030E-12
6579.3  4.276129E-12
6582.2  4.299648E-12
6585.1  4.308696E-12
6588.  4.312844E-12
6590.9  4.321745E-12
6593.8  4.332765E-12
6596.7  4.340004E-12
6599.6  4.342552E-12
6602.5  4.341069E-12
6605.4  4.338562E-12
6608.3  4.338425E-12
6611.2  4.344232E-12
6614.1  4.354946E-12
6617.  4.363740E-12
6619.9  4.366675E-12
6622.8  4.362414E-12
6625.7  4.355413E-12
6628.6  4.352727E-12
6631.5  4.351834E-12
6634.4  4.347876E-12
6637.3  4.342182E-12
6640.2  4.336940E-12
6643.1  4.333106E-12
6646.  4.331547E-12
6648.9  4.333874E-12
6651.8  4.337342E-12
6654.7  4.332390E-12
6657.6  4.320872E-12
6660.5  4.314925E-12
6663.4  4.318579E-12
6666.3  4.330516E-12
6669.2  4.344088E-12
6672.1  4.351154E-12
6675.  4.347545E-12
6677.9  4.333249E-12
6680.8  4.319464E-12
6683.7  4.314625E-12
6686.6  4.315705E-12
6689.5  4.317397E-12
6692.4  4.312224E-12
6695.3  4.297977E-12
6698.2  4.278459E-12
6701.1  4.259246E-12
6704.  4.246708E-12
6706.9  4.240061E-12
6709.8  4.235421E-12
6712.7  4.231588E-12
6715.6  4.228212E-12
6718.5  4.226825E-12
6721.4  4.228221E-12
6724.3  4.229702E-12
6727.2  4.229908E-12
6730.1  4.230357E-12
6733.  4.232348E-12
6735.9  4.236575E-12
6738.8  4.243998E-12
6741.7  4.255519E-12
6744.6  4.266090E-12
6747.5  4.268788E-12
6750.4  4.264637E-12
6753.3  4.257119E-12
6756.2  4.248710E-12
6759.1  4.241058E-12
6762.  4.232289E-12
6764.9  4.222392E-12
6767.8  4.216684E-12
6770.7  4.215262E-12
6773.6  4.211082E-12
6776.5  4.203472E-12
6779.4  4.196823E-12
6782.3  4.193310E-12
6785.2  4.193786E-12
6788.1  4.195278E-12
6791.  4.194048E-12
6793.9  4.191745E-12
6796.8  4.189875E-12
6799.7  4.184340E-12
6802.6  4.173917E-12
6805.5  4.165311E-12
6808.4  4.161055E-12
6811.3  4.157061E-12
6814.2  4.150996E-12
6817.1  4.141762E-12
6820.  4.133677E-12
6822.9  4.133593E-12
6825.8  4.135883E-12
6828.7  4.131655E-12
6831.6  4.119254E-12
6834.5  4.101437E-12
6837.4  4.092388E-12
6840.3  4.100617E-12
6843.2  4.116112E-12
6846.1  4.129596E-12
6849.  4.135028E-12
6851.9  4.133414E-12
6854.8  4.134129E-12
6857.7  4.131671E-12
6860.6  4.113501E-12
6863.5  4.069448E-12
6866.4  3.996947E-12
6869.3  3.956068E-12
6872.2  4.001427E-12
6875.1  4.094603E-12
6878.  4.184140E-12
6880.9  4.229373E-12
6883.8  4.215298E-12
6886.7  4.174454E-12
6889.6  4.135760E-12
6892.5  4.118763E-12
6895.4  4.125442E-12
6898.3  4.142151E-12
6901.2  4.158201E-12
6904.1  4.165132E-12
6907.  4.156186E-12
6909.9  4.130058E-12
6912.8  4.106558E-12
6915.7  4.101254E-12
6918.6  4.102654E-12
6921.5  4.099872E-12
6924.4  4.088921E-12
6927.3  4.071286E-12
6930.2  4.057265E-12
6933.1  4.044650E-12
6936.  4.020994E-12
6938.9  3.992475E-12
6941.8  3.973661E-12
6944.7  3.968347E-12
6947.6  3.975455E-12
6950.5  3.986215E-12
6953.4  3.993164E-12
6956.3  4.001957E-12
6959.2  4.016701E-12
6962.1  4.034976E-12
6965.  4.051706E-12
6967.9  4.058592E-12
6970.8  4.051824E-12
6973.7  4.031825E-12
6976.6  4.010224E-12
6979.5  4.003637E-12
6982.4  4.008561E-12
6985.3  4.013964E-12
6988.2  4.011425E-12
6991.1  3.996779E-12
6994.  3.982118E-12
6996.9  3.976900E-12
6999.8  3.976276E-12
7002.7  3.977147E-12
7005.6  3.981406E-12
7008.5  3.985632E-12
7011.4  3.981469E-12
7014.3  3.971643E-12
7017.2  3.965387E-12
7020.1  3.970617E-12
7023.  3.992110E-12
7025.9  4.012838E-12
7028.8  4.015185E-12
7031.7  4.006606E-12
7034.6  3.997620E-12
7037.5  3.995641E-12
7040.4  4.002261E-12
7043.3  4.007245E-12
7046.2  4.007202E-12
7049.1  4.007725E-12
7052.  4.009691E-12
7054.9  4.010724E-12
7057.8  4.010084E-12
7060.7  4.007526E-12
7063.6  3.996698E-12
7066.5  3.972927E-12
7069.4  3.949450E-12
7072.3  3.937348E-12
7075.2  3.930487E-12
7078.1  3.921973E-12
7081.  3.905484E-12
7083.9  3.885455E-12
7086.8  3.881766E-12
7089.7  3.893196E-12
7092.6  3.901087E-12
7095.5  3.902721E-12
7098.4  3.903148E-12
7101.3  3.902754E-12
7104.2  3.901071E-12
7107.1  3.897468E-12
7110.  3.891748E-12
7112.9  3.885215E-12
7115.8  3.879794E-12
7118.7  3.879079E-12
7121.6  3.881836E-12
7124.5  3.879314E-12
7127.4  3.871165E-12
7130.3  3.864820E-12
7133.2  3.862511E-12
7136.1  3.863392E-12
7139.  3.864690E-12
7141.9  3.863165E-12
7144.8  3.858431E-12
7147.7  3.851503E-12
7150.6  3.845990E-12
7153.5  3.843907E-12
7156.4  3.843053E-12
7159.3  3.838746E-12
7162.2  3.821897E-12
7165.1  3.796435E-12
7168.  3.779955E-12
7170.9  3.774829E-12
7173.8  3.773530E-12
7176.7  3.770186E-12
7179.6  3.760581E-12
7182.5  3.748649E-12
7185.4  3.741006E-12
7188.3  3.750597E-12
7191.2  3.778442E-12
7194.1  3.785973E-12
7197.  3.759417E-12
7199.9  3.736810E-12
7202.8  3.737396E-12
7205.7  3.756780E-12
7208.6  3.782429E-12
7211.5  3.795405E-12
7214.4  3.788728E-12
7217.3  3.763491E-12
7220.2  3.733974E-12
7223.1  3.715552E-12
7226.  3.702200E-12
7228.9  3.687786E-12
7231.8  3.678398E-12
7234.7  3.680866E-12
7237.6  3.704423E-12
7240.5  3.742034E-12
7243.4  3.765203E-12
7246.3  3.766900E-12
7249.2  3.757907E-12
7252.1  3.750643E-12
7255.  3.757427E-12
7257.9  3.764726E-12
7260.8  3.754400E-12
7263.7  3.740367E-12
7266.6  3.736387E-12
7269.5  3.730035E-12
7272.4  3.714761E-12
7275.3  3.704665E-12
7278.2  3.702524E-12
7281.1  3.693490E-12
7284.  3.674956E-12
7286.9  3.654489E-12
7289.8  3.644723E-12
7292.7  3.659691E-12
7295.6  3.681129E-12
7298.5  3.682944E-12
7301.4  3.672936E-12
7304.3  3.664995E-12
7307.2  3.663781E-12
7310.1  3.671321E-12
7313.  3.685482E-12
7315.9  3.699870E-12
7318.8  3.702798E-12
7321.7  3.691675E-12
7324.6  3.673274E-12
7327.5  3.659341E-12
7330.4  3.663484E-12
7333.3  3.679326E-12
7336.2  3.692315E-12
7339.1  3.694155E-12
7342.  3.681298E-12
7344.9  3.663073E-12
7347.8  3.649516E-12
7350.7  3.645356E-12
7353.6  3.649268E-12
7356.5  3.648862E-12
7359.4  3.641740E-12
7362.3  3.638250E-12
7365.2  3.640451E-12
7368.1  3.644372E-12
7371.  3.647570E-12
7373.9  3.647955E-12
7376.8  3.639480E-12
7379.7  3.617970E-12
7382.6  3.591755E-12
7385.5  3.570259E-12
7388.4  3.557956E-12
7391.3  3.556128E-12
7394.2  3.561391E-12
7397.1  3.567437E-12
7400.  3.565183E-12
7402.9  3.553775E-12
7405.8  3.539477E-12
7408.7  3.527638E-12
7411.6  3.522688E-12
7414.5  3.523312E-12
7417.4  3.526237E-12
7420.3  3.531364E-12
7423.2  3.538747E-12
7426.1  3.548185E-12
7429.  3.557851E-12
7431.9  3.562094E-12
7434.8  3.558747E-12
7437.7  3.550820E-12
7440.6  3.542712E-12
7443.5  3.539576E-12
7446.4  3.543740E-12
7449.3  3.555087E-12
7452.2  3.567030E-12
7455.1  3.571870E-12
7458.  3.569912E-12
7460.9  3.564802E-12
7463.8  3.566600E-12
7466.7  3.579192E-12
7469.6  3.587514E-12
7472.5  3.584002E-12
7475.4  3.576155E-12
7478.3  3.567202E-12
7481.2  3.556105E-12
7484.1  3.542906E-12
7487.  3.528020E-12
7489.9  3.513937E-12
7492.8  3.503584E-12
7495.7  3.498551E-12
7498.6  3.498612E-12
7501.5  3.496033E-12
7504.4  3.486822E-12
7507.3  3.481778E-12
7510.2  3.486402E-12
7513.1  3.495001E-12
7516.  3.500119E-12
7518.9  3.491827E-12
7521.8  3.476584E-12
7524.7  3.472722E-12
7527.6  3.478685E-12
7530.5  3.484177E-12
7533.4  3.491179E-12
7536.3  3.502722E-12
7539.2  3.510016E-12
7542.1  3.506439E-12
7545.  3.498175E-12
7547.9  3.490094E-12
7550.8  3.480892E-12
7553.7  3.472165E-12
7556.6  3.469092E-12
7559.5  3.471906E-12
7562.4  3.477007E-12
7565.3  3.480236E-12
7568.2  3.477779E-12
7571.1  3.472513E-12
7574.  3.469264E-12
7576.9  3.470307E-12
7579.8  3.475779E-12
7582.7  3.479787E-12
7585.6  3.478699E-12
7588.5  3.476291E-12
7591.4  3.474756E-12
7594.3  3.473329E-12
7597.2  3.471807E-12
7600.1  3.470285E-12
7603.  3.468763E-12
7605.9  3.467241E-12
7608.8  3.465720E-12
7611.7  3.464198E-12
7614.6  3.462677E-12
7617.5  3.461155E-12
7620.4  3.459633E-12
7623.3  3.458112E-12
7626.2  3.456935E-12
7629.1  3.455600E-12
7632.  3.450514E-12
7634.9  3.448868E-12
7637.8  3.469394E-12
7640.7  3.502267E-12
7643.6  3.520015E-12
7646.5  3.519438E-12
7649.4  3.507545E-12
7652.3  3.483774E-12
7655.2  3.449369E-12
7658.1  3.416399E-12
7661.  3.395415E-12
7663.9  3.388936E-12
7666.8  3.394324E-12
7669.7  3.401254E-12
7672.6  3.405179E-12
7675.5  3.409739E-12
7678.4  3.412838E-12
7681.3  3.409013E-12
7684.2  3.396840E-12
7687.1  3.377514E-12
7690.  3.356640E-12
7692.9  3.340741E-12
7695.8  3.333606E-12
7698.7  3.336390E-12
7701.6  3.346523E-12
7704.5  3.357319E-12
7707.4  3.354178E-12
7710.3  3.337570E-12
7713.2  3.328257E-12
7716.1  3.332565E-12
7719.  3.344899E-12
7721.9  3.355465E-12
7724.8  3.352924E-12
7727.7  3.346130E-12
7730.6  3.347843E-12
7733.5  3.348425E-12
7736.4  3.338262E-12
7739.3  3.324137E-12
7742.2  3.311572E-12
7745.1  3.298408E-12
7748.  3.286582E-12
7750.9  3.284664E-12
7753.8  3.290242E-12
7756.7  3.290960E-12
7759.6  3.286351E-12
7762.5  3.282597E-12
7765.4  3.281419E-12
7768.3  3.282904E-12
7771.2  3.283756E-12
7774.1  3.281551E-12
7777.  3.282354E-12
7779.9  3.289596E-12
7782.8  3.297289E-12
7785.7  3.300827E-12
7788.6  3.298958E-12
7791.5  3.292186E-12
7794.4  3.283214E-12
7797.3  3.274246E-12
7800.2  3.266693E-12
7803.1  3.266454E-12
7806.  3.278990E-12
7808.9  3.293613E-12
7811.8  3.298077E-12
7814.7  3.293095E-12
7817.6  3.282481E-12
7820.5  3.273186E-12
7823.4  3.267440E-12
7826.3  3.256355E-12
7829.2  3.240963E-12
7832.1  3.234177E-12
7835.  3.238248E-12
7837.9  3.247850E-12
7840.8  3.255554E-12
7843.7  3.253971E-12
7846.6  3.247699E-12
7849.5  3.244223E-12
7852.4  3.245901E-12
7855.3  3.252151E-12
7858.2  3.255981E-12
7861.1  3.252360E-12
7864.  3.241689E-12
7866.9  3.227971E-12
7869.8  3.219878E-12
7872.7  3.218026E-12
7875.6  3.215851E-12
7878.5  3.215114E-12
7881.4  3.220915E-12
7884.3  3.228085E-12
7887.2  3.229571E-12
7890.1  3.225175E-12
7893.  3.217461E-12
7895.9  3.214384E-12
7898.8  3.219269E-12
7901.7  3.222697E-12
7904.6  3.219936E-12
7907.5  3.214553E-12
7910.4  3.207750E-12
7913.3  3.198902E-12
7916.2  3.188692E-12
7919.1  3.178245E-12
7922.  3.170446E-12
7924.9  3.167755E-12
7927.8  3.165090E-12
7930.7  3.157399E-12
7933.6  3.147138E-12
7936.5  3.137484E-12
7939.4  3.129840E-12
7942.3  3.127133E-12
7945.2  3.134757E-12
7948.1  3.151616E-12
7951.  3.170088E-12
7953.9  3.184286E-12
7956.8  3.190002E-12
7959.7  3.188605E-12
7962.6  3.184119E-12
7965.5  3.177504E-12
7968.4  3.169417E-12
7971.3  3.162319E-12
7974.2  3.157922E-12
7977.1  3.155640E-12
7980.  3.154468E-12
7982.9  3.153564E-12
7985.8  3.150942E-12
7988.7  3.143431E-12
7991.6  3.132537E-12
7994.5  3.122996E-12
7997.4  3.118239E-12
8000.3  3.120348E-12
8003.2  3.125070E-12
8006.1  3.127130E-12
8009.  3.128014E-12
8011.9  3.129290E-12
8014.8  3.128113E-12
8017.7  3.123949E-12
8020.6  3.121700E-12
8023.5  3.122338E-12
8026.4  3.121124E-12
8029.3  3.117832E-12
8032.2  3.115881E-12
8035.1  3.112527E-12
8038.  3.102918E-12
8040.9  3.085988E-12
8043.8  3.063886E-12
8046.7  3.051723E-12
8049.6  3.060647E-12
8052.5  3.078856E-12
8055.4  3.094259E-12
8058.3  3.101621E-12
8061.2  3.099478E-12
8064.1  3.092276E-12
8067.  3.083029E-12
8069.9  3.072740E-12
8072.8  3.063334E-12
8075.7  3.056738E-12
8078.6  3.049573E-12
8081.5  3.037584E-12
8084.4  3.024399E-12
8087.3  3.014713E-12
8090.2  3.008457E-12
8093.1  3.006735E-12
8096.  3.016096E-12
8098.9  3.036000E-12
8101.8  3.054613E-12
8104.7  3.064397E-12
8107.6  3.062849E-12
8110.5  3.054098E-12
8113.4  3.046622E-12
8116.3  3.043960E-12
8119.2  3.046521E-12
8122.1  3.048842E-12
8125.  3.045045E-12
8127.9  3.034064E-12
8130.8  3.019029E-12
8133.7  3.013013E-12
8136.6  3.020995E-12
8139.5  3.031634E-12
8142.4  3.036511E-12
8145.3  3.031156E-12
8148.2  3.019067E-12
8151.1  3.010288E-12
8154.  3.002162E-12
8156.9  2.987557E-12
8159.8  2.975802E-12
8162.7  2.977966E-12
8165.6  2.995885E-12
8168.5  3.023060E-12
8171.4  3.029341E-12
8174.3  3.004379E-12
8177.2  2.984201E-12
8180.1  2.984945E-12
8183.  2.994640E-12
8185.9  2.998114E-12
8188.8  2.977532E-12
8191.7  2.942647E-12
8194.6  2.917083E-12
8197.5  2.916057E-12
8200.4  2.945881E-12
8203.3  2.979346E-12
8206.2  2.989590E-12
8209.1  2.978787E-12
8212.  2.956629E-12
8214.9  2.944066E-12
8217.8  2.941608E-12
8220.7  2.915493E-12
8223.6  2.868799E-12
8226.5  2.836325E-12
8229.4  2.844850E-12
8232.3  2.912476E-12
8235.2  2.992384E-12
8238.1  3.022350E-12
8241.  3.012663E-12
8243.9  2.989762E-12
8246.8  2.971023E-12
8249.7  2.965107E-12
8252.6  2.953073E-12
8255.5  2.930907E-12
8258.4  2.924367E-12
8261.3  2.937518E-12
8264.2  2.953029E-12
8267.1  2.955992E-12
8270.  2.933912E-12
8272.9  2.905455E-12
8275.8  2.899047E-12
8278.7  2.907444E-12
8281.6  2.916005E-12
8284.5  2.921142E-12
8287.4  2.922699E-12
8290.3  2.929308E-12
8293.2  2.942295E-12
8296.1  2.947059E-12
8299.  2.939426E-12
8301.9  2.927286E-12
8304.8  2.918180E-12
8307.7  2.919693E-12
8310.6  2.919703E-12
8313.5  2.899588E-12
8316.4  2.873620E-12
8319.3  2.861561E-12
8322.2  2.860785E-12
8325.1  2.863911E-12
8328.  2.859432E-12
8330.9  2.844449E-12
8333.8  2.836404E-12
8336.7  2.841658E-12
8339.6  2.850379E-12
8342.5  2.857729E-12
8345.4  2.862809E-12
8348.3  2.862982E-12
8351.2  2.856003E-12
8354.1  2.845025E-12
8357.  2.835019E-12
8359.9  2.831099E-12
8362.8  2.835737E-12
8365.7  2.842995E-12
8368.6  2.846910E-12
8371.5  2.844329E-12
8374.4  2.835662E-12
8377.3  2.826768E-12
8380.2  2.819258E-12
8383.1  2.810338E-12
8386.  2.802390E-12
8388.9  2.800097E-12
8391.8  2.802015E-12
8394.7  2.804637E-12
8397.6  2.805835E-12
8400.5  2.804741E-12
8403.4  2.804853E-12
8406.3  2.808430E-12
8409.2  2.813250E-12
8412.1  2.815870E-12
8415.  2.811210E-12
8417.9  2.799387E-12
8420.8  2.786130E-12
8423.7  2.774455E-12
8426.6  2.765466E-12
8429.5  2.758974E-12
8432.4  2.753943E-12
8435.3  2.751391E-12
8438.2  2.751733E-12
8441.1  2.748690E-12
8444.  2.739572E-12
8446.9  2.735612E-12
8449.8  2.741274E-12
8452.7  2.746675E-12
8455.6  2.745742E-12
8458.5  2.737366E-12
8461.4  2.724027E-12
8464.3  2.711200E-12
8467.2  2.703710E-12
8470.1  2.705006E-12
8473.  2.714997E-12
8475.9  2.730721E-12
8478.8  2.743185E-12
8481.7  2.744609E-12
8484.6  2.737042E-12
8487.5  2.719159E-12
8490.4  2.677824E-12
8493.3  2.619991E-12
8496.2  2.577250E-12
8499.1  2.568012E-12
8502.  2.598535E-12
8504.9  2.646205E-12
8507.8  2.675103E-12
8510.7  2.682991E-12
8513.6  2.680010E-12
8516.5  2.675834E-12
8519.4  2.677753E-12
8522.3  2.682313E-12
8525.2  2.681052E-12
8528.1  2.661323E-12
8531.  2.609284E-12
8533.9  2.507930E-12
8536.8  2.383509E-12
8539.7  2.298875E-12
8542.6  2.286924E-12
8545.5  2.356694E-12
8548.4  2.466120E-12
8551.3  2.557601E-12
8554.2  2.620887E-12
8557.1  2.660187E-12
8560.  2.686719E-12
8562.9  2.709757E-12
8565.8  2.723230E-12
8568.7  2.724652E-12
8571.6  2.719021E-12
8574.5  2.708236E-12
8577.4  2.691166E-12
8580.3  2.671936E-12
8583.2  2.657352E-12
8586.1  2.650431E-12
8589.  2.651573E-12
8591.9  2.654387E-12
8594.8  2.652441E-12
8597.7  2.648921E-12
8600.6  2.647433E-12
8603.5  2.648009E-12
8606.4  2.650248E-12
8609.3  2.652589E-12
8612.2  2.656363E-12
8615.1  2.666484E-12
8618.  2.682209E-12
8620.9  2.698446E-12
8623.8  2.713393E-12
8626.7  2.726279E-12
8629.6  2.731632E-12
8632.5  2.724286E-12
8635.4  2.703749E-12
8638.3  2.673399E-12
8641.2  2.645268E-12
8644.1  2.625823E-12
8647.  2.609708E-12
8649.9  2.585691E-12
8652.8  2.536810E-12
8655.7  2.463764E-12
8658.6  2.381258E-12
8661.5  2.329267E-12
8664.4  2.353414E-12
8667.3  2.430541E-12
8670.2  2.514922E-12
8673.1  2.579409E-12
8676.  2.609187E-12
8678.9  2.622007E-12
8681.8  2.633924E-12
8684.7  2.641301E-12
8687.6  2.645021E-12
8690.5  2.652697E-12
8693.4  2.664243E-12
8696.3  2.673026E-12
8699.2  2.676990E-12
8702.1  2.676837E-12
8705.  2.674459E-12
8707.9  2.672092E-12
8710.8  2.669873E-12
8713.7  2.667038E-12
8716.6  2.661800E-12
8719.5  2.652641E-12
8722.4  2.639271E-12
8725.3  2.622215E-12
8728.2  2.603144E-12
8731.1  2.583509E-12
8734.  2.564138E-12
8736.9  2.548849E-12
8739.8  2.542996E-12
8742.7  2.545103E-12
8745.6  2.551168E-12
8748.5  2.563761E-12
8751.4  2.585224E-12
8754.3  2.613399E-12
8757.2  2.641686E-12
8760.1  2.651817E-12
8763.  2.637811E-12
8765.9  2.617580E-12
8768.8  2.602731E-12
8771.7  2.595808E-12
8774.6  2.596629E-12
8777.5  2.601969E-12
8780.4  2.607466E-12
8783.3  2.608911E-12
8786.2  2.605749E-12
8789.1  2.599342E-12
8792.  2.595194E-12
8794.9  2.595997E-12
8797.8  2.592054E-12
8800.7  2.578210E-12
8803.6  2.560221E-12
8806.5  2.546188E-12
8809.4  2.547121E-12
8812.3  2.560025E-12
8815.2  2.570286E-12
8818.1  2.573294E-12
8821.  2.570002E-12
8823.9  2.566104E-12
8826.8  2.567541E-12
8829.7  2.568193E-12
8832.6  2.561761E-12
8835.5  2.549306E-12
8838.4  2.535361E-12
8841.3  2.531212E-12
8844.2  2.539175E-12
8847.1  2.547218E-12
8850.  2.551203E-12
8852.9  2.554531E-12
8855.8  2.557300E-12
8858.7  2.558361E-12
8861.6  2.555652E-12
8864.5  2.547661E-12
8867.4  2.539599E-12
8870.3  2.536674E-12
8873.2  2.537135E-12
8876.1  2.539052E-12
8879.  2.543002E-12
8881.9  2.548417E-12
8884.8  2.552813E-12
8887.7  2.555638E-12
8890.6  2.559094E-12
8893.5  2.557772E-12
8896.4  2.542128E-12
8899.3  2.522993E-12
8902.2  2.517102E-12
8905.1  2.518354E-12
8908.  2.516523E-12
8910.9  2.511618E-12
8913.8  2.504617E-12
8916.7  2.495929E-12
8919.6  2.486108E-12
8922.5  2.474654E-12
8925.4  2.464745E-12
8928.3  2.463749E-12
8931.2  2.471468E-12
8934.1  2.481957E-12
8937.  2.492100E-12
8939.9  2.500151E-12
8942.8  2.501500E-12
8945.7  2.493410E-12
8948.6  2.486075E-12
8951.5  2.487609E-12
8954.4  2.491648E-12
8957.3  2.492230E-12
8960.2  2.486357E-12
8963.1  2.477301E-12
8966.  2.477703E-12
8968.9  2.484819E-12
8971.8  2.482539E-12
8974.7  2.476355E-12
8977.6  2.481216E-12
8980.5  2.477234E-12
8983.4  2.441698E-12
8986.3  2.397832E-12
8989.2  2.374009E-12
8992.1  2.390034E-12
8995.  2.439802E-12
8997.9  2.456478E-12
9000.8  2.422364E-12
9003.7  2.399812E-12
9006.6  2.409084E-12
9009.5  2.431277E-12
9012.4  2.455129E-12
9015.3  2.472023E-12
9018.2  2.483688E-12
9021.1  2.495901E-12
9024.  2.505987E-12
9026.9  2.511222E-12
9029.8  2.518085E-12
9032.7  2.527514E-12
9035.6  2.522634E-12
9038.5  2.498148E-12
9041.4  2.468701E-12
9044.3  2.446362E-12
9047.2  2.440228E-12
9050.1  2.442808E-12
9053.  2.436009E-12
9055.9  2.417178E-12
9058.8  2.391023E-12
9061.7  2.366176E-12
9064.6  2.350696E-12
9067.5  2.341523E-12
9070.4  2.335425E-12
9073.3  2.335960E-12
9076.2  2.342332E-12
9079.1  2.345423E-12
9082.  2.342412E-12
9084.9  2.338082E-12
9087.8  2.335525E-12
9090.7  2.336614E-12
9093.6  2.340994E-12
9096.5  2.347140E-12
9099.4  2.353525E-12
9102.3  2.359471E-12
9105.2  2.371588E-12
9108.1  2.392765E-12
9111.  2.410200E-12
9113.9  2.414680E-12
9116.8  2.406151E-12
9119.7  2.392223E-12
9122.6  2.392597E-12
9125.5  2.396999E-12
9128.4  2.370358E-12
9131.3  2.334145E-12
9134.2  2.334090E-12
9137.1  2.366717E-12
9140.  2.410485E-12
9142.9  2.434762E-12
9145.8  2.417824E-12
9148.7  2.375073E-12
9151.6  2.331977E-12
9154.5  2.323886E-12
9157.4  2.359415E-12
9160.3  2.408017E-12
9163.2  2.436681E-12
9166.1  2.412682E-12
9169.  2.353869E-12
9171.9  2.307171E-12
9174.8  2.296223E-12
9177.7  2.329089E-12
9180.6  2.369346E-12
9183.5  2.380425E-12
9186.4  2.380311E-12
9189.3  2.384122E-12
9192.2  2.376533E-12
9195.1  2.357607E-12
9198.  2.355316E-12
9200.9  2.367492E-12
9203.8  2.360812E-12
9206.7  2.332182E-12
9209.6  2.297778E-12
9212.5  2.270285E-12
9215.4  2.259651E-12
9218.3  2.262336E-12
9221.2  2.270051E-12
9224.1  2.270811E-12
9227.  2.260967E-12
9229.9  2.265035E-12
9232.8  2.292341E-12
9235.7  2.319234E-12
9238.6  2.334204E-12
9241.5  2.341067E-12
9244.4  2.342083E-12
9247.3  2.339468E-12
9250.2  2.333575E-12
9253.1  2.324081E-12
9256.  2.310962E-12
9258.9  2.295703E-12
9261.8  2.291037E-12
9264.7  2.303552E-12
9267.6  2.314740E-12
9270.5  2.310998E-12
9273.4  2.293224E-12
9276.3  2.270280E-12
9279.2  2.261028E-12
9282.1  2.268737E-12
9285.  2.282816E-12
9287.9  2.296033E-12
9290.8  2.303194E-12
9293.7  2.299549E-12
9296.6  2.283533E-12
9299.5  2.271081E-12
9302.4  2.273505E-12
9305.3  2.269205E-12
9308.2  2.246149E-12
9311.1  2.224033E-12
9314.  2.212241E-12
9316.9  2.201658E-12
9319.8  2.196012E-12
9322.7  2.209178E-12
9325.6  2.236822E-12
9328.5  2.265301E-12
9331.4  2.267646E-12
9334.3  2.222277E-12
9337.2  2.173042E-12
9340.1  2.168741E-12
9343.  2.221573E-12
9345.9  2.314294E-12
9348.8  2.369131E-12
9351.7  2.348833E-12
9354.6  2.289407E-12
9357.5  2.236723E-12
9360.4  2.248126E-12
9363.3  2.289805E-12
9366.2  2.269536E-12
9369.1  2.223289E-12
9372.  2.229178E-12
9374.9  2.252545E-12
9377.8  2.247193E-12
9380.7  2.250666E-12
9383.6  2.290399E-12
9386.5  2.335013E-12
9389.4  2.357348E-12
9392.3  2.345878E-12
9395.2  2.299484E-12
9398.1  2.229235E-12
9401.  2.159588E-12
9403.9  2.122069E-12
9406.8  2.117167E-12
9409.7  2.129017E-12
9412.6  2.146992E-12
9415.5  2.161757E-12
9418.4  2.169955E-12
9421.3  2.169150E-12
9424.2  2.144918E-12
9427.1  2.107336E-12
9430.  2.126216E-12
9432.9  2.193598E-12
9435.8  2.190797E-12
9438.7  2.127829E-12
9441.6  2.116430E-12
9444.5  2.171721E-12
9447.4  2.259255E-12
9450.3  2.311444E-12
9453.2  2.268178E-12
9456.1  2.195768E-12
9459.  2.169128E-12
9461.9  2.192079E-12
9464.8  2.247186E-12
9467.7  2.285402E-12
9470.6  2.283184E-12
9473.5  2.262272E-12
9476.4  2.240226E-12
9479.3  2.228382E-12
9482.2  2.239971E-12
9485.1  2.285168E-12
9488.  2.314159E-12
9490.9  2.269813E-12
9493.8  2.189154E-12
9496.7  2.128769E-12
9499.6  2.136272E-12
9502.5  2.222427E-12
9505.4  2.310931E-12
9508.3  2.340839E-12
9511.2  2.289225E-12
9514.1  2.182142E-12
9517.  2.096173E-12
9519.9  2.066593E-12
9522.8  2.095621E-12
9525.7  2.155581E-12
9528.6  2.205284E-12
9531.5  2.220208E-12
9534.4  2.189926E-12
9537.3  2.134785E-12
9540.2  2.082191E-12
9543.1  2.059330E-12
9546.  2.073495E-12
9548.9  2.093840E-12
9551.8  2.107939E-12
9554.7  2.128540E-12
9557.6  2.153831E-12
9560.5  2.173378E-12
9563.4  2.186330E-12
9566.3  2.195481E-12
9569.2  2.214713E-12
9572.1  2.252601E-12
9575.  2.263511E-12
9577.9  2.217050E-12
9580.8  2.164139E-12
9583.7  2.139778E-12
9586.6  2.126784E-12
9589.5  2.120385E-12
9592.4  2.132878E-12
9595.3  2.161068E-12
9598.2  2.191418E-12
9601.1  2.207730E-12
9604.  2.195006E-12
9606.9  2.170833E-12
9609.8  2.159469E-12
9612.7  2.148310E-12
9615.6  2.125105E-12
9618.5  2.104918E-12
9621.4  2.101255E-12
9624.3  2.121033E-12
9627.2  2.155057E-12
9630.1  2.170853E-12
9633.  2.159029E-12
9635.9  2.132801E-12
9638.8  2.105885E-12
9641.7  2.091728E-12
9644.6  2.093854E-12
9647.5  2.109115E-12
9650.4  2.124935E-12
9653.3  2.128682E-12
9656.2  2.116241E-12
9659.1  2.091458E-12
9662.  2.072694E-12
9664.9  2.072983E-12
9667.8  2.095374E-12
9670.7  2.126854E-12
9673.6  2.138113E-12
9676.5  2.127333E-12
9679.4  2.111079E-12
9682.3  2.100193E-12
9685.2  2.101771E-12
9688.1  2.105039E-12
9691.  2.097844E-12
9693.9  2.086529E-12
9696.8  2.079499E-12
9699.7  2.083947E-12
9702.6  2.099470E-12
9705.5  2.111570E-12
9708.4  2.112774E-12
9711.3  2.104570E-12
9714.2  2.093368E-12
9717.1  2.089221E-12
9720.  2.090353E-12
9722.9  2.089598E-12
9725.8  2.086996E-12
9728.7  2.084104E-12
9731.6  2.078807E-12
9734.5  2.070780E-12
9737.4  2.066963E-12
9740.3  2.070871E-12
9743.2  2.077818E-12
9746.1  2.083765E-12
9749.  2.085863E-12
9751.9  2.084780E-12
9754.8  2.084729E-12
9757.7  2.082816E-12
9760.6  2.073196E-12
9763.5  2.066430E-12
9766.4  2.074219E-12
9769.3  2.082949E-12
9772.2  2.078212E-12
9775.1  2.058920E-12
9778.  2.032542E-12
9780.9  2.023975E-12
9783.8  2.038933E-12
9786.7  2.052579E-12
9789.6  2.054572E-12
9792.5  2.047985E-12
9795.4  2.041315E-12
9798.3  2.046223E-12
9801.2  2.053290E-12
9804.1  2.047882E-12
9807.  2.037821E-12
9809.9  2.033358E-12
9812.8  2.034346E-12
9815.7  2.037790E-12
9818.6  2.035463E-12
9821.5  2.025833E-12
9824.4  2.019628E-12
9827.3  2.020641E-12
9830.2  2.025168E-12
9833.1  2.029046E-12
9836.  2.027956E-12
9838.9  2.020917E-12
9841.8  2.009358E-12
9844.7  1.999702E-12
9847.6  1.998018E-12
9850.5  2.003929E-12
9853.4  2.013510E-12
9856.3  2.016003E-12
9859.2  2.007248E-12
9862.1  1.996726E-12
9865.  1.989856E-12
9867.9  1.986363E-12
9870.8  1.987130E-12
9873.7  1.993036E-12
9876.6  2.002700E-12
9879.5  2.013519E-12
9882.4  2.020595E-12
9885.3  2.019823E-12
9888.2  2.013032E-12
9891.1  2.003882E-12
9894.  1.997259E-12
9896.9  1.995834E-12
9899.8  1.998059E-12
9902.7  1.999048E-12
9905.6  1.989345E-12
9908.5  1.973399E-12
9911.4  1.967055E-12
9914.3  1.969723E-12
9917.2  1.972671E-12
9920.1  1.975290E-12
9923.  1.978944E-12
9925.9  1.984377E-12
9928.8  1.991078E-12
9931.7  1.992494E-12
9934.6  1.986327E-12
9937.5  1.981550E-12
9940.4  1.983045E-12
9943.3  1.988036E-12
9946.2  1.996662E-12
9949.1  2.011929E-12
9952.  2.024578E-12
9954.9  2.020003E-12
9957.8  2.003608E-12
9960.7  1.987614E-12
9963.6  1.977861E-12
9966.5  1.976404E-12
9969.4  1.973598E-12
9972.3  1.964306E-12
9975.2  1.961108E-12
9978.1  1.969153E-12
9981.  1.979089E-12
9983.9  1.987947E-12
9986.8  2.000230E-12
9989.7  2.008400E-12
9992.6  1.998426E-12
9995.5  1.981693E-12
9998.4  1.977284E-12
10001.3  1.975518E-12
10004.2  1.963472E-12
10007.1  1.948678E-12
10010.  1.938487E-12
10012.9  1.931409E-12
10015.8  1.926498E-12
10018.7  1.924713E-12
10021.6  1.924887E-12
10024.5  1.923750E-12
10027.4  1.921188E-12
10030.3  1.919292E-12
10033.2  1.922002E-12
10036.1  1.933150E-12
10039.  1.949140E-12
10041.9  1.964268E-12
10044.8  1.973594E-12
10047.7  1.975295E-12
10050.6  1.978646E-12
10053.5  1.986161E-12
10056.4  1.983197E-12
10059.3  1.965335E-12
10062.2  1.942552E-12
10065.1  1.919595E-12
10068.  1.897248E-12
10070.9  1.877837E-12
10073.8  1.863627E-12
10076.7  1.859749E-12
10079.6  1.869470E-12
10082.5  1.881345E-12
10085.4  1.884067E-12
10088.3  1.876879E-12
10091.2  1.864497E-12
10094.1  1.861755E-12
10097.  1.872044E-12
10099.9  1.879708E-12
10102.8  1.881629E-12
10105.7  1.886610E-12
10108.6  1.893554E-12
10111.5  1.896613E-12
10114.4  1.897782E-12
10117.3  1.900936E-12
10120.2  1.908966E-12
10123.1  1.920829E-12
10126.  1.916201E-12
10128.9  1.887245E-12
10131.8  1.866129E-12
10134.7  1.867094E-12
10137.6  1.868227E-12
10140.5  1.867669E-12
10143.4  1.884634E-12
10146.3  1.912217E-12
10149.2  1.928651E-12
10152.1  1.927191E-12
10155.  1.909024E-12
10157.9  1.888052E-12
10160.8  1.878408E-12
10163.7  1.875085E-12
10166.6  1.872141E-12
10169.5  1.870371E-12
10172.4  1.871542E-12
10175.3  1.880634E-12
10178.2  1.892961E-12
10181.1  1.891729E-12
10184.  1.879334E-12
10186.9  1.871907E-12
10189.8  1.868360E-12
10192.7  1.861010E-12
10195.6  1.846753E-12
10198.5  1.826623E-12
10201.4  1.823257E-12
10204.3  1.849707E-12
10207.2  1.876464E-12
10210.1  1.881398E-12
10213.  1.864646E-12
10215.9  1.840123E-12
10218.8  1.841356E-12
10221.7  1.861684E-12
10224.6  1.860489E-12
10227.5  1.845401E-12
10230.4  1.846372E-12
10233.3  1.855523E-12
10236.2  1.856531E-12
10239.1  1.860162E-12
10242.  1.873700E-12
10244.9  1.871102E-12
10247.8  1.840980E-12
10250.7  1.812919E-12
10253.6  1.804104E-12
10256.5  1.810017E-12
10259.4  1.824547E-12
10262.3  1.839816E-12
10265.2  1.846968E-12
10268.1  1.838406E-12
10271.  1.823942E-12
10273.9  1.817856E-12
10276.8  1.813753E-12
10279.7  1.803687E-12
10282.6  1.792108E-12
10285.5  1.785190E-12
10288.4  1.791158E-12
10291.3  1.809734E-12
10294.2  1.827291E-12
10297.1  1.832206E-12
10300.  1.815471E-12
10302.9  1.786544E-12
10305.8  1.766812E-12
10308.7  1.756279E-12
10311.6  1.746981E-12
10314.5  1.741417E-12
10317.4  1.743853E-12
10320.3  1.761951E-12
10323.2  1.795137E-12
10326.1  1.817256E-12
10329.  1.815363E-12
10331.9  1.805819E-12
10334.8  1.796410E-12
10337.7  1.782065E-12
10340.6  1.775269E-12
10343.5  1.799465E-12
10346.4  1.833446E-12
10349.3  1.839560E-12
10352.2  1.836271E-12
10355.1  1.850350E-12
10358.  1.861099E-12
10360.9  1.849467E-12
10363.8  1.823952E-12
10366.7  1.797794E-12
10369.6  1.791266E-12
10372.5  1.803190E-12
10375.4  1.802335E-12
10378.3  1.783751E-12
10381.2  1.763961E-12
10384.1  1.754311E-12
10387.  1.762293E-12
10389.9  1.779442E-12
10392.8  1.791874E-12
10395.7  1.786109E-12
10398.6  1.757583E-12
10401.5  1.733301E-12
10404.4  1.731094E-12
10407.3  1.737982E-12
10410.2  1.742627E-12
10413.1  1.737693E-12
10416.  1.726698E-12
10418.9  1.723964E-12
10421.8  1.729254E-12
10424.7  1.734352E-12
10427.6  1.728976E-12
10430.5  1.706167E-12
10433.4  1.684099E-12
10436.3  1.684129E-12
10439.2  1.722917E-12
10442.1  1.794932E-12
10445.  1.841771E-12
10447.9  1.832319E-12
10450.8  1.786457E-12
10453.7  1.733408E-12
10456.6  1.709765E-12
10459.5  1.724100E-12
10462.4  1.763791E-12
10465.3  1.795440E-12
10468.2  1.783368E-12
10471.1  1.752642E-12
10474.  1.737435E-12
10476.9  1.732647E-12
10479.8  1.727239E-12
10482.7  1.705826E-12
10485.6  1.668822E-12
10488.5  1.649089E-12
10491.4  1.656184E-12
10494.3  1.672498E-12
10497.2  1.681595E-12
10500.1  1.666623E-12
10503.  1.667629E-12
10505.9  1.741338E-12
10508.8  1.835303E-12
10511.7  1.879145E-12
10514.6  1.883033E-12
10517.5  1.870340E-12
10520.4  1.867038E-12
10523.3  1.872794E-12
10526.2  1.819480E-12
10529.1  1.711510E-12
10532.  1.656388E-12
10534.9  1.659146E-12
10537.8  1.641547E-12
10540.7  1.602687E-12
10543.6  1.577149E-12
10546.5  1.564154E-12
10549.4  1.554848E-12
10552.3  1.548051E-12
10555.2  1.545047E-12
10558.1  1.555968E-12
10561.  1.583239E-12
10563.9  1.608138E-12
10566.8  1.624560E-12
10569.7  1.646099E-12
10572.6  1.681029E-12
10575.5  1.731895E-12
10578.4  1.788655E-12
10581.3  1.834151E-12
10584.2  1.842909E-12
10587.1  1.795256E-12
10590.  1.722579E-12
10592.9  1.662294E-12
10595.8  1.624284E-12
10598.7  1.604018E-12
10601.6  1.565752E-12
10604.5  1.505102E-12
10607.4  1.470239E-12
10610.3  1.499581E-12
10613.2  1.624770E-12
10616.1  1.764640E-12
10619.  1.772864E-12
10621.9  1.686063E-12
10624.8  1.611708E-12
10627.7  1.579062E-12
10630.6  1.591469E-12
10633.5  1.607208E-12
10636.4  1.601482E-12
10639.3  1.645172E-12
10642.2  1.745303E-12
10645.1  1.773456E-12
10648.  1.706809E-12
10650.9  1.647715E-12
10653.8  1.639227E-12
10656.7  1.683928E-12
10659.6  1.713493E-12
10662.5  1.638889E-12
10665.4  1.533909E-12
10668.3  1.501650E-12
10671.2  1.541781E-12
10674.1  1.623080E-12
10677.  1.676958E-12
10679.9  1.659544E-12
10682.8  1.587923E-12
10685.7  1.504244E-12
10688.6  1.483700E-12
10691.5  1.507191E-12
10694.4  1.475011E-12
10697.3  1.418658E-12
10700.2  1.429049E-12
10703.1  1.473748E-12
10706.  1.492568E-12
10708.9  1.521411E-12
10711.8  1.585018E-12
10714.7  1.597388E-12
10717.6  1.513301E-12
10720.5  1.395061E-12
10723.4  1.318325E-12
10726.3  1.376724E-12
10729.2  1.527368E-12
10732.1  1.599913E-12
10735.  1.573708E-12
10737.9  1.517126E-12
10740.8  1.478113E-12
10743.7  1.493062E-12
10746.6  1.564618E-12
10749.5  1.667454E-12
10752.4  1.695749E-12
10755.3  1.604903E-12
10758.2  1.543612E-12
10761.1  1.578126E-12
10764.  1.618016E-12
10766.9  1.603965E-12
10769.8  1.504586E-12
10772.7  1.392524E-12
10775.6  1.402872E-12
10778.5  1.512007E-12
10781.4  1.630833E-12
10784.3  1.693744E-12
10787.2  1.663148E-12
10790.1  1.622014E-12
10793.  1.632548E-12
10795.9  1.620152E-12
10798.8  1.557104E-12
10801.7  1.529861E-12
10804.6  1.540356E-12
10807.5  1.466783E-12
10810.4  1.443311E-12
10813.3  1.780379E-12
10816.2  2.153745E-12
10819.1  2.023061E-12
10822.  1.628990E-12
10824.9  1.383700E-12
10827.8  1.352899E-12
10830.7  1.509585E-12
10833.6  1.722836E-12
10836.5  1.854626E-12
10839.4  1.798808E-12
10842.3  1.591092E-12
10845.2  1.455888E-12
10848.1  1.448244E-12
10851.  1.482976E-12
10853.9  1.485653E-12
10856.8  1.389868E-12
10859.7  1.377067E-12
10862.6  1.639307E-12
10865.5  1.890756E-12
10868.4  1.857143E-12
10871.3  1.655895E-12
10874.2  1.436442E-12
10877.1  1.310796E-12
10880.  1.333137E-12
10882.9  1.469669E-12
10885.8  1.600888E-12
10888.7  1.535494E-12
10891.6  1.342047E-12
10894.5  1.232046E-12
10897.4  1.266013E-12
10900.3  1.428641E-12
10903.2  1.512651E-12
10906.1  1.359579E-12
10909.  1.250545E-12
10911.9  1.372380E-12
10914.8  1.448811E-12
10917.7  1.468008E-12
10920.6  1.988028E-12
10923.5  2.698200E-12
10926.4  2.355208E-12
10929.3  1.334297E-12
10932.2  1.005103E-12
10935.1  1.216038E-12
10938.  1.267808E-12
10940.9  1.282451E-12
10943.8  1.465025E-12
10946.7  1.525285E-12
10949.6  1.280694E-12
10952.5  1.015743E-12
10955.4  9.280635E-13
10958.3  9.957733E-13
10961.2  1.127605E-12
10964.1  1.141480E-12
10967.  1.051489E-12
10969.9  1.024646E-12
10972.8  1.022543E-12
10975.7  9.313845E-13
10978.6  8.869364E-13
10981.5  1.033953E-12
10984.4  1.187505E-12
10987.3  1.181125E-12
10990.2  1.094125E-12
10993.1  1.012704E-12
10996.  9.945247E-13
10998.9  1.041812E-12
