3050.  2.580116E-14
3052.9  3.356239E-14
3055.8  -5.044658E-15
3058.7  2.007829E-14
3061.6  5.244270E-14
3064.5  2.249203E-14
3067.4  2.588961E-14
3070.3  -7.672679E-15
3073.2  8.363940E-15
3076.1  1.729941E-14
3079.  2.444379E-14
3081.9  1.125153E-14
3084.8  2.458237E-14
3087.7  4.866965E-14
3090.6  -1.181531E-14
3093.5  -5.059609E-15
3096.4  -6.786155E-15
3099.3  2.046718E-14
3102.2  1.629334E-14
3105.1  9.055016E-15
3108.  2.213316E-14
3110.9  1.350568E-14
3113.8  2.630870E-14
3116.7  2.612301E-14
3119.6  2.519528E-14
3122.5  2.607192E-14
3125.4  1.497660E-14
3128.3  1.918643E-14
3131.2  3.357746E-14
3134.1  2.388132E-14
3137.  4.196499E-15
3139.9  1.464291E-14
3142.8  1.849131E-14
3145.7  1.729666E-14
3148.6  1.319828E-14
3151.5  1.989396E-14
3154.4  3.279400E-14
3157.3  1.537869E-14
3160.2  2.122575E-14
3163.1  2.484275E-14
3166.  2.613179E-14
3168.9  3.382778E-14
3171.8  3.197369E-14
3174.7  2.392022E-14
3177.6  1.938964E-14
3180.5  1.244385E-14
3183.4  2.055300E-14
3186.3  2.185586E-14
3189.2  2.988685E-14
3192.1  1.730564E-14
3195.  1.959221E-14
3197.9  2.102533E-14
3200.8  1.862252E-14
3203.7  2.505034E-14
3206.6  2.194714E-14
3209.5  2.003726E-14
3212.4  1.557832E-14
3215.3  2.560868E-14
3218.2  2.158176E-14
3221.1  2.611001E-14
3224.  1.978055E-14
3226.9  2.363524E-14
3229.8  2.133533E-14
3232.7  1.828002E-14
3235.6  2.096059E-14
3238.5  1.605791E-14
3241.4  2.077059E-14
3244.3  2.063203E-14
3247.2  1.436763E-14
3250.1  3.154789E-14
3253.  3.267484E-14
3255.9  2.636357E-14
3258.8  2.196550E-14
3261.7  2.983852E-14
3264.6  3.430940E-14
3267.5  3.268461E-14
3270.4  4.027644E-14
3273.3  2.895913E-14
3276.2  3.769076E-14
3279.1  4.553470E-14
3282.  4.096564E-14
3284.9  4.665220E-14
3287.8  4.893264E-14
3290.7  5.006125E-14
3293.6  5.218574E-14
3296.5  4.865577E-14
3299.4  4.153169E-14
3302.3  4.569624E-14
3305.2  4.320769E-14
3308.1  4.705893E-14
3311.  5.105478E-14
3313.9  4.353026E-14
3316.8  4.449466E-14
3319.7  4.789526E-14
3322.6  5.262831E-14
3325.5  4.125653E-14
3328.4  4.474364E-14
3331.3  4.008295E-14
3334.2  4.510113E-14
3337.1  4.509876E-14
3340.  5.022764E-14
3342.9  4.877197E-14
3345.8  5.068872E-14
3348.7  4.993870E-14
3351.6  4.094370E-14
3354.5  4.706750E-14
3357.4  4.612651E-14
3360.3  4.038656E-14
3363.2  4.305248E-14
3366.1  4.446078E-14
3369.  4.316161E-14
3371.9  4.507247E-14
3374.8  4.746891E-14
3377.7  4.801734E-14
3380.6  5.264058E-14
3383.5  4.857743E-14
3386.4  4.766530E-14
3389.3  6.065234E-14
3392.2  7.066238E-14
3395.1  6.067705E-14
3398.  6.405655E-14
3400.9  5.927320E-14
3403.8  5.789913E-14
3406.7  5.559301E-14
3409.6  6.374838E-14
3412.5  7.112280E-14
3415.4  6.438593E-14
3418.3  6.933123E-14
3421.2  7.556080E-14
3424.1  7.224705E-14
3427.  6.429895E-14
3429.9  5.415487E-14
3432.8  4.900996E-14
3435.7  4.205542E-14
3438.6  4.081093E-14
3441.5  5.534810E-14
3444.4  6.381302E-14
3447.3  7.056901E-14
3450.2  6.580566E-14
3453.1  6.134551E-14
3456.  5.843846E-14
3458.9  6.321566E-14
3461.8  6.334301E-14
3464.7  6.419694E-14
3467.6  6.022130E-14
3470.5  6.218741E-14
3473.4  7.118142E-14
3476.3  7.148764E-14
3479.2  7.418066E-14
3482.1  7.070053E-14
3485.  6.242268E-14
3487.9  6.057376E-14
3490.8  6.452812E-14
3493.7  8.131716E-14
3496.6  8.799293E-14
3499.5  8.043268E-14
3502.4  7.908009E-14
3505.3  7.403206E-14
3508.2  6.924302E-14
3511.1  6.919718E-14
3514.  6.893415E-14
3516.9  6.427962E-14
3519.8  6.193261E-14
3522.7  6.806586E-14
3525.6  8.086144E-14
3528.5  9.742862E-14
3531.4  1.085426E-13
3534.3  1.091729E-13
3537.2  1.031880E-13
3540.1  1.006789E-13
3543.  9.265307E-14
3545.9  8.855478E-14
3548.8  8.662975E-14
3551.7  8.604547E-14
3554.6  8.809430E-14
3557.5  7.591979E-14
3560.4  6.330688E-14
3563.3  5.844958E-14
3566.2  5.204386E-14
3569.1  5.106497E-14
3572.  4.672747E-14
3574.9  4.154841E-14
3577.8  4.291002E-14
3580.7  5.085312E-14
3583.6  5.623191E-14
3586.5  6.699917E-14
3589.4  7.669511E-14
3592.3  8.586975E-14
3595.2  8.669279E-14
3598.1  7.521356E-14
3601.  6.724399E-14
3603.9  6.778234E-14
3606.8  7.299012E-14
3609.7  7.896787E-14
3612.6  8.264338E-14
3615.5  8.980960E-14
3618.4  1.072155E-13
3621.3  1.150015E-13
3624.2  1.097105E-13
3627.1  9.634437E-14
3630.  9.842116E-14
3632.9  1.112141E-13
3635.8  1.140407E-13
3638.7  1.072781E-13
3641.6  9.890050E-14
3644.5  1.003525E-13
3647.4  1.143402E-13
3650.3  1.359255E-13
3653.2  1.508359E-13
3656.1  1.521070E-13
3659.  1.457293E-13
3661.9  1.429646E-13
3664.8  1.399191E-13
3667.7  1.384177E-13
3670.6  1.373192E-13
3673.5  1.314171E-13
3676.4  1.203172E-13
3679.3  1.165566E-13
3682.2  1.161183E-13
3685.1  1.152686E-13
3688.  1.144190E-13
3690.9  1.135694E-13
3693.8  1.127198E-13
3696.7  1.118702E-13
3699.6  1.110205E-13
3702.5  1.101710E-13
3705.4  1.093214E-13
3708.3  1.204416E-13
3711.2  1.167737E-13
3714.1  9.483287E-14
3717.  8.143505E-14
3719.9  8.173856E-14
3722.8  8.207389E-14
3725.7  7.696098E-14
3728.6  6.721002E-14
3731.5  6.184005E-14
3734.4  6.607319E-14
3737.3  6.932241E-14
3740.2  6.570529E-14
3743.1  6.397552E-14
3746.  7.270885E-14
3748.9  8.663153E-14
3751.8  9.231954E-14
3754.7  8.773677E-14
3757.6  8.795849E-14
3760.5  9.294631E-14
3763.4  1.067798E-13
3766.3  1.264576E-13
3769.2  1.381825E-13
3772.1  1.436557E-13
3775.  1.483846E-13
3777.9  1.434042E-13
3780.8  1.276671E-13
3783.7  1.101636E-13
3786.6  9.890081E-14
3789.5  9.515791E-14
3792.4  9.590763E-14
3795.3  1.016710E-13
3798.2  1.109448E-13
3801.1  1.212205E-13
3804.  1.159688E-13
3806.9  1.046890E-13
3809.8  9.319735E-14
3812.7  7.776534E-14
3815.6  6.580126E-14
3818.5  5.945172E-14
3821.4  6.052942E-14
3824.3  6.434823E-14
3827.2  7.091575E-14
3830.1  7.343048E-14
3833.  7.706242E-14
3835.9  8.210477E-14
3838.8  8.905904E-14
3841.7  9.760674E-14
3844.6  9.904203E-14
3847.5  9.743456E-14
3850.4  9.277377E-14
3853.3  8.477542E-14
3856.2  8.504627E-14
3859.1  9.177544E-14
3862.  9.603717E-14
3864.9  9.871102E-14
3867.8  9.689476E-14
3870.7  9.508747E-14
3873.6  9.612097E-14
3876.5  9.864726E-14
3879.4  1.021112E-13
3882.3  1.038667E-13
3885.2  1.132697E-13
3888.1  1.271992E-13
3891.  1.318334E-13
3893.9  1.283573E-13
3896.8  1.281979E-13
3899.7  1.328248E-13
3902.6  1.424840E-13
3905.5  1.514551E-13
3908.4  1.560340E-13
3911.3  1.447503E-13
3914.2  1.295824E-13
3917.1  1.112083E-13
3920.  9.481532E-14
3922.9  7.846384E-14
3925.8  6.152151E-14
3928.7  5.114794E-14
3931.6  5.476572E-14
3934.5  7.041540E-14
3937.4  8.700024E-14
3940.3  1.091075E-13
3943.2  1.306805E-13
3946.1  1.488853E-13
3949.  1.577847E-13
3951.9  1.477282E-13
3954.8  1.247699E-13
3957.7  9.730534E-14
3960.6  7.928631E-14
3963.5  7.085879E-14
3966.4  7.889635E-14
3969.3  1.107436E-13
3972.2  1.493884E-13
3975.1  1.851083E-13
3978.  2.119324E-13
3980.9  2.304627E-13
3983.8  2.471825E-13
3986.7  2.550575E-13
3989.6  2.623815E-13
3992.5  2.737225E-13
3995.4  2.857168E-13
3998.3  2.964086E-13
4001.2  3.001616E-13
4004.1  3.073046E-13
4007.  3.239377E-13
4009.9  3.442906E-13
4012.8  3.520862E-13
4015.7  3.490410E-13
4018.6  3.423265E-13
4021.5  3.298040E-13
4024.4  3.125241E-13
4027.3  2.896408E-13
4030.2  2.918154E-13
4033.1  3.170096E-13
4036.  3.259701E-13
4038.9  3.021970E-13
4041.8  2.857748E-13
4044.7  3.076777E-13
4047.6  3.362840E-13
4050.5  3.347072E-13
4053.4  3.178076E-13
4056.3  3.000316E-13
4059.2  2.895761E-13
4062.1  2.963844E-13
4065.  3.106441E-13
4067.9  3.130578E-13
4070.8  3.148741E-13
4073.7  3.277595E-13
4076.6  3.575823E-13
4079.5  3.913058E-13
4082.4  4.156820E-13
4085.3  4.248254E-13
4088.2  4.091040E-13
4091.1  3.702936E-13
4094.  3.344985E-13
4096.9  3.282928E-13
4099.8  3.502107E-13
4102.7  3.712541E-13
4105.6  3.708973E-13
4108.5  3.571298E-13
4111.4  3.491774E-13
4114.3  3.492418E-13
4117.2  3.620364E-13
4120.1  3.733700E-13
4123.  3.695859E-13
4125.9  3.494116E-13
4128.8  3.337881E-13
4131.7  3.439107E-13
4134.6  3.466631E-13
4137.5  3.276815E-13
4140.4  3.150092E-13
4143.3  3.298480E-13
4146.2  3.443441E-13
4149.1  3.594112E-13
4152.  3.807723E-13
4154.9  4.049263E-13
4157.8  4.112418E-13
4160.7  3.957689E-13
4163.6  3.689803E-13
4166.5  3.483961E-13
4169.4  3.408419E-13
4172.3  3.559060E-13
4175.2  3.855172E-13
4178.1  4.097568E-13
4181.  4.143141E-13
4183.9  4.062662E-13
4186.8  4.009129E-13
4189.7  3.966941E-13
4192.6  3.738305E-13
4195.5  3.537770E-13
4198.4  3.612180E-13
4201.3  3.914111E-13
4204.2  4.273954E-13
4207.1  4.351816E-13
4210.  4.246790E-13
4212.9  4.211401E-13
4215.8  4.019870E-13
4218.7  3.335278E-13
4221.6  2.611996E-13
4224.5  2.651821E-13
4227.4  3.317814E-13
4230.3  3.902415E-13
4233.2  4.364305E-13
4236.1  4.862049E-13
4239.  5.310688E-13
4241.9  5.314801E-13
4244.8  4.715143E-13
4247.7  4.169866E-13
4250.6  4.082886E-13
4253.5  4.284108E-13
4256.4  4.636556E-13
4259.3  5.035414E-13
4262.2  5.089881E-13
4265.1  4.550028E-13
4268.  3.959964E-13
4270.9  4.058392E-13
4273.8  4.582706E-13
4276.7  4.870202E-13
4279.6  4.735572E-13
4282.5  4.418543E-13
4285.4  4.126426E-13
4288.3  4.162877E-13
4291.2  4.386665E-13
4294.1  4.358493E-13
4297.  4.035046E-13
4299.9  3.851618E-13
4302.8  3.903799E-13
4305.7  4.435327E-13
4308.6  5.420776E-13
4311.5  6.433723E-13
4314.4  6.786300E-13
4317.3  6.436266E-13
4320.2  5.849960E-13
4323.1  5.980229E-13
4326.  6.767963E-13
4328.9  7.240708E-13
4331.8  7.036622E-13
4334.7  6.518006E-13
4337.6  6.505887E-13
4340.5  7.010328E-13
4343.4  7.294278E-13
4346.3  7.172721E-13
4349.2  7.023189E-13
4352.1  7.192673E-13
4355.  7.514693E-13
4357.9  7.680865E-13
4360.8  7.800874E-13
4363.7  7.613383E-13
4366.6  7.239309E-13
4369.5  6.880543E-13
4372.4  6.654540E-13
4375.3  6.302704E-13
4378.2  5.612134E-13
4381.1  5.427324E-13
4384.  5.903155E-13
4386.9  6.479517E-13
4389.8  6.917568E-13
4392.7  7.339118E-13
4395.6  7.166480E-13
4398.5  6.476372E-13
4401.4  5.901863E-13
4404.3  6.129058E-13
4407.2  6.746692E-13
4410.1  7.075216E-13
4413.  7.210462E-13
4415.9  7.388806E-13
4418.8  7.473507E-13
4421.7  7.454527E-13
4424.6  7.442541E-13
4427.5  7.371941E-13
4430.4  7.400889E-13
4433.3  7.661197E-13
4436.2  7.975610E-13
4439.1  8.189506E-13
4442.  8.565128E-13
4444.9  8.682938E-13
4447.8  8.292752E-13
4450.7  7.641182E-13
4453.6  7.151482E-13
4456.5  6.991549E-13
4459.4  7.315211E-13
4462.3  7.908585E-13
4465.2  8.589136E-13
4468.1  9.511508E-13
4471.  1.018168E-12
4473.9  1.012813E-12
4476.8  9.710082E-13
4479.7  9.745176E-13
4482.6  9.924414E-13
4485.5  9.602909E-13
4488.4  9.135833E-13
4491.3  9.020431E-13
4494.2  9.500586E-13
4497.1  1.026352E-12
4500.  1.079759E-12
4502.9  1.094818E-12
4505.8  1.078573E-12
4508.7  1.046513E-12
4511.6  1.019607E-12
4514.5  1.019099E-12
4517.4  1.001407E-12
4520.3  9.366678E-13
4523.2  8.539186E-13
4526.1  8.262266E-13
4529.  8.527781E-13
4531.9  8.944587E-13
4534.8  9.469759E-13
4537.7  9.554893E-13
4540.6  9.549616E-13
4543.5  9.698496E-13
4546.4  9.873382E-13
4549.3  1.002038E-12
4552.2  1.042394E-12
4555.1  1.097133E-12
4558.  1.102185E-12
4560.9  1.096681E-12
4563.8  1.117651E-12
4566.7  1.124760E-12
4569.6  1.137420E-12
4572.5  1.127332E-12
4575.4  1.092024E-12
4578.3  1.072135E-12
4581.2  1.087359E-12
4584.1  1.099879E-12
4587.  1.081135E-12
4589.9  1.046880E-12
4592.8  1.040199E-12
4595.7  1.064938E-12
4598.6  1.069974E-12
4601.5  1.111404E-12
4604.4  1.186598E-12
4607.3  1.249853E-12
4610.2  1.276218E-12
4613.1  1.297075E-12
4616.  1.304081E-12
4618.9  1.283930E-12
4621.8  1.253288E-12
4624.7  1.224093E-12
4627.6  1.199023E-12
4630.5  1.157409E-12
4633.4  1.101572E-12
4636.3  1.071035E-12
4639.2  1.057367E-12
4642.1  1.032767E-12
4645.  1.037540E-12
4647.9  1.080703E-12
4650.8  1.136973E-12
4653.7  1.198162E-12
4656.6  1.228340E-12
4659.5  1.166960E-12
4662.4  1.073719E-12
4665.3  1.064300E-12
4668.2  1.110713E-12
4671.1  1.154072E-12
4674.  1.152353E-12
4676.9  1.138420E-12
4679.8  1.136496E-12
4682.7  1.146825E-12
4685.6  1.159714E-12
4688.5  1.171872E-12
4691.4  1.190494E-12
4694.3  1.177422E-12
4697.2  1.141717E-12
4700.1  1.125156E-12
4703.  1.110104E-12
4705.9  1.107675E-12
4708.8  1.131009E-12
4711.7  1.178703E-12
4714.6  1.242321E-12
4717.5  1.257083E-12
4720.4  1.213627E-12
4723.3  1.146151E-12
4726.2  1.103388E-12
4729.1  1.125111E-12
4732.  1.194576E-12
4734.9  1.233478E-12
4737.8  1.232494E-12
4740.7  1.233280E-12
4743.6  1.239952E-12
4746.5  1.239009E-12
4749.4  1.218918E-12
4752.3  1.194206E-12
4755.2  1.178048E-12
4758.1  1.155638E-12
4761.  1.114308E-12
4763.9  1.104576E-12
4766.8  1.133575E-12
4769.7  1.174789E-12
4772.6  1.195469E-12
4775.5  1.176521E-12
4778.4  1.129656E-12
4781.3  1.105663E-12
4784.2  1.114285E-12
4787.1  1.161671E-12
4790.  1.223489E-12
4792.9  1.245801E-12
4795.8  1.237867E-12
4798.7  1.241743E-12
4801.6  1.233842E-12
4804.5  1.219267E-12
4807.4  1.238004E-12
4810.3  1.252675E-12
4813.2  1.261401E-12
4816.1  1.276816E-12
4819.  1.272160E-12
4821.9  1.242629E-12
4824.8  1.219982E-12
4827.7  1.207621E-12
4830.6  1.218454E-12
4833.5  1.231458E-12
4836.4  1.219774E-12
4839.3  1.217045E-12
4842.2  1.225205E-12
4845.1  1.219981E-12
4848.  1.211975E-12
4850.9  1.206159E-12
4853.8  1.183271E-12
4856.7  1.149143E-12
4859.6  1.133421E-12
4862.5  1.162333E-12
4865.4  1.175481E-12
4868.3  1.168199E-12
4871.2  1.195677E-12
4874.1  1.234622E-12
4877.  1.232882E-12
4879.9  1.201660E-12
4882.8  1.176286E-12
4885.7  1.176799E-12
4888.6  1.251256E-12
4891.5  1.369353E-12
4894.4  1.417035E-12
4897.3  1.385717E-12
4900.2  1.363541E-12
4903.1  1.362053E-12
4906.  1.353369E-12
4908.9  1.356451E-12
4911.8  1.342226E-12
4914.7  1.273352E-12
4917.6  1.228025E-12
4920.5  1.276605E-12
4923.4  1.363556E-12
4926.3  1.423183E-12
4929.2  1.406035E-12
4932.1  1.342621E-12
4935.  1.303383E-12
4937.9  1.335838E-12
4940.8  1.414583E-12
4943.7  1.475036E-12
4946.6  1.498028E-12
4949.5  1.431259E-12
4952.4  1.305831E-12
4955.3  1.258184E-12
4958.2  1.269907E-12
4961.1  1.261740E-12
4964.  1.254218E-12
4966.9  1.309113E-12
4969.8  1.369496E-12
4972.7  1.360978E-12
4975.6  1.273678E-12
4978.5  1.202290E-12
4981.4  1.205050E-12
4984.3  1.253953E-12
4987.2  1.289622E-12
4990.1  1.303518E-12
4993.  1.279672E-12
4995.9  1.226414E-12
4998.8  1.182950E-12
5001.7  1.167786E-12
5004.6  1.174270E-12
5007.5  1.156360E-12
5010.4  1.123235E-12
5013.3  1.149625E-12
5016.2  1.189922E-12
5019.1  1.204878E-12
5022.  1.223109E-12
5024.9  1.270309E-12
5027.8  1.316696E-12
5030.7  1.317885E-12
5033.6  1.238420E-12
5036.5  1.166643E-12
5039.4  1.210837E-12
5042.3  1.296036E-12
5045.2  1.295085E-12
5048.1  1.278371E-12
5051.  1.331653E-12
5053.9  1.392131E-12
5056.8  1.398895E-12
5059.7  1.335279E-12
5062.6  1.259429E-12
5065.5  1.242879E-12
5068.4  1.263103E-12
5071.3  1.260998E-12
5074.2  1.204487E-12
5077.1  1.147483E-12
5080.  1.168313E-12
5082.9  1.239893E-12
5085.8  1.299075E-12
5088.7  1.326998E-12
5091.6  1.294781E-12
5094.5  1.241197E-12
5097.4  1.224447E-12
5100.3  1.212171E-12
5103.2  1.190720E-12
5106.1  1.183160E-12
5109.  1.220034E-12
5111.9  1.273893E-12
5114.8  1.277977E-12
5117.7  1.216861E-12
5120.6  1.144392E-12
5123.5  1.124492E-12
5126.4  1.163234E-12
5129.3  1.236247E-12
5132.2  1.276090E-12
5135.1  1.260570E-12
5138.  1.217854E-12
5140.9  1.181021E-12
5143.8  1.156665E-12
5146.7  1.141426E-12
5149.6  1.155865E-12
5152.5  1.243726E-12
5155.4  1.328020E-12
5158.3  1.286284E-12
5161.2  1.108409E-12
5164.1  9.229105E-13
5167.  8.530988E-13
5169.9  8.854690E-13
5172.8  9.689445E-13
5175.7  9.878120E-13
5178.6  9.472525E-13
5181.5  1.009963E-12
5184.4  1.146514E-12
5187.3  1.192698E-12
5190.2  1.193842E-12
5193.1  1.236575E-12
5196.  1.258744E-12
5198.9  1.173880E-12
5201.8  1.041397E-12
5204.7  1.000200E-12
5207.6  1.121790E-12
5210.5  1.306466E-12
5213.4  1.403962E-12
5216.3  1.427608E-12
5219.2  1.371485E-12
5222.1  1.312284E-12
5225.  1.362972E-12
5227.9  1.460893E-12
5230.8  1.507491E-12
5233.7  1.549233E-12
5236.6  1.566325E-12
5239.5  1.549456E-12
5242.4  1.454671E-12
5245.3  1.367716E-12
5248.2  1.369927E-12
5251.1  1.438295E-12
5254.  1.508650E-12
5256.9  1.483316E-12
5259.8  1.342775E-12
5262.7  1.221699E-12
5265.6  1.209490E-12
5268.5  1.303637E-12
5271.4  1.455315E-12
5274.3  1.565319E-12
5277.2  1.596808E-12
5280.1  1.618301E-12
5283.  1.677367E-12
5285.9  1.710156E-12
5288.8  1.676776E-12
5291.7  1.581722E-12
5294.6  1.517076E-12
5297.5  1.574160E-12
5300.4  1.684553E-12
5303.3  1.762399E-12
5306.2  1.783158E-12
5309.1  1.779079E-12
5312.  1.758291E-12
5314.9  1.723507E-12
5317.8  1.665520E-12
5320.7  1.570750E-12
5323.6  1.461905E-12
5326.5  1.463150E-12
5329.4  1.581564E-12
5332.3  1.657927E-12
5335.2  1.634610E-12
5338.1  1.609965E-12
5341.  1.616963E-12
5343.9  1.622847E-12
5346.8  1.663693E-12
5349.7  1.775878E-12
5352.6  1.869012E-12
5355.5  1.880187E-12
5358.4  1.838910E-12
5361.3  1.788865E-12
5364.2  1.725503E-12
5367.1  1.685973E-12
5370.  1.730377E-12
5372.9  1.817596E-12
5375.8  1.852542E-12
5378.7  1.828465E-12
5381.6  1.791945E-12
5384.5  1.744767E-12
5387.4  1.664352E-12
5390.3  1.622492E-12
5393.2  1.603517E-12
5396.1  1.605876E-12
5399.  1.615650E-12
5401.9  1.578138E-12
5404.8  1.572653E-12
5407.7  1.693697E-12
5410.6  1.822823E-12
5413.5  1.879256E-12
5416.4  1.878963E-12
5419.3  1.854236E-12
5422.2  1.816255E-12
5425.1  1.751184E-12
5428.  1.681422E-12
5430.9  1.651386E-12
5433.8  1.720176E-12
5436.7  1.832702E-12
5439.6  1.845930E-12
5442.5  1.745914E-12
5445.4  1.676360E-12
5448.3  1.660228E-12
5451.2  1.638129E-12
5454.1  1.661698E-12
5457.  1.723812E-12
5459.9  1.738095E-12
5462.8  1.734667E-12
5465.7  1.714628E-12
5468.6  1.668830E-12
5471.5  1.629310E-12
5474.4  1.633873E-12
5477.3  1.662556E-12
5480.2  1.704352E-12
5483.1  1.742885E-12
5486.  1.752297E-12
5488.9  1.749983E-12
5491.8  1.750370E-12
5494.7  1.750885E-12
5497.6  1.738794E-12
5500.5  1.714270E-12
5503.4  1.702193E-12
5506.3  1.699359E-12
5509.2  1.677720E-12
5512.1  1.680325E-12
5515.  1.764572E-12
5517.9  1.846769E-12
5520.8  1.857311E-12
5523.7  1.815019E-12
5526.6  1.807941E-12
5529.5  1.818933E-12
5532.4  1.828220E-12
5535.3  1.860083E-12
5538.2  1.888201E-12
5541.1  1.883336E-12
5544.  1.895728E-12
5546.9  1.924052E-12
5549.8  1.908466E-12
5552.7  1.880280E-12
5555.6  1.865902E-12
5558.5  1.847359E-12
5561.4  1.821752E-12
5564.3  1.853151E-12
5567.2  1.884048E-12
5570.1  1.906424E-12
5573.  1.914793E-12
5575.9  1.920065E-12
5578.8  1.888181E-12
5581.7  1.808993E-12
5584.6  1.721779E-12
5587.5  1.690757E-12
5590.4  1.729240E-12
5593.3  1.764068E-12
5596.2  1.740809E-12
5599.1  1.760362E-12
5602.  1.851928E-12
5604.9  1.919498E-12
5607.8  1.919768E-12
5610.7  1.862611E-12
5613.6  1.793879E-12
5616.5  1.758752E-12
5619.4  1.758024E-12
5622.3  1.767244E-12
5625.2  1.826689E-12
5628.1  1.884758E-12
5631.  1.897730E-12
5633.9  1.867586E-12
5636.8  1.826173E-12
5639.7  1.812687E-12
5642.6  1.826812E-12
5645.5  1.855036E-12
5648.4  1.876065E-12
5651.3  1.859765E-12
5654.2  1.804686E-12
5657.1  1.771143E-12
5660.  1.799349E-12
5662.9  1.833269E-12
5665.8  1.853170E-12
5668.7  1.896548E-12
5671.6  1.950443E-12
5674.5  1.978158E-12
5677.4  1.957310E-12
5680.3  1.927018E-12
5683.2  1.913541E-12
5686.1  1.924225E-12
5689.  1.960493E-12
5691.9  1.949150E-12
5694.8  1.894880E-12
5697.7  1.842155E-12
5700.6  1.804936E-12
5703.5  1.776899E-12
5706.4  1.762459E-12
5709.3  1.814879E-12
5712.2  1.908168E-12
5715.1  1.988598E-12
5718.  2.037400E-12
5720.9  2.036678E-12
5723.8  2.004536E-12
5726.7  1.988243E-12
5729.6  2.000885E-12
5732.5  2.025237E-12
5735.4  2.038258E-12
5738.3  2.025662E-12
5741.2  2.043012E-12
5744.1  2.054445E-12
5747.  2.037106E-12
5749.9  2.019768E-12
5752.8  2.033148E-12
5755.7  2.034493E-12
5758.6  2.021397E-12
5761.5  2.056766E-12
5764.4  2.104968E-12
5767.3  2.107817E-12
5770.2  2.066808E-12
5773.1  2.007845E-12
5776.  1.935356E-12
5778.9  1.863178E-12
5781.8  1.860958E-12
5784.7  1.932431E-12
5787.6  2.013418E-12
5790.5  2.074226E-12
5793.4  2.106285E-12
5796.3  2.145400E-12
5799.2  2.155943E-12
5802.1  2.149560E-12
5805.  2.146734E-12
5807.9  2.140323E-12
5810.8  2.128615E-12
5813.7  2.134206E-12
5816.6  2.153393E-12
5819.5  2.155790E-12
5822.4  2.163316E-12
5825.3  2.177748E-12
5828.2  2.177270E-12
5831.1  2.168836E-12
5834.  2.168640E-12
5836.9  2.177042E-12
5839.8  2.172178E-12
5842.7  2.140111E-12
5845.6  2.092607E-12
5848.5  2.044016E-12
5851.4  2.007969E-12
5854.3  1.995107E-12
5857.2  1.996249E-12
5860.1  1.994355E-12
5863.  1.999646E-12
5865.9  2.023201E-12
5868.8  2.043179E-12
5871.7  2.048776E-12
5874.6  2.036670E-12
5877.5  1.995417E-12
5880.4  1.908588E-12
5883.3  1.770724E-12
5886.2  1.633798E-12
5889.1  1.589362E-12
5892.  1.621522E-12
5894.9  1.710903E-12
5897.8  1.816340E-12
5900.7  1.890819E-12
5903.6  1.923302E-12
5906.5  1.910929E-12
5909.4  1.895149E-12
5912.3  1.911748E-12
5915.2  1.940675E-12
5918.1  1.960761E-12
5921.  1.978269E-12
5923.9  1.997938E-12
5926.8  2.012562E-12
5929.7  2.017973E-12
5932.6  2.017665E-12
5935.5  2.016113E-12
5938.4  2.018796E-12
5941.3  2.030328E-12
5944.2  2.030324E-12
5947.1  2.019761E-12
5950.  2.018938E-12
5952.9  2.031138E-12
5955.8  2.049025E-12
5958.7  2.061587E-12
5961.6  2.073702E-12
5964.5  2.095222E-12
5967.4  2.109024E-12
5970.3  2.092385E-12
5973.2  2.061469E-12
5976.1  2.043307E-12
5979.  2.037305E-12
5981.9  2.051648E-12
5984.8  2.081843E-12
5987.7  2.109634E-12
5990.6  2.121347E-12
5993.5  2.113737E-12
5996.4  2.103561E-12
5999.3  2.096425E-12
6002.2  2.094676E-12
6005.1  2.096232E-12
6008.  2.093071E-12
6010.9  2.084745E-12
6013.8  2.091105E-12
6016.7  2.112515E-12
6019.6  2.147308E-12
6022.5  2.184734E-12
6025.4  2.212778E-12
6028.3  2.233024E-12
6031.2  2.237938E-12
6034.1  2.235691E-12
6037.  2.256020E-12
6039.9  2.285699E-12
6042.8  2.309172E-12
6045.7  2.303420E-12
6048.6  2.283989E-12
6051.5  2.257441E-12
6054.4  2.231231E-12
6057.3  2.211159E-12
6060.2  2.216822E-12
6063.1  2.269966E-12
6066.  2.316316E-12
6068.9  2.323464E-12
6071.8  2.297605E-12
6074.7  2.261799E-12
6077.6  2.226724E-12
6080.5  2.214939E-12
6083.4  2.199146E-12
6086.3  2.183154E-12
6089.2  2.203315E-12
6092.1  2.209836E-12
6095.  2.192901E-12
6097.9  2.182468E-12
6100.8  2.204976E-12
6103.7  2.220761E-12
6106.6  2.228330E-12
6109.5  2.233072E-12
6112.4  2.211995E-12
6115.3  2.181143E-12
6118.2  2.177685E-12
6121.1  2.184035E-12
6124.  2.188417E-12
6126.9  2.175585E-12
6129.8  2.124668E-12
6132.7  2.105886E-12
6135.6  2.153775E-12
6138.5  2.202129E-12
6141.4  2.218807E-12
6144.3  2.206923E-12
6147.2  2.191580E-12
6150.1  2.145212E-12
6153.  2.065641E-12
6155.9  1.976471E-12
6158.8  1.943767E-12
6161.7  1.942212E-12
6164.6  1.952226E-12
6167.5  1.978062E-12
6170.4  2.007582E-12
6173.3  2.043472E-12
6176.2  2.047061E-12
6179.1  2.009040E-12
6182.  1.953373E-12
6184.9  1.915718E-12
6187.8  1.923241E-12
6190.7  1.954399E-12
6193.6  1.967143E-12
6196.5  1.991882E-12
6199.4  2.023202E-12
6202.3  2.010277E-12
6205.2  1.945361E-12
6208.1  1.868761E-12
6211.  1.831015E-12
6213.9  1.810116E-12
6216.8  1.796629E-12
6219.7  1.795819E-12
6222.6  1.783372E-12
6225.5  1.774924E-12
6228.4  1.795106E-12
6231.3  1.795978E-12
6234.2  1.771632E-12
6237.1  1.772735E-12
6240.  1.797892E-12
6242.9  1.820527E-12
6245.8  1.809634E-12
6248.7  1.782055E-12
6251.6  1.766203E-12
6254.5  1.803521E-12
6257.4  1.861250E-12
6260.3  1.887801E-12
6263.2  1.911589E-12
6266.1  1.948991E-12
6269.  1.967902E-12
6271.9  1.975176E-12
6274.8  1.991332E-12
6277.7  2.021999E-12
6280.6  2.054267E-12
6283.5  2.066943E-12
6286.4  2.050635E-12
6289.3  2.028008E-12
6292.2  2.014490E-12
6295.1  2.016811E-12
6298.  2.021751E-12
6300.9  2.048686E-12
6303.8  2.081804E-12
6306.7  2.097706E-12
6309.6  2.089775E-12
6312.5  2.076633E-12
6315.4  2.099257E-12
6318.3  2.132183E-12
6321.2  2.158071E-12
6324.1  2.178030E-12
6327.  2.197660E-12
6329.9  2.192542E-12
6332.8  2.179707E-12
6335.7  2.176929E-12
6338.6  2.178233E-12
6341.5  2.198296E-12
6344.4  2.220057E-12
6347.3  2.200822E-12
6350.2  2.138334E-12
6353.1  2.078331E-12
6356.  2.048510E-12
6358.9  2.064360E-12
6361.8  2.119404E-12
6364.7  2.191161E-12
6367.6  2.257654E-12
6370.5  2.293599E-12
6373.4  2.301988E-12
6376.3  2.294696E-12
6379.2  2.290341E-12
6382.1  2.285153E-12
6385.  2.271319E-12
6387.9  2.242306E-12
6390.8  2.237159E-12
6393.7  2.253912E-12
6396.6  2.277062E-12
6399.5  2.307592E-12
6402.4  2.316337E-12
6405.3  2.297293E-12
6408.2  2.268756E-12
6411.1  2.247784E-12
6414.  2.245692E-12
6416.9  2.255385E-12
6419.8  2.269728E-12
6422.7  2.286118E-12
6425.6  2.280498E-12
6428.5  2.264010E-12
6431.4  2.283322E-12
6434.3  2.312900E-12
6437.2  2.331610E-12
6440.1  2.356658E-12
6443.  2.346869E-12
6445.9  2.279911E-12
6448.8  2.231201E-12
6451.7  2.251547E-12
6454.6  2.299295E-12
6457.5  2.339976E-12
6460.4  2.339691E-12
6463.3  2.343030E-12
6466.2  2.367165E-12
6469.1  2.379636E-12
6472.  2.373645E-12
6474.9  2.369229E-12
6477.8  2.368906E-12
6480.7  2.344994E-12
6483.6  2.310130E-12
6486.5  2.267074E-12
6489.4  2.219056E-12
6492.3  2.180611E-12
6495.2  2.165984E-12
6498.1  2.188295E-12
6501.  2.240923E-12
6503.9  2.299287E-12
6506.8  2.347992E-12
6509.7  2.378745E-12
6512.6  2.393795E-12
6515.5  2.400589E-12
6518.4  2.404078E-12
6521.3  2.407677E-12
6524.2  2.408693E-12
6527.1  2.406156E-12
6530.  2.407487E-12
6532.9  2.413652E-12
6535.8  2.414908E-12
6538.7  2.405080E-12
6541.6  2.381887E-12
6544.5  2.350073E-12
6547.4  2.319238E-12
6550.3  2.288157E-12
6553.2  2.252507E-12
6556.1  2.217401E-12
6559.  2.190643E-12
6561.9  2.183704E-12
6564.8  2.201752E-12
6567.7  2.231725E-12
6570.6  2.262409E-12
6573.5  2.290394E-12
6576.4  2.313248E-12
6579.3  2.330308E-12
6582.2  2.340920E-12
6585.1  2.344766E-12
6588.  2.341295E-12
6590.9  2.330619E-12
6593.8  2.323566E-12
6596.7  2.330320E-12
6599.6  2.340730E-12
6602.5  2.345082E-12
6605.4  2.347138E-12
6608.3  2.352413E-12
6611.2  2.369408E-12
6614.1  2.393861E-12
6617.  2.404158E-12
6619.9  2.395657E-12
6622.8  2.378186E-12
6625.7  2.360018E-12
6628.6  2.348401E-12
6631.5  2.347655E-12
6634.4  2.358337E-12
6637.3  2.369648E-12
6640.2  2.371491E-12
6643.1  2.366512E-12
6646.  2.358030E-12
6648.9  2.346800E-12
6651.8  2.334015E-12
6654.7  2.320917E-12
6657.6  2.308819E-12
6660.5  2.298629E-12
6663.4  2.295145E-12
6666.3  2.304252E-12
6669.2  2.319595E-12
6672.1  2.330946E-12
6675.  2.332859E-12
6677.9  2.323845E-12
6680.8  2.313512E-12
6683.7  2.308877E-12
6686.6  2.304561E-12
6689.5  2.298172E-12
6692.4  2.293227E-12
6695.3  2.292160E-12
6698.2  2.296402E-12
6701.1  2.302970E-12
6704.  2.306283E-12
6706.9  2.299798E-12
6709.8  2.278861E-12
6712.7  2.252937E-12
6715.6  2.233962E-12
6718.5  2.226877E-12
6721.4  2.231951E-12
6724.3  2.240342E-12
6727.2  2.245015E-12
6730.1  2.245160E-12
6733.  2.240399E-12
6735.9  2.231296E-12
6738.8  2.218260E-12
6741.7  2.201617E-12
6744.6  2.188485E-12
6747.5  2.187742E-12
6750.4  2.202846E-12
6753.3  2.232269E-12
6756.2  2.259684E-12
6759.1  2.271658E-12
6762.  2.272532E-12
6764.9  2.270453E-12
6767.8  2.277509E-12
6770.7  2.294844E-12
6773.6  2.308598E-12
6776.5  2.310305E-12
6779.4  2.296534E-12
6782.3  2.276411E-12
6785.2  2.265131E-12
6788.1  2.265241E-12
6791.  2.274161E-12
6793.9  2.288153E-12
6796.8  2.302907E-12
6799.7  2.316302E-12
6802.6  2.326206E-12
6805.5  2.329057E-12
6808.4  2.326155E-12
6811.3  2.325375E-12
6814.2  2.330676E-12
6817.1  2.342225E-12
6820.  2.354397E-12
6822.9  2.358583E-12
6825.8  2.357223E-12
6828.7  2.356250E-12
6831.6  2.354145E-12
6834.5  2.348802E-12
6837.4  2.341094E-12
6840.3  2.333113E-12
6843.2  2.329927E-12
6846.1  2.332309E-12
6849.  2.332682E-12
6851.9  2.332753E-12
6854.8  2.343268E-12
6857.7  2.365122E-12
6860.6  2.393342E-12
6863.5  2.403038E-12
6866.4  2.368491E-12
6869.3  2.319319E-12
6872.2  2.294425E-12
6875.1  2.305964E-12
6878.  2.351652E-12
6880.9  2.402537E-12
6883.8  2.435878E-12
6886.7  2.448129E-12
6889.6  2.443649E-12
6892.5  2.435652E-12
6895.4  2.432656E-12
6898.3  2.438205E-12
6901.2  2.449131E-12
6904.1  2.458746E-12
6907.  2.461426E-12
6909.9  2.454184E-12
6912.8  2.445391E-12
6915.7  2.442835E-12
6918.6  2.444872E-12
6921.5  2.448328E-12
6924.4  2.448789E-12
6927.3  2.444947E-12
6930.2  2.439989E-12
6933.1  2.436660E-12
6936.  2.437436E-12
6938.9  2.438913E-12
6941.8  2.435261E-12
6944.7  2.431432E-12
6947.6  2.434658E-12
6950.5  2.443754E-12
6953.4  2.456176E-12
6956.3  2.471955E-12
6959.2  2.489126E-12
6962.1  2.502409E-12
6965.  2.505590E-12
6967.9  2.491107E-12
6970.8  2.463096E-12
6973.7  2.435717E-12
6976.6  2.422139E-12
6979.5  2.432824E-12
6982.4  2.455959E-12
6985.3  2.472664E-12
6988.2  2.480798E-12
6991.1  2.482342E-12
6994.  2.478880E-12
6996.9  2.472603E-12
6999.8  2.464776E-12
7002.7  2.456924E-12
7005.6  2.450893E-12
7008.5  2.447563E-12
7011.4  2.446776E-12
7014.3  2.448333E-12
7017.2  2.452080E-12
7020.1  2.456530E-12
7023.  2.460140E-12
7025.9  2.466979E-12
7028.8  2.480621E-12
7031.7  2.494361E-12
7034.6  2.503670E-12
7037.5  2.516945E-12
7040.4  2.534218E-12
7043.3  2.539081E-12
7046.2  2.522781E-12
7049.1  2.486198E-12
7052.  2.436663E-12
7054.9  2.386551E-12
7057.8  2.345193E-12
7060.7  2.319023E-12
7063.6  2.309197E-12
7066.5  2.313418E-12
7069.4  2.329287E-12
7072.3  2.350320E-12
7075.2  2.359995E-12
7078.1  2.346584E-12
7081.  2.308467E-12
7083.9  2.255666E-12
7086.8  2.211606E-12
7089.7  2.187766E-12
7092.6  2.184277E-12
7095.5  2.192419E-12
7098.4  2.198930E-12
7101.3  2.201735E-12
7104.2  2.203059E-12
7107.1  2.206346E-12
7110.  2.213641E-12
7112.9  2.220867E-12
7115.8  2.221668E-12
7118.7  2.206419E-12
7121.6  2.172804E-12
7124.5  2.128379E-12
7127.4  2.087390E-12
7130.3  2.069061E-12
7133.2  2.073536E-12
7136.1  2.089001E-12
7139.  2.105894E-12
7141.9  2.116818E-12
7144.8  2.126947E-12
7147.7  2.142744E-12
7150.6  2.160956E-12
7153.5  2.178140E-12
7156.4  2.192775E-12
7159.3  2.205412E-12
7162.2  2.220620E-12
7165.1  2.237057E-12
7168.  2.247110E-12
7170.9  2.249409E-12
7173.8  2.246631E-12
7176.7  2.241151E-12
7179.6  2.235276E-12
7182.5  2.225019E-12
7185.4  2.207938E-12
7188.3  2.199098E-12
7191.2  2.207531E-12
7194.1  2.218258E-12
7197.  2.219465E-12
7199.9  2.207868E-12
7202.8  2.191095E-12
7205.7  2.189718E-12
7208.6  2.207313E-12
7211.5  2.234291E-12
7214.4  2.263689E-12
7217.3  2.289754E-12
7220.2  2.313028E-12
7223.1  2.335589E-12
7226.  2.355627E-12
7228.9  2.370340E-12
7231.8  2.373732E-12
7234.7  2.365861E-12
7237.6  2.359511E-12
7240.5  2.361148E-12
7243.4  2.367940E-12
7246.3  2.376566E-12
7249.2  2.383177E-12
7252.1  2.386888E-12
7255.  2.388874E-12
7257.9  2.391170E-12
7260.8  2.395899E-12
7263.7  2.404861E-12
7266.6  2.417696E-12
7269.5  2.427802E-12
7272.4  2.429661E-12
7275.3  2.420893E-12
7278.2  2.406242E-12
7281.1  2.401706E-12
7284.  2.405766E-12
7286.9  2.399701E-12
7289.8  2.391835E-12
7292.7  2.403916E-12
7295.6  2.428687E-12
7298.5  2.449691E-12
7301.4  2.459991E-12
7304.3  2.457655E-12
7307.2  2.453893E-12
7310.1  2.456391E-12
7313.  2.456273E-12
7315.9  2.450846E-12
7318.8  2.449211E-12
7321.7  2.454642E-12
7324.6  2.464552E-12
7327.5  2.475882E-12
7330.4  2.485009E-12
7333.3  2.493283E-12
7336.2  2.503417E-12
7339.1  2.511879E-12
7342.  2.513898E-12
7344.9  2.504752E-12
7347.8  2.483641E-12
7350.7  2.459451E-12
7353.6  2.440726E-12
7356.5  2.432503E-12
7359.4  2.438344E-12
7362.3  2.459734E-12
7365.2  2.491999E-12
7368.1  2.525989E-12
7371.  2.554835E-12
7373.9  2.573502E-12
7376.8  2.576359E-12
7379.7  2.561010E-12
7382.6  2.534607E-12
7385.5  2.507914E-12
7388.4  2.496679E-12
7391.3  2.506999E-12
7394.2  2.524426E-12
7397.1  2.539581E-12
7400.  2.552326E-12
7402.9  2.558843E-12
7405.8  2.553883E-12
7408.7  2.537264E-12
7411.6  2.512349E-12
7414.5  2.490643E-12
7417.4  2.484131E-12
7420.3  2.493550E-12
7423.2  2.514733E-12
7426.1  2.538033E-12
7429.  2.555086E-12
7431.9  2.563212E-12
7434.8  2.563619E-12
7437.7  2.562320E-12
7440.6  2.563632E-12
7443.5  2.569388E-12
7446.4  2.579060E-12
7449.3  2.590434E-12
7452.2  2.595626E-12
7455.1  2.587234E-12
7458.  2.574554E-12
7460.9  2.568495E-12
7463.8  2.569936E-12
7466.7  2.576283E-12
7469.6  2.578975E-12
7472.5  2.575302E-12
7475.4  2.573917E-12
7478.3  2.576711E-12
7481.2  2.578820E-12
7484.1  2.575622E-12
7487.  2.562993E-12
7489.9  2.549954E-12
7492.8  2.549343E-12
7495.7  2.560622E-12
7498.6  2.578533E-12
7501.5  2.593953E-12
7504.4  2.600674E-12
7507.3  2.603802E-12
7510.2  2.607655E-12
7513.1  2.613154E-12
7516.  2.618661E-12
7518.9  2.619014E-12
7521.8  2.616293E-12
7524.7  2.617451E-12
7527.6  2.625874E-12
7530.5  2.642271E-12
7533.4  2.657058E-12
7536.3  2.660182E-12
7539.2  2.656816E-12
7542.1  2.653223E-12
7545.  2.649156E-12
7547.9  2.644182E-12
7550.8  2.637903E-12
7553.7  2.630671E-12
7556.6  2.624090E-12
7559.5  2.618751E-12
7562.4  2.614386E-12
7565.3  2.610545E-12
7568.2  2.606669E-12
7571.1  2.602693E-12
7574.  2.598734E-12
7576.9  2.594782E-12
7579.8  2.590829E-12
7582.7  2.586877E-12
7585.6  2.582925E-12
7588.5  2.578973E-12
7591.4  2.575020E-12
7594.3  2.571068E-12
7597.2  2.567116E-12
7600.1  2.563164E-12
7603.  2.559212E-12
7605.9  2.555259E-12
7608.8  2.551308E-12
7611.7  2.547355E-12
7614.6  2.543403E-12
7617.5  2.539452E-12
7620.4  2.535591E-12
7623.3  2.531768E-12
7626.2  2.526781E-12
7629.1  2.522212E-12
7632.  2.524630E-12
7634.9  2.533227E-12
7637.8  2.539482E-12
7640.7  2.538873E-12
7643.6  2.529864E-12
7646.5  2.511858E-12
7649.4  2.485921E-12
7652.3  2.454473E-12
7655.2  2.422067E-12
7658.1  2.398806E-12
7661.  2.393686E-12
7663.9  2.411838E-12
7666.8  2.450303E-12
7669.7  2.493754E-12
7672.6  2.530279E-12
7675.5  2.553493E-12
7678.4  2.563913E-12
7681.3  2.567826E-12
7684.2  2.566904E-12
7687.1  2.560945E-12
7690.  2.551236E-12
7692.9  2.539559E-12
7695.8  2.529997E-12
7698.7  2.524898E-12
7701.6  2.520636E-12
7704.5  2.513452E-12
7707.4  2.499961E-12
7710.3  2.483722E-12
7713.2  2.477457E-12
7716.1  2.484098E-12
7719.  2.498277E-12
7721.9  2.514745E-12
7724.8  2.528262E-12
7727.7  2.542940E-12
7730.6  2.563679E-12
7733.5  2.579447E-12
7736.4  2.579527E-12
7739.3  2.563645E-12
7742.2  2.537391E-12
7745.1  2.515377E-12
7748.  2.507992E-12
7750.9  2.517908E-12
7753.8  2.539825E-12
7756.7  2.561359E-12
7759.6  2.575279E-12
7762.5  2.578605E-12
7765.4  2.575469E-12
7768.3  2.572663E-12
7771.2  2.573178E-12
7774.1  2.577497E-12
7777.  2.579890E-12
7779.9  2.576054E-12
7782.8  2.568112E-12
7785.7  2.558939E-12
7788.6  2.551616E-12
7791.5  2.548638E-12
7794.4  2.551503E-12
7797.3  2.558502E-12
7800.2  2.565914E-12
7803.1  2.572475E-12
7806.  2.578160E-12
7808.9  2.585158E-12
7811.8  2.595086E-12
7814.7  2.604316E-12
7817.6  2.608860E-12
7820.5  2.606782E-12
7823.4  2.596435E-12
7826.3  2.575537E-12
7829.2  2.549269E-12
7832.1  2.530660E-12
7835.  2.525861E-12
7837.9  2.535324E-12
7840.8  2.548990E-12
7843.7  2.553212E-12
7846.6  2.549978E-12
7849.5  2.546121E-12
7852.4  2.547736E-12
7855.3  2.557720E-12
7858.2  2.568174E-12
7861.1  2.572823E-12
7864.  2.571652E-12
7866.9  2.565873E-12
7869.8  2.558372E-12
7872.7  2.550411E-12
7875.6  2.541376E-12
7878.5  2.534874E-12
7881.4  2.535664E-12
7884.3  2.538788E-12
7887.2  2.537098E-12
7890.1  2.528706E-12
7893.  2.514982E-12
7895.9  2.505723E-12
7898.8  2.505582E-12
7901.7  2.504903E-12
7904.6  2.497128E-12
7907.5  2.480997E-12
7910.4  2.462197E-12
7913.3  2.452721E-12
7916.2  2.454870E-12
7919.1  2.464467E-12
7922.  2.475413E-12
7924.9  2.481061E-12
7927.8  2.478293E-12
7930.7  2.466295E-12
7933.6  2.446812E-12
7936.5  2.423970E-12
7939.4  2.404597E-12
7942.3  2.395360E-12
7945.2  2.402285E-12
7948.1  2.423269E-12
7951.  2.448148E-12
7953.9  2.469345E-12
7956.8  2.481707E-12
7959.7  2.489642E-12
7962.6  2.500898E-12
7965.5  2.513288E-12
7968.4  2.522377E-12
7971.3  2.524989E-12
7974.2  2.520099E-12
7977.1  2.512626E-12
7980.  2.506107E-12
7982.9  2.500206E-12
7985.8  2.494535E-12
7988.7  2.488545E-12
7991.6  2.483836E-12
7994.5  2.483446E-12
7997.4  2.489638E-12
8000.3  2.503558E-12
8003.2  2.521997E-12
8006.1  2.540345E-12
8009.  2.557608E-12
8011.9  2.570947E-12
8014.8  2.568858E-12
8017.7  2.546728E-12
8020.6  2.512694E-12
8023.5  2.482472E-12
8026.4  2.480119E-12
8029.3  2.506540E-12
8032.2  2.543207E-12
8035.1  2.569136E-12
8038.  2.565135E-12
8040.9  2.539499E-12
8043.8  2.510770E-12
8046.7  2.494679E-12
8049.6  2.500387E-12
8052.5  2.516328E-12
8055.4  2.529103E-12
8058.3  2.529710E-12
8061.2  2.515356E-12
8064.1  2.492175E-12
8067.  2.470060E-12
8069.9  2.461198E-12
8072.8  2.465262E-12
8075.7  2.473913E-12
8078.6  2.478232E-12
8081.5  2.470808E-12
8084.4  2.455528E-12
8087.3  2.439281E-12
8090.2  2.425962E-12
8093.1  2.419645E-12
8096.  2.426251E-12
8098.9  2.444160E-12
8101.8  2.460517E-12
8104.7  2.466795E-12
8107.6  2.459819E-12
8110.5  2.445833E-12
8113.4  2.436978E-12
8116.3  2.440992E-12
8119.2  2.461205E-12
8122.1  2.485989E-12
8125.  2.501622E-12
8127.9  2.504865E-12
8130.8  2.497648E-12
8133.7  2.491196E-12
8136.6  2.491841E-12
8139.5  2.493968E-12
8142.4  2.495043E-12
8145.3  2.496388E-12
8148.2  2.497739E-12
8151.1  2.498408E-12
8154.  2.493890E-12
8156.9  2.479534E-12
8159.8  2.463293E-12
8162.7  2.455761E-12
8165.6  2.464487E-12
8168.5  2.489589E-12
8171.4  2.511601E-12
8174.3  2.515106E-12
8177.2  2.496771E-12
8180.1  2.465185E-12
8183.  2.444305E-12
8185.9  2.437581E-12
8188.8  2.431211E-12
8191.7  2.419045E-12
8194.6  2.399480E-12
8197.5  2.384944E-12
8200.4  2.389772E-12
8203.3  2.409678E-12
8206.2  2.436338E-12
8209.1  2.461933E-12
8212.  2.483050E-12
8214.9  2.509003E-12
8217.8  2.538485E-12
8220.7  2.555109E-12
8223.6  2.545543E-12
8226.5  2.498918E-12
8229.4  2.443750E-12
8232.3  2.427940E-12
8235.2  2.447553E-12
8238.1  2.478499E-12
8241.  2.502191E-12
8243.9  2.505619E-12
8246.8  2.498180E-12
8249.7  2.490478E-12
8252.6  2.483403E-12
8255.5  2.480614E-12
8258.4  2.490142E-12
8261.3  2.511399E-12
8264.2  2.535665E-12
8267.1  2.552260E-12
8270.  2.550444E-12
8272.9  2.536481E-12
8275.8  2.523288E-12
8278.7  2.513862E-12
8281.6  2.507864E-12
8284.5  2.500611E-12
8287.4  2.489416E-12
8290.3  2.481424E-12
8293.2  2.479486E-12
8296.1  2.477881E-12
8299.  2.471116E-12
8301.9  2.453245E-12
8304.8  2.433589E-12
8307.7  2.431707E-12
8310.6  2.443031E-12
8313.5  2.452251E-12
8316.4  2.448812E-12
8319.3  2.427418E-12
8322.2  2.403513E-12
8325.1  2.391618E-12
8328.  2.388276E-12
8330.9  2.389259E-12
8333.8  2.392756E-12
8336.7  2.396265E-12
8339.6  2.397202E-12
8342.5  2.395853E-12
8345.4  2.394780E-12
8348.3  2.394637E-12
8351.2  2.395134E-12
8354.1  2.392541E-12
8357.  2.383788E-12
8359.9  2.377218E-12
8362.8  2.380542E-12
8365.7  2.392922E-12
8368.6  2.407842E-12
8371.5  2.408647E-12
8374.4  2.388505E-12
8377.3  2.355735E-12
8380.2  2.323104E-12
8383.1  2.306312E-12
8386.  2.311068E-12
8388.9  2.335187E-12
8391.8  2.367731E-12
8394.7  2.395178E-12
8397.6  2.413153E-12
8400.5  2.421038E-12
8403.4  2.422063E-12
8406.3  2.419505E-12
8409.2  2.413418E-12
8412.1  2.403625E-12
8415.  2.389293E-12
8417.9  2.372895E-12
8420.8  2.360184E-12
8423.7  2.353105E-12
8426.6  2.351166E-12
8429.5  2.348073E-12
8432.4  2.336944E-12
8435.3  2.328952E-12
8438.2  2.336092E-12
8441.1  2.352727E-12
8444.  2.370529E-12
8446.9  2.381346E-12
8449.8  2.382820E-12
8452.7  2.384842E-12
8455.6  2.388510E-12
8458.5  2.383784E-12
8461.4  2.371923E-12
8464.3  2.361645E-12
8467.2  2.361144E-12
8470.1  2.376569E-12
8473.  2.398863E-12
8475.9  2.415353E-12
8478.8  2.424132E-12
8481.7  2.423624E-12
8484.6  2.408291E-12
8487.5  2.373046E-12
8490.4  2.309771E-12
8493.3  2.233336E-12
8496.2  2.186322E-12
8499.1  2.188782E-12
8502.  2.240661E-12
8504.9  2.306490E-12
8507.8  2.336160E-12
8510.7  2.331758E-12
8513.6  2.314653E-12
8516.5  2.308077E-12
8519.4  2.326180E-12
8522.3  2.346808E-12
8525.2  2.345738E-12
8528.1  2.309409E-12
8531.  2.228545E-12
8533.9  2.097949E-12
8536.8  1.951261E-12
8539.7  1.852903E-12
8542.6  1.842754E-12
8545.5  1.937697E-12
8548.4  2.088643E-12
8551.3  2.225082E-12
8554.2  2.325352E-12
8557.1  2.385507E-12
8560.  2.418814E-12
8562.9  2.439554E-12
8565.8  2.447630E-12
8568.7  2.445210E-12
8571.6  2.438522E-12
8574.5  2.430233E-12
8577.4  2.419282E-12
8580.3  2.410753E-12
8583.2  2.412735E-12
8586.1  2.424505E-12
8589.  2.441079E-12
8591.9  2.455148E-12
8594.8  2.460491E-12
8597.7  2.460707E-12
8600.6  2.458502E-12
8603.5  2.446980E-12
8606.4  2.426134E-12
8609.3  2.408719E-12
8612.2  2.403177E-12
8615.1  2.412324E-12
8618.  2.432423E-12
8620.9  2.454472E-12
8623.8  2.475345E-12
8626.7  2.494636E-12
8629.6  2.508828E-12
8632.5  2.514616E-12
8635.4  2.512622E-12
8638.3  2.503642E-12
8641.2  2.486656E-12
8644.1  2.459687E-12
8647.  2.421244E-12
8649.9  2.362962E-12
8652.8  2.267189E-12
8655.7  2.148385E-12
8658.6  2.045069E-12
8661.5  1.997048E-12
8664.4  2.036605E-12
8667.3  2.129547E-12
8670.2  2.221375E-12
8673.1  2.289277E-12
8676.  2.323956E-12
8678.9  2.339137E-12
8681.8  2.349291E-12
8684.7  2.355961E-12
8687.6  2.363912E-12
8690.5  2.382572E-12
8693.4  2.409521E-12
8696.3  2.432055E-12
8699.2  2.445382E-12
8702.1  2.449895E-12
8705.  2.450911E-12
8707.9  2.455106E-12
8710.8  2.461695E-12
8713.7  2.468380E-12
8716.6  2.476040E-12
8719.5  2.483566E-12
8722.4  2.484697E-12
8725.3  2.476060E-12
8728.2  2.458808E-12
8731.1  2.439319E-12
8734.  2.429141E-12
8736.9  2.429683E-12
8739.8  2.435314E-12
8742.7  2.445100E-12
8745.6  2.459271E-12
8748.5  2.476856E-12
8751.4  2.495683E-12
8754.3  2.509497E-12
8757.2  2.513081E-12
8760.1  2.504797E-12
8763.  2.487665E-12
8765.9  2.471516E-12
8768.8  2.463460E-12
8771.7  2.466470E-12
8774.6  2.477783E-12
8777.5  2.490174E-12
8780.4  2.498267E-12
8783.3  2.498375E-12
8786.2  2.489879E-12
8789.1  2.474301E-12
8792.  2.458171E-12
8794.9  2.445253E-12
8797.8  2.425176E-12
8800.7  2.395229E-12
8803.6  2.369431E-12
8806.5  2.361636E-12
8809.4  2.386148E-12
8812.3  2.427948E-12
8815.2  2.448746E-12
8818.1  2.445500E-12
8821.  2.434022E-12
8823.9  2.429180E-12
8826.8  2.442409E-12
8829.7  2.459636E-12
8832.6  2.465916E-12
8835.5  2.464696E-12
8838.4  2.462446E-12
8841.3  2.467828E-12
8844.2  2.485066E-12
8847.1  2.510747E-12
8850.  2.539326E-12
8852.9  2.564020E-12
8855.8  2.576904E-12
8858.7  2.571003E-12
8861.6  2.553382E-12
8864.5  2.535551E-12
8867.4  2.517131E-12
8870.3  2.496560E-12
8873.2  2.478147E-12
8876.1  2.465986E-12
8879.  2.462880E-12
8881.9  2.468932E-12
8884.8  2.480361E-12
8887.7  2.492883E-12
8890.6  2.502364E-12
8893.5  2.505977E-12
8896.4  2.502503E-12
8899.3  2.494337E-12
8902.2  2.485337E-12
8905.1  2.481522E-12
8908.  2.485813E-12
8910.9  2.484185E-12
8913.8  2.466402E-12
8916.7  2.440252E-12
8919.6  2.415154E-12
8922.5  2.400535E-12
8925.4  2.398644E-12
8928.3  2.402429E-12
8931.2  2.407885E-12
8934.1  2.413471E-12
8937.  2.417709E-12
8939.9  2.420085E-12
8942.8  2.421057E-12
8945.7  2.422402E-12
8948.6  2.434193E-12
8951.5  2.460557E-12
8954.4  2.482473E-12
8957.3  2.487065E-12
8960.2  2.479383E-12
8963.1  2.464675E-12
8966.  2.447043E-12
8968.9  2.434095E-12
8971.8  2.434394E-12
8974.7  2.448090E-12
8977.6  2.469667E-12
8980.5  2.481074E-12
8983.4  2.465104E-12
8986.3  2.426555E-12
8989.2  2.380241E-12
8992.1  2.359469E-12
8995.  2.378759E-12
8997.9  2.403873E-12
9000.8  2.414141E-12
9003.7  2.413291E-12
9006.6  2.411454E-12
9009.5  2.425810E-12
9012.4  2.450323E-12
9015.3  2.465739E-12
9018.2  2.468195E-12
9021.1  2.460446E-12
9024.  2.448288E-12
9026.9  2.438812E-12
9029.8  2.439387E-12
9032.7  2.451915E-12
9035.6  2.465168E-12
9038.5  2.472017E-12
9041.4  2.473977E-12
9044.3  2.474864E-12
9047.2  2.481036E-12
9050.1  2.490847E-12
9053.  2.497188E-12
9055.9  2.497886E-12
9058.8  2.492853E-12
9061.7  2.479146E-12
9064.6  2.455596E-12
9067.5  2.430375E-12
9070.4  2.410442E-12
9073.3  2.396053E-12
9076.2  2.382947E-12
9079.1  2.358447E-12
9082.  2.325903E-12
9084.9  2.307298E-12
9087.8  2.311758E-12
9090.7  2.338288E-12
9093.6  2.370072E-12
9096.5  2.384872E-12
9099.4  2.384267E-12
9102.3  2.377768E-12
9105.2  2.374426E-12
9108.1  2.380187E-12
9111.  2.389327E-12
9113.9  2.395961E-12
9116.8  2.395371E-12
9119.7  2.393005E-12
9122.6  2.410200E-12
9125.5  2.433961E-12
9128.4  2.424656E-12
9131.3  2.384503E-12
9134.2  2.337448E-12
9137.1  2.306782E-12
9140.  2.309924E-12
9142.9  2.331585E-12
9145.8  2.349670E-12
9148.7  2.345906E-12
9151.6  2.316282E-12
9154.5  2.288427E-12
9157.4  2.279723E-12
9160.3  2.289761E-12
9163.2  2.303652E-12
9166.1  2.292970E-12
9169.  2.262945E-12
9171.9  2.238366E-12
9174.8  2.228384E-12
9177.7  2.234887E-12
9180.6  2.251063E-12
9183.5  2.267465E-12
9186.4  2.277965E-12
9189.3  2.278890E-12
9192.2  2.270429E-12
9195.1  2.257602E-12
9198.  2.252420E-12
9200.9  2.255613E-12
9203.8  2.256042E-12
9206.7  2.248856E-12
9209.6  2.233827E-12
9212.5  2.220767E-12
9215.4  2.222411E-12
9218.3  2.240539E-12
9221.2  2.271739E-12
9224.1  2.307312E-12
9227.  2.337587E-12
9229.9  2.354742E-12
9232.8  2.355301E-12
9235.7  2.342806E-12
9238.6  2.322650E-12
9241.5  2.300906E-12
9244.4  2.284210E-12
9247.3  2.278812E-12
9250.2  2.279182E-12
9253.1  2.275283E-12
9256.  2.271930E-12
9258.9  2.276556E-12
9261.8  2.288225E-12
9264.7  2.303497E-12
9267.6  2.316644E-12
9270.5  2.321711E-12
9273.4  2.312920E-12
9276.3  2.292081E-12
9279.2  2.269959E-12
9282.1  2.257415E-12
9285.  2.263990E-12
9287.9  2.286132E-12
9290.8  2.313004E-12
9293.7  2.330274E-12
9296.6  2.327153E-12
9299.5  2.322822E-12
9302.4  2.334860E-12
9305.3  2.350150E-12
9308.2  2.356527E-12
9311.1  2.352753E-12
9314.  2.338233E-12
9316.9  2.311948E-12
9319.8  2.286716E-12
9322.7  2.286133E-12
9325.6  2.310786E-12
9328.5  2.346531E-12
9331.4  2.368362E-12
9334.3  2.352618E-12
9337.2  2.301774E-12
9340.1  2.232851E-12
9343.  2.188586E-12
9345.9  2.197820E-12
9348.8  2.250921E-12
9351.7  2.312516E-12
9354.6  2.304995E-12
9357.5  2.242664E-12
9360.4  2.241251E-12
9363.3  2.286919E-12
9366.2  2.285700E-12
9369.1  2.247235E-12
9372.  2.217564E-12
9374.9  2.195949E-12
9377.8  2.174714E-12
9380.7  2.156687E-12
9383.6  2.148395E-12
9386.5  2.169532E-12
9389.4  2.220882E-12
9392.3  2.267971E-12
9395.2  2.290165E-12
9398.1  2.285243E-12
9401.  2.261069E-12
9403.9  2.234462E-12
9406.8  2.209553E-12
9409.7  2.184725E-12
9412.6  2.176414E-12
9415.5  2.198205E-12
9418.4  2.230687E-12
9421.3  2.250457E-12
9424.2  2.236657E-12
9427.1  2.193331E-12
9430.  2.177964E-12
9432.9  2.202682E-12
9435.8  2.216209E-12
9438.7  2.200483E-12
9441.6  2.162111E-12
9444.5  2.143642E-12
9447.4  2.199553E-12
9450.3  2.272968E-12
9453.2  2.284983E-12
9456.1  2.253594E-12
9459.  2.215838E-12
9461.9  2.206172E-12
9464.8  2.238167E-12
9467.7  2.272624E-12
9470.6  2.285524E-12
9473.5  2.283252E-12
9476.4  2.268058E-12
9479.3  2.237936E-12
9482.2  2.220257E-12
9485.1  2.253385E-12
9488.  2.305980E-12
9490.9  2.326666E-12
9493.8  2.296544E-12
9496.7  2.221112E-12
9499.6  2.171612E-12
9502.5  2.198546E-12
9505.4  2.276865E-12
9508.3  2.364036E-12
9511.2  2.399146E-12
9514.1  2.368403E-12
9517.  2.311173E-12
9519.9  2.259690E-12
9522.8  2.239654E-12
9525.7  2.250315E-12
9528.6  2.276483E-12
9531.5  2.306145E-12
9534.4  2.328188E-12
9537.3  2.334125E-12
9540.2  2.322394E-12
9543.1  2.305463E-12
9546.  2.295099E-12
9548.9  2.299393E-12
9551.8  2.312649E-12
9554.7  2.312068E-12
9557.6  2.299120E-12
9560.5  2.293742E-12
9563.4  2.290069E-12
9566.3  2.273232E-12
9569.2  2.266752E-12
9572.1  2.294585E-12
9575.  2.326616E-12
9577.9  2.333189E-12
9580.8  2.318403E-12
9583.7  2.289575E-12
9586.6  2.253221E-12
9589.5  2.218782E-12
9592.4  2.196351E-12
9595.3  2.193147E-12
9598.2  2.213621E-12
9601.1  2.241473E-12
9604.  2.251695E-12
9606.9  2.255297E-12
9609.8  2.270843E-12
9612.7  2.286242E-12
9615.6  2.287293E-12
9618.5  2.269924E-12
9621.4  2.239194E-12
9624.3  2.219039E-12
9627.2  2.219322E-12
9630.1  2.227579E-12
9633.  2.230979E-12
9635.9  2.216677E-12
9638.8  2.192234E-12
9641.7  2.176999E-12
9644.6  2.175216E-12
9647.5  2.184379E-12
9650.4  2.200666E-12
9653.3  2.217647E-12
9656.2  2.222057E-12
9659.1  2.207592E-12
9662.  2.186568E-12
9664.9  2.170032E-12
9667.8  2.163255E-12
9670.7  2.168885E-12
9673.6  2.186442E-12
9676.5  2.206834E-12
9679.4  2.216468E-12
9682.3  2.214805E-12
9685.2  2.207430E-12
9688.1  2.201062E-12
9691.  2.200896E-12
9693.9  2.201597E-12
9696.8  2.198220E-12
9699.7  2.191332E-12
9702.6  2.185464E-12
9705.5  2.192788E-12
9708.4  2.212111E-12
9711.3  2.226264E-12
9714.2  2.229170E-12
9717.1  2.223093E-12
9720.  2.214526E-12
9722.9  2.211419E-12
9725.8  2.211555E-12
9728.7  2.209795E-12
9731.6  2.201918E-12
9734.5  2.186979E-12
9737.4  2.173645E-12
9740.3  2.169387E-12
9743.2  2.177201E-12
9746.1  2.193995E-12
9749.  2.209200E-12
9751.9  2.216533E-12
9754.8  2.214169E-12
9757.7  2.205059E-12
9760.6  2.195002E-12
9763.5  2.190129E-12
9766.4  2.194632E-12
9769.3  2.204550E-12
9772.2  2.213046E-12
9775.1  2.209309E-12
9778.  2.190279E-12
9780.9  2.170316E-12
9783.8  2.162097E-12
9786.7  2.174360E-12
9789.6  2.200870E-12
9792.5  2.221489E-12
9795.4  2.230253E-12
9798.3  2.230276E-12
9801.2  2.229148E-12
9804.1  2.235150E-12
9807.  2.245897E-12
9809.9  2.256089E-12
9812.8  2.259630E-12
9815.7  2.254168E-12
9818.6  2.247908E-12
9821.5  2.245499E-12
9824.4  2.243936E-12
9827.3  2.242345E-12
9830.2  2.241740E-12
9833.1  2.243448E-12
9836.  2.248969E-12
9838.9  2.255075E-12
9841.8  2.257137E-12
9844.7  2.255684E-12
9847.6  2.252538E-12
9850.5  2.247985E-12
9853.4  2.242811E-12
9856.3  2.239740E-12
9859.2  2.239153E-12
9862.1  2.236966E-12
9865.  2.231782E-12
9867.9  2.225392E-12
9870.8  2.220976E-12
9873.7  2.222348E-12
9876.6  2.229463E-12
9879.5  2.239960E-12
9882.4  2.246186E-12
9885.3  2.241670E-12
9888.2  2.234712E-12
9891.1  2.233281E-12
9894.  2.234763E-12
9896.9  2.236030E-12
9899.8  2.234522E-12
9902.7  2.230257E-12
9905.6  2.227597E-12
9908.5  2.225260E-12
9911.4  2.217149E-12
9914.3  2.209181E-12
9917.2  2.212154E-12
9920.1  2.219978E-12
9923.  2.222794E-12
9925.9  2.222832E-12
9928.8  2.223864E-12
9931.7  2.226224E-12
9934.6  2.230541E-12
9937.5  2.238594E-12
9940.4  2.249564E-12
9943.3  2.259117E-12
9946.2  2.264644E-12
9949.1  2.265410E-12
9952.  2.262664E-12
9954.9  2.258931E-12
9957.8  2.256198E-12
9960.7  2.255760E-12
9963.6  2.256829E-12
9966.5  2.257833E-12
9969.4  2.256084E-12
9972.3  2.250929E-12
9975.2  2.247772E-12
9978.1  2.248323E-12
9981.  2.247101E-12
9983.9  2.243307E-12
9986.8  2.241172E-12
9989.7  2.240414E-12
9992.6  2.238123E-12
9995.5  2.234813E-12
9998.4  2.232201E-12
10001.3  2.229540E-12
10004.2  2.226248E-12
10007.1  2.226854E-12
10010.  2.232785E-12
10012.9  2.233492E-12
10015.8  2.225609E-12
10018.7  2.221147E-12
10021.6  2.223911E-12
10024.5  2.227702E-12
10027.4  2.230642E-12
10030.3  2.233633E-12
10033.2  2.240979E-12
10036.1  2.257744E-12
10039.  2.283590E-12
10041.9  2.314877E-12
10044.8  2.340683E-12
10047.7  2.352705E-12
10050.6  2.356794E-12
10053.5  2.355748E-12
10056.4  2.342241E-12
10059.3  2.315123E-12
10062.2  2.280413E-12
10065.1  2.247398E-12
10068.  2.228067E-12
10070.9  2.215159E-12
10073.8  2.192628E-12
10076.7  2.170552E-12
10079.6  2.164149E-12
10082.5  2.166856E-12
10085.4  2.170205E-12
10088.3  2.174987E-12
10091.2  2.181919E-12
10094.1  2.190597E-12
10097.  2.199371E-12
10099.9  2.203725E-12
10102.8  2.206555E-12
10105.7  2.217772E-12
10108.6  2.232766E-12
10111.5  2.239317E-12
10114.4  2.239686E-12
10117.3  2.240653E-12
10120.2  2.242605E-12
10123.1  2.244643E-12
10126.  2.245503E-12
10128.9  2.244325E-12
10131.8  2.241963E-12
10134.7  2.239228E-12
10137.6  2.236595E-12
10140.5  2.234502E-12
10143.4  2.233123E-12
10146.3  2.233195E-12
10149.2  2.235659E-12
10152.1  2.238115E-12
10155.  2.237272E-12
10157.9  2.233237E-12
10160.8  2.227400E-12
10163.7  2.221929E-12
10166.6  2.218867E-12
10169.5  2.219155E-12
10172.4  2.222879E-12
10175.3  2.228870E-12
10178.2  2.235669E-12
10181.1  2.242757E-12
10184.  2.243253E-12
10186.9  2.226028E-12
10189.8  2.206990E-12
10192.7  2.211129E-12
10195.6  2.223894E-12
10198.5  2.223796E-12
10201.4  2.216638E-12
10204.3  2.210975E-12
10207.2  2.210936E-12
10210.1  2.215350E-12
10213.  2.210240E-12
10215.9  2.195572E-12
10218.8  2.191109E-12
10221.7  2.198620E-12
10224.6  2.205648E-12
10227.5  2.206548E-12
10230.4  2.199328E-12
10233.3  2.195975E-12
10236.2  2.209045E-12
10239.1  2.220212E-12
10242.  2.213256E-12
10244.9  2.204364E-12
10247.8  2.204806E-12
10250.7  2.204932E-12
10253.6  2.202912E-12
10256.5  2.210854E-12
10259.4  2.221758E-12
10262.3  2.211462E-12
10265.2  2.188567E-12
10268.1  2.178863E-12
10271.  2.184833E-12
10273.9  2.199664E-12
10276.8  2.207874E-12
10279.7  2.198672E-12
10282.6  2.194579E-12
10285.5  2.209493E-12
10288.4  2.221777E-12
10291.3  2.220315E-12
10294.2  2.214771E-12
10297.1  2.210029E-12
10300.  2.206744E-12
10302.9  2.202409E-12
10305.8  2.192333E-12
10308.7  2.181325E-12
10311.6  2.177096E-12
10314.5  2.182168E-12
10317.4  2.195055E-12
10320.3  2.201961E-12
10323.2  2.193709E-12
10326.1  2.179743E-12
10329.  2.169450E-12
10331.9  2.170079E-12
10334.8  2.176944E-12
10337.7  2.169911E-12
10340.6  2.153161E-12
10343.5  2.148586E-12
10346.4  2.151367E-12
10349.3  2.146351E-12
10352.2  2.143208E-12
10355.1  2.153902E-12
10358.  2.166422E-12
10360.9  2.168851E-12
10363.8  2.161033E-12
10366.7  2.148662E-12
10369.6  2.148324E-12
10372.5  2.162304E-12
10375.4  2.171932E-12
10378.3  2.174531E-12
10381.2  2.180943E-12
10384.1  2.183422E-12
10387.  2.167393E-12
10389.9  2.142653E-12
10392.8  2.125017E-12
10395.7  2.119115E-12
10398.6  2.124156E-12
10401.5  2.126529E-12
10404.4  2.119911E-12
10407.3  2.120328E-12
10410.2  2.133745E-12
10413.1  2.149496E-12
10416.  2.161327E-12
10418.9  2.167827E-12
10421.8  2.161588E-12
10424.7  2.134152E-12
10427.6  2.103151E-12
10430.5  2.092428E-12
10433.4  2.100619E-12
10436.3  2.119793E-12
10439.2  2.142790E-12
10442.1  2.163574E-12
10445.  2.182943E-12
10447.9  2.197684E-12
10450.8  2.195370E-12
10453.7  2.180701E-12
10456.6  2.176924E-12
10459.5  2.178117E-12
10462.4  2.160728E-12
10465.3  2.133260E-12
10468.2  2.115080E-12
10471.1  2.107443E-12
10474.  2.106674E-12
10476.9  2.106566E-12
10479.8  2.103441E-12
10482.7  2.104268E-12
10485.6  2.112902E-12
10488.5  2.126151E-12
10491.4  2.139383E-12
10494.3  2.146237E-12
10497.2  2.147702E-12
10500.1  2.150303E-12
10503.  2.155630E-12
10505.9  2.162885E-12
10508.8  2.171189E-12
10511.7  2.179414E-12
10514.6  2.186110E-12
10517.5  2.190938E-12
10520.4  2.197618E-12
10523.3  2.207259E-12
10526.2  2.216222E-12
10529.1  2.216154E-12
10532.  2.193430E-12
10534.9  2.147814E-12
10537.8  2.090079E-12
10540.7  2.041003E-12
10543.6  2.023674E-12
10546.5  2.029494E-12
10549.4  2.040031E-12
10552.3  2.056548E-12
10555.2  2.078529E-12
10558.1  2.086530E-12
10561.  2.069278E-12
10563.9  2.035085E-12
10566.8  1.999287E-12
10569.7  1.986454E-12
10572.6  1.995761E-12
10575.5  2.001072E-12
10578.4  2.007885E-12
10581.3  2.036918E-12
10584.2  2.083540E-12
10587.1  2.132543E-12
10590.  2.146785E-12
10592.9  2.102468E-12
10595.8  2.049812E-12
10598.7  2.030473E-12
10601.6  2.033475E-12
10604.5  2.048934E-12
10607.4  2.072684E-12
10610.3  2.102457E-12
10613.2  2.142410E-12
10616.1  2.169920E-12
10619.  2.148042E-12
10621.9  2.104585E-12
10624.8  2.088237E-12
10627.7  2.089369E-12
10630.6  2.086452E-12
10633.5  2.068941E-12
10636.4  2.038834E-12
10639.3  2.037249E-12
10642.2  2.075994E-12
10645.1  2.104030E-12
10648.  2.106728E-12
10650.9  2.114862E-12
10653.8  2.132102E-12
10656.7  2.144417E-12
10659.6  2.144455E-12
10662.5  2.128259E-12
10665.4  2.103986E-12
10668.3  2.081809E-12
10671.2  2.056040E-12
10674.1  2.023879E-12
10677.  1.997114E-12
10679.9  1.990967E-12
10682.8  2.027341E-12
10685.7  2.099528E-12
10688.6  2.167920E-12
10691.5  2.187747E-12
10694.4  2.112744E-12
10697.3  1.999650E-12
10700.2  1.951548E-12
10703.1  1.959896E-12
10706.  1.980055E-12
10708.9  1.982979E-12
10711.8  1.953315E-12
10714.7  1.927743E-12
10717.6  1.928970E-12
10720.5  1.922303E-12
10723.4  1.910514E-12
10726.3  1.961548E-12
10729.2  2.048683E-12
10732.1  2.058343E-12
10735.  2.010153E-12
10737.9  1.996402E-12
10740.8  2.006698E-12
10743.7  2.001095E-12
10746.6  2.006315E-12
10749.5  2.043972E-12
10752.4  2.055221E-12
10755.3  2.007348E-12
10758.2  1.967123E-12
10761.1  1.955203E-12
10764.  1.896723E-12
10766.9  1.813279E-12
10769.8  1.828028E-12
10772.7  1.921855E-12
10775.6  1.987448E-12
10778.5  2.028155E-12
10781.4  2.084074E-12
10784.3  2.149171E-12
10787.2  2.202354E-12
10790.1  2.163977E-12
10793.  2.015438E-12
10795.9  1.950650E-12
10798.8  2.049126E-12
10801.7  2.142782E-12
10804.6  2.159175E-12
10807.5  2.146717E-12
10810.4  2.126558E-12
10813.3  2.105641E-12
10816.2  2.105941E-12
10819.1  2.146918E-12
10822.  2.187140E-12
10824.9  2.177183E-12
10827.8  2.119768E-12
10830.7  2.034198E-12
10833.6  1.950339E-12
10836.5  1.903403E-12
10839.4  1.939829E-12
10842.3  2.040233E-12
10845.2  2.093809E-12
10848.1  2.099223E-12
10851.  2.148280E-12
10853.9  2.199232E-12
10856.8  2.155000E-12
10859.7  2.065646E-12
10862.6  2.013918E-12
10865.5  2.006668E-12
10868.4  2.019050E-12
10871.3  1.942233E-12
10874.2  1.749876E-12
10877.1  1.641316E-12
10880.  1.684306E-12
10882.9  1.725897E-12
10885.8  1.736822E-12
10888.7  1.800470E-12
10891.6  1.891178E-12
10894.5  1.931108E-12
10897.4  1.908825E-12
10900.3  1.840546E-12
10903.2  1.754962E-12
10906.1  1.682826E-12
10909.  1.644018E-12
10911.9  1.639627E-12
10914.8  1.597973E-12
10917.7  1.566456E-12
10920.6  1.859339E-12
10923.5  2.260402E-12
10926.4  1.967581E-12
10929.3  1.307460E-12
10932.2  1.293074E-12
10935.1  1.651198E-12
10938.  1.669957E-12
10940.9  1.470983E-12
10943.8  1.326182E-12
10946.7  1.280225E-12
10949.6  1.320856E-12
10952.5  1.306442E-12
10955.4  1.182388E-12
10958.3  1.096118E-12
10961.2  1.086191E-12
10964.1  1.058642E-12
10967.  9.876507E-13
10969.9  8.921423E-13
10972.8  8.138125E-13
10975.7  8.005509E-13
10978.6  8.244887E-13
10981.5  8.409768E-13
10984.4  8.560534E-13
10987.3  8.753421E-13
10990.2  8.729448E-13
10993.1  8.428178E-13
10996.  8.232418E-13
10998.9  8.274971E-13
