3050.  2.760247E-13
3052.9  2.805492E-13
3055.8  2.731365E-13
3058.7  2.651165E-13
3061.6  2.720296E-13
3064.5  2.778180E-13
3067.4  2.867080E-13
3070.3  2.780980E-13
3073.2  2.895929E-13
3076.1  2.892411E-13
3079.  2.798964E-13
3081.9  2.889613E-13
3084.8  2.799588E-13
3087.7  2.740445E-13
3090.6  2.738653E-13
3093.5  2.742317E-13
3096.4  2.632352E-13
3099.3  2.536448E-13
3102.2  2.490285E-13
3105.1  2.659772E-13
3108.  2.745275E-13
3110.9  2.886759E-13
3113.8  2.784504E-13
3116.7  2.596958E-13
3119.6  2.583022E-13
3122.5  2.654284E-13
3125.4  2.703207E-13
3128.3  2.689397E-13
3131.2  2.695242E-13
3134.1  2.717739E-13
3137.  2.683923E-13
3139.9  2.728090E-13
3142.8  2.735891E-13
3145.7  2.776303E-13
3148.6  2.757912E-13
3151.5  2.670683E-13
3154.4  2.543954E-13
3157.3  2.487883E-13
3160.2  2.557776E-13
3163.1  2.650356E-13
3166.  2.702709E-13
3168.9  2.771955E-13
3171.8  2.813670E-13
3174.7  2.606984E-13
3177.6  2.521843E-13
3180.5  2.538578E-13
3183.4  2.546610E-13
3186.3  2.466934E-13
3189.2  2.533728E-13
3192.1  2.563267E-13
3195.  2.585566E-13
3197.9  2.672848E-13
3200.8  2.668539E-13
3203.7  2.657822E-13
3206.6  2.566390E-13
3209.5  2.471302E-13
3212.4  2.479991E-13
3215.3  2.507791E-13
3218.2  2.553446E-13
3221.1  2.463698E-13
3224.  2.363319E-13
3226.9  2.340857E-13
3229.8  2.369485E-13
3232.7  2.409974E-13
3235.6  2.455724E-13
3238.5  2.533615E-13
3241.4  2.643911E-13
3244.3  2.600875E-13
3247.2  2.575765E-13
3250.1  2.613453E-13
3253.  2.641318E-13
3255.9  2.742434E-13
3258.8  2.713522E-13
3261.7  2.723654E-13
3264.6  2.675218E-13
3267.5  2.613565E-13
3270.4  2.506274E-13
3273.3  2.519317E-13
3276.2  2.559726E-13
3279.1  2.575858E-13
3282.  2.616979E-13
3284.9  2.711816E-13
3287.8  2.799554E-13
3290.7  2.839987E-13
3293.6  2.816707E-13
3296.5  2.829594E-13
3299.4  2.716125E-13
3302.3  2.709324E-13
3305.2  2.727302E-13
3308.1  2.688795E-13
3311.  2.720280E-13
3313.9  2.660890E-13
3316.8  2.652573E-13
3319.7  2.659115E-13
3322.6  2.687825E-13
3325.5  2.677679E-13
3328.4  2.633691E-13
3331.3  2.571368E-13
3334.2  2.618620E-13
3337.1  2.649764E-13
3340.  2.601200E-13
3342.9  2.550688E-13
3345.8  2.618768E-13
3348.7  2.629530E-13
3351.6  2.623814E-13
3354.5  2.643108E-13
3357.4  2.602914E-13
3360.3  2.539452E-13
3363.2  2.502061E-13
3366.1  2.534985E-13
3369.  2.639257E-13
3371.9  2.591730E-13
3374.8  2.592565E-13
3377.7  2.579043E-13
3380.6  2.608445E-13
3383.5  2.636842E-13
3386.4  2.617559E-13
3389.3  2.496936E-13
3392.2  2.596469E-13
3395.1  2.688793E-13
3398.  2.652399E-13
3400.9  2.551980E-13
3403.8  2.625792E-13
3406.7  2.647432E-13
3409.6  2.663755E-13
3412.5  2.672077E-13
3415.4  2.745453E-13
3418.3  2.708293E-13
3421.2  2.730759E-13
3424.1  2.820085E-13
3427.  2.778912E-13
3429.9  2.693589E-13
3432.8  2.602329E-13
3435.7  2.618968E-13
3438.6  2.574314E-13
3441.5  2.653267E-13
3444.4  2.695413E-13
3447.3  2.721941E-13
3450.2  2.690286E-13
3453.1  2.605296E-13
3456.  2.604138E-13
3458.9  2.632774E-13
3461.8  2.664855E-13
3464.7  2.699879E-13
3467.6  2.670183E-13
3470.5  2.589586E-13
3473.4  2.593717E-13
3476.3  2.662725E-13
3479.2  2.691062E-13
3482.1  2.675828E-13
3485.  2.637872E-13
3487.9  2.599170E-13
3490.8  2.587546E-13
3493.7  2.608798E-13
3496.6  2.701370E-13
3499.5  2.775174E-13
3502.4  2.761472E-13
3505.3  2.705811E-13
3508.2  2.720342E-13
3511.1  2.714924E-13
3514.  2.721783E-13
3516.9  2.715285E-13
3519.8  2.690029E-13
3522.7  2.764835E-13
3525.6  2.764258E-13
3528.5  2.781771E-13
3531.4  2.862416E-13
3534.3  2.848128E-13
3537.2  2.891283E-13
3540.1  2.899897E-13
3543.  2.883021E-13
3545.9  2.911044E-13
3548.8  2.905086E-13
3551.7  2.896892E-13
3554.6  2.870401E-13
3557.5  2.848367E-13
3560.4  2.773396E-13
3563.3  2.639869E-13
3566.2  2.607000E-13
3569.1  2.658855E-13
3572.  2.678147E-13
3574.9  2.628035E-13
3577.8  2.598312E-13
3580.7  2.565975E-13
3583.6  2.552137E-13
3586.5  2.620288E-13
3589.4  2.760314E-13
3592.3  2.825061E-13
3595.2  2.831876E-13
3598.1  2.826872E-13
3601.  2.782369E-13
3603.9  2.731628E-13
3606.8  2.707859E-13
3609.7  2.708756E-13
3612.6  2.684309E-13
3615.5  2.702161E-13
3618.4  2.747620E-13
3621.3  2.840035E-13
3624.2  2.886025E-13
3627.1  2.838908E-13
3630.  2.782353E-13
3632.9  2.834340E-13
3635.8  2.856340E-13
3638.7  2.845156E-13
3641.6  2.804414E-13
3644.5  2.794590E-13
3647.4  2.865256E-13
3650.3  2.985974E-13
3653.2  3.065574E-13
3656.1  3.058156E-13
3659.  2.993443E-13
3661.9  2.952590E-13
3664.8  2.947371E-13
3667.7  2.944767E-13
3670.6  2.938696E-13
3673.5  2.847137E-13
3676.4  2.847818E-13
3679.3  2.870453E-13
3682.2  2.893086E-13
3685.1  2.915721E-13
3688.  2.938355E-13
3690.9  2.960988E-13
3693.8  2.983623E-13
3696.7  3.006256E-13
3699.6  3.028891E-13
3702.5  2.957987E-13
3705.4  2.924282E-13
3708.3  2.959390E-13
3711.2  3.107534E-13
3714.1  3.210241E-13
3717.  3.131483E-13
3719.9  3.098600E-13
3722.8  3.279318E-13
3725.7  3.351367E-13
3728.6  3.160498E-13
3731.5  2.985725E-13
3734.4  3.120996E-13
3737.3  3.406299E-13
3740.2  3.464945E-13
3743.1  3.202788E-13
3746.  2.940364E-13
3748.9  3.023220E-13
3751.8  3.424846E-13
3754.7  3.736356E-13
3757.6  3.803414E-13
3760.5  3.685531E-13
3763.4  3.423827E-13
3766.3  3.138136E-13
3769.2  3.164027E-13
3772.1  3.637196E-13
3775.  4.220440E-13
3777.9  4.685465E-13
3780.8  4.802597E-13
3783.7  4.607625E-13
3786.6  4.288710E-13
3789.5  3.853457E-13
3792.4  3.330661E-13
3795.3  3.012413E-13
3798.2  3.347334E-13
3801.1  3.981264E-13
3804.  4.494670E-13
3806.9  4.793139E-13
3809.8  4.902872E-13
3812.7  4.878570E-13
3815.6  4.847563E-13
3818.5  4.742686E-13
3821.4  4.463858E-13
3824.3  4.043816E-13
3827.2  3.558414E-13
3830.1  3.040064E-13
3833.  2.820983E-13
3835.9  3.095649E-13
3838.8  3.754341E-13
3841.7  4.459921E-13
3844.6  4.991317E-13
3847.5  5.401373E-13
3850.4  5.681115E-13
3853.3  5.716492E-13
3856.2  5.811582E-13
3859.1  5.928208E-13
3862.  6.075191E-13
3864.9  6.039790E-13
3867.8  5.837773E-13
3870.7  5.560740E-13
3873.6  5.276421E-13
3876.5  4.820769E-13
3879.4  4.304603E-13
3882.3  3.670307E-13
3885.2  3.184583E-13
3888.1  3.214834E-13
3891.  3.753965E-13
3893.9  4.332024E-13
3896.8  4.873259E-13
3899.7  5.256323E-13
3902.6  5.574380E-13
3905.5  5.924002E-13
3908.4  6.225123E-13
3911.3  6.254835E-13
3914.2  6.303105E-13
3917.1  6.314911E-13
3920.  6.382977E-13
3922.9  6.008382E-13
3925.8  5.123073E-13
3928.7  4.042967E-13
3931.6  3.600245E-13
3934.5  4.335530E-13
3937.4  5.362163E-13
3940.3  5.940468E-13
3943.2  6.068406E-13
3946.1  6.054187E-13
3949.  5.963649E-13
3951.9  5.753620E-13
3954.8  5.430017E-13
3957.7  4.920426E-13
3960.6  4.166257E-13
3963.5  3.259203E-13
3966.4  2.694859E-13
3969.3  2.942651E-13
3972.2  3.786502E-13
3975.1  4.664981E-13
3978.  5.269290E-13
3980.9  5.667019E-13
3983.8  6.036635E-13
3986.7  6.323026E-13
3989.6  6.566440E-13
3992.5  6.760441E-13
3995.4  6.773179E-13
3998.3  6.797277E-13
4001.2  6.942308E-13
4004.1  7.043524E-13
4007.  7.076792E-13
4009.9  7.056892E-13
4012.8  7.064993E-13
4015.7  7.136082E-13
4018.6  7.136714E-13
4021.5  7.097614E-13
4024.4  7.017038E-13
4027.3  6.856461E-13
4030.2  6.783912E-13
4033.1  6.877910E-13
4036.  6.983486E-13
4038.9  6.958653E-13
4041.8  6.873289E-13
4044.7  6.880443E-13
4047.6  6.846750E-13
4050.5  6.703218E-13
4053.4  6.668181E-13
4056.3  6.686621E-13
4059.2  6.602085E-13
4062.1  6.501999E-13
4065.  6.467493E-13
4067.9  6.361606E-13
4070.8  6.176897E-13
4073.7  5.951149E-13
4076.6  5.792045E-13
4079.5  5.645534E-13
4082.4  5.471338E-13
4085.3  5.248264E-13
4088.2  4.995913E-13
4091.1  4.571876E-13
4094.  3.931274E-13
4096.9  3.342278E-13
4099.8  3.155703E-13
4102.7  3.603440E-13
4105.6  4.244208E-13
4108.5  4.740518E-13
4111.4  5.157194E-13
4114.3  5.506758E-13
4117.2  5.737555E-13
4120.1  5.846696E-13
4123.  5.897191E-13
4125.9  5.935619E-13
4128.8  5.968294E-13
4131.7  6.143796E-13
4134.6  6.455333E-13
4137.5  6.650047E-13
4140.4  6.548406E-13
4143.3  6.432773E-13
4146.2  6.435483E-13
4149.1  6.456481E-13
4152.  6.405677E-13
4154.9  6.426696E-13
4157.8  6.554946E-13
4160.7  6.719389E-13
4163.6  6.798999E-13
4166.5  6.650595E-13
4169.4  6.427574E-13
4172.3  6.307723E-13
4175.2  6.374531E-13
4178.1  6.500913E-13
4181.  6.665652E-13
4183.9  6.739216E-13
4186.8  6.717905E-13
4189.7  6.707558E-13
4192.6  6.598525E-13
4195.5  6.609231E-13
4198.4  6.726328E-13
4201.3  6.835966E-13
4204.2  6.928130E-13
4207.1  6.970125E-13
4210.  6.919412E-13
4212.9  6.827757E-13
4215.8  6.796802E-13
4218.7  6.795489E-13
4221.6  6.591929E-13
4224.5  6.433406E-13
4227.4  6.539039E-13
4230.3  6.631569E-13
4233.2  6.621517E-13
4236.1  6.584249E-13
4239.  6.589730E-13
4241.9  6.616339E-13
4244.8  6.547190E-13
4247.7  6.566449E-13
4250.6  6.681921E-13
4253.5  6.686742E-13
4256.4  6.616166E-13
4259.3  6.601077E-13
4262.2  6.699558E-13
4265.1  6.686414E-13
4268.  6.573165E-13
4270.9  6.474874E-13
4273.8  6.548355E-13
4276.7  6.628229E-13
4279.6  6.486431E-13
4282.5  6.289837E-13
4285.4  6.154080E-13
4288.3  6.025711E-13
4291.2  5.953806E-13
4294.1  5.859277E-13
4297.  5.690610E-13
4299.9  5.600940E-13
4302.8  5.647161E-13
4305.7  5.738148E-13
4308.6  5.710606E-13
4311.5  5.549022E-13
4314.4  5.453177E-13
4317.3  5.470401E-13
4320.2  5.395838E-13
4323.1  5.181802E-13
4326.  4.934154E-13
4328.9  4.613173E-13
4331.8  4.122940E-13
4334.7  3.540899E-13
4337.6  3.105119E-13
4340.5  3.251684E-13
4343.4  3.739219E-13
4346.3  4.231059E-13
4349.2  4.611702E-13
4352.1  4.999348E-13
4355.  5.401931E-13
4357.9  5.655908E-13
4360.8  5.835706E-13
4363.7  5.953617E-13
4366.6  5.993605E-13
4369.5  5.970526E-13
4372.4  5.896520E-13
4375.3  5.917084E-13
4378.2  5.934209E-13
4381.1  5.861630E-13
4384.  5.854395E-13
4386.9  5.988299E-13
4389.8  5.944069E-13
4392.7  5.855962E-13
4395.6  5.838179E-13
4398.5  5.860507E-13
4401.4  5.897033E-13
4404.3  5.959101E-13
4407.2  6.036981E-13
4410.1  6.048842E-13
4413.  5.909123E-13
4415.9  5.835543E-13
4418.8  5.909575E-13
4421.7  6.011501E-13
4424.6  6.103545E-13
4427.5  6.084536E-13
4430.4  6.046439E-13
4433.3  6.057712E-13
4436.2  6.120271E-13
4439.1  6.097035E-13
4442.  6.037428E-13
4444.9  6.059180E-13
4447.8  6.067279E-13
4450.7  5.978131E-13
4453.6  5.837410E-13
4456.5  5.776339E-13
4459.4  5.811416E-13
4462.3  5.900933E-13
4465.2  6.067534E-13
4468.1  6.300480E-13
4471.  6.391093E-13
4473.9  6.263766E-13
4476.8  5.976252E-13
4479.7  5.848348E-13
4482.6  5.890720E-13
4485.5  5.881594E-13
4488.4  5.851952E-13
4491.3  5.934164E-13
4494.2  6.021086E-13
4497.1  6.054678E-13
4500.  6.170294E-13
4502.9  6.294248E-13
4505.8  6.312233E-13
4508.7  6.271746E-13
4511.6  6.166032E-13
4514.5  6.060552E-13
4517.4  6.010969E-13
4520.3  5.960710E-13
4523.2  5.856973E-13
4526.1  5.753960E-13
4529.  5.638431E-13
4531.9  5.644168E-13
4534.8  5.820039E-13
4537.7  5.888260E-13
4540.6  5.907827E-13
4543.5  5.831606E-13
4546.4  5.694105E-13
4549.3  5.666402E-13
4552.2  5.698162E-13
4555.1  5.761457E-13
4558.  5.875344E-13
4560.9  5.885209E-13
4563.8  5.895087E-13
4566.7  5.979262E-13
4569.6  6.014215E-13
4572.5  5.912943E-13
4575.4  5.813184E-13
4578.3  5.685180E-13
4581.2  5.647681E-13
4584.1  5.671619E-13
4587.  5.721316E-13
4589.9  5.758094E-13
4592.8  5.791954E-13
4595.7  5.904240E-13
4598.6  5.866036E-13
4601.5  5.825445E-13
4604.4  5.834348E-13
4607.3  5.858034E-13
4610.2  5.863665E-13
4613.1  5.843652E-13
4616.  5.810932E-13
4618.9  5.814096E-13
4621.8  5.858769E-13
4624.7  5.792745E-13
4627.6  5.728976E-13
4630.5  5.702167E-13
4633.4  5.756664E-13
4636.3  5.782548E-13
4639.2  5.791499E-13
4642.1  5.756820E-13
4645.  5.736369E-13
4647.9  5.745806E-13
4650.8  5.704473E-13
4653.7  5.663788E-13
4656.6  5.702652E-13
4659.5  5.738747E-13
4662.4  5.548391E-13
4665.3  5.457299E-13
4668.2  5.486147E-13
4671.1  5.552825E-13
4674.  5.614949E-13
4676.9  5.659384E-13
4679.8  5.666579E-13
4682.7  5.673950E-13
4685.6  5.783379E-13
4688.5  5.785101E-13
4691.4  5.722576E-13
4694.3  5.613927E-13
4697.2  5.479694E-13
4700.1  5.439908E-13
4703.  5.460405E-13
4705.9  5.506510E-13
4708.8  5.545483E-13
4711.7  5.639763E-13
4714.6  5.736834E-13
4717.5  5.727485E-13
4720.4  5.655059E-13
4723.3  5.650732E-13
4726.2  5.579919E-13
4729.1  5.479543E-13
4732.  5.499796E-13
4734.9  5.546434E-13
4737.8  5.553907E-13
4740.7  5.553546E-13
4743.6  5.526029E-13
4746.5  5.536682E-13
4749.4  5.482526E-13
4752.3  5.394851E-13
4755.2  5.420683E-13
4758.1  5.423778E-13
4761.  5.364752E-13
4763.9  5.345488E-13
4766.8  5.376809E-13
4769.7  5.469074E-13
4772.6  5.476414E-13
4775.5  5.502433E-13
4778.4  5.468937E-13
4781.3  5.416923E-13
4784.2  5.380628E-13
4787.1  5.370766E-13
4790.  5.365441E-13
4792.9  5.391501E-13
4795.8  5.383109E-13
4798.7  5.415139E-13
4801.6  5.365687E-13
4804.5  5.200213E-13
4807.4  5.152951E-13
4810.3  5.220705E-13
4813.2  5.207409E-13
4816.1  5.165957E-13
4819.  5.107267E-13
4821.9  5.020850E-13
4824.8  4.987347E-13
4827.7  4.975639E-13
4830.6  4.945166E-13
4833.5  4.876971E-13
4836.4  4.777953E-13
4839.3  4.685007E-13
4842.2  4.584921E-13
4845.1  4.418893E-13
4848.  4.134828E-13
4850.9  3.792277E-13
4853.8  3.394532E-13
4856.7  2.926630E-13
4859.6  2.595795E-13
4862.5  2.744234E-13
4865.4  3.202201E-13
4868.3  3.604429E-13
4871.2  3.891965E-13
4874.1  4.138077E-13
4877.  4.334051E-13
4879.9  4.451332E-13
4882.8  4.530188E-13
4885.7  4.587420E-13
4888.6  4.610053E-13
4891.5  4.696982E-13
4894.4  4.876178E-13
4897.3  4.954289E-13
4900.2  4.946511E-13
4903.1  4.934658E-13
4906.  4.887692E-13
4908.9  4.855386E-13
4911.8  4.877328E-13
4914.7  4.859895E-13
4917.6  4.787366E-13
4920.5  4.772249E-13
4923.4  4.828134E-13
4926.3  4.920662E-13
4929.2  4.926268E-13
4932.1  4.856829E-13
4935.  4.840019E-13
4937.9  4.928522E-13
4940.8  4.997694E-13
4943.7  4.994449E-13
4946.6  5.037633E-13
4949.5  5.059049E-13
4952.4  4.997848E-13
4955.3  4.955690E-13
4958.2  4.974682E-13
4961.1  5.027942E-13
4964.  5.041013E-13
4966.9  5.009722E-13
4969.8  4.965025E-13
4972.7  4.953693E-13
4975.6  4.973302E-13
4978.5  4.899245E-13
4981.4  4.751094E-13
4984.3  4.797681E-13
4987.2  4.862447E-13
4990.1  4.851617E-13
4993.  4.911302E-13
4995.9  4.903112E-13
4998.8  4.755563E-13
5001.7  4.648974E-13
5004.6  4.624272E-13
5007.5  4.658316E-13
5010.4  4.702675E-13
5013.3  4.736766E-13
5016.2  4.733800E-13
5019.1  4.720411E-13
5022.  4.800848E-13
5024.9  4.861484E-13
5027.8  4.841250E-13
5030.7  4.848522E-13
5033.6  4.844396E-13
5036.5  4.746522E-13
5039.4  4.688074E-13
5042.3  4.788309E-13
5045.2  4.848270E-13
5048.1  4.833592E-13
5051.  4.797519E-13
5053.9  4.771816E-13
5056.8  4.779891E-13
5059.7  4.787463E-13
5062.6  4.767133E-13
5065.5  4.787100E-13
5068.4  4.799272E-13
5071.3  4.827938E-13
5074.2  4.822804E-13
5077.1  4.773440E-13
5080.  4.704129E-13
5082.9  4.744812E-13
5085.8  4.840899E-13
5088.7  4.883320E-13
5091.6  4.870862E-13
5094.5  4.802897E-13
5097.4  4.813373E-13
5100.3  4.835722E-13
5103.2  4.840567E-13
5106.1  4.808790E-13
5109.  4.808508E-13
5111.9  4.840185E-13
5114.8  4.853455E-13
5117.7  4.816851E-13
5120.6  4.735134E-13
5123.5  4.668054E-13
5126.4  4.625026E-13
5129.3  4.591949E-13
5132.2  4.608344E-13
5135.1  4.596117E-13
5138.  4.588307E-13
5140.9  4.590622E-13
5143.8  4.559016E-13
5146.7  4.516060E-13
5149.6  4.468716E-13
5152.5  4.449074E-13
5155.4  4.529720E-13
5158.3  4.596313E-13
5161.2  4.514077E-13
5164.1  4.360561E-13
5167.  4.227136E-13
5169.9  4.218640E-13
5172.8  4.372586E-13
5175.7  4.539009E-13
5178.6  4.530237E-13
5181.5  4.421240E-13
5184.4  4.324016E-13
5187.3  4.332428E-13
5190.2  4.367987E-13
5193.1  4.413802E-13
5196.  4.447238E-13
5198.9  4.454753E-13
5201.8  4.408375E-13
5204.7  4.339498E-13
5207.6  4.369428E-13
5210.5  4.433606E-13
5213.4  4.402028E-13
5216.3  4.394674E-13
5219.2  4.413981E-13
5222.1  4.376094E-13
5225.  4.273149E-13
5227.9  4.269847E-13
5230.8  4.310357E-13
5233.7  4.326564E-13
5236.6  4.390459E-13
5239.5  4.467195E-13
5242.4  4.523906E-13
5245.3  4.530349E-13
5248.2  4.476185E-13
5251.1  4.458777E-13
5254.  4.474479E-13
5256.9  4.463486E-13
5259.8  4.347647E-13
5262.7  4.182123E-13
5265.6  4.094868E-13
5268.5  4.120309E-13
5271.4  4.205724E-13
5274.3  4.260136E-13
5277.2  4.327859E-13
5280.1  4.345557E-13
5283.  4.366873E-13
5285.9  4.450635E-13
5288.8  4.510674E-13
5291.7  4.479398E-13
5294.6  4.469709E-13
5297.5  4.424698E-13
5300.4  4.428560E-13
5303.3  4.458147E-13
5306.2  4.451537E-13
5309.1  4.413621E-13
5312.  4.355091E-13
5314.9  4.302399E-13
5317.8  4.274346E-13
5320.7  4.268229E-13
5323.6  4.193825E-13
5326.5  4.142123E-13
5329.4  4.194723E-13
5332.3  4.286421E-13
5335.2  4.264704E-13
5338.1  4.216895E-13
5341.  4.183250E-13
5343.9  4.251890E-13
5346.8  4.282289E-13
5349.7  4.309385E-13
5352.6  4.364295E-13
5355.5  4.411764E-13
5358.4  4.391822E-13
5361.3  4.271674E-13
5364.2  4.186681E-13
5367.1  4.185968E-13
5370.  4.209073E-13
5372.9  4.235227E-13
5375.8  4.237387E-13
5378.7  4.233599E-13
5381.6  4.256831E-13
5384.5  4.350170E-13
5387.4  4.314787E-13
5390.3  4.259683E-13
5393.2  4.229833E-13
5396.1  4.227469E-13
5399.  4.182422E-13
5401.9  4.076064E-13
5404.8  4.033140E-13
5407.7  4.079825E-13
5410.6  4.099222E-13
5413.5  4.128342E-13
5416.4  4.114333E-13
5419.3  4.088121E-13
5422.2  4.109816E-13
5425.1  4.142671E-13
5428.  4.112185E-13
5430.9  4.109552E-13
5433.8  4.116243E-13
5436.7  4.181886E-13
5439.6  4.281215E-13
5442.5  4.270653E-13
5445.4  4.230168E-13
5448.3  4.230050E-13
5451.2  4.230563E-13
5454.1  4.173913E-13
5457.  4.139069E-13
5459.9  4.106949E-13
5462.8  4.110529E-13
5465.7  4.165923E-13
5468.6  4.162934E-13
5471.5  4.159240E-13
5474.4  4.109079E-13
5477.3  4.050529E-13
5480.2  4.081748E-13
5483.1  4.137459E-13
5486.  4.149173E-13
5488.9  4.147442E-13
5491.8  4.161732E-13
5494.7  4.166491E-13
5497.6  4.159272E-13
5500.5  4.133769E-13
5503.4  4.089116E-13
5506.3  4.054487E-13
5509.2  4.059673E-13
5512.1  4.085108E-13
5515.  4.130610E-13
5517.9  4.169148E-13
5520.8  4.154861E-13
5523.7  4.070262E-13
5526.6  3.992988E-13
5529.5  3.958418E-13
5532.4  3.977031E-13
5535.3  4.036829E-13
5538.2  4.089778E-13
5541.1  4.072377E-13
5544.  4.069230E-13
5546.9  4.095313E-13
5549.8  4.110959E-13
5552.7  4.081831E-13
5555.6  4.085355E-13
5558.5  4.087328E-13
5561.4  4.002780E-13
5564.3  3.979967E-13
5567.2  3.980681E-13
5570.1  3.968858E-13
5573.  3.943332E-13
5575.9  3.950352E-13
5578.8  3.949067E-13
5581.7  3.942180E-13
5584.6  3.910298E-13
5587.5  3.822316E-13
5590.4  3.856879E-13
5593.3  3.921096E-13
5596.2  3.929779E-13
5599.1  3.918053E-13
5602.  3.928961E-13
5604.9  3.988954E-13
5607.8  4.019637E-13
5610.7  4.041582E-13
5613.6  4.027111E-13
5616.5  3.990620E-13
5619.4  3.982271E-13
5622.3  3.970951E-13
5625.2  3.966701E-13
5628.1  3.980230E-13
5631.  3.973642E-13
5633.9  3.931841E-13
5636.8  3.881510E-13
5639.7  3.883940E-13
5642.6  3.894066E-13
5645.5  3.870754E-13
5648.4  3.868829E-13
5651.3  3.858629E-13
5654.2  3.787263E-13
5657.1  3.758840E-13
5660.  3.761552E-13
5662.9  3.781754E-13
5665.8  3.827487E-13
5668.7  3.893020E-13
5671.6  3.902330E-13
5674.5  3.899584E-13
5677.4  3.881553E-13
5680.3  3.859950E-13
5683.2  3.849626E-13
5686.1  3.850832E-13
5689.  3.853848E-13
5691.9  3.862015E-13
5694.8  3.865021E-13
5697.7  3.870446E-13
5700.6  3.848330E-13
5703.5  3.833938E-13
5706.4  3.805687E-13
5709.3  3.759079E-13
5712.2  3.814931E-13
5715.1  3.838190E-13
5718.  3.832608E-13
5720.9  3.842099E-13
5723.8  3.840201E-13
5726.7  3.864730E-13
5729.6  3.866238E-13
5732.5  3.866069E-13
5735.4  3.862241E-13
5738.3  3.822845E-13
5741.2  3.827309E-13
5744.1  3.814909E-13
5747.  3.772283E-13
5749.9  3.757818E-13
5752.8  3.763817E-13
5755.7  3.761284E-13
5758.6  3.776080E-13
5761.5  3.785823E-13
5764.4  3.762910E-13
5767.3  3.744428E-13
5770.2  3.767402E-13
5773.1  3.782447E-13
5776.  3.768891E-13
5778.9  3.732964E-13
5781.8  3.712314E-13
5784.7  3.746713E-13
5787.6  3.774574E-13
5790.5  3.781093E-13
5793.4  3.765526E-13
5796.3  3.681694E-13
5799.2  3.673159E-13
5802.1  3.677973E-13
5805.  3.684538E-13
5807.9  3.669980E-13
5810.8  3.656001E-13
5813.7  3.641314E-13
5816.6  3.644136E-13
5819.5  3.661878E-13
5822.4  3.669264E-13
5825.3  3.667816E-13
5828.2  3.658401E-13
5831.1  3.653299E-13
5834.  3.656839E-13
5836.9  3.658133E-13
5839.8  3.652098E-13
5842.7  3.648537E-13
5845.6  3.659811E-13
5848.5  3.654460E-13
5851.4  3.611794E-13
5854.3  3.560953E-13
5857.2  3.538615E-13
5860.1  3.547001E-13
5863.  3.555750E-13
5865.9  3.573930E-13
5868.8  3.602293E-13
5871.7  3.646606E-13
5874.6  3.684489E-13
5877.5  3.657017E-13
5880.4  3.592417E-13
5883.3  3.548025E-13
5886.2  3.480510E-13
5889.1  3.422460E-13
5892.  3.411197E-13
5894.9  3.420658E-13
5897.8  3.457422E-13
5900.7  3.500213E-13
5903.6  3.496097E-13
5906.5  3.468150E-13
5909.4  3.477737E-13
5912.3  3.512881E-13
5915.2  3.534808E-13
5918.1  3.528318E-13
5921.  3.516635E-13
5923.9  3.494062E-13
5926.8  3.468093E-13
5929.7  3.454836E-13
5932.6  3.469417E-13
5935.5  3.486997E-13
5938.4  3.507257E-13
5941.3  3.530817E-13
5944.2  3.532504E-13
5947.1  3.515580E-13
5950.  3.494317E-13
5952.9  3.478277E-13
5955.8  3.464747E-13
5958.7  3.475650E-13
5961.6  3.475575E-13
5964.5  3.470722E-13
5967.4  3.479386E-13
5970.3  3.489587E-13
5973.2  3.489275E-13
5976.1  3.490791E-13
5979.  3.477063E-13
5981.9  3.441397E-13
5984.8  3.422213E-13
5987.7  3.437842E-13
5990.6  3.444415E-13
5993.5  3.436954E-13
5996.4  3.429121E-13
5999.3  3.400642E-13
6002.2  3.385480E-13
6005.1  3.362124E-13
6008.  3.353183E-13
6010.9  3.350697E-13
6013.8  3.356707E-13
6016.7  3.371245E-13
6019.6  3.358892E-13
6022.5  3.351015E-13
6025.4  3.362778E-13
6028.3  3.389147E-13
6031.2  3.417461E-13
6034.1  3.419327E-13
6037.  3.410563E-13
6039.9  3.421497E-13
6042.8  3.402526E-13
6045.7  3.388291E-13
6048.6  3.383508E-13
6051.5  3.353431E-13
6054.4  3.357127E-13
6057.3  3.367963E-13
6060.2  3.371419E-13
6063.1  3.367589E-13
6066.  3.366947E-13
6068.9  3.362828E-13
6071.8  3.343616E-13
6074.7  3.320508E-13
6077.6  3.338624E-13
6080.5  3.335371E-13
6083.4  3.321226E-13
6086.3  3.317884E-13
6089.2  3.301115E-13
6092.1  3.284463E-13
6095.  3.264997E-13
6097.9  3.232918E-13
6100.8  3.223598E-13
6103.7  3.248993E-13
6106.6  3.262911E-13
6109.5  3.273113E-13
6112.4  3.268337E-13
6115.3  3.243502E-13
6118.2  3.225213E-13
6121.1  3.220249E-13
6124.  3.238144E-13
6126.9  3.260416E-13
6129.8  3.248562E-13
6132.7  3.204335E-13
6135.6  3.174732E-13
6138.5  3.174224E-13
6141.4  3.189292E-13
6144.3  3.179109E-13
6147.2  3.167529E-13
6150.1  3.178605E-13
6153.  3.156901E-13
6155.9  3.123224E-13
6158.8  3.100922E-13
6161.7  3.106958E-13
6164.6  3.140090E-13
6167.5  3.154056E-13
6170.4  3.154167E-13
6173.3  3.147830E-13
6176.2  3.156100E-13
6179.1  3.180312E-13
6182.  3.173713E-13
6184.9  3.142781E-13
6187.8  3.140858E-13
6190.7  3.151920E-13
6193.6  3.152635E-13
6196.5  3.147706E-13
6199.4  3.134693E-13
6202.3  3.131165E-13
6205.2  3.146763E-13
6208.1  3.159439E-13
6211.  3.158548E-13
6213.9  3.147219E-13
6216.8  3.139106E-13
6219.7  3.129155E-13
6222.6  3.111638E-13
6225.5  3.090728E-13
6228.4  3.085809E-13
6231.3  3.093090E-13
6234.2  3.072055E-13
6237.1  3.054546E-13
6240.  3.048117E-13
6242.9  3.030859E-13
6245.8  3.038829E-13
6248.7  3.046575E-13
6251.6  3.038059E-13
6254.5  3.026643E-13
6257.4  3.028699E-13
6260.3  3.059158E-13
6263.2  3.085574E-13
6266.1  3.081711E-13
6269.  3.081877E-13
6271.9  3.091034E-13
6274.8  3.091179E-13
6277.7  3.077558E-13
6280.6  3.062006E-13
6283.5  3.066277E-13
6286.4  3.054712E-13
6289.3  3.029948E-13
6292.2  3.014644E-13
6295.1  3.018024E-13
6298.  3.024850E-13
6300.9  3.028092E-13
6303.8  3.019457E-13
6306.7  3.019421E-13
6309.6  3.040741E-13
6312.5  3.034074E-13
6315.4  3.030539E-13
6318.3  3.029708E-13
6321.2  3.019388E-13
6324.1  3.021304E-13
6327.  3.021896E-13
6329.9  2.993764E-13
6332.8  2.969953E-13
6335.7  2.976936E-13
6338.6  2.976491E-13
6341.5  2.945323E-13
6344.4  2.939257E-13
6347.3  2.963504E-13
6350.2  2.985588E-13
6353.1  2.970753E-13
6356.  2.956419E-13
6358.9  2.944497E-13
6361.8  2.952544E-13
6364.7  2.964349E-13
6367.6  2.965724E-13
6370.5  2.956763E-13
6373.4  2.966839E-13
6376.3  2.977238E-13
6379.2  2.986790E-13
6382.1  2.982839E-13
6385.  2.967069E-13
6387.9  2.943447E-13
6390.8  2.932970E-13
6393.7  2.926259E-13
6396.6  2.920310E-13
6399.5  2.916493E-13
6402.4  2.918215E-13
6405.3  2.905247E-13
6408.2  2.882879E-13
6411.1  2.886192E-13
6414.  2.898045E-13
6416.9  2.884177E-13
6419.8  2.880515E-13
6422.7  2.891497E-13
6425.6  2.898718E-13
6428.5  2.898683E-13
6431.4  2.887825E-13
6434.3  2.877819E-13
6437.2  2.869661E-13
6440.1  2.843300E-13
6443.  2.825147E-13
6445.9  2.841232E-13
6448.8  2.842351E-13
6451.7  2.839824E-13
6454.6  2.806897E-13
6457.5  2.796522E-13
6460.4  2.803106E-13
6463.3  2.809348E-13
6466.2  2.819724E-13
6469.1  2.836355E-13
6472.  2.857790E-13
6474.9  2.869638E-13
6477.8  2.860899E-13
6480.7  2.851741E-13
6483.6  2.805352E-13
6486.5  2.783019E-13
6489.4  2.759340E-13
6492.3  2.739678E-13
6495.2  2.728030E-13
6498.1  2.725378E-13
6501.  2.731751E-13
6503.9  2.746845E-13
6506.8  2.760107E-13
6509.7  2.756751E-13
6512.6  2.742763E-13
6515.5  2.730904E-13
6518.4  2.725366E-13
6521.3  2.725829E-13
6524.2  2.720415E-13
6527.1  2.701450E-13
6530.  2.677668E-13
6532.9  2.654025E-13
6535.8  2.627535E-13
6538.7  2.594269E-13
6541.6  2.549080E-13
6544.5  2.488453E-13
6547.4  2.411364E-13
6550.3  2.312004E-13
6553.2  2.187719E-13
6556.1  2.055071E-13
6559.  1.940054E-13
6561.9  1.888041E-13
6564.8  1.926287E-13
6567.7  2.029248E-13
6570.6  2.161819E-13
6573.5  2.285671E-13
6576.4  2.379555E-13
6579.3  2.446522E-13
6582.2  2.489987E-13
6585.1  2.514405E-13
6588.  2.530500E-13
6590.9  2.549994E-13
6593.8  2.574732E-13
6596.7  2.602204E-13
6599.6  2.626932E-13
6602.5  2.644318E-13
6605.4  2.655745E-13
6608.3  2.663681E-13
6611.2  2.671460E-13
6614.1  2.679438E-13
6617.  2.683647E-13
6619.9  2.683054E-13
6622.8  2.679326E-13
6625.7  2.672863E-13
6628.6  2.663853E-13
6631.5  2.657953E-13
6634.4  2.660796E-13
6637.3  2.669347E-13
6640.2  2.678411E-13
6643.1  2.681138E-13
6646.  2.676154E-13
6648.9  2.676484E-13
6651.8  2.684555E-13
6654.7  2.685722E-13
6657.6  2.676179E-13
6660.5  2.661607E-13
6663.4  2.652517E-13
6666.3  2.661064E-13
6669.2  2.679955E-13
6672.1  2.695216E-13
6675.  2.702703E-13
6677.9  2.701304E-13
6680.8  2.692584E-13
6683.7  2.679231E-13
6686.6  2.663497E-13
6689.5  2.648080E-13
6692.4  2.635939E-13
6695.3  2.628444E-13
6698.2  2.625302E-13
6701.1  2.624514E-13
6704.  2.623048E-13
6706.9  2.620323E-13
6709.8  2.616906E-13
6712.7  2.611226E-13
6715.6  2.602569E-13
6718.5  2.596072E-13
6721.4  2.595647E-13
6724.3  2.599180E-13
6727.2  2.604268E-13
6730.1  2.609478E-13
6733.  2.612318E-13
6735.9  2.609299E-13
6738.8  2.602078E-13
6741.7  2.596106E-13
6744.6  2.592468E-13
6747.5  2.590292E-13
6750.4  2.592420E-13
6753.3  2.601078E-13
6756.2  2.612251E-13
6759.1  2.620879E-13
6762.  2.622514E-13
6764.9  2.615496E-13
6767.8  2.603535E-13
6770.7  2.590068E-13
6773.6  2.577530E-13
6776.5  2.566623E-13
6779.4  2.556029E-13
6782.3  2.548926E-13
6785.2  2.549897E-13
6788.1  2.551957E-13
6791.  2.546298E-13
6793.9  2.534595E-13
6796.8  2.521835E-13
6799.7  2.518016E-13
6802.6  2.526320E-13
6805.5  2.531885E-13
6808.4  2.528687E-13
6811.3  2.526077E-13
6814.2  2.525432E-13
6817.1  2.520881E-13
6820.  2.515441E-13
6822.9  2.516332E-13
6825.8  2.520680E-13
6828.7  2.522643E-13
6831.6  2.524714E-13
6834.5  2.528918E-13
6837.4  2.525733E-13
6840.3  2.511761E-13
6843.2  2.503543E-13
6846.1  2.507662E-13
6849.  2.510362E-13
6851.9  2.512959E-13
6854.8  2.532705E-13
6857.7  2.559724E-13
6860.6  2.569220E-13
6863.5  2.546906E-13
6866.4  2.488675E-13
6869.3  2.433983E-13
6872.2  2.423407E-13
6875.1  2.449521E-13
6878.  2.492259E-13
6880.9  2.520955E-13
6883.8  2.519985E-13
6886.7  2.506017E-13
6889.6  2.492247E-13
6892.5  2.485785E-13
6895.4  2.486568E-13
6898.3  2.488216E-13
6901.2  2.485522E-13
6904.1  2.474887E-13
6907.  2.464227E-13
6909.9  2.462679E-13
6912.8  2.465680E-13
6915.7  2.467705E-13
6918.6  2.469272E-13
6921.5  2.469678E-13
6924.4  2.465027E-13
6927.3  2.454825E-13
6930.2  2.443266E-13
6933.1  2.431215E-13
6936.  2.416442E-13
6938.9  2.404895E-13
6941.8  2.405399E-13
6944.7  2.408746E-13
6947.6  2.402809E-13
6950.5  2.396168E-13
6953.4  2.398019E-13
6956.3  2.405213E-13
6959.2  2.412864E-13
6962.1  2.414597E-13
6965.  2.408987E-13
6967.9  2.402594E-13
6970.8  2.398380E-13
6973.7  2.395725E-13
6976.6  2.394103E-13
6979.5  2.392723E-13
6982.4  2.391508E-13
6985.3  2.390619E-13
6988.2  2.388931E-13
6991.1  2.385829E-13
6994.  2.384495E-13
6996.9  2.386227E-13
6999.8  2.385619E-13
7002.7  2.381305E-13
7005.6  2.379667E-13
7008.5  2.380890E-13
7011.4  2.378888E-13
7014.3  2.371843E-13
7017.2  2.360847E-13
7020.1  2.350848E-13
7023.  2.347606E-13
7025.9  2.353638E-13
7028.8  2.367585E-13
7031.7  2.373787E-13
7034.6  2.362975E-13
7037.5  2.351872E-13
7040.4  2.349855E-13
7043.3  2.347677E-13
7046.2  2.343306E-13
7049.1  2.343751E-13
7052.  2.345687E-13
7054.9  2.338883E-13
7057.8  2.330518E-13
7060.7  2.333863E-13
7063.6  2.340347E-13
7066.5  2.338041E-13
7069.4  2.332113E-13
7072.3  2.328332E-13
7075.2  2.325070E-13
7078.1  2.320683E-13
7081.  2.314151E-13
7083.9  2.305736E-13
7086.8  2.297219E-13
7089.7  2.291678E-13
7092.6  2.293215E-13
7095.5  2.296765E-13
7098.4  2.293190E-13
7101.3  2.287768E-13
7104.2  2.288378E-13
7107.1  2.286467E-13
7110.  2.274971E-13
7112.9  2.264180E-13
7115.8  2.260973E-13
7118.7  2.259699E-13
7121.6  2.257868E-13
7124.5  2.258340E-13
7127.4  2.261287E-13
7130.3  2.264853E-13
7133.2  2.267257E-13
7136.1  2.266822E-13
7139.  2.266479E-13
7141.9  2.269998E-13
7144.8  2.271914E-13
7147.7  2.267634E-13
7150.6  2.266063E-13
7153.5  2.272526E-13
7156.4  2.278570E-13
7159.3  2.279345E-13
7162.2  2.276786E-13
7165.1  2.274755E-13
7168.  2.279833E-13
7170.9  2.285955E-13
7173.8  2.279256E-13
7176.7  2.265946E-13
7179.6  2.258986E-13
7182.5  2.250551E-13
7185.4  2.232526E-13
7188.3  2.222134E-13
7191.2  2.230565E-13
7194.1  2.242089E-13
7197.  2.244384E-13
7199.9  2.234023E-13
7202.8  2.218473E-13
7205.7  2.219122E-13
7208.6  2.231347E-13
7211.5  2.232013E-13
7214.4  2.219879E-13
7217.3  2.203817E-13
7220.2  2.194243E-13
7223.1  2.199414E-13
7226.  2.211965E-13
7228.9  2.222557E-13
7231.8  2.226026E-13
7234.7  2.222149E-13
7237.6  2.220582E-13
7240.5  2.225443E-13
7243.4  2.232547E-13
7246.3  2.237954E-13
7249.2  2.238100E-13
7252.1  2.231823E-13
7255.  2.219961E-13
7257.9  2.209378E-13
7260.8  2.207052E-13
7263.7  2.208778E-13
7266.6  2.208673E-13
7269.5  2.203565E-13
7272.4  2.193420E-13
7275.3  2.184979E-13
7278.2  2.181683E-13
7281.1  2.182032E-13
7284.  2.180003E-13
7286.9  2.165098E-13
7289.8  2.146192E-13
7292.7  2.142154E-13
7295.6  2.149240E-13
7298.5  2.156063E-13
7301.4  2.158170E-13
7304.3  2.154010E-13
7307.2  2.149301E-13
7310.1  2.148192E-13
7313.  2.146425E-13
7315.9  2.142887E-13
7318.8  2.142582E-13
7321.7  2.145899E-13
7324.6  2.148618E-13
7327.5  2.148531E-13
7330.4  2.144866E-13
7333.3  2.138672E-13
7336.2  2.131911E-13
7339.1  2.126725E-13
7342.  2.124372E-13
7344.9  2.120995E-13
7347.8  2.114564E-13
7350.7  2.111433E-13
7353.6  2.114017E-13
7356.5  2.116494E-13
7359.4  2.115404E-13
7362.3  2.109995E-13
7365.2  2.103552E-13
7368.1  2.102303E-13
7371.  2.104133E-13
7373.9  2.103424E-13
7376.8  2.100378E-13
7379.7  2.096690E-13
7382.6  2.092657E-13
7385.5  2.088826E-13
7388.4  2.087014E-13
7391.3  2.087522E-13
7394.2  2.087424E-13
7397.1  2.085235E-13
7400.  2.081868E-13
7402.9  2.076546E-13
7405.8  2.067351E-13
7408.7  2.056284E-13
7411.6  2.047154E-13
7414.5  2.042081E-13
7417.4  2.042021E-13
7420.3  2.043778E-13
7423.2  2.045034E-13
7426.1  2.052051E-13
7429.  2.066371E-13
7431.9  2.076582E-13
7434.8  2.077148E-13
7437.7  2.072144E-13
7440.6  2.065035E-13
7443.5  2.058801E-13
7446.4  2.054380E-13
7449.3  2.051116E-13
7452.2  2.048723E-13
7455.1  2.046886E-13
7458.  2.045663E-13
7460.9  2.044819E-13
7463.8  2.042006E-13
7466.7  2.036391E-13
7469.6  2.031626E-13
7472.5  2.029833E-13
7475.4  2.030133E-13
7478.3  2.031194E-13
7481.2  2.031040E-13
7484.1  2.030153E-13
7487.  2.030712E-13
7489.9  2.029346E-13
7492.8  2.021493E-13
7495.7  2.012088E-13
7498.6  2.006852E-13
7501.5  2.003308E-13
7504.4  1.998574E-13
7507.3  1.991673E-13
7510.2  1.983973E-13
7513.1  1.981015E-13
7516.  1.985157E-13
7518.9  1.994961E-13
7521.8  2.005291E-13
7524.7  2.008666E-13
7527.6  2.005223E-13
7530.5  1.998950E-13
7533.4  1.992867E-13
7536.3  1.989234E-13
7539.2  1.986686E-13
7542.1  1.983631E-13
7545.  1.980387E-13
7547.9  1.977780E-13
7550.8  1.977633E-13
7553.7  1.980018E-13
7556.6  1.982345E-13
7559.5  1.984559E-13
7562.4  1.988840E-13
7565.3  1.991515E-13
7568.2  1.986771E-13
7571.1  1.978511E-13
7574.  1.972948E-13
7576.9  1.969840E-13
7579.8  1.967818E-13
7582.7  1.966178E-13
7585.6  1.964342E-13
7588.5  1.962444E-13
7591.4  1.960583E-13
7594.3  1.958721E-13
7597.2  1.956860E-13
7600.1  1.954999E-13
7603.  1.953138E-13
7605.9  1.951277E-13
7608.8  1.949416E-13
7611.7  1.947555E-13
7614.6  1.945694E-13
7617.5  1.943833E-13
7620.4  1.941972E-13
7623.3  1.940111E-13
7626.2  1.938229E-13
7629.1  1.936356E-13
7632.  1.934763E-13
7634.9  1.932901E-13
7637.8  1.929059E-13
7640.7  1.925413E-13
7643.6  1.926388E-13
7646.5  1.926750E-13
7649.4  1.918711E-13
7652.3  1.905498E-13
7655.2  1.892939E-13
7658.1  1.884384E-13
7661.  1.881996E-13
7663.9  1.885596E-13
7666.8  1.893245E-13
7669.7  1.900430E-13
7672.6  1.906073E-13
7675.5  1.914185E-13
7678.4  1.919326E-13
7681.3  1.910146E-13
7684.2  1.890419E-13
7687.1  1.870774E-13
7690.  1.859364E-13
7692.9  1.861271E-13
7695.8  1.870503E-13
7698.7  1.879458E-13
7701.6  1.884664E-13
7704.5  1.884008E-13
7707.4  1.876886E-13
7710.3  1.867511E-13
7713.2  1.865834E-13
7716.1  1.872684E-13
7719.  1.881251E-13
7721.9  1.886095E-13
7724.8  1.883134E-13
7727.7  1.874927E-13
7730.6  1.866469E-13
7733.5  1.861875E-13
7736.4  1.863111E-13
7739.3  1.865311E-13
7742.2  1.864190E-13
7745.1  1.858775E-13
7748.  1.851332E-13
7750.9  1.848747E-13
7753.8  1.851994E-13
7756.7  1.856412E-13
7759.6  1.856438E-13
7762.5  1.846809E-13
7765.4  1.826973E-13
7768.3  1.800017E-13
7771.2  1.776786E-13
7774.1  1.767790E-13
7777.  1.776165E-13
7779.9  1.798911E-13
7782.8  1.822436E-13
7785.7  1.836438E-13
7788.6  1.838019E-13
7791.5  1.831000E-13
7794.4  1.826284E-13
7797.3  1.826318E-13
7800.2  1.827456E-13
7803.1  1.830838E-13
7806.  1.838362E-13
7808.9  1.843527E-13
7811.8  1.840281E-13
7814.7  1.834093E-13
7817.6  1.830566E-13
7820.5  1.830730E-13
7823.4  1.832661E-13
7826.3  1.828918E-13
7829.2  1.819197E-13
7832.1  1.811938E-13
7835.  1.809903E-13
7837.9  1.811762E-13
7840.8  1.813511E-13
7843.7  1.810344E-13
7846.6  1.805941E-13
7849.5  1.805260E-13
7852.4  1.805443E-13
7855.3  1.803468E-13
7858.2  1.799813E-13
7861.1  1.795754E-13
7864.  1.793674E-13
7866.9  1.794484E-13
7869.8  1.797399E-13
7872.7  1.798615E-13
7875.6  1.792060E-13
7878.5  1.782246E-13
7881.4  1.778449E-13
7884.3  1.781695E-13
7887.2  1.789461E-13
7890.1  1.793826E-13
7893.  1.789238E-13
7895.9  1.784473E-13
7898.8  1.785061E-13
7901.7  1.784777E-13
7904.6  1.780044E-13
7907.5  1.771174E-13
7910.4  1.762328E-13
7913.3  1.761664E-13
7916.2  1.764549E-13
7919.1  1.759467E-13
7922.  1.751205E-13
7924.9  1.748881E-13
7927.8  1.746424E-13
7930.7  1.737913E-13
7933.6  1.733385E-13
7936.5  1.738030E-13
7939.4  1.737892E-13
7942.3  1.730323E-13
7945.2  1.734225E-13
7948.1  1.749811E-13
7951.  1.757978E-13
7953.9  1.754648E-13
7956.8  1.745204E-13
7959.7  1.737839E-13
7962.6  1.740723E-13
7965.5  1.747933E-13
7968.4  1.751014E-13
7971.3  1.748512E-13
7974.2  1.741768E-13
7977.1  1.737914E-13
7980.  1.739410E-13
7982.9  1.738423E-13
7985.8  1.732426E-13
7988.7  1.725416E-13
7991.6  1.720118E-13
7994.5  1.718312E-13
7997.4  1.720413E-13
8000.3  1.725658E-13
8003.2  1.729589E-13
8006.1  1.728090E-13
8009.  1.724924E-13
8011.9  1.723913E-13
8014.8  1.723936E-13
8017.7  1.723765E-13
8020.6  1.722877E-13
8023.5  1.720540E-13
8026.4  1.715652E-13
8029.3  1.710235E-13
8032.2  1.708793E-13
8035.1  1.709200E-13
8038.  1.706312E-13
8040.9  1.700919E-13
8043.8  1.695598E-13
8046.7  1.691377E-13
8049.6  1.688999E-13
8052.5  1.689049E-13
8055.4  1.691255E-13
8058.3  1.694049E-13
8061.2  1.695617E-13
8064.1  1.693617E-13
8067.  1.690117E-13
8069.9  1.691262E-13
8072.8  1.695154E-13
8075.7  1.695605E-13
8078.6  1.690957E-13
8081.5  1.681899E-13
8084.4  1.672941E-13
8087.3  1.668718E-13
8090.2  1.670473E-13
8093.1  1.677028E-13
8096.  1.683125E-13
8098.9  1.684739E-13
8101.8  1.680385E-13
8104.7  1.673141E-13
8107.6  1.670802E-13
8110.5  1.673801E-13
8113.4  1.677686E-13
8116.3  1.680308E-13
8119.2  1.680584E-13
8122.1  1.681683E-13
8125.  1.686295E-13
8127.9  1.687339E-13
8130.8  1.680786E-13
8133.7  1.675678E-13
8136.6  1.677532E-13
8139.5  1.684173E-13
8142.4  1.690360E-13
8145.3  1.686834E-13
8148.2  1.677298E-13
8151.1  1.674673E-13
8154.  1.678008E-13
8156.9  1.680425E-13
8159.8  1.674624E-13
8162.7  1.656692E-13
8165.6  1.646411E-13
8168.5  1.656757E-13
8171.4  1.662508E-13
8174.3  1.649849E-13
8177.2  1.636422E-13
8180.1  1.631339E-13
8183.  1.631872E-13
8185.9  1.632797E-13
8188.8  1.626430E-13
8191.7  1.613712E-13
8194.6  1.600404E-13
8197.5  1.592531E-13
8200.4  1.594555E-13
8203.3  1.601463E-13
8206.2  1.606934E-13
8209.1  1.607280E-13
8212.  1.603373E-13
8214.9  1.607267E-13
8217.8  1.619801E-13
8220.7  1.624331E-13
8223.6  1.615058E-13
8226.5  1.595631E-13
8229.4  1.580308E-13
8232.3  1.587974E-13
8235.2  1.604971E-13
8238.1  1.608483E-13
8241.  1.602107E-13
8243.9  1.594447E-13
8246.8  1.589507E-13
8249.7  1.589144E-13
8252.6  1.588946E-13
8255.5  1.587228E-13
8258.4  1.588028E-13
8261.3  1.592232E-13
8264.2  1.597624E-13
8267.1  1.601392E-13
8270.  1.600684E-13
8272.9  1.595058E-13
8275.8  1.585765E-13
8278.7  1.580747E-13
8281.6  1.586182E-13
8284.5  1.590792E-13
8287.4  1.586059E-13
8290.3  1.579826E-13
8293.2  1.577894E-13
8296.1  1.580709E-13
8299.  1.584736E-13
8301.9  1.580988E-13
8304.8  1.572672E-13
8307.7  1.571607E-13
8310.6  1.576097E-13
8313.5  1.578627E-13
8316.4  1.575242E-13
8319.3  1.564236E-13
8322.2  1.550123E-13
8325.1  1.538155E-13
8328.  1.531485E-13
8330.9  1.530180E-13
8333.8  1.527465E-13
8336.7  1.523503E-13
8339.6  1.529209E-13
8342.5  1.540225E-13
8345.4  1.540136E-13
8348.3  1.531732E-13
8351.2  1.526878E-13
8354.1  1.527355E-13
8357.  1.531365E-13
8359.9  1.532959E-13
8362.8  1.528083E-13
8365.7  1.524459E-13
8368.6  1.527090E-13
8371.5  1.531815E-13
8374.4  1.534092E-13
8377.3  1.529278E-13
8380.2  1.517883E-13
8383.1  1.505605E-13
8386.  1.495126E-13
8388.9  1.487195E-13
8391.8  1.484557E-13
8394.7  1.489260E-13
8397.6  1.497394E-13
8400.5  1.503802E-13
8403.4  1.503866E-13
8406.3  1.496430E-13
8409.2  1.488258E-13
8412.1  1.484857E-13
8415.  1.488502E-13
8417.9  1.496634E-13
8420.8  1.501703E-13
8423.7  1.500465E-13
8426.6  1.493039E-13
8429.5  1.482291E-13
8432.4  1.472224E-13
8435.3  1.465094E-13
8438.2  1.461571E-13
8441.1  1.456420E-13
8444.  1.447250E-13
8446.9  1.443490E-13
8449.8  1.449385E-13
8452.7  1.458423E-13
8455.6  1.464283E-13
8458.5  1.461534E-13
8461.4  1.450166E-13
8464.3  1.434402E-13
8467.2  1.424551E-13
8470.1  1.431614E-13
8473.  1.446691E-13
8475.9  1.456803E-13
8478.8  1.463028E-13
8481.7  1.467563E-13
8484.6  1.469627E-13
8487.5  1.466410E-13
8490.4  1.449938E-13
8493.3  1.421026E-13
8496.2  1.391463E-13
8499.1  1.372373E-13
8502.  1.373432E-13
8504.9  1.389744E-13
8507.8  1.408550E-13
8510.7  1.425403E-13
8513.6  1.438940E-13
8516.5  1.449060E-13
8519.4  1.456542E-13
8522.3  1.463409E-13
8525.2  1.468405E-13
8528.1  1.463369E-13
8531.  1.441049E-13
8533.9  1.396088E-13
8536.8  1.335753E-13
8539.7  1.277632E-13
8542.6  1.245264E-13
8545.5  1.261548E-13
8548.4  1.309494E-13
8551.3  1.358274E-13
8554.2  1.396549E-13
8557.1  1.420692E-13
8560.  1.441358E-13
8562.9  1.465316E-13
8565.8  1.479659E-13
8568.7  1.479562E-13
8571.6  1.475362E-13
8574.5  1.470808E-13
8577.4  1.462582E-13
8580.3  1.452014E-13
8583.2  1.442881E-13
8586.1  1.432028E-13
8589.  1.414692E-13
8591.9  1.394782E-13
8594.8  1.378028E-13
8597.7  1.366815E-13
8600.6  1.363117E-13
8603.5  1.369900E-13
8606.4  1.386063E-13
8609.3  1.403805E-13
8612.2  1.418639E-13
8615.1  1.429990E-13
8618.  1.441888E-13
8620.9  1.461793E-13
8623.8  1.481060E-13
8626.7  1.485479E-13
8629.6  1.481447E-13
8632.5  1.479718E-13
8635.4  1.482798E-13
8638.3  1.488869E-13
8641.2  1.485760E-13
8644.1  1.467338E-13
8647.  1.444008E-13
8649.9  1.417042E-13
8652.8  1.375122E-13
8655.7  1.319037E-13
8658.6  1.258692E-13
8661.5  1.214606E-13
8664.4  1.209536E-13
8667.3  1.236855E-13
8670.2  1.278916E-13
8673.1  1.321419E-13
8676.  1.353810E-13
8678.9  1.379263E-13
8681.8  1.401019E-13
8684.7  1.415931E-13
8687.6  1.424459E-13
8690.5  1.431662E-13
8693.4  1.440216E-13
8696.3  1.450558E-13
8699.2  1.460173E-13
8702.1  1.464959E-13
8705.  1.465465E-13
8707.9  1.463991E-13
8710.8  1.460035E-13
8713.7  1.453757E-13
8716.6  1.452348E-13
8719.5  1.457416E-13
8722.4  1.453716E-13
8725.3  1.434877E-13
8728.2  1.411074E-13
8731.1  1.388013E-13
8734.  1.366954E-13
8736.9  1.344739E-13
8739.8  1.315558E-13
8742.7  1.284949E-13
8745.6  1.262778E-13
8748.5  1.254437E-13
8751.4  1.262506E-13
8754.3  1.285718E-13
8757.2  1.318711E-13
8760.1  1.348019E-13
8763.  1.366963E-13
8765.9  1.383375E-13
8768.8  1.399826E-13
8771.7  1.411927E-13
8774.6  1.419874E-13
8777.5  1.426596E-13
8780.4  1.433094E-13
8783.3  1.439385E-13
8786.2  1.442700E-13
8789.1  1.440503E-13
8792.  1.436036E-13
8794.9  1.432800E-13
8797.8  1.431663E-13
8800.7  1.432273E-13
8803.6  1.432074E-13
8806.5  1.430437E-13
8809.4  1.429748E-13
8812.3  1.429561E-13
8815.2  1.427240E-13
8818.1  1.422556E-13
8821.  1.416500E-13
8823.9  1.410019E-13
8826.8  1.403907E-13
8829.7  1.397833E-13
8832.6  1.391197E-13
8835.5  1.382991E-13
8838.4  1.373571E-13
8841.3  1.367273E-13
8844.2  1.363363E-13
8847.1  1.353421E-13
8850.  1.334635E-13
8852.9  1.309866E-13
8855.8  1.281786E-13
8858.7  1.253465E-13
8861.6  1.232304E-13
8864.5  1.225624E-13
8867.4  1.233042E-13
8870.3  1.251060E-13
8873.2  1.273560E-13
8876.1  1.295725E-13
8879.  1.318508E-13
8881.9  1.341219E-13
8884.8  1.359852E-13
8887.7  1.372213E-13
8890.6  1.377776E-13
8893.5  1.379704E-13
8896.4  1.383242E-13
8899.3  1.388817E-13
8902.2  1.394473E-13
8905.1  1.395679E-13
8908.  1.388968E-13
8910.9  1.378178E-13
8913.8  1.368613E-13
8916.7  1.366367E-13
8919.6  1.372503E-13
8922.5  1.378537E-13
8925.4  1.380702E-13
8928.3  1.381427E-13
8931.2  1.382804E-13
8934.1  1.386763E-13
8937.  1.394044E-13
8939.9  1.404178E-13
8942.8  1.414142E-13
8945.7  1.420364E-13
8948.6  1.419535E-13
8951.5  1.411092E-13
8954.4  1.402244E-13
8957.3  1.398167E-13
8960.2  1.397761E-13
8963.1  1.399394E-13
8966.  1.401219E-13
8968.9  1.401105E-13
8971.8  1.396679E-13
8974.7  1.391888E-13
8977.6  1.393031E-13
8980.5  1.390584E-13
8983.4  1.372946E-13
8986.3  1.344504E-13
8989.2  1.314296E-13
8992.1  1.298130E-13
8995.  1.300124E-13
8997.9  1.294843E-13
9000.8  1.270989E-13
9003.7  1.241411E-13
9006.6  1.213823E-13
9009.5  1.191081E-13
9012.4  1.179872E-13
9015.3  1.186924E-13
9018.2  1.207409E-13
9021.1  1.231973E-13
9024.  1.250681E-13
9026.9  1.257788E-13
9029.8  1.265522E-13
9032.7  1.282743E-13
9035.6  1.301685E-13
9038.5  1.317322E-13
9041.4  1.330815E-13
9044.3  1.341752E-13
9047.2  1.348693E-13
9050.1  1.350368E-13
9053.  1.345980E-13
9055.9  1.336571E-13
9058.8  1.324510E-13
9061.7  1.317080E-13
9064.6  1.320181E-13
9067.5  1.329696E-13
9070.4  1.338991E-13
9073.3  1.339462E-13
9076.2  1.328482E-13
9079.1  1.314888E-13
9082.  1.304544E-13
9084.9  1.298992E-13
9087.8  1.297740E-13
9090.7  1.298317E-13
9093.6  1.300996E-13
9096.5  1.307014E-13
9099.4  1.315823E-13
9102.3  1.325945E-13
9105.2  1.333467E-13
9108.1  1.335612E-13
9111.  1.333734E-13
9113.9  1.331109E-13
9116.8  1.333636E-13
9119.7  1.343085E-13
9122.6  1.356359E-13
9125.5  1.364904E-13
9128.4  1.356438E-13
9131.3  1.338539E-13
9134.2  1.328153E-13
9137.1  1.334047E-13
9140.  1.358170E-13
9142.9  1.380268E-13
9145.8  1.381216E-13
9148.7  1.362805E-13
9151.6  1.334650E-13
9154.5  1.317384E-13
9157.4  1.320283E-13
9160.3  1.334046E-13
9163.2  1.347644E-13
9166.1  1.349159E-13
9169.  1.338053E-13
9171.9  1.321554E-13
9174.8  1.305982E-13
9177.7  1.296714E-13
9180.6  1.296828E-13
9183.5  1.305382E-13
9186.4  1.309335E-13
9189.3  1.300134E-13
9192.2  1.284914E-13
9195.1  1.271193E-13
9198.  1.265750E-13
9200.9  1.265228E-13
9203.8  1.255466E-13
9206.7  1.232922E-13
9209.6  1.201580E-13
9212.5  1.168813E-13
9215.4  1.142932E-13
9218.3  1.125890E-13
9221.2  1.116594E-13
9224.1  1.109045E-13
9227.  1.099821E-13
9229.9  1.096014E-13
9232.8  1.102635E-13
9235.7  1.119383E-13
9238.6  1.143078E-13
9241.5  1.167470E-13
9244.4  1.187510E-13
9247.3  1.199659E-13
9250.2  1.206272E-13
9253.1  1.212522E-13
9256.  1.217153E-13
9258.9  1.218512E-13
9261.8  1.222797E-13
9264.7  1.235186E-13
9267.6  1.254843E-13
9270.5  1.277628E-13
9273.4  1.294741E-13
9276.3  1.300978E-13
9279.2  1.295832E-13
9282.1  1.287561E-13
9285.  1.291172E-13
9287.9  1.303593E-13
9290.8  1.312774E-13
9293.7  1.314633E-13
9296.6  1.309055E-13
9299.5  1.307111E-13
9302.4  1.317017E-13
9305.3  1.325742E-13
9308.2  1.325030E-13
9311.1  1.324670E-13
9314.  1.327078E-13
9316.9  1.321763E-13
9319.8  1.313222E-13
9322.7  1.318630E-13
9325.6  1.338542E-13
9328.5  1.363753E-13
9331.4  1.378115E-13
9334.3  1.366972E-13
9337.2  1.340765E-13
9340.1  1.316191E-13
9343.  1.307833E-13
9345.9  1.322104E-13
9348.8  1.349182E-13
9351.7  1.369083E-13
9354.6  1.343300E-13
9357.5  1.291333E-13
9360.4  1.296447E-13
9363.3  1.339566E-13
9366.2  1.337942E-13
9369.1  1.309684E-13
9372.  1.306543E-13
9374.9  1.309627E-13
9377.8  1.292494E-13
9380.7  1.271654E-13
9383.6  1.263171E-13
9386.5  1.266548E-13
9389.4  1.277272E-13
9392.3  1.285704E-13
9395.2  1.284288E-13
9398.1  1.268268E-13
9401.  1.246959E-13
9403.9  1.240049E-13
9406.8  1.239246E-13
9409.7  1.225576E-13
9412.6  1.216457E-13
9415.5  1.232205E-13
9418.4  1.253652E-13
9421.3  1.261340E-13
9424.2  1.254720E-13
9427.1  1.242249E-13
9430.  1.251061E-13
9432.9  1.278326E-13
9435.8  1.278446E-13
9438.7  1.251841E-13
9441.6  1.234856E-13
9444.5  1.244725E-13
9447.4  1.286668E-13
9450.3  1.319274E-13
9453.2  1.297482E-13
9456.1  1.256199E-13
9459.  1.236416E-13
9461.9  1.237691E-13
9464.8  1.252293E-13
9467.7  1.264807E-13
9470.6  1.266265E-13
9473.5  1.261751E-13
9476.4  1.250903E-13
9479.3  1.226726E-13
9482.2  1.211412E-13
9485.1  1.239589E-13
9488.  1.278407E-13
9490.9  1.278185E-13
9493.8  1.244125E-13
9496.7  1.197966E-13
9499.6  1.176381E-13
9502.5  1.199523E-13
9505.4  1.238851E-13
9508.3  1.266354E-13
9511.2  1.262164E-13
9514.1  1.228248E-13
9517.  1.190248E-13
9519.9  1.165385E-13
9522.8  1.163510E-13
9525.7  1.170037E-13
9528.6  1.161731E-13
9531.5  1.142673E-13
9534.4  1.122160E-13
9537.3  1.095248E-13
9540.2  1.061341E-13
9543.1  1.034914E-13
9546.  1.026778E-13
9548.9  1.040031E-13
9551.8  1.067655E-13
9554.7  1.090890E-13
9557.6  1.105616E-13
9560.5  1.119393E-13
9563.4  1.130164E-13
9566.3  1.133089E-13
9569.2  1.138824E-13
9572.1  1.158088E-13
9575.  1.177692E-13
9577.9  1.185952E-13
9580.8  1.192952E-13
9583.7  1.201327E-13
9586.6  1.191563E-13
9589.5  1.167936E-13
9592.4  1.167653E-13
9595.3  1.189416E-13
9598.2  1.200870E-13
9601.1  1.197787E-13
9604.  1.189769E-13
9606.9  1.182531E-13
9609.8  1.180144E-13
9612.7  1.179043E-13
9615.6  1.174379E-13
9618.5  1.161375E-13
9621.4  1.142442E-13
9624.3  1.137289E-13
9627.2  1.151588E-13
9630.1  1.169224E-13
9633.  1.179131E-13
9635.9  1.175209E-13
9638.8  1.163925E-13
9641.7  1.159011E-13
9644.6  1.162228E-13
9647.5  1.170077E-13
9650.4  1.177389E-13
9653.3  1.178818E-13
9656.2  1.169417E-13
9659.1  1.150778E-13
9662.  1.141165E-13
9664.9  1.146918E-13
9667.8  1.151740E-13
9670.7  1.150835E-13
9673.6  1.152454E-13
9676.5  1.153116E-13
9679.4  1.143002E-13
9682.3  1.131758E-13
9685.2  1.134384E-13
9688.1  1.144214E-13
9691.  1.150749E-13
9693.9  1.153543E-13
9696.8  1.153177E-13
9699.7  1.148418E-13
9702.6  1.141930E-13
9705.5  1.143988E-13
9708.4  1.153074E-13
9711.3  1.153073E-13
9714.2  1.144796E-13
9717.1  1.140949E-13
9720.  1.142459E-13
9722.9  1.145119E-13
9725.8  1.144188E-13
9728.7  1.136159E-13
9731.6  1.125863E-13
9734.5  1.118857E-13
9737.4  1.118132E-13
9740.3  1.122771E-13
9743.2  1.123313E-13
9746.1  1.119290E-13
9749.  1.123631E-13
9751.9  1.133960E-13
9754.8  1.135981E-13
9757.7  1.129470E-13
9760.6  1.121028E-13
9763.5  1.120212E-13
9766.4  1.134091E-13
9769.3  1.143833E-13
9772.2  1.133931E-13
9775.1  1.122434E-13
9778.  1.122320E-13
9780.9  1.125842E-13
9783.8  1.127352E-13
9786.7  1.125247E-13
9789.6  1.118794E-13
9792.5  1.108771E-13
9795.4  1.098612E-13
9798.3  1.092816E-13
9801.2  1.093353E-13
9804.1  1.100150E-13
9807.  1.107061E-13
9809.9  1.108429E-13
9812.8  1.107938E-13
9815.7  1.108210E-13
9818.6  1.105145E-13
9821.5  1.097779E-13
9824.4  1.090144E-13
9827.3  1.086283E-13
9830.2  1.090389E-13
9833.1  1.098326E-13
9836.  1.100683E-13
9838.9  1.099178E-13
9841.8  1.099433E-13
9844.7  1.098241E-13
9847.6  1.091881E-13
9850.5  1.083306E-13
9853.4  1.075979E-13
9856.3  1.072431E-13
9859.2  1.072569E-13
9862.1  1.070796E-13
9865.  1.067659E-13
9867.9  1.071772E-13
9870.8  1.079851E-13
9873.7  1.080318E-13
9876.6  1.075481E-13
9879.5  1.073207E-13
9882.4  1.070425E-13
9885.3  1.062629E-13
9888.2  1.052840E-13
9891.1  1.044901E-13
9894.  1.041194E-13
9896.9  1.042953E-13
9899.8  1.049190E-13
9902.7  1.058441E-13
9905.6  1.069467E-13
9908.5  1.078248E-13
9911.4  1.078741E-13
9914.3  1.074386E-13
9917.2  1.073106E-13
9920.1  1.071345E-13
9923.  1.063541E-13
9925.9  1.055532E-13
9928.8  1.053031E-13
9931.7  1.054005E-13
9934.6  1.055266E-13
9937.5  1.052209E-13
9940.4  1.045787E-13
9943.3  1.045792E-13
9946.2  1.053100E-13
9949.1  1.060508E-13
9952.  1.062592E-13
9954.9  1.055402E-13
9957.8  1.045839E-13
9960.7  1.043374E-13
9963.6  1.043381E-13
9966.5  1.039830E-13
9969.4  1.033706E-13
9972.3  1.028287E-13
9975.2  1.031749E-13
9978.1  1.044834E-13
9981.  1.055629E-13
9983.9  1.057322E-13
9986.8  1.048756E-13
9989.7  1.035473E-13
9992.6  1.027337E-13
9995.5  1.023768E-13
9998.4  1.019923E-13
10001.3  1.015172E-13
10004.2  1.009687E-13
10007.1  1.003655E-13
10010.  9.972128E-14
10012.9  9.890007E-14
10015.8  9.804263E-14
10018.7  9.786254E-14
10021.6  9.833576E-14
10024.5  9.855768E-14
10027.4  9.829756E-14
10030.3  9.779691E-14
10033.2  9.745723E-14
10036.1  9.767857E-14
10039.  9.781686E-14
10041.9  9.709184E-14
10044.8  9.550120E-14
10047.7  9.344320E-14
10050.6  9.209246E-14
10053.5  9.212173E-14
10056.4  9.299069E-14
10059.3  9.410240E-14
10062.2  9.489476E-14
10065.1  9.512480E-14
10068.  9.491861E-14
10070.9  9.425533E-14
10073.8  9.310907E-14
10076.7  9.243772E-14
10079.6  9.321133E-14
10082.5  9.476113E-14
10085.4  9.614572E-14
10088.3  9.674845E-14
10091.2  9.642111E-14
10094.1  9.602734E-14
10097.  9.611630E-14
10099.9  9.668630E-14
10102.8  9.724814E-14
10105.7  9.684126E-14
10108.6  9.590801E-14
10111.5  9.564655E-14
10114.4  9.624796E-14
10117.3  9.745933E-14
10120.2  9.844741E-14
10123.1  9.855959E-14
10126.  9.864384E-14
10128.9  9.935215E-14
10131.8  1.002532E-13
10134.7  1.010044E-13
10137.6  1.015144E-13
10140.5  1.016956E-13
10143.4  1.014510E-13
10146.3  1.011890E-13
10149.2  1.016082E-13
10152.1  1.018189E-13
10155.  1.005337E-13
10157.9  9.858303E-14
10160.8  9.718213E-14
10163.7  9.692549E-14
10166.6  9.773283E-14
10169.5  9.761597E-14
10172.4  9.602583E-14
10175.3  9.548082E-14
10178.2  9.678994E-14
10181.1  9.873327E-14
10184.  1.000708E-13
10186.9  9.955371E-14
10189.8  9.813664E-14
10192.7  9.769057E-14
10195.6  9.812220E-14
10198.5  9.876868E-14
10201.4  9.927539E-14
10204.3  9.928489E-14
10207.2  9.823307E-14
10210.1  9.636163E-14
10213.  9.567804E-14
10215.9  9.645004E-14
10218.8  9.637957E-14
10221.7  9.566597E-14
10224.6  9.653281E-14
10227.5  9.811622E-14
10230.4  9.822195E-14
10233.3  9.740453E-14
10236.2  9.692805E-14
10239.1  9.739190E-14
10242.  9.871369E-14
10244.9  9.815978E-14
10247.8  9.492125E-14
10250.7  9.357386E-14
10253.6  9.569286E-14
10256.5  9.798853E-14
10259.4  9.890672E-14
10262.3  9.851058E-14
10265.2  9.708026E-14
10268.1  9.518840E-14
10271.  9.365156E-14
10273.9  9.316603E-14
10276.8  9.313648E-14
10279.7  9.284222E-14
10282.6  9.227192E-14
10285.5  9.187127E-14
10288.4  9.344334E-14
10291.3  9.662486E-14
10294.2  9.707908E-14
10297.1  9.463362E-14
10300.  9.362917E-14
10302.9  9.424219E-14
10305.8  9.410279E-14
10308.7  9.346805E-14
10311.6  9.341100E-14
10314.5  9.419103E-14
10317.4  9.560075E-14
10320.3  9.569636E-14
10323.2  9.346985E-14
10326.1  9.146390E-14
10329.  9.123258E-14
10331.9  9.178730E-14
10334.8  9.291522E-14
10337.7  9.544421E-14
10340.6  9.822422E-14
10343.5  9.881545E-14
10346.4  9.819696E-14
10349.3  9.869015E-14
10352.2  9.946815E-14
10355.1  9.912699E-14
10358.  9.800941E-14
10360.9  9.662120E-14
10363.8  9.508062E-14
10366.7  9.353706E-14
10369.6  9.222663E-14
10372.5  9.110871E-14
10375.4  8.966108E-14
10378.3  8.860345E-14
10381.2  8.962193E-14
10384.1  9.168862E-14
10387.  9.254718E-14
10389.9  9.176927E-14
10392.8  8.975070E-14
10395.7  8.799214E-14
10398.6  8.780473E-14
10401.5  8.880336E-14
10404.4  9.025427E-14
10407.3  9.119014E-14
10410.2  9.124906E-14
10413.1  9.107243E-14
10416.  9.111741E-14
10418.9  9.153336E-14
10421.8  9.258249E-14
10424.7  9.449885E-14
10427.6  9.448181E-14
10430.5  8.958960E-14
10433.4  8.296161E-14
10436.3  7.865558E-14
10439.2  7.851818E-14
10442.1  8.268864E-14
10445.  8.803145E-14
10447.9  9.173412E-14
10450.8  9.196945E-14
10453.7  9.007407E-14
10456.6  9.104365E-14
10459.5  9.292431E-14
10462.4  8.953186E-14
10465.3  8.419533E-14
10468.2  8.331609E-14
10471.1  8.549958E-14
10474.  8.801836E-14
10476.9  9.336135E-14
10479.8  1.013492E-13
10482.7  1.011280E-13
10485.6  9.044093E-14
10488.5  8.447351E-14
10491.4  8.830846E-14
10494.3  9.468159E-14
10497.2  9.851564E-14
10500.1  9.606612E-14
10503.  9.067810E-14
10505.9  8.873405E-14
10508.8  8.700104E-14
10511.7  8.108867E-14
10514.6  7.570521E-14
10517.5  7.528030E-14
10520.4  7.889739E-14
10523.3  8.449061E-14
10526.2  8.861995E-14
10529.1  8.996039E-14
10532.  9.053005E-14
10534.9  9.044884E-14
10537.8  8.819605E-14
10540.7  8.595787E-14
10543.6  8.730289E-14
10546.5  8.884405E-14
10549.4  8.609144E-14
10552.3  8.147695E-14
10555.2  7.854292E-14
10558.1  8.083263E-14
10561.  8.799505E-14
10563.9  8.999527E-14
10566.8  8.426465E-14
10569.7  8.041517E-14
10572.6  8.106794E-14
10575.5  8.251320E-14
10578.4  8.249627E-14
10581.3  7.939186E-14
10584.2  7.729298E-14
10587.1  8.116668E-14
10590.  8.407104E-14
10592.9  7.952685E-14
10595.8  7.438672E-14
10598.7  7.464176E-14
10601.6  7.997024E-14
10604.5  8.776749E-14
10607.4  9.192371E-14
10610.3  9.114688E-14
10613.2  8.992529E-14
10616.1  8.797321E-14
10619.  8.209090E-14
10621.9  7.835177E-14
10624.8  8.461282E-14
10627.7  9.387820E-14
10630.6  9.687233E-14
10633.5  9.131773E-14
10636.4  7.880439E-14
10639.3  6.835611E-14
10642.2  6.624920E-14
10645.1  7.225297E-14
10648.  8.190922E-14
10650.9  8.623783E-14
10653.8  8.268682E-14
10656.7  7.388080E-14
10659.6  6.538642E-14
10662.5  6.350619E-14
10665.4  6.543434E-14
10668.3  6.638008E-14
10671.2  6.767900E-14
10674.1  7.073538E-14
10677.  7.446371E-14
10679.9  7.749946E-14
10682.8  7.802580E-14
10685.7  7.610527E-14
10688.6  7.387359E-14
10691.5  7.463932E-14
10694.4  8.270161E-14
10697.3  9.095288E-14
10700.2  8.769607E-14
10703.1  7.841420E-14
10706.  7.310942E-14
10708.9  7.496143E-14
10711.8  8.325128E-14
10714.7  8.705891E-14
10717.6  8.050553E-14
10720.5  7.312103E-14
10723.4  7.000481E-14
10726.3  6.800819E-14
10729.2  6.759887E-14
10732.1  7.227358E-14
10735.  7.865761E-14
10737.9  7.998417E-14
10740.8  7.830762E-14
10743.7  7.814463E-14
10746.6  7.742669E-14
10749.5  7.344491E-14
10752.4  6.465301E-14
10755.3  5.314894E-14
10758.2  4.972677E-14
10761.1  6.007272E-14
10764.  8.152598E-14
10766.9  1.037323E-13
10769.8  1.091411E-13
10772.7  9.751531E-14
10775.6  7.999223E-14
10778.5  7.258816E-14
10781.4  8.943057E-14
10784.3  1.074672E-13
10787.2  1.015234E-13
10790.1  8.627985E-14
10793.  7.730530E-14
10795.9  7.322900E-14
10798.8  7.423505E-14
10801.7  8.591456E-14
10804.6  1.018073E-13
10807.5  1.008923E-13
10810.4  8.935646E-14
10813.3  9.277360E-14
10816.2  1.047032E-13
10819.1  1.060468E-13
10822.  1.009314E-13
10824.9  9.804709E-14
10827.8  9.764172E-14
10830.7  9.714924E-14
10833.6  8.565752E-14
10836.5  6.283267E-14
10839.4  5.312565E-14
10842.3  6.349848E-14
10845.2  7.356726E-14
10848.1  8.872981E-14
10851.  1.359590E-13
10853.9  1.780931E-13
10856.8  1.535078E-13
10859.7  9.316685E-14
10862.6  5.285390E-14
10865.5  4.941244E-14
10868.4  8.262686E-14
10871.3  1.189379E-13
10874.2  1.321411E-13
10877.1  1.288940E-13
10880.  1.142782E-13
10882.9  8.606649E-14
10885.8  6.095223E-14
10888.7  7.247337E-14
10891.6  9.907296E-14
10894.5  9.020107E-14
10897.4  6.784817E-14
10900.3  7.320631E-14
10903.2  8.623274E-14
10906.1  8.227764E-14
10909.  7.387237E-14
10911.9  7.177054E-14
10914.8  6.955927E-14
10917.7  6.849537E-14
10920.6  8.801592E-14
10923.5  1.102146E-13
10926.4  7.397116E-14
10929.3  2.336326E-14
10932.2  6.478210E-14
10935.1  1.418018E-13
10938.  1.457421E-13
10940.9  1.011677E-13
10943.8  5.980207E-14
10946.7  4.234583E-14
10949.6  5.325218E-14
10952.5  5.177986E-14
10955.4  2.352982E-14
10958.3  1.452704E-14
10961.2  3.655709E-14
10964.1  6.053568E-14
10967.  7.076461E-14
10969.9  6.091743E-14
10972.8  4.116828E-14
10975.7  2.916839E-14
10978.6  2.958483E-14
10981.5  4.075519E-14
10984.4  4.748291E-14
10987.3  3.983791E-14
10990.2  3.642867E-14
10993.1  4.707064E-14
10996.  5.705486E-14
10998.9  5.976347E-14
