3050.  6.452879E-14
3052.9  5.234705E-14
3055.8  5.817952E-14
3058.7  5.678460E-14
3061.6  6.266769E-14
3064.5  5.548648E-14
3067.4  3.679703E-14
3070.3  6.473409E-14
3073.2  5.620368E-14
3076.1  8.309069E-14
3079.  6.195649E-14
3081.9  7.374234E-14
3084.8  6.789194E-14
3087.7  6.539163E-14
3090.6  7.183623E-14
3093.5  6.067010E-14
3096.4  5.890530E-14
3099.3  6.767477E-14
3102.2  7.645373E-14
3105.1  7.742617E-14
3108.  9.277707E-14
3110.9  9.969018E-14
3113.8  9.795512E-14
3116.7  9.223021E-14
3119.6  7.618430E-14
3122.5  7.721656E-14
3125.4  7.555013E-14
3128.3  7.969104E-14
3131.2  8.596396E-14
3134.1  8.980318E-14
3137.  9.000836E-14
3139.9  9.382885E-14
3142.8  9.000019E-14
3145.7  8.927147E-14
3148.6  8.649343E-14
3151.5  8.498521E-14
3154.4  8.213548E-14
3157.3  7.874790E-14
3160.2  7.789268E-14
3163.1  8.442597E-14
3166.  8.901332E-14
3168.9  1.002813E-13
3171.8  1.074740E-13
3174.7  1.084839E-13
3177.6  1.023223E-13
3180.5  1.008593E-13
3183.4  9.157294E-14
3186.3  9.255412E-14
3189.2  9.454425E-14
3192.1  9.418453E-14
3195.  1.036050E-13
3197.9  1.094983E-13
3200.8  1.113990E-13
3203.7  1.034623E-13
3206.6  1.043234E-13
3209.5  9.490339E-14
3212.4  9.270966E-14
3215.3  9.245600E-14
3218.2  9.724289E-14
3221.1  9.514055E-14
3224.  8.314413E-14
3226.9  7.938213E-14
3229.8  8.123268E-14
3232.7  8.799535E-14
3235.6  9.210947E-14
3238.5  9.444655E-14
3241.4  1.034401E-13
3244.3  1.109028E-13
3247.2  1.133523E-13
3250.1  1.249492E-13
3253.  1.373838E-13
3255.9  1.467791E-13
3258.8  1.486562E-13
3261.7  1.458089E-13
3264.6  1.430595E-13
3267.5  1.432711E-13
3270.4  1.405886E-13
3273.3  1.381696E-13
3276.2  1.378055E-13
3279.1  1.382960E-13
3282.  1.409421E-13
3284.9  1.457262E-13
3287.8  1.527693E-13
3290.7  1.662173E-13
3293.6  1.731711E-13
3296.5  1.689042E-13
3299.4  1.622479E-13
3302.3  1.508863E-13
3305.2  1.442001E-13
3308.1  1.383736E-13
3311.  1.376159E-13
3313.9  1.397517E-13
3316.8  1.436559E-13
3319.7  1.453456E-13
3322.6  1.456741E-13
3325.5  1.415551E-13
3328.4  1.455105E-13
3331.3  1.455040E-13
3334.2  1.333948E-13
3337.1  1.360705E-13
3340.  1.403918E-13
3342.9  1.459500E-13
3345.8  1.442075E-13
3348.7  1.438339E-13
3351.6  1.419490E-13
3354.5  1.296024E-13
3357.4  1.143888E-13
3360.3  1.067892E-13
3363.2  1.066246E-13
3366.1  1.062623E-13
3369.  1.089147E-13
3371.9  1.191856E-13
3374.8  1.249639E-13
3377.7  1.274094E-13
3380.6  1.297595E-13
3383.5  1.332584E-13
3386.4  1.382043E-13
3389.3  1.416289E-13
3392.2  1.525337E-13
3395.1  1.623200E-13
3398.  1.692423E-13
3400.9  1.621996E-13
3403.8  1.535315E-13
3406.7  1.505054E-13
3409.6  1.485808E-13
3412.5  1.473142E-13
3415.4  1.526576E-13
3418.3  1.623250E-13
3421.2  1.626024E-13
3424.1  1.681844E-13
3427.  1.674537E-13
3429.9  1.602307E-13
3432.8  1.480443E-13
3435.7  1.353130E-13
3438.6  1.257816E-13
3441.5  1.229408E-13
3444.4  1.360545E-13
3447.3  1.499511E-13
3450.2  1.583154E-13
3453.1  1.569332E-13
3456.  1.514022E-13
3458.9  1.481554E-13
3461.8  1.518345E-13
3464.7  1.591096E-13
3467.6  1.603715E-13
3470.5  1.529470E-13
3473.4  1.463138E-13
3476.3  1.427858E-13
3479.2  1.466755E-13
3482.1  1.515957E-13
3485.  1.554202E-13
3487.9  1.504527E-13
3490.8  1.459777E-13
3493.7  1.560683E-13
3496.6  1.724594E-13
3499.5  1.853500E-13
3502.4  1.952882E-13
3505.3  1.901045E-13
3508.2  1.806648E-13
3511.1  1.717293E-13
3514.  1.696227E-13
3516.9  1.732050E-13
3519.8  1.657419E-13
3522.7  1.542063E-13
3525.6  1.546498E-13
3528.5  1.691404E-13
3531.4  1.832844E-13
3534.3  1.908307E-13
3537.2  1.956311E-13
3540.1  1.940063E-13
3543.  1.930861E-13
3545.9  1.843490E-13
3548.8  1.745848E-13
3551.7  1.622981E-13
3554.6  1.565242E-13
3557.5  1.533349E-13
3560.4  1.445664E-13
3563.3  1.319820E-13
3566.2  1.237350E-13
3569.1  1.239657E-13
3572.  1.260387E-13
3574.9  1.243428E-13
3577.8  1.128455E-13
3580.7  1.007480E-13
3583.6  1.007869E-13
3586.5  1.217842E-13
3589.4  1.499983E-13
3592.3  1.816036E-13
3595.2  2.049320E-13
3598.1  2.145766E-13
3601.  2.056984E-13
3603.9  1.834391E-13
3606.8  1.711160E-13
3609.7  1.723609E-13
3612.6  1.851689E-13
3615.5  1.922437E-13
3618.4  1.913526E-13
3621.3  2.038216E-13
3624.2  2.267193E-13
3627.1  2.360287E-13
3630.  2.238232E-13
3632.9  2.155079E-13
3635.8  2.268611E-13
3638.7  2.426685E-13
3641.6  2.434449E-13
3644.5  2.316086E-13
3647.4  2.253889E-13
3650.3  2.387770E-13
3653.2  2.672501E-13
3656.1  2.928733E-13
3659.  3.097734E-13
3661.9  3.056893E-13
3664.8  2.937757E-13
3667.7  2.874856E-13
3670.6  2.854500E-13
3673.5  2.792757E-13
3676.4  2.656685E-13
3679.3  2.512352E-13
3682.2  2.447003E-13
3685.1  2.515250E-13
3688.  2.590455E-13
3690.9  2.665659E-13
3693.8  2.740870E-13
3696.7  2.816074E-13
3699.6  2.919925E-13
3702.5  2.766381E-13
3705.4  2.514559E-13
3708.3  2.478251E-13
3711.2  2.697297E-13
3714.1  2.774961E-13
3717.  2.542329E-13
3719.9  2.156018E-13
3722.8  2.036972E-13
3725.7  2.087324E-13
3728.6  2.036842E-13
3731.5  1.828650E-13
3734.4  1.642264E-13
3737.3  1.640060E-13
3740.2  1.768317E-13
3743.1  1.752755E-13
3746.  1.651681E-13
3748.9  1.700976E-13
3751.8  1.971857E-13
3754.7  2.148961E-13
3757.6  2.081983E-13
3760.5  1.965297E-13
3763.4  2.000033E-13
3766.3  2.130619E-13
3769.2  2.314342E-13
3772.1  2.546418E-13
3775.  2.667177E-13
3777.9  2.667575E-13
3780.8  2.636482E-13
3783.7  2.495795E-13
3786.6  2.237602E-13
3789.5  1.951660E-13
3792.4  1.834593E-13
3795.3  1.837457E-13
3798.2  1.886748E-13
3801.1  1.992195E-13
3804.  2.125554E-13
3806.9  2.126390E-13
3809.8  2.028447E-13
3812.7  1.853546E-13
3815.6  1.600940E-13
3818.5  1.353055E-13
3821.4  1.206161E-13
3824.3  1.167789E-13
3827.2  1.128953E-13
3830.1  1.157227E-13
3833.  1.225046E-13
3835.9  1.246119E-13
3838.8  1.275144E-13
3841.7  1.345980E-13
3844.6  1.445063E-13
3847.5  1.457367E-13
3850.4  1.409215E-13
3853.3  1.379337E-13
3856.2  1.308687E-13
3859.1  1.270198E-13
3862.  1.306445E-13
3864.9  1.366406E-13
3867.8  1.411090E-13
3870.7  1.414643E-13
3873.6  1.482304E-13
3876.5  1.610943E-13
3879.4  1.656723E-13
3882.3  1.802496E-13
3885.2  2.032941E-13
3888.1  2.265245E-13
3891.  2.536280E-13
3893.9  2.768856E-13
3896.8  2.847864E-13
3899.7  2.807420E-13
3902.6  2.800519E-13
3905.5  2.837746E-13
3908.4  2.912720E-13
3911.3  3.002181E-13
3914.2  2.979737E-13
3917.1  2.779293E-13
3920.  2.458602E-13
3922.9  2.165314E-13
3925.8  1.864102E-13
3928.7  1.489091E-13
3931.6  1.165699E-13
3934.5  1.098714E-13
3937.4  1.351975E-13
3940.3  1.788193E-13
3943.2  2.200920E-13
3946.1  2.563577E-13
3949.  2.880307E-13
3951.9  3.065341E-13
3954.8  3.088792E-13
3957.7  2.898942E-13
3960.6  2.468884E-13
3963.5  1.928847E-13
3966.4  1.525604E-13
3969.3  1.458870E-13
3972.2  1.836668E-13
3975.1  2.503700E-13
3978.  3.184539E-13
3980.9  3.678302E-13
3983.8  3.989981E-13
3986.7  4.235310E-13
3989.6  4.423483E-13
3992.5  4.471153E-13
3995.4  4.508188E-13
3998.3  4.607140E-13
4001.2  4.725375E-13
4004.1  4.742942E-13
4007.  4.704019E-13
4009.9  4.858995E-13
4012.8  5.070279E-13
4015.7  5.186895E-13
4018.6  5.167751E-13
4021.5  5.125213E-13
4024.4  5.048342E-13
4027.3  4.973210E-13
4030.2  4.789604E-13
4033.1  4.605077E-13
4036.  4.723492E-13
4038.9  4.894114E-13
4041.8  4.762759E-13
4044.7  4.449203E-13
4047.6  4.403375E-13
4050.5  4.556952E-13
4053.4  4.565339E-13
4056.3  4.388784E-13
4059.2  4.250049E-13
4062.1  4.210927E-13
4065.  4.121408E-13
4067.9  4.228735E-13
4070.8  4.306992E-13
4073.7  4.251501E-13
4076.6  4.244889E-13
4079.5  4.419498E-13
4082.4  4.765404E-13
4085.3  4.987582E-13
4088.2  5.126879E-13
4091.1  5.226704E-13
4094.  5.016184E-13
4096.9  4.731134E-13
4099.8  4.535862E-13
4102.7  4.511483E-13
4105.6  4.635589E-13
4108.5  4.824680E-13
4111.4  4.864246E-13
4114.3  4.852421E-13
4117.2  4.822332E-13
4120.1  4.678829E-13
4123.  4.590091E-13
4125.9  4.543374E-13
4128.8  4.430163E-13
4131.7  4.334969E-13
4134.6  4.354486E-13
4137.5  4.433791E-13
4140.4  4.404399E-13
4143.3  4.188022E-13
4146.2  4.091982E-13
4149.1  4.097921E-13
4152.  4.078241E-13
4154.9  4.142946E-13
4157.8  4.343854E-13
4160.7  4.592891E-13
4163.6  4.625715E-13
4166.5  4.505035E-13
4169.4  4.368071E-13
4172.3  4.253257E-13
4175.2  4.170752E-13
4178.1  4.189216E-13
4181.  4.347571E-13
4183.9  4.583122E-13
4186.8  4.705134E-13
4189.7  4.714843E-13
4192.6  4.592430E-13
4195.5  4.408131E-13
4198.4  4.320365E-13
4201.3  4.424031E-13
4204.2  4.705532E-13
4207.1  5.012184E-13
4210.  5.109639E-13
4212.9  5.062359E-13
4215.8  5.145293E-13
4218.7  5.409339E-13
4221.6  5.431581E-13
4224.5  4.979537E-13
4227.4  4.725491E-13
4230.3  5.098173E-13
4233.2  5.378022E-13
4236.1  5.336683E-13
4239.  5.288164E-13
4241.9  5.304335E-13
4244.8  5.389288E-13
4247.7  5.349825E-13
4250.6  5.207131E-13
4253.5  5.189790E-13
4256.4  5.247747E-13
4259.3  5.341931E-13
4262.2  5.523128E-13
4265.1  5.755623E-13
4268.  5.556315E-13
4270.9  4.995555E-13
4273.8  4.794164E-13
4276.7  5.130327E-13
4279.6  5.423969E-13
4282.5  5.409485E-13
4285.4  5.271135E-13
4288.3  5.100218E-13
4291.2  4.942371E-13
4294.1  4.867425E-13
4297.  4.607465E-13
4299.9  4.176380E-13
4302.8  3.888186E-13
4305.7  3.783478E-13
4308.6  3.887005E-13
4311.5  4.431534E-13
4314.4  5.342108E-13
4317.3  6.182796E-13
4320.2  6.350858E-13
4323.1  5.921212E-13
4326.  5.685627E-13
4328.9  6.138006E-13
4331.8  6.614979E-13
4334.7  6.618267E-13
4337.6  6.223558E-13
4340.5  5.930928E-13
4343.4  6.147361E-13
4346.3  6.569927E-13
4349.2  6.638252E-13
4352.1  6.493436E-13
4355.  6.506898E-13
4357.9  6.706885E-13
4360.8  6.894059E-13
4363.7  7.019071E-13
4366.6  6.996859E-13
4369.5  6.700691E-13
4372.4  6.449109E-13
4375.3  6.217271E-13
4378.2  6.104299E-13
4381.1  5.824015E-13
4384.  5.389622E-13
4386.9  5.426300E-13
4389.8  5.769617E-13
4392.7  6.045867E-13
4395.6  6.294290E-13
4398.5  6.444939E-13
4401.4  6.364707E-13
4404.3  6.152761E-13
4407.2  6.103161E-13
4410.1  6.370969E-13
4413.  6.638788E-13
4415.9  6.700301E-13
4418.8  6.768182E-13
4421.7  6.839875E-13
4424.6  6.822903E-13
4427.5  6.790453E-13
4430.4  6.756674E-13
4433.3  6.698204E-13
4436.2  6.732053E-13
4439.1  6.893588E-13
4442.  6.995641E-13
4444.9  7.097061E-13
4447.8  7.220320E-13
4450.7  7.115738E-13
4453.6  6.816841E-13
4456.5  6.516479E-13
4459.4  6.405199E-13
4462.3  6.533416E-13
4465.2  6.933341E-13
4468.1  7.446021E-13
4471.  7.742532E-13
4473.9  7.859117E-13
4476.8  7.888531E-13
4479.7  7.809519E-13
4482.6  7.649054E-13
4485.5  7.630666E-13
4488.4  7.557979E-13
4491.3  7.387883E-13
4494.2  7.318566E-13
4497.1  7.463142E-13
4500.  7.796958E-13
4502.9  8.110745E-13
4505.8  8.339273E-13
4508.7  8.392906E-13
4511.6  8.301286E-13
4514.5  8.160885E-13
4517.4  7.996963E-13
4520.3  7.936929E-13
4523.2  7.806307E-13
4526.1  7.471717E-13
4529.  7.144059E-13
4531.9  7.083657E-13
4534.8  7.289728E-13
4537.7  7.480522E-13
4540.6  7.673402E-13
4543.5  7.668297E-13
4546.4  7.666492E-13
4549.3  7.702542E-13
4552.2  7.685073E-13
4555.1  7.776148E-13
4558.  7.982781E-13
4560.9  8.101687E-13
4563.8  8.063177E-13
4566.7  8.024411E-13
4569.6  8.150900E-13
4572.5  8.156746E-13
4575.4  8.180085E-13
4578.3  8.045238E-13
4581.2  7.780634E-13
4584.1  7.775560E-13
4587.  7.951898E-13
4589.9  8.138353E-13
4592.8  8.072183E-13
4595.7  7.912940E-13
4598.6  7.844319E-13
4601.5  7.909742E-13
4604.4  8.043337E-13
4607.3  8.357610E-13
4610.2  8.610691E-13
4613.1  8.591621E-13
4616.  8.537167E-13
4618.9  8.614324E-13
4621.8  8.696043E-13
4624.7  8.711485E-13
4627.6  8.717032E-13
4630.5  8.728034E-13
4633.4  8.672004E-13
4636.3  8.456510E-13
4639.2  8.205646E-13
4642.1  8.061494E-13
4645.  7.915048E-13
4647.9  7.831654E-13
4650.8  7.976734E-13
4653.7  8.154617E-13
4656.6  8.332802E-13
4659.5  8.516391E-13
4662.4  8.390831E-13
4665.3  8.005095E-13
4668.2  7.681203E-13
4671.1  7.751160E-13
4674.  8.073673E-13
4676.9  8.300831E-13
4679.8  8.307110E-13
4682.7  8.173863E-13
4685.6  8.238082E-13
4688.5  8.340817E-13
4691.4  8.389826E-13
4694.3  8.416109E-13
4697.2  8.244748E-13
4700.1  7.931852E-13
4703.  7.770048E-13
4705.9  7.835050E-13
4708.8  7.988961E-13
4711.7  8.197879E-13
4714.6  8.373519E-13
4717.5  8.561821E-13
4720.4  8.740868E-13
4723.3  8.785187E-13
4726.2  8.626728E-13
4729.1  8.252090E-13
4732.  8.069394E-13
4734.9  8.203110E-13
4737.8  8.483970E-13
4740.7  8.659253E-13
4743.6  8.730898E-13
4746.5  8.843545E-13
4749.4  8.936643E-13
4752.3  8.845696E-13
4755.2  8.679122E-13
4758.1  8.666745E-13
4761.  8.668496E-13
4763.9  8.497856E-13
4766.8  8.380492E-13
4769.7  8.648451E-13
4772.6  9.049330E-13
4775.5  9.365261E-13
4778.4  9.428611E-13
4781.3  9.303385E-13
4784.2  9.037947E-13
4787.1  8.873519E-13
4790.  8.819487E-13
4792.9  9.001842E-13
4795.8  9.194721E-13
4798.7  9.158223E-13
4801.6  9.060515E-13
4804.5  9.067843E-13
4807.4  8.969106E-13
4810.3  9.021411E-13
4813.2  9.225557E-13
4816.1  9.353922E-13
4819.  9.407282E-13
4821.9  9.362023E-13
4824.8  9.169325E-13
4827.7  9.014289E-13
4830.6  8.945055E-13
4833.5  8.891198E-13
4836.4  8.923123E-13
4839.3  8.941597E-13
4842.2  8.953015E-13
4845.1  9.104822E-13
4848.  9.182839E-13
4850.9  9.014246E-13
4853.8  8.745132E-13
4856.7  8.353183E-13
4859.6  7.876800E-13
4862.5  7.546903E-13
4865.4  7.720423E-13
4868.3  8.087053E-13
4871.2  8.148801E-13
4874.1  8.204083E-13
4877.  8.450773E-13
4879.9  8.685355E-13
4882.8  8.715160E-13
4885.7  8.474558E-13
4888.6  8.235285E-13
4891.5  8.277375E-13
4894.4  8.675110E-13
4897.3  9.180367E-13
4900.2  9.319500E-13
4903.1  9.262719E-13
4906.  9.146498E-13
4908.9  9.013554E-13
4911.8  8.817093E-13
4914.7  8.760092E-13
4917.6  8.645824E-13
4920.5  8.277995E-13
4923.4  8.223520E-13
4926.3  8.583830E-13
4929.2  8.978054E-13
4932.1  9.090675E-13
4935.  8.916476E-13
4937.9  8.694849E-13
4940.8  8.713299E-13
4943.7  8.971838E-13
4946.6  9.256010E-13
4949.5  9.415554E-13
4952.4  9.426023E-13
4955.3  9.265889E-13
4958.2  9.027745E-13
4961.1  9.086304E-13
4964.  9.319497E-13
4966.9  9.287098E-13
4969.8  9.263877E-13
4972.7  9.391819E-13
4975.6  9.498478E-13
4978.5  9.232495E-13
4981.4  8.748285E-13
4984.3  8.496583E-13
4987.2  8.573958E-13
4990.1  8.851405E-13
4993.  9.015806E-13
4995.9  9.035962E-13
4998.8  8.937492E-13
5001.7  8.661409E-13
5004.6  8.350877E-13
5007.5  8.253916E-13
5010.4  8.301416E-13
5013.3  8.276031E-13
5016.2  8.194799E-13
5019.1  8.212400E-13
5022.  8.322363E-13
5024.9  8.497546E-13
5027.8  8.660706E-13
5030.7  8.872980E-13
5033.6  9.042405E-13
5036.5  8.879073E-13
5039.4  8.463024E-13
5042.3  8.305659E-13
5045.2  8.652009E-13
5048.1  8.994583E-13
5051.  9.003638E-13
5053.9  9.082240E-13
5056.8  9.365974E-13
5059.7  9.578605E-13
5062.6  9.574755E-13
5065.5  9.341868E-13
5068.4  9.053588E-13
5071.3  8.997678E-13
5074.2  8.998904E-13
5077.1  8.870701E-13
5080.  8.636698E-13
5082.9  8.497060E-13
5085.8  8.807635E-13
5088.7  9.223253E-13
5091.6  9.378407E-13
5094.5  9.354486E-13
5097.4  9.185619E-13
5100.3  8.871479E-13
5103.2  8.857299E-13
5106.1  8.897772E-13
5109.  8.784656E-13
5111.9  8.846535E-13
5114.8  9.058039E-13
5117.7  9.255901E-13
5120.6  9.230138E-13
5123.5  8.859368E-13
5126.4  8.541018E-13
5129.3  8.540618E-13
5132.2  8.667807E-13
5135.1  8.763004E-13
5138.  8.728235E-13
5140.9  8.615347E-13
5143.8  8.538775E-13
5146.7  8.514992E-13
5149.6  8.554338E-13
5152.5  8.582688E-13
5155.4  8.717350E-13
5158.3  8.962398E-13
5161.2  8.990415E-13
5164.1  8.560346E-13
5167.  7.808216E-13
5169.9  7.250360E-13
5172.8  7.267953E-13
5175.7  7.796856E-13
5178.6  8.392055E-13
5181.5  8.460825E-13
5184.4  8.059063E-13
5187.3  8.083612E-13
5190.2  8.421004E-13
5193.1  8.511066E-13
5196.  8.542272E-13
5198.9  8.726435E-13
5201.8  8.840499E-13
5204.7  8.677079E-13
5207.6  8.392860E-13
5210.5  8.376361E-13
5213.4  8.646074E-13
5216.3  8.943994E-13
5219.2  9.041052E-13
5222.1  9.030884E-13
5225.  8.703747E-13
5227.9  8.438331E-13
5230.8  8.576132E-13
5233.7  8.849536E-13
5236.6  9.010854E-13
5239.5  9.257375E-13
5242.4  9.450376E-13
5245.3  9.466721E-13
5248.2  9.203722E-13
5251.1  8.903766E-13
5254.  8.912044E-13
5256.9  9.132579E-13
5259.8  9.260791E-13
5262.7  8.909692E-13
5265.6  8.217279E-13
5268.5  7.806130E-13
5271.4  7.813556E-13
5274.3  8.236317E-13
5277.2  8.733755E-13
5280.1  9.182667E-13
5283.  9.293687E-13
5285.9  9.414996E-13
5288.8  9.814122E-13
5291.7  1.005380E-12
5294.6  9.878961E-13
5297.5  9.426126E-13
5300.4  9.171459E-13
5303.3  9.405034E-13
5306.2  9.860301E-13
5309.1  1.013907E-12
5312.  1.021933E-12
5314.9  1.012337E-12
5317.8  9.934450E-13
5320.7  9.781306E-13
5323.6  9.535057E-13
5326.5  9.111987E-13
5329.4  8.806558E-13
5332.3  8.985688E-13
5335.2  9.446583E-13
5338.1  9.712658E-13
5341.  9.617704E-13
5343.9  9.582537E-13
5346.8  9.680390E-13
5349.7  9.743953E-13
5352.6  9.861270E-13
5355.5  1.016460E-12
5358.4  1.030786E-12
5361.3  1.023076E-12
5364.2  9.987551E-13
5367.1  9.793060E-13
5370.  9.522984E-13
5372.9  9.411058E-13
5375.8  9.723819E-13
5378.7  9.980350E-13
5381.6  9.898558E-13
5384.5  9.820056E-13
5387.4  9.719294E-13
5390.3  9.567763E-13
5393.2  9.307097E-13
5396.1  9.166491E-13
5399.  9.191675E-13
5401.9  9.283154E-13
5404.8  9.155115E-13
5407.7  8.984918E-13
5410.6  9.107164E-13
5413.5  9.490321E-13
5416.4  9.774695E-13
5419.3  9.825692E-13
5422.2  9.747163E-13
5425.1  9.693224E-13
5428.  9.664363E-13
5430.9  9.555566E-13
5433.8  9.399736E-13
5436.7  9.385648E-13
5439.6  9.651762E-13
5442.5  9.978548E-13
5445.4  9.934374E-13
5448.3  9.723940E-13
5451.2  9.732261E-13
5454.1  9.835108E-13
5457.  9.803599E-13
5459.9  9.761412E-13
5462.8  9.757669E-13
5465.7  9.735711E-13
5468.6  9.775061E-13
5471.5  9.765465E-13
5474.4  9.594458E-13
5477.3  9.335646E-13
5480.2  9.227274E-13
5483.1  9.369985E-13
5486.  9.571982E-13
5488.9  9.647550E-13
5491.8  9.676101E-13
5494.7  9.730579E-13
5497.6  9.788923E-13
5500.5  9.742168E-13
5503.4  9.698930E-13
5506.3  9.658845E-13
5509.2  9.614401E-13
5512.1  9.583384E-13
5515.  9.561821E-13
5517.9  9.758830E-13
5520.8  9.997214E-13
5523.7  1.004778E-12
5526.6  9.877331E-13
5529.5  9.711655E-13
5532.4  9.734945E-13
5535.3  9.801144E-13
5538.2  9.839618E-13
5541.1  9.942401E-13
5544.  1.005854E-12
5546.9  1.011782E-12
5549.8  1.025610E-12
5552.7  1.043694E-12
5555.6  1.038581E-12
5558.5  1.030081E-12
5561.4  1.010322E-12
5564.3  9.959815E-13
5567.2  9.801118E-13
5570.1  9.821874E-13
5573.  9.863250E-13
5575.9  9.859711E-13
5578.8  9.909575E-13
5581.7  9.964182E-13
5584.6  9.846461E-13
5587.5  9.464556E-13
5590.4  9.188863E-13
5593.3  9.249741E-13
5596.2  9.438423E-13
5599.1  9.529823E-13
5602.  9.507692E-13
5604.9  9.650571E-13
5607.8  9.991832E-13
5610.7  1.020043E-12
5613.6  1.008770E-12
5616.5  9.779814E-13
5619.4  9.587516E-13
5622.3  9.642910E-13
5625.2  9.718125E-13
5628.1  9.849527E-13
5631.  1.010008E-12
5633.9  1.025795E-12
5636.8  1.019443E-12
5639.7  9.996458E-13
5642.6  9.848234E-13
5645.5  9.877492E-13
5648.4  9.992404E-13
5651.3  1.000584E-12
5654.2  9.902947E-13
5657.1  9.716141E-13
5660.  9.533765E-13
5662.9  9.531035E-13
5665.8  9.671268E-13
5668.7  9.841755E-13
5671.6  9.993892E-13
5674.5  1.018917E-12
5677.4  1.029010E-12
5680.3  1.024740E-12
5683.2  1.006643E-12
5686.1  9.913171E-13
5689.  9.926408E-13
5691.9  9.994103E-13
5694.8  1.007290E-12
5697.7  1.001311E-12
5700.6  9.792439E-13
5703.5  9.613746E-13
5706.4  9.506909E-13
5709.3  9.383397E-13
5712.2  9.405074E-13
5715.1  9.624634E-13
5718.  9.952876E-13
5720.9  1.028094E-12
5723.8  1.048641E-12
5726.7  1.050936E-12
5729.6  1.043599E-12
5732.5  1.038703E-12
5735.4  1.041916E-12
5738.3  1.032563E-12
5741.2  1.030461E-12
5744.1  1.034730E-12
5747.  1.034870E-12
5749.9  1.026614E-12
5752.8  1.015853E-12
5755.7  1.009387E-12
5758.6  1.008870E-12
5761.5  1.010901E-12
5764.4  1.015454E-12
5767.3  1.033253E-12
5770.2  1.045677E-12
5773.1  1.036466E-12
5776.  1.021177E-12
5778.9  9.989161E-13
5781.8  9.680912E-13
5784.7  9.512057E-13
5787.6  9.639579E-13
5790.5  9.927053E-13
5793.4  1.015070E-12
5796.3  1.031902E-12
5799.2  1.034343E-12
5802.1  1.035542E-12
5805.  1.031979E-12
5807.9  1.023832E-12
5810.8  1.010211E-12
5813.7  1.020714E-12
5816.6  1.033190E-12
5819.5  1.043474E-12
5822.4  1.050320E-12
5825.3  1.051959E-12
5828.2  1.050227E-12
5831.1  1.048310E-12
5834.  1.042819E-12
5836.9  1.036553E-12
5839.8  1.038902E-12
5842.7  1.043799E-12
5845.6  1.042631E-12
5848.5  1.036878E-12
5851.4  1.025290E-12
5854.3  1.011200E-12
5857.2  9.994624E-13
5860.1  9.954800E-13
5863.  1.005419E-12
5865.9  1.018367E-12
5868.8  1.032167E-12
5871.7  1.051875E-12
5874.6  1.066073E-12
5877.5  1.058628E-12
5880.4  1.031410E-12
5883.3  1.004825E-12
5886.2  9.730008E-13
5889.1  9.342519E-13
5892.  9.008626E-13
5894.9  8.997293E-13
5897.8  9.193927E-13
5900.7  9.512738E-13
5903.6  9.824901E-13
5906.5  1.003344E-12
5909.4  1.019364E-12
5912.3  1.027088E-12
5915.2  1.024984E-12
5918.1  1.019583E-12
5921.  1.024548E-12
5923.9  1.029645E-12
5926.8  1.029966E-12
5929.7  1.027606E-12
5932.6  1.023692E-12
5935.5  1.023202E-12
5938.4  1.027226E-12
5941.3  1.030691E-12
5944.2  1.029112E-12
5947.1  1.028147E-12
5950.  1.023439E-12
5952.9  1.020957E-12
5955.8  1.023161E-12
5958.7  1.030020E-12
5961.6  1.037375E-12
5964.5  1.042163E-12
5967.4  1.048670E-12
5970.3  1.053945E-12
5973.2  1.052928E-12
5976.1  1.042945E-12
5979.  1.030991E-12
5981.9  1.020982E-12
5984.8  1.011197E-12
5987.7  1.007979E-12
5990.6  1.012638E-12
5993.5  1.017269E-12
5996.4  1.015572E-12
5999.3  1.010141E-12
6002.2  1.020683E-12
6005.1  1.015030E-12
6008.  1.006049E-12
6010.9  1.001699E-12
6013.8  9.860470E-13
6016.7  9.868101E-13
6019.6  9.923260E-13
6022.5  1.001390E-12
6025.4  1.015565E-12
6028.3  1.032805E-12
6031.2  1.045823E-12
6034.1  1.054125E-12
6037.  1.058618E-12
6039.9  1.057362E-12
6042.8  1.054528E-12
6045.7  1.049675E-12
6048.6  1.044149E-12
6051.5  1.038842E-12
6054.4  1.034999E-12
6057.3  1.032167E-12
6060.2  1.029728E-12
6063.1  1.024635E-12
6066.  1.023757E-12
6068.9  1.033394E-12
6071.8  1.045313E-12
6074.7  1.046499E-12
6077.6  1.039899E-12
6080.5  1.031131E-12
6083.4  1.022011E-12
6086.3  1.016015E-12
6089.2  1.013970E-12
6092.1  1.014927E-12
6095.  1.017136E-12
6097.9  1.014322E-12
6100.8  1.008290E-12
6103.7  1.005186E-12
6106.6  1.010231E-12
6109.5  1.013787E-12
6112.4  1.012226E-12
6115.3  1.012637E-12
6118.2  1.007213E-12
6121.1  9.978361E-13
6124.  9.950165E-13
6126.9  9.931422E-13
6129.8  9.917205E-13
6132.7  9.877626E-13
6135.6  9.734908E-13
6138.5  9.672247E-13
6141.4  9.799990E-13
6144.3  9.936026E-13
6147.2  9.954546E-13
6150.1  9.937891E-13
6153.  9.911488E-13
6155.9  9.834100E-13
6158.8  9.698514E-13
6161.7  9.539457E-13
6164.6  9.515040E-13
6167.5  9.581237E-13
6170.4  9.657396E-13
6173.3  9.791197E-13
6176.2  9.884758E-13
6179.1  9.974979E-13
6182.  1.001921E-12
6184.9  9.950239E-13
6187.8  9.856662E-13
6190.7  9.866061E-13
6193.6  9.888487E-13
6196.5  9.926056E-13
6199.4  9.955728E-13
6202.3  1.002340E-12
6205.2  1.006322E-12
6208.1  1.003639E-12
6211.  9.923585E-13
6213.9  9.742955E-13
6216.8  9.696070E-13
6219.7  9.687437E-13
6222.6  9.685148E-13
6225.5  9.685046E-13
6228.4  9.660774E-13
6231.3  9.679226E-13
6234.2  9.732921E-13
6237.1  9.699060E-13
6240.  9.638796E-13
6242.9  9.550222E-13
6245.8  9.519763E-13
6248.7  9.504049E-13
6251.6  9.469728E-13
6254.5  9.405911E-13
6257.4  9.385737E-13
6260.3  9.509950E-13
6263.2  9.671848E-13
6266.1  9.777158E-13
6269.  9.862228E-13
6271.9  9.938359E-13
6274.8  9.986441E-13
6277.7  9.898135E-13
6280.6  9.790371E-13
6283.5  9.810288E-13
6286.4  9.848899E-13
6289.3  9.873945E-13
6292.2  9.878627E-13
6295.1  9.821176E-13
6298.  9.743712E-13
6300.9  9.717036E-13
6303.8  9.696785E-13
6306.7  9.747188E-13
6309.6  9.707530E-13
6312.5  9.564548E-13
6315.4  9.471443E-13
6318.3  9.473879E-13
6321.2  9.569957E-13
6324.1  9.673662E-13
6327.  9.724383E-13
6329.9  9.747329E-13
6332.8  9.723379E-13
6335.7  9.645082E-13
6338.6  9.604718E-13
6341.5  9.618413E-13
6344.4  9.697484E-13
6347.3  9.813060E-13
6350.2  9.842547E-13
6353.1  9.753603E-13
6356.  9.641513E-13
6358.9  9.528285E-13
6361.8  9.498965E-13
6364.7  9.571456E-13
6367.6  9.763835E-13
6370.5  9.939376E-13
6373.4  1.004942E-12
6376.3  1.007387E-12
6379.2  1.003144E-12
6382.1  9.991594E-13
6385.  9.975381E-13
6387.9  9.945236E-13
6390.8  9.942967E-13
6393.7  9.884362E-13
6396.6  9.757566E-13
6399.5  9.724198E-13
6402.4  9.778059E-13
6405.3  9.792059E-13
6408.2  9.757050E-13
6411.1  9.698474E-13
6414.  9.710691E-13
6416.9  9.717597E-13
6419.8  9.738806E-13
6422.7  9.727171E-13
6425.6  9.720558E-13
6428.5  9.694903E-13
6431.4  9.652678E-13
6434.3  9.647692E-13
6437.2  9.725383E-13
6440.1  9.811276E-13
6443.  9.868963E-13
6445.9  9.907227E-13
6448.8  9.880157E-13
6451.7  9.762245E-13
6454.6  9.655125E-13
6457.5  9.676933E-13
6460.4  9.760180E-13
6463.3  9.760280E-13
6466.2  9.730353E-13
6469.1  9.716582E-13
6472.  9.793428E-13
6474.9  9.880147E-13
6477.8  9.910089E-13
6480.7  9.906664E-13
6483.6  9.948808E-13
6486.5  9.843705E-13
6489.4  9.726386E-13
6492.3  9.579868E-13
6495.2  9.425687E-13
6498.1  9.337698E-13
6501.  9.358948E-13
6503.9  9.501572E-13
6506.8  9.702609E-13
6509.7  9.859498E-13
6512.6  9.934225E-13
6515.5  9.925708E-13
6518.4  9.891127E-13
6521.3  9.888327E-13
6524.2  9.901177E-13
6527.1  9.908271E-13
6530.  9.902337E-13
6532.9  9.883893E-13
6535.8  9.869143E-13
6538.7  9.862176E-13
6541.6  9.853698E-13
6544.5  9.831172E-13
6547.4  9.780306E-13
6550.3  9.698581E-13
6553.2  9.590085E-13
6556.1  9.449861E-13
6559.  9.280058E-13
6561.9  9.098440E-13
6564.8  8.946798E-13
6567.7  8.935439E-13
6570.6  9.094514E-13
6573.5  9.300958E-13
6576.4  9.477498E-13
6579.3  9.611496E-13
6582.2  9.699423E-13
6585.1  9.751930E-13
6588.  9.778245E-13
6590.9  9.787674E-13
6593.8  9.794630E-13
6596.7  9.812683E-13
6599.6  9.854290E-13
6602.5  9.920164E-13
6605.4  9.979552E-13
6608.3  1.001026E-12
6611.2  1.001471E-12
6614.1  1.000428E-12
6617.  1.000191E-12
6619.9  1.000537E-12
6622.8  9.991139E-13
6625.7  9.957536E-13
6628.6  9.914721E-13
6631.5  9.868324E-13
6634.4  9.824550E-13
6637.3  9.806650E-13
6640.2  9.826139E-13
6643.1  9.837776E-13
6646.  9.818509E-13
6648.9  9.815265E-13
6651.8  9.844293E-13
6654.7  9.873034E-13
6657.6  9.880264E-13
6660.5  9.855016E-13
6663.4  9.810857E-13
6666.3  9.776199E-13
6669.2  9.764113E-13
6672.1  9.778465E-13
6675.  9.815381E-13
6677.9  9.862583E-13
6680.8  9.884847E-13
6683.7  9.864529E-13
6686.6  9.838709E-13
6689.5  9.824730E-13
6692.4  9.799288E-13
6695.3  9.756018E-13
6698.2  9.705352E-13
6701.1  9.657926E-13
6704.  9.624184E-13
6706.9  9.609286E-13
6709.8  9.613781E-13
6712.7  9.612883E-13
6715.6  9.587893E-13
6718.5  9.584399E-13
6721.4  9.635435E-13
6724.3  9.712996E-13
6727.2  9.782589E-13
6730.1  9.806159E-13
6733.  9.780856E-13
6735.9  9.747665E-13
6738.8  9.725077E-13
6741.7  9.714961E-13
6744.6  9.710507E-13
6747.5  9.701281E-13
6750.4  9.711724E-13
6753.3  9.766106E-13
6756.2  9.845269E-13
6759.1  9.917611E-13
6762.  9.938226E-13
6764.9  9.887785E-13
6767.8  9.796541E-13
6770.7  9.710753E-13
6773.6  9.694778E-13
6776.5  9.733414E-13
6779.4  9.745390E-13
6782.3  9.719233E-13
6785.2  9.680384E-13
6788.1  9.653866E-13
6791.  9.661447E-13
6793.9  9.695272E-13
6796.8  9.738844E-13
6799.7  9.775757E-13
6802.6  9.792939E-13
6805.5  9.784119E-13
6808.4  9.760887E-13
6811.3  9.759424E-13
6814.2  9.786963E-13
6817.1  9.822924E-13
6820.  9.851137E-13
6822.9  9.858542E-13
6825.8  9.852515E-13
6828.7  9.846835E-13
6831.6  9.836078E-13
6834.5  9.812678E-13
6837.4  9.776483E-13
6840.3  9.730296E-13
6843.2  9.676398E-13
6846.1  9.633902E-13
6849.  9.653656E-13
6851.9  9.719981E-13
6854.8  9.745098E-13
6857.7  9.731040E-13
6860.6  9.736760E-13
6863.5  9.734646E-13
6866.4  9.674222E-13
6869.3  9.578072E-13
6872.2  9.488422E-13
6875.1  9.460108E-13
6878.  9.515587E-13
6880.9  9.579221E-13
6883.8  9.599501E-13
6886.7  9.589352E-13
6889.6  9.563871E-13
6892.5  9.540813E-13
6895.4  9.528532E-13
6898.3  9.525087E-13
6901.2  9.534253E-13
6904.1  9.559534E-13
6907.  9.579544E-13
6909.9  9.572714E-13
6912.8  9.552694E-13
6915.7  9.537269E-13
6918.6  9.536239E-13
6921.5  9.549681E-13
6924.4  9.558631E-13
6927.3  9.551687E-13
6930.2  9.529387E-13
6933.1  9.497127E-13
6936.  9.464898E-13
6938.9  9.431468E-13
6941.8  9.390791E-13
6944.7  9.342779E-13
6947.6  9.292012E-13
6950.5  9.261724E-13
6953.4  9.269742E-13
6956.3  9.302825E-13
6959.2  9.344695E-13
6962.1  9.382512E-13
6965.  9.410636E-13
6967.9  9.438424E-13
6970.8  9.451159E-13
6973.7  9.413466E-13
6976.6  9.335312E-13
6979.5  9.252347E-13
6982.4  9.204219E-13
6985.3  9.221502E-13
6988.2  9.269713E-13
6991.1  9.303944E-13
6994.  9.311091E-13
6996.9  9.289030E-13
6999.8  9.251948E-13
7002.7  9.214609E-13
7005.6  9.187642E-13
7008.5  9.169117E-13
7011.4  9.143891E-13
7014.3  9.108052E-13
7017.2  9.066007E-13
7020.1  9.034968E-13
7023.  9.034917E-13
7025.9  9.066744E-13
7028.8  9.122944E-13
7031.7  9.189461E-13
7034.6  9.251916E-13
7037.5  9.300213E-13
7040.4  9.332427E-13
7043.3  9.362352E-13
7046.2  9.387130E-13
7049.1  9.381943E-13
7052.  9.356517E-13
7054.9  9.343758E-13
7057.8  9.348815E-13
7060.7  9.363183E-13
7063.6  9.364582E-13
7066.5  9.334382E-13
7069.4  9.298005E-13
7072.3  9.281649E-13
7075.2  9.291892E-13
7078.1  9.314406E-13
7081.  9.294334E-13
7083.9  9.218398E-13
7086.8  9.129668E-13
7089.7  9.067243E-13
7092.6  9.064824E-13
7095.5  9.107113E-13
7098.4  9.151574E-13
7101.3  9.186055E-13
7104.2  9.207482E-13
7107.1  9.201340E-13
7110.  9.161023E-13
7112.9  9.106821E-13
7115.8  9.057116E-13
7118.7  9.015290E-13
7121.6  8.985142E-13
7124.5  8.971980E-13
7127.4  8.972525E-13
7130.3  8.975955E-13
7133.2  8.981979E-13
7136.1  8.995802E-13
7139.  9.012144E-13
7141.9  9.023268E-13
7144.8  9.017870E-13
7147.7  8.994182E-13
7150.6  8.991356E-13
7153.5  9.036859E-13
7156.4  9.116656E-13
7159.3  9.205761E-13
7162.2  9.267570E-13
7165.1  9.287214E-13
7168.  9.275161E-13
7170.9  9.242914E-13
7173.8  9.202037E-13
7176.7  9.152655E-13
7179.6  9.089448E-13
7182.5  8.987236E-13
7185.4  8.833336E-13
7188.3  8.694443E-13
7191.2  8.625964E-13
7194.1  8.620030E-13
7197.  8.644641E-13
7199.9  8.631925E-13
7202.8  8.574042E-13
7205.7  8.537280E-13
7208.6  8.554083E-13
7211.5  8.630524E-13
7214.4  8.738868E-13
7217.3  8.835827E-13
7220.2  8.922454E-13
7223.1  9.008901E-13
7226.  9.080767E-13
7228.9  9.122971E-13
7231.8  9.123644E-13
7234.7  9.085771E-13
7237.6  9.038849E-13
7240.5  9.006620E-13
7243.4  9.003660E-13
7246.3  9.016774E-13
7249.2  9.009472E-13
7252.1  8.987492E-13
7255.  8.977156E-13
7257.9  8.976033E-13
7260.8  8.974065E-13
7263.7  8.970870E-13
7266.6  8.966009E-13
7269.5  8.958452E-13
7272.4  8.940885E-13
7275.3  8.886802E-13
7278.2  8.801484E-13
7281.1  8.740342E-13
7284.  8.708783E-13
7286.9  8.665781E-13
7289.8  8.613777E-13
7292.7  8.577436E-13
7295.6  8.586081E-13
7298.5  8.660290E-13
7301.4  8.750927E-13
7304.3  8.802739E-13
7307.2  8.804007E-13
7310.1  8.764785E-13
7313.  8.732021E-13
7315.9  8.734856E-13
7318.8  8.765706E-13
7321.7  8.806404E-13
7324.6  8.827881E-13
7327.5  8.835645E-13
7330.4  8.857381E-13
7333.3  8.906836E-13
7336.2  8.986709E-13
7339.1  9.069013E-13
7342.  9.119077E-13
7344.9  9.107378E-13
7347.8  9.028422E-13
7350.7  8.938957E-13
7353.6  8.875580E-13
7356.5  8.821710E-13
7359.4  8.777043E-13
7362.3  8.760012E-13
7365.2  8.774079E-13
7368.1  8.811920E-13
7371.  8.860962E-13
7373.9  8.905682E-13
7376.8  8.928517E-13
7379.7  8.916777E-13
7382.6  8.872701E-13
7385.5  8.809418E-13
7388.4  8.759638E-13
7391.3  8.744584E-13
7394.2  8.757226E-13
7397.1  8.785514E-13
7400.  8.812805E-13
7402.9  8.831830E-13
7405.8  8.846041E-13
7408.7  8.837820E-13
7411.6  8.784517E-13
7414.5  8.711605E-13
7417.4  8.658043E-13
7420.3  8.642378E-13
7423.2  8.672398E-13
7426.1  8.741206E-13
7429.  8.828234E-13
7431.9  8.892870E-13
7434.8  8.913228E-13
7437.7  8.898497E-13
7440.6  8.861485E-13
7443.5  8.816694E-13
7446.4  8.785955E-13
7449.3  8.790718E-13
7452.2  8.815486E-13
7455.1  8.832528E-13
7458.  8.831465E-13
7460.9  8.811610E-13
7463.8  8.794297E-13
7466.7  8.796177E-13
7469.6  8.813130E-13
7472.5  8.833035E-13
7475.4  8.831343E-13
7478.3  8.810601E-13
7481.2  8.803356E-13
7484.1  8.808700E-13
7487.  8.805376E-13
7489.9  8.788302E-13
7492.8  8.760318E-13
7495.7  8.738847E-13
7498.6  8.740693E-13
7501.5  8.763348E-13
7504.4  8.795853E-13
7507.3  8.813298E-13
7510.2  8.805371E-13
7513.1  8.789485E-13
7516.  8.786439E-13
7518.9  8.821625E-13
7521.8  8.873381E-13
7524.7  8.886445E-13
7527.6  8.874464E-13
7530.5  8.879528E-13
7533.4  8.901587E-13
7536.3  8.928706E-13
7539.2  8.948531E-13
7542.1  8.951742E-13
7545.  8.941822E-13
7547.9  8.926123E-13
7550.8  8.917901E-13
7553.7  8.915157E-13
7556.6  8.892658E-13
7559.5  8.859568E-13
7562.4  8.852731E-13
7565.3  8.864746E-13
7568.2  8.867371E-13
7571.1  8.861375E-13
7574.  8.855373E-13
7576.9  8.849704E-13
7579.8  8.844027E-13
7582.7  8.838400E-13
7585.6  8.832741E-13
7588.5  8.827081E-13
7591.4  8.821421E-13
7594.3  8.815762E-13
7597.2  8.810100E-13
7600.1  8.804440E-13
7603.  8.798780E-13
7605.9  8.793120E-13
7608.8  8.787460E-13
7611.7  8.781800E-13
7614.6  8.776140E-13
7617.5  8.770479E-13
7620.4  8.764819E-13
7623.3  8.759159E-13
7626.2  8.753579E-13
7629.1  8.747964E-13
7632.  8.741361E-13
7634.9  8.735676E-13
7637.8  8.735561E-13
7640.7  8.738066E-13
7643.6  8.735904E-13
7646.5  8.718202E-13
7649.4  8.676214E-13
7652.3  8.627330E-13
7655.2  8.592154E-13
7658.1  8.569466E-13
7661.  8.556589E-13
7663.9  8.554346E-13
7666.8  8.569124E-13
7669.7  8.623584E-13
7672.6  8.700579E-13
7675.5  8.733710E-13
7678.4  8.730817E-13
7681.3  8.752880E-13
7684.2  8.787634E-13
7687.1  8.794026E-13
7690.  8.775886E-13
7692.9  8.747938E-13
7695.8  8.708868E-13
7698.7  8.664193E-13
7701.6  8.650282E-13
7704.5  8.678268E-13
7707.4  8.705769E-13
7710.3  8.701337E-13
7713.2  8.647389E-13
7716.1  8.582375E-13
7719.  8.590266E-13
7721.9  8.649486E-13
7724.8  8.686855E-13
7727.7  8.698459E-13
7730.6  8.701094E-13
7733.5  8.706047E-13
7736.4  8.719306E-13
7739.3  8.721078E-13
7742.2  8.700326E-13
7745.1  8.673474E-13
7748.  8.653479E-13
7750.9  8.643041E-13
7753.8  8.657200E-13
7756.7  8.721380E-13
7759.6  8.805480E-13
7762.5  8.851117E-13
7765.4  8.854558E-13
7768.3  8.834332E-13
7771.2  8.811069E-13
7774.1  8.801947E-13
7777.  8.801832E-13
7779.9  8.800274E-13
7782.8  8.782040E-13
7785.7  8.746577E-13
7788.6  8.720111E-13
7791.5  8.709015E-13
7794.4  8.698271E-13
7797.3  8.683303E-13
7800.2  8.665538E-13
7803.1  8.655840E-13
7806.  8.666659E-13
7808.9  8.683811E-13
7811.8  8.691151E-13
7814.7  8.701205E-13
7817.6  8.722325E-13
7820.5  8.737739E-13
7823.4  8.738667E-13
7826.3  8.736647E-13
7829.2  8.725691E-13
7832.1  8.678504E-13
7835.  8.607386E-13
7837.9  8.551724E-13
7840.8  8.528341E-13
7843.7  8.540699E-13
7846.6  8.571797E-13
7849.5  8.600687E-13
7852.4  8.627847E-13
7855.3  8.657947E-13
7858.2  8.701499E-13
7861.1  8.751886E-13
7864.  8.763510E-13
7866.9  8.723588E-13
7869.8  8.666053E-13
7872.7  8.604132E-13
7875.6  8.533526E-13
7878.5  8.473329E-13
7881.4  8.449397E-13
7884.3  8.444812E-13
7887.2  8.432037E-13
7890.1  8.416293E-13
7893.  8.403312E-13
7895.9  8.374443E-13
7898.8  8.322897E-13
7901.7  8.273245E-13
7904.6  8.236602E-13
7907.5  8.203702E-13
7910.4  8.159931E-13
7913.3  8.084923E-13
7916.2  8.005444E-13
7919.1  7.972081E-13
7922.  7.985119E-13
7924.9  8.023561E-13
7927.8  8.060433E-13
7930.7  8.072654E-13
7933.6  8.064123E-13
7936.5  8.044096E-13
7939.4  8.022994E-13
7942.3  8.004404E-13
7945.2  7.973140E-13
7948.1  7.950018E-13
7951.  7.995058E-13
7953.9  8.081474E-13
7956.8  8.129789E-13
7959.7  8.141988E-13
7962.6  8.151743E-13
7965.5  8.175437E-13
7968.4  8.219967E-13
7971.3  8.260795E-13
7974.2  8.275696E-13
7977.1  8.263652E-13
7980.  8.237766E-13
7982.9  8.234705E-13
7985.8  8.261148E-13
7988.7  8.287299E-13
7991.6  8.293065E-13
7994.5  8.266792E-13
7997.4  8.223271E-13
8000.3  8.189579E-13
8003.2  8.176168E-13
8006.1  8.185501E-13
8009.  8.209006E-13
8011.9  8.236141E-13
8014.8  8.264950E-13
8017.7  8.287807E-13
8020.6  8.285135E-13
8023.5  8.249553E-13
8026.4  8.187666E-13
8029.3  8.128371E-13
8032.2  8.114576E-13
8035.1  8.155658E-13
8038.  8.238569E-13
8040.9  8.296137E-13
8043.8  8.262338E-13
8046.7  8.186635E-13
8049.6  8.132035E-13
8052.5  8.111417E-13
8055.4  8.126666E-13
8058.3  8.167968E-13
8061.2  8.211822E-13
8064.1  8.220764E-13
8067.  8.186147E-13
8069.9  8.127406E-13
8072.8  8.069318E-13
8075.7  8.037493E-13
8078.6  8.032844E-13
8081.5  8.043482E-13
8084.4  8.050353E-13
8087.3  8.036195E-13
8090.2  7.999006E-13
8093.1  7.945068E-13
8096.  7.889657E-13
8098.9  7.852405E-13
8101.8  7.858947E-13
8104.7  7.900948E-13
8107.6  7.934920E-13
8110.5  7.948270E-13
8113.4  7.949608E-13
8116.3  7.953654E-13
8119.2  7.975999E-13
8122.1  8.015364E-13
8125.  8.061397E-13
8127.9  8.085738E-13
8130.8  8.070543E-13
8133.7  8.034425E-13
8136.6  7.999195E-13
8139.5  7.986499E-13
8142.4  7.994811E-13
8145.3  7.993407E-13
8148.2  7.978754E-13
8151.1  7.966030E-13
8154.  7.964684E-13
8156.9  7.980139E-13
8159.8  7.969219E-13
8162.7  7.894158E-13
8165.6  7.826557E-13
8168.5  7.828664E-13
8171.4  7.875044E-13
8174.3  7.921664E-13
8177.2  7.898458E-13
8180.1  7.806373E-13
8183.  7.747159E-13
8185.9  7.737271E-13
8188.8  7.723261E-13
8191.7  7.688009E-13
8194.6  7.633478E-13
8197.5  7.580263E-13
8200.4  7.555836E-13
8203.3  7.588432E-13
8206.2  7.687794E-13
8209.1  7.800448E-13
8212.  7.889016E-13
8214.9  7.978263E-13
8217.8  8.067902E-13
8220.7  8.126589E-13
8223.6  8.097125E-13
8226.5  7.898854E-13
8229.4  7.626602E-13
8232.3  7.466987E-13
8235.2  7.459265E-13
8238.1  7.573927E-13
8241.  7.730725E-13
8243.9  7.848183E-13
8246.8  7.927055E-13
8249.7  7.974360E-13
8252.6  7.974497E-13
8255.5  7.933705E-13
8258.4  7.883728E-13
8261.3  7.863314E-13
8264.2  7.918095E-13
8267.1  8.004918E-13
8270.  8.027201E-13
8272.9  7.975426E-13
8275.8  7.880755E-13
8278.7  7.790259E-13
8281.6  7.746032E-13
8284.5  7.730291E-13
8287.4  7.723527E-13
8290.3  7.737981E-13
8293.2  7.774280E-13
8296.1  7.814081E-13
8299.  7.835749E-13
8301.9  7.812529E-13
8304.8  7.763437E-13
8307.7  7.739939E-13
8310.6  7.737131E-13
8313.5  7.725717E-13
8316.4  7.699648E-13
8319.3  7.660930E-13
8322.2  7.625972E-13
8325.1  7.606264E-13
8328.  7.583439E-13
8330.9  7.549687E-13
8333.8  7.525507E-13
8336.7  7.519968E-13
8339.6  7.525035E-13
8342.5  7.541811E-13
8345.4  7.578267E-13
8348.3  7.619032E-13
8351.2  7.639509E-13
8354.1  7.647587E-13
8357.  7.659664E-13
8359.9  7.671687E-13
8362.8  7.679259E-13
8365.7  7.690497E-13
8368.6  7.709353E-13
8371.5  7.731014E-13
8374.4  7.742418E-13
8377.3  7.718666E-13
8380.2  7.662300E-13
8383.1  7.601866E-13
8386.  7.553013E-13
8388.9  7.522825E-13
8391.8  7.517876E-13
8394.7  7.539996E-13
8397.6  7.576452E-13
8400.5  7.611719E-13
8403.4  7.636470E-13
8406.3  7.645523E-13
8409.2  7.641485E-13
8412.1  7.627546E-13
8415.  7.604098E-13
8417.9  7.579637E-13
8420.8  7.570264E-13
8423.7  7.574235E-13
8426.6  7.577838E-13
8429.5  7.575548E-13
8432.4  7.565484E-13
8435.3  7.538134E-13
8438.2  7.490223E-13
8441.1  7.448162E-13
8444.  7.437442E-13
8446.9  7.470007E-13
8449.8  7.537597E-13
8452.7  7.599028E-13
8455.6  7.631467E-13
8458.5  7.636501E-13
8461.4  7.625775E-13
8464.3  7.619892E-13
8467.2  7.609526E-13
8470.1  7.574720E-13
8473.  7.543410E-13
8475.9  7.547723E-13
8478.8  7.572544E-13
8481.7  7.596129E-13
8484.6  7.607842E-13
8487.5  7.596113E-13
8490.4  7.553117E-13
8493.3  7.460798E-13
8496.2  7.284159E-13
8499.1  7.066658E-13
8502.  6.908534E-13
8504.9  6.882780E-13
8507.8  7.031007E-13
8510.7  7.238107E-13
8513.6  7.356948E-13
8516.5  7.391809E-13
8519.4  7.383765E-13
8522.3  7.386132E-13
8525.2  7.423386E-13
8528.1  7.439753E-13
8531.  7.390090E-13
8533.9  7.260352E-13
8536.8  7.030754E-13
8539.7  6.684098E-13
8542.6  6.302285E-13
8545.5  6.015566E-13
8548.4  5.982760E-13
8551.3  6.314184E-13
8554.2  6.772904E-13
8557.1  7.096349E-13
8560.  7.299346E-13
8562.9  7.428357E-13
8565.8  7.508377E-13
8568.7  7.559496E-13
8571.6  7.573308E-13
8574.5  7.559207E-13
8577.4  7.544376E-13
8580.3  7.541948E-13
8583.2  7.554816E-13
8586.1  7.585089E-13
8589.  7.630756E-13
8591.9  7.679240E-13
8594.8  7.714441E-13
8597.7  7.715195E-13
8600.6  7.672420E-13
8603.5  7.610767E-13
8606.4  7.549506E-13
8609.3  7.489181E-13
8612.2  7.436670E-13
8615.1  7.403124E-13
8618.  7.407065E-13
8620.9  7.470581E-13
8623.8  7.565725E-13
8626.7  7.644011E-13
8629.6  7.711495E-13
8632.5  7.782641E-13
8635.4  7.820399E-13
8638.3  7.799991E-13
8641.2  7.763199E-13
8644.1  7.731216E-13
8647.  7.666227E-13
8649.9  7.558256E-13
8652.8  7.439649E-13
8655.7  7.293861E-13
8658.6  7.074579E-13
8661.5  6.781536E-13
8664.4  6.445780E-13
8667.3  6.259167E-13
8670.2  6.405172E-13
8673.1  6.721842E-13
8676.  7.008294E-13
8678.9  7.221137E-13
8681.8  7.347536E-13
8684.7  7.412841E-13
8687.6  7.441743E-13
8690.5  7.438196E-13
8693.4  7.424911E-13
8696.3  7.438473E-13
8699.2  7.471765E-13
8702.1  7.493146E-13
8705.  7.508378E-13
8707.9  7.533669E-13
8710.8  7.559571E-13
8713.7  7.576625E-13
8716.6  7.600147E-13
8719.5  7.636418E-13
8722.4  7.662347E-13
8725.3  7.661582E-13
8728.2  7.631185E-13
8731.1  7.580598E-13
8734.  7.532044E-13
8736.9  7.497525E-13
8739.8  7.480776E-13
8742.7  7.480174E-13
8745.6  7.490376E-13
8748.5  7.512313E-13
8751.4  7.544474E-13
8754.3  7.561648E-13
8757.2  7.552164E-13
8760.1  7.556443E-13
8763.  7.588913E-13
8765.9  7.607035E-13
8768.8  7.595311E-13
8771.7  7.571262E-13
8774.6  7.546298E-13
8777.5  7.527921E-13
8780.4  7.520867E-13
8783.3  7.525782E-13
8786.2  7.529065E-13
8789.1  7.515901E-13
8792.  7.488072E-13
8794.9  7.451596E-13
8797.8  7.414044E-13
8800.7  7.380963E-13
8803.6  7.354047E-13
8806.5  7.326901E-13
8809.4  7.277977E-13
8812.3  7.237084E-13
8815.2  7.275245E-13
8818.1  7.353331E-13
8821.  7.382321E-13
8823.9  7.375761E-13
8826.8  7.375868E-13
8829.7  7.395166E-13
8832.6  7.433533E-13
8835.5  7.456647E-13
8838.4  7.445460E-13
8841.3  7.422870E-13
8844.2  7.423181E-13
8847.1  7.494782E-13
8850.  7.629121E-13
8852.9  7.763207E-13
8855.8  7.858752E-13
8858.7  7.895776E-13
8861.6  7.856773E-13
8864.5  7.738864E-13
8867.4  7.591408E-13
8870.3  7.469899E-13
8873.2  7.401286E-13
8876.1  7.389576E-13
8879.  7.393110E-13
8881.9  7.389462E-13
8884.8  7.401160E-13
8887.7  7.423389E-13
8890.6  7.423351E-13
8893.5  7.405519E-13
8896.4  7.396859E-13
8899.3  7.402850E-13
8902.2  7.419611E-13
8905.1  7.444147E-13
8908.  7.470617E-13
8910.9  7.483160E-13
8913.8  7.472445E-13
8916.7  7.452045E-13
8919.6  7.430622E-13
8922.5  7.402865E-13
8925.4  7.369767E-13
8928.3  7.337860E-13
8931.2  7.322062E-13
8934.1  7.341604E-13
8937.  7.386506E-13
8939.9  7.433082E-13
8942.8  7.464394E-13
8945.7  7.470189E-13
8948.6  7.456737E-13
8951.5  7.439058E-13
8954.4  7.449934E-13
8957.3  7.496332E-13
8960.2  7.530072E-13
8963.1  7.521697E-13
8966.  7.469899E-13
8968.9  7.399442E-13
8971.8  7.353497E-13
8974.7  7.364364E-13
8977.6  7.447631E-13
8980.5  7.528177E-13
8983.4  7.514794E-13
8986.3  7.373913E-13
8989.2  7.129578E-13
8992.1  6.963639E-13
8995.  6.981974E-13
8997.9  7.063593E-13
9000.8  7.132338E-13
9003.7  7.197752E-13
9006.6  7.270109E-13
9009.5  7.369392E-13
9012.4  7.452742E-13
9015.3  7.446177E-13
9018.2  7.368021E-13
9021.1  7.269704E-13
9024.  7.156252E-13
9026.9  7.036096E-13
9029.8  6.969784E-13
9032.7  6.993118E-13
9035.6  7.068888E-13
9038.5  7.162488E-13
9041.4  7.256616E-13
9044.3  7.336745E-13
9047.2  7.394516E-13
9050.1  7.434161E-13
9053.  7.466952E-13
9055.9  7.496776E-13
9058.8  7.521964E-13
9061.7  7.513688E-13
9064.6  7.448221E-13
9067.5  7.358013E-13
9070.4  7.273995E-13
9073.3  7.192618E-13
9076.2  7.113014E-13
9079.1  7.041607E-13
9082.  6.986790E-13
9084.9  6.960795E-13
9087.8  6.957513E-13
9090.7  6.957068E-13
9093.6  6.959550E-13
9096.5  6.972800E-13
9099.4  6.979766E-13
9102.3  6.963704E-13
9105.2  6.939341E-13
9108.1  6.926523E-13
9111.  6.950469E-13
9113.9  7.004884E-13
9116.8  7.006529E-13
9119.7  6.962296E-13
9122.6  7.010343E-13
9125.5  7.121773E-13
9128.4  7.138232E-13
9131.3  7.036826E-13
9134.2  6.867625E-13
9137.1  6.746739E-13
9140.  6.782266E-13
9142.9  6.891698E-13
9145.8  6.965016E-13
9148.7  6.954245E-13
9151.6  6.850578E-13
9154.5  6.716299E-13
9157.4  6.616687E-13
9160.3  6.608395E-13
9163.2  6.675929E-13
9166.1  6.738275E-13
9169.  6.732913E-13
9171.9  6.618578E-13
9174.8  6.468281E-13
9177.7  6.388117E-13
9180.6  6.384660E-13
9183.5  6.436353E-13
9186.4  6.520842E-13
9189.3  6.606848E-13
9192.2  6.650650E-13
9195.1  6.644297E-13
9198.  6.638802E-13
9200.9  6.657275E-13
9203.8  6.691423E-13
9206.7  6.719508E-13
9209.6  6.712801E-13
9212.5  6.668438E-13
9215.4  6.600102E-13
9218.3  6.565285E-13
9221.2  6.612166E-13
9224.1  6.695537E-13
9227.  6.764935E-13
9229.9  6.808626E-13
9232.8  6.815867E-13
9235.7  6.773618E-13
9238.6  6.694294E-13
9241.5  6.616111E-13
9244.4  6.564748E-13
9247.3  6.553552E-13
9250.2  6.571146E-13
9253.1  6.594018E-13
9256.  6.607253E-13
9258.9  6.604431E-13
9261.8  6.604648E-13
9264.7  6.628903E-13
9267.6  6.691017E-13
9270.5  6.781872E-13
9273.4  6.851491E-13
9276.3  6.863328E-13
9279.2  6.800933E-13
9282.1  6.698325E-13
9285.  6.628831E-13
9287.9  6.619504E-13
9290.8  6.667533E-13
9293.7  6.729086E-13
9296.6  6.755430E-13
9299.5  6.764951E-13
9302.4  6.788125E-13
9305.3  6.853342E-13
9308.2  6.956160E-13
9311.1  7.016620E-13
9314.  6.990840E-13
9316.9  6.896259E-13
9319.8  6.766406E-13
9322.7  6.645379E-13
9325.6  6.586870E-13
9328.5  6.635873E-13
9331.4  6.724324E-13
9334.3  6.749370E-13
9337.2  6.631735E-13
9340.1  6.355685E-13
9343.  6.122868E-13
9345.9  6.089737E-13
9348.8  6.226033E-13
9351.7  6.426290E-13
9354.6  6.473927E-13
9357.5  6.364017E-13
9360.4  6.326972E-13
9363.3  6.374683E-13
9366.2  6.383112E-13
9369.1  6.307611E-13
9372.  6.140203E-13
9374.9  5.922270E-13
9377.8  5.713313E-13
9380.7  5.551496E-13
9383.6  5.475487E-13
9386.5  5.539461E-13
9389.4  5.752048E-13
9392.3  6.055577E-13
9395.2  6.351570E-13
9398.1  6.502869E-13
9401.  6.496749E-13
9403.9  6.418960E-13
9406.8  6.312670E-13
9409.7  6.204281E-13
9412.6  6.129659E-13
9415.5  6.114381E-13
9418.4  6.168315E-13
9421.3  6.267980E-13
9424.2  6.288010E-13
9427.1  6.189847E-13
9430.  6.142596E-13
9432.9  6.195070E-13
9435.8  6.231123E-13
9438.7  6.181708E-13
9441.6  6.010683E-13
9444.5  5.859343E-13
9447.4  5.937306E-13
9450.3  6.165077E-13
9453.2  6.371426E-13
9456.1  6.421945E-13
9459.  6.258718E-13
9461.9  6.075005E-13
9464.8  6.024444E-13
9467.7  6.085505E-13
9470.6  6.199726E-13
9473.5  6.267648E-13
9476.4  6.246570E-13
9479.3  6.153052E-13
9482.2  6.075478E-13
9485.1  6.129811E-13
9488.  6.296604E-13
9490.9  6.492423E-13
9493.8  6.526473E-13
9496.7  6.274752E-13
9499.6  5.964372E-13
9502.5  5.819626E-13
9505.4  5.921888E-13
9508.3  6.240445E-13
9511.2  6.583757E-13
9514.1  6.790969E-13
9517.  6.753330E-13
9519.9  6.541685E-13
9522.8  6.347664E-13
9525.7  6.253426E-13
9528.6  6.280352E-13
9531.5  6.388021E-13
9534.4  6.510683E-13
9537.3  6.592224E-13
9540.2  6.599127E-13
9543.1  6.555712E-13
9546.  6.493076E-13
9548.9  6.437675E-13
9551.8  6.400163E-13
9554.7  6.369238E-13
9557.6  6.337678E-13
9560.5  6.303073E-13
9563.4  6.262461E-13
9566.3  6.216184E-13
9569.2  6.207104E-13
9572.1  6.273638E-13
9575.  6.376436E-13
9577.9  6.465067E-13
9580.8  6.507931E-13
9583.7  6.486350E-13
9586.6  6.407620E-13
9589.5  6.283617E-13
9592.4  6.118933E-13
9595.3  5.984886E-13
9598.2  6.001114E-13
9601.1  6.119930E-13
9604.  6.211882E-13
9606.9  6.268210E-13
9609.8  6.315518E-13
9612.7  6.364007E-13
9615.6  6.412223E-13
9618.5  6.404224E-13
9621.4  6.318203E-13
9624.3  6.218168E-13
9627.2  6.163507E-13
9630.1  6.201791E-13
9633.  6.303554E-13
9635.9  6.370044E-13
9638.8  6.356662E-13
9641.7  6.257859E-13
9644.6  6.156977E-13
9647.5  6.154288E-13
9650.4  6.215114E-13
9653.3  6.277387E-13
9656.2  6.316714E-13
9659.1  6.314838E-13
9662.  6.257110E-13
9664.9  6.165711E-13
9667.8  6.117724E-13
9670.7  6.137894E-13
9673.6  6.192473E-13
9676.5  6.252935E-13
9679.4  6.294615E-13
9682.3  6.302467E-13
9685.2  6.272563E-13
9688.1  6.235176E-13
9691.  6.221905E-13
9693.9  6.223836E-13
9696.8  6.226061E-13
9699.7  6.213626E-13
9702.6  6.188728E-13
9705.5  6.187006E-13
9708.4  6.222440E-13
9711.3  6.282340E-13
9714.2  6.345877E-13
9717.1  6.386536E-13
9720.  6.404042E-13
9722.9  6.410623E-13
9725.8  6.408367E-13
9728.7  6.395517E-13
9731.6  6.356553E-13
9734.5  6.284204E-13
9737.4  6.199870E-13
9740.3  6.131525E-13
9743.2  6.117308E-13
9746.1  6.152345E-13
9749.  6.172633E-13
9751.9  6.166086E-13
9754.8  6.165773E-13
9757.7  6.164767E-13
9760.6  6.141292E-13
9763.5  6.127083E-13
9766.4  6.161134E-13
9769.3  6.241646E-13
9772.2  6.344835E-13
9775.1  6.395924E-13
9778.  6.360052E-13
9780.9  6.310985E-13
9783.8  6.288805E-13
9786.7  6.272023E-13
9789.6  6.254181E-13
9792.5  6.239381E-13
9795.4  6.231312E-13
9798.3  6.234347E-13
9801.2  6.238298E-13
9804.1  6.231007E-13
9807.  6.222737E-13
9809.9  6.227477E-13
9812.8  6.255614E-13
9815.7  6.306480E-13
9818.6  6.355251E-13
9821.5  6.380332E-13
9824.4  6.368485E-13
9827.3  6.329717E-13
9830.2  6.297962E-13
9833.1  6.288618E-13
9836.  6.301911E-13
9838.9  6.335291E-13
9841.8  6.381038E-13
9844.7  6.400050E-13
9847.6  6.361865E-13
9850.5  6.312697E-13
9853.4  6.292584E-13
9856.3  6.282658E-13
9859.2  6.272269E-13
9862.1  6.273974E-13
9865.  6.287487E-13
9867.9  6.299811E-13
9870.8  6.300831E-13
9873.7  6.283588E-13
9876.6  6.256467E-13
9879.5  6.234813E-13
9882.4  6.233970E-13
9885.3  6.262281E-13
9888.2  6.291845E-13
9891.1  6.299630E-13
9894.  6.305752E-13
9896.9  6.319276E-13
9899.8  6.317288E-13
9902.7  6.293452E-13
9905.6  6.261790E-13
9908.5  6.240949E-13
9911.4  6.253310E-13
9914.3  6.281581E-13
9917.2  6.289304E-13
9920.1  6.289686E-13
9923.  6.305244E-13
9925.9  6.305019E-13
9928.8  6.264916E-13
9931.7  6.216770E-13
9934.6  6.193252E-13
9937.5  6.217318E-13
9940.4  6.281027E-13
9943.3  6.329901E-13
9946.2  6.349215E-13
9949.1  6.362135E-13
9952.  6.380738E-13
9954.9  6.411179E-13
9957.8  6.423697E-13
9960.7  6.383677E-13
9963.6  6.322732E-13
9966.5  6.278897E-13
9969.4  6.245867E-13
9972.3  6.218452E-13
9975.2  6.208846E-13
9978.1  6.220399E-13
9981.  6.243471E-13
9983.9  6.267390E-13
9986.8  6.280691E-13
9989.7  6.282264E-13
9992.6  6.280109E-13
9995.5  6.259885E-13
9998.4  6.205529E-13
10001.3  6.178347E-13
10004.2  6.233803E-13
10007.1  6.310161E-13
10010.  6.346835E-13
10012.9  6.339629E-13
10015.8  6.304587E-13
10018.7  6.291303E-13
10021.6  6.309329E-13
10024.5  6.314355E-13
10027.4  6.310554E-13
10030.3  6.335467E-13
10033.2  6.376633E-13
10036.1  6.403194E-13
10039.  6.416898E-13
10041.9  6.429505E-13
10044.8  6.466788E-13
10047.7  6.537689E-13
10050.6  6.587571E-13
10053.5  6.580613E-13
10056.4  6.534519E-13
10059.3  6.463602E-13
10062.2  6.375462E-13
10065.1  6.277389E-13
10068.  6.175533E-13
10070.9  6.076353E-13
10073.8  5.986043E-13
10076.7  5.946749E-13
10079.6  5.994342E-13
10082.5  6.062231E-13
10085.4  6.083725E-13
10088.3  6.071270E-13
10091.2  6.049264E-13
10094.1  6.048824E-13
10097.  6.079698E-13
10099.9  6.112740E-13
10102.8  6.144070E-13
10105.7  6.195499E-13
10108.6  6.241357E-13
10111.5  6.234522E-13
10114.4  6.203841E-13
10117.3  6.199981E-13
10120.2  6.219082E-13
10123.1  6.248290E-13
10126.  6.297826E-13
10128.9  6.362603E-13
10131.8  6.394483E-13
10134.7  6.374530E-13
10137.6  6.338099E-13
10140.5  6.297044E-13
10143.4  6.236458E-13
10146.3  6.172382E-13
10149.2  6.136641E-13
10152.1  6.126525E-13
10155.  6.125242E-13
10157.9  6.109181E-13
10160.8  6.065117E-13
10163.7  6.046191E-13
10166.6  6.086108E-13
10169.5  6.128422E-13
10172.4  6.141135E-13
10175.3  6.150840E-13
10178.2  6.171646E-13
10181.1  6.205250E-13
10184.  6.232844E-13
10186.9  6.220376E-13
10189.8  6.189399E-13
10192.7  6.183267E-13
10195.6  6.189216E-13
10198.5  6.183771E-13
10201.4  6.179183E-13
10204.3  6.184854E-13
10207.2  6.184759E-13
10210.1  6.167624E-13
10213.  6.131816E-13
10215.9  6.094404E-13
10218.8  6.100380E-13
10221.7  6.132217E-13
10224.6  6.121463E-13
10227.5  6.086198E-13
10230.4  6.083774E-13
10233.3  6.124508E-13
10236.2  6.196937E-13
10239.1  6.239718E-13
10242.  6.208334E-13
10244.9  6.163597E-13
10247.8  6.151316E-13
10250.7  6.149485E-13
10253.6  6.146099E-13
10256.5  6.147332E-13
10259.4  6.148873E-13
10262.3  6.137895E-13
10265.2  6.125285E-13
10268.1  6.133854E-13
10271.  6.141022E-13
10273.9  6.115307E-13
10276.8  6.080364E-13
10279.7  6.066058E-13
10282.6  6.078301E-13
10285.5  6.110581E-13
10288.4  6.131226E-13
10291.3  6.126455E-13
10294.2  6.118183E-13
10297.1  6.111735E-13
10300.  6.094666E-13
10302.9  6.069194E-13
10305.8  6.046161E-13
10308.7  6.029512E-13
10311.6  6.020170E-13
10314.5  6.032564E-13
10317.4  6.073235E-13
10320.3  6.094252E-13
10323.2  6.064762E-13
10326.1  6.030465E-13
10329.  6.015821E-13
10331.9  5.994591E-13
10334.8  5.953071E-13
10337.7  5.889926E-13
10340.6  5.832191E-13
10343.5  5.826918E-13
10346.4  5.865115E-13
10349.3  5.912769E-13
10352.2  5.974431E-13
10355.1  6.058783E-13
10358.  6.160084E-13
10360.9  6.255137E-13
10363.8  6.262798E-13
10366.7  6.157183E-13
10369.6  6.029735E-13
10372.5  5.952726E-13
10375.4  5.970171E-13
10378.3  6.029953E-13
10381.2  5.998751E-13
10384.1  5.911957E-13
10387.  5.884080E-13
10389.9  5.904357E-13
10392.8  5.924226E-13
10395.7  5.882600E-13
10398.6  5.754965E-13
10401.5  5.679537E-13
10404.4  5.729333E-13
10407.3  5.767177E-13
10410.2  5.756254E-13
10413.1  5.826993E-13
10416.  5.980641E-13
10418.9  6.109602E-13
10421.8  6.127931E-13
10424.7  5.972914E-13
10427.6  5.763047E-13
10430.5  5.664822E-13
10433.4  5.666530E-13
10436.3  5.714199E-13
10439.2  5.771016E-13
10442.1  5.806763E-13
10445.  5.812191E-13
10447.9  5.809726E-13
10450.8  5.875596E-13
10453.7  5.989167E-13
10456.6  6.026304E-13
10459.5  5.976910E-13
10462.4  5.906012E-13
10465.3  5.838721E-13
10468.2  5.787832E-13
10471.1  5.788536E-13
10474.  5.863224E-13
10476.9  5.986196E-13
10479.8  6.107434E-13
10482.7  6.119394E-13
10485.6  6.013320E-13
10488.5  5.986209E-13
10491.4  6.052115E-13
10494.3  5.989164E-13
10497.2  5.839942E-13
10500.1  5.831433E-13
10503.  5.883518E-13
10505.9  5.803185E-13
10508.8  5.675850E-13
10511.7  5.638156E-13
10514.6  5.678821E-13
10517.5  5.762391E-13
10520.4  5.858645E-13
10523.3  5.935945E-13
10526.2  5.966552E-13
10529.1  5.955334E-13
10532.  5.959058E-13
10534.9  5.940956E-13
10537.8  5.785448E-13
10540.7  5.610609E-13
10543.6  5.629809E-13
10546.5  5.769722E-13
10549.4  5.875380E-13
10552.3  5.877596E-13
10555.2  5.760349E-13
10558.1  5.617391E-13
10561.  5.570660E-13
10563.9  5.806324E-13
10566.8  6.222810E-13
10569.7  6.251817E-13
10572.6  5.957180E-13
10575.5  6.007777E-13
10578.4  6.261870E-13
10581.3  6.153797E-13
10584.2  5.863695E-13
10587.1  5.774063E-13
10590.  5.816745E-13
10592.9  5.844370E-13
10595.8  5.763918E-13
10598.7  5.548181E-13
10601.6  5.325299E-13
10604.5  5.232741E-13
10607.4  5.411860E-13
10610.3  5.775313E-13
10613.2  5.988688E-13
10616.1  6.034267E-13
10619.  6.097125E-13
10621.9  6.152777E-13
10624.8  6.109988E-13
10627.7  5.900076E-13
10630.6  5.511172E-13
10633.5  5.165756E-13
10636.4  5.049614E-13
10639.3  5.142956E-13
10642.2  5.354743E-13
10645.1  5.487933E-13
10648.  5.518818E-13
10650.9  5.662687E-13
10653.8  5.819810E-13
10656.7  5.678300E-13
10659.6  5.361976E-13
10662.5  5.169056E-13
10665.4  5.151468E-13
10668.3  5.269838E-13
10671.2  5.400519E-13
10674.1  5.426059E-13
10677.  5.307934E-13
10679.9  5.108596E-13
10682.8  5.086242E-13
10685.7  5.295136E-13
10688.6  5.483721E-13
10691.5  5.644334E-13
10694.4  5.970701E-13
10697.3  6.273877E-13
10700.2  6.219012E-13
10703.1  5.905830E-13
10706.  5.574001E-13
10708.9  5.468555E-13
10711.8  5.703366E-13
10714.7  5.883533E-13
10717.6  5.752321E-13
10720.5  5.545254E-13
10723.4  5.399546E-13
10726.3  5.238478E-13
10729.2  5.204721E-13
10732.1  5.650302E-13
10735.  6.137338E-13
10737.9  5.841354E-13
10740.8  5.206236E-13
10743.7  5.026111E-13
10746.6  5.071360E-13
10749.5  4.998512E-13
10752.4  4.923455E-13
10755.3  4.987921E-13
10758.2  5.335608E-13
10761.1  5.908686E-13
10764.  6.305211E-13
10766.9  6.370343E-13
10769.8  6.233676E-13
10772.7  5.953172E-13
10775.6  5.555525E-13
10778.5  5.216702E-13
10781.4  5.129400E-13
10784.3  5.224169E-13
10787.2  5.362813E-13
10790.1  5.472842E-13
10793.  5.502588E-13
10795.9  5.442066E-13
10798.8  5.316828E-13
10801.7  5.183014E-13
10804.6  5.139351E-13
10807.5  5.328180E-13
10810.4  5.709728E-13
10813.3  6.095573E-13
10816.2  6.496525E-13
10819.1  6.986120E-13
10822.  7.144140E-13
10824.9  6.584431E-13
10827.8  5.792936E-13
10830.7  5.266897E-13
10833.6  4.967677E-13
10836.5  4.847262E-13
10839.4  4.939751E-13
10842.3  5.203787E-13
10845.2  5.509441E-13
10848.1  5.878707E-13
10851.  6.462587E-13
10853.9  7.014205E-13
10856.8  7.126310E-13
10859.7  6.894769E-13
10862.6  6.564660E-13
10865.5  6.165248E-13
10868.4  5.714251E-13
10871.3  5.295697E-13
10874.2  4.974240E-13
10877.1  4.796895E-13
10880.  4.698337E-13
10882.9  4.429482E-13
10885.8  4.095131E-13
10888.7  4.123736E-13
10891.6  4.496364E-13
10894.5  4.933384E-13
10897.4  5.299775E-13
10900.3  5.514762E-13
10903.2  5.449620E-13
10906.1  5.079513E-13
10909.  4.744165E-13
10911.9  4.732007E-13
10914.8  5.232969E-13
10917.7  5.773148E-13
10920.6  4.637816E-13
10923.5  2.330076E-13
10926.4  1.700716E-13
10929.3  2.828965E-13
10932.2  4.041393E-13
10935.1  4.512136E-13
10938.  3.862197E-13
10940.9  3.029550E-13
10943.8  3.053729E-13
10946.7  3.461636E-13
10949.6  3.700127E-13
10952.5  3.629673E-13
10955.4  3.379481E-13
10958.3  3.653733E-13
10961.2  4.352585E-13
10964.1  4.380921E-13
10967.  3.683439E-13
10969.9  2.945376E-13
10972.8  2.474665E-13
10975.7  2.388391E-13
10978.6  2.440332E-13
10981.5  2.318958E-13
10984.4  2.111963E-13
10987.3  1.954510E-13
10990.2  1.878404E-13
10993.1  1.927038E-13
10996.  2.188525E-13
10998.9  2.576187E-13
