3050.  2.957223E-13
3052.9  3.087355E-13
3055.8  2.835707E-13
3058.7  2.737534E-13
3061.6  2.814998E-13
3064.5  2.725784E-13
3067.4  2.782746E-13
3070.3  2.780023E-13
3073.2  2.809053E-13
3076.1  2.820288E-13
3079.  2.854364E-13
3081.9  3.009970E-13
3084.8  2.953846E-13
3087.7  2.810305E-13
3090.6  2.615681E-13
3093.5  2.601855E-13
3096.4  2.646876E-13
3099.3  2.692189E-13
3102.2  2.942286E-13
3105.1  3.149504E-13
3108.  3.281597E-13
3110.9  3.211084E-13
3113.8  3.321625E-13
3116.7  3.166227E-13
3119.6  3.014048E-13
3122.5  3.053182E-13
3125.4  3.089557E-13
3128.3  3.073304E-13
3131.2  3.052772E-13
3134.1  3.162334E-13
3137.  3.308733E-13
3139.9  3.165644E-13
3142.8  3.028949E-13
3145.7  2.979603E-13
3148.6  2.977753E-13
3151.5  2.966009E-13
3154.4  2.833074E-13
3157.3  2.738662E-13
3160.2  2.872636E-13
3163.1  3.072590E-13
3166.  3.250780E-13
3168.9  3.319226E-13
3171.8  3.360902E-13
3174.7  3.300738E-13
3177.6  3.025058E-13
3180.5  2.944941E-13
3183.4  2.991916E-13
3186.3  3.120966E-13
3189.2  3.199942E-13
3192.1  3.217090E-13
3195.  3.361413E-13
3197.9  3.439241E-13
3200.8  3.528470E-13
3203.7  3.405116E-13
3206.6  3.237352E-13
3209.5  3.063620E-13
3212.4  3.062407E-13
3215.3  3.206144E-13
3218.2  3.213927E-13
3221.1  3.047338E-13
3224.  2.850672E-13
3226.9  2.869318E-13
3229.8  2.937837E-13
3232.7  3.015539E-13
3235.6  3.188320E-13
3238.5  3.325255E-13
3241.4  3.417642E-13
3244.3  3.462787E-13
3247.2  3.510725E-13
3250.1  3.693986E-13
3253.  3.884230E-13
3255.9  4.066031E-13
3258.8  4.082802E-13
3261.7  4.042056E-13
3264.6  4.045521E-13
3267.5  3.950460E-13
3270.4  3.895922E-13
3273.3  3.881397E-13
3276.2  3.807403E-13
3279.1  3.813571E-13
3282.  3.838321E-13
3284.9  4.003915E-13
3287.8  4.162954E-13
3290.7  4.307815E-13
3293.6  4.406812E-13
3296.5  4.383946E-13
3299.4  4.218835E-13
3302.3  4.030537E-13
3305.2  3.996616E-13
3308.1  4.034541E-13
3311.  4.040763E-13
3313.9  4.072353E-13
3316.8  4.015085E-13
3319.7  3.923685E-13
3322.6  3.890473E-13
3325.5  3.922813E-13
3328.4  3.985915E-13
3331.3  3.853069E-13
3334.2  3.833336E-13
3337.1  3.937161E-13
3340.  3.947209E-13
3342.9  3.958179E-13
3345.8  3.937195E-13
3348.7  3.935092E-13
3351.6  3.931534E-13
3354.5  3.746324E-13
3357.4  3.490266E-13
3360.3  3.441949E-13
3363.2  3.526018E-13
3366.1  3.539339E-13
3369.  3.572298E-13
3371.9  3.708655E-13
3374.8  3.806998E-13
3377.7  3.786763E-13
3380.6  3.860929E-13
3383.5  3.978653E-13
3386.4  3.989572E-13
3389.3  3.973311E-13
3392.2  4.077561E-13
3395.1  4.261559E-13
3398.  4.280751E-13
3400.9  4.151745E-13
3403.8  4.017445E-13
3406.7  3.936589E-13
3409.6  3.984470E-13
3412.5  3.987474E-13
3415.4  4.005915E-13
3418.3  4.136911E-13
3421.2  4.150861E-13
3424.1  4.133297E-13
3427.  4.178085E-13
3429.9  4.115897E-13
3432.8  3.934470E-13
3435.7  3.691464E-13
3438.6  3.483379E-13
3441.5  3.500497E-13
3444.4  3.696080E-13
3447.3  3.855305E-13
3450.2  3.941951E-13
3453.1  3.926237E-13
3456.  3.853594E-13
3458.9  3.801655E-13
3461.8  3.930281E-13
3464.7  3.971588E-13
3467.6  3.938564E-13
3470.5  3.846532E-13
3473.4  3.712216E-13
3476.3  3.692969E-13
3479.2  3.778954E-13
3482.1  3.840565E-13
3485.  3.823068E-13
3487.9  3.767123E-13
3490.8  3.733675E-13
3493.7  3.787424E-13
3496.6  4.002112E-13
3499.5  4.250279E-13
3502.4  4.332768E-13
3505.3  4.261759E-13
3508.2  4.189704E-13
3511.1  4.145405E-13
3514.  4.096581E-13
3516.9  4.099980E-13
3519.8  4.031045E-13
3522.7  3.931754E-13
3525.6  3.960409E-13
3528.5  4.181885E-13
3531.4  4.376826E-13
3534.3  4.490138E-13
3537.2  4.606190E-13
3540.1  4.634005E-13
3543.  4.628164E-13
3545.9  4.621960E-13
3548.8  4.589842E-13
3551.7  4.528611E-13
3554.6  4.484356E-13
3557.5  4.378606E-13
3560.4  4.243851E-13
3563.3  4.047905E-13
3566.2  3.837562E-13
3569.1  3.708298E-13
3572.  3.733286E-13
3574.9  3.781675E-13
3577.8  3.628907E-13
3580.7  3.384509E-13
3583.6  3.325396E-13
3586.5  3.663291E-13
3589.4  4.093532E-13
3592.3  4.445446E-13
3595.2  4.617223E-13
3598.1  4.565934E-13
3601.  4.334378E-13
3603.9  4.045209E-13
3606.8  3.927356E-13
3609.7  3.987841E-13
3612.6  4.046565E-13
3615.5  4.059807E-13
3618.4  4.053578E-13
3621.3  4.254718E-13
3624.2  4.495879E-13
3627.1  4.557147E-13
3630.  4.391567E-13
3632.9  4.321012E-13
3635.8  4.482251E-13
3638.7  4.600499E-13
3641.6  4.537215E-13
3644.5  4.448493E-13
3647.4  4.514142E-13
3650.3  4.715546E-13
3653.2  4.962828E-13
3656.1  5.203088E-13
3659.  5.274695E-13
3661.9  5.253721E-13
3664.8  5.180663E-13
3667.7  5.106771E-13
3670.6  5.091956E-13
3673.5  5.019046E-13
3676.4  4.816038E-13
3679.3  4.646160E-13
3682.2  4.650282E-13
3685.1  4.654404E-13
3688.  4.658526E-13
3690.9  4.662647E-13
3693.8  4.666769E-13
3696.7  5.082778E-13
3699.6  5.190521E-13
3702.5  4.929500E-13
3705.4  4.742704E-13
3708.3  4.868414E-13
3711.2  5.179430E-13
3714.1  5.226381E-13
3717.  4.970904E-13
3719.9  4.613862E-13
3722.8  4.579006E-13
3725.7  4.704104E-13
3728.6  4.604765E-13
3731.5  4.308221E-13
3734.4  4.105925E-13
3737.3  4.210032E-13
3740.2  4.370897E-13
3743.1  4.255049E-13
3746.  4.038575E-13
3748.9  4.082174E-13
3751.8  4.495023E-13
3754.7  4.805066E-13
3757.6  4.746310E-13
3760.5  4.648408E-13
3763.4  4.645916E-13
3766.3  4.639657E-13
3769.2  4.742655E-13
3772.1  5.015584E-13
3775.  5.359460E-13
3777.9  5.597689E-13
3780.8  5.711433E-13
3783.7  5.606118E-13
3786.6  5.223156E-13
3789.5  4.807480E-13
3792.4  4.492809E-13
3795.3  4.339284E-13
3798.2  4.416434E-13
3801.1  4.843530E-13
3804.  5.223366E-13
3806.9  5.341745E-13
3809.8  5.294497E-13
3812.7  5.030024E-13
3815.6  4.647770E-13
3818.5  4.375603E-13
3821.4  4.098379E-13
3824.3  3.772949E-13
3827.2  3.467363E-13
3830.1  3.297561E-13
3833.  3.169627E-13
3835.9  3.270989E-13
3838.8  3.600697E-13
3841.7  4.131875E-13
3844.6  4.658506E-13
3847.5  4.930129E-13
3850.4  4.964706E-13
3853.3  4.909793E-13
3856.2  4.793687E-13
3859.1  4.684305E-13
3862.  4.897331E-13
3864.9  5.102736E-13
3867.8  5.007864E-13
3870.7  4.805865E-13
3873.6  4.733031E-13
3876.5  4.790355E-13
3879.4  4.671344E-13
3882.3  4.545532E-13
3885.2  4.434022E-13
3888.1  4.399678E-13
3891.  4.691882E-13
3893.9  5.127485E-13
3896.8  5.387834E-13
3899.7  5.499725E-13
3902.6  5.564233E-13
3905.5  5.653026E-13
3908.4  5.875902E-13
3911.3  6.068062E-13
3914.2  6.003255E-13
3917.1  5.781033E-13
3920.  5.399717E-13
3922.9  4.860438E-13
3925.8  4.139068E-13
3928.7  3.232254E-13
3931.6  2.541194E-13
3934.5  2.527565E-13
3937.4  3.250026E-13
3940.3  4.233278E-13
3943.2  4.976035E-13
3946.1  5.495193E-13
3949.  5.848776E-13
3951.9  5.975292E-13
3954.8  5.883640E-13
3957.7  5.493142E-13
3960.6  4.777093E-13
3963.5  3.834092E-13
3966.4  3.067750E-13
3969.3  3.005431E-13
3972.2  3.808073E-13
3975.1  5.003784E-13
3978.  5.956527E-13
3980.9  6.486604E-13
3983.8  6.776942E-13
3986.7  7.041879E-13
3989.6  7.240964E-13
3992.5  7.262371E-13
3995.4  7.306458E-13
3998.3  7.391414E-13
4001.2  7.447109E-13
4004.1  7.371324E-13
4007.  7.357481E-13
4009.9  7.602123E-13
4012.8  7.761661E-13
4015.7  7.819633E-13
4018.6  7.848293E-13
4021.5  7.829545E-13
4024.4  7.685573E-13
4027.3  7.499360E-13
4030.2  7.292257E-13
4033.1  7.199999E-13
4036.  7.449541E-13
4038.9  7.648184E-13
4041.8  7.492267E-13
4044.7  7.219368E-13
4047.6  7.185728E-13
4050.5  7.289496E-13
4053.4  7.110924E-13
4056.3  6.863202E-13
4059.2  6.742168E-13
4062.1  6.663267E-13
4065.  6.599564E-13
4067.9  6.717144E-13
4070.8  6.798529E-13
4073.7  6.689128E-13
4076.6  6.615214E-13
4079.5  6.692717E-13
4082.4  6.896102E-13
4085.3  7.019194E-13
4088.2  7.157398E-13
4091.1  7.143049E-13
4094.  6.744315E-13
4096.9  6.208279E-13
4099.8  5.797025E-13
4102.7  5.757916E-13
4105.6  6.240676E-13
4108.5  6.744956E-13
4111.4  7.032002E-13
4114.3  7.267426E-13
4117.2  7.388446E-13
4120.1  7.344443E-13
4123.  7.267116E-13
4125.9  7.225059E-13
4128.8  7.142103E-13
4131.7  7.113231E-13
4134.6  7.218554E-13
4137.5  7.468036E-13
4140.4  7.545909E-13
4143.3  7.384242E-13
4146.2  7.321861E-13
4149.1  7.351938E-13
4152.  7.308195E-13
4154.9  7.275410E-13
4157.8  7.401748E-13
4160.7  7.660917E-13
4163.6  7.774087E-13
4166.5  7.630058E-13
4169.4  7.413475E-13
4172.3  7.198352E-13
4175.2  7.165885E-13
4178.1  7.268857E-13
4181.  7.304165E-13
4183.9  7.297853E-13
4186.8  7.302215E-13
4189.7  7.449073E-13
4192.6  7.519306E-13
4195.5  7.337970E-13
4198.4  7.121774E-13
4201.3  7.186331E-13
4204.2  7.478355E-13
4207.1  7.764680E-13
4210.  7.916835E-13
4212.9  7.911271E-13
4215.8  7.796052E-13
4218.7  7.690791E-13
4221.6  7.474588E-13
4224.5  7.034933E-13
4227.4  6.919302E-13
4230.3  7.285461E-13
4233.2  7.431839E-13
4236.1  7.315592E-13
4239.  7.219473E-13
4241.9  7.077999E-13
4244.8  7.033146E-13
4247.7  7.082558E-13
4250.6  7.102670E-13
4253.5  7.177678E-13
4256.4  7.136751E-13
4259.3  7.086499E-13
4262.2  7.252177E-13
4265.1  7.410824E-13
4268.  7.207719E-13
4270.9  6.809899E-13
4273.8  6.737816E-13
4276.7  6.997638E-13
4279.6  7.161987E-13
4282.5  7.103749E-13
4285.4  6.953733E-13
4288.3  6.782131E-13
4291.2  6.682116E-13
4294.1  6.581022E-13
4297.  6.158730E-13
4299.9  5.731263E-13
4302.8  5.543631E-13
4305.7  5.509103E-13
4308.6  5.644569E-13
4311.5  6.112401E-13
4314.4  6.805687E-13
4317.3  7.358263E-13
4320.2  7.354951E-13
4323.1  6.960434E-13
4326.  6.841911E-13
4328.9  7.231652E-13
4331.8  7.389813E-13
4334.7  7.004226E-13
4337.6  6.294047E-13
4340.5  5.936768E-13
4343.4  6.300318E-13
4346.3  6.968496E-13
4349.2  7.258922E-13
4352.1  7.302940E-13
4355.  7.469010E-13
4357.9  7.677055E-13
4360.8  7.893409E-13
4363.7  8.027661E-13
4366.6  7.975798E-13
4369.5  7.804946E-13
4372.4  7.633065E-13
4375.3  7.481740E-13
4378.2  7.391776E-13
4381.1  7.126068E-13
4384.  6.837943E-13
4386.9  6.942698E-13
4389.8  7.282343E-13
4392.7  7.452505E-13
4395.6  7.512840E-13
4398.5  7.536880E-13
4401.4  7.489186E-13
4404.3  7.454571E-13
4407.2  7.607932E-13
4410.1  7.862219E-13
4413.  7.954225E-13
4415.9  7.937069E-13
4418.8  7.952760E-13
4421.7  7.967454E-13
4424.6  7.957110E-13
4427.5  7.971231E-13
4430.4  7.927070E-13
4433.3  7.864041E-13
4436.2  7.896108E-13
4439.1  7.968207E-13
4442.  7.992935E-13
4444.9  8.037859E-13
4447.8  8.019363E-13
4450.7  7.832289E-13
4453.6  7.566438E-13
4456.5  7.300807E-13
4459.4  7.248651E-13
4462.3  7.446467E-13
4465.2  7.787944E-13
4468.1  8.235014E-13
4471.  8.485209E-13
4473.9  8.491005E-13
4476.8  8.342281E-13
4479.7  8.186061E-13
4482.6  8.083192E-13
4485.5  8.111353E-13
4488.4  8.059491E-13
4491.3  7.979082E-13
4494.2  8.029146E-13
4497.1  8.172796E-13
4500.  8.309639E-13
4502.9  8.402988E-13
4505.8  8.531176E-13
4508.7  8.565261E-13
4511.6  8.492189E-13
4514.5  8.393780E-13
4517.4  8.293414E-13
4520.3  8.229949E-13
4523.2  8.098403E-13
4526.1  7.929006E-13
4529.  7.729002E-13
4531.9  7.677909E-13
4534.8  7.804049E-13
4537.7  7.981043E-13
4540.6  8.144938E-13
4543.5  8.045511E-13
4546.4  7.975068E-13
4549.3  7.935017E-13
4552.2  7.942992E-13
4555.1  8.058153E-13
4558.  8.217356E-13
4560.9  8.315596E-13
4563.8  8.316622E-13
4566.7  8.275047E-13
4569.6  8.388513E-13
4572.5  8.335946E-13
4575.4  8.322874E-13
4578.3  8.247912E-13
4581.2  8.006398E-13
4584.1  7.884241E-13
4587.  7.963936E-13
4589.9  8.128929E-13
4592.8  8.199981E-13
4595.7  8.213846E-13
4598.6  8.114380E-13
4601.5  8.042398E-13
4604.4  8.152821E-13
4607.3  8.347320E-13
4610.2  8.396865E-13
4613.1  8.247086E-13
4616.  8.218975E-13
4618.9  8.245606E-13
4621.8  8.307161E-13
4624.7  8.367599E-13
4627.6  8.354726E-13
4630.5  8.342162E-13
4633.4  8.318711E-13
4636.3  8.212983E-13
4639.2  8.043128E-13
4642.1  7.940261E-13
4645.  7.842772E-13
4647.9  7.835804E-13
4650.8  7.930114E-13
4653.7  7.992633E-13
4656.6  8.070849E-13
4659.5  8.187924E-13
4662.4  8.075753E-13
4665.3  7.855336E-13
4668.2  7.669977E-13
4671.1  7.723834E-13
4674.  7.923925E-13
4676.9  8.063353E-13
4679.8  8.038640E-13
4682.7  7.968168E-13
4685.6  8.032452E-13
4688.5  8.102260E-13
4691.4  8.153867E-13
4694.3  8.098476E-13
4697.2  7.921894E-13
4700.1  7.616443E-13
4703.  7.404268E-13
4705.9  7.405591E-13
4708.8  7.613829E-13
4711.7  7.850705E-13
4714.6  8.016313E-13
4717.5  8.161054E-13
4720.4  8.208767E-13
4723.3  8.184586E-13
4726.2  8.124869E-13
4729.1  7.912925E-13
4732.  7.781330E-13
4734.9  7.767934E-13
4737.8  7.914629E-13
4740.7  8.108106E-13
4743.6  8.168610E-13
4746.5  8.209777E-13
4749.4  8.188408E-13
4752.3  8.095672E-13
4755.2  8.005200E-13
4758.1  8.010478E-13
4761.  7.965388E-13
4763.9  7.767501E-13
4766.8  7.701182E-13
4769.7  7.998011E-13
4772.6  8.264363E-13
4775.5  8.405633E-13
4778.4  8.417492E-13
4781.3  8.295515E-13
4784.2  8.145475E-13
4787.1  8.110442E-13
4790.  8.142597E-13
4792.9  8.259801E-13
4795.8  8.292776E-13
4798.7  8.202840E-13
4801.6  8.183781E-13
4804.5  8.215876E-13
4807.4  8.199712E-13
4810.3  8.290850E-13
4813.2  8.405144E-13
4816.1  8.441015E-13
4819.  8.364624E-13
4821.9  8.195549E-13
4824.8  8.093876E-13
4827.7  8.047487E-13
4830.6  7.998546E-13
4833.5  7.985442E-13
4836.4  8.004731E-13
4839.3  7.922901E-13
4842.2  7.869912E-13
4845.1  7.844837E-13
4848.  7.827643E-13
4850.9  7.702318E-13
4853.8  7.389840E-13
4856.7  6.822274E-13
4859.6  6.124530E-13
4862.5  5.779501E-13
4865.4  6.196731E-13
4868.3  6.765992E-13
4871.2  7.024095E-13
4874.1  7.160082E-13
4877.  7.331927E-13
4879.9  7.542480E-13
4882.8  7.597533E-13
4885.7  7.473301E-13
4888.6  7.357099E-13
4891.5  7.471360E-13
4894.4  7.709984E-13
4897.3  7.984569E-13
4900.2  8.122958E-13
4903.1  8.054614E-13
4906.  7.953475E-13
4908.9  7.853122E-13
4911.8  7.763061E-13
4914.7  7.796839E-13
4917.6  7.662367E-13
4920.5  7.364023E-13
4923.4  7.358600E-13
4926.3  7.623878E-13
4929.2  7.882536E-13
4932.1  7.856552E-13
4935.  7.635972E-13
4937.9  7.507178E-13
4940.8  7.586540E-13
4943.7  7.786301E-13
4946.6  7.926089E-13
4949.5  7.974595E-13
4952.4  7.868537E-13
4955.3  7.791269E-13
4958.2  7.699360E-13
4961.1  7.859016E-13
4964.  8.019100E-13
4966.9  8.004451E-13
4969.8  8.002112E-13
4972.7  8.058522E-13
4975.6  8.083323E-13
4978.5  7.873844E-13
4981.4  7.560475E-13
4984.3  7.403807E-13
4987.2  7.541126E-13
4990.1  7.759381E-13
4993.  7.821712E-13
4995.9  7.819353E-13
4998.8  7.719316E-13
5001.7  7.526522E-13
5004.6  7.350580E-13
5007.5  7.291304E-13
5010.4  7.309863E-13
5013.3  7.274235E-13
5016.2  7.228902E-13
5019.1  7.260009E-13
5022.  7.349806E-13
5024.9  7.463684E-13
5027.8  7.542842E-13
5030.7  7.663569E-13
5033.6  7.729697E-13
5036.5  7.581135E-13
5039.4  7.351518E-13
5042.3  7.335674E-13
5045.2  7.570385E-13
5048.1  7.709409E-13
5051.  7.676200E-13
5053.9  7.758558E-13
5056.8  7.941257E-13
5059.7  8.027434E-13
5062.6  7.973776E-13
5065.5  7.811385E-13
5068.4  7.678962E-13
5071.3  7.652173E-13
5074.2  7.621245E-13
5077.1  7.579090E-13
5080.  7.449850E-13
5082.9  7.422126E-13
5085.8  7.651350E-13
5088.7  7.840735E-13
5091.6  7.883964E-13
5094.5  7.795703E-13
5097.4  7.649685E-13
5100.3  7.493812E-13
5103.2  7.584027E-13
5106.1  7.647104E-13
5109.  7.558549E-13
5111.9  7.611993E-13
5114.8  7.745863E-13
5117.7  7.798195E-13
5120.6  7.752813E-13
5123.5  7.570344E-13
5126.4  7.437165E-13
5129.3  7.456586E-13
5132.2  7.450239E-13
5135.1  7.386647E-13
5138.  7.252480E-13
5140.9  7.202191E-13
5143.8  7.297753E-13
5146.7  7.404708E-13
5149.6  7.470519E-13
5152.5  7.482985E-13
5155.4  7.550234E-13
5158.3  7.671473E-13
5161.2  7.579508E-13
5164.1  7.231388E-13
5167.  6.785981E-13
5169.9  6.509375E-13
5172.8  6.566733E-13
5175.7  6.976998E-13
5178.6  7.313159E-13
5181.5  7.168053E-13
5184.4  6.795241E-13
5187.3  6.862517E-13
5190.2  7.092974E-13
5193.1  7.118059E-13
5196.  7.157944E-13
5198.9  7.284970E-13
5201.8  7.310871E-13
5204.7  7.199550E-13
5207.6  7.182554E-13
5210.5  7.246495E-13
5213.4  7.341482E-13
5216.3  7.461943E-13
5219.2  7.552149E-13
5222.1  7.589742E-13
5225.  7.361045E-13
5227.9  7.105464E-13
5230.8  7.171054E-13
5233.7  7.272444E-13
5236.6  7.312739E-13
5239.5  7.455694E-13
5242.4  7.505432E-13
5245.3  7.529646E-13
5248.2  7.548286E-13
5251.1  7.491306E-13
5254.  7.465791E-13
5256.9  7.540144E-13
5259.8  7.557999E-13
5262.7  7.229401E-13
5265.6  6.832601E-13
5268.5  6.692086E-13
5271.4  6.726467E-13
5274.3  6.924863E-13
5277.2  7.170469E-13
5280.1  7.375077E-13
5283.  7.354811E-13
5285.9  7.428818E-13
5288.8  7.673302E-13
5291.7  7.792603E-13
5294.6  7.711384E-13
5297.5  7.478088E-13
5300.4  7.345837E-13
5303.3  7.483271E-13
5306.2  7.700413E-13
5309.1  7.743180E-13
5312.  7.747827E-13
5314.9  7.636128E-13
5317.8  7.505272E-13
5320.7  7.468045E-13
5323.6  7.373499E-13
5326.5  7.169993E-13
5329.4  7.041435E-13
5332.3  7.268542E-13
5335.2  7.496126E-13
5338.1  7.507504E-13
5341.  7.394953E-13
5343.9  7.381355E-13
5346.8  7.392844E-13
5349.7  7.407772E-13
5352.6  7.523144E-13
5355.5  7.660225E-13
5358.4  7.709732E-13
5361.3  7.667688E-13
5364.2  7.521418E-13
5367.1  7.405737E-13
5370.  7.296633E-13
5372.9  7.310087E-13
5375.8  7.495230E-13
5378.7  7.561585E-13
5381.6  7.510228E-13
5384.5  7.563056E-13
5387.4  7.558903E-13
5390.3  7.450244E-13
5393.2  7.317327E-13
5396.1  7.251528E-13
5399.  7.271005E-13
5401.9  7.344307E-13
5404.8  7.229734E-13
5407.7  7.122643E-13
5410.6  7.137499E-13
5413.5  7.235664E-13
5416.4  7.398125E-13
5419.3  7.469048E-13
5422.2  7.385920E-13
5425.1  7.301266E-13
5428.  7.318064E-13
5430.9  7.309609E-13
5433.8  7.300421E-13
5436.7  7.312538E-13
5439.6  7.352811E-13
5442.5  7.443800E-13
5445.4  7.391980E-13
5448.3  7.318300E-13
5451.2  7.374807E-13
5454.1  7.386081E-13
5457.  7.356282E-13
5459.9  7.391833E-13
5462.8  7.351760E-13
5465.7  7.276482E-13
5468.6  7.342273E-13
5471.5  7.346209E-13
5474.4  7.229835E-13
5477.3  7.108308E-13
5480.2  7.080182E-13
5483.1  7.205512E-13
5486.  7.306528E-13
5488.9  7.323136E-13
5491.8  7.328050E-13
5494.7  7.319129E-13
5497.6  7.285639E-13
5500.5  7.227028E-13
5503.4  7.207412E-13
5506.3  7.224427E-13
5509.2  7.218728E-13
5512.1  7.205818E-13
5515.  7.233519E-13
5517.9  7.352711E-13
5520.8  7.395101E-13
5523.7  7.280697E-13
5526.6  7.129338E-13
5529.5  7.081958E-13
5532.4  7.161496E-13
5535.3  7.260052E-13
5538.2  7.294560E-13
5541.1  7.311593E-13
5544.  7.290169E-13
5546.9  7.243702E-13
5549.8  7.307448E-13
5552.7  7.385848E-13
5555.6  7.351851E-13
5558.5  7.349707E-13
5561.4  7.311458E-13
5564.3  7.323789E-13
5567.2  7.271702E-13
5570.1  7.216571E-13
5573.  7.113779E-13
5575.9  7.110022E-13
5578.8  7.190432E-13
5581.7  7.209299E-13
5584.6  7.065829E-13
5587.5  6.827928E-13
5590.4  6.731626E-13
5593.3  6.783169E-13
5596.2  6.823469E-13
5599.1  6.868420E-13
5602.  6.852842E-13
5604.9  6.947743E-13
5607.8  7.231864E-13
5610.7  7.345667E-13
5613.6  7.183502E-13
5616.5  7.002033E-13
5619.4  6.987935E-13
5622.3  7.062004E-13
5625.2  7.108267E-13
5628.1  7.197863E-13
5631.  7.297008E-13
5633.9  7.299804E-13
5636.8  7.208861E-13
5639.7  7.110922E-13
5642.6  7.076699E-13
5645.5  7.124126E-13
5648.4  7.227318E-13
5651.3  7.232544E-13
5654.2  7.105559E-13
5657.1  6.955964E-13
5660.  6.867073E-13
5662.9  6.925290E-13
5665.8  7.048915E-13
5668.7  7.140426E-13
5671.6  7.174925E-13
5674.5  7.236195E-13
5677.4  7.232776E-13
5680.3  7.161603E-13
5683.2  7.068914E-13
5686.1  7.011999E-13
5689.  7.020499E-13
5691.9  7.044710E-13
5694.8  7.109446E-13
5697.7  7.111748E-13
5700.6  7.039642E-13
5703.5  7.006756E-13
5706.4  6.933606E-13
5709.3  6.793891E-13
5712.2  6.752698E-13
5715.1  6.858658E-13
5718.  7.066235E-13
5720.9  7.230899E-13
5723.8  7.295450E-13
5726.7  7.290257E-13
5729.6  7.272224E-13
5732.5  7.264362E-13
5735.4  7.273642E-13
5738.3  7.234962E-13
5741.2  7.272757E-13
5744.1  7.322337E-13
5747.  7.281524E-13
5749.9  7.182046E-13
5752.8  7.101512E-13
5755.7  7.066104E-13
5758.6  7.080149E-13
5761.5  7.086989E-13
5764.4  7.110493E-13
5767.3  7.193132E-13
5770.2  7.238956E-13
5773.1  7.186535E-13
5776.  7.114766E-13
5778.9  7.024681E-13
5781.8  6.913411E-13
5784.7  6.883671E-13
5787.6  6.958053E-13
5790.5  7.069472E-13
5793.4  7.116063E-13
5796.3  7.211860E-13
5799.2  7.222350E-13
5802.1  7.199646E-13
5805.  7.161982E-13
5807.9  7.131617E-13
5810.8  7.131354E-13
5813.7  7.152991E-13
5816.6  7.197416E-13
5819.5  7.235010E-13
5822.4  7.264506E-13
5825.3  7.263488E-13
5828.2  7.270458E-13
5831.1  7.295771E-13
5834.  7.270595E-13
5836.9  7.223565E-13
5839.8  7.206077E-13
5842.7  7.194826E-13
5845.6  7.151749E-13
5848.5  7.083127E-13
5851.4  7.019035E-13
5854.3  6.961604E-13
5857.2  6.909614E-13
5860.1  6.885452E-13
5863.  6.923500E-13
5865.9  6.991590E-13
5868.8  7.072908E-13
5871.7  7.178717E-13
5874.6  7.282995E-13
5877.5  7.256774E-13
5880.4  7.087975E-13
5883.3  6.916605E-13
5886.2  6.724595E-13
5889.1  6.535021E-13
5892.  6.436179E-13
5894.9  6.380462E-13
5897.8  6.563033E-13
5900.7  6.696100E-13
5903.6  6.783622E-13
5906.5  6.836192E-13
5909.4  6.899735E-13
5912.3  6.938001E-13
5915.2  6.936188E-13
5918.1  6.953933E-13
5921.  6.999560E-13
5923.9  7.017769E-13
5926.8  7.004613E-13
5929.7  6.988120E-13
5932.6  6.967111E-13
5935.5  6.979044E-13
5938.4  7.022746E-13
5941.3  7.027502E-13
5944.2  7.001413E-13
5947.1  6.975195E-13
5950.  6.936047E-13
5952.9  6.937328E-13
5955.8  6.965591E-13
5958.7  6.973604E-13
5961.6  6.980151E-13
5964.5  6.973022E-13
5967.4  6.968571E-13
5970.3  6.972925E-13
5973.2  6.964996E-13
5976.1  6.944140E-13
5979.  6.901931E-13
5981.9  6.855481E-13
5984.8  6.810381E-13
5987.7  6.808828E-13
5990.6  6.832366E-13
5993.5  6.850127E-13
5996.4  6.840907E-13
5999.3  6.829291E-13
6002.2  6.815039E-13
6005.1  6.781778E-13
6008.  6.748884E-13
6010.9  6.744587E-13
6013.8  6.750585E-13
6016.7  6.736330E-13
6019.6  6.717116E-13
6022.5  6.717216E-13
6025.4  6.763727E-13
6028.3  6.821645E-13
6031.2  6.873260E-13
6034.1  6.896570E-13
6037.  6.918200E-13
6039.9  6.922840E-13
6042.8  6.926731E-13
6045.7  6.919039E-13
6048.6  6.877107E-13
6051.5  6.838600E-13
6054.4  6.805745E-13
6057.3  6.803439E-13
6060.2  6.834343E-13
6063.1  6.829578E-13
6066.  6.802483E-13
6068.9  6.809011E-13
6071.8  6.818113E-13
6074.7  6.783147E-13
6077.6  6.744187E-13
6080.5  6.729111E-13
6083.4  6.732518E-13
6086.3  6.720126E-13
6089.2  6.681730E-13
6092.1  6.685470E-13
6095.  6.732011E-13
6097.9  6.738081E-13
6100.8  6.678138E-13
6103.7  6.637479E-13
6106.6  6.670941E-13
6109.5  6.683388E-13
6112.4  6.659383E-13
6115.3  6.639946E-13
6118.2  6.630320E-13
6121.1  6.588114E-13
6124.  6.562504E-13
6126.9  6.571957E-13
6129.8  6.555895E-13
6132.7  6.517292E-13
6135.6  6.455756E-13
6138.5  6.439236E-13
6141.4  6.493536E-13
6144.3  6.534876E-13
6147.2  6.512232E-13
6150.1  6.469774E-13
6153.  6.418332E-13
6155.9  6.390303E-13
6158.8  6.345644E-13
6161.7  6.261124E-13
6164.6  6.265689E-13
6167.5  6.315393E-13
6170.4  6.367207E-13
6173.3  6.435988E-13
6176.2  6.471365E-13
6179.1  6.521188E-13
6182.  6.576002E-13
6184.9  6.553195E-13
6187.8  6.504667E-13
6190.7  6.517609E-13
6193.6  6.557000E-13
6196.5  6.576727E-13
6199.4  6.573659E-13
6202.3  6.581396E-13
6205.2  6.569353E-13
6208.1  6.548408E-13
6211.  6.515510E-13
6213.9  6.480385E-13
6216.8  6.473935E-13
6219.7  6.472801E-13
6222.6  6.456222E-13
6225.5  6.424256E-13
6228.4  6.391696E-13
6231.3  6.395557E-13
6234.2  6.406589E-13
6237.1  6.389691E-13
6240.  6.380321E-13
6242.9  6.350269E-13
6245.8  6.314721E-13
6248.7  6.277116E-13
6251.6  6.284059E-13
6254.5  6.293574E-13
6257.4  6.315463E-13
6260.3  6.358591E-13
6263.2  6.415892E-13
6266.1  6.432452E-13
6269.  6.429827E-13
6271.9  6.419757E-13
6274.8  6.419894E-13
6277.7  6.389959E-13
6280.6  6.350759E-13
6283.5  6.358796E-13
6286.4  6.378799E-13
6289.3  6.407127E-13
6292.2  6.421449E-13
6295.1  6.386271E-13
6298.  6.320418E-13
6300.9  6.305785E-13
6303.8  6.345561E-13
6306.7  6.374339E-13
6309.6  6.359065E-13
6312.5  6.266216E-13
6315.4  6.229069E-13
6318.3  6.235477E-13
6321.2  6.298642E-13
6324.1  6.339854E-13
6327.  6.325651E-13
6329.9  6.321931E-13
6332.8  6.305418E-13
6335.7  6.255152E-13
6338.6  6.239360E-13
6341.5  6.249854E-13
6344.4  6.274867E-13
6347.3  6.302081E-13
6350.2  6.296807E-13
6353.1  6.273032E-13
6356.  6.240148E-13
6358.9  6.186113E-13
6361.8  6.164003E-13
6364.7  6.195763E-13
6367.6  6.289928E-13
6370.5  6.366509E-13
6373.4  6.408907E-13
6376.3  6.381100E-13
6379.2  6.327897E-13
6382.1  6.311500E-13
6385.  6.306376E-13
6387.9  6.296929E-13
6390.8  6.298242E-13
6393.7  6.288062E-13
6396.6  6.238531E-13
6399.5  6.206380E-13
6402.4  6.207752E-13
6405.3  6.210355E-13
6408.2  6.157872E-13
6411.1  6.103921E-13
6414.  6.126478E-13
6416.9  6.160187E-13
6419.8  6.161221E-13
6422.7  6.152865E-13
6425.6  6.144363E-13
6428.5  6.140659E-13
6431.4  6.121194E-13
6434.3  6.108653E-13
6437.2  6.131452E-13
6440.1  6.145712E-13
6443.  6.144878E-13
6445.9  6.162049E-13
6448.8  6.152865E-13
6451.7  6.092390E-13
6454.6  6.073303E-13
6457.5  6.080821E-13
6460.4  6.071404E-13
6463.3  6.080535E-13
6466.2  6.106048E-13
6469.1  6.100091E-13
6472.  6.094759E-13
6474.9  6.101143E-13
6477.8  6.083632E-13
6480.7  6.085085E-13
6483.6  6.138588E-13
6486.5  6.086643E-13
6489.4  6.042983E-13
6492.3  6.008228E-13
6495.2  5.989991E-13
6498.1  6.007623E-13
6501.  6.055479E-13
6503.9  6.105833E-13
6506.8  6.140806E-13
6509.7  6.150491E-13
6512.6  6.139269E-13
6515.5  6.118827E-13
6518.4  6.105142E-13
6521.3  6.108714E-13
6524.2  6.113084E-13
6527.1  6.104790E-13
6530.  6.090285E-13
6532.9  6.072782E-13
6535.8  6.049614E-13
6538.7  6.014043E-13
6541.6  5.954385E-13
6544.5  5.871562E-13
6547.4  5.775651E-13
6550.3  5.656803E-13
6553.2  5.504189E-13
6556.1  5.332710E-13
6559.  5.174226E-13
6561.9  5.107862E-13
6564.8  5.183808E-13
6567.7  5.359637E-13
6570.6  5.575568E-13
6573.5  5.762961E-13
6576.4  5.888011E-13
6579.3  5.964862E-13
6582.2  6.003556E-13
6585.1  6.012515E-13
6588.  6.003711E-13
6590.9  5.988981E-13
6593.8  5.981536E-13
6596.7  5.989998E-13
6599.6  6.002287E-13
6602.5  6.006769E-13
6605.4  6.007737E-13
6608.3  6.011078E-13
6611.2  6.024399E-13
6614.1  6.044864E-13
6617.  6.055111E-13
6619.9  6.050607E-13
6622.8  6.038198E-13
6625.7  6.018478E-13
6628.6  5.990321E-13
6631.5  5.963916E-13
6634.4  5.950724E-13
6637.3  5.951025E-13
6640.2  5.960839E-13
6643.1  5.971847E-13
6646.  5.977308E-13
6648.9  5.976487E-13
6651.8  5.970833E-13
6654.7  5.964192E-13
6657.6  5.959899E-13
6660.5  5.960089E-13
6663.4  5.966864E-13
6666.3  5.981450E-13
6669.2  6.001244E-13
6672.1  6.021766E-13
6675.  6.037252E-13
6677.9  6.043010E-13
6680.8  6.040924E-13
6683.7  6.031283E-13
6686.6  6.006105E-13
6689.5  5.965200E-13
6692.4  5.920395E-13
6695.3  5.883627E-13
6698.2  5.866165E-13
6701.1  5.864717E-13
6704.  5.866361E-13
6706.9  5.862787E-13
6709.8  5.849666E-13
6712.7  5.837041E-13
6715.6  5.836903E-13
6718.5  5.851790E-13
6721.4  5.878229E-13
6724.3  5.900875E-13
6727.2  5.910078E-13
6730.1  5.909884E-13
6733.  5.903297E-13
6735.9  5.891390E-13
6738.8  5.878838E-13
6741.7  5.871929E-13
6744.6  5.871727E-13
6747.5  5.876254E-13
6750.4  5.880836E-13
6753.3  5.880914E-13
6756.2  5.878583E-13
6759.1  5.875891E-13
6762.  5.869290E-13
6764.9  5.858467E-13
6767.8  5.849938E-13
6770.7  5.848029E-13
6773.6  5.854342E-13
6776.5  5.862935E-13
6779.4  5.861932E-13
6782.3  5.851216E-13
6785.2  5.837230E-13
6788.1  5.821402E-13
6791.  5.804815E-13
6793.9  5.795422E-13
6796.8  5.798820E-13
6799.7  5.809484E-13
6802.6  5.820383E-13
6805.5  5.824688E-13
6808.4  5.820574E-13
6811.3  5.814159E-13
6814.2  5.807519E-13
6817.1  5.798777E-13
6820.  5.786878E-13
6822.9  5.771172E-13
6825.8  5.752951E-13
6828.7  5.734355E-13
6831.6  5.715232E-13
6834.5  5.696303E-13
6837.4  5.686116E-13
6840.3  5.687378E-13
6843.2  5.684722E-13
6846.1  5.672903E-13
6849.  5.663469E-13
6851.9  5.669547E-13
6854.8  5.707216E-13
6857.7  5.747892E-13
6860.6  5.738464E-13
6863.5  5.677935E-13
6866.4  5.591739E-13
6869.3  5.540559E-13
6872.2  5.573850E-13
6875.1  5.648426E-13
6878.  5.712320E-13
6880.9  5.738723E-13
6883.8  5.720979E-13
6886.7  5.687278E-13
6889.6  5.662009E-13
6892.5  5.661292E-13
6895.4  5.676899E-13
6898.3  5.682114E-13
6901.2  5.671188E-13
6904.1  5.649170E-13
6907.  5.628913E-13
6909.9  5.622368E-13
6912.8  5.617892E-13
6915.7  5.604901E-13
6918.6  5.591681E-13
6921.5  5.584217E-13
6924.4  5.580907E-13
6927.3  5.579339E-13
6930.2  5.575908E-13
6933.1  5.570008E-13
6936.  5.563521E-13
6938.9  5.559381E-13
6941.8  5.560676E-13
6944.7  5.559826E-13
6947.6  5.548693E-13
6950.5  5.537418E-13
6953.4  5.536875E-13
6956.3  5.549360E-13
6959.2  5.569405E-13
6962.1  5.575444E-13
6965.  5.560259E-13
6967.9  5.541180E-13
6970.8  5.520398E-13
6973.7  5.485638E-13
6976.6  5.449181E-13
6979.5  5.434865E-13
6982.4  5.439760E-13
6985.3  5.451009E-13
6988.2  5.465589E-13
6991.1  5.479498E-13
6994.  5.474840E-13
6996.9  5.445526E-13
6999.8  5.419117E-13
7002.7  5.409716E-13
7005.6  5.404588E-13
7008.5  5.397139E-13
7011.4  5.386824E-13
7014.3  5.378055E-13
7017.2  5.378684E-13
7020.1  5.388723E-13
7023.  5.404188E-13
7025.9  5.423049E-13
7028.8  5.441763E-13
7031.7  5.444502E-13
7034.6  5.425395E-13
7037.5  5.412955E-13
7040.4  5.420239E-13
7043.3  5.426882E-13
7046.2  5.419648E-13
7049.1  5.392770E-13
7052.  5.364910E-13
7054.9  5.371640E-13
7057.8  5.403766E-13
7060.7  5.432064E-13
7063.6  5.447382E-13
7066.5  5.447453E-13
7069.4  5.436172E-13
7072.3  5.419275E-13
7075.2  5.399253E-13
7078.1  5.379149E-13
7081.  5.363084E-13
7083.9  5.352914E-13
7086.8  5.347566E-13
7089.7  5.347045E-13
7092.6  5.351637E-13
7095.5  5.362923E-13
7098.4  5.382290E-13
7101.3  5.394254E-13
7104.2  5.382743E-13
7107.1  5.360027E-13
7110.  5.341578E-13
7112.9  5.330796E-13
7115.8  5.328251E-13
7118.7  5.331188E-13
7121.6  5.334462E-13
7124.5  5.330425E-13
7127.4  5.320157E-13
7130.3  5.313054E-13
7133.2  5.310277E-13
7136.1  5.308338E-13
7139.  5.305122E-13
7141.9  5.299324E-13
7144.8  5.294313E-13
7147.7  5.293179E-13
7150.6  5.295355E-13
7153.5  5.296165E-13
7156.4  5.281996E-13
7159.3  5.247060E-13
7162.2  5.198443E-13
7165.1  5.148691E-13
7168.  5.115010E-13
7170.9  5.098662E-13
7173.8  5.089963E-13
7176.7  5.077179E-13
7179.6  5.050277E-13
7182.5  5.023066E-13
7185.4  5.011799E-13
7188.3  5.011033E-13
7191.2  5.014129E-13
7194.1  5.022050E-13
7197.  5.032791E-13
7199.9  5.037885E-13
7202.8  5.040096E-13
7205.7  5.055105E-13
7208.6  5.083658E-13
7211.5  5.115889E-13
7214.4  5.138151E-13
7217.3  5.137222E-13
7220.2  5.126671E-13
7223.1  5.123968E-13
7226.  5.116724E-13
7228.9  5.095399E-13
7231.8  5.076439E-13
7234.7  5.070628E-13
7237.6  5.072526E-13
7240.5  5.078943E-13
7243.4  5.090949E-13
7246.3  5.101684E-13
7249.2  5.098798E-13
7252.1  5.086777E-13
7255.  5.078341E-13
7257.9  5.074368E-13
7260.8  5.072041E-13
7263.7  5.074808E-13
7266.6  5.082070E-13
7269.5  5.071629E-13
7272.4  5.037183E-13
7275.3  5.016160E-13
7278.2  5.020096E-13
7281.1  5.019249E-13
7284.  5.000619E-13
7286.9  4.965126E-13
7289.8  4.936833E-13
7292.7  4.950855E-13
7295.6  4.983144E-13
7298.5  4.993130E-13
7301.4  4.988664E-13
7304.3  4.985628E-13
7307.2  4.985790E-13
7310.1  4.990593E-13
7313.  5.002794E-13
7315.9  5.020496E-13
7318.8  5.035537E-13
7321.7  5.042497E-13
7324.6  5.038947E-13
7327.5  5.033099E-13
7330.4  5.039153E-13
7333.3  5.057313E-13
7336.2  5.080692E-13
7339.1  5.099130E-13
7342.  5.102942E-13
7344.9  5.087752E-13
7347.8  5.055882E-13
7350.7  5.022894E-13
7353.6  5.001418E-13
7356.5  4.995663E-13
7359.4  5.003093E-13
7362.3  5.012989E-13
7365.2  5.022369E-13
7368.1  5.034261E-13
7371.  5.041754E-13
7373.9  5.035026E-13
7376.8  5.014031E-13
7379.7  4.982656E-13
7382.6  4.943273E-13
7385.5  4.902256E-13
7388.4  4.878099E-13
7391.3  4.880472E-13
7394.2  4.900800E-13
7397.1  4.924587E-13
7400.  4.931046E-13
7402.9  4.918752E-13
7405.8  4.903554E-13
7408.7  4.887550E-13
7411.6  4.866953E-13
7414.5  4.847661E-13
7417.4  4.837414E-13
7420.3  4.842708E-13
7423.2  4.864739E-13
7426.1  4.887646E-13
7429.  4.900542E-13
7431.9  4.910935E-13
7434.8  4.919652E-13
7437.7  4.915985E-13
7440.6  4.901475E-13
7443.5  4.887911E-13
7446.4  4.883841E-13
7449.3  4.894960E-13
7452.2  4.911023E-13
7455.1  4.917761E-13
7458.  4.920555E-13
7460.9  4.926952E-13
7463.8  4.933288E-13
7466.7  4.936781E-13
7469.6  4.940130E-13
7472.5  4.943491E-13
7475.4  4.942294E-13
7478.3  4.936629E-13
7481.2  4.931560E-13
7484.1  4.925953E-13
7487.  4.915268E-13
7489.9  4.898385E-13
7492.8  4.876333E-13
7495.7  4.858837E-13
7498.6  4.854155E-13
7501.5  4.851559E-13
7504.4  4.842769E-13
7507.3  4.836443E-13
7510.2  4.837149E-13
7513.1  4.840080E-13
7516.  4.841906E-13
7518.9  4.840642E-13
7521.8  4.839469E-13
7524.7  4.845196E-13
7527.6  4.856467E-13
7530.5  4.868138E-13
7533.4  4.876663E-13
7536.3  4.879723E-13
7539.2  4.880552E-13
7542.1  4.881368E-13
7545.  4.876475E-13
7547.9  4.863396E-13
7550.8  4.847015E-13
7553.7  4.832514E-13
7556.6  4.825235E-13
7559.5  4.823906E-13
7562.4  4.821671E-13
7565.3  4.817119E-13
7568.2  4.811702E-13
7571.1  4.807963E-13
7574.  4.808081E-13
7576.9  4.808034E-13
7579.8  4.804103E-13
7582.7  4.798733E-13
7585.6  4.793996E-13
7588.5  4.789411E-13
7591.4  4.784746E-13
7594.3  4.780079E-13
7597.2  4.775413E-13
7600.1  4.770747E-13
7603.  4.766082E-13
7605.9  4.761418E-13
7608.8  4.756754E-13
7611.7  4.752089E-13
7614.6  4.747425E-13
7617.5  4.742762E-13
7620.4  4.738100E-13
7623.3  4.733437E-13
7626.2  4.728703E-13
7629.1  4.724002E-13
7632.  4.720283E-13
7634.9  4.715616E-13
7637.8  4.704207E-13
7640.7  4.693442E-13
7643.6  4.698227E-13
7646.5  4.705782E-13
7649.4  4.695063E-13
7652.3  4.669457E-13
7655.2  4.639592E-13
7658.1  4.617023E-13
7661.  4.611037E-13
7663.9  4.622463E-13
7666.8  4.648312E-13
7669.7  4.682767E-13
7672.6  4.713942E-13
7675.5  4.724041E-13
7678.4  4.713152E-13
7681.3  4.694965E-13
7684.2  4.676117E-13
7687.1  4.659975E-13
7690.  4.646934E-13
7692.9  4.636427E-13
7695.8  4.633424E-13
7698.7  4.639935E-13
7701.6  4.647211E-13
7704.5  4.647589E-13
7707.4  4.637421E-13
7710.3  4.619847E-13
7713.2  4.606673E-13
7716.1  4.602568E-13
7719.  4.605764E-13
7721.9  4.613163E-13
7724.8  4.620505E-13
7727.7  4.629930E-13
7730.6  4.643682E-13
7733.5  4.649286E-13
7736.4  4.636759E-13
7739.3  4.614052E-13
7742.2  4.590538E-13
7745.1  4.572759E-13
7748.  4.564678E-13
7750.9  4.565468E-13
7753.8  4.574141E-13
7756.7  4.590000E-13
7759.6  4.604972E-13
7762.5  4.608089E-13
7765.4  4.599710E-13
7768.3  4.585383E-13
7771.2  4.571978E-13
7774.1  4.565759E-13
7777.  4.569618E-13
7779.9  4.581574E-13
7782.8  4.589079E-13
7785.7  4.587150E-13
7788.6  4.585526E-13
7791.5  4.586601E-13
7794.4  4.584761E-13
7797.3  4.580399E-13
7800.2  4.577289E-13
7803.1  4.574087E-13
7806.  4.568192E-13
7808.9  4.560851E-13
7811.8  4.554901E-13
7814.7  4.557872E-13
7817.6  4.572554E-13
7820.5  4.587986E-13
7823.4  4.592985E-13
7826.3  4.577821E-13
7829.2  4.546199E-13
7832.1  4.517413E-13
7835.  4.501191E-13
7837.9  4.499297E-13
7840.8  4.505952E-13
7843.7  4.511744E-13
7846.6  4.516547E-13
7849.5  4.522547E-13
7852.4  4.528665E-13
7855.3  4.533573E-13
7858.2  4.535427E-13
7861.1  4.534123E-13
7864.  4.533598E-13
7866.9  4.534008E-13
7869.8  4.530161E-13
7872.7  4.521666E-13
7875.6  4.512047E-13
7878.5  4.503339E-13
7881.4  4.496684E-13
7884.3  4.493791E-13
7887.2  4.495321E-13
7890.1  4.495445E-13
7893.  4.489327E-13
7895.9  4.480690E-13
7898.8  4.473125E-13
7901.7  4.467266E-13
7904.6  4.463101E-13
7907.5  4.460090E-13
7910.4  4.454652E-13
7913.3  4.440597E-13
7916.2  4.421308E-13
7919.1  4.405160E-13
7922.  4.393397E-13
7924.9  4.384072E-13
7927.8  4.367082E-13
7930.7  4.336361E-13
7933.6  4.311573E-13
7936.5  4.306567E-13
7939.4  4.309729E-13
7942.3  4.315443E-13
7945.2  4.331459E-13
7948.1  4.354860E-13
7951.  4.372951E-13
7953.9  4.379636E-13
7956.8  4.373533E-13
7959.7  4.367040E-13
7962.6  4.375881E-13
7965.5  4.391918E-13
7968.4  4.402771E-13
7971.3  4.409124E-13
7974.2  4.412045E-13
7977.1  4.408130E-13
7980.  4.397836E-13
7982.9  4.388471E-13
7985.8  4.382426E-13
7988.7  4.376514E-13
7991.6  4.366176E-13
7994.5  4.346115E-13
7997.4  4.324512E-13
8000.3  4.314601E-13
8003.2  4.315715E-13
8006.1  4.322915E-13
8009.  4.333258E-13
8011.9  4.343833E-13
8014.8  4.353923E-13
8017.7  4.360315E-13
8020.6  4.352754E-13
8023.5  4.333020E-13
8026.4  4.318495E-13
8029.3  4.315402E-13
8032.2  4.320744E-13
8035.1  4.323823E-13
8038.  4.311291E-13
8040.9  4.290735E-13
8043.8  4.275654E-13
8046.7  4.269840E-13
8049.6  4.273417E-13
8052.5  4.280549E-13
8055.4  4.285999E-13
8058.3  4.289499E-13
8061.2  4.290157E-13
8064.1  4.285434E-13
8067.  4.278305E-13
8069.9  4.276653E-13
8072.8  4.278269E-13
8075.7  4.275375E-13
8078.6  4.269369E-13
8081.5  4.264217E-13
8084.4  4.257166E-13
8087.3  4.245712E-13
8090.2  4.233337E-13
8093.1  4.223602E-13
8096.  4.218221E-13
8098.9  4.217728E-13
8101.8  4.220190E-13
8104.7  4.226616E-13
8107.6  4.242018E-13
8110.5  4.257147E-13
8113.4  4.254675E-13
8116.3  4.242466E-13
8119.2  4.236927E-13
8122.1  4.235846E-13
8125.  4.232829E-13
8127.9  4.222771E-13
8130.8  4.204301E-13
8133.7  4.187630E-13
8136.6  4.178484E-13
8139.5  4.171933E-13
8142.4  4.165391E-13
8145.3  4.158965E-13
8148.2  4.152829E-13
8151.1  4.148189E-13
8154.  4.136222E-13
8156.9  4.106418E-13
8159.8  4.078158E-13
8162.7  4.074077E-13
8165.6  4.091224E-13
8168.5  4.117475E-13
8171.4  4.127072E-13
8174.3  4.107385E-13
8177.2  4.076226E-13
8180.1  4.048741E-13
8183.  4.034739E-13
8185.9  4.029453E-13
8188.8  4.015875E-13
8191.7  3.993283E-13
8194.6  3.969691E-13
8197.5  3.964397E-13
8200.4  3.993579E-13
8203.3  4.032600E-13
8206.2  4.054453E-13
8209.1  4.056656E-13
8212.  4.043397E-13
8214.9  4.030297E-13
8217.8  4.017082E-13
8220.7  3.975658E-13
8223.6  3.914194E-13
8226.5  3.872103E-13
8229.4  3.873403E-13
8232.3  3.929499E-13
8235.2  4.003974E-13
8238.1  4.048022E-13
8241.  4.066135E-13
8243.9  4.073907E-13
8246.8  4.074694E-13
8249.7  4.072076E-13
8252.6  4.068838E-13
8255.5  4.066771E-13
8258.4  4.066552E-13
8261.3  4.067754E-13
8264.2  4.070032E-13
8267.1  4.064847E-13
8270.  4.039754E-13
8272.9  4.008909E-13
8275.8  3.994713E-13
8278.7  3.997279E-13
8281.6  4.009026E-13
8284.5  4.013491E-13
8287.4  4.001838E-13
8290.3  3.994842E-13
8293.2  4.001657E-13
8296.1  4.003902E-13
8299.  3.997376E-13
8301.9  3.994812E-13
8304.8  3.998165E-13
8307.7  4.002239E-13
8310.6  4.002306E-13
8313.5  3.994330E-13
8316.4  3.980392E-13
8319.3  3.964641E-13
8322.2  3.952540E-13
8325.1  3.945776E-13
8328.  3.931118E-13
8330.9  3.904456E-13
8333.8  3.883349E-13
8336.7  3.877603E-13
8339.6  3.886291E-13
8342.5  3.901169E-13
8345.4  3.907556E-13
8348.3  3.909383E-13
8351.2  3.919532E-13
8354.1  3.932860E-13
8357.  3.940214E-13
8359.9  3.943629E-13
8362.8  3.946231E-13
8365.7  3.947216E-13
8368.6  3.946397E-13
8371.5  3.945327E-13
8374.4  3.944512E-13
8377.3  3.943771E-13
8380.2  3.938632E-13
8383.1  3.920464E-13
8386.  3.898913E-13
8388.9  3.892722E-13
8391.8  3.899564E-13
8394.7  3.909346E-13
8397.6  3.913183E-13
8400.5  3.906057E-13
8403.4  3.900965E-13
8406.3  3.905761E-13
8409.2  3.906353E-13
8412.1  3.897715E-13
8415.  3.893024E-13
8417.9  3.891693E-13
8420.8  3.878598E-13
8423.7  3.858106E-13
8426.6  3.846035E-13
8429.5  3.842731E-13
8432.4  3.842283E-13
8435.3  3.838863E-13
8438.2  3.828417E-13
8441.1  3.816782E-13
8444.  3.809606E-13
8446.9  3.805896E-13
8449.8  3.805654E-13
8452.7  3.812058E-13
8455.6  3.822083E-13
8458.5  3.826387E-13
8461.4  3.819200E-13
8464.3  3.798072E-13
8467.2  3.773957E-13
8470.1  3.762617E-13
8473.  3.765547E-13
8475.9  3.778200E-13
8478.8  3.791057E-13
8481.7  3.795374E-13
8484.6  3.793964E-13
8487.5  3.781766E-13
8490.4  3.733062E-13
8493.3  3.649112E-13
8496.2  3.564340E-13
8499.1  3.512251E-13
8502.  3.522893E-13
8504.9  3.577681E-13
8507.8  3.632612E-13
8510.7  3.670063E-13
8513.6  3.684797E-13
8516.5  3.690588E-13
8519.4  3.701784E-13
8522.3  3.715579E-13
8525.2  3.722141E-13
8528.1  3.702898E-13
8531.  3.641394E-13
8533.9  3.525520E-13
8536.8  3.374603E-13
8539.7  3.234247E-13
8542.6  3.154203E-13
8545.5  3.178132E-13
8548.4  3.280797E-13
8551.3  3.409309E-13
8554.2  3.530988E-13
8557.1  3.623758E-13
8560.  3.691351E-13
8562.9  3.741334E-13
8565.8  3.773711E-13
8568.7  3.789682E-13
8571.6  3.789986E-13
8574.5  3.779750E-13
8577.4  3.768691E-13
8580.3  3.759288E-13
8583.2  3.748997E-13
8586.1  3.742072E-13
8589.  3.743747E-13
8591.9  3.748847E-13
8594.8  3.750153E-13
8597.7  3.744297E-13
8600.6  3.730082E-13
8603.5  3.709670E-13
8606.4  3.687820E-13
8609.3  3.672188E-13
8612.2  3.667745E-13
8615.1  3.675722E-13
8618.  3.693885E-13
8620.9  3.717009E-13
8623.8  3.742631E-13
8626.7  3.769105E-13
8629.6  3.788741E-13
8632.5  3.794075E-13
8635.4  3.784535E-13
8638.3  3.763084E-13
8641.2  3.738950E-13
8644.1  3.716321E-13
8647.  3.688822E-13
8649.9  3.645428E-13
8652.8  3.571483E-13
8655.7  3.465837E-13
8658.6  3.338752E-13
8661.5  3.235130E-13
8664.4  3.210596E-13
8667.3  3.260119E-13
8670.2  3.353157E-13
8673.1  3.450389E-13
8676.  3.519192E-13
8678.9  3.564473E-13
8681.8  3.595448E-13
8684.7  3.615636E-13
8687.6  3.629503E-13
8690.5  3.639832E-13
8693.4  3.650176E-13
8696.3  3.664781E-13
8699.2  3.679339E-13
8702.1  3.685165E-13
8705.  3.685163E-13
8707.9  3.685691E-13
8710.8  3.685696E-13
8713.7  3.683078E-13
8716.6  3.678076E-13
8719.5  3.670742E-13
8722.4  3.660590E-13
8725.3  3.646974E-13
8728.2  3.628196E-13
8731.1  3.608302E-13
8734.  3.597434E-13
8736.9  3.593832E-13
8739.8  3.588252E-13
8742.7  3.581787E-13
8745.6  3.579195E-13
8748.5  3.581159E-13
8751.4  3.587139E-13
8754.3  3.595359E-13
8757.2  3.603914E-13
8760.1  3.612149E-13
8763.  3.618673E-13
8765.9  3.620170E-13
8768.8  3.617843E-13
8771.7  3.617951E-13
8774.6  3.622481E-13
8777.5  3.630114E-13
8780.4  3.635889E-13
8783.3  3.633787E-13
8786.2  3.624827E-13
8789.1  3.612306E-13
8792.  3.599333E-13
8794.9  3.587467E-13
8797.8  3.572413E-13
8800.7  3.552250E-13
8803.6  3.529751E-13
8806.5  3.513463E-13
8809.4  3.519310E-13
8812.3  3.545721E-13
8815.2  3.576790E-13
8818.1  3.600286E-13
8821.  3.607176E-13
8823.9  3.606019E-13
8826.8  3.609268E-13
8829.7  3.607748E-13
8832.6  3.593629E-13
8835.5  3.578128E-13
8838.4  3.571888E-13
8841.3  3.580179E-13
8844.2  3.601507E-13
8847.1  3.624486E-13
8850.  3.642368E-13
8852.9  3.654042E-13
8855.8  3.652175E-13
8858.7  3.628108E-13
8861.6  3.588350E-13
8864.5  3.545429E-13
8867.4  3.510511E-13
8870.3  3.491575E-13
8873.2  3.486465E-13
8876.1  3.489944E-13
8879.  3.495238E-13
8881.9  3.497975E-13
8884.8  3.498694E-13
8887.7  3.499183E-13
8890.6  3.502339E-13
8893.5  3.507821E-13
8896.4  3.513024E-13
8899.3  3.516321E-13
8902.2  3.516717E-13
8905.1  3.515126E-13
8908.  3.512828E-13
8910.9  3.510949E-13
8913.8  3.508645E-13
8916.7  3.499712E-13
8919.6  3.480640E-13
8922.5  3.452449E-13
8925.4  3.423592E-13
8928.3  3.410808E-13
8931.2  3.415239E-13
8934.1  3.425957E-13
8937.  3.437672E-13
8939.9  3.447481E-13
8942.8  3.450559E-13
8945.7  3.443983E-13
8948.6  3.432218E-13
8951.5  3.421621E-13
8954.4  3.422024E-13
8957.3  3.432033E-13
8960.2  3.425000E-13
8963.1  3.396881E-13
8966.  3.375011E-13
8968.9  3.369590E-13
8971.8  3.376092E-13
8974.7  3.388196E-13
8977.6  3.398046E-13
8980.5  3.387609E-13
8983.4  3.343779E-13
8986.3  3.298111E-13
8989.2  3.281842E-13
8992.1  3.293643E-13
8995.  3.318254E-13
8997.9  3.314468E-13
9000.8  3.277681E-13
9003.7  3.261915E-13
9006.6  3.281775E-13
9009.5  3.314710E-13
9012.4  3.344467E-13
9015.3  3.358163E-13
9018.2  3.357537E-13
9021.1  3.351272E-13
9024.  3.345565E-13
9026.9  3.345444E-13
9029.8  3.354552E-13
9032.7  3.370172E-13
9035.6  3.373650E-13
9038.5  3.360813E-13
9041.4  3.354057E-13
9044.3  3.359367E-13
9047.2  3.365037E-13
9050.1  3.364812E-13
9053.  3.355914E-13
9055.9  3.335889E-13
9058.8  3.304680E-13
9061.7  3.271866E-13
9064.6  3.248209E-13
9067.5  3.239932E-13
9070.4  3.246290E-13
9073.3  3.251098E-13
9076.2  3.242167E-13
9079.1  3.216991E-13
9082.  3.183835E-13
9084.9  3.163876E-13
9087.8  3.157811E-13
9090.7  3.150847E-13
9093.6  3.146460E-13
9096.5  3.154705E-13
9099.4  3.171809E-13
9102.3  3.190880E-13
9105.2  3.211258E-13
9108.1  3.231342E-13
9111.  3.242570E-13
9113.9  3.242591E-13
9116.8  3.242790E-13
9119.7  3.246898E-13
9122.6  3.248796E-13
9125.5  3.240041E-13
9128.4  3.210365E-13
9131.3  3.176887E-13
9134.2  3.167999E-13
9137.1  3.186556E-13
9140.  3.222708E-13
9142.9  3.243901E-13
9145.8  3.225450E-13
9148.7  3.185900E-13
9151.6  3.151415E-13
9154.5  3.152920E-13
9157.4  3.193340E-13
9160.3  3.233195E-13
9163.2  3.249155E-13
9166.1  3.235440E-13
9169.  3.200734E-13
9171.9  3.163636E-13
9174.8  3.144106E-13
9177.7  3.157041E-13
9180.6  3.186190E-13
9183.5  3.210358E-13
9186.4  3.224771E-13
9189.3  3.228803E-13
9192.2  3.226074E-13
9195.1  3.223051E-13
9198.  3.230120E-13
9200.9  3.241400E-13
9203.8  3.233901E-13
9206.7  3.207998E-13
9209.6  3.179195E-13
9212.5  3.157645E-13
9215.4  3.149925E-13
9218.3  3.151208E-13
9221.2  3.153295E-13
9224.1  3.149568E-13
9227.  3.137939E-13
9229.9  3.129358E-13
9232.8  3.129364E-13
9235.7  3.131302E-13
9238.6  3.129590E-13
9241.5  3.119161E-13
9244.4  3.107869E-13
9247.3  3.113011E-13
9250.2  3.123577E-13
9253.1  3.118304E-13
9256.  3.106662E-13
9258.9  3.104596E-13
9261.8  3.118491E-13
9264.7  3.146390E-13
9267.6  3.164421E-13
9270.5  3.158000E-13
9273.4  3.137005E-13
9276.3  3.111399E-13
9279.2  3.089619E-13
9282.1  3.074792E-13
9285.  3.064462E-13
9287.9  3.056306E-13
9290.8  3.048021E-13
9293.7  3.038944E-13
9296.6  3.029278E-13
9299.5  3.020054E-13
9302.4  3.012001E-13
9305.3  3.004778E-13
9308.2  2.996133E-13
9311.1  2.979695E-13
9314.  2.954115E-13
9316.9  2.924061E-13
9319.8  2.901806E-13
9322.7  2.905809E-13
9325.6  2.924107E-13
9328.5  2.928417E-13
9331.4  2.903125E-13
9334.3  2.843425E-13
9337.2  2.776029E-13
9340.1  2.732018E-13
9343.  2.725951E-13
9345.9  2.758758E-13
9348.8  2.807748E-13
9351.7  2.848358E-13
9354.6  2.855627E-13
9357.5  2.840880E-13
9360.4  2.856772E-13
9363.3  2.882933E-13
9366.2  2.854307E-13
9369.1  2.800068E-13
9372.  2.780109E-13
9374.9  2.769352E-13
9377.8  2.736049E-13
9380.7  2.720798E-13
9383.6  2.754265E-13
9386.5  2.813171E-13
9389.4  2.872946E-13
9392.3  2.917137E-13
9395.2  2.929859E-13
9398.1  2.897145E-13
9401.  2.838193E-13
9403.9  2.795263E-13
9406.8  2.774049E-13
9409.7  2.762465E-13
9412.6  2.763596E-13
9415.5  2.779492E-13
9418.4  2.788817E-13
9421.3  2.777274E-13
9424.2  2.763140E-13
9427.1  2.764688E-13
9430.  2.800096E-13
9432.9  2.845117E-13
9435.8  2.813430E-13
9438.7  2.732542E-13
9441.6  2.721519E-13
9444.5  2.774461E-13
9447.4  2.823946E-13
9450.3  2.842123E-13
9453.2  2.818969E-13
9456.1  2.783079E-13
9459.  2.766911E-13
9461.9  2.778264E-13
9464.8  2.813451E-13
9467.7  2.851434E-13
9470.6  2.873702E-13
9473.5  2.868019E-13
9476.4  2.847267E-13
9479.3  2.845519E-13
9482.2  2.875260E-13
9485.1  2.933729E-13
9488.  2.966948E-13
9490.9  2.916890E-13
9493.8  2.820837E-13
9496.7  2.737691E-13
9499.6  2.718390E-13
9502.5  2.781153E-13
9505.4  2.866816E-13
9508.3  2.921142E-13
9511.2  2.911216E-13
9514.1  2.847115E-13
9517.  2.785355E-13
9519.9  2.753838E-13
9522.8  2.757872E-13
9525.7  2.791491E-13
9528.6  2.839494E-13
9531.5  2.875124E-13
9534.4  2.875917E-13
9537.3  2.848155E-13
9540.2  2.806560E-13
9543.1  2.772997E-13
9546.  2.756284E-13
9548.9  2.735251E-13
9551.8  2.712209E-13
9554.7  2.719885E-13
9557.6  2.749521E-13
9560.5  2.763882E-13
9563.4  2.767232E-13
9566.3  2.780420E-13
9569.2  2.808535E-13
9572.1  2.848421E-13
9575.  2.870825E-13
9577.9  2.855747E-13
9580.8  2.831318E-13
9583.7  2.815534E-13
9586.6  2.791118E-13
9589.5  2.762677E-13
9592.4  2.764962E-13
9595.3  2.794582E-13
9598.2  2.818088E-13
9601.1  2.827310E-13
9604.  2.826966E-13
9606.9  2.828276E-13
9609.8  2.841478E-13
9612.7  2.847992E-13
9615.6  2.831302E-13
9618.5  2.801029E-13
9621.4  2.773264E-13
9624.3  2.773723E-13
9627.2  2.804075E-13
9630.1  2.828814E-13
9633.  2.834409E-13
9635.9  2.828944E-13
9638.8  2.819225E-13
9641.7  2.812151E-13
9644.6  2.812387E-13
9647.5  2.821370E-13
9650.4  2.832027E-13
9653.3  2.835411E-13
9656.2  2.822144E-13
9659.1  2.791739E-13
9662.  2.763221E-13
9664.9  2.754716E-13
9667.8  2.781081E-13
9670.7  2.832042E-13
9673.6  2.871635E-13
9676.5  2.886490E-13
9679.4  2.879507E-13
9682.3  2.866297E-13
9685.2  2.866054E-13
9688.1  2.872769E-13
9691.  2.874911E-13
9693.9  2.867443E-13
9696.8  2.851074E-13
9699.7  2.842422E-13
9702.6  2.848604E-13
9705.5  2.855739E-13
9708.4  2.857982E-13
9711.3  2.859637E-13
9714.2  2.861790E-13
9717.1  2.863687E-13
9720.  2.864658E-13
9722.9  2.863877E-13
9725.8  2.857437E-13
9728.7  2.842640E-13
9731.6  2.826709E-13
9734.5  2.816701E-13
9737.4  2.813073E-13
9740.3  2.814348E-13
9743.2  2.816800E-13
9746.1  2.817197E-13
9749.  2.813974E-13
9751.9  2.805657E-13
9754.8  2.791455E-13
9757.7  2.774752E-13
9760.6  2.760791E-13
9763.5  2.760028E-13
9766.4  2.780022E-13
9769.3  2.801915E-13
9772.2  2.807860E-13
9775.1  2.804983E-13
9778.  2.801384E-13
9780.9  2.800229E-13
9783.8  2.802918E-13
9786.7  2.807607E-13
9789.6  2.811233E-13
9792.5  2.810225E-13
9795.4  2.804063E-13
9798.3  2.794339E-13
9801.2  2.789402E-13
9804.1  2.797570E-13
9807.  2.810275E-13
9809.9  2.816876E-13
9812.8  2.815129E-13
9815.7  2.806542E-13
9818.6  2.799437E-13
9821.5  2.798215E-13
9824.4  2.799092E-13
9827.3  2.799865E-13
9830.2  2.800420E-13
9833.1  2.798053E-13
9836.  2.789010E-13
9838.9  2.779832E-13
9841.8  2.779791E-13
9844.7  2.784827E-13
9847.6  2.788354E-13
9850.5  2.789585E-13
9853.4  2.788585E-13
9856.3  2.786161E-13
9859.2  2.782505E-13
9862.1  2.775172E-13
9865.  2.767526E-13
9867.9  2.769880E-13
9870.8  2.780245E-13
9873.7  2.787814E-13
9876.6  2.789201E-13
9879.5  2.784704E-13
9882.4  2.775419E-13
9885.3  2.763335E-13
9888.2  2.749813E-13
9891.1  2.736934E-13
9894.  2.729458E-13
9896.9  2.729637E-13
9899.8  2.734764E-13
9902.7  2.741083E-13
9905.6  2.744153E-13
9908.5  2.743123E-13
9911.4  2.740107E-13
9914.3  2.740972E-13
9917.2  2.752397E-13
9920.1  2.767577E-13
9923.  2.776655E-13
9925.9  2.778647E-13
9928.8  2.776179E-13
9931.7  2.779349E-13
9934.6  2.792090E-13
9937.5  2.801490E-13
9940.4  2.800384E-13
9943.3  2.791671E-13
9946.2  2.778786E-13
9949.1  2.765898E-13
9952.  2.756229E-13
9954.9  2.751617E-13
9957.8  2.752782E-13
9960.7  2.759059E-13
9963.6  2.762447E-13
9966.5  2.757439E-13
9969.4  2.752608E-13
9972.3  2.759511E-13
9975.2  2.795117E-13
9978.1  2.854769E-13
9981.  2.898475E-13
9983.9  2.907192E-13
9986.8  2.885640E-13
9989.7  2.847180E-13
9992.6  2.811192E-13
9995.5  2.784273E-13
9998.4  2.765697E-13
10001.3  2.748150E-13
10004.2  2.723993E-13
10007.1  2.693197E-13
10010.  2.661183E-13
10012.9  2.645306E-13
10015.8  2.652948E-13
10018.7  2.671641E-13
10021.6  2.690026E-13
10024.5  2.698641E-13
10027.4  2.701401E-13
10030.3  2.712473E-13
10033.2  2.728556E-13
10036.1  2.739242E-13
10039.  2.745530E-13
10041.9  2.750979E-13
10044.8  2.758952E-13
10047.7  2.768983E-13
10050.6  2.766564E-13
10053.5  2.745451E-13
10056.4  2.719396E-13
10059.3  2.695953E-13
10062.2  2.673317E-13
10065.1  2.650698E-13
10068.  2.627455E-13
10070.9  2.607010E-13
10073.8  2.594361E-13
10076.7  2.588866E-13
10079.6  2.587586E-13
10082.5  2.585431E-13
10085.4  2.579120E-13
10088.3  2.572000E-13
10091.2  2.570164E-13
10094.1  2.586117E-13
10097.  2.615490E-13
10099.9  2.627563E-13
10102.8  2.619318E-13
10105.7  2.614059E-13
10108.6  2.616379E-13
10111.5  2.620314E-13
10114.4  2.630444E-13
10117.3  2.651629E-13
10120.2  2.663041E-13
10123.1  2.648432E-13
10126.  2.636259E-13
10128.9  2.646045E-13
10131.8  2.658370E-13
10134.7  2.660008E-13
10137.6  2.649960E-13
10140.5  2.638150E-13
10143.4  2.647099E-13
10146.3  2.669786E-13
10149.2  2.680437E-13
10152.1  2.677033E-13
10155.  2.667264E-13
10157.9  2.651944E-13
10160.8  2.633035E-13
10163.7  2.620834E-13
10166.6  2.623544E-13
10169.5  2.644755E-13
10172.4  2.673764E-13
10175.3  2.672026E-13
10178.2  2.641398E-13
10181.1  2.634213E-13
10184.  2.649313E-13
10186.9  2.647715E-13
10189.8  2.629973E-13
10192.7  2.613076E-13
10195.6  2.598837E-13
10198.5  2.586865E-13
10201.4  2.588601E-13
10204.3  2.607630E-13
10207.2  2.617340E-13
10210.1  2.602508E-13
10213.  2.577311E-13
10215.9  2.554391E-13
10218.8  2.541425E-13
10221.7  2.546637E-13
10224.6  2.576841E-13
10227.5  2.614795E-13
10230.4  2.633263E-13
10233.3  2.624785E-13
10236.2  2.593448E-13
10239.1  2.568605E-13
10242.  2.574419E-13
10244.9  2.594798E-13
10247.8  2.612330E-13
10250.7  2.620781E-13
10253.6  2.614726E-13
10256.5  2.588814E-13
10259.4  2.558470E-13
10262.3  2.558232E-13
10265.2  2.578736E-13
10268.1  2.585077E-13
10271.  2.601743E-13
10273.9  2.662796E-13
10276.8  2.696128E-13
10279.7  2.641074E-13
10282.6  2.590044E-13
10285.5  2.605465E-13
10288.4  2.615178E-13
10291.3  2.584137E-13
10294.2  2.551726E-13
10297.1  2.530660E-13
10300.  2.506644E-13
10302.9  2.489536E-13
10305.8  2.500829E-13
10308.7  2.528625E-13
10311.6  2.549595E-13
10314.5  2.546481E-13
10317.4  2.514800E-13
10320.3  2.514126E-13
10323.2  2.574401E-13
10326.1  2.604620E-13
10329.  2.561830E-13
10331.9  2.510001E-13
10334.8  2.484688E-13
10337.7  2.485910E-13
10340.6  2.505041E-13
10343.5  2.524464E-13
10346.4  2.533155E-13
10349.3  2.526166E-13
10352.2  2.515558E-13
10355.1  2.516570E-13
10358.  2.539083E-13
10360.9  2.578284E-13
10363.8  2.580807E-13
10366.7  2.528281E-13
10369.6  2.483615E-13
10372.5  2.482390E-13
10375.4  2.521634E-13
10378.3  2.569513E-13
10381.2  2.570152E-13
10384.1  2.532461E-13
10387.  2.498348E-13
10389.9  2.482850E-13
10392.8  2.488174E-13
10395.7  2.478968E-13
10398.6  2.430124E-13
10401.5  2.387101E-13
10404.4  2.384123E-13
10407.3  2.409618E-13
10410.2  2.450898E-13
10413.1  2.500893E-13
10416.  2.529036E-13
10418.9  2.485048E-13
10421.8  2.408565E-13
10424.7  2.385817E-13
10427.6  2.416074E-13
10430.5  2.465113E-13
10433.4  2.492783E-13
10436.3  2.472731E-13
10439.2  2.448906E-13
10442.1  2.460081E-13
10445.  2.508387E-13
10447.9  2.568402E-13
10450.8  2.572240E-13
10453.7  2.504353E-13
10456.6  2.405721E-13
10459.5  2.321168E-13
10462.4  2.294444E-13
10465.3  2.314699E-13
10468.2  2.346390E-13
10471.1  2.352728E-13
10474.  2.313546E-13
10476.9  2.291874E-13
10479.8  2.336746E-13
10482.7  2.421477E-13
10485.6  2.502667E-13
10488.5  2.512098E-13
10491.4  2.457668E-13
10494.3  2.443519E-13
10497.2  2.469742E-13
10500.1  2.462413E-13
10503.  2.421085E-13
10505.9  2.376703E-13
10508.8  2.346037E-13
10511.7  2.341731E-13
10514.6  2.370323E-13
10517.5  2.429552E-13
10520.4  2.504485E-13
10523.3  2.572087E-13
10526.2  2.597435E-13
10529.1  2.571748E-13
10532.  2.521985E-13
10534.9  2.463150E-13
10537.8  2.401613E-13
10540.7  2.336242E-13
10543.6  2.261773E-13
10546.5  2.236810E-13
10549.4  2.316017E-13
10552.3  2.410546E-13
10555.2  2.429150E-13
10558.1  2.369160E-13
10561.  2.272961E-13
10563.9  2.265398E-13
10566.8  2.382360E-13
10569.7  2.519640E-13
10572.6  2.598855E-13
10575.5  2.572825E-13
10578.4  2.451317E-13
10581.3  2.285254E-13
10584.2  2.169276E-13
10587.1  2.190888E-13
10590.  2.305491E-13
10592.9  2.432030E-13
10595.8  2.488567E-13
10598.7  2.436784E-13
10601.6  2.352278E-13
10604.5  2.296638E-13
10607.4  2.283232E-13
10610.3  2.323839E-13
10613.2  2.430016E-13
10616.1  2.526651E-13
10619.  2.492171E-13
10621.9  2.383169E-13
10624.8  2.319516E-13
10627.7  2.296270E-13
10630.6  2.280274E-13
10633.5  2.247232E-13
10636.4  2.191498E-13
10639.3  2.170073E-13
10642.2  2.210317E-13
10645.1  2.280688E-13
10648.  2.333687E-13
10650.9  2.299189E-13
10653.8  2.233272E-13
10656.7  2.276578E-13
10659.6  2.421460E-13
10662.5  2.588356E-13
10665.4  2.633866E-13
10668.3  2.449226E-13
10671.2  2.215052E-13
10674.1  2.105418E-13
10677.  2.078785E-13
10679.9  2.089153E-13
10682.8  2.113307E-13
10685.7  2.166903E-13
10688.6  2.337041E-13
10691.5  2.547021E-13
10694.4  2.593744E-13
10697.3  2.481636E-13
10700.2  2.323287E-13
10703.1  2.213247E-13
10706.  2.219583E-13
10708.9  2.270846E-13
10711.8  2.279540E-13
10714.7  2.227505E-13
10717.6  2.123246E-13
10720.5  2.001464E-13
10723.4  1.947269E-13
10726.3  2.126373E-13
10729.2  2.451578E-13
10732.1  2.603597E-13
10735.  2.562320E-13
10737.9  2.478518E-13
10740.8  2.425313E-13
10743.7  2.438632E-13
10746.6  2.394026E-13
10749.5  2.191373E-13
10752.4  1.999808E-13
10755.3  1.966185E-13
10758.2  2.100619E-13
10761.1  2.331266E-13
10764.  2.467930E-13
10766.9  2.434720E-13
10769.8  2.282024E-13
10772.7  2.133013E-13
10775.6  2.150804E-13
10778.5  2.270060E-13
10781.4  2.340288E-13
10784.3  2.352202E-13
10787.2  2.338216E-13
10790.1  2.391663E-13
10793.  2.543094E-13
10795.9  2.563168E-13
10798.8  2.416748E-13
10801.7  2.497362E-13
10804.6  2.807790E-13
10807.5  2.880076E-13
10810.4  2.655720E-13
10813.3  2.359314E-13
10816.2  2.196182E-13
10819.1  2.336556E-13
10822.  2.467471E-13
10824.9  2.244515E-13
10827.8  2.008799E-13
10830.7  2.079708E-13
10833.6  2.314890E-13
10836.5  2.553741E-13
10839.4  2.678218E-13
10842.3  2.652862E-13
10845.2  2.565399E-13
10848.1  2.490924E-13
10851.  2.490025E-13
10853.9  2.529943E-13
10856.8  2.530924E-13
10859.7  2.522292E-13
10862.6  2.556017E-13
10865.5  2.666250E-13
10868.4  2.825082E-13
10871.3  2.725407E-13
10874.2  2.292776E-13
10877.1  2.087168E-13
10880.  2.279165E-13
10882.9  2.424243E-13
10885.8  2.286269E-13
10888.7  1.813246E-13
10891.6  1.300214E-13
10894.5  1.221880E-13
10897.4  1.498248E-13
10900.3  1.843190E-13
10903.2  2.109700E-13
10906.1  2.209102E-13
10909.  2.183607E-13
10911.9  2.121724E-13
10914.8  2.173768E-13
10917.7  2.325089E-13
10920.6  2.245243E-13
10923.5  1.970760E-13
10926.4  1.935835E-13
10929.3  2.087134E-13
10932.2  2.079581E-13
10935.1  1.854251E-13
10938.  1.482084E-13
10940.9  1.210209E-13
10943.8  1.251423E-13
10946.7  1.385578E-13
10949.6  1.414828E-13
10952.5  1.444109E-13
10955.4  1.513627E-13
10958.3  1.505339E-13
10961.2  1.416063E-13
10964.1  1.373275E-13
10967.  1.400554E-13
10969.9  1.442853E-13
10972.8  1.501371E-13
10975.7  1.595148E-13
10978.6  1.563344E-13
10981.5  1.278650E-13
10984.4  1.114510E-13
10987.3  1.336809E-13
10990.2  1.580201E-13
10993.1  1.557531E-13
10996.  1.250078E-13
10998.9  8.005533E-14
