3050.  8.165796E-14
3052.9  4.655521E-14
3055.8  6.810551E-14
3058.7  5.340889E-14
3061.6  4.798613E-14
3064.5  2.455679E-14
3067.4  3.471896E-14
3070.3  4.110340E-14
3073.2  5.069756E-14
3076.1  4.042073E-14
3079.  3.673540E-14
3081.9  7.624802E-14
3084.8  5.603861E-14
3087.7  3.913673E-14
3090.6  4.638583E-14
3093.5  3.167326E-14
3096.4  4.324426E-14
3099.3  2.193348E-14
3102.2  4.134759E-14
3105.1  6.976051E-14
3108.  7.813966E-14
3110.9  8.269715E-14
3113.8  5.479867E-14
3116.7  6.333461E-14
3119.6  5.808314E-14
3122.5  6.584792E-14
3125.4  5.126665E-14
3128.3  6.978239E-14
3131.2  6.469060E-14
3134.1  6.413101E-14
3137.  6.135053E-14
3139.9  7.268502E-14
3142.8  7.103644E-14
3145.7  6.835568E-14
3148.6  7.213288E-14
3151.5  6.174902E-14
3154.4  6.881378E-14
3157.3  5.721520E-14
3160.2  7.176895E-14
3163.1  7.380675E-14
3166.  8.109633E-14
3168.9  9.516352E-14
3171.8  9.151944E-14
3174.7  8.371696E-14
3177.6  8.580880E-14
3180.5  8.293331E-14
3183.4  8.151817E-14
3186.3  7.960455E-14
3189.2  7.706979E-14
3192.1  7.696583E-14
3195.  8.101268E-14
3197.9  8.813390E-14
3200.8  9.132527E-14
3203.7  8.367614E-14
3206.6  7.890874E-14
3209.5  7.376047E-14
3212.4  7.357776E-14
3215.3  7.801041E-14
3218.2  7.512862E-14
3221.1  7.171795E-14
3224.  6.668778E-14
3226.9  6.182015E-14
3229.8  6.563818E-14
3232.7  6.979393E-14
3235.6  7.023502E-14
3238.5  7.346492E-14
3241.4  7.303132E-14
3244.3  8.083332E-14
3247.2  9.517793E-14
3250.1  1.034871E-13
3253.  1.186876E-13
3255.9  1.286706E-13
3258.8  1.216828E-13
3261.7  1.192563E-13
3264.6  1.218568E-13
3267.5  1.239156E-13
3270.4  1.263529E-13
3273.3  1.197946E-13
3276.2  1.206920E-13
3279.1  1.291919E-13
3282.  1.302852E-13
3284.9  1.375711E-13
3287.8  1.484882E-13
3290.7  1.576936E-13
3293.6  1.561478E-13
3296.5  1.554475E-13
3299.4  1.461948E-13
3302.3  1.368239E-13
3305.2  1.226687E-13
3308.1  1.272426E-13
3311.  1.308418E-13
3313.9  1.337037E-13
3316.8  1.363074E-13
3319.7  1.275623E-13
3322.6  1.282628E-13
3325.5  1.376246E-13
3328.4  1.338846E-13
3331.3  1.299481E-13
3334.2  1.286100E-13
3337.1  1.297903E-13
3340.  1.360204E-13
3342.9  1.415976E-13
3345.8  1.402472E-13
3348.7  1.375949E-13
3351.6  1.305114E-13
3354.5  1.160798E-13
3357.4  1.042355E-13
3360.3  1.101510E-13
3363.2  1.023590E-13
3366.1  9.544107E-14
3369.  1.040413E-13
3371.9  1.142612E-13
3374.8  1.248963E-13
3377.7  1.247601E-13
3380.6  1.271938E-13
3383.5  1.321158E-13
3386.4  1.333238E-13
3389.3  1.422639E-13
3392.2  1.512897E-13
3395.1  1.710092E-13
3398.  1.811281E-13
3400.9  1.588494E-13
3403.8  1.419928E-13
3406.7  1.354646E-13
3409.6  1.370504E-13
3412.5  1.436714E-13
3415.4  1.570775E-13
3418.3  1.624510E-13
3421.2  1.660190E-13
3424.1  1.636956E-13
3427.  1.573625E-13
3429.9  1.471182E-13
3432.8  1.241404E-13
3435.7  1.107480E-13
3438.6  1.027726E-13
3441.5  1.103751E-13
3444.4  1.282581E-13
3447.3  1.476881E-13
3450.2  1.501070E-13
3453.1  1.425996E-13
3456.  1.359376E-13
3458.9  1.348541E-13
3461.8  1.437315E-13
3464.7  1.490670E-13
3467.6  1.494618E-13
3470.5  1.418408E-13
3473.4  1.329561E-13
3476.3  1.387367E-13
3479.2  1.444718E-13
3482.1  1.398762E-13
3485.  1.369332E-13
3487.9  1.308185E-13
3490.8  1.357222E-13
3493.7  1.577574E-13
3496.6  1.738141E-13
3499.5  1.857364E-13
3502.4  1.849101E-13
3505.3  1.721488E-13
3508.2  1.537106E-13
3511.1  1.425763E-13
3514.  1.507210E-13
3516.9  1.538115E-13
3519.8  1.362292E-13
3522.7  1.366759E-13
3525.6  1.525462E-13
3528.5  1.693641E-13
3531.4  1.795884E-13
3534.3  1.838689E-13
3537.2  1.840185E-13
3540.1  1.816804E-13
3543.  1.759046E-13
3545.9  1.646239E-13
3548.8  1.543770E-13
3551.7  1.493292E-13
3554.6  1.396043E-13
3557.5  1.280117E-13
3560.4  1.255008E-13
3563.3  1.125197E-13
3566.2  1.010896E-13
3569.1  1.066928E-13
3572.  1.069021E-13
3574.9  9.368546E-14
3577.8  8.185466E-14
3580.7  8.310668E-14
3583.6  1.000863E-13
3586.5  1.236445E-13
3589.4  1.511742E-13
3592.3  1.818088E-13
3595.2  2.000151E-13
3598.1  1.986666E-13
3601.  1.798397E-13
3603.9  1.598102E-13
3606.8  1.576153E-13
3609.7  1.722644E-13
3612.6  1.857289E-13
3615.5  1.908487E-13
3618.4  2.036434E-13
3621.3  2.290262E-13
3624.2  2.470597E-13
3627.1  2.356061E-13
3630.  2.206214E-13
3632.9  2.331964E-13
3635.8  2.543029E-13
3638.7  2.620080E-13
3641.6  2.403705E-13
3644.5  2.275074E-13
3647.4  2.408784E-13
3650.3  2.864831E-13
3653.2  3.228976E-13
3656.1  3.444931E-13
3659.  3.462940E-13
3661.9  3.335313E-13
3664.8  3.218543E-13
3667.7  3.140071E-13
3670.6  3.133209E-13
3673.5  3.009915E-13
3676.4  2.728551E-13
3679.3  2.543680E-13
3682.2  2.529224E-13
3685.1  2.614777E-13
3688.  2.297579E-13
3690.9  1.980380E-13
3693.8  1.663154E-13
3696.7  2.859340E-13
3699.6  2.967754E-13
3702.5  2.544424E-13
3705.4  2.400159E-13
3708.3  2.618885E-13
3711.2  2.836173E-13
3714.1  2.577302E-13
3717.  2.034548E-13
3719.9  1.780751E-13
3722.8  1.863868E-13
3725.7  1.868495E-13
3728.6  1.660804E-13
3731.5  1.421519E-13
3734.4  1.381801E-13
3737.3  1.525865E-13
3740.2  1.528823E-13
3743.1  1.416932E-13
3746.  1.434556E-13
3748.9  1.668082E-13
3751.8  1.958038E-13
3754.7  1.956136E-13
3757.6  1.826660E-13
3760.5  1.859446E-13
3763.4  2.011751E-13
3766.3  2.314924E-13
3769.2  2.614481E-13
3772.1  2.757356E-13
3775.  2.745853E-13
3777.9  2.706204E-13
3780.8  2.556344E-13
3783.7  2.265995E-13
3786.6  1.938091E-13
3789.5  1.756960E-13
3792.4  1.771843E-13
3795.3  1.753175E-13
3798.2  1.869301E-13
3801.1  2.022972E-13
3804.  2.066748E-13
3806.9  1.928875E-13
3809.8  1.724224E-13
3812.7  1.469646E-13
3815.6  1.187394E-13
3818.5  1.047295E-13
3821.4  9.751786E-14
3824.3  9.666711E-14
3827.2  1.018500E-13
3830.1  1.078174E-13
3833.  1.128825E-13
3835.9  1.141880E-13
3838.8  1.200899E-13
3841.7  1.364911E-13
3844.6  1.420182E-13
3847.5  1.332707E-13
3850.4  1.255470E-13
3853.3  1.240396E-13
3856.2  1.206041E-13
3859.1  1.189054E-13
3862.  1.274961E-13
3864.9  1.270905E-13
3867.8  1.283291E-13
3870.7  1.382745E-13
3873.6  1.492791E-13
3876.5  1.555040E-13
3879.4  1.665986E-13
3882.3  1.920915E-13
3885.2  2.229322E-13
3888.1  2.630772E-13
3891.  2.950775E-13
3893.9  3.000042E-13
3896.8  2.913487E-13
3899.7  2.887305E-13
3902.6  2.993044E-13
3905.5  3.192707E-13
3908.4  3.385376E-13
3911.3  3.412647E-13
3914.2  3.211241E-13
3917.1  2.759745E-13
3920.  2.308926E-13
3922.9  1.998575E-13
3925.8  1.621405E-13
3928.7  1.170650E-13
3931.6  1.034910E-13
3934.5  1.309993E-13
3937.4  1.816731E-13
3940.3  2.264776E-13
3943.2  2.757340E-13
3946.1  3.446100E-13
3949.  3.797754E-13
3951.9  3.736503E-13
3954.8  3.422501E-13
3957.7  2.822208E-13
3960.6  2.133563E-13
3963.5  1.636348E-13
3966.4  1.500003E-13
3969.3  1.924294E-13
3972.2  2.769628E-13
3975.1  3.706503E-13
3978.  4.419449E-13
3980.9  4.813179E-13
3983.8  5.082103E-13
3986.7  5.347495E-13
3989.6  5.513288E-13
3992.5  5.644638E-13
3995.4  5.815714E-13
3998.3  6.006040E-13
4001.2  6.008750E-13
4004.1  5.899791E-13
4007.  6.098214E-13
4009.9  6.364622E-13
4012.8  6.636652E-13
4015.7  6.717519E-13
4018.6  6.667082E-13
4021.5  6.416996E-13
4024.4  6.115779E-13
4027.3  5.757207E-13
4030.2  5.401288E-13
4033.1  5.472766E-13
4036.  5.867348E-13
4038.9  5.880646E-13
4041.8  5.431052E-13
4044.7  5.208140E-13
4047.6  5.605365E-13
4050.5  5.769542E-13
4053.4  5.408059E-13
4056.3  5.049582E-13
4059.2  4.897450E-13
4062.1  4.832004E-13
4065.  5.039702E-13
4067.9  5.255544E-13
4070.8  5.204785E-13
4073.7  5.281820E-13
4076.6  5.565302E-13
4079.5  6.074631E-13
4082.4  6.410087E-13
4085.3  6.574538E-13
4088.2  6.566717E-13
4091.1  6.289696E-13
4094.  5.814906E-13
4096.9  5.553629E-13
4099.8  5.471373E-13
4102.7  5.658332E-13
4105.6  5.840470E-13
4108.5  5.722802E-13
4111.4  5.648356E-13
4114.3  5.648204E-13
4117.2  5.507858E-13
4120.1  5.456208E-13
4123.  5.448917E-13
4125.9  5.278286E-13
4128.8  5.018788E-13
4131.7  4.949623E-13
4134.6  5.082897E-13
4137.5  5.012266E-13
4140.4  4.660018E-13
4143.3  4.440574E-13
4146.2  4.480845E-13
4149.1  4.482828E-13
4152.  4.531189E-13
4154.9  4.771992E-13
4157.8  5.103729E-13
4160.7  5.280128E-13
4163.6  5.212665E-13
4166.5  5.061492E-13
4169.4  4.896808E-13
4172.3  4.712094E-13
4175.2  4.736372E-13
4178.1  4.972282E-13
4181.  5.290650E-13
4183.9  5.563610E-13
4186.8  5.649200E-13
4189.7  5.628547E-13
4192.6  5.429952E-13
4195.5  5.159726E-13
4198.4  5.145308E-13
4201.3  5.430881E-13
4204.2  5.871354E-13
4207.1  6.118704E-13
4210.  6.168383E-13
4212.9  6.352658E-13
4215.8  6.878672E-13
4218.7  7.002821E-13
4221.6  6.202887E-13
4224.5  5.487489E-13
4227.4  5.915912E-13
4230.3  6.721519E-13
4233.2  6.917654E-13
4236.1  7.101369E-13
4239.  7.576364E-13
4241.9  7.905015E-13
4244.8  7.611552E-13
4247.7  6.934919E-13
4250.6  6.620969E-13
4253.5  6.759104E-13
4256.4  7.025781E-13
4259.3  7.357952E-13
4262.2  7.773503E-13
4265.1  7.516655E-13
4268.  6.574232E-13
4270.9  5.853338E-13
4273.8  6.215547E-13
4276.7  6.985968E-13
4279.6  7.167925E-13
4282.5  7.005699E-13
4285.4  6.759032E-13
4288.3  6.522135E-13
4291.2  6.432315E-13
4294.1  6.205234E-13
4297.  5.548267E-13
4299.9  5.040582E-13
4302.8  4.829279E-13
4305.7  4.872383E-13
4308.6  5.694537E-13
4311.5  7.316597E-13
4314.4  8.755147E-13
4317.3  9.147164E-13
4320.2  8.396528E-13
4323.1  7.690504E-13
4326.  8.265806E-13
4328.9  9.379973E-13
4331.8  9.671378E-13
4334.7  9.210241E-13
4337.6  8.651462E-13
4340.5  8.837786E-13
4343.4  9.440764E-13
4346.3  9.716763E-13
4349.2  9.390705E-13
4352.1  9.088406E-13
4355.  9.410931E-13
4357.9  9.829587E-13
4360.8  1.014621E-12
4363.7  1.011256E-12
4366.6  9.699223E-13
4369.5  9.207644E-13
4372.4  8.805029E-13
4375.3  8.504293E-13
4378.2  7.955542E-13
4381.1  7.032184E-13
4384.  6.904970E-13
4386.9  7.599323E-13
4389.8  8.212262E-13
4392.7  8.736220E-13
4395.6  9.063474E-13
4398.5  8.838926E-13
4401.4  8.248241E-13
4404.3  8.069843E-13
4407.2  8.623160E-13
4410.1  9.290346E-13
4413.  9.436629E-13
4415.9  9.534730E-13
4418.8  9.732783E-13
4421.7  9.680273E-13
4424.6  9.667803E-13
4427.5  9.645246E-13
4430.4  9.491483E-13
4433.3  9.525070E-13
4436.2  9.892155E-13
4439.1  1.016411E-12
4442.  1.035771E-12
4444.9  1.073587E-12
4447.8  1.074361E-12
4450.7  1.014708E-12
4453.6  9.401466E-13
4456.5  8.930287E-13
4459.4  8.953919E-13
4462.3  9.499695E-13
4465.2  1.028973E-12
4468.1  1.113389E-12
4471.  1.175661E-12
4473.9  1.198732E-12
4476.8  1.172921E-12
4479.7  1.143708E-12
4482.6  1.147978E-12
4485.5  1.136843E-12
4488.4  1.089954E-12
4491.3  1.060623E-12
4494.2  1.070830E-12
4497.1  1.130600E-12
4500.  1.198571E-12
4502.9  1.244860E-12
4505.8  1.257117E-12
4508.7  1.240255E-12
4511.6  1.203359E-12
4514.5  1.182824E-12
4517.4  1.188236E-12
4520.3  1.176641E-12
4523.2  1.101410E-12
4526.1  1.022585E-12
4529.  1.010505E-12
4531.9  1.051646E-12
4534.8  1.102826E-12
4537.7  1.132205E-12
4540.6  1.135048E-12
4543.5  1.134620E-12
4546.4  1.141324E-12
4549.3  1.148476E-12
4552.2  1.162370E-12
4555.1  1.208883E-12
4558.  1.246825E-12
4560.9  1.224772E-12
4563.8  1.209177E-12
4566.7  1.225343E-12
4569.6  1.242916E-12
4572.5  1.232716E-12
4575.4  1.208049E-12
4578.3  1.166813E-12
4581.2  1.152006E-12
4584.1  1.187888E-12
4587.  1.233448E-12
4589.9  1.231037E-12
4592.8  1.175416E-12
4595.7  1.159966E-12
4598.6  1.173763E-12
4601.5  1.202862E-12
4604.4  1.257555E-12
4607.3  1.327970E-12
4610.2  1.344882E-12
4613.1  1.333123E-12
4616.  1.340931E-12
4618.9  1.343860E-12
4621.8  1.347922E-12
4624.7  1.338704E-12
4627.6  1.330308E-12
4630.5  1.314725E-12
4633.4  1.262839E-12
4636.3  1.202651E-12
4639.2  1.166765E-12
4642.1  1.144772E-12
4645.  1.118817E-12
4647.9  1.146248E-12
4650.8  1.214046E-12
4653.7  1.238271E-12
4656.6  1.267386E-12
4659.5  1.272379E-12
4662.4  1.192124E-12
4665.3  1.124680E-12
4668.2  1.145291E-12
4671.1  1.208879E-12
4674.  1.227606E-12
4676.9  1.221480E-12
4679.8  1.209596E-12
4682.7  1.207292E-12
4685.6  1.200788E-12
4688.5  1.199327E-12
4691.4  1.209886E-12
4694.3  1.205169E-12
4697.2  1.156541E-12
4700.1  1.119155E-12
4703.  1.124331E-12
4705.9  1.140112E-12
4708.8  1.162720E-12
4711.7  1.192963E-12
4714.6  1.249669E-12
4717.5  1.320257E-12
4720.4  1.329756E-12
4723.3  1.295497E-12
4726.2  1.225566E-12
4729.1  1.174194E-12
4732.  1.201013E-12
4734.9  1.247979E-12
4737.8  1.304666E-12
4740.7  1.335815E-12
4743.6  1.343799E-12
4746.5  1.351718E-12
4749.4  1.345617E-12
4752.3  1.317431E-12
4755.2  1.299822E-12
4758.1  1.293249E-12
4761.  1.265960E-12
4763.9  1.249165E-12
4766.8  1.286270E-12
4769.7  1.345744E-12
4772.6  1.383844E-12
4775.5  1.418564E-12
4778.4  1.402817E-12
4781.3  1.351177E-12
4784.2  1.320435E-12
4787.1  1.338681E-12
4790.  1.372232E-12
4792.9  1.421553E-12
4795.8  1.421468E-12
4798.7  1.395826E-12
4801.6  1.412149E-12
4804.5  1.404235E-12
4807.4  1.384364E-12
4810.3  1.402805E-12
4813.2  1.432211E-12
4816.1  1.463059E-12
4819.  1.460302E-12
4821.9  1.411965E-12
4824.8  1.386035E-12
4827.7  1.373221E-12
4830.6  1.363045E-12
4833.5  1.361600E-12
4836.4  1.356120E-12
4839.3  1.332419E-12
4842.2  1.331666E-12
4845.1  1.356738E-12
4848.  1.373652E-12
4850.9  1.358817E-12
4853.8  1.298403E-12
4856.7  1.234881E-12
4859.6  1.190627E-12
4862.5  1.197990E-12
4865.4  1.240002E-12
4868.3  1.238837E-12
4871.2  1.227679E-12
4874.1  1.269253E-12
4877.  1.319286E-12
4879.9  1.325943E-12
4882.8  1.286530E-12
4885.7  1.244168E-12
4888.6  1.250325E-12
4891.5  1.327079E-12
4894.4  1.424599E-12
4897.3  1.438893E-12
4900.2  1.409488E-12
4903.1  1.399813E-12
4906.  1.382540E-12
4908.9  1.347489E-12
4911.8  1.346182E-12
4914.7  1.327687E-12
4917.6  1.241013E-12
4920.5  1.217396E-12
4923.4  1.296340E-12
4926.3  1.386888E-12
4929.2  1.421154E-12
4932.1  1.378437E-12
4935.  1.321533E-12
4937.9  1.315004E-12
4940.8  1.384455E-12
4943.7  1.453837E-12
4946.6  1.476246E-12
4949.5  1.475957E-12
4952.4  1.438342E-12
4955.3  1.391634E-12
4958.2  1.394771E-12
4961.1  1.441136E-12
4964.  1.419430E-12
4966.9  1.405495E-12
4969.8  1.443172E-12
4972.7  1.463188E-12
4975.6  1.417354E-12
4978.5  1.333777E-12
4981.4  1.281359E-12
4984.3  1.298270E-12
4987.2  1.359354E-12
4990.1  1.381278E-12
4993.  1.370793E-12
4995.9  1.347211E-12
4998.8  1.302330E-12
5001.7  1.252479E-12
5004.6  1.222696E-12
5007.5  1.223340E-12
5010.4  1.214896E-12
5013.3  1.198434E-12
5016.2  1.220232E-12
5019.1  1.242557E-12
5022.  1.256906E-12
5024.9  1.288770E-12
5027.8  1.336749E-12
5030.7  1.389356E-12
5033.6  1.376893E-12
5036.5  1.286817E-12
5039.4  1.230557E-12
5042.3  1.284593E-12
5045.2  1.353648E-12
5048.1  1.339339E-12
5051.  1.335968E-12
5053.9  1.391999E-12
5056.8  1.447993E-12
5059.7  1.456115E-12
5062.6  1.410054E-12
5065.5  1.352964E-12
5068.4  1.333562E-12
5071.3  1.331674E-12
5074.2  1.317436E-12
5077.1  1.267119E-12
5080.  1.227127E-12
5082.9  1.253846E-12
5085.8  1.319814E-12
5088.7  1.373492E-12
5091.6  1.389495E-12
5094.5  1.346387E-12
5097.4  1.292879E-12
5100.3  1.279888E-12
5103.2  1.289426E-12
5106.1  1.268190E-12
5109.  1.262889E-12
5111.9  1.311651E-12
5114.8  1.360616E-12
5117.7  1.345617E-12
5120.6  1.272514E-12
5123.5  1.206382E-12
5126.4  1.197622E-12
5129.3  1.233804E-12
5132.2  1.274089E-12
5135.1  1.265265E-12
5138.  1.225000E-12
5140.9  1.215626E-12
5143.8  1.205771E-12
5146.7  1.197472E-12
5149.6  1.210585E-12
5152.5  1.238100E-12
5155.4  1.288661E-12
5158.3  1.293933E-12
5161.2  1.198211E-12
5164.1  1.059238E-12
5167.  9.697985E-13
5169.9  9.750783E-13
5172.8  1.050602E-12
5175.7  1.167288E-12
5178.6  1.171537E-12
5181.5  1.100701E-12
5184.4  1.152246E-12
5187.3  1.274398E-12
5190.2  1.289051E-12
5193.1  1.275946E-12
5196.  1.322979E-12
5198.9  1.348430E-12
5201.8  1.297110E-12
5204.7  1.201976E-12
5207.6  1.183819E-12
5210.5  1.272303E-12
5213.4  1.349477E-12
5216.3  1.394141E-12
5219.2  1.399079E-12
5222.1  1.330114E-12
5225.  1.259562E-12
5227.9  1.299953E-12
5230.8  1.375963E-12
5233.7  1.420131E-12
5236.6  1.463368E-12
5239.5  1.479414E-12
5242.4  1.463004E-12
5245.3  1.416562E-12
5248.2  1.366775E-12
5251.1  1.364949E-12
5254.  1.402269E-12
5256.9  1.441384E-12
5259.8  1.384659E-12
5262.7  1.233059E-12
5265.6  1.140790E-12
5268.5  1.149184E-12
5271.4  1.241049E-12
5274.3  1.362497E-12
5277.2  1.443289E-12
5280.1  1.459498E-12
5283.  1.481783E-12
5285.9  1.556352E-12
5288.8  1.599323E-12
5291.7  1.566300E-12
5294.6  1.475085E-12
5297.5  1.418879E-12
5300.4  1.473697E-12
5303.3  1.571219E-12
5306.2  1.640460E-12
5309.1  1.653314E-12
5312.  1.637130E-12
5314.9  1.603390E-12
5317.8  1.574405E-12
5320.7  1.523264E-12
5323.6  1.424060E-12
5326.5  1.340459E-12
5329.4  1.377982E-12
5332.3  1.492292E-12
5335.2  1.541310E-12
5338.1  1.523491E-12
5341.  1.500099E-12
5343.9  1.513055E-12
5346.8  1.522814E-12
5349.7  1.568774E-12
5352.6  1.636894E-12
5355.5  1.676385E-12
5358.4  1.668965E-12
5361.3  1.616453E-12
5364.2  1.551875E-12
5367.1  1.494940E-12
5370.  1.468641E-12
5372.9  1.529697E-12
5375.8  1.603289E-12
5378.7  1.605997E-12
5381.6  1.579975E-12
5384.5  1.565351E-12
5387.4  1.511592E-12
5390.3  1.461282E-12
5393.2  1.429993E-12
5396.1  1.419915E-12
5399.  1.445819E-12
5401.9  1.436588E-12
5404.8  1.376476E-12
5407.7  1.400472E-12
5410.6  1.485502E-12
5413.5  1.574740E-12
5416.4  1.612661E-12
5419.3  1.586931E-12
5422.2  1.546770E-12
5425.1  1.529535E-12
5428.  1.501096E-12
5430.9  1.468418E-12
5433.8  1.488186E-12
5436.7  1.554761E-12
5439.6  1.611119E-12
5442.5  1.593075E-12
5445.4  1.534379E-12
5448.3  1.539072E-12
5451.2  1.565038E-12
5454.1  1.551327E-12
5457.  1.567462E-12
5459.9  1.582462E-12
5462.8  1.570236E-12
5465.7  1.574773E-12
5468.6  1.559447E-12
5471.5  1.515712E-12
5474.4  1.479102E-12
5477.3  1.475539E-12
5480.2  1.498367E-12
5483.1  1.532522E-12
5486.  1.554011E-12
5488.9  1.550520E-12
5491.8  1.550542E-12
5494.7  1.562794E-12
5497.6  1.579562E-12
5500.5  1.565202E-12
5503.4  1.534304E-12
5506.3  1.521102E-12
5509.2  1.514953E-12
5512.1  1.495973E-12
5515.  1.521859E-12
5517.9  1.591483E-12
5520.8  1.622319E-12
5523.7  1.599255E-12
5526.6  1.555477E-12
5529.5  1.542969E-12
5532.4  1.564673E-12
5535.3  1.572081E-12
5538.2  1.591609E-12
5541.1  1.618658E-12
5544.  1.631174E-12
5546.9  1.655656E-12
5549.8  1.678151E-12
5552.7  1.673215E-12
5555.6  1.648730E-12
5558.5  1.625540E-12
5561.4  1.585403E-12
5564.3  1.567839E-12
5567.2  1.562943E-12
5570.1  1.585276E-12
5573.  1.603507E-12
5575.9  1.615198E-12
5578.8  1.612949E-12
5581.7  1.574909E-12
5584.6  1.513158E-12
5587.5  1.457731E-12
5590.4  1.473678E-12
5593.3  1.528114E-12
5596.2  1.550909E-12
5599.1  1.535208E-12
5602.  1.544130E-12
5604.9  1.618347E-12
5607.8  1.677028E-12
5610.7  1.657950E-12
5613.6  1.590620E-12
5616.5  1.547217E-12
5619.4  1.546085E-12
5622.3  1.543627E-12
5625.2  1.549263E-12
5628.1  1.602391E-12
5631.  1.644472E-12
5633.9  1.621443E-12
5636.8  1.588255E-12
5639.7  1.569596E-12
5642.6  1.570806E-12
5645.5  1.587721E-12
5648.4  1.601031E-12
5651.3  1.607802E-12
5654.2  1.580933E-12
5657.1  1.538993E-12
5660.  1.537734E-12
5662.9  1.577662E-12
5665.8  1.603589E-12
5668.7  1.614974E-12
5671.6  1.648740E-12
5674.5  1.689295E-12
5677.4  1.688839E-12
5680.3  1.652551E-12
5683.2  1.621571E-12
5686.1  1.617517E-12
5689.  1.639643E-12
5691.9  1.669540E-12
5694.8  1.660380E-12
5697.7  1.602955E-12
5700.6  1.547894E-12
5703.5  1.523976E-12
5706.4  1.502617E-12
5709.3  1.502718E-12
5712.2  1.562929E-12
5715.1  1.641100E-12
5718.  1.693923E-12
5720.9  1.725451E-12
5723.8  1.726312E-12
5726.7  1.696101E-12
5729.6  1.675750E-12
5732.5  1.673697E-12
5735.4  1.685600E-12
5738.3  1.675079E-12
5741.2  1.681387E-12
5744.1  1.684949E-12
5747.  1.666136E-12
5749.9  1.644705E-12
5752.8  1.631973E-12
5755.7  1.639719E-12
5758.6  1.646727E-12
5761.5  1.656574E-12
5764.4  1.702237E-12
5767.3  1.733556E-12
5770.2  1.716665E-12
5773.1  1.674102E-12
5776.  1.638400E-12
5778.9  1.571569E-12
5781.8  1.506228E-12
5784.7  1.520506E-12
5787.6  1.586248E-12
5790.5  1.639807E-12
5793.4  1.669975E-12
5796.3  1.687482E-12
5799.2  1.699751E-12
5802.1  1.687239E-12
5805.  1.641563E-12
5807.9  1.655250E-12
5810.8  1.682287E-12
5813.7  1.694060E-12
5816.6  1.716208E-12
5819.5  1.744034E-12
5822.4  1.752907E-12
5825.3  1.744373E-12
5828.2  1.736546E-12
5831.1  1.731759E-12
5834.  1.726192E-12
5836.9  1.726919E-12
5839.8  1.733791E-12
5842.7  1.733798E-12
5845.6  1.717444E-12
5848.5  1.697925E-12
5851.4  1.675377E-12
5854.3  1.651608E-12
5857.2  1.638631E-12
5860.1  1.650040E-12
5863.  1.674043E-12
5865.9  1.693369E-12
5868.8  1.716895E-12
5871.7  1.741972E-12
5874.6  1.752265E-12
5877.5  1.722839E-12
5880.4  1.657458E-12
5883.3  1.578937E-12
5886.2  1.474398E-12
5889.1  1.386534E-12
5892.  1.345936E-12
5894.9  1.400164E-12
5897.8  1.500320E-12
5900.7  1.624160E-12
5903.6  1.667512E-12
5906.5  1.680758E-12
5909.4  1.698393E-12
5912.3  1.707838E-12
5915.2  1.703792E-12
5918.1  1.707566E-12
5921.  1.717042E-12
5923.9  1.719658E-12
5926.8  1.708008E-12
5929.7  1.699552E-12
5932.6  1.696870E-12
5935.5  1.695256E-12
5938.4  1.696790E-12
5941.3  1.694275E-12
5944.2  1.692887E-12
5947.1  1.682165E-12
5950.  1.668838E-12
5952.9  1.668406E-12
5955.8  1.685777E-12
5958.7  1.711129E-12
5961.6  1.734222E-12
5964.5  1.747757E-12
5967.4  1.757831E-12
5970.3  1.758769E-12
5973.2  1.740335E-12
5976.1  1.716711E-12
5979.  1.695506E-12
5981.9  1.678028E-12
5984.8  1.671159E-12
5987.7  1.680206E-12
5990.6  1.688463E-12
5993.5  1.682060E-12
5996.4  1.667082E-12
5999.3  1.657492E-12
6002.2  1.650552E-12
6005.1  1.640380E-12
6008.  1.635877E-12
6010.9  1.635561E-12
6013.8  1.632903E-12
6016.7  1.631174E-12
6019.6  1.644864E-12
6022.5  1.673171E-12
6025.4  1.708934E-12
6028.3  1.742673E-12
6031.2  1.767674E-12
6034.1  1.774535E-12
6037.  1.772357E-12
6039.9  1.767468E-12
6042.8  1.770345E-12
6045.7  1.764839E-12
6048.6  1.751054E-12
6051.5  1.734338E-12
6054.4  1.721224E-12
6057.3  1.719742E-12
6060.2  1.720278E-12
6063.1  1.717470E-12
6066.  1.733009E-12
6068.9  1.751417E-12
6071.8  1.755163E-12
6074.7  1.738861E-12
6077.6  1.706368E-12
6080.5  1.687681E-12
6083.4  1.681131E-12
6086.3  1.675177E-12
6089.2  1.667135E-12
6092.1  1.675404E-12
6095.  1.683323E-12
6097.9  1.674220E-12
6100.8  1.633745E-12
6103.7  1.669418E-12
6106.6  1.684403E-12
6109.5  1.687063E-12
6112.4  1.680464E-12
6115.3  1.664618E-12
6118.2  1.644897E-12
6121.1  1.634707E-12
6124.  1.639635E-12
6126.9  1.641700E-12
6129.8  1.635909E-12
6132.7  1.602519E-12
6135.6  1.590195E-12
6138.5  1.618043E-12
6141.4  1.668047E-12
6144.3  1.667356E-12
6147.2  1.627681E-12
6150.1  1.624092E-12
6153.  1.619683E-12
6155.9  1.598297E-12
6158.8  1.569693E-12
6161.7  1.570581E-12
6164.6  1.584228E-12
6167.5  1.600078E-12
6170.4  1.632883E-12
6173.3  1.659114E-12
6176.2  1.673316E-12
6179.1  1.682120E-12
6182.  1.667123E-12
6184.9  1.632603E-12
6187.8  1.614993E-12
6190.7  1.637957E-12
6193.6  1.664208E-12
6196.5  1.674222E-12
6199.4  1.683671E-12
6202.3  1.682225E-12
6205.2  1.662773E-12
6208.1  1.625718E-12
6211.  1.590541E-12
6213.9  1.572953E-12
6216.8  1.576204E-12
6219.7  1.584873E-12
6222.6  1.588490E-12
6225.5  1.573575E-12
6228.4  1.561362E-12
6231.3  1.583406E-12
6234.2  1.587059E-12
6237.1  1.561939E-12
6240.  1.551615E-12
6242.9  1.556449E-12
6245.8  1.553534E-12
6248.7  1.525592E-12
6251.6  1.501880E-12
6254.5  1.495433E-12
6257.4  1.523115E-12
6260.3  1.564675E-12
6263.2  1.592008E-12
6266.1  1.612381E-12
6269.  1.634961E-12
6271.9  1.636911E-12
6274.8  1.630216E-12
6277.7  1.624678E-12
6280.6  1.631634E-12
6283.5  1.645604E-12
6286.4  1.648817E-12
6289.3  1.641436E-12
6292.2  1.625698E-12
6295.1  1.606425E-12
6298.  1.595856E-12
6300.9  1.601792E-12
6303.8  1.636250E-12
6306.7  1.626884E-12
6309.6  1.576419E-12
6312.5  1.548027E-12
6315.4  1.543089E-12
6318.3  1.562478E-12
6321.2  1.595734E-12
6324.1  1.615735E-12
6327.  1.622923E-12
6329.9  1.615442E-12
6332.8  1.594916E-12
6335.7  1.586990E-12
6338.6  1.587562E-12
6341.5  1.586615E-12
6344.4  1.598728E-12
6347.3  1.611753E-12
6350.2  1.602124E-12
6353.1  1.568142E-12
6356.  1.530802E-12
6358.9  1.506749E-12
6361.8  1.519580E-12
6364.7  1.570141E-12
6367.6  1.629717E-12
6370.5  1.657707E-12
6373.4  1.659618E-12
6376.3  1.645192E-12
6379.2  1.640326E-12
6382.1  1.643942E-12
6385.  1.642957E-12
6387.9  1.634479E-12
6390.8  1.615178E-12
6393.7  1.606722E-12
6396.6  1.605704E-12
6399.5  1.607635E-12
6402.4  1.622727E-12
6405.3  1.627574E-12
6408.2  1.617702E-12
6411.1  1.612786E-12
6414.  1.621180E-12
6416.9  1.619648E-12
6419.8  1.617230E-12
6422.7  1.626935E-12
6425.6  1.631966E-12
6428.5  1.621997E-12
6431.4  1.607688E-12
6434.3  1.610512E-12
6437.2  1.621797E-12
6440.1  1.632741E-12
6443.  1.644863E-12
6445.9  1.636541E-12
6448.8  1.606140E-12
6451.7  1.580810E-12
6454.6  1.591018E-12
6457.5  1.613778E-12
6460.4  1.629517E-12
6463.3  1.630264E-12
6466.2  1.625701E-12
6469.1  1.630129E-12
6472.  1.634480E-12
6474.9  1.642132E-12
6477.8  1.650577E-12
6480.7  1.649357E-12
6483.6  1.634060E-12
6486.5  1.611083E-12
6489.4  1.580524E-12
6492.3  1.549950E-12
6495.2  1.530267E-12
6498.1  1.536887E-12
6501.  1.566621E-12
6503.9  1.598968E-12
6506.8  1.624083E-12
6509.7  1.639150E-12
6512.6  1.645247E-12
6515.5  1.646088E-12
6518.4  1.645254E-12
6521.3  1.645628E-12
6524.2  1.646618E-12
6527.1  1.647606E-12
6530.  1.649983E-12
6532.9  1.653583E-12
6535.8  1.656034E-12
6538.7  1.654709E-12
6541.6  1.646828E-12
6544.5  1.632906E-12
6547.4  1.615828E-12
6550.3  1.595410E-12
6553.2  1.571073E-12
6556.1  1.544628E-12
6559.  1.520058E-12
6561.9  1.509353E-12
6564.8  1.519861E-12
6567.7  1.543814E-12
6570.6  1.571764E-12
6573.5  1.594416E-12
6576.4  1.608775E-12
6579.3  1.620340E-12
6582.2  1.629167E-12
6585.1  1.631645E-12
6588.  1.629758E-12
6590.9  1.627689E-12
6593.8  1.629389E-12
6596.7  1.637200E-12
6599.6  1.645163E-12
6602.5  1.648379E-12
6605.4  1.650639E-12
6608.3  1.655763E-12
6611.2  1.666606E-12
6614.1  1.680424E-12
6617.  1.687230E-12
6619.9  1.682866E-12
6622.8  1.668586E-12
6625.7  1.649659E-12
6628.6  1.633406E-12
6631.5  1.625327E-12
6634.4  1.628288E-12
6637.3  1.636507E-12
6640.2  1.643248E-12
6643.1  1.646460E-12
6646.  1.646187E-12
6648.9  1.646659E-12
6651.8  1.648040E-12
6654.7  1.643728E-12
6657.6  1.633095E-12
6660.5  1.620477E-12
6663.4  1.614123E-12
6666.3  1.623477E-12
6669.2  1.638950E-12
6672.1  1.645933E-12
6675.  1.648384E-12
6677.9  1.653001E-12
6680.8  1.661302E-12
6683.7  1.671067E-12
6686.6  1.670765E-12
6689.5  1.656482E-12
6692.4  1.637833E-12
6695.3  1.622226E-12
6698.2  1.614258E-12
6701.1  1.612784E-12
6704.  1.612666E-12
6706.9  1.609857E-12
6709.8  1.601970E-12
6712.7  1.597353E-12
6715.6  1.604352E-12
6718.5  1.617424E-12
6721.4  1.630157E-12
6724.3  1.641107E-12
6727.2  1.648428E-12
6730.1  1.649486E-12
6733.  1.644026E-12
6735.9  1.634113E-12
6738.8  1.624331E-12
6741.7  1.620747E-12
6744.6  1.623106E-12
6747.5  1.627994E-12
6750.4  1.636801E-12
6753.3  1.650523E-12
6756.2  1.662627E-12
6759.1  1.666864E-12
6762.  1.660919E-12
6764.9  1.646986E-12
6767.8  1.635000E-12
6770.7  1.630408E-12
6773.6  1.632199E-12
6776.5  1.635027E-12
6779.4  1.630133E-12
6782.3  1.619650E-12
6785.2  1.611353E-12
6788.1  1.607792E-12
6791.  1.609441E-12
6793.9  1.614832E-12
6796.8  1.621840E-12
6799.7  1.629292E-12
6802.6  1.635900E-12
6805.5  1.639878E-12
6808.4  1.641129E-12
6811.3  1.641844E-12
6814.2  1.643559E-12
6817.1  1.646876E-12
6820.  1.651884E-12
6822.9  1.658074E-12
6825.8  1.661055E-12
6828.7  1.656119E-12
6831.6  1.645361E-12
6834.5  1.632490E-12
6837.4  1.619010E-12
6840.3  1.607416E-12
6843.2  1.603408E-12
6846.1  1.608208E-12
6849.  1.615128E-12
6851.9  1.622983E-12
6854.8  1.636329E-12
6857.7  1.652529E-12
6860.6  1.665329E-12
6863.5  1.659854E-12
6866.4  1.622888E-12
6869.3  1.579258E-12
6872.2  1.558486E-12
6875.1  1.564371E-12
6878.  1.591065E-12
6880.9  1.618630E-12
6883.8  1.634028E-12
6886.7  1.642271E-12
6889.6  1.646009E-12
6892.5  1.644296E-12
6895.4  1.640902E-12
6898.3  1.642072E-12
6901.2  1.645000E-12
6904.1  1.643243E-12
6907.  1.635679E-12
6909.9  1.623641E-12
6912.8  1.613292E-12
6915.7  1.609273E-12
6918.6  1.607823E-12
6921.5  1.605746E-12
6924.4  1.603029E-12
6927.3  1.599858E-12
6930.2  1.597002E-12
6933.1  1.593233E-12
6936.  1.585947E-12
6938.9  1.574055E-12
6941.8  1.557809E-12
6944.7  1.543490E-12
6947.6  1.537997E-12
6950.5  1.539245E-12
6953.4  1.543890E-12
6956.3  1.553055E-12
6959.2  1.565387E-12
6962.1  1.573929E-12
6965.  1.573963E-12
6967.9  1.564769E-12
6970.8  1.547626E-12
6973.7  1.525327E-12
6976.6  1.507709E-12
6979.5  1.506992E-12
6982.4  1.519838E-12
6985.3  1.536610E-12
6988.2  1.549579E-12
6991.1  1.553203E-12
6994.  1.549285E-12
6996.9  1.541443E-12
6999.8  1.533495E-12
7002.7  1.527779E-12
7005.6  1.524017E-12
7008.5  1.519449E-12
7011.4  1.508672E-12
7014.3  1.495755E-12
7017.2  1.490637E-12
7020.1  1.493369E-12
7023.  1.499995E-12
7025.9  1.511278E-12
7028.8  1.527565E-12
7031.7  1.542600E-12
7034.6  1.552386E-12
7037.5  1.562834E-12
7040.4  1.575711E-12
7043.3  1.583556E-12
7046.2  1.583420E-12
7049.1  1.577628E-12
7052.  1.569669E-12
7054.9  1.564006E-12
7057.8  1.560208E-12
7060.7  1.555713E-12
7063.6  1.552326E-12
7066.5  1.552408E-12
7069.4  1.557483E-12
7072.3  1.566076E-12
7075.2  1.567777E-12
7078.1  1.556595E-12
7081.  1.536711E-12
7083.9  1.515525E-12
7086.8  1.503686E-12
7089.7  1.503602E-12
7092.6  1.510276E-12
7095.5  1.517398E-12
7098.4  1.518497E-12
7101.3  1.514161E-12
7104.2  1.507715E-12
7107.1  1.501239E-12
7110.  1.496358E-12
7112.9  1.493588E-12
7115.8  1.492041E-12
7118.7  1.488063E-12
7121.6  1.481052E-12
7124.5  1.475140E-12
7127.4  1.472819E-12
7130.3  1.474824E-12
7133.2  1.479973E-12
7136.1  1.485864E-12
7139.  1.488788E-12
7141.9  1.485830E-12
7144.8  1.481173E-12
7147.7  1.480110E-12
7150.6  1.485699E-12
7153.5  1.497671E-12
7156.4  1.508246E-12
7159.3  1.512936E-12
7162.2  1.513855E-12
7165.1  1.513451E-12
7168.  1.514497E-12
7170.9  1.515796E-12
7173.8  1.513597E-12
7176.7  1.505240E-12
7179.6  1.489560E-12
7182.5  1.470631E-12
7185.4  1.454149E-12
7188.3  1.447104E-12
7191.2  1.452010E-12
7194.1  1.459222E-12
7197.  1.460829E-12
7199.9  1.453987E-12
7202.8  1.443074E-12
7205.7  1.440972E-12
7208.6  1.449834E-12
7211.5  1.463565E-12
7214.4  1.477658E-12
7217.3  1.488462E-12
7220.2  1.497170E-12
7223.1  1.506113E-12
7226.  1.514474E-12
7228.9  1.520749E-12
7231.8  1.521897E-12
7234.7  1.517931E-12
7237.6  1.515629E-12
7240.5  1.517375E-12
7243.4  1.519146E-12
7246.3  1.519544E-12
7249.2  1.519382E-12
7252.1  1.516856E-12
7255.  1.509524E-12
7257.9  1.501368E-12
7260.8  1.497429E-12
7263.7  1.497743E-12
7266.6  1.499856E-12
7269.5  1.495984E-12
7272.4  1.482318E-12
7275.3  1.465920E-12
7278.2  1.451309E-12
7281.1  1.438310E-12
7284.  1.426471E-12
7286.9  1.414271E-12
7289.8  1.408347E-12
7292.7  1.418742E-12
7295.6  1.439028E-12
7298.5  1.457347E-12
7301.4  1.467038E-12
7304.3  1.465790E-12
7307.2  1.464339E-12
7310.1  1.470314E-12
7313.  1.477342E-12
7315.9  1.480671E-12
7318.8  1.479689E-12
7321.7  1.475365E-12
7324.6  1.470372E-12
7327.5  1.469417E-12
7330.4  1.477622E-12
7333.3  1.492035E-12
7336.2  1.506076E-12
7339.1  1.513548E-12
7342.  1.510173E-12
7344.9  1.499040E-12
7347.8  1.484611E-12
7350.7  1.469877E-12
7353.6  1.457687E-12
7356.5  1.450030E-12
7359.4  1.448560E-12
7362.3  1.454592E-12
7365.2  1.466332E-12
7368.1  1.479691E-12
7371.  1.490922E-12
7373.9  1.496873E-12
7376.8  1.495001E-12
7379.7  1.484611E-12
7382.6  1.468928E-12
7385.5  1.453563E-12
7388.4  1.449007E-12
7391.3  1.459483E-12
7394.2  1.476100E-12
7397.1  1.490839E-12
7400.  1.498256E-12
7402.9  1.496837E-12
7405.8  1.489358E-12
7408.7  1.476655E-12
7411.6  1.459236E-12
7414.5  1.445599E-12
7417.4  1.444620E-12
7420.3  1.454549E-12
7423.2  1.470349E-12
7426.1  1.485385E-12
7429.  1.494609E-12
7431.9  1.498051E-12
7434.8  1.496461E-12
7437.7  1.490887E-12
7440.6  1.483227E-12
7443.5  1.475502E-12
7446.4  1.471237E-12
7449.3  1.474148E-12
7452.2  1.478623E-12
7455.1  1.476936E-12
7458.  1.471841E-12
7460.9  1.467944E-12
7463.8  1.467359E-12
7466.7  1.470281E-12
7469.6  1.472204E-12
7472.5  1.471002E-12
7475.4  1.469328E-12
7478.3  1.468419E-12
7481.2  1.468125E-12
7484.1  1.467200E-12
7487.  1.463802E-12
7489.9  1.458678E-12
7492.8  1.453767E-12
7495.7  1.452172E-12
7498.6  1.456039E-12
7501.5  1.461761E-12
7504.4  1.466107E-12
7507.3  1.469662E-12
7510.2  1.474034E-12
7513.1  1.482825E-12
7516.  1.494202E-12
7518.9  1.499773E-12
7521.8  1.498668E-12
7524.7  1.495463E-12
7527.6  1.494185E-12
7530.5  1.498088E-12
7533.4  1.503672E-12
7536.3  1.506165E-12
7539.2  1.506587E-12
7542.1  1.506443E-12
7545.  1.505467E-12
7547.9  1.503516E-12
7550.8  1.500382E-12
7553.7  1.497195E-12
7556.6  1.496904E-12
7559.5  1.499414E-12
7562.4  1.502177E-12
7565.3  1.503481E-12
7568.2  1.502263E-12
7571.1  1.500312E-12
7574.  1.500009E-12
7576.9  1.500576E-12
7579.8  1.500896E-12
7582.7  1.501115E-12
7585.6  1.501368E-12
7588.5  1.501624E-12
7591.4  1.501879E-12
7594.3  1.502135E-12
7597.2  1.502391E-12
7600.1  1.502647E-12
7603.  1.502902E-12
7605.9  1.503158E-12
7608.8  1.503414E-12
7611.7  1.503669E-12
7614.6  1.503925E-12
7617.5  1.504181E-12
7620.4  1.504445E-12
7623.3  1.504714E-12
7626.2  1.504882E-12
7629.1  1.505085E-12
7632.  1.505815E-12
7634.9  1.507295E-12
7637.8  1.509420E-12
7640.7  1.511437E-12
7643.6  1.512202E-12
7646.5  1.510344E-12
7649.4  1.504805E-12
7652.3  1.495974E-12
7655.2  1.485252E-12
7658.1  1.475111E-12
7661.  1.468650E-12
7663.9  1.470482E-12
7666.8  1.481512E-12
7669.7  1.496106E-12
7672.6  1.509693E-12
7675.5  1.519737E-12
7678.4  1.524143E-12
7681.3  1.521675E-12
7684.2  1.514703E-12
7687.1  1.507211E-12
7690.  1.498546E-12
7692.9  1.487800E-12
7695.8  1.481445E-12
7698.7  1.483640E-12
7701.6  1.488735E-12
7704.5  1.489992E-12
7707.4  1.479619E-12
7710.3  1.460718E-12
7713.2  1.450811E-12
7716.1  1.455375E-12
7719.  1.469565E-12
7721.9  1.485267E-12
7724.8  1.493064E-12
7727.7  1.495050E-12
7730.6  1.496735E-12
7733.5  1.498210E-12
7736.4  1.498138E-12
7739.3  1.491681E-12
7742.2  1.478264E-12
7745.1  1.467731E-12
7748.  1.466712E-12
7750.9  1.476418E-12
7753.8  1.492385E-12
7756.7  1.504932E-12
7759.6  1.511444E-12
7762.5  1.513862E-12
7765.4  1.514721E-12
7768.3  1.516582E-12
7771.2  1.517794E-12
7774.1  1.516309E-12
7777.  1.512938E-12
7779.9  1.508702E-12
7782.8  1.504045E-12
7785.7  1.499924E-12
7788.6  1.498264E-12
7791.5  1.498293E-12
7794.4  1.496408E-12
7797.3  1.492825E-12
7800.2  1.490240E-12
7803.1  1.488990E-12
7806.  1.488610E-12
7808.9  1.490445E-12
7811.8  1.495463E-12
7814.7  1.501538E-12
7817.6  1.506493E-12
7820.5  1.510420E-12
7823.4  1.511529E-12
7826.3  1.503923E-12
7829.2  1.488544E-12
7832.1  1.473851E-12
7835.  1.466370E-12
7837.9  1.470644E-12
7840.8  1.480020E-12
7843.7  1.483376E-12
7846.6  1.479649E-12
7849.5  1.471705E-12
7852.4  1.466418E-12
7855.3  1.468673E-12
7858.2  1.473765E-12
7861.1  1.476863E-12
7864.  1.475811E-12
7866.9  1.468523E-12
7869.8  1.453045E-12
7872.7  1.433497E-12
7875.6  1.418308E-12
7878.5  1.412071E-12
7881.4  1.416179E-12
7884.3  1.421986E-12
7887.2  1.419174E-12
7890.1  1.407265E-12
7893.  1.390285E-12
7895.9  1.380874E-12
7898.8  1.385052E-12
7901.7  1.391287E-12
7904.6  1.390074E-12
7907.5  1.376219E-12
7910.4  1.354454E-12
7913.3  1.338819E-12
7916.2  1.334044E-12
7919.1  1.338621E-12
7922.  1.346520E-12
7924.9  1.350430E-12
7927.8  1.351147E-12
7930.7  1.350565E-12
7933.6  1.344982E-12
7936.5  1.333506E-12
7939.4  1.322764E-12
7942.3  1.318359E-12
7945.2  1.323486E-12
7948.1  1.336123E-12
7951.  1.348907E-12
7953.9  1.357824E-12
7956.8  1.361497E-12
7959.7  1.363523E-12
7962.6  1.369062E-12
7965.5  1.376251E-12
7968.4  1.381779E-12
7971.3  1.384822E-12
7974.2  1.385150E-12
7977.1  1.382873E-12
7980.  1.379812E-12
7982.9  1.380969E-12
7985.8  1.385934E-12
7988.7  1.387802E-12
7991.6  1.385179E-12
7994.5  1.380796E-12
7997.4  1.376738E-12
8000.3  1.374824E-12
8003.2  1.376344E-12
8006.1  1.381584E-12
8009.  1.388066E-12
8011.9  1.393105E-12
8014.8  1.396445E-12
8017.7  1.396313E-12
8020.6  1.385808E-12
8023.5  1.369096E-12
8026.4  1.364993E-12
8029.3  1.375766E-12
8032.2  1.389899E-12
8035.1  1.399692E-12
8038.  1.400019E-12
8040.9  1.390077E-12
8043.8  1.372732E-12
8046.7  1.359819E-12
8049.6  1.360775E-12
8052.5  1.369701E-12
8055.4  1.379679E-12
8058.3  1.387520E-12
8061.2  1.389201E-12
8064.1  1.379733E-12
8067.  1.361957E-12
8069.9  1.345460E-12
8072.8  1.335407E-12
8075.7  1.333601E-12
8078.6  1.334578E-12
8081.5  1.330844E-12
8084.4  1.322475E-12
8087.3  1.311774E-12
8090.2  1.301032E-12
8093.1  1.293277E-12
8096.  1.293166E-12
8098.9  1.300469E-12
8101.8  1.306992E-12
8104.7  1.309039E-12
8107.6  1.308204E-12
8110.5  1.305677E-12
8113.4  1.302590E-12
8116.3  1.303232E-12
8119.2  1.311774E-12
8122.1  1.323132E-12
8125.  1.330715E-12
8127.9  1.332301E-12
8130.8  1.328626E-12
8133.7  1.327193E-12
8136.6  1.331227E-12
8139.5  1.334513E-12
8142.4  1.334137E-12
8145.3  1.330814E-12
8148.2  1.329167E-12
8151.1  1.336608E-12
8154.  1.346057E-12
8156.9  1.345164E-12
8159.8  1.335943E-12
8162.7  1.324822E-12
8165.6  1.319886E-12
8168.5  1.324928E-12
8171.4  1.327655E-12
8174.3  1.320748E-12
8177.2  1.310877E-12
8180.1  1.303126E-12
8183.  1.299998E-12
8185.9  1.300535E-12
8188.8  1.300963E-12
8191.7  1.296802E-12
8194.6  1.284296E-12
8197.5  1.274949E-12
8200.4  1.281958E-12
8203.3  1.297407E-12
8206.2  1.310953E-12
8209.1  1.319308E-12
8212.  1.323625E-12
8214.9  1.335981E-12
8217.8  1.355298E-12
8220.7  1.360052E-12
8223.6  1.344436E-12
8226.5  1.316423E-12
8229.4  1.295925E-12
8232.3  1.307614E-12
8235.2  1.334023E-12
8238.1  1.345472E-12
8241.  1.348257E-12
8243.9  1.353229E-12
8246.8  1.355563E-12
8249.7  1.351554E-12
8252.6  1.341985E-12
8255.5  1.331444E-12
8258.4  1.330697E-12
8261.3  1.340948E-12
8264.2  1.353713E-12
8267.1  1.359183E-12
8270.  1.347666E-12
8272.9  1.329033E-12
8275.8  1.319801E-12
8278.7  1.319617E-12
8281.6  1.323252E-12
8284.5  1.323882E-12
8287.4  1.317540E-12
8290.3  1.311137E-12
8293.2  1.308657E-12
8296.1  1.306627E-12
8299.  1.303246E-12
8301.9  1.298403E-12
8304.8  1.294072E-12
8307.7  1.293764E-12
8310.6  1.295263E-12
8313.5  1.294076E-12
8316.4  1.289797E-12
8319.3  1.283505E-12
8322.2  1.278222E-12
8325.1  1.275668E-12
8328.  1.270755E-12
8330.9  1.262264E-12
8333.8  1.258428E-12
8336.7  1.262433E-12
8339.6  1.270617E-12
8342.5  1.278758E-12
8345.4  1.282223E-12
8348.3  1.281854E-12
8351.2  1.281478E-12
8354.1  1.282638E-12
8357.  1.285809E-12
8359.9  1.289011E-12
8362.8  1.290495E-12
8365.7  1.292413E-12
8368.6  1.295389E-12
8371.5  1.295729E-12
8374.4  1.291171E-12
8377.3  1.281840E-12
8380.2  1.269757E-12
8383.1  1.258326E-12
8386.  1.253208E-12
8388.9  1.260278E-12
8391.8  1.273669E-12
8394.7  1.283936E-12
8397.6  1.290477E-12
8400.5  1.294570E-12
8403.4  1.296088E-12
8406.3  1.295545E-12
8409.2  1.294715E-12
8412.1  1.293792E-12
8415.  1.290164E-12
8417.9  1.283572E-12
8420.8  1.275969E-12
8423.7  1.270476E-12
8426.6  1.270851E-12
8429.5  1.270983E-12
8432.4  1.262396E-12
8435.3  1.252511E-12
8438.2  1.250743E-12
8441.1  1.255959E-12
8444.  1.265419E-12
8446.9  1.277157E-12
8449.8  1.288170E-12
8452.7  1.294073E-12
8455.6  1.294435E-12
8458.5  1.293864E-12
8461.4  1.292071E-12
8464.3  1.285241E-12
8467.2  1.278307E-12
8470.1  1.278999E-12
8473.  1.284082E-12
8475.9  1.287850E-12
8478.8  1.290417E-12
8481.7  1.291932E-12
8484.6  1.291884E-12
8487.5  1.285963E-12
8490.4  1.260626E-12
8493.3  1.218017E-12
8496.2  1.179550E-12
8499.1  1.163777E-12
8502.  1.185549E-12
8504.9  1.226470E-12
8507.8  1.252363E-12
8510.7  1.257718E-12
8513.6  1.248680E-12
8516.5  1.239942E-12
8519.4  1.243494E-12
8522.3  1.251314E-12
8525.2  1.253815E-12
8528.1  1.246321E-12
8531.  1.221362E-12
8533.9  1.167533E-12
8536.8  1.094285E-12
8539.7  1.028278E-12
8542.6  9.982965E-13
8545.5  1.029323E-12
8548.4  1.098620E-12
8551.3  1.166741E-12
8554.2  1.218266E-12
8557.1  1.247525E-12
8560.  1.264265E-12
8562.9  1.278219E-12
8565.8  1.288030E-12
8568.7  1.292748E-12
8571.6  1.292282E-12
8574.5  1.288053E-12
8577.4  1.283233E-12
8580.3  1.280788E-12
8583.2  1.283187E-12
8586.1  1.288661E-12
8589.  1.293705E-12
8591.9  1.298385E-12
8594.8  1.302977E-12
8597.7  1.304984E-12
8600.6  1.301958E-12
8603.5  1.291128E-12
8606.4  1.274918E-12
8609.3  1.265067E-12
8612.2  1.266171E-12
8615.1  1.273702E-12
8618.  1.284919E-12
8620.9  1.298064E-12
8623.8  1.311788E-12
8626.7  1.325119E-12
8629.6  1.335975E-12
8632.5  1.342396E-12
8635.4  1.344414E-12
8638.3  1.342102E-12
8641.2  1.334100E-12
8644.1  1.319630E-12
8647.  1.299621E-12
8649.9  1.272972E-12
8652.8  1.236842E-12
8655.7  1.189806E-12
8658.6  1.130981E-12
8661.5  1.086406E-12
8664.4  1.091163E-12
8667.3  1.129812E-12
8670.2  1.171647E-12
8673.1  1.206214E-12
8676.  1.228682E-12
8678.9  1.241133E-12
8681.8  1.247708E-12
8684.7  1.251110E-12
8687.6  1.255221E-12
8690.5  1.265323E-12
8693.4  1.279199E-12
8696.3  1.287943E-12
8699.2  1.289876E-12
8702.1  1.287796E-12
8705.  1.286299E-12
8707.9  1.289983E-12
8710.8  1.297650E-12
8713.7  1.306450E-12
8716.6  1.314488E-12
8719.5  1.319446E-12
8722.4  1.317742E-12
8725.3  1.309314E-12
8728.2  1.299746E-12
8731.1  1.292082E-12
8734.  1.286268E-12
8736.9  1.283232E-12
8739.8  1.284124E-12
8742.7  1.288203E-12
8745.6  1.293951E-12
8748.5  1.300865E-12
8751.4  1.308497E-12
8754.3  1.316624E-12
8757.2  1.323774E-12
8760.1  1.324509E-12
8763.  1.316641E-12
8765.9  1.303761E-12
8768.8  1.291595E-12
8771.7  1.287858E-12
8774.6  1.292689E-12
8777.5  1.300353E-12
8780.4  1.306094E-12
8783.3  1.306156E-12
8786.2  1.301400E-12
8789.1  1.294422E-12
8792.  1.288661E-12
8794.9  1.285323E-12
8797.8  1.276951E-12
8800.7  1.260363E-12
8803.6  1.241964E-12
8806.5  1.229987E-12
8809.4  1.234713E-12
8812.3  1.253016E-12
8815.2  1.270891E-12
8818.1  1.280249E-12
8821.  1.277300E-12
8823.9  1.271975E-12
8826.8  1.276589E-12
8829.7  1.285432E-12
8832.6  1.291120E-12
8835.5  1.294375E-12
8838.4  1.296644E-12
8841.3  1.299169E-12
8844.2  1.304510E-12
8847.1  1.316736E-12
8850.  1.334642E-12
8852.9  1.352446E-12
8855.8  1.362752E-12
8858.7  1.358403E-12
8861.6  1.343245E-12
8864.5  1.325426E-12
8867.4  1.310384E-12
8870.3  1.301437E-12
8873.2  1.295312E-12
8876.1  1.289358E-12
8879.  1.285930E-12
8881.9  1.286714E-12
8884.8  1.292624E-12
8887.7  1.300236E-12
8890.6  1.301704E-12
8893.5  1.296746E-12
8896.4  1.290029E-12
8899.3  1.286545E-12
8902.2  1.290323E-12
8905.1  1.296550E-12
8908.  1.298765E-12
8910.9  1.294527E-12
8913.8  1.284202E-12
8916.7  1.274334E-12
8919.6  1.268777E-12
8922.5  1.264428E-12
8925.4  1.261452E-12
8928.3  1.263910E-12
8931.2  1.271077E-12
8934.1  1.279191E-12
8937.  1.283066E-12
8939.9  1.278115E-12
8942.8  1.271152E-12
8945.7  1.270944E-12
8948.6  1.278302E-12
8951.5  1.290830E-12
8954.4  1.301543E-12
8957.3  1.304894E-12
8960.2  1.299693E-12
8963.1  1.288728E-12
8966.  1.279341E-12
8968.9  1.276317E-12
8971.8  1.281270E-12
8974.7  1.292269E-12
8977.6  1.305072E-12
8980.5  1.306199E-12
8983.4  1.284256E-12
8986.3  1.254950E-12
8989.2  1.236534E-12
8992.1  1.235888E-12
8995.  1.250725E-12
8997.9  1.259990E-12
9000.8  1.256233E-12
9003.7  1.254754E-12
9006.6  1.262424E-12
9009.5  1.278324E-12
9012.4  1.295572E-12
9015.3  1.304017E-12
9018.2  1.299819E-12
9021.1  1.283614E-12
9024.  1.265930E-12
9026.9  1.257421E-12
9029.8  1.259000E-12
9032.7  1.267515E-12
9035.6  1.273335E-12
9038.5  1.272738E-12
9041.4  1.273644E-12
9044.3  1.278392E-12
9047.2  1.282984E-12
9050.1  1.287907E-12
9053.  1.295930E-12
9055.9  1.302257E-12
9058.8  1.300221E-12
9061.7  1.289826E-12
9064.6  1.274118E-12
9067.5  1.261949E-12
9070.4  1.258536E-12
9073.3  1.255717E-12
9076.2  1.247477E-12
9079.1  1.233961E-12
9082.  1.218308E-12
9084.9  1.207000E-12
9087.8  1.203928E-12
9090.7  1.210255E-12
9093.6  1.222261E-12
9096.5  1.233918E-12
9099.4  1.238477E-12
9102.3  1.231889E-12
9105.2  1.224386E-12
9108.1  1.225046E-12
9111.  1.229150E-12
9113.9  1.233172E-12
9116.8  1.238617E-12
9119.7  1.246200E-12
9122.6  1.256999E-12
9125.5  1.262971E-12
9128.4  1.249272E-12
9131.3  1.221840E-12
9134.2  1.196851E-12
9137.1  1.181738E-12
9140.  1.178954E-12
9142.9  1.180150E-12
9145.8  1.175999E-12
9148.7  1.162755E-12
9151.6  1.143226E-12
9154.5  1.133610E-12
9157.4  1.140424E-12
9160.3  1.155493E-12
9163.2  1.165273E-12
9166.1  1.151944E-12
9169.  1.122466E-12
9171.9  1.098022E-12
9174.8  1.090539E-12
9177.7  1.105156E-12
9180.6  1.126908E-12
9183.5  1.138799E-12
9186.4  1.138637E-12
9189.3  1.129367E-12
9192.2  1.121070E-12
9195.1  1.120190E-12
9198.  1.125275E-12
9200.9  1.132062E-12
9203.8  1.133637E-12
9206.7  1.128858E-12
9209.6  1.120993E-12
9212.5  1.114706E-12
9215.4  1.114786E-12
9218.3  1.124835E-12
9221.2  1.145103E-12
9224.1  1.164621E-12
9227.  1.173859E-12
9229.9  1.173191E-12
9232.8  1.165097E-12
9235.7  1.154185E-12
9238.6  1.142786E-12
9241.5  1.129442E-12
9244.4  1.117231E-12
9247.3  1.112119E-12
9250.2  1.112360E-12
9253.1  1.113066E-12
9256.  1.114494E-12
9258.9  1.118264E-12
9261.8  1.127191E-12
9264.7  1.141727E-12
9267.6  1.153818E-12
9270.5  1.158252E-12
9273.4  1.157859E-12
9276.3  1.154091E-12
9279.2  1.145786E-12
9282.1  1.136505E-12
9285.  1.133129E-12
9287.9  1.134783E-12
9290.8  1.136772E-12
9293.7  1.137186E-12
9296.6  1.135686E-12
9299.5  1.137891E-12
9302.4  1.147708E-12
9305.3  1.158171E-12
9308.2  1.163434E-12
9311.1  1.164002E-12
9314.  1.159398E-12
9316.9  1.146169E-12
9319.8  1.132750E-12
9322.7  1.137294E-12
9325.6  1.158786E-12
9328.5  1.184831E-12
9331.4  1.196117E-12
9334.3  1.176067E-12
9337.2  1.140737E-12
9340.1  1.112713E-12
9343.  1.106957E-12
9345.9  1.126968E-12
9348.8  1.152116E-12
9351.7  1.162169E-12
9354.6  1.138204E-12
9357.5  1.099865E-12
9360.4  1.109459E-12
9363.3  1.147127E-12
9366.2  1.141967E-12
9369.1  1.107460E-12
9372.  1.086757E-12
9374.9  1.070161E-12
9377.8  1.042791E-12
9380.7  1.022690E-12
9383.6  1.024927E-12
9386.5  1.046225E-12
9389.4  1.078069E-12
9392.3  1.106390E-12
9395.2  1.120085E-12
9398.1  1.112372E-12
9401.  1.092604E-12
9403.9  1.081972E-12
9406.8  1.077614E-12
9409.7  1.066649E-12
9412.6  1.060450E-12
9415.5  1.071604E-12
9418.4  1.084861E-12
9421.3  1.085317E-12
9424.2  1.071844E-12
9427.1  1.053102E-12
9430.  1.059126E-12
9432.9  1.085753E-12
9435.8  1.080281E-12
9438.7  1.044186E-12
9441.6  1.021629E-12
9444.5  1.030275E-12
9447.4  1.072089E-12
9450.3  1.109974E-12
9453.2  1.103117E-12
9456.1  1.074149E-12
9459.  1.054608E-12
9461.9  1.058162E-12
9464.8  1.085651E-12
9467.7  1.111390E-12
9470.6  1.119613E-12
9473.5  1.113851E-12
9476.4  1.099902E-12
9479.3  1.084406E-12
9482.2  1.085277E-12
9485.1  1.123083E-12
9488.  1.161720E-12
9490.9  1.153273E-12
9493.8  1.112443E-12
9496.7  1.069341E-12
9499.6  1.054261E-12
9502.5  1.082188E-12
9505.4  1.128865E-12
9508.3  1.167349E-12
9511.2  1.173398E-12
9514.1  1.146248E-12
9517.  1.110887E-12
9519.9  1.086186E-12
9522.8  1.084979E-12
9525.7  1.105222E-12
9528.6  1.136218E-12
9531.5  1.164801E-12
9534.4  1.179320E-12
9537.3  1.177535E-12
9540.2  1.162838E-12
9543.1  1.147102E-12
9546.  1.138610E-12
9548.9  1.137066E-12
9551.8  1.137609E-12
9554.7  1.129743E-12
9557.6  1.116773E-12
9560.5  1.112623E-12
9563.4  1.111801E-12
9566.3  1.101691E-12
9569.2  1.099921E-12
9572.1  1.124349E-12
9575.  1.145673E-12
9577.9  1.139666E-12
9580.8  1.127510E-12
9583.7  1.122329E-12
9586.6  1.110351E-12
9589.5  1.091145E-12
9592.4  1.082025E-12
9595.3  1.084891E-12
9598.2  1.089594E-12
9601.1  1.093059E-12
9604.  1.095359E-12
9606.9  1.102181E-12
9609.8  1.118359E-12
9612.7  1.128217E-12
9615.6  1.118668E-12
9618.5  1.099888E-12
9621.4  1.083543E-12
9624.3  1.078351E-12
9627.2  1.084977E-12
9630.1  1.092168E-12
9633.  1.092238E-12
9635.9  1.081126E-12
9638.8  1.067974E-12
9641.7  1.068819E-12
9644.6  1.077888E-12
9647.5  1.082645E-12
9650.4  1.084834E-12
9653.3  1.087659E-12
9656.2  1.087237E-12
9659.1  1.081706E-12
9662.  1.075165E-12
9664.9  1.071563E-12
9667.8  1.074339E-12
9670.7  1.081413E-12
9673.6  1.084850E-12
9676.5  1.083740E-12
9679.4  1.081695E-12
9682.3  1.081562E-12
9685.2  1.085267E-12
9688.1  1.087666E-12
9691.  1.083377E-12
9693.9  1.074606E-12
9696.8  1.065082E-12
9699.7  1.058524E-12
9702.6  1.058103E-12
9705.5  1.066222E-12
9708.4  1.079391E-12
9711.3  1.087204E-12
9714.2  1.089114E-12
9717.1  1.091937E-12
9720.  1.094098E-12
9722.9  1.090971E-12
9725.8  1.084299E-12
9728.7  1.077119E-12
9731.6  1.067638E-12
9734.5  1.056106E-12
9737.4  1.052545E-12
9740.3  1.060905E-12
9743.2  1.071107E-12
9746.1  1.077233E-12
9749.  1.079990E-12
9751.9  1.079732E-12
9754.8  1.076983E-12
9757.7  1.074864E-12
9760.6  1.077148E-12
9763.5  1.084030E-12
9766.4  1.093647E-12
9769.3  1.100717E-12
9772.2  1.100681E-12
9775.1  1.093861E-12
9778.  1.082700E-12
9780.9  1.072234E-12
9783.8  1.066122E-12
9786.7  1.065240E-12
9789.6  1.068905E-12
9792.5  1.075080E-12
9795.4  1.080734E-12
9798.3  1.082703E-12
9801.2  1.083178E-12
9804.1  1.085862E-12
9807.  1.089489E-12
9809.9  1.092138E-12
9812.8  1.093727E-12
9815.7  1.094611E-12
9818.6  1.095881E-12
9821.5  1.097994E-12
9824.4  1.100570E-12
9827.3  1.101497E-12
9830.2  1.096617E-12
9833.1  1.089808E-12
9836.  1.089662E-12
9838.9  1.093976E-12
9841.8  1.096520E-12
9844.7  1.094466E-12
9847.6  1.087219E-12
9850.5  1.081215E-12
9853.4  1.081186E-12
9856.3  1.083040E-12
9859.2  1.083633E-12
9862.1  1.082840E-12
9865.  1.081594E-12
9867.9  1.082476E-12
9870.8  1.084338E-12
9873.7  1.083382E-12
9876.6  1.080571E-12
9879.5  1.078798E-12
9882.4  1.078960E-12
9885.3  1.080912E-12
9888.2  1.081662E-12
9891.1  1.078982E-12
9894.  1.074528E-12
9896.9  1.070923E-12
9899.8  1.072340E-12
9902.7  1.078037E-12
9905.6  1.080374E-12
9908.5  1.078829E-12
9911.4  1.078654E-12
9914.3  1.081249E-12
9917.2  1.086048E-12
9920.1  1.089580E-12
9923.  1.088396E-12
9925.9  1.086180E-12
9928.8  1.086822E-12
9931.7  1.089754E-12
9934.6  1.092993E-12
9937.5  1.092120E-12
9940.4  1.086518E-12
9943.3  1.081349E-12
9946.2  1.080142E-12
9949.1  1.084719E-12
9952.  1.092218E-12
9954.9  1.097113E-12
9957.8  1.098055E-12
9960.7  1.095633E-12
9963.6  1.091467E-12
9966.5  1.087408E-12
9969.4  1.083980E-12
9972.3  1.081545E-12
9975.2  1.080301E-12
9978.1  1.081023E-12
9981.  1.085815E-12
9983.9  1.093224E-12
9986.8  1.098479E-12
9989.7  1.097745E-12
9992.6  1.088390E-12
9995.5  1.075803E-12
9998.4  1.068106E-12
10001.3  1.066319E-12
10004.2  1.069156E-12
10007.1  1.074856E-12
10010.  1.081378E-12
10012.9  1.087939E-12
10015.8  1.092649E-12
10018.7  1.090816E-12
10021.6  1.084326E-12
10024.5  1.082747E-12
10027.4  1.088064E-12
10030.3  1.096588E-12
10033.2  1.106540E-12
10036.1  1.116688E-12
10039.  1.128248E-12
10041.9  1.141946E-12
10044.8  1.150843E-12
10047.7  1.149671E-12
10050.6  1.143002E-12
10053.5  1.134047E-12
10056.4  1.120373E-12
10059.3  1.103322E-12
10062.2  1.089081E-12
10065.1  1.078983E-12
10068.  1.070580E-12
10070.9  1.061628E-12
10073.8  1.050270E-12
10076.7  1.041529E-12
10079.6  1.041194E-12
10082.5  1.045372E-12
10085.4  1.049147E-12
10088.3  1.051153E-12
10091.2  1.051958E-12
10094.1  1.056292E-12
10097.  1.065064E-12
10099.9  1.072734E-12
10102.8  1.078055E-12
10105.7  1.083860E-12
10108.6  1.088862E-12
10111.5  1.089939E-12
10114.4  1.087675E-12
10117.3  1.084161E-12
10120.2  1.082007E-12
10123.1  1.083343E-12
10126.  1.088515E-12
10128.9  1.095954E-12
10131.8  1.100041E-12
10134.7  1.098834E-12
10137.6  1.097497E-12
10140.5  1.096503E-12
10143.4  1.091267E-12
10146.3  1.082945E-12
10149.2  1.075892E-12
10152.1  1.073097E-12
10155.  1.076106E-12
10157.9  1.077442E-12
10160.8  1.070090E-12
10163.7  1.060681E-12
10166.6  1.056026E-12
10169.5  1.057134E-12
10172.4  1.062843E-12
10175.3  1.068294E-12
10178.2  1.072088E-12
10181.1  1.077750E-12
10184.  1.083341E-12
10186.9  1.083314E-12
10189.8  1.079998E-12
10192.7  1.078793E-12
10195.6  1.079644E-12
10198.5  1.080865E-12
10201.4  1.080433E-12
10204.3  1.077080E-12
10207.2  1.072422E-12
10210.1  1.068325E-12
10213.  1.066625E-12
10215.9  1.066991E-12
10218.8  1.065339E-12
10221.7  1.064723E-12
10224.6  1.074363E-12
10227.5  1.084140E-12
10230.4  1.076166E-12
10233.3  1.061589E-12
10236.2  1.058043E-12
10239.1  1.063295E-12
10242.  1.071259E-12
10244.9  1.076656E-12
10247.8  1.075884E-12
10250.7  1.069791E-12
10253.6  1.062008E-12
10256.5  1.059776E-12
10259.4  1.063301E-12
10262.3  1.065613E-12
10265.2  1.066882E-12
10268.1  1.071366E-12
10271.  1.069688E-12
10273.9  1.051575E-12
10276.8  1.037991E-12
10279.7  1.048276E-12
10282.6  1.065342E-12
10285.5  1.073297E-12
10288.4  1.072468E-12
10291.3  1.065315E-12
10294.2  1.057106E-12
10297.1  1.050742E-12
10300.  1.045987E-12
10302.9  1.041524E-12
10305.8  1.034999E-12
10308.7  1.032505E-12
10311.6  1.041619E-12
10314.5  1.050270E-12
10317.4  1.045735E-12
10320.3  1.038458E-12
10323.2  1.036533E-12
10326.1  1.028876E-12
10329.  1.013154E-12
10331.9  1.005947E-12
10334.8  1.010271E-12
10337.7  1.012461E-12
10340.6  1.012794E-12
10343.5  1.020724E-12
10346.4  1.036614E-12
10349.3  1.056466E-12
10352.2  1.071645E-12
10355.1  1.074305E-12
10358.  1.068635E-12
10360.9  1.060252E-12
10363.8  1.048983E-12
10366.7  1.037975E-12
10369.6  1.039141E-12
10372.5  1.050173E-12
10375.4  1.049531E-12
10378.3  1.035370E-12
10381.2  1.022049E-12
10384.1  1.015245E-12
10387.  1.015696E-12
10389.9  1.024541E-12
10392.8  1.040072E-12
10395.7  1.040983E-12
10398.6  1.014081E-12
10401.5  9.904798E-13
10404.4  9.912347E-13
10407.3  1.000450E-12
10410.2  1.009739E-12
10413.1  1.024862E-12
10416.  1.041121E-12
10418.9  1.045471E-12
10421.8  1.037438E-12
10424.7  1.024402E-12
10427.6  1.002528E-12
10430.5  9.676479E-13
10433.4  9.468448E-13
10436.3  9.616356E-13
10439.2  9.796315E-13
10442.1  9.784156E-13
10445.  9.827822E-13
10447.9  1.003571E-12
10450.8  1.024871E-12
10453.7  1.037936E-12
10456.6  1.040971E-12
10459.5  1.035651E-12
10462.4  1.027236E-12
10465.3  1.013749E-12
10468.2  9.921484E-13
10471.1  9.806682E-13
10474.  9.956089E-13
10476.9  1.022351E-12
10479.8  1.043586E-12
10482.7  1.048259E-12
10485.6  1.036827E-12
10488.5  1.031823E-12
10491.4  1.037690E-12
10494.3  1.036726E-12
10497.2  1.021119E-12
10500.1  9.894112E-13
10503.  9.640309E-13
10505.9  9.745327E-13
10508.8  9.887577E-13
10511.7  9.694965E-13
10514.6  9.601389E-13
10517.5  9.960988E-13
10520.4  1.044362E-12
10523.3  1.073609E-12
10526.2  1.065813E-12
10529.1  1.030483E-12
10532.  1.015360E-12
10534.9  1.027359E-12
10537.8  1.038794E-12
10540.7  1.039371E-12
10543.6  1.027921E-12
10546.5  1.006457E-12
10549.4  9.810962E-13
10552.3  9.706313E-13
10555.2  9.878257E-13
10558.1  1.019030E-12
10561.  1.045241E-12
10563.9  1.039009E-12
10566.8  1.008454E-12
10569.7  1.019021E-12
10572.6  1.065734E-12
10575.5  1.077829E-12
10578.4  1.048450E-12
10581.3  1.007561E-12
10584.2  9.591926E-13
10587.1  9.038945E-13
10590.  8.754904E-13
10592.9  9.006721E-13
10595.8  9.588374E-13
10598.7  1.018856E-12
10601.6  1.040015E-12
10604.5  1.015259E-12
10607.4  9.955953E-13
10610.3  1.004002E-12
10613.2  1.031132E-12
10616.1  1.065283E-12
10619.  1.091755E-12
10621.9  1.101224E-12
10624.8  1.089463E-12
10627.7  1.064659E-12
10630.6  1.037310E-12
10633.5  1.003442E-12
10636.4  9.647339E-13
10639.3  9.497429E-13
10642.2  9.622384E-13
10645.1  9.544721E-13
10648.  9.211156E-13
10650.9  9.096276E-13
10653.8  9.220495E-13
10656.7  9.287164E-13
10659.6  9.277908E-13
10662.5  9.283180E-13
10665.4  9.278458E-13
10668.3  9.227862E-13
10671.2  9.155428E-13
10674.1  9.095864E-13
10677.  9.047447E-13
10679.9  9.085886E-13
10682.8  9.483616E-13
10685.7  1.017364E-12
10688.6  1.065975E-12
10691.5  1.068591E-12
10694.4  1.018804E-12
10697.3  9.676340E-13
10700.2  9.891622E-13
10703.1  1.025397E-12
10706.  9.938985E-13
10708.9  9.537166E-13
10711.8  9.643408E-13
10714.7  9.864721E-13
10717.6  9.830152E-13
10720.5  9.378501E-13
10723.4  8.712637E-13
10726.3  8.602029E-13
10729.2  9.111516E-13
10732.1  9.640511E-13
10735.  9.938841E-13
10737.9  9.958555E-13
10740.8  9.952845E-13
10743.7  1.022859E-12
10746.6  1.045709E-12
10749.5  1.028263E-12
10752.4  9.832018E-13
10755.3  9.305510E-13
10758.2  8.865614E-13
10761.1  8.754503E-13
10764.  9.326524E-13
10766.9  1.048755E-12
10769.8  1.174006E-12
10772.7  1.233414E-12
10775.6  1.145238E-12
10778.5  9.952495E-13
10781.4  9.252150E-13
10784.3  9.222948E-13
10787.2  9.377210E-13
10790.1  9.509558E-13
10793.  9.538646E-13
10795.9  9.760096E-13
10798.8  1.034094E-12
10801.7  1.117891E-12
10804.6  1.194732E-12
10807.5  1.204880E-12
10810.4  1.165636E-12
10813.3  1.147086E-12
10816.2  1.182409E-12
10819.1  1.279689E-12
10822.  1.329373E-12
10824.9  1.228089E-12
10827.8  1.107258E-12
10830.7  1.089483E-12
10833.6  1.131203E-12
10836.5  1.171281E-12
10839.4  1.136885E-12
10842.3  1.029349E-12
10845.2  9.559591E-13
10848.1  9.487423E-13
10851.  9.752316E-13
10853.9  1.012006E-12
10856.8  1.037512E-12
10859.7  1.041801E-12
10862.6  1.022579E-12
10865.5  9.753985E-13
10868.4  9.061802E-13
10871.3  8.574288E-13
10874.2  8.497077E-13
10877.1  8.362461E-13
10880.  8.142449E-13
10882.9  8.554239E-13
10885.8  9.502314E-13
10888.7  1.016417E-12
10891.6  1.033704E-12
10894.5  1.018885E-12
10897.4  9.934382E-13
10900.3  9.809742E-13
10903.2  9.969258E-13
10906.1  1.042983E-12
10909.  1.072731E-12
10911.9  1.061961E-12
10914.8  1.081374E-12
10917.7  1.118581E-12
10920.6  1.005182E-12
10923.5  7.545847E-13
10926.4  5.609540E-13
10929.3  5.291905E-13
10932.2  7.015272E-13
10935.1  8.601037E-13
10938.  7.258029E-13
10940.9  5.179286E-13
10943.8  5.086757E-13
10946.7  5.530280E-13
10949.6  5.207885E-13
10952.5  5.002128E-13
10955.4  5.477873E-13
10958.3  6.576317E-13
10961.2  7.624877E-13
10964.1  7.159107E-13
10967.  5.592442E-13
10969.9  4.683238E-13
10972.8  4.689493E-13
10975.7  5.157958E-13
10978.6  5.563854E-13
10981.5  5.441347E-13
10984.4  5.111915E-13
10987.3  4.901995E-13
10990.2  4.528539E-13
10993.1  3.944895E-13
10996.  3.697395E-13
10998.9  3.896102E-13
