3050.  1.593330E-14
3052.9  -7.720627E-15
3055.8  -8.806630E-15
3058.7  -8.699459E-15
3061.6  -9.675435E-15
3064.5  -1.538942E-15
3067.4  -8.029698E-15
3070.3  -2.239752E-14
3073.2  -1.305026E-14
3076.1  -1.754556E-16
3079.  6.370318E-15
3081.9  7.051260E-15
3084.8  1.008026E-14
3087.7  -3.992996E-15
3090.6  -1.885507E-15
3093.5  8.605843E-15
3096.4  -1.444333E-15
3099.3  6.369876E-15
3102.2  2.308013E-15
3105.1  5.326595E-15
3108.  4.388455E-15
3110.9  -9.310967E-16
3113.8  4.761783E-15
3116.7  -9.088547E-17
3119.6  -3.192272E-16
3122.5  1.027783E-15
3125.4  4.311703E-15
3128.3  5.850654E-15
3131.2  3.851975E-15
3134.1  4.298709E-15
3137.  7.177214E-15
3139.9  1.161166E-14
3142.8  9.943999E-15
3145.7  1.529256E-15
3148.6  8.076946E-16
3151.5  1.674427E-16
3154.4  2.813127E-15
3157.3  3.239929E-15
3160.2  7.860938E-15
3163.1  7.113178E-15
3166.  7.734409E-15
3168.9  6.770044E-15
3171.8  9.362792E-15
3174.7  6.311631E-15
3177.6  3.327718E-15
3180.5  1.170242E-15
3183.4  7.392097E-16
3186.3  7.095097E-15
3189.2  9.166624E-15
3192.1  7.023297E-15
3195.  4.115415E-15
3197.9  3.606685E-15
3200.8  3.174826E-15
3203.7  4.494485E-15
3206.6  5.116635E-15
3209.5  3.939064E-15
3212.4  1.868560E-15
3215.3  4.098772E-15
3218.2  2.575833E-15
3221.1  2.820482E-15
3224.  3.592340E-15
3226.9  4.678566E-15
3229.8  1.259967E-17
3232.7  4.782869E-15
3235.6  6.231156E-15
3238.5  6.262731E-15
3241.4  7.035670E-15
3244.3  5.834056E-15
3247.2  3.728582E-15
3250.1  6.006746E-15
3253.  8.517475E-15
3255.9  1.018070E-14
3258.8  8.853481E-15
3261.7  9.642504E-15
3264.6  1.078678E-14
3267.5  1.018615E-14
3270.4  8.024580E-15
3273.3  6.547710E-15
3276.2  7.533070E-15
3279.1  7.960200E-15
3282.  8.115340E-15
3284.9  8.264153E-15
3287.8  1.188244E-14
3290.7  1.375710E-14
3293.6  1.142714E-14
3296.5  1.344568E-14
3299.4  1.122570E-14
3302.3  9.536863E-15
3305.2  8.953702E-15
3308.1  1.064554E-14
3311.  1.109746E-14
3313.9  7.831828E-15
3316.8  1.015842E-14
3319.7  1.054307E-14
3322.6  9.998745E-15
3325.5  1.073284E-14
3328.4  1.136096E-14
3331.3  9.823331E-15
3334.2  8.285846E-15
3337.1  9.910895E-15
3340.  9.980095E-15
3342.9  1.059670E-14
3345.8  1.002021E-14
3348.7  8.571072E-15
3351.6  8.763589E-15
3354.5  9.445635E-15
3357.4  6.986611E-15
3360.3  4.924885E-15
3363.2  7.592616E-15
3366.1  9.335267E-15
3369.  8.240461E-15
3371.9  7.885781E-15
3374.8  7.929691E-15
3377.7  1.030914E-14
3380.6  9.293942E-15
3383.5  8.526609E-15
3386.4  1.007935E-14
3389.3  1.053721E-14
3392.2  1.067177E-14
3395.1  1.172023E-14
3398.  1.487041E-14
3400.9  1.629355E-14
3403.8  1.196734E-14
3406.7  9.789610E-15
3409.6  1.058948E-14
3412.5  1.044796E-14
3415.4  1.240813E-14
3418.3  1.246350E-14
3421.2  1.094074E-14
3424.1  1.258150E-14
3427.  1.335957E-14
3429.9  1.277382E-14
3432.8  1.119951E-14
3435.7  8.356356E-15
3438.6  7.196533E-15
3441.5  1.012140E-14
3444.4  9.510500E-15
3447.3  1.071348E-14
3450.2  1.275290E-14
3453.1  9.855796E-15
3456.  1.006278E-14
3458.9  1.069070E-14
3461.8  1.116581E-14
3464.7  1.132150E-14
3467.6  1.240852E-14
3470.5  1.196427E-14
3473.4  1.097643E-14
3476.3  1.009459E-14
3479.2  1.270398E-14
3482.1  1.261110E-14
3485.  1.172730E-14
3487.9  1.289657E-14
3490.8  1.152224E-14
3493.7  1.386004E-14
3496.6  1.611360E-14
3499.5  1.549259E-14
3502.4  1.719821E-14
3505.3  1.627133E-14
3508.2  1.520353E-14
3511.1  1.367752E-14
3514.  1.198588E-14
3516.9  1.251707E-14
3519.8  1.276283E-14
3522.7  1.198286E-14
3525.6  1.389281E-14
3528.5  1.445449E-14
3531.4  1.634267E-14
3534.3  1.794734E-14
3537.2  1.721365E-14
3540.1  1.618605E-14
3543.  1.646562E-14
3545.9  1.435567E-14
3548.8  1.420434E-14
3551.7  1.478148E-14
3554.6  1.274362E-14
3557.5  1.171640E-14
3560.4  9.994736E-15
3563.3  9.265743E-15
3566.2  8.709489E-15
3569.1  7.922662E-15
3572.  8.553315E-15
3574.9  9.061732E-15
3577.8  8.310729E-15
3580.7  6.865695E-15
3583.6  6.735474E-15
3586.5  9.959880E-15
3589.4  1.377302E-14
3592.3  1.524988E-14
3595.2  1.632896E-14
3598.1  1.813115E-14
3601.  1.616696E-14
3603.9  1.339402E-14
3606.8  1.257699E-14
3609.7  1.356698E-14
3612.6  1.655422E-14
3615.5  1.684555E-14
3618.4  1.602352E-14
3621.3  1.845453E-14
3624.2  2.115629E-14
3627.1  2.117109E-14
3630.  1.967507E-14
3632.9  1.805239E-14
3635.8  1.974685E-14
3638.7  2.016412E-14
3641.6  1.924506E-14
3644.5  1.738076E-14
3647.4  1.787723E-14
3650.3  2.178813E-14
3653.2  2.464015E-14
3656.1  2.708725E-14
3659.  2.837856E-14
3661.9  2.621335E-14
3664.8  2.499872E-14
3667.7  2.507136E-14
3670.6  2.513389E-14
3673.5  2.427091E-14
3676.4  2.310096E-14
3679.3  2.033710E-14
3682.2  2.178789E-14
3685.1  1.807521E-14
3688.  1.927516E-14
3690.9  2.047512E-14
3693.8  2.167517E-14
3696.7  2.287512E-14
3699.6  2.777533E-14
3702.5  2.208951E-14
3705.4  2.073441E-14
3708.3  2.067740E-14
3711.2  2.256435E-14
3714.1  2.217662E-14
3717.  1.823311E-14
3719.9  1.467304E-14
3722.8  1.475307E-14
3725.7  1.572542E-14
3728.6  1.516346E-14
3731.5  1.203172E-14
3734.4  1.020812E-14
3737.3  1.133002E-14
3740.2  1.235600E-14
3743.1  1.224712E-14
3746.  1.210070E-14
3748.9  1.212420E-14
3751.8  1.461671E-14
3754.7  1.778447E-14
3757.6  1.600830E-14
3760.5  1.485289E-14
3763.4  1.587195E-14
3766.3  1.811849E-14
3769.2  2.194082E-14
3772.1  2.375407E-14
3775.  2.343625E-14
3777.9  2.265473E-14
3780.8  2.367908E-14
3783.7  2.096972E-14
3786.6  1.775131E-14
3789.5  1.588155E-14
3792.4  1.520120E-14
3795.3  1.410609E-14
3798.2  1.578647E-14
3801.1  1.677643E-14
3804.  1.757533E-14
3806.9  1.797560E-14
3809.8  1.579724E-14
3812.7  1.354422E-14
3815.6  1.126386E-14
3818.5  9.138368E-15
3821.4  8.492408E-15
3824.3  8.118195E-15
3827.2  9.054404E-15
3830.1  9.501416E-15
3833.  9.929741E-15
3835.9  1.040112E-14
3838.8  1.103174E-14
3841.7  1.165003E-14
3844.6  1.339461E-14
3847.5  1.311722E-14
3850.4  1.261773E-14
3853.3  1.156992E-14
3856.2  1.048309E-14
3859.1  1.073701E-14
3862.  1.173216E-14
3864.9  1.228296E-14
3867.8  1.181644E-14
3870.7  1.151487E-14
3873.6  1.232547E-14
3876.5  1.307728E-14
3879.4  1.407131E-14
3882.3  1.494898E-14
3885.2  1.667584E-14
3888.1  1.936836E-14
3891.  2.231687E-14
3893.9  2.437790E-14
3896.8  2.385183E-14
3899.7  2.341450E-14
3902.6  2.341040E-14
3905.5  2.309933E-14
3908.4  2.470019E-14
3911.3  2.642850E-14
3914.2  2.542826E-14
3917.1  2.230575E-14
3920.  1.914150E-14
3922.9  1.684786E-14
3925.8  1.378208E-14
3928.7  1.021189E-14
3931.6  8.095595E-15
3934.5  9.030262E-15
3937.4  1.196421E-14
3940.3  1.631208E-14
3943.2  1.898175E-14
3946.1  2.231573E-14
3949.  2.625290E-14
3951.9  2.753962E-14
3954.8  2.714777E-14
3957.7  2.339438E-14
3960.6  1.793344E-14
3963.5  1.337941E-14
3966.4  1.122435E-14
3969.3  1.235175E-14
3972.2  1.718979E-14
3975.1  2.515665E-14
3978.  3.181596E-14
3980.9  3.637863E-14
3983.8  3.889811E-14
3986.7  4.201844E-14
3989.6  4.349334E-14
3992.5  4.347660E-14
3995.4  4.483744E-14
3998.3  4.565783E-14
4001.2  4.789028E-14
4004.1  4.689540E-14
4007.  4.739764E-14
4009.9  4.956068E-14
4012.8  5.136606E-14
4015.7  5.252250E-14
4018.6  5.221579E-14
4021.5  5.051589E-14
4024.4  4.996862E-14
4027.3  4.912504E-14
4030.2  4.680640E-14
4033.1  4.463544E-14
4036.  4.619125E-14
4038.9  4.769530E-14
4041.8  4.389533E-14
4044.7  4.168735E-14
4047.6  4.256158E-14
4050.5  4.624218E-14
4053.4  4.592038E-14
4056.3  4.376883E-14
4059.2  4.287997E-14
4062.1  4.137459E-14
4065.  4.254648E-14
4067.9  4.378805E-14
4070.8  4.415789E-14
4073.7  4.451038E-14
4076.6  4.555882E-14
4079.5  4.776026E-14
4082.4  5.233866E-14
4085.3  5.458163E-14
4088.2  5.581151E-14
4091.1  5.569546E-14
4094.  5.157236E-14
4096.9  4.686603E-14
4099.8  4.650624E-14
4102.7  4.796902E-14
4105.6  4.971219E-14
4108.5  4.909568E-14
4111.4  4.899853E-14
4114.3  4.852263E-14
4117.2  4.773263E-14
4120.1  4.740657E-14
4123.  4.685919E-14
4125.9  4.647896E-14
4128.8  4.395921E-14
4131.7  4.255909E-14
4134.6  4.401833E-14
4137.5  4.502965E-14
4140.4  4.366933E-14
4143.3  4.137385E-14
4146.2  4.171291E-14
4149.1  4.197960E-14
4152.  4.217184E-14
4154.9  4.405885E-14
4157.8  4.574142E-14
4160.7  4.865532E-14
4163.6  4.775195E-14
4166.5  4.602048E-14
4169.4  4.461866E-14
4172.3  4.281818E-14
4175.2  4.311329E-14
4178.1  4.501633E-14
4181.  4.665890E-14
4183.9  4.806531E-14
4186.8  4.896882E-14
4189.7  4.888838E-14
4192.6  4.739272E-14
4195.5  4.460162E-14
4198.4  4.355682E-14
4201.3  4.497632E-14
4204.2  4.758015E-14
4207.1  5.141492E-14
4210.  5.202032E-14
4212.9  5.216394E-14
4215.8  5.575101E-14
4218.7  5.725323E-14
4221.6  5.254618E-14
4224.5  4.638138E-14
4227.4  4.505396E-14
4230.3  5.145740E-14
4233.2  5.637852E-14
4236.1  5.830490E-14
4239.  6.176585E-14
4241.9  6.446733E-14
4244.8  6.430168E-14
4247.7  5.931730E-14
4250.6  5.581707E-14
4253.5  5.582675E-14
4256.4  5.756725E-14
4259.3  5.872416E-14
4262.2  6.123436E-14
4265.1  6.387125E-14
4268.  5.876830E-14
4270.9  5.142350E-14
4273.8  5.225144E-14
4276.7  5.772958E-14
4279.6  6.083374E-14
4282.5  5.894044E-14
4285.4  5.620138E-14
4288.3  5.332361E-14
4291.2  5.240287E-14
4294.1  5.341925E-14
4297.  4.917679E-14
4299.9  4.485323E-14
4302.8  4.230914E-14
4305.7  4.168328E-14
4308.6  4.681765E-14
4311.5  5.670737E-14
4314.4  6.957115E-14
4317.3  7.668267E-14
4320.2  7.291953E-14
4323.1  6.690409E-14
4326.  6.676908E-14
4328.9  7.493410E-14
4331.8  7.956647E-14
4334.7  7.723078E-14
4337.6  7.330432E-14
4340.5  7.127821E-14
4343.4  7.575855E-14
4346.3  7.872155E-14
4349.2  7.660960E-14
4352.1  7.512116E-14
4355.  7.647209E-14
4357.9  7.902115E-14
4360.8  8.291757E-14
4363.7  8.366738E-14
4366.6  8.060979E-14
4369.5  7.620685E-14
4372.4  7.349641E-14
4375.3  7.181299E-14
4378.2  6.972110E-14
4381.1  6.282895E-14
4384.  5.844588E-14
4386.9  6.251278E-14
4389.8  6.831760E-14
4392.7  7.197532E-14
4395.6  7.524366E-14
4398.5  7.572250E-14
4401.4  7.185332E-14
4404.3  6.773371E-14
4407.2  6.872904E-14
4410.1  7.466266E-14
4413.  7.819881E-14
4415.9  7.890078E-14
4418.8  8.064763E-14
4421.7  8.203530E-14
4424.6  8.179263E-14
4427.5  8.129719E-14
4430.4  8.032014E-14
4433.3  7.962989E-14
4436.2  8.146467E-14
4439.1  8.569196E-14
4442.  8.744550E-14
4444.9  8.812677E-14
4447.8  8.957354E-14
4450.7  8.740636E-14
4453.6  8.237956E-14
4456.5  7.777628E-14
4459.4  7.631597E-14
4462.3  7.832726E-14
4465.2  8.314967E-14
4468.1  8.992888E-14
4471.  9.496457E-14
4473.9  9.827742E-14
4476.8  9.877167E-14
4479.7  9.599392E-14
4482.6  9.560185E-14
4485.5  9.693575E-14
4488.4  9.474945E-14
4491.3  9.144143E-14
4494.2  9.106906E-14
4497.1  9.419298E-14
4500.  1.012296E-13
4502.9  1.060042E-13
4505.8  1.071000E-13
4508.7  1.055414E-13
4511.6  1.037098E-13
4514.5  1.005811E-13
4517.4  9.774719E-14
4520.3  9.688858E-14
4523.2  9.363614E-14
4526.1  8.863868E-14
4529.  8.687281E-14
4531.9  8.862227E-14
4534.8  9.110938E-14
4537.7  9.494444E-14
4540.6  9.692474E-14
4543.5  9.666609E-14
4546.4  9.596090E-14
4549.3  9.567152E-14
4552.2  9.849672E-14
4555.1  1.004266E-13
4558.  1.037944E-13
4560.9  1.037959E-13
4563.8  1.041266E-13
4566.7  1.047155E-13
4569.6  1.064687E-13
4572.5  1.050270E-13
4575.4  1.035974E-13
4578.3  9.820201E-14
4581.2  9.519868E-14
4584.1  9.956315E-14
4587.  1.042765E-13
4589.9  1.048943E-13
4592.8  1.007177E-13
4595.7  9.769267E-14
4598.6  9.851050E-14
4601.5  1.001155E-13
4604.4  1.029655E-13
4607.3  1.093792E-13
4610.2  1.149824E-13
4613.1  1.147313E-13
4616.  1.138731E-13
4618.9  1.138359E-13
4621.8  1.156056E-13
4624.7  1.160983E-13
4627.6  1.158264E-13
4630.5  1.139077E-13
4633.4  1.105220E-13
4636.3  1.061291E-13
4639.2  1.038460E-13
4642.1  1.036589E-13
4645.  1.019396E-13
4647.9  1.003333E-13
4650.8  1.048875E-13
4653.7  1.072851E-13
4656.6  1.090259E-13
4659.5  1.115681E-13
4662.4  1.078597E-13
4665.3  1.005513E-13
4668.2  9.750467E-14
4671.1  1.016430E-13
4674.  1.070859E-13
4676.9  1.083825E-13
4679.8  1.066550E-13
4682.7  1.058665E-13
4685.6  1.083345E-13
4688.5  1.093475E-13
4691.4  1.094162E-13
4694.3  1.094205E-13
4697.2  1.071242E-13
4700.1  1.039028E-13
4703.  1.034935E-13
4705.9  1.038258E-13
4708.8  1.028815E-13
4711.7  1.043155E-13
4714.6  1.086825E-13
4717.5  1.123695E-13
4720.4  1.133645E-13
4723.3  1.124462E-13
4726.2  1.087787E-13
4729.1  1.044618E-13
4732.  1.055787E-13
4734.9  1.111301E-13
4737.8  1.147280E-13
4740.7  1.151790E-13
4743.6  1.155870E-13
4746.5  1.165742E-13
4749.4  1.161646E-13
4752.3  1.146897E-13
4755.2  1.138406E-13
4758.1  1.139442E-13
4761.  1.113331E-13
4763.9  1.071907E-13
4766.8  1.075815E-13
4769.7  1.140996E-13
4772.6  1.180090E-13
4775.5  1.198101E-13
4778.4  1.195838E-13
4781.3  1.166701E-13
4784.2  1.135318E-13
4787.1  1.138706E-13
4790.  1.155849E-13
4792.9  1.194529E-13
4795.8  1.210048E-13
4798.7  1.181632E-13
4801.6  1.187263E-13
4804.5  1.195373E-13
4807.4  1.171508E-13
4810.3  1.192109E-13
4813.2  1.221405E-13
4816.1  1.252074E-13
4819.  1.256118E-13
4821.9  1.227398E-13
4824.8  1.181584E-13
4827.7  1.176424E-13
4830.6  1.172165E-13
4833.5  1.163783E-13
4836.4  1.165647E-13
4839.3  1.144207E-13
4842.2  1.149937E-13
4845.1  1.178790E-13
4848.  1.192453E-13
4850.9  1.188173E-13
4853.8  1.162232E-13
4856.7  1.107241E-13
4859.6  1.049914E-13
4862.5  1.024977E-13
4865.4  1.061122E-13
4868.3  1.077930E-13
4871.2  1.080059E-13
4874.1  1.101717E-13
4877.  1.149916E-13
4879.9  1.175203E-13
4882.8  1.138504E-13
4885.7  1.099373E-13
4888.6  1.090544E-13
4891.5  1.149103E-13
4894.4  1.240041E-13
4897.3  1.282059E-13
4900.2  1.262144E-13
4903.1  1.237099E-13
4906.  1.236660E-13
4908.9  1.204433E-13
4911.8  1.185447E-13
4914.7  1.178746E-13
4917.6  1.118663E-13
4920.5  1.051202E-13
4923.4  1.088174E-13
4926.3  1.164743E-13
4929.2  1.228774E-13
4932.1  1.228876E-13
4935.  1.188072E-13
4937.9  1.149712E-13
4940.8  1.180476E-13
4943.7  1.251051E-13
4946.6  1.274828E-13
4949.5  1.300381E-13
4952.4  1.288399E-13
4955.3  1.246160E-13
4958.2  1.207309E-13
4961.1  1.223750E-13
4964.  1.214935E-13
4966.9  1.204644E-13
4969.8  1.227192E-13
4972.7  1.245685E-13
4975.6  1.239964E-13
4978.5  1.200361E-13
4981.4  1.145242E-13
4984.3  1.125547E-13
4987.2  1.159542E-13
4990.1  1.180671E-13
4993.  1.189377E-13
4995.9  1.195482E-13
4998.8  1.172319E-13
5001.7  1.142039E-13
5004.6  1.126409E-13
5007.5  1.124184E-13
5010.4  1.126646E-13
5013.3  1.109089E-13
5016.2  1.111487E-13
5019.1  1.118066E-13
5022.  1.118496E-13
5024.9  1.142353E-13
5027.8  1.172870E-13
5030.7  1.225301E-13
5033.6  1.244569E-13
5036.5  1.183743E-13
5039.4  1.108612E-13
5042.3  1.125302E-13
5045.2  1.194509E-13
5048.1  1.208000E-13
5051.  1.201880E-13
5053.9  1.244973E-13
5056.8  1.298340E-13
5059.7  1.312862E-13
5062.6  1.277133E-13
5065.5  1.214145E-13
5068.4  1.191270E-13
5071.3  1.200897E-13
5074.2  1.190312E-13
5077.1  1.157811E-13
5080.  1.126940E-13
5082.9  1.146497E-13
5085.8  1.200482E-13
5088.7  1.242386E-13
5091.6  1.258283E-13
5094.5  1.250133E-13
5097.4  1.208321E-13
5100.3  1.170598E-13
5103.2  1.170790E-13
5106.1  1.158084E-13
5109.  1.136293E-13
5111.9  1.140698E-13
5114.8  1.174171E-13
5117.7  1.199119E-13
5120.6  1.159240E-13
5123.5  1.106842E-13
5126.4  1.094996E-13
5129.3  1.106901E-13
5132.2  1.136029E-13
5135.1  1.160851E-13
5138.  1.146337E-13
5140.9  1.109791E-13
5143.8  1.090647E-13
5146.7  1.090610E-13
5149.6  1.105968E-13
5152.5  1.104725E-13
5155.4  1.151366E-13
5158.3  1.192882E-13
5161.2  1.155607E-13
5164.1  1.048945E-13
5167.  9.326071E-14
5169.9  8.949939E-14
5172.8  9.281673E-14
5175.7  1.006557E-13
5178.6  1.047321E-13
5181.5  1.010451E-13
5184.4  9.875192E-14
5187.3  1.085512E-13
5190.2  1.142745E-13
5193.1  1.109281E-13
5196.  1.130660E-13
5198.9  1.174453E-13
5201.8  1.167540E-13
5204.7  1.085885E-13
5207.6  1.033021E-13
5210.5  1.098180E-13
5213.4  1.183263E-13
5216.3  1.229673E-13
5219.2  1.243863E-13
5222.1  1.214035E-13
5225.  1.147114E-13
5227.9  1.142911E-13
5230.8  1.217395E-13
5233.7  1.257058E-13
5236.6  1.271446E-13
5239.5  1.295672E-13
5242.4  1.329728E-13
5245.3  1.304415E-13
5248.2  1.240637E-13
5251.1  1.210311E-13
5254.  1.239799E-13
5256.9  1.296495E-13
5259.8  1.303577E-13
5262.7  1.195562E-13
5265.6  1.074553E-13
5268.5  1.026653E-13
5271.4  1.071148E-13
5274.3  1.180922E-13
5277.2  1.272895E-13
5280.1  1.320564E-13
5283.  1.293854E-13
5285.9  1.334780E-13
5288.8  1.398938E-13
5291.7  1.405391E-13
5294.6  1.341487E-13
5297.5  1.275349E-13
5300.4  1.272919E-13
5303.3  1.346926E-13
5306.2  1.422335E-13
5309.1  1.447458E-13
5312.  1.442496E-13
5314.9  1.421405E-13
5317.8  1.392028E-13
5320.7  1.341418E-13
5323.6  1.289155E-13
5326.5  1.220610E-13
5329.4  1.185649E-13
5332.3  1.259478E-13
5335.2  1.327815E-13
5338.1  1.355173E-13
5341.  1.347588E-13
5343.9  1.332608E-13
5346.8  1.345508E-13
5349.7  1.351802E-13
5352.6  1.417532E-13
5355.5  1.481853E-13
5358.4  1.510140E-13
5361.3  1.475072E-13
5364.2  1.419102E-13
5367.1  1.362735E-13
5370.  1.308426E-13
5372.9  1.327263E-13
5375.8  1.404500E-13
5378.7  1.418702E-13
5381.6  1.414570E-13
5384.5  1.406740E-13
5387.4  1.388782E-13
5390.3  1.330705E-13
5393.2  1.288415E-13
5396.1  1.275311E-13
5399.  1.289023E-13
5401.9  1.301201E-13
5404.8  1.256410E-13
5407.7  1.244371E-13
5410.6  1.313049E-13
5413.5  1.393883E-13
5416.4  1.450911E-13
5419.3  1.448140E-13
5422.2  1.409487E-13
5425.1  1.390340E-13
5428.  1.375054E-13
5430.9  1.326679E-13
5433.8  1.311893E-13
5436.7  1.357456E-13
5439.6  1.432733E-13
5442.5  1.451462E-13
5445.4  1.406444E-13
5448.3  1.379193E-13
5451.2  1.420990E-13
5454.1  1.419342E-13
5457.  1.413739E-13
5459.9  1.428456E-13
5462.8  1.416871E-13
5465.7  1.411635E-13
5468.6  1.420819E-13
5471.5  1.394296E-13
5474.4  1.352889E-13
5477.3  1.345349E-13
5480.2  1.354066E-13
5483.1  1.376396E-13
5486.  1.391452E-13
5488.9  1.388044E-13
5491.8  1.388637E-13
5494.7  1.422445E-13
5497.6  1.450831E-13
5500.5  1.432255E-13
5503.4  1.405322E-13
5506.3  1.389670E-13
5509.2  1.370285E-13
5512.1  1.350422E-13
5515.  1.351977E-13
5517.9  1.412245E-13
5520.8  1.458261E-13
5523.7  1.456259E-13
5526.6  1.429765E-13
5529.5  1.412199E-13
5532.4  1.427276E-13
5535.3  1.436055E-13
5538.2  1.427018E-13
5541.1  1.442555E-13
5544.  1.463898E-13
5546.9  1.499637E-13
5549.8  1.526820E-13
5552.7  1.552774E-13
5555.6  1.548102E-13
5558.5  1.526350E-13
5561.4  1.482754E-13
5564.3  1.446176E-13
5567.2  1.438824E-13
5570.1  1.456023E-13
5573.  1.463759E-13
5575.9  1.473811E-13
5578.8  1.481938E-13
5581.7  1.467263E-13
5584.6  1.417422E-13
5587.5  1.347799E-13
5590.4  1.324530E-13
5593.3  1.362255E-13
5596.2  1.396705E-13
5599.1  1.408215E-13
5602.  1.403690E-13
5604.9  1.437561E-13
5607.8  1.513385E-13
5610.7  1.526815E-13
5613.6  1.473360E-13
5616.5  1.426965E-13
5619.4  1.415193E-13
5622.3  1.433748E-13
5625.2  1.442762E-13
5628.1  1.469667E-13
5631.  1.518783E-13
5633.9  1.504228E-13
5636.8  1.464038E-13
5639.7  1.447800E-13
5642.6  1.433246E-13
5645.5  1.447769E-13
5648.4  1.457107E-13
5651.3  1.453804E-13
5654.2  1.437313E-13
5657.1  1.405331E-13
5660.  1.391344E-13
5662.9  1.415710E-13
5665.8  1.436690E-13
5668.7  1.443413E-13
5671.6  1.484228E-13
5674.5  1.536094E-13
5677.4  1.551715E-13
5680.3  1.524397E-13
5683.2  1.484276E-13
5686.1  1.464993E-13
5689.  1.471686E-13
5691.9  1.499630E-13
5694.8  1.499679E-13
5697.7  1.458418E-13
5700.6  1.405943E-13
5703.5  1.375846E-13
5706.4  1.359732E-13
5709.3  1.345728E-13
5712.2  1.360995E-13
5715.1  1.427381E-13
5718.  1.499805E-13
5720.9  1.553482E-13
5723.8  1.568220E-13
5726.7  1.528156E-13
5729.6  1.482510E-13
5732.5  1.494382E-13
5735.4  1.521881E-13
5738.3  1.530624E-13
5741.2  1.540431E-13
5744.1  1.536271E-13
5747.  1.528002E-13
5749.9  1.512112E-13
5752.8  1.507482E-13
5755.7  1.521507E-13
5758.6  1.537199E-13
5761.5  1.522728E-13
5764.4  1.533311E-13
5767.3  1.564892E-13
5770.2  1.570849E-13
5773.1  1.551059E-13
5776.  1.519950E-13
5778.9  1.469015E-13
5781.8  1.410028E-13
5784.7  1.400426E-13
5787.6  1.442659E-13
5790.5  1.491176E-13
5793.4  1.520992E-13
5796.3  1.463742E-13
5799.2  1.462313E-13
5802.1  1.457350E-13
5805.  1.445403E-13
5807.9  1.459458E-13
5810.8  1.496540E-13
5813.7  1.524853E-13
5816.6  1.542649E-13
5819.5  1.563228E-13
5822.4  1.566633E-13
5825.3  1.560125E-13
5828.2  1.561621E-13
5831.1  1.566187E-13
5834.  1.553819E-13
5836.9  1.549259E-13
5839.8  1.561946E-13
5842.7  1.572467E-13
5845.6  1.576242E-13
5848.5  1.564632E-13
5851.4  1.538072E-13
5854.3  1.500591E-13
5857.2  1.484928E-13
5860.1  1.498692E-13
5863.  1.519662E-13
5865.9  1.538914E-13
5868.8  1.567277E-13
5871.7  1.602507E-13
5874.6  1.617561E-13
5877.5  1.596171E-13
5880.4  1.536854E-13
5883.3  1.481641E-13
5886.2  1.407688E-13
5889.1  1.329363E-13
5892.  1.295375E-13
5894.9  1.323213E-13
5897.8  1.383299E-13
5900.7  1.454544E-13
5903.6  1.499270E-13
5906.5  1.518896E-13
5909.4  1.545243E-13
5912.3  1.564785E-13
5915.2  1.555019E-13
5918.1  1.551683E-13
5921.  1.560050E-13
5923.9  1.561850E-13
5926.8  1.550035E-13
5929.7  1.529070E-13
5932.6  1.515893E-13
5935.5  1.514252E-13
5938.4  1.510409E-13
5941.3  1.508395E-13
5944.2  1.521531E-13
5947.1  1.527575E-13
5950.  1.522445E-13
5952.9  1.531634E-13
5955.8  1.547437E-13
5958.7  1.564050E-13
5961.6  1.572205E-13
5964.5  1.575416E-13
5967.4  1.588192E-13
5970.3  1.604124E-13
5973.2  1.602446E-13
5976.1  1.584408E-13
5979.  1.564253E-13
5981.9  1.548247E-13
5984.8  1.537704E-13
5987.7  1.538940E-13
5990.6  1.541837E-13
5993.5  1.541965E-13
5996.4  1.539797E-13
5999.3  1.538333E-13
6002.2  1.529383E-13
6005.1  1.508570E-13
6008.  1.496454E-13
6010.9  1.494581E-13
6013.8  1.487898E-13
6016.7  1.483051E-13
6019.6  1.488431E-13
6022.5  1.507176E-13
6025.4  1.543014E-13
6028.3  1.592675E-13
6031.2  1.623713E-13
6034.1  1.630915E-13
6037.  1.630082E-13
6039.9  1.625538E-13
6042.8  1.624003E-13
6045.7  1.618408E-13
6048.6  1.603310E-13
6051.5  1.583327E-13
6054.4  1.566099E-13
6057.3  1.550660E-13
6060.2  1.546816E-13
6063.1  1.544599E-13
6066.  1.550726E-13
6068.9  1.578829E-13
6071.8  1.602895E-13
6074.7  1.600063E-13
6077.6  1.576313E-13
6080.5  1.553939E-13
6083.4  1.548922E-13
6086.3  1.548290E-13
6089.2  1.526232E-13
6092.1  1.528046E-13
6095.  1.540518E-13
6097.9  1.528594E-13
6100.8  1.505807E-13
6103.7  1.508822E-13
6106.6  1.533625E-13
6109.5  1.535597E-13
6112.4  1.529198E-13
6115.3  1.519987E-13
6118.2  1.509179E-13
6121.1  1.507998E-13
6124.  1.504457E-13
6126.9  1.510235E-13
6129.8  1.521134E-13
6132.7  1.499533E-13
6135.6  1.462941E-13
6138.5  1.469309E-13
6141.4  1.494321E-13
6144.3  1.497751E-13
6147.2  1.489154E-13
6150.1  1.495739E-13
6153.  1.498613E-13
6155.9  1.476756E-13
6158.8  1.439146E-13
6161.7  1.424682E-13
6164.6  1.435930E-13
6167.5  1.452975E-13
6170.4  1.482422E-13
6173.3  1.510827E-13
6176.2  1.526982E-13
6179.1  1.537607E-13
6182.  1.528025E-13
6184.9  1.487798E-13
6187.8  1.469465E-13
6190.7  1.481069E-13
6193.6  1.514046E-13
6196.5  1.515387E-13
6199.4  1.519417E-13
6202.3  1.529650E-13
6205.2  1.536384E-13
6208.1  1.511736E-13
6211.  1.477132E-13
6213.9  1.444437E-13
6216.8  1.441610E-13
6219.7  1.440028E-13
6222.6  1.448116E-13
6225.5  1.457349E-13
6228.4  1.447747E-13
6231.3  1.455083E-13
6234.2  1.466975E-13
6237.1  1.453319E-13
6240.  1.428025E-13
6242.9  1.429867E-13
6245.8  1.430489E-13
6248.7  1.418596E-13
6251.6  1.405207E-13
6254.5  1.395490E-13
6257.4  1.404934E-13
6260.3  1.437228E-13
6263.2  1.458688E-13
6266.1  1.464533E-13
6269.  1.474318E-13
6271.9  1.485754E-13
6274.8  1.492627E-13
6277.7  1.496447E-13
6280.6  1.503291E-13
6283.5  1.501407E-13
6286.4  1.507582E-13
6289.3  1.502185E-13
6292.2  1.495293E-13
6295.1  1.476342E-13
6298.  1.467937E-13
6300.9  1.473989E-13
6303.8  1.482851E-13
6306.7  1.487252E-13
6309.6  1.470785E-13
6312.5  1.441998E-13
6315.4  1.430646E-13
6318.3  1.446750E-13
6321.2  1.473710E-13
6324.1  1.492871E-13
6327.  1.507533E-13
6329.9  1.514979E-13
6332.8  1.499081E-13
6335.7  1.486816E-13
6338.6  1.492873E-13
6341.5  1.491775E-13
6344.4  1.505431E-13
6347.3  1.510897E-13
6350.2  1.500375E-13
6353.1  1.469328E-13
6356.  1.433834E-13
6358.9  1.418719E-13
6361.8  1.431072E-13
6364.7  1.459321E-13
6367.6  1.506944E-13
6370.5  1.546961E-13
6373.4  1.564053E-13
6376.3  1.554432E-13
6379.2  1.535474E-13
6382.1  1.530712E-13
6385.  1.530603E-13
6387.9  1.519957E-13
6390.8  1.516996E-13
6393.7  1.516445E-13
6396.6  1.514250E-13
6399.5  1.520500E-13
6402.4  1.528228E-13
6405.3  1.522394E-13
6408.2  1.511863E-13
6411.1  1.506345E-13
6414.  1.504183E-13
6416.9  1.503711E-13
6419.8  1.489597E-13
6422.7  1.489300E-13
6425.6  1.500235E-13
6428.5  1.491502E-13
6431.4  1.487997E-13
6434.3  1.505190E-13
6437.2  1.520645E-13
6440.1  1.537196E-13
6443.  1.560279E-13
6445.9  1.564318E-13
6448.8  1.542259E-13
6451.7  1.500053E-13
6454.6  1.485858E-13
6457.5  1.518940E-13
6460.4  1.530762E-13
6463.3  1.528788E-13
6466.2  1.516538E-13
6469.1  1.512001E-13
6472.  1.537956E-13
6474.9  1.547769E-13
6477.8  1.553217E-13
6480.7  1.547872E-13
6483.6  1.520687E-13
6486.5  1.508332E-13
6489.4  1.492995E-13
6492.3  1.467223E-13
6495.2  1.436303E-13
6498.1  1.424319E-13
6501.  1.438618E-13
6503.9  1.470617E-13
6506.8  1.506699E-13
6509.7  1.530965E-13
6512.6  1.541897E-13
6515.5  1.544566E-13
6518.4  1.543649E-13
6521.3  1.543488E-13
6524.2  1.545076E-13
6527.1  1.547676E-13
6530.  1.547650E-13
6532.9  1.544116E-13
6535.8  1.541819E-13
6538.7  1.540538E-13
6541.6  1.534703E-13
6544.5  1.524246E-13
6547.4  1.512418E-13
6550.3  1.498359E-13
6553.2  1.480166E-13
6556.1  1.455294E-13
6559.  1.424040E-13
6561.9  1.399699E-13
6564.8  1.393154E-13
6567.7  1.403109E-13
6570.6  1.424453E-13
6573.5  1.447676E-13
6576.4  1.467460E-13
6579.3  1.484768E-13
6582.2  1.498108E-13
6585.1  1.504827E-13
6588.  1.505445E-13
6590.9  1.502190E-13
6593.8  1.499404E-13
6596.7  1.501039E-13
6599.6  1.506093E-13
6602.5  1.512440E-13
6605.4  1.517703E-13
6608.3  1.521514E-13
6611.2  1.527862E-13
6614.1  1.538833E-13
6617.  1.554084E-13
6619.9  1.568380E-13
6622.8  1.572955E-13
6625.7  1.566710E-13
6628.6  1.553252E-13
6631.5  1.539681E-13
6634.4  1.533043E-13
6637.3  1.532508E-13
6640.2  1.534918E-13
6643.1  1.535704E-13
6646.  1.533012E-13
6648.9  1.532626E-13
6651.8  1.536328E-13
6654.7  1.539583E-13
6657.6  1.539172E-13
6660.5  1.532694E-13
6663.4  1.526798E-13
6666.3  1.532553E-13
6669.2  1.543912E-13
6672.1  1.549920E-13
6675.  1.551855E-13
6677.9  1.553362E-13
6680.8  1.557614E-13
6683.7  1.564820E-13
6686.6  1.566586E-13
6689.5  1.559596E-13
6692.4  1.549854E-13
6695.3  1.541553E-13
6698.2  1.536938E-13
6701.1  1.534319E-13
6704.  1.529372E-13
6706.9  1.522441E-13
6709.8  1.515930E-13
6712.7  1.511125E-13
6715.6  1.509361E-13
6718.5  1.513735E-13
6721.4  1.525317E-13
6724.3  1.539880E-13
6727.2  1.552645E-13
6730.1  1.559198E-13
6733.  1.557835E-13
6735.9  1.550101E-13
6738.8  1.540093E-13
6741.7  1.533587E-13
6744.6  1.531179E-13
6747.5  1.530864E-13
6750.4  1.535738E-13
6753.3  1.548140E-13
6756.2  1.560225E-13
6759.1  1.564873E-13
6762.  1.563665E-13
6764.9  1.558120E-13
6767.8  1.546360E-13
6770.7  1.533236E-13
6773.6  1.532569E-13
6776.5  1.541611E-13
6779.4  1.544604E-13
6782.3  1.536709E-13
6785.2  1.519578E-13
6788.1  1.505645E-13
6791.  1.508166E-13
6793.9  1.520793E-13
6796.8  1.534418E-13
6799.7  1.548464E-13
6802.6  1.560252E-13
6805.5  1.560203E-13
6808.4  1.548514E-13
6811.3  1.539452E-13
6814.2  1.539433E-13
6817.1  1.547426E-13
6820.  1.556083E-13
6822.9  1.554810E-13
6825.8  1.547886E-13
6828.7  1.544175E-13
6831.6  1.544555E-13
6834.5  1.546894E-13
6837.4  1.542108E-13
6840.3  1.526546E-13
6843.2  1.513450E-13
6846.1  1.510595E-13
6849.  1.514746E-13
6851.9  1.522086E-13
6854.8  1.527621E-13
6857.7  1.532443E-13
6860.6  1.541732E-13
6863.5  1.546641E-13
6866.4  1.535331E-13
6869.3  1.512499E-13
6872.2  1.488470E-13
6875.1  1.479826E-13
6878.  1.494980E-13
6880.9  1.515857E-13
6883.8  1.529962E-13
6886.7  1.541046E-13
6889.6  1.549551E-13
6892.5  1.552273E-13
6895.4  1.550502E-13
6898.3  1.548104E-13
6901.2  1.546998E-13
6904.1  1.547734E-13
6907.  1.544969E-13
6909.9  1.533587E-13
6912.8  1.517911E-13
6915.7  1.504171E-13
6918.6  1.499956E-13
6921.5  1.506060E-13
6924.4  1.508245E-13
6927.3  1.502459E-13
6930.2  1.499753E-13
6933.1  1.500644E-13
6936.  1.497499E-13
6938.9  1.489867E-13
6941.8  1.480786E-13
6944.7  1.471867E-13
6947.6  1.464595E-13
6950.5  1.460929E-13
6953.4  1.462335E-13
6956.3  1.469880E-13
6959.2  1.481880E-13
6962.1  1.491267E-13
6965.  1.493490E-13
6967.9  1.488684E-13
6970.8  1.477366E-13
6973.7  1.460545E-13
6976.6  1.443593E-13
6979.5  1.433534E-13
6982.4  1.435178E-13
6985.3  1.450126E-13
6988.2  1.466670E-13
6991.1  1.473165E-13
6994.  1.472833E-13
6996.9  1.469682E-13
6999.8  1.462865E-13
7002.7  1.454722E-13
7005.6  1.453343E-13
7008.5  1.455952E-13
7011.4  1.448389E-13
7014.3  1.432938E-13
7017.2  1.422112E-13
7020.1  1.421419E-13
7023.  1.432490E-13
7025.9  1.449879E-13
7028.8  1.466620E-13
7031.7  1.481307E-13
7034.6  1.493036E-13
7037.5  1.498834E-13
7040.4  1.499628E-13
7043.3  1.504092E-13
7046.2  1.511130E-13
7049.1  1.507402E-13
7052.  1.495140E-13
7054.9  1.487358E-13
7057.8  1.486251E-13
7060.7  1.489021E-13
7063.6  1.489793E-13
7066.5  1.483700E-13
7069.4  1.479499E-13
7072.3  1.484101E-13
7075.2  1.490889E-13
7078.1  1.492819E-13
7081.  1.483878E-13
7083.9  1.466340E-13
7086.8  1.453410E-13
7089.7  1.450786E-13
7092.6  1.457446E-13
7095.5  1.467402E-13
7098.4  1.472253E-13
7101.3  1.471784E-13
7104.2  1.468654E-13
7107.1  1.462893E-13
7110.  1.455136E-13
7112.9  1.448862E-13
7115.8  1.446141E-13
7118.7  1.445345E-13
7121.6  1.444836E-13
7124.5  1.443353E-13
7127.4  1.440885E-13
7130.3  1.438679E-13
7133.2  1.437221E-13
7136.1  1.436544E-13
7139.  1.434964E-13
7141.9  1.430754E-13
7144.8  1.426198E-13
7147.7  1.424124E-13
7150.6  1.425222E-13
7153.5  1.429858E-13
7156.4  1.439023E-13
7159.3  1.450762E-13
7162.2  1.458545E-13
7165.1  1.460310E-13
7168.  1.458550E-13
7170.9  1.456897E-13
7173.8  1.459554E-13
7176.7  1.459663E-13
7179.6  1.447570E-13
7182.5  1.428079E-13
7185.4  1.409503E-13
7188.3  1.397388E-13
7191.2  1.394989E-13
7194.1  1.401085E-13
7197.  1.410566E-13
7199.9  1.412517E-13
7202.8  1.405162E-13
7205.7  1.397891E-13
7208.6  1.395881E-13
7211.5  1.401054E-13
7214.4  1.410511E-13
7217.3  1.419075E-13
7220.2  1.428332E-13
7223.1  1.440688E-13
7226.  1.452805E-13
7228.9  1.460884E-13
7231.8  1.461783E-13
7234.7  1.455850E-13
7237.6  1.450534E-13
7240.5  1.448652E-13
7243.4  1.445899E-13
7246.3  1.442286E-13
7249.2  1.441372E-13
7252.1  1.439673E-13
7255.  1.431118E-13
7257.9  1.421264E-13
7260.8  1.418005E-13
7263.7  1.420404E-13
7266.6  1.425401E-13
7269.5  1.429575E-13
7272.4  1.429981E-13
7275.3  1.425012E-13
7278.2  1.416381E-13
7281.1  1.411449E-13
7284.  1.407239E-13
7286.9  1.390727E-13
7289.8  1.371732E-13
7292.7  1.371373E-13
7295.6  1.387596E-13
7298.5  1.409513E-13
7301.4  1.426073E-13
7304.3  1.429657E-13
7307.2  1.429458E-13
7310.1  1.432798E-13
7313.  1.434201E-13
7315.9  1.431347E-13
7318.8  1.427794E-13
7321.7  1.425676E-13
7324.6  1.426033E-13
7327.5  1.427600E-13
7330.4  1.427475E-13
7333.3  1.429893E-13
7336.2  1.440481E-13
7339.1  1.454118E-13
7342.  1.463283E-13
7344.9  1.461502E-13
7347.8  1.447074E-13
7350.7  1.430765E-13
7353.6  1.420740E-13
7356.5  1.417632E-13
7359.4  1.419902E-13
7362.3  1.423538E-13
7365.2  1.426515E-13
7368.1  1.428335E-13
7371.  1.432954E-13
7373.9  1.445203E-13
7376.8  1.456234E-13
7379.7  1.455597E-13
7382.6  1.444003E-13
7385.5  1.426457E-13
7388.4  1.414462E-13
7391.3  1.414536E-13
7394.2  1.420958E-13
7397.1  1.428637E-13
7400.  1.434269E-13
7402.9  1.436746E-13
7405.8  1.437607E-13
7408.7  1.434812E-13
7411.6  1.425357E-13
7414.5  1.414940E-13
7417.4  1.411001E-13
7420.3  1.415033E-13
7423.2  1.425772E-13
7426.1  1.437228E-13
7429.  1.445213E-13
7431.9  1.452405E-13
7434.8  1.458471E-13
7437.7  1.458168E-13
7440.6  1.450728E-13
7443.5  1.439261E-13
7446.4  1.428775E-13
7449.3  1.424803E-13
7452.2  1.426775E-13
7455.1  1.431383E-13
7458.  1.433358E-13
7460.9  1.429386E-13
7463.8  1.426617E-13
7466.7  1.430572E-13
7469.6  1.439047E-13
7472.5  1.447845E-13
7475.4  1.450034E-13
7478.3  1.445052E-13
7481.2  1.439336E-13
7484.1  1.435395E-13
7487.  1.433281E-13
7489.9  1.429945E-13
7492.8  1.421858E-13
7495.7  1.414783E-13
7498.6  1.415084E-13
7501.5  1.421985E-13
7504.4  1.431588E-13
7507.3  1.434055E-13
7510.2  1.425920E-13
7513.1  1.416398E-13
7516.  1.411999E-13
7518.9  1.415546E-13
7521.8  1.424296E-13
7524.7  1.431067E-13
7527.6  1.436805E-13
7530.5  1.445703E-13
7533.4  1.456223E-13
7536.3  1.465335E-13
7539.2  1.469264E-13
7542.1  1.466423E-13
7545.  1.462688E-13
7547.9  1.462093E-13
7550.8  1.463091E-13
7553.7  1.463859E-13
7556.6  1.462234E-13
7559.5  1.459062E-13
7562.4  1.457808E-13
7565.3  1.458476E-13
7568.2  1.459335E-13
7571.1  1.460108E-13
7574.  1.460885E-13
7576.9  1.461649E-13
7579.8  1.462420E-13
7582.7  1.463192E-13
7585.6  1.463965E-13
7588.5  1.464737E-13
7591.4  1.465510E-13
7594.3  1.466282E-13
7597.2  1.467055E-13
7600.1  1.467827E-13
7603.  1.468600E-13
7605.9  1.469372E-13
7608.8  1.470145E-13
7611.7  1.470917E-13
7614.6  1.471690E-13
7617.5  1.472462E-13
7620.4  1.473234E-13
7623.3  1.474007E-13
7626.2  1.474743E-13
7629.1  1.475496E-13
7632.  1.476594E-13
7634.9  1.477382E-13
7637.8  1.476009E-13
7640.7  1.473139E-13
7643.6  1.470946E-13
7646.5  1.466065E-13
7649.4  1.453769E-13
7652.3  1.435789E-13
7655.2  1.415672E-13
7658.1  1.394364E-13
7661.  1.375131E-13
7663.9  1.368290E-13
7666.8  1.379160E-13
7669.7  1.404107E-13
7672.6  1.434407E-13
7675.5  1.456120E-13
7678.4  1.465925E-13
7681.3  1.469036E-13
7684.2  1.466964E-13
7687.1  1.460238E-13
7690.  1.448746E-13
7692.9  1.433430E-13
7695.8  1.423307E-13
7698.7  1.424873E-13
7701.6  1.433173E-13
7704.5  1.441853E-13
7707.4  1.445032E-13
7710.3  1.439881E-13
7713.2  1.427435E-13
7716.1  1.415281E-13
7719.  1.415749E-13
7721.9  1.426378E-13
7724.8  1.437028E-13
7727.7  1.443829E-13
7730.6  1.445509E-13
7733.5  1.445547E-13
7736.4  1.446955E-13
7739.3  1.445836E-13
7742.2  1.439223E-13
7745.1  1.426941E-13
7748.  1.413486E-13
7750.9  1.409842E-13
7753.8  1.419068E-13
7756.7  1.436519E-13
7759.6  1.454829E-13
7762.5  1.465688E-13
7765.4  1.466727E-13
7768.3  1.459426E-13
7771.2  1.453369E-13
7774.1  1.456667E-13
7777.  1.462625E-13
7779.9  1.464559E-13
7782.8  1.461501E-13
7785.7  1.454652E-13
7788.6  1.448780E-13
7791.5  1.445449E-13
7794.4  1.442405E-13
7797.3  1.439723E-13
7800.2  1.438674E-13
7803.1  1.439829E-13
7806.  1.443237E-13
7808.9  1.445480E-13
7811.8  1.443726E-13
7814.7  1.442060E-13
7817.6  1.444268E-13
7820.5  1.450922E-13
7823.4  1.459038E-13
7826.3  1.459512E-13
7829.2  1.450037E-13
7832.1  1.436197E-13
7835.  1.425728E-13
7837.9  1.427509E-13
7840.8  1.435047E-13
7843.7  1.435677E-13
7846.6  1.430775E-13
7849.5  1.425690E-13
7852.4  1.425373E-13
7855.3  1.432015E-13
7858.2  1.438158E-13
7861.1  1.438486E-13
7864.  1.434757E-13
7866.9  1.428132E-13
7869.8  1.418834E-13
7872.7  1.408147E-13
7875.6  1.397662E-13
7878.5  1.391600E-13
7881.4  1.394554E-13
7884.3  1.400666E-13
7887.2  1.401837E-13
7890.1  1.399473E-13
7893.  1.396062E-13
7895.9  1.390402E-13
7898.8  1.382036E-13
7901.7  1.372298E-13
7904.6  1.362345E-13
7907.5  1.353335E-13
7910.4  1.344228E-13
7913.3  1.331593E-13
7916.2  1.321329E-13
7919.1  1.323628E-13
7922.  1.334438E-13
7924.9  1.344793E-13
7927.8  1.350583E-13
7930.7  1.349780E-13
7933.6  1.344260E-13
7936.5  1.336670E-13
7939.4  1.328744E-13
7942.3  1.322006E-13
7945.2  1.316915E-13
7948.1  1.315815E-13
7951.  1.323222E-13
7953.9  1.335404E-13
7956.8  1.343665E-13
7959.7  1.348407E-13
7962.6  1.353534E-13
7965.5  1.359527E-13
7968.4  1.365951E-13
7971.3  1.371185E-13
7974.2  1.373961E-13
7977.1  1.375087E-13
7980.  1.374893E-13
7982.9  1.372085E-13
7985.8  1.368027E-13
7988.7  1.367202E-13
7991.6  1.368933E-13
7994.5  1.369146E-13
7997.4  1.365059E-13
8000.3  1.355277E-13
8003.2  1.348768E-13
8006.1  1.354531E-13
8009.  1.364022E-13
8011.9  1.369057E-13
8014.8  1.375262E-13
8017.7  1.383448E-13
8020.6  1.381951E-13
8023.5  1.368440E-13
8026.4  1.352540E-13
8029.3  1.342736E-13
8032.2  1.345933E-13
8035.1  1.358694E-13
8038.  1.371859E-13
8040.9  1.375675E-13
8043.8  1.363477E-13
8046.7  1.346031E-13
8049.6  1.335700E-13
8052.5  1.335313E-13
8055.4  1.344158E-13
8058.3  1.356703E-13
8061.2  1.366703E-13
8064.1  1.368439E-13
8067.  1.361035E-13
8069.9  1.348258E-13
8072.8  1.335914E-13
8075.7  1.330344E-13
8078.6  1.329383E-13
8081.5  1.327835E-13
8084.4  1.326184E-13
8087.3  1.325064E-13
8090.2  1.319348E-13
8093.1  1.307883E-13
8096.  1.301588E-13
8098.9  1.304603E-13
8101.8  1.308295E-13
8104.7  1.309437E-13
8107.6  1.310779E-13
8110.5  1.312032E-13
8113.4  1.311392E-13
8116.3  1.312291E-13
8119.2  1.319153E-13
8122.1  1.328408E-13
8125.  1.334973E-13
8127.9  1.335729E-13
8130.8  1.330750E-13
8133.7  1.329424E-13
8136.6  1.334454E-13
8139.5  1.333729E-13
8142.4  1.325578E-13
8145.3  1.320929E-13
8148.2  1.322836E-13
8151.1  1.328623E-13
8154.  1.334882E-13
8156.9  1.337975E-13
8159.8  1.331895E-13
8162.7  1.313936E-13
8165.6  1.303349E-13
8168.5  1.313650E-13
8171.4  1.326575E-13
8174.3  1.328670E-13
8177.2  1.323257E-13
8180.1  1.314180E-13
8183.  1.305712E-13
8185.9  1.300445E-13
8188.8  1.299229E-13
8191.7  1.297010E-13
8194.6  1.286647E-13
8197.5  1.277285E-13
8200.4  1.280739E-13
8203.3  1.292377E-13
8206.2  1.304754E-13
8209.1  1.311435E-13
8212.  1.311939E-13
8214.9  1.320957E-13
8217.8  1.341166E-13
8220.7  1.357171E-13
8223.6  1.357305E-13
8226.5  1.332992E-13
8229.4  1.302964E-13
8232.3  1.299813E-13
8235.2  1.315773E-13
8238.1  1.329529E-13
8241.  1.336951E-13
8243.9  1.338252E-13
8246.8  1.339374E-13
8249.7  1.342984E-13
8252.6  1.337346E-13
8255.5  1.321982E-13
8258.4  1.316193E-13
8261.3  1.325982E-13
8264.2  1.343800E-13
8267.1  1.357087E-13
8270.  1.350819E-13
8272.9  1.332754E-13
8275.8  1.319346E-13
8278.7  1.311809E-13
8281.6  1.307784E-13
8284.5  1.307075E-13
8287.4  1.308778E-13
8290.3  1.310702E-13
8293.2  1.312331E-13
8296.1  1.316965E-13
8299.  1.323228E-13
8301.9  1.324144E-13
8304.8  1.319041E-13
8307.7  1.311735E-13
8310.6  1.305348E-13
8313.5  1.302386E-13
8316.4  1.298790E-13
8319.3  1.290203E-13
8322.2  1.283910E-13
8325.1  1.284920E-13
8328.  1.283139E-13
8330.9  1.274285E-13
8333.8  1.268933E-13
8336.7  1.271757E-13
8339.6  1.279389E-13
8342.5  1.287112E-13
8345.4  1.289039E-13
8348.3  1.286410E-13
8351.2  1.284219E-13
8354.1  1.285074E-13
8357.  1.289965E-13
8359.9  1.293731E-13
8362.8  1.292209E-13
8365.7  1.290692E-13
8368.6  1.292548E-13
8371.5  1.294424E-13
8374.4  1.293223E-13
8377.3  1.286873E-13
8380.2  1.274757E-13
8383.1  1.257437E-13
8386.  1.243530E-13
8388.9  1.245042E-13
8391.8  1.256129E-13
8394.7  1.265303E-13
8397.6  1.272482E-13
8400.5  1.279517E-13
8403.4  1.286396E-13
8406.3  1.292375E-13
8409.2  1.294116E-13
8412.1  1.290858E-13
8415.  1.286437E-13
8417.9  1.282290E-13
8420.8  1.277229E-13
8423.7  1.271414E-13
8426.6  1.265635E-13
8429.5  1.261390E-13
8432.4  1.260167E-13
8435.3  1.257988E-13
8438.2  1.251821E-13
8441.1  1.250509E-13
8444.  1.260396E-13
8446.9  1.276423E-13
8449.8  1.291848E-13
8452.7  1.298237E-13
8455.6  1.295486E-13
8458.5  1.294029E-13
8461.4  1.294977E-13
8464.3  1.292944E-13
8467.2  1.286607E-13
8470.1  1.276751E-13
8473.  1.270810E-13
8475.9  1.275784E-13
8478.8  1.286116E-13
8481.7  1.294932E-13
8484.6  1.300974E-13
8487.5  1.301060E-13
8490.4  1.288215E-13
8493.3  1.259101E-13
8496.2  1.213321E-13
8499.1  1.169014E-13
8502.  1.157515E-13
8504.9  1.179326E-13
8507.8  1.217492E-13
8510.7  1.249535E-13
8513.6  1.256019E-13
8516.5  1.249486E-13
8519.4  1.246785E-13
8522.3  1.252421E-13
8525.2  1.264613E-13
8528.1  1.269774E-13
8531.  1.258229E-13
8533.9  1.230516E-13
8536.8  1.180973E-13
8539.7  1.098233E-13
8542.6  1.015664E-13
8545.5  9.874232E-14
8548.4  1.020441E-13
8551.3  1.098217E-13
8554.2  1.179859E-13
8557.1  1.228401E-13
8560.  1.254587E-13
8562.9  1.272671E-13
8565.8  1.284245E-13
8568.7  1.291382E-13
8571.6  1.295174E-13
8574.5  1.295694E-13
8577.4  1.292204E-13
8580.3  1.287059E-13
8583.2  1.284446E-13
8586.1  1.286089E-13
8589.  1.292132E-13
8591.9  1.301418E-13
8594.8  1.311668E-13
8597.7  1.318735E-13
8600.6  1.319243E-13
8603.5  1.311998E-13
8606.4  1.299231E-13
8609.3  1.288797E-13
8612.2  1.283735E-13
8615.1  1.280428E-13
8618.  1.280833E-13
8620.9  1.290312E-13
8623.8  1.305825E-13
8626.7  1.320785E-13
8629.6  1.330737E-13
8632.5  1.333235E-13
8635.4  1.334112E-13
8638.3  1.337470E-13
8641.2  1.335312E-13
8644.1  1.323452E-13
8647.  1.307762E-13
8649.9  1.291005E-13
8652.8  1.273174E-13
8655.7  1.244909E-13
8658.6  1.189967E-13
8661.5  1.126051E-13
8664.4  1.086313E-13
8667.3  1.084409E-13
8670.2  1.121695E-13
8673.1  1.173029E-13
8676.  1.212483E-13
8678.9  1.237734E-13
8681.8  1.250984E-13
8684.7  1.257373E-13
8687.6  1.261118E-13
8690.5  1.262420E-13
8693.4  1.263466E-13
8696.3  1.267994E-13
8699.2  1.274813E-13
8702.1  1.280026E-13
8705.  1.285055E-13
8707.9  1.292561E-13
8710.8  1.299660E-13
8713.7  1.303461E-13
8716.6  1.306245E-13
8719.5  1.309666E-13
8722.4  1.312588E-13
8725.3  1.312621E-13
8728.2  1.305143E-13
8731.1  1.291796E-13
8734.  1.280837E-13
8736.9  1.275692E-13
8739.8  1.276183E-13
8742.7  1.283635E-13
8745.6  1.298562E-13
8748.5  1.314128E-13
8751.4  1.323035E-13
8754.3  1.323797E-13
8757.2  1.318179E-13
8760.1  1.314778E-13
8763.  1.316028E-13
8765.9  1.310848E-13
8768.8  1.297410E-13
8771.7  1.284956E-13
8774.6  1.278651E-13
8777.5  1.280596E-13
8780.4  1.287301E-13
8783.3  1.292637E-13
8786.2  1.295624E-13
8789.1  1.296788E-13
8792.  1.295916E-13
8794.9  1.292888E-13
8797.8  1.288103E-13
8800.7  1.280485E-13
8803.6  1.264437E-13
8806.5  1.243921E-13
8809.4  1.235409E-13
8812.3  1.242575E-13
8815.2  1.258507E-13
8818.1  1.273178E-13
8821.  1.275946E-13
8823.9  1.271782E-13
8826.8  1.270109E-13
8829.7  1.271957E-13
8832.6  1.275990E-13
8835.5  1.277089E-13
8838.4  1.273307E-13
8841.3  1.271555E-13
8844.2  1.276213E-13
8847.1  1.286840E-13
8850.  1.302873E-13
8852.9  1.323387E-13
8855.8  1.342922E-13
8858.7  1.354230E-13
8861.6  1.353150E-13
8864.5  1.338703E-13
8867.4  1.320318E-13
8870.3  1.307684E-13
8873.2  1.300186E-13
8876.1  1.295285E-13
8879.  1.288480E-13
8881.9  1.280981E-13
8884.8  1.285380E-13
8887.7  1.299388E-13
8890.6  1.305209E-13
8893.5  1.299817E-13
8896.4  1.289711E-13
8899.3  1.282754E-13
8902.2  1.286189E-13
8905.1  1.294773E-13
8908.  1.300555E-13
8910.9  1.301010E-13
8913.8  1.295423E-13
8916.7  1.285627E-13
8919.6  1.274642E-13
8922.5  1.266353E-13
8925.4  1.262832E-13
8928.3  1.263364E-13
8931.2  1.268633E-13
8934.1  1.280112E-13
8937.  1.291465E-13
8939.9  1.294002E-13
8942.8  1.288162E-13
8945.7  1.277975E-13
8948.6  1.269531E-13
8951.5  1.267908E-13
8954.4  1.273795E-13
8957.3  1.284293E-13
8960.2  1.290603E-13
8963.1  1.289541E-13
8966.  1.286255E-13
8968.9  1.282875E-13
8971.8  1.278848E-13
8974.7  1.276791E-13
8977.6  1.279826E-13
8980.5  1.282637E-13
8983.4  1.278179E-13
8986.3  1.261262E-13
8989.2  1.232966E-13
8992.1  1.216061E-13
8995.  1.222868E-13
8997.9  1.234884E-13
9000.8  1.242168E-13
9003.7  1.249871E-13
9006.6  1.261484E-13
9009.5  1.279732E-13
9012.4  1.299030E-13
9015.3  1.309332E-13
9018.2  1.307170E-13
9021.1  1.293070E-13
9024.  1.273022E-13
9026.9  1.254595E-13
9029.8  1.244836E-13
9032.7  1.246658E-13
9035.6  1.253159E-13
9038.5  1.259626E-13
9041.4  1.267307E-13
9044.3  1.274961E-13
9047.2  1.278718E-13
9050.1  1.281575E-13
9053.  1.290252E-13
9055.9  1.301013E-13
9058.8  1.306345E-13
9061.7  1.301523E-13
9064.6  1.285077E-13
9067.5  1.266239E-13
9070.4  1.253269E-13
9073.3  1.245811E-13
9076.2  1.241658E-13
9079.1  1.236940E-13
9082.  1.228897E-13
9084.9  1.216365E-13
9087.8  1.204242E-13
9090.7  1.201361E-13
9093.6  1.207658E-13
9096.5  1.218497E-13
9099.4  1.227740E-13
9102.3  1.230282E-13
9105.2  1.229541E-13
9108.1  1.229809E-13
9111.  1.232334E-13
9113.9  1.236606E-13
9116.8  1.238122E-13
9119.7  1.237134E-13
9122.6  1.241159E-13
9125.5  1.247114E-13
9128.4  1.244012E-13
9131.3  1.229753E-13
9134.2  1.207400E-13
9137.1  1.190220E-13
9140.  1.191022E-13
9142.9  1.198941E-13
9145.8  1.200672E-13
9148.7  1.192669E-13
9151.6  1.176978E-13
9154.5  1.166223E-13
9157.4  1.166811E-13
9160.3  1.174965E-13
9163.2  1.182036E-13
9166.1  1.175502E-13
9169.  1.155733E-13
9171.9  1.131464E-13
9174.8  1.114237E-13
9177.7  1.114421E-13
9180.6  1.131551E-13
9183.5  1.158874E-13
9186.4  1.177553E-13
9189.3  1.176168E-13
9192.2  1.166920E-13
9195.1  1.160224E-13
9198.  1.160190E-13
9200.9  1.165629E-13
9203.8  1.169340E-13
9206.7  1.167113E-13
9209.6  1.157520E-13
9212.5  1.145573E-13
9215.4  1.138779E-13
9218.3  1.142329E-13
9221.2  1.158089E-13
9224.1  1.177965E-13
9227.  1.193699E-13
9229.9  1.202828E-13
9232.8  1.204480E-13
9235.7  1.200485E-13
9238.6  1.190288E-13
9241.5  1.169369E-13
9244.4  1.145180E-13
9247.3  1.133088E-13
9250.2  1.132470E-13
9253.1  1.135379E-13
9256.  1.139250E-13
9258.9  1.143150E-13
9261.8  1.149021E-13
9264.7  1.158278E-13
9267.6  1.168572E-13
9270.5  1.176930E-13
9273.4  1.179979E-13
9276.3  1.176377E-13
9279.2  1.167248E-13
9282.1  1.156900E-13
9285.  1.151961E-13
9287.9  1.151376E-13
9290.8  1.150205E-13
9293.7  1.147599E-13
9296.6  1.144320E-13
9299.5  1.142685E-13
9302.4  1.145041E-13
9305.3  1.153902E-13
9308.2  1.167032E-13
9311.1  1.171524E-13
9314.  1.162340E-13
9316.9  1.146301E-13
9319.8  1.132976E-13
9322.7  1.133992E-13
9325.6  1.146092E-13
9328.5  1.156879E-13
9331.4  1.161749E-13
9334.3  1.159355E-13
9337.2  1.142731E-13
9340.1  1.111128E-13
9343.  1.091600E-13
9345.9  1.102502E-13
9348.8  1.134460E-13
9351.7  1.165416E-13
9354.6  1.152040E-13
9357.5  1.106231E-13
9360.4  1.100515E-13
9363.3  1.127576E-13
9366.2  1.130147E-13
9369.1  1.112829E-13
9372.  1.101593E-13
9374.9  1.091815E-13
9377.8  1.075593E-13
9380.7  1.056764E-13
9383.6  1.042969E-13
9386.5  1.050648E-13
9389.4  1.083372E-13
9392.3  1.121197E-13
9395.2  1.146921E-13
9398.1  1.147599E-13
9401.  1.130476E-13
9403.9  1.118447E-13
9406.8  1.109026E-13
9409.7  1.089731E-13
9412.6  1.072142E-13
9415.5  1.070277E-13
9418.4  1.080038E-13
9421.3  1.092450E-13
9424.2  1.091194E-13
9427.1  1.073242E-13
9430.  1.066048E-13
9432.9  1.077851E-13
9435.8  1.090561E-13
9438.7  1.091729E-13
9441.6  1.071985E-13
9444.5  1.057904E-13
9447.4  1.089992E-13
9450.3  1.132907E-13
9453.2  1.136282E-13
9456.1  1.114047E-13
9459.  1.091002E-13
9461.9  1.084240E-13
9464.8  1.099877E-13
9467.7  1.117465E-13
9470.6  1.124338E-13
9473.5  1.124183E-13
9476.4  1.116115E-13
9479.3  1.094462E-13
9482.2  1.079174E-13
9485.1  1.100923E-13
9488.  1.136465E-13
9490.9  1.147347E-13
9493.8  1.126072E-13
9496.7  1.080159E-13
9499.6  1.045016E-13
9502.5  1.048971E-13
9505.4  1.092853E-13
9508.3  1.156901E-13
9511.2  1.191904E-13
9514.1  1.183204E-13
9517.  1.154869E-13
9519.9  1.127422E-13
9522.8  1.118668E-13
9525.7  1.126945E-13
9528.6  1.140948E-13
9531.5  1.159576E-13
9534.4  1.181230E-13
9537.3  1.190419E-13
9540.2  1.178680E-13
9543.1  1.161423E-13
9546.  1.151103E-13
9548.9  1.151183E-13
9551.8  1.156838E-13
9554.7  1.152036E-13
9557.6  1.141465E-13
9560.5  1.145437E-13
9563.4  1.150503E-13
9566.3  1.131740E-13
9569.2  1.112681E-13
9572.1  1.121962E-13
9575.  1.139187E-13
9577.9  1.143277E-13
9580.8  1.139899E-13
9583.7  1.133804E-13
9586.6  1.123361E-13
9589.5  1.111023E-13
9592.4  1.103701E-13
9595.3  1.102754E-13
9598.2  1.105098E-13
9601.1  1.107921E-13
9604.  1.108672E-13
9606.9  1.113281E-13
9609.8  1.127809E-13
9612.7  1.143287E-13
9615.6  1.149024E-13
9618.5  1.137228E-13
9621.4  1.109251E-13
9624.3  1.085198E-13
9627.2  1.078459E-13
9630.1  1.091507E-13
9633.  1.111681E-13
9635.9  1.112064E-13
9638.8  1.098206E-13
9641.7  1.094120E-13
9644.6  1.096981E-13
9647.5  1.096274E-13
9650.4  1.099163E-13
9653.3  1.111796E-13
9656.2  1.122278E-13
9659.1  1.121563E-13
9662.  1.113068E-13
9664.9  1.102332E-13
9667.8  1.096730E-13
9670.7  1.099584E-13
9673.6  1.109829E-13
9676.5  1.119526E-13
9679.4  1.116735E-13
9682.3  1.110018E-13
9685.2  1.114256E-13
9688.1  1.117826E-13
9691.  1.107625E-13
9693.9  1.097021E-13
9696.8  1.096507E-13
9699.7  1.096433E-13
9702.6  1.091810E-13
9705.5  1.088355E-13
9708.4  1.090044E-13
9711.3  1.098789E-13
9714.2  1.112828E-13
9717.1  1.127685E-13
9720.  1.135529E-13
9722.9  1.128734E-13
9725.8  1.115503E-13
9728.7  1.106792E-13
9731.6  1.099200E-13
9734.5  1.089371E-13
9737.4  1.082391E-13
9740.3  1.081272E-13
9743.2  1.083961E-13
9746.1  1.088600E-13
9749.  1.094002E-13
9751.9  1.098335E-13
9754.8  1.099608E-13
9757.7  1.099195E-13
9760.6  1.100010E-13
9763.5  1.104625E-13
9766.4  1.114158E-13
9769.3  1.121935E-13
9772.2  1.121988E-13
9775.1  1.116677E-13
9778.  1.109700E-13
9780.9  1.105744E-13
9783.8  1.105201E-13
9786.7  1.100889E-13
9789.6  1.094796E-13
9792.5  1.097463E-13
9795.4  1.106327E-13
9798.3  1.111891E-13
9801.2  1.112666E-13
9804.1  1.110323E-13
9807.  1.109442E-13
9809.9  1.113447E-13
9812.8  1.115796E-13
9815.7  1.112944E-13
9818.6  1.113461E-13
9821.5  1.120066E-13
9824.4  1.124637E-13
9827.3  1.124346E-13
9830.2  1.121920E-13
9833.1  1.119261E-13
9836.  1.117872E-13
9838.9  1.118251E-13
9841.8  1.120054E-13
9844.7  1.121050E-13
9847.6  1.119122E-13
9850.5  1.115441E-13
9853.4  1.111130E-13
9856.3  1.105082E-13
9859.2  1.097646E-13
9862.1  1.091592E-13
9865.  1.089550E-13
9867.9  1.094090E-13
9870.8  1.101987E-13
9873.7  1.105979E-13
9876.6  1.105705E-13
9879.5  1.104102E-13
9882.4  1.102626E-13
9885.3  1.102278E-13
9888.2  1.103399E-13
9891.1  1.105343E-13
9894.  1.104907E-13
9896.9  1.100876E-13
9899.8  1.096957E-13
9902.7  1.094422E-13
9905.6  1.090620E-13
9908.5  1.087663E-13
9911.4  1.091232E-13
9914.3  1.099433E-13
9917.2  1.106653E-13
9920.1  1.112238E-13
9923.  1.116816E-13
9925.9  1.117892E-13
9928.8  1.114223E-13
9931.7  1.109841E-13
9934.6  1.108673E-13
9937.5  1.113459E-13
9940.4  1.122288E-13
9943.3  1.126668E-13
9946.2  1.123619E-13
9949.1  1.115360E-13
9952.  1.108291E-13
9954.9  1.110494E-13
9957.8  1.118775E-13
9960.7  1.125848E-13
9963.6  1.126323E-13
9966.5  1.117929E-13
9969.4  1.110824E-13
9972.3  1.110987E-13
9975.2  1.107372E-13
9978.1  1.096684E-13
9981.  1.089872E-13
9983.9  1.091851E-13
9986.8  1.101748E-13
9989.7  1.111470E-13
9992.6  1.108837E-13
9995.5  1.098807E-13
9998.4  1.092824E-13
10001.3  1.094991E-13
10004.2  1.105497E-13
10007.1  1.115939E-13
10010.  1.118566E-13
10012.9  1.111719E-13
10015.8  1.099115E-13
10018.7  1.093053E-13
10021.6  1.098392E-13
10024.5  1.110887E-13
10027.4  1.122825E-13
10030.3  1.124303E-13
10033.2  1.121033E-13
10036.1  1.125159E-13
10039.  1.137755E-13
10041.9  1.155611E-13
10044.8  1.170317E-13
10047.7  1.175594E-13
10050.6  1.177377E-13
10053.5  1.178376E-13
10056.4  1.171664E-13
10059.3  1.154980E-13
10062.2  1.131959E-13
10065.1  1.108349E-13
10068.  1.091349E-13
10070.9  1.082601E-13
10073.8  1.080139E-13
10076.7  1.080258E-13
10079.6  1.079050E-13
10082.5  1.074930E-13
10085.4  1.068657E-13
10088.3  1.067241E-13
10091.2  1.074455E-13
10094.1  1.085017E-13
10097.  1.094001E-13
10099.9  1.097554E-13
10102.8  1.097177E-13
10105.7  1.099745E-13
10108.6  1.104025E-13
10111.5  1.104611E-13
10114.4  1.101961E-13
10117.3  1.098843E-13
10120.2  1.103487E-13
10123.1  1.120561E-13
10126.  1.134697E-13
10128.9  1.134560E-13
10131.8  1.126010E-13
10134.7  1.116470E-13
10137.6  1.114674E-13
10140.5  1.119591E-13
10143.4  1.118855E-13
10146.3  1.113353E-13
10149.2  1.112198E-13
10152.1  1.111171E-13
10155.  1.102301E-13
10157.9  1.086206E-13
10160.8  1.067220E-13
10163.7  1.056850E-13
10166.6  1.062503E-13
10169.5  1.077598E-13
10172.4  1.093030E-13
10175.3  1.097599E-13
10178.2  1.090719E-13
10181.1  1.084664E-13
10184.  1.085722E-13
10186.9  1.095478E-13
10189.8  1.106697E-13
10192.7  1.108958E-13
10195.6  1.106120E-13
10198.5  1.105355E-13
10201.4  1.110822E-13
10204.3  1.121382E-13
10207.2  1.117937E-13
10210.1  1.093852E-13
10213.  1.072071E-13
10215.9  1.064433E-13
10218.8  1.066154E-13
10221.7  1.073134E-13
10224.6  1.081300E-13
10227.5  1.086359E-13
10230.4  1.085091E-13
10233.3  1.082741E-13
10236.2  1.086091E-13
10239.1  1.092814E-13
10242.  1.099010E-13
10244.9  1.102342E-13
10247.8  1.101502E-13
10250.7  1.098132E-13
10253.6  1.092056E-13
10256.5  1.078861E-13
10259.4  1.064692E-13
10262.3  1.065195E-13
10265.2  1.076522E-13
10268.1  1.083739E-13
10271.  1.087549E-13
10273.9  1.092885E-13
10276.8  1.087496E-13
10279.7  1.063513E-13
10282.6  1.047207E-13
10285.5  1.054548E-13
10288.4  1.061752E-13
10291.3  1.057805E-13
10294.2  1.058257E-13
10297.1  1.063937E-13
10300.  1.060166E-13
10302.9  1.053949E-13
10305.8  1.064088E-13
10308.7  1.086534E-13
10311.6  1.107908E-13
10314.5  1.110332E-13
10317.4  1.082598E-13
10320.3  1.050348E-13
10323.2  1.035578E-13
10326.1  1.028236E-13
10329.  1.024392E-13
10331.9  1.038421E-13
10334.8  1.062919E-13
10337.7  1.064205E-13
10340.6  1.050716E-13
10343.5  1.060313E-13
10346.4  1.086769E-13
10349.3  1.105635E-13
10352.2  1.112312E-13
10355.1  1.108737E-13
10358.  1.104190E-13
10360.9  1.106085E-13
10363.8  1.109121E-13
10366.7  1.107616E-13
10369.6  1.097984E-13
10372.5  1.080540E-13
10375.4  1.059419E-13
10378.3  1.046842E-13
10381.2  1.061312E-13
10384.1  1.082729E-13
10387.  1.074487E-13
10389.9  1.047905E-13
10392.8  1.027713E-13
10395.7  1.021751E-13
10398.6  1.030596E-13
10401.5  1.037173E-13
10404.4  1.032071E-13
10407.3  1.031778E-13
10410.2  1.041134E-13
10413.1  1.045992E-13
10416.  1.042699E-13
10418.9  1.035682E-13
10421.8  1.037143E-13
10424.7  1.062302E-13
10427.6  1.085267E-13
10430.5  1.072068E-13
10433.4  1.041575E-13
10436.3  1.020331E-13
10439.2  1.013674E-13
10442.1  1.020871E-13
10445.  1.030307E-13
10447.9  1.036957E-13
10450.8  1.051611E-13
10453.7  1.067978E-13
10456.6  1.063190E-13
10459.5  1.035105E-13
10462.4  9.946736E-14
10465.3  9.714760E-14
10468.2  9.960862E-14
10471.1  1.030654E-13
10474.  1.033746E-13
10476.9  1.048523E-13
10479.8  1.101363E-13
10482.7  1.132156E-13
10485.6  1.109137E-13
10488.5  1.061095E-13
10491.4  1.017219E-13
10494.3  1.007589E-13
10497.2  1.020546E-13
10500.1  1.012351E-13
10503.  9.909331E-14
10505.9  9.852977E-14
10508.8  9.784058E-14
10511.7  9.496106E-14
10514.6  9.313118E-14
10517.5  9.475490E-14
10520.4  9.625393E-14
10523.3  9.598166E-14
10526.2  9.750838E-14
10529.1  1.019513E-13
10532.  1.072727E-13
10534.9  1.109573E-13
10537.8  1.100847E-13
10540.7  1.066014E-13
10543.6  1.048330E-13
10546.5  1.036786E-13
10549.4  1.008906E-13
10552.3  9.856077E-14
10555.2  9.869595E-14
10558.1  1.000018E-13
10561.  1.016903E-13
10563.9  1.052922E-13
10566.8  1.102894E-13
10569.7  1.131588E-13
10572.6  1.126942E-13
10575.5  1.099092E-13
10578.4  1.060913E-13
10581.3  1.026564E-13
10584.2  1.006454E-13
10587.1  1.005014E-13
10590.  9.946389E-14
10592.9  9.535005E-14
10595.8  9.165916E-14
10598.7  9.125480E-14
10601.6  9.314627E-14
10604.5  9.671850E-14
10607.4  1.023746E-13
10610.3  1.091704E-13
10613.2  1.152265E-13
10616.1  1.176256E-13
10619.  1.131218E-13
10621.9  1.065628E-13
10624.8  1.051480E-13
10627.7  1.053986E-13
10630.6  1.024412E-13
10633.5  9.866294E-14
10636.4  9.636664E-14
10639.3  9.462794E-14
10642.2  9.320938E-14
10645.1  9.373785E-14
10648.  9.498371E-14
10650.9  9.226281E-14
10653.8  8.694437E-14
10656.7  8.461879E-14
10659.6  8.587377E-14
10662.5  8.890112E-14
10665.4  9.237421E-14
10668.3  9.496978E-14
10671.2  9.486518E-14
10674.1  9.166316E-14
10677.  8.941696E-14
10679.9  9.066897E-14
10682.8  9.378489E-14
10685.7  9.735817E-14
10688.6  1.004776E-13
10691.5  1.030713E-13
10694.4  1.056955E-13
10697.3  1.095261E-13
10700.2  1.157005E-13
10703.1  1.185244E-13
10706.  1.119652E-13
10708.9  1.010772E-13
10711.8  9.213378E-14
10714.7  8.709521E-14
10717.6  8.589829E-14
10720.5  8.453182E-14
10723.4  8.157504E-14
10726.3  8.016576E-14
10729.2  8.158785E-14
10732.1  8.522737E-14
10735.  9.108410E-14
10737.9  9.923918E-14
10740.8  1.043329E-13
10743.7  1.006641E-13
10746.6  9.345491E-14
10749.5  8.912813E-14
10752.4  8.835906E-14
10755.3  8.958283E-14
10758.2  8.649157E-14
10761.1  7.858837E-14
10764.  7.573655E-14
10766.9  8.178165E-14
10769.8  9.423095E-14
10772.7  1.066803E-13
10775.6  1.105618E-13
10778.5  1.064800E-13
10781.4  9.936552E-14
10784.3  9.272262E-14
10787.2  8.955343E-14
10790.1  9.335774E-14
10793.  1.033815E-13
10795.9  1.063057E-13
10798.8  9.785093E-14
10801.7  9.311759E-14
10804.6  9.650875E-14
10807.5  9.905695E-14
10810.4  9.885510E-14
10813.3  9.862909E-14
10816.2  9.874636E-14
10819.1  9.884494E-14
10822.  9.892524E-14
10824.9  9.900553E-14
10827.8  9.908583E-14
10830.7  9.916610E-14
10833.6  9.924639E-14
10836.5  9.932668E-14
10839.4  9.940698E-14
10842.3  9.948725E-14
10845.2  9.956755E-14
10848.1  9.964785E-14
10851.  9.972814E-14
10853.9  9.980843E-14
10856.8  9.988872E-14
10859.7  9.996901E-14
10862.6  1.000493E-13
10865.5  1.001103E-13
10868.4  1.001444E-13
10871.3  1.004294E-13
10874.2  1.007316E-13
10877.1  9.968429E-14
10880.  9.647128E-14
10882.9  9.087904E-14
10885.8  8.500829E-14
10888.7  8.334515E-14
10891.6  8.318716E-14
10894.5  7.800879E-14
10897.4  7.470273E-14
10900.3  8.254280E-14
10903.2  9.338269E-14
10906.1  9.722362E-14
10909.  9.083776E-14
10911.9  7.731911E-14
10914.8  7.471646E-14
10917.7  8.824361E-14
10920.6  1.016479E-13
10923.5  9.899508E-14
10926.4  6.320452E-14
10929.3  2.194837E-14
10932.2  2.974973E-14
10935.1  6.145415E-14
10938.  6.490362E-14
10940.9  5.667519E-14
10943.8  6.213283E-14
10946.7  6.256952E-14
10949.6  4.514204E-14
10952.5  2.948957E-14
10955.4  2.758970E-14
10958.3  3.323818E-14
10961.2  4.223398E-14
10964.1  5.343680E-14
10967.  5.997644E-14
10969.9  5.196016E-14
10972.8  3.759066E-14
10975.7  3.214913E-14
10978.6  3.170956E-14
10981.5  2.864781E-14
10984.4  2.847283E-14
10987.3  3.483842E-14
10990.2  3.882244E-14
10993.1  3.587396E-14
10996.  3.275769E-14
10998.9  3.251660E-14
