3050.  8.850498E-14
3052.9  5.676746E-14
3055.8  6.366980E-14
3058.7  8.540069E-14
3061.6  8.485377E-14
3064.5  7.902930E-14
3067.4  7.507486E-14
3070.3  7.332824E-14
3073.2  9.558234E-14
3076.1  1.271875E-13
3079.  4.954228E-14
3081.9  7.378838E-14
3084.8  5.389176E-14
3087.7  8.451471E-14
3090.6  1.086044E-13
3093.5  7.828705E-14
3096.4  9.467837E-14
3099.3  9.810776E-14
3102.2  1.118397E-13
3105.1  1.059794E-13
3108.  1.238162E-13
3110.9  1.493044E-13
3113.8  1.615017E-13
3116.7  1.304743E-13
3119.6  1.082901E-13
3122.5  1.177230E-13
3125.4  1.120147E-13
3128.3  1.207840E-13
3131.2  1.093680E-13
3134.1  1.234176E-13
3137.  1.172051E-13
3139.9  1.272285E-13
3142.8  1.230131E-13
3145.7  1.066808E-13
3148.6  1.260283E-13
3151.5  1.200891E-13
3154.4  1.151332E-13
3157.3  9.939733E-14
3160.2  1.057755E-13
3163.1  1.272236E-13
3166.  1.424730E-13
3168.9  1.547736E-13
3171.8  1.497200E-13
3174.7  1.537215E-13
3177.6  1.405996E-13
3180.5  1.218967E-13
3183.4  1.325825E-13
3186.3  1.420796E-13
3189.2  1.396298E-13
3192.1  1.415495E-13
3195.  1.387340E-13
3197.9  1.483803E-13
3200.8  1.585229E-13
3203.7  1.490278E-13
3206.6  1.385700E-13
3209.5  1.290609E-13
3212.4  1.192026E-13
3215.3  1.140884E-13
3218.2  1.220503E-13
3221.1  1.207202E-13
3224.  1.162217E-13
3226.9  1.096581E-13
3229.8  1.196353E-13
3232.7  1.240505E-13
3235.6  1.229709E-13
3238.5  1.300211E-13
3241.4  1.396535E-13
3244.3  1.526734E-13
3247.2  1.714652E-13
3250.1  1.763765E-13
3253.  2.019256E-13
3255.9  2.200330E-13
3258.8  2.190378E-13
3261.7  2.117166E-13
3264.6  2.100400E-13
3267.5  1.971930E-13
3270.4  1.951279E-13
3273.3  1.942077E-13
3276.2  2.054031E-13
3279.1  2.063327E-13
3282.  2.112499E-13
3284.9  2.230095E-13
3287.8  2.439681E-13
3290.7  2.578923E-13
3293.6  2.543124E-13
3296.5  2.581456E-13
3299.4  2.469180E-13
3302.3  2.338009E-13
3305.2  2.201125E-13
3308.1  2.187411E-13
3311.  2.075237E-13
3313.9  2.030953E-13
3316.8  2.188290E-13
3319.7  2.109878E-13
3322.6  2.203467E-13
3325.5  2.245085E-13
3328.4  2.147489E-13
3331.3  2.087887E-13
3334.2  2.065511E-13
3337.1  2.137356E-13
3340.  2.150923E-13
3342.9  2.112022E-13
3345.8  2.135130E-13
3348.7  2.215057E-13
3351.6  2.159382E-13
3354.5  1.973468E-13
3357.4  1.738185E-13
3360.3  1.687232E-13
3363.2  1.741985E-13
3366.1  1.677522E-13
3369.  1.698085E-13
3371.9  1.899362E-13
3374.8  2.041368E-13
3377.7  2.029768E-13
3380.6  2.083869E-13
3383.5  2.106360E-13
3386.4  2.124603E-13
3389.3  2.232760E-13
3392.2  2.433829E-13
3395.1  2.700747E-13
3398.  2.767823E-13
3400.9  2.700775E-13
3403.8  2.459282E-13
3406.7  2.348362E-13
3409.6  2.230555E-13
3412.5  2.317624E-13
3415.4  2.576534E-13
3418.3  2.753809E-13
3421.2  2.758583E-13
3424.1  2.714040E-13
3427.  2.674439E-13
3429.9  2.521383E-13
3432.8  2.244117E-13
3435.7  2.093034E-13
3438.6  1.842339E-13
3441.5  1.888900E-13
3444.4  2.176049E-13
3447.3  2.462452E-13
3450.2  2.536291E-13
3453.1  2.517732E-13
3456.  2.329986E-13
3458.9  2.274408E-13
3461.8  2.471011E-13
3464.7  2.564398E-13
3467.6  2.516859E-13
3470.5  2.366002E-13
3473.4  2.244180E-13
3476.3  2.260375E-13
3479.2  2.398461E-13
3482.1  2.397780E-13
3485.  2.465815E-13
3487.9  2.422096E-13
3490.8  2.376204E-13
3493.7  2.537795E-13
3496.6  2.764680E-13
3499.5  3.080894E-13
3502.4  3.169078E-13
3505.3  2.999803E-13
3508.2  2.769897E-13
3511.1  2.573082E-13
3514.  2.609979E-13
3516.9  2.668820E-13
3519.8  2.543293E-13
3522.7  2.310950E-13
3525.6  2.434116E-13
3528.5  2.797062E-13
3531.4  2.986678E-13
3534.3  3.039590E-13
3537.2  3.065353E-13
3540.1  3.083913E-13
3543.  2.963097E-13
3545.9  2.892211E-13
3548.8  2.720374E-13
3551.7  2.595534E-13
3554.6  2.435429E-13
3557.5  2.284534E-13
3560.4  2.206631E-13
3563.3  2.035146E-13
3566.2  1.869668E-13
3569.1  1.888259E-13
3572.  1.950764E-13
3574.9  1.857002E-13
3577.8  1.632220E-13
3580.7  1.467471E-13
3583.6  1.510860E-13
3586.5  1.844949E-13
3589.4  2.351183E-13
3592.3  2.852450E-13
3595.2  3.319416E-13
3598.1  3.475000E-13
3601.  3.274581E-13
3603.9  2.915734E-13
3606.8  2.715888E-13
3609.7  2.789036E-13
3612.6  2.939163E-13
3615.5  3.020631E-13
3618.4  3.121049E-13
3621.3  3.377552E-13
3624.2  3.729475E-13
3627.1  3.730324E-13
3630.  3.418156E-13
3632.9  3.341149E-13
3635.8  3.633409E-13
3638.7  3.844118E-13
3641.6  3.766221E-13
3644.5  3.504350E-13
3647.4  3.491008E-13
3650.3  3.909543E-13
3653.2  4.478878E-13
3656.1  4.854961E-13
3659.  4.860632E-13
3661.9  4.716076E-13
3664.8  4.565558E-13
3667.7  4.493281E-13
3670.6  4.444869E-13
3673.5  4.430061E-13
3676.4  4.146888E-13
3679.3  4.030768E-13
3682.2  3.795699E-13
3685.1  3.560609E-13
3688.  3.325539E-13
3690.9  3.090470E-13
3693.8  2.855380E-13
3696.7  4.313137E-13
3699.6  4.729683E-13
3702.5  4.286339E-13
3705.4  3.857861E-13
3708.3  3.980340E-13
3711.2  4.395874E-13
3714.1  4.440726E-13
3717.  3.860255E-13
3719.9  3.285003E-13
3722.8  3.215546E-13
3725.7  3.338100E-13
3728.6  3.174257E-13
3731.5  2.770431E-13
3734.4  2.409999E-13
3737.3  2.502571E-13
3740.2  2.761203E-13
3743.1  2.701596E-13
3746.  2.535413E-13
3748.9  2.670887E-13
3751.8  3.113168E-13
3754.7  3.352257E-13
3757.6  3.207407E-13
3760.5  3.044545E-13
3763.4  3.186275E-13
3766.3  3.472581E-13
3769.2  3.858892E-13
3772.1  4.229825E-13
3775.  4.329969E-13
3777.9  4.304318E-13
3780.8  4.235576E-13
3783.7  3.927819E-13
3786.6  3.435375E-13
3789.5  3.001567E-13
3792.4  2.925675E-13
3795.3  2.918329E-13
3798.2  3.022474E-13
3801.1  3.276222E-13
3804.  3.425950E-13
3806.9  3.312579E-13
3809.8  3.059735E-13
3812.7  2.739022E-13
3815.6  2.316126E-13
3818.5  1.956962E-13
3821.4  1.734441E-13
3824.3  1.678456E-13
3827.2  1.681716E-13
3830.1  1.740416E-13
3833.  1.790237E-13
3835.9  1.842723E-13
3838.8  1.942091E-13
3841.7  2.114873E-13
3844.6  2.293046E-13
3847.5  2.278255E-13
3850.4  2.186324E-13
3853.3  2.095198E-13
3856.2  1.967225E-13
3859.1  1.905332E-13
3862.  2.024622E-13
3864.9  2.093812E-13
3867.8  2.059685E-13
3870.7  2.052899E-13
3873.6  2.233757E-13
3876.5  2.430077E-13
3879.4  2.499253E-13
3882.3  2.777619E-13
3885.2  3.256860E-13
3888.1  3.717429E-13
3891.  4.261261E-13
3893.9  4.564085E-13
3896.8  4.545820E-13
3899.7  4.456722E-13
3902.6  4.412521E-13
3905.5  4.489354E-13
3908.4  4.756871E-13
3911.3  5.001643E-13
3914.2  4.905474E-13
3917.1  4.458925E-13
3920.  3.927092E-13
3922.9  3.432447E-13
3925.8  2.855076E-13
3928.7  2.157078E-13
3931.6  1.615474E-13
3934.5  1.619857E-13
3937.4  2.190688E-13
3940.3  2.930390E-13
3943.2  3.639705E-13
3946.1  4.360445E-13
3949.  4.956464E-13
3951.9  5.306900E-13
3954.8  5.230467E-13
3957.7  4.750120E-13
3960.6  3.840774E-13
3963.5  2.820983E-13
3966.4  2.155774E-13
3969.3  2.242736E-13
3972.2  3.115342E-13
3975.1  4.404542E-13
3978.  5.569753E-13
3980.9  6.293122E-13
3983.8  6.752589E-13
3986.7  7.129231E-13
3989.6  7.393249E-13
3992.5  7.537259E-13
3995.4  7.616182E-13
3998.3  7.759562E-13
4001.2  7.993069E-13
4004.1  8.017118E-13
4007.  7.968638E-13
4009.9  8.179462E-13
4012.8  8.440039E-13
4015.7  8.529178E-13
4018.6  8.540850E-13
4021.5  8.470783E-13
4024.4  8.404070E-13
4027.3  8.356752E-13
4030.2  8.006146E-13
4033.1  7.752465E-13
4036.  7.985926E-13
4038.9  8.220642E-13
4041.8  7.921819E-13
4044.7  7.392404E-13
4047.6  7.437800E-13
4050.5  7.720983E-13
4053.4  7.671956E-13
4056.3  7.343758E-13
4059.2  7.120358E-13
4062.1  7.058960E-13
4065.  7.051300E-13
4067.9  7.301374E-13
4070.8  7.466882E-13
4073.7  7.420360E-13
4076.6  7.415997E-13
4079.5  7.764375E-13
4082.4  8.310348E-13
4085.3  8.601010E-13
4088.2  8.838168E-13
4091.1  8.890856E-13
4094.  8.422402E-13
4096.9  7.842594E-13
4099.8  7.603468E-13
4102.7  7.728847E-13
4105.6  8.024893E-13
4108.5  8.155576E-13
4111.4  8.140917E-13
4114.3  8.124283E-13
4117.2  8.043949E-13
4120.1  7.881847E-13
4123.  7.739701E-13
4125.9  7.694978E-13
4128.8  7.459697E-13
4131.7  7.197676E-13
4134.6  7.331827E-13
4137.5  7.503582E-13
4140.4  7.281600E-13
4143.3  6.837587E-13
4146.2  6.817270E-13
4149.1  6.925584E-13
4152.  6.923973E-13
4154.9  7.057684E-13
4157.8  7.414968E-13
4160.7  7.805489E-13
4163.6  7.792696E-13
4166.5  7.465887E-13
4169.4  7.206004E-13
4172.3  6.982022E-13
4175.2  6.904978E-13
4178.1  7.082136E-13
4181.  7.459672E-13
4183.9  7.804012E-13
4186.8  7.895630E-13
4189.7  7.746512E-13
4192.6  7.595771E-13
4195.5  7.421225E-13
4198.4  7.314994E-13
4201.3  7.510487E-13
4204.2  7.958065E-13
4207.1  8.368759E-13
4210.  8.458379E-13
4212.9  8.440989E-13
4215.8  8.728736E-13
4218.7  9.230117E-13
4221.6  9.043476E-13
4224.5  8.083585E-13
4227.4  7.852362E-13
4230.3  8.629225E-13
4233.2  9.076331E-13
4236.1  8.946121E-13
4239.  9.108389E-13
4241.9  9.625092E-13
4244.8  9.736424E-13
4247.7  9.319355E-13
4250.6  8.867433E-13
4253.5  8.869964E-13
4256.4  8.963969E-13
4259.3  9.069356E-13
4262.2  9.384644E-13
4265.1  9.591980E-13
4268.  8.954678E-13
4270.9  8.010957E-13
4273.8  7.887829E-13
4276.7  8.523862E-13
4279.6  8.866909E-13
4282.5  8.762561E-13
4285.4  8.535121E-13
4288.3  8.246731E-13
4291.2  8.014791E-13
4294.1  7.839270E-13
4297.  7.204027E-13
4299.9  6.402803E-13
4302.8  5.949628E-13
4305.7  5.867234E-13
4308.6  6.217579E-13
4311.5  7.381919E-13
4314.4  9.288952E-13
4317.3  1.083672E-12
4320.2  1.081926E-12
4323.1  9.808237E-13
4326.  9.541890E-13
4328.9  1.042981E-12
4331.8  1.120423E-12
4334.7  1.116784E-12
4337.6  1.051497E-12
4340.5  1.011542E-12
4343.4  1.057450E-12
4346.3  1.105985E-12
4349.2  1.098681E-12
4352.1  1.063601E-12
4355.  1.075312E-12
4357.9  1.117674E-12
4360.8  1.152731E-12
4363.7  1.171211E-12
4366.6  1.149898E-12
4369.5  1.092371E-12
4372.4  1.042525E-12
4375.3  1.007242E-12
4378.2  9.904013E-13
4381.1  9.328065E-13
4384.  8.686220E-13
4386.9  8.936980E-13
4389.8  9.570855E-13
4392.7  1.005736E-12
4395.6  1.050933E-12
4398.5  1.070453E-12
4401.4  1.038291E-12
4404.3  1.000948E-12
4407.2  1.015201E-12
4410.1  1.089318E-12
4413.  1.135641E-12
4415.9  1.135042E-12
4418.8  1.145737E-12
4421.7  1.160258E-12
4424.6  1.160092E-12
4427.5  1.160430E-12
4430.4  1.153180E-12
4433.3  1.145192E-12
4436.2  1.166585E-12
4439.1  1.206183E-12
4442.  1.218038E-12
4444.9  1.238949E-12
4447.8  1.265348E-12
4450.7  1.236172E-12
4453.6  1.168299E-12
4456.5  1.110533E-12
4459.4  1.095180E-12
4462.3  1.131970E-12
4465.2  1.210751E-12
4468.1  1.295715E-12
4471.  1.350829E-12
4473.9  1.387399E-12
4476.8  1.382614E-12
4479.7  1.351404E-12
4482.6  1.328157E-12
4485.5  1.331053E-12
4488.4  1.313628E-12
4491.3  1.285151E-12
4494.2  1.274007E-12
4497.1  1.306392E-12
4500.  1.383397E-12
4502.9  1.451686E-12
4505.8  1.495664E-12
4508.7  1.496260E-12
4511.6  1.460854E-12
4514.5  1.414359E-12
4517.4  1.401634E-12
4520.3  1.398508E-12
4523.2  1.348583E-12
4526.1  1.269444E-12
4529.  1.217476E-12
4531.9  1.222893E-12
4534.8  1.266142E-12
4537.7  1.312042E-12
4540.6  1.344955E-12
4543.5  1.340366E-12
4546.4  1.336813E-12
4549.3  1.344109E-12
4552.2  1.344641E-12
4555.1  1.373550E-12
4558.  1.419352E-12
4560.9  1.433847E-12
4563.8  1.410114E-12
4566.7  1.404147E-12
4569.6  1.433711E-12
4572.5  1.427647E-12
4575.4  1.424949E-12
4578.3  1.388614E-12
4581.2  1.349959E-12
4584.1  1.363970E-12
4587.  1.408825E-12
4589.9  1.425859E-12
4592.8  1.388953E-12
4595.7  1.363369E-12
4598.6  1.364638E-12
4601.5  1.380331E-12
4604.4  1.408533E-12
4607.3  1.464167E-12
4610.2  1.515641E-12
4613.1  1.512130E-12
4616.  1.494527E-12
4618.9  1.514290E-12
4621.8  1.527667E-12
4624.7  1.527955E-12
4627.6  1.524535E-12
4630.5  1.514337E-12
4633.4  1.484644E-12
4636.3  1.441369E-12
4639.2  1.419436E-12
4642.1  1.415128E-12
4645.  1.392432E-12
4647.9  1.362837E-12
4650.8  1.390469E-12
4653.7  1.424747E-12
4656.6  1.442270E-12
4659.5  1.470094E-12
4662.4  1.430494E-12
4665.3  1.353621E-12
4668.2  1.310384E-12
4671.1  1.341369E-12
4674.  1.395058E-12
4676.9  1.425744E-12
4679.8  1.410440E-12
4682.7  1.398317E-12
4685.6  1.430907E-12
4688.5  1.438570E-12
4691.4  1.433713E-12
4694.3  1.431105E-12
4697.2  1.404913E-12
4700.1  1.364660E-12
4703.  1.356325E-12
4705.9  1.366935E-12
4708.8  1.374321E-12
4711.7  1.403700E-12
4714.6  1.447008E-12
4717.5  1.489101E-12
4720.4  1.525303E-12
4723.3  1.535087E-12
4726.2  1.495425E-12
4729.1  1.410563E-12
4732.  1.389292E-12
4734.9  1.439342E-12
4737.8  1.494366E-12
4740.7  1.522160E-12
4743.6  1.533700E-12
4746.5  1.554360E-12
4749.4  1.562940E-12
4752.3  1.544285E-12
4755.2  1.519688E-12
4758.1  1.521946E-12
4761.  1.521012E-12
4763.9  1.490299E-12
4766.8  1.474708E-12
4769.7  1.518046E-12
4772.6  1.570064E-12
4775.5  1.622049E-12
4778.4  1.629463E-12
4781.3  1.598519E-12
4784.2  1.557320E-12
4787.1  1.523398E-12
4790.  1.520752E-12
4792.9  1.567117E-12
4795.8  1.602590E-12
4798.7  1.594904E-12
4801.6  1.587771E-12
4804.5  1.580762E-12
4807.4  1.557240E-12
4810.3  1.566061E-12
4813.2  1.589684E-12
4816.1  1.615868E-12
4819.  1.637654E-12
4821.9  1.622892E-12
4824.8  1.593119E-12
4827.7  1.575378E-12
4830.6  1.564988E-12
4833.5  1.554378E-12
4836.4  1.553344E-12
4839.3  1.542488E-12
4842.2  1.533207E-12
4845.1  1.568340E-12
4848.  1.586108E-12
4850.9  1.561494E-12
4853.8  1.519249E-12
4856.7  1.455546E-12
4859.6  1.379559E-12
4862.5  1.339529E-12
4865.4  1.381919E-12
4868.3  1.432608E-12
4871.2  1.428646E-12
4874.1  1.438807E-12
4877.  1.486917E-12
4879.9  1.525049E-12
4882.8  1.515614E-12
4885.7  1.474886E-12
4888.6  1.445117E-12
4891.5  1.471867E-12
4894.4  1.569382E-12
4897.3  1.643243E-12
4900.2  1.638207E-12
4903.1  1.603266E-12
4906.  1.590146E-12
4908.9  1.555648E-12
4911.8  1.522623E-12
4914.7  1.515994E-12
4917.6  1.482575E-12
4920.5  1.421072E-12
4923.4  1.433358E-12
4926.3  1.509660E-12
4929.2  1.571373E-12
4932.1  1.580684E-12
4935.  1.543740E-12
4937.9  1.511193E-12
4940.8  1.526868E-12
4943.7  1.587300E-12
4946.6  1.636943E-12
4949.5  1.661881E-12
4952.4  1.662485E-12
4955.3  1.631652E-12
4958.2  1.590832E-12
4961.1  1.612069E-12
4964.  1.626676E-12
4966.9  1.591755E-12
4969.8  1.583725E-12
4972.7  1.606449E-12
4975.6  1.619550E-12
4978.5  1.569363E-12
4981.4  1.491462E-12
4984.3  1.467338E-12
4987.2  1.504278E-12
4990.1  1.542991E-12
4993.  1.557194E-12
4995.9  1.552109E-12
4998.8  1.523047E-12
5001.7  1.477254E-12
5004.6  1.440533E-12
5007.5  1.433326E-12
5010.4  1.450390E-12
5013.3  1.437198E-12
5016.2  1.433928E-12
5019.1  1.444780E-12
5022.  1.453463E-12
5024.9  1.473319E-12
5027.8  1.492219E-12
5030.7  1.534009E-12
5033.6  1.565732E-12
5036.5  1.512950E-12
5039.4  1.430620E-12
5042.3  1.421840E-12
5045.2  1.508581E-12
5048.1  1.559056E-12
5051.  1.540519E-12
5053.9  1.558048E-12
5056.8  1.607725E-12
5059.7  1.633775E-12
5062.6  1.618514E-12
5065.5  1.567765E-12
5068.4  1.534622E-12
5071.3  1.542147E-12
5074.2  1.542753E-12
5077.1  1.507209E-12
5080.  1.448948E-12
5082.9  1.429651E-12
5085.8  1.490850E-12
5088.7  1.566094E-12
5091.6  1.597212E-12
5094.5  1.582578E-12
5097.4  1.539251E-12
5100.3  1.499351E-12
5103.2  1.506629E-12
5106.1  1.491266E-12
5109.  1.467889E-12
5111.9  1.488794E-12
5114.8  1.540014E-12
5117.7  1.571369E-12
5120.6  1.535649E-12
5123.5  1.452211E-12
5126.4  1.393082E-12
5129.3  1.404169E-12
5132.2  1.455186E-12
5135.1  1.493012E-12
5138.  1.483889E-12
5140.9  1.446778E-12
5143.8  1.417161E-12
5146.7  1.396585E-12
5149.6  1.383278E-12
5152.5  1.392705E-12
5155.4  1.438184E-12
5158.3  1.481502E-12
5161.2  1.461930E-12
5164.1  1.358188E-12
5167.  1.220405E-12
5169.9  1.156206E-12
5172.8  1.187465E-12
5175.7  1.305698E-12
5178.6  1.406213E-12
5181.5  1.363830E-12
5184.4  1.286317E-12
5187.3  1.368981E-12
5190.2  1.474283E-12
5193.1  1.486531E-12
5196.  1.490019E-12
5198.9  1.528150E-12
5201.8  1.542539E-12
5204.7  1.488601E-12
5207.6  1.429605E-12
5210.5  1.448700E-12
5213.4  1.509884E-12
5216.3  1.556601E-12
5219.2  1.562825E-12
5222.1  1.546448E-12
5225.  1.483261E-12
5227.9  1.462155E-12
5230.8  1.507599E-12
5233.7  1.553087E-12
5236.6  1.592783E-12
5239.5  1.643301E-12
5242.4  1.672174E-12
5245.3  1.645817E-12
5248.2  1.574275E-12
5251.1  1.528562E-12
5254.  1.554824E-12
5256.9  1.608777E-12
5259.8  1.622315E-12
5262.7  1.520873E-12
5265.6  1.389830E-12
5268.5  1.352648E-12
5271.4  1.390944E-12
5274.3  1.490129E-12
5277.2  1.591850E-12
5280.1  1.652679E-12
5283.  1.642220E-12
5285.9  1.674384E-12
5288.8  1.740753E-12
5291.7  1.753894E-12
5294.6  1.700086E-12
5297.5  1.617529E-12
5300.4  1.608998E-12
5303.3  1.678521E-12
5306.2  1.757787E-12
5309.1  1.794453E-12
5312.  1.806496E-12
5314.9  1.788316E-12
5317.8  1.752308E-12
5320.7  1.711467E-12
5323.6  1.646098E-12
5326.5  1.563071E-12
5329.4  1.532985E-12
5332.3  1.596586E-12
5335.2  1.672004E-12
5338.1  1.689621E-12
5341.  1.654465E-12
5343.9  1.660720E-12
5346.8  1.687262E-12
5349.7  1.696603E-12
5352.6  1.729655E-12
5355.5  1.791937E-12
5358.4  1.823483E-12
5361.3  1.790068E-12
5364.2  1.730248E-12
5367.1  1.685084E-12
5370.  1.649239E-12
5372.9  1.647599E-12
5375.8  1.718340E-12
5378.7  1.753324E-12
5381.6  1.736215E-12
5384.5  1.730418E-12
5387.4  1.704709E-12
5390.3  1.661619E-12
5393.2  1.622570E-12
5396.1  1.601654E-12
5399.  1.595455E-12
5401.9  1.593790E-12
5404.8  1.553980E-12
5407.7  1.538696E-12
5410.6  1.595889E-12
5413.5  1.671776E-12
5416.4  1.703853E-12
5419.3  1.701051E-12
5422.2  1.689472E-12
5425.1  1.684132E-12
5428.  1.674495E-12
5430.9  1.650651E-12
5433.8  1.636111E-12
5436.7  1.662653E-12
5439.6  1.741909E-12
5442.5  1.787011E-12
5445.4  1.743257E-12
5448.3  1.697786E-12
5451.2  1.729098E-12
5454.1  1.734907E-12
5457.  1.709950E-12
5459.9  1.715714E-12
5462.8  1.716710E-12
5465.7  1.718160E-12
5468.6  1.723147E-12
5471.5  1.709170E-12
5474.4  1.665794E-12
5477.3  1.621113E-12
5480.2  1.614445E-12
5483.1  1.646686E-12
5486.  1.682849E-12
5488.9  1.694831E-12
5491.8  1.703602E-12
5494.7  1.720554E-12
5497.6  1.739764E-12
5500.5  1.737650E-12
5503.4  1.713131E-12
5506.3  1.687478E-12
5509.2  1.677269E-12
5512.1  1.661765E-12
5515.  1.654482E-12
5517.9  1.708326E-12
5520.8  1.776910E-12
5523.7  1.783577E-12
5526.6  1.733699E-12
5529.5  1.688366E-12
5532.4  1.692067E-12
5535.3  1.715561E-12
5538.2  1.732177E-12
5541.1  1.757467E-12
5544.  1.779797E-12
5546.9  1.797160E-12
5549.8  1.820442E-12
5552.7  1.833068E-12
5555.6  1.816529E-12
5558.5  1.801253E-12
5561.4  1.756189E-12
5564.3  1.720130E-12
5567.2  1.697927E-12
5570.1  1.712524E-12
5573.  1.724088E-12
5575.9  1.730205E-12
5578.8  1.741892E-12
5581.7  1.745703E-12
5584.6  1.724634E-12
5587.5  1.656198E-12
5590.4  1.627998E-12
5593.3  1.667003E-12
5596.2  1.702855E-12
5599.1  1.708245E-12
5602.  1.689567E-12
5604.9  1.729162E-12
5607.8  1.795567E-12
5610.7  1.826758E-12
5613.6  1.803415E-12
5616.5  1.734052E-12
5619.4  1.701796E-12
5622.3  1.711792E-12
5625.2  1.717159E-12
5628.1  1.736223E-12
5631.  1.782284E-12
5633.9  1.789851E-12
5636.8  1.759523E-12
5639.7  1.735144E-12
5642.6  1.718879E-12
5645.5  1.725764E-12
5648.4  1.742899E-12
5651.3  1.745568E-12
5654.2  1.734777E-12
5657.1  1.701353E-12
5660.  1.668271E-12
5662.9  1.673537E-12
5665.8  1.707367E-12
5668.7  1.736574E-12
5671.6  1.753769E-12
5674.5  1.794641E-12
5677.4  1.826422E-12
5680.3  1.814704E-12
5683.2  1.778641E-12
5686.1  1.748663E-12
5689.  1.752227E-12
5691.9  1.771573E-12
5694.8  1.789950E-12
5697.7  1.769715E-12
5700.6  1.726528E-12
5703.5  1.697263E-12
5706.4  1.671740E-12
5709.3  1.642514E-12
5712.2  1.665396E-12
5715.1  1.724997E-12
5718.  1.786655E-12
5720.9  1.829666E-12
5723.8  1.850481E-12
5726.7  1.841998E-12
5729.6  1.820188E-12
5732.5  1.805692E-12
5735.4  1.814704E-12
5738.3  1.810231E-12
5741.2  1.805205E-12
5744.1  1.805689E-12
5747.  1.799063E-12
5749.9  1.792446E-12
5752.8  1.777035E-12
5755.7  1.762482E-12
5758.6  1.771809E-12
5761.5  1.779962E-12
5764.4  1.795824E-12
5767.3  1.830245E-12
5770.2  1.839917E-12
5773.1  1.820153E-12
5776.  1.797814E-12
5778.9  1.745102E-12
5781.8  1.673820E-12
5784.7  1.654175E-12
5787.6  1.699438E-12
5790.5  1.756184E-12
5793.4  1.789242E-12
5796.3  1.807640E-12
5799.2  1.812876E-12
5802.1  1.824250E-12
5805.  1.827973E-12
5807.9  1.820933E-12
5810.8  1.815531E-12
5813.7  1.810476E-12
5816.6  1.817445E-12
5819.5  1.832370E-12
5822.4  1.842499E-12
5825.3  1.838167E-12
5828.2  1.828700E-12
5831.1  1.826286E-12
5834.  1.821809E-12
5836.9  1.819663E-12
5839.8  1.827186E-12
5842.7  1.834551E-12
5845.6  1.828433E-12
5848.5  1.813875E-12
5851.4  1.798245E-12
5854.3  1.780005E-12
5857.2  1.760363E-12
5860.1  1.753024E-12
5863.  1.763381E-12
5865.9  1.784354E-12
5868.8  1.816657E-12
5871.7  1.863655E-12
5874.6  1.900527E-12
5877.5  1.891377E-12
5880.4  1.842565E-12
5883.3  1.796288E-12
5886.2  1.736622E-12
5889.1  1.665672E-12
5892.  1.615321E-12
5894.9  1.627505E-12
5897.8  1.678162E-12
5900.7  1.746724E-12
5903.6  1.790723E-12
5906.5  1.796108E-12
5909.4  1.802964E-12
5912.3  1.815198E-12
5915.2  1.816522E-12
5918.1  1.816457E-12
5921.  1.824115E-12
5923.9  1.821864E-12
5926.8  1.811883E-12
5929.7  1.802820E-12
5932.6  1.797738E-12
5935.5  1.795140E-12
5938.4  1.795035E-12
5941.3  1.801234E-12
5944.2  1.805854E-12
5947.1  1.802996E-12
5950.  1.790797E-12
5952.9  1.782624E-12
5955.8  1.787969E-12
5958.7  1.813973E-12
5961.6  1.836512E-12
5964.5  1.843415E-12
5967.4  1.848206E-12
5970.3  1.850083E-12
5973.2  1.847488E-12
5976.1  1.832327E-12
5979.  1.811536E-12
5981.9  1.795340E-12
5984.8  1.785641E-12
5987.7  1.790054E-12
5990.6  1.795109E-12
5993.5  1.789745E-12
5996.4  1.779614E-12
5999.3  1.770808E-12
6002.2  1.766125E-12
6005.1  1.755575E-12
6008.  1.746249E-12
6010.9  1.747858E-12
6013.8  1.744402E-12
6016.7  1.738564E-12
6019.6  1.741323E-12
6022.5  1.758163E-12
6025.4  1.791074E-12
6028.3  1.827137E-12
6031.2  1.850488E-12
6034.1  1.863127E-12
6037.  1.873017E-12
6039.9  1.875955E-12
6042.8  1.867759E-12
6045.7  1.855108E-12
6048.6  1.845564E-12
6051.5  1.835053E-12
6054.4  1.820715E-12
6057.3  1.815036E-12
6060.2  1.815285E-12
6063.1  1.812586E-12
6066.  1.818821E-12
6068.9  1.834032E-12
6071.8  1.843005E-12
6074.7  1.830247E-12
6077.6  1.804872E-12
6080.5  1.780076E-12
6083.4  1.770429E-12
6086.3  1.766104E-12
6089.2  1.758464E-12
6092.1  1.759464E-12
6095.  1.760605E-12
6097.9  1.754065E-12
6100.8  1.742529E-12
6103.7  1.737199E-12
6106.6  1.749950E-12
6109.5  1.759799E-12
6112.4  1.760996E-12
6115.3  1.762320E-12
6118.2  1.750518E-12
6121.1  1.738039E-12
6124.  1.739145E-12
6126.9  1.740909E-12
6129.8  1.740240E-12
6132.7  1.723149E-12
6135.6  1.689178E-12
6138.5  1.686779E-12
6141.4  1.715835E-12
6144.3  1.733985E-12
6147.2  1.733206E-12
6150.1  1.742732E-12
6153.  1.738075E-12
6155.9  1.722330E-12
6158.8  1.693817E-12
6161.7  1.668226E-12
6164.6  1.673750E-12
6167.5  1.689283E-12
6170.4  1.697099E-12
6173.3  1.716170E-12
6176.2  1.736886E-12
6179.1  1.754910E-12
6182.  1.757486E-12
6184.9  1.739319E-12
6187.8  1.721051E-12
6190.7  1.722953E-12
6193.6  1.737138E-12
6196.5  1.756252E-12
6199.4  1.763390E-12
6202.3  1.773526E-12
6205.2  1.782160E-12
6208.1  1.777434E-12
6211.  1.748459E-12
6213.9  1.713116E-12
6216.8  1.705693E-12
6219.7  1.716862E-12
6222.6  1.722706E-12
6225.5  1.717185E-12
6228.4  1.709100E-12
6231.3  1.714961E-12
6234.2  1.715843E-12
6237.1  1.697202E-12
6240.  1.671418E-12
6242.9  1.656517E-12
6245.8  1.655872E-12
6248.7  1.646190E-12
6251.6  1.622349E-12
6254.5  1.600982E-12
6257.4  1.608668E-12
6260.3  1.687885E-12
6263.2  1.729311E-12
6266.1  1.739071E-12
6269.  1.722593E-12
6271.9  1.732109E-12
6274.8  1.735412E-12
6277.7  1.727149E-12
6280.6  1.727000E-12
6283.5  1.743356E-12
6286.4  1.750704E-12
6289.3  1.742781E-12
6292.2  1.727775E-12
6295.1  1.710299E-12
6298.  1.695393E-12
6300.9  1.701290E-12
6303.8  1.710331E-12
6306.7  1.717863E-12
6309.6  1.708862E-12
6312.5  1.679799E-12
6315.4  1.658382E-12
6318.3  1.655811E-12
6321.2  1.676285E-12
6324.1  1.699215E-12
6327.  1.710266E-12
6329.9  1.710416E-12
6332.8  1.701232E-12
6335.7  1.694610E-12
6338.6  1.694801E-12
6341.5  1.697557E-12
6344.4  1.711038E-12
6347.3  1.727813E-12
6350.2  1.724953E-12
6353.1  1.700479E-12
6356.  1.674276E-12
6358.9  1.653348E-12
6361.8  1.656945E-12
6364.7  1.683330E-12
6367.6  1.717384E-12
6370.5  1.744834E-12
6373.4  1.761255E-12
6376.3  1.761894E-12
6379.2  1.760549E-12
6382.1  1.753804E-12
6385.  1.746296E-12
6387.9  1.742088E-12
6390.8  1.740825E-12
6393.7  1.730757E-12
6396.6  1.720029E-12
6399.5  1.718280E-12
6402.4  1.720829E-12
6405.3  1.722139E-12
6408.2  1.717477E-12
6411.1  1.710954E-12
6414.  1.709066E-12
6416.9  1.704851E-12
6419.8  1.696241E-12
6422.7  1.689312E-12
6425.6  1.698076E-12
6428.5  1.708896E-12
6431.4  1.709757E-12
6434.3  1.704749E-12
6437.2  1.708240E-12
6440.1  1.715459E-12
6443.  1.718263E-12
6445.9  1.721729E-12
6448.8  1.718116E-12
6451.7  1.698934E-12
6454.6  1.675497E-12
6457.5  1.685285E-12
6460.4  1.704920E-12
6463.3  1.710134E-12
6466.2  1.702400E-12
6469.1  1.698481E-12
6472.  1.716922E-12
6474.9  1.736239E-12
6477.8  1.739334E-12
6480.7  1.732850E-12
6483.6  1.720101E-12
6486.5  1.703211E-12
6489.4  1.677832E-12
6492.3  1.650443E-12
6495.2  1.630453E-12
6498.1  1.630663E-12
6501.  1.651313E-12
6503.9  1.680997E-12
6506.8  1.706909E-12
6509.7  1.716879E-12
6512.6  1.714374E-12
6515.5  1.709112E-12
6518.4  1.705649E-12
6521.3  1.706590E-12
6524.2  1.710538E-12
6527.1  1.715495E-12
6530.  1.720589E-12
6532.9  1.725461E-12
6535.8  1.731195E-12
6538.7  1.735645E-12
6541.6  1.733346E-12
6544.5  1.723344E-12
6547.4  1.707672E-12
6550.3  1.688112E-12
6553.2  1.666588E-12
6556.1  1.638321E-12
6559.  1.601527E-12
6561.9  1.575644E-12
6564.8  1.576553E-12
6567.7  1.602378E-12
6570.6  1.643942E-12
6573.5  1.682236E-12
6576.4  1.708648E-12
6579.3  1.729039E-12
6582.2  1.742266E-12
6585.1  1.743091E-12
6588.  1.733750E-12
6590.9  1.719876E-12
6593.8  1.708290E-12
6596.7  1.704445E-12
6599.6  1.705614E-12
6602.5  1.707663E-12
6605.4  1.707215E-12
6608.3  1.704964E-12
6611.2  1.710788E-12
6614.1  1.725985E-12
6617.  1.740285E-12
6619.9  1.746522E-12
6622.8  1.740547E-12
6625.7  1.725850E-12
6628.6  1.710280E-12
6631.5  1.698881E-12
6634.4  1.694755E-12
6637.3  1.696042E-12
6640.2  1.699924E-12
6643.1  1.706426E-12
6646.  1.714519E-12
6648.9  1.720675E-12
6651.8  1.722638E-12
6654.7  1.720121E-12
6657.6  1.714625E-12
6660.5  1.709066E-12
6663.4  1.707152E-12
6666.3  1.712165E-12
6669.2  1.722358E-12
6672.1  1.733570E-12
6675.  1.736671E-12
6677.9  1.726152E-12
6680.8  1.715925E-12
6683.7  1.716477E-12
6686.6  1.722339E-12
6689.5  1.727273E-12
6692.4  1.725067E-12
6695.3  1.716087E-12
6698.2  1.708318E-12
6701.1  1.703368E-12
6704.  1.698717E-12
6706.9  1.695172E-12
6709.8  1.694382E-12
6712.7  1.695580E-12
6715.6  1.697763E-12
6718.5  1.702183E-12
6721.4  1.709261E-12
6724.3  1.716439E-12
6727.2  1.721553E-12
6730.1  1.723753E-12
6733.  1.722706E-12
6735.9  1.718528E-12
6738.8  1.713919E-12
6741.7  1.713111E-12
6744.6  1.716060E-12
6747.5  1.720509E-12
6750.4  1.723848E-12
6753.3  1.723869E-12
6756.2  1.721802E-12
6759.1  1.718959E-12
6762.  1.714198E-12
6764.9  1.707185E-12
6767.8  1.698917E-12
6770.7  1.692342E-12
6773.6  1.693041E-12
6776.5  1.699641E-12
6779.4  1.705268E-12
6782.3  1.706192E-12
6785.2  1.700897E-12
6788.1  1.695335E-12
6791.  1.696449E-12
6793.9  1.700712E-12
6796.8  1.703094E-12
6799.7  1.700997E-12
6802.6  1.694430E-12
6805.5  1.689114E-12
6808.4  1.688126E-12
6811.3  1.689652E-12
6814.2  1.693192E-12
6817.1  1.699302E-12
6820.  1.706335E-12
6822.9  1.711575E-12
6825.8  1.713807E-12
6828.7  1.712500E-12
6831.6  1.707378E-12
6834.5  1.698440E-12
6837.4  1.683056E-12
6840.3  1.663591E-12
6843.2  1.656294E-12
6846.1  1.667153E-12
6849.  1.683641E-12
6851.9  1.698672E-12
6854.8  1.710900E-12
6857.7  1.719834E-12
6860.6  1.727035E-12
6863.5  1.716287E-12
6866.4  1.670346E-12
6869.3  1.622261E-12
6872.2  1.609085E-12
6875.1  1.626499E-12
6878.  1.659726E-12
6880.9  1.684438E-12
6883.8  1.688386E-12
6886.7  1.685623E-12
6889.6  1.686551E-12
6892.5  1.696190E-12
6895.4  1.710054E-12
6898.3  1.716053E-12
6901.2  1.714012E-12
6904.1  1.709250E-12
6907.  1.701185E-12
6909.9  1.688974E-12
6912.8  1.676990E-12
6915.7  1.669308E-12
6918.6  1.667351E-12
6921.5  1.669456E-12
6924.4  1.667929E-12
6927.3  1.661609E-12
6930.2  1.658664E-12
6933.1  1.660335E-12
6936.  1.662370E-12
6938.9  1.661449E-12
6941.8  1.655054E-12
6944.7  1.646186E-12
6947.6  1.639385E-12
6950.5  1.634904E-12
6953.4  1.632595E-12
6956.3  1.634376E-12
6959.2  1.640803E-12
6962.1  1.650036E-12
6965.  1.658148E-12
6967.9  1.658742E-12
6970.8  1.649870E-12
6973.7  1.634090E-12
6976.6  1.616651E-12
6979.5  1.603928E-12
6982.4  1.601616E-12
6985.3  1.612711E-12
6988.2  1.627241E-12
6991.1  1.634523E-12
6994.  1.635903E-12
6996.9  1.633198E-12
6999.8  1.623783E-12
7002.7  1.609930E-12
7005.6  1.601748E-12
7008.5  1.601001E-12
7011.4  1.600691E-12
7014.3  1.597766E-12
7017.2  1.591803E-12
7020.1  1.587600E-12
7023.  1.591372E-12
7025.9  1.601734E-12
7028.8  1.615059E-12
7031.7  1.628497E-12
7034.6  1.639455E-12
7037.5  1.646290E-12
7040.4  1.648809E-12
7043.3  1.649072E-12
7046.2  1.648031E-12
7049.1  1.644774E-12
7052.  1.641200E-12
7054.9  1.640988E-12
7057.8  1.641409E-12
7060.7  1.637486E-12
7063.6  1.629390E-12
7066.5  1.619549E-12
7069.4  1.615115E-12
7072.3  1.620314E-12
7075.2  1.627666E-12
7078.1  1.630260E-12
7081.  1.624794E-12
7083.9  1.613190E-12
7086.8  1.604381E-12
7089.7  1.601233E-12
7092.6  1.601050E-12
7095.5  1.603486E-12
7098.4  1.608789E-12
7101.3  1.612465E-12
7104.2  1.609836E-12
7107.1  1.603275E-12
7110.  1.596326E-12
7112.9  1.590555E-12
7115.8  1.586881E-12
7118.7  1.585309E-12
7121.6  1.584245E-12
7124.5  1.579678E-12
7127.4  1.573415E-12
7130.3  1.572558E-12
7133.2  1.577685E-12
7136.1  1.585451E-12
7139.  1.592705E-12
7141.9  1.596690E-12
7144.8  1.596440E-12
7147.7  1.592873E-12
7150.6  1.591846E-12
7153.5  1.597149E-12
7156.4  1.605700E-12
7159.3  1.613609E-12
7162.2  1.616582E-12
7165.1  1.614193E-12
7168.  1.610163E-12
7170.9  1.607067E-12
7173.8  1.606461E-12
7176.7  1.603834E-12
7179.6  1.593200E-12
7182.5  1.573853E-12
7185.4  1.548961E-12
7188.3  1.533991E-12
7191.2  1.537754E-12
7194.1  1.544159E-12
7197.  1.542406E-12
7199.9  1.535679E-12
7202.8  1.528492E-12
7205.7  1.526750E-12
7208.6  1.533467E-12
7211.5  1.548750E-12
7214.4  1.566456E-12
7217.3  1.578262E-12
7220.2  1.584231E-12
7223.1  1.587247E-12
7226.  1.590890E-12
7228.9  1.597009E-12
7231.8  1.599977E-12
7234.7  1.597236E-12
7237.6  1.594389E-12
7240.5  1.593880E-12
7243.4  1.593602E-12
7246.3  1.592856E-12
7249.2  1.591895E-12
7252.1  1.590470E-12
7255.  1.588334E-12
7257.9  1.584793E-12
7260.8  1.579593E-12
7263.7  1.577933E-12
7266.6  1.582786E-12
7269.5  1.584551E-12
7272.4  1.577537E-12
7275.3  1.568318E-12
7278.2  1.561462E-12
7281.1  1.558993E-12
7284.  1.554587E-12
7286.9  1.533411E-12
7289.8  1.509233E-12
7292.7  1.510073E-12
7295.6  1.529524E-12
7298.5  1.549221E-12
7301.4  1.558940E-12
7304.3  1.553692E-12
7307.2  1.543745E-12
7310.1  1.538517E-12
7313.  1.537084E-12
7315.9  1.538636E-12
7318.8  1.543589E-12
7321.7  1.549697E-12
7324.6  1.552309E-12
7327.5  1.553160E-12
7330.4  1.557722E-12
7333.3  1.567111E-12
7336.2  1.579882E-12
7339.1  1.588538E-12
7342.  1.586114E-12
7344.9  1.575564E-12
7347.8  1.561355E-12
7350.7  1.546072E-12
7353.6  1.532875E-12
7356.5  1.525260E-12
7359.4  1.525238E-12
7362.3  1.533240E-12
7365.2  1.545841E-12
7368.1  1.556884E-12
7371.  1.565168E-12
7373.9  1.571747E-12
7376.8  1.573794E-12
7379.7  1.568650E-12
7382.6  1.557243E-12
7385.5  1.542665E-12
7388.4  1.531965E-12
7391.3  1.529828E-12
7394.2  1.535402E-12
7397.1  1.545361E-12
7400.  1.553989E-12
7402.9  1.557113E-12
7405.8  1.552622E-12
7408.7  1.542449E-12
7411.6  1.530926E-12
7414.5  1.523599E-12
7417.4  1.524894E-12
7420.3  1.530791E-12
7423.2  1.536612E-12
7426.1  1.543363E-12
7429.  1.551680E-12
7431.9  1.560933E-12
7434.8  1.568171E-12
7437.7  1.566872E-12
7440.6  1.557225E-12
7443.5  1.545420E-12
7446.4  1.538040E-12
7449.3  1.540973E-12
7452.2  1.550174E-12
7455.1  1.558024E-12
7458.  1.559951E-12
7460.9  1.554377E-12
7463.8  1.549700E-12
7466.7  1.551164E-12
7469.6  1.551092E-12
7472.5  1.545923E-12
7475.4  1.539901E-12
7478.3  1.536572E-12
7481.2  1.539000E-12
7484.1  1.544190E-12
7487.  1.545397E-12
7489.9  1.541914E-12
7492.8  1.535903E-12
7495.7  1.532055E-12
7498.6  1.534191E-12
7501.5  1.538486E-12
7504.4  1.540807E-12
7507.3  1.539267E-12
7510.2  1.535728E-12
7513.1  1.539439E-12
7516.  1.550380E-12
7518.9  1.557180E-12
7521.8  1.557308E-12
7524.7  1.554689E-12
7527.6  1.552182E-12
7530.5  1.552202E-12
7533.4  1.555104E-12
7536.3  1.560050E-12
7539.2  1.564870E-12
7542.1  1.567633E-12
7545.  1.568485E-12
7547.9  1.567620E-12
7550.8  1.564791E-12
7553.7  1.560185E-12
7556.6  1.554202E-12
7559.5  1.548955E-12
7562.4  1.547793E-12
7565.3  1.549685E-12
7568.2  1.551397E-12
7571.1  1.552197E-12
7574.  1.552221E-12
7576.9  1.551884E-12
7579.8  1.551663E-12
7582.7  1.551497E-12
7585.6  1.551310E-12
7588.5  1.551122E-12
7591.4  1.550934E-12
7594.3  1.550745E-12
7597.2  1.550557E-12
7600.1  1.550369E-12
7603.  1.550181E-12
7605.9  1.549992E-12
7608.8  1.549804E-12
7611.7  1.549616E-12
7614.6  1.549427E-12
7617.5  1.549239E-12
7620.4  1.549132E-12
7623.3  1.549059E-12
7626.2  1.547896E-12
7629.1  1.547129E-12
7632.  1.553283E-12
7634.9  1.564282E-12
7637.8  1.568904E-12
7640.7  1.566804E-12
7643.6  1.564519E-12
7646.5  1.562191E-12
7649.4  1.557803E-12
7652.3  1.550591E-12
7655.2  1.540570E-12
7658.1  1.529421E-12
7661.  1.519940E-12
7663.9  1.517100E-12
7666.8  1.522971E-12
7669.7  1.534313E-12
7672.6  1.547124E-12
7675.5  1.557039E-12
7678.4  1.561976E-12
7681.3  1.562064E-12
7684.2  1.557449E-12
7687.1  1.548793E-12
7690.  1.538454E-12
7692.9  1.529192E-12
7695.8  1.523219E-12
7698.7  1.521772E-12
7701.6  1.524606E-12
7704.5  1.529305E-12
7707.4  1.529676E-12
7710.3  1.524021E-12
7713.2  1.516800E-12
7716.1  1.511496E-12
7719.  1.510555E-12
7721.9  1.513856E-12
7724.8  1.519538E-12
7727.7  1.525390E-12
7730.6  1.529354E-12
7733.5  1.531037E-12
7736.4  1.530779E-12
7739.3  1.530353E-12
7742.2  1.529852E-12
7745.1  1.523579E-12
7748.  1.513629E-12
7750.9  1.514397E-12
7753.8  1.526561E-12
7756.7  1.538067E-12
7759.6  1.545358E-12
7762.5  1.549582E-12
7765.4  1.553160E-12
7768.3  1.558599E-12
7771.2  1.561111E-12
7774.1  1.556334E-12
7777.  1.548657E-12
7779.9  1.542179E-12
7782.8  1.536999E-12
7785.7  1.533030E-12
7788.6  1.529862E-12
7791.5  1.527946E-12
7794.4  1.528911E-12
7797.3  1.531004E-12
7800.2  1.530589E-12
7803.1  1.527937E-12
7806.  1.525066E-12
7808.9  1.524650E-12
7811.8  1.528690E-12
7814.7  1.535655E-12
7817.6  1.543040E-12
7820.5  1.547852E-12
7823.4  1.548269E-12
7826.3  1.545155E-12
7829.2  1.538604E-12
7832.1  1.527281E-12
7835.  1.515343E-12
7837.9  1.510368E-12
7840.8  1.511989E-12
7843.7  1.516080E-12
7846.6  1.518341E-12
7849.5  1.515891E-12
7852.4  1.515621E-12
7855.3  1.522592E-12
7858.2  1.529902E-12
7861.1  1.531899E-12
7864.  1.527962E-12
7866.9  1.518846E-12
7869.8  1.506944E-12
7872.7  1.495817E-12
7875.6  1.489430E-12
7878.5  1.488336E-12
7881.4  1.490761E-12
7884.3  1.493979E-12
7887.2  1.494971E-12
7890.1  1.489176E-12
7893.  1.475278E-12
7895.9  1.464215E-12
7898.8  1.462854E-12
7901.7  1.465482E-12
7904.6  1.466214E-12
7907.5  1.459933E-12
7910.4  1.446904E-12
7913.3  1.432673E-12
7916.2  1.422422E-12
7919.1  1.420365E-12
7922.  1.424175E-12
7924.9  1.428787E-12
7927.8  1.429661E-12
7930.7  1.424060E-12
7933.6  1.415927E-12
7936.5  1.409016E-12
7939.4  1.402844E-12
7942.3  1.398399E-12
7945.2  1.399084E-12
7948.1  1.406086E-12
7951.  1.418756E-12
7953.9  1.431202E-12
7956.8  1.434604E-12
7959.7  1.434227E-12
7962.6  1.439880E-12
7965.5  1.446372E-12
7968.4  1.446837E-12
7971.3  1.444665E-12
7974.2  1.443435E-12
7977.1  1.443060E-12
7980.  1.443406E-12
7982.9  1.444515E-12
7985.8  1.445543E-12
7988.7  1.445094E-12
7991.6  1.441354E-12
7994.5  1.432434E-12
7997.4  1.423587E-12
8000.3  1.422454E-12
8003.2  1.428104E-12
8006.1  1.436816E-12
8009.  1.445109E-12
8011.9  1.450462E-12
8014.8  1.454955E-12
8017.7  1.458572E-12
8020.6  1.455443E-12
8023.5  1.445010E-12
8026.4  1.433083E-12
8029.3  1.426700E-12
8032.2  1.433509E-12
8035.1  1.446351E-12
8038.  1.451158E-12
8040.9  1.446131E-12
8043.8  1.434554E-12
8046.7  1.422784E-12
8049.6  1.417068E-12
8052.5  1.419797E-12
8055.4  1.429677E-12
8058.3  1.438918E-12
8061.2  1.442667E-12
8064.1  1.441758E-12
8067.  1.436615E-12
8069.9  1.427477E-12
8072.8  1.416684E-12
8075.7  1.407348E-12
8078.6  1.401785E-12
8081.5  1.401005E-12
8084.4  1.399766E-12
8087.3  1.393190E-12
8090.2  1.383367E-12
8093.1  1.374360E-12
8096.  1.372963E-12
8098.9  1.380631E-12
8101.8  1.389408E-12
8104.7  1.395348E-12
8107.6  1.399299E-12
8110.5  1.400764E-12
8113.4  1.398895E-12
8116.3  1.396763E-12
8119.2  1.398276E-12
8122.1  1.402943E-12
8125.  1.408469E-12
8127.9  1.408417E-12
8130.8  1.400526E-12
8133.7  1.397523E-12
8136.6  1.404407E-12
8139.5  1.409268E-12
8142.4  1.407518E-12
8145.3  1.403247E-12
8148.2  1.400716E-12
8151.1  1.404582E-12
8154.  1.409417E-12
8156.9  1.406253E-12
8159.8  1.397072E-12
8162.7  1.387588E-12
8165.6  1.388614E-12
8168.5  1.404592E-12
8171.4  1.415917E-12
8174.3  1.410481E-12
8177.2  1.396736E-12
8180.1  1.382849E-12
8183.  1.375799E-12
8185.9  1.375390E-12
8188.8  1.375188E-12
8191.7  1.370468E-12
8194.6  1.358285E-12
8197.5  1.349089E-12
8200.4  1.354855E-12
8203.3  1.368346E-12
8206.2  1.380195E-12
8209.1  1.388169E-12
8212.  1.392983E-12
8214.9  1.402382E-12
8217.8  1.414715E-12
8220.7  1.414205E-12
8223.6  1.394942E-12
8226.5  1.359280E-12
8229.4  1.330152E-12
8232.3  1.339512E-12
8235.2  1.369871E-12
8238.1  1.388640E-12
8241.  1.397681E-12
8243.9  1.404680E-12
8246.8  1.410149E-12
8249.7  1.413253E-12
8252.6  1.407306E-12
8255.5  1.394548E-12
8258.4  1.393089E-12
8261.3  1.405433E-12
8264.2  1.417915E-12
8267.1  1.421326E-12
8270.  1.409946E-12
8272.9  1.392060E-12
8275.8  1.381039E-12
8278.7  1.377808E-12
8281.6  1.379512E-12
8284.5  1.382380E-12
8287.4  1.383337E-12
8290.3  1.383397E-12
8293.2  1.383491E-12
8296.1  1.383938E-12
8299.  1.383426E-12
8301.9  1.378312E-12
8304.8  1.370783E-12
8307.7  1.367038E-12
8310.6  1.366218E-12
8313.5  1.364457E-12
8316.4  1.359617E-12
8319.3  1.350991E-12
8322.2  1.344121E-12
8325.1  1.342848E-12
8328.  1.341119E-12
8330.9  1.335273E-12
8333.8  1.328090E-12
8336.7  1.323552E-12
8339.6  1.327351E-12
8342.5  1.337322E-12
8345.4  1.344760E-12
8348.3  1.348022E-12
8351.2  1.349185E-12
8354.1  1.349564E-12
8357.  1.350259E-12
8359.9  1.350182E-12
8362.8  1.348458E-12
8365.7  1.346877E-12
8368.6  1.346767E-12
8371.5  1.348004E-12
8374.4  1.349330E-12
8377.3  1.348314E-12
8380.2  1.342756E-12
8383.1  1.330746E-12
8386.  1.317963E-12
8388.9  1.313797E-12
8391.8  1.318365E-12
8394.7  1.327854E-12
8397.6  1.338742E-12
8400.5  1.347609E-12
8403.4  1.352727E-12
8406.3  1.353350E-12
8409.2  1.349506E-12
8412.1  1.343181E-12
8415.  1.339505E-12
8417.9  1.338045E-12
8420.8  1.332064E-12
8423.7  1.324025E-12
8426.6  1.321928E-12
8429.5  1.322657E-12
8432.4  1.319617E-12
8435.3  1.314071E-12
8438.2  1.309411E-12
8441.1  1.310320E-12
8444.  1.318986E-12
8446.9  1.329896E-12
8449.8  1.338313E-12
8452.7  1.342298E-12
8455.6  1.342648E-12
8458.5  1.343978E-12
8461.4  1.344183E-12
8464.3  1.336511E-12
8467.2  1.325360E-12
8470.1  1.319417E-12
8473.  1.320850E-12
8475.9  1.328724E-12
8478.8  1.336537E-12
8481.7  1.338842E-12
8484.6  1.339560E-12
8487.5  1.338710E-12
8490.4  1.327070E-12
8493.3  1.299541E-12
8496.2  1.254470E-12
8499.1  1.212089E-12
8502.  1.208903E-12
8504.9  1.238788E-12
8507.8  1.273462E-12
8510.7  1.295915E-12
8513.6  1.296546E-12
8516.5  1.290917E-12
8519.4  1.295170E-12
8522.3  1.303388E-12
8525.2  1.308577E-12
8528.1  1.307909E-12
8531.  1.296069E-12
8533.9  1.266777E-12
8536.8  1.214670E-12
8539.7  1.134270E-12
8542.6  1.061869E-12
8545.5  1.052534E-12
8548.4  1.099048E-12
8551.3  1.169195E-12
8554.2  1.236558E-12
8557.1  1.280917E-12
8560.  1.307798E-12
8562.9  1.325633E-12
8565.8  1.335752E-12
8568.7  1.340243E-12
8571.6  1.340867E-12
8574.5  1.339613E-12
8577.4  1.338856E-12
8580.3  1.338711E-12
8583.2  1.337777E-12
8586.1  1.338188E-12
8589.  1.342753E-12
8591.9  1.348694E-12
8594.8  1.352301E-12
8597.7  1.353235E-12
8600.6  1.351188E-12
8603.5  1.344304E-12
8606.4  1.332404E-12
8609.3  1.317393E-12
8612.2  1.304699E-12
8615.1  1.303682E-12
8618.  1.313474E-12
8620.9  1.325523E-12
8623.8  1.337370E-12
8626.7  1.349133E-12
8629.6  1.359775E-12
8632.5  1.368151E-12
8635.4  1.372331E-12
8638.3  1.371030E-12
8641.2  1.365085E-12
8644.1  1.355449E-12
8647.  1.342795E-12
8649.9  1.326217E-12
8652.8  1.304400E-12
8655.7  1.269355E-12
8658.6  1.208205E-12
8661.5  1.145500E-12
8664.4  1.121309E-12
8667.3  1.138992E-12
8670.2  1.185823E-12
8673.1  1.234785E-12
8676.  1.262936E-12
8678.9  1.278644E-12
8681.8  1.290724E-12
8684.7  1.297615E-12
8687.6  1.300591E-12
8690.5  1.304022E-12
8693.4  1.309031E-12
8696.3  1.313877E-12
8699.2  1.317780E-12
8702.1  1.320475E-12
8705.  1.323499E-12
8707.9  1.328642E-12
8710.8  1.333353E-12
8713.7  1.335312E-12
8716.6  1.338581E-12
8719.5  1.344635E-12
8722.4  1.345926E-12
8725.3  1.339455E-12
8728.2  1.330580E-12
8731.1  1.322704E-12
8734.  1.316816E-12
8736.9  1.315197E-12
8739.8  1.320227E-12
8742.7  1.329024E-12
8745.6  1.336776E-12
8748.5  1.341202E-12
8751.4  1.341595E-12
8754.3  1.341186E-12
8757.2  1.342421E-12
8760.1  1.343061E-12
8763.  1.341323E-12
8765.9  1.336776E-12
8768.8  1.330554E-12
8771.7  1.325542E-12
8774.6  1.323507E-12
8777.5  1.325146E-12
8780.4  1.328240E-12
8783.3  1.329391E-12
8786.2  1.328130E-12
8789.1  1.325023E-12
8792.  1.320947E-12
8794.9  1.316608E-12
8797.8  1.312204E-12
8800.7  1.306330E-12
8803.6  1.293041E-12
8806.5  1.276235E-12
8809.4  1.272968E-12
8812.3  1.285124E-12
8815.2  1.302305E-12
8818.1  1.314350E-12
8821.  1.312409E-12
8823.9  1.304978E-12
8826.8  1.304714E-12
8829.7  1.310635E-12
8832.6  1.318574E-12
8835.5  1.322301E-12
8838.4  1.319474E-12
8841.3  1.318093E-12
8844.2  1.323019E-12
8847.1  1.333093E-12
8850.  1.347276E-12
8852.9  1.364473E-12
8855.8  1.378266E-12
8858.7  1.380373E-12
8861.6  1.368151E-12
8864.5  1.343169E-12
8867.4  1.318569E-12
8870.3  1.306277E-12
8873.2  1.299982E-12
8876.1  1.294324E-12
8879.  1.294231E-12
8881.9  1.301065E-12
8884.8  1.310417E-12
8887.7  1.318559E-12
8890.6  1.322473E-12
8893.5  1.322741E-12
8896.4  1.322539E-12
8899.3  1.321524E-12
8902.2  1.318315E-12
8905.1  1.315355E-12
8908.  1.315089E-12
8910.9  1.316229E-12
8913.8  1.316847E-12
8916.7  1.315535E-12
8919.6  1.310599E-12
8922.5  1.299287E-12
8925.4  1.284804E-12
8928.3  1.276886E-12
8931.2  1.279041E-12
8934.1  1.289758E-12
8937.  1.302202E-12
8939.9  1.307796E-12
8942.8  1.305260E-12
8945.7  1.296986E-12
8948.6  1.290038E-12
8951.5  1.290704E-12
8954.4  1.300555E-12
8957.3  1.315649E-12
8960.2  1.322000E-12
8963.1  1.315556E-12
8966.  1.306209E-12
8968.9  1.300810E-12
8971.8  1.302963E-12
8974.7  1.313171E-12
8977.6  1.329055E-12
8980.5  1.335984E-12
8983.4  1.319959E-12
8986.3  1.290170E-12
8989.2  1.261693E-12
8992.1  1.253286E-12
8995.  1.270456E-12
8997.9  1.286275E-12
9000.8  1.288167E-12
9003.7  1.288349E-12
9006.6  1.293613E-12
9009.5  1.306273E-12
9012.4  1.320517E-12
9015.3  1.325925E-12
9018.2  1.319405E-12
9021.1  1.302318E-12
9024.  1.281935E-12
9026.9  1.267102E-12
9029.8  1.268089E-12
9032.7  1.286331E-12
9035.6  1.300537E-12
9038.5  1.300903E-12
9041.4  1.300286E-12
9044.3  1.303899E-12
9047.2  1.308810E-12
9050.1  1.313493E-12
9053.  1.316635E-12
9055.9  1.316313E-12
9058.8  1.310994E-12
9061.7  1.299214E-12
9064.6  1.281627E-12
9067.5  1.268852E-12
9070.4  1.267317E-12
9073.3  1.266465E-12
9076.2  1.260261E-12
9079.1  1.254152E-12
9082.  1.250011E-12
9084.9  1.245620E-12
9087.8  1.240954E-12
9090.7  1.237010E-12
9093.6  1.237169E-12
9096.5  1.245000E-12
9099.4  1.252311E-12
9102.3  1.250287E-12
9105.2  1.247006E-12
9108.1  1.249634E-12
9111.  1.251516E-12
9113.9  1.249201E-12
9116.8  1.247743E-12
9119.7  1.250458E-12
9122.6  1.259352E-12
9125.5  1.266406E-12
9128.4  1.255700E-12
9131.3  1.234835E-12
9134.2  1.222459E-12
9137.1  1.221665E-12
9140.  1.229113E-12
9142.9  1.236155E-12
9145.8  1.234198E-12
9148.7  1.218911E-12
9151.6  1.193855E-12
9154.5  1.178005E-12
9157.4  1.181562E-12
9160.3  1.201082E-12
9163.2  1.222131E-12
9166.1  1.221102E-12
9169.  1.197612E-12
9171.9  1.165974E-12
9174.8  1.142107E-12
9177.7  1.139729E-12
9180.6  1.155153E-12
9183.5  1.178040E-12
9186.4  1.192372E-12
9189.3  1.188878E-12
9192.2  1.178063E-12
9195.1  1.169660E-12
9198.  1.169064E-12
9200.9  1.175177E-12
9203.8  1.179636E-12
9206.7  1.178503E-12
9209.6  1.171342E-12
9212.5  1.162911E-12
9215.4  1.159842E-12
9218.3  1.164382E-12
9221.2  1.176268E-12
9224.1  1.191258E-12
9227.  1.204654E-12
9229.9  1.213990E-12
9232.8  1.217011E-12
9235.7  1.211140E-12
9238.6  1.198343E-12
9241.5  1.185628E-12
9244.4  1.175773E-12
9247.3  1.168178E-12
9250.2  1.163597E-12
9253.1  1.162915E-12
9256.  1.164675E-12
9258.9  1.167219E-12
9261.8  1.172371E-12
9264.7  1.181157E-12
9267.6  1.190763E-12
9270.5  1.197815E-12
9273.4  1.198330E-12
9276.3  1.192563E-12
9279.2  1.185926E-12
9282.1  1.183535E-12
9285.  1.190039E-12
9287.9  1.198698E-12
9290.8  1.197901E-12
9293.7  1.190263E-12
9296.6  1.183034E-12
9299.5  1.181771E-12
9302.4  1.189505E-12
9305.3  1.202117E-12
9308.2  1.213235E-12
9311.1  1.214740E-12
9314.  1.203150E-12
9316.9  1.180682E-12
9319.8  1.160494E-12
9322.7  1.164735E-12
9325.6  1.188404E-12
9328.5  1.210658E-12
9331.4  1.217340E-12
9334.3  1.200206E-12
9337.2  1.167983E-12
9340.1  1.135774E-12
9343.  1.123613E-12
9345.9  1.141526E-12
9348.8  1.176659E-12
9351.7  1.206486E-12
9354.6  1.192316E-12
9357.5  1.149391E-12
9360.4  1.152684E-12
9363.3  1.185257E-12
9366.2  1.173387E-12
9369.1  1.133702E-12
9372.  1.113558E-12
9374.9  1.102859E-12
9377.8  1.084063E-12
9380.7  1.066040E-12
9383.6  1.060136E-12
9386.5  1.078688E-12
9389.4  1.120840E-12
9392.3  1.162310E-12
9395.2  1.185681E-12
9398.1  1.183091E-12
9401.  1.162757E-12
9403.9  1.145568E-12
9406.8  1.131855E-12
9409.7  1.113277E-12
9412.6  1.102930E-12
9415.5  1.113798E-12
9418.4  1.130501E-12
9421.3  1.136776E-12
9424.2  1.127424E-12
9427.1  1.108848E-12
9430.  1.113022E-12
9432.9  1.137858E-12
9435.8  1.132796E-12
9438.7  1.098524E-12
9441.6  1.075575E-12
9444.5  1.085318E-12
9447.4  1.136232E-12
9450.3  1.183658E-12
9453.2  1.176835E-12
9456.1  1.142869E-12
9459.  1.119053E-12
9461.9  1.118132E-12
9464.8  1.140176E-12
9467.7  1.159574E-12
9470.6  1.162313E-12
9473.5  1.157029E-12
9476.4  1.146479E-12
9479.3  1.126838E-12
9482.2  1.118353E-12
9485.1  1.150461E-12
9488.  1.193383E-12
9490.9  1.201840E-12
9493.8  1.167666E-12
9496.7  1.102753E-12
9499.6  1.063291E-12
9502.5  1.086349E-12
9505.4  1.144156E-12
9508.3  1.202153E-12
9511.2  1.223993E-12
9514.1  1.203018E-12
9517.  1.165901E-12
9519.9  1.137006E-12
9522.8  1.137244E-12
9525.7  1.156729E-12
9528.6  1.172751E-12
9531.5  1.184590E-12
9534.4  1.195164E-12
9537.3  1.197719E-12
9540.2  1.188554E-12
9543.1  1.172730E-12
9546.  1.157864E-12
9548.9  1.155993E-12
9551.8  1.163797E-12
9554.7  1.158694E-12
9557.6  1.143227E-12
9560.5  1.138306E-12
9563.4  1.140136E-12
9566.3  1.135499E-12
9569.2  1.137795E-12
9572.1  1.161129E-12
9575.  1.183998E-12
9577.9  1.187130E-12
9580.8  1.179984E-12
9583.7  1.169289E-12
9586.6  1.148668E-12
9589.5  1.123672E-12
9592.4  1.114986E-12
9595.3  1.124211E-12
9598.2  1.137743E-12
9601.1  1.145186E-12
9604.  1.138832E-12
9606.9  1.131946E-12
9609.8  1.140815E-12
9612.7  1.153211E-12
9615.6  1.154860E-12
9618.5  1.144012E-12
9621.4  1.125077E-12
9624.3  1.113558E-12
9627.2  1.117110E-12
9630.1  1.131247E-12
9633.  1.144022E-12
9635.9  1.136666E-12
9638.8  1.117627E-12
9641.7  1.110466E-12
9644.6  1.114200E-12
9647.5  1.119423E-12
9650.4  1.126463E-12
9653.3  1.134838E-12
9656.2  1.132875E-12
9659.1  1.115545E-12
9662.  1.096891E-12
9664.9  1.087609E-12
9667.8  1.090466E-12
9670.7  1.102244E-12
9673.6  1.113711E-12
9676.5  1.117854E-12
9679.4  1.109927E-12
9682.3  1.101150E-12
9685.2  1.106928E-12
9688.1  1.115554E-12
9691.  1.112626E-12
9693.9  1.106298E-12
9696.8  1.104315E-12
9699.7  1.103215E-12
9702.6  1.101736E-12
9705.5  1.103539E-12
9708.4  1.109345E-12
9711.3  1.116629E-12
9714.2  1.123232E-12
9717.1  1.127425E-12
9720.  1.127453E-12
9722.9  1.122178E-12
9725.8  1.115825E-12
9728.7  1.112832E-12
9731.6  1.108175E-12
9734.5  1.098448E-12
9737.4  1.091571E-12
9740.3  1.091766E-12
9743.2  1.093261E-12
9746.1  1.094129E-12
9749.  1.098544E-12
9751.9  1.103683E-12
9754.8  1.101145E-12
9757.7  1.097530E-12
9760.6  1.105642E-12
9763.5  1.118150E-12
9766.4  1.123125E-12
9769.3  1.121482E-12
9772.2  1.116728E-12
9775.1  1.112864E-12
9778.  1.111726E-12
9780.9  1.108722E-12
9783.8  1.102589E-12
9786.7  1.097308E-12
9789.6  1.095781E-12
9792.5  1.100262E-12
9795.4  1.105285E-12
9798.3  1.101614E-12
9801.2  1.094774E-12
9804.1  1.094404E-12
9807.  1.100033E-12
9809.9  1.108384E-12
9812.8  1.114055E-12
9815.7  1.113862E-12
9818.6  1.111877E-12
9821.5  1.110929E-12
9824.4  1.110588E-12
9827.3  1.110962E-12
9830.2  1.112550E-12
9833.1  1.114451E-12
9836.  1.115046E-12
9838.9  1.114455E-12
9841.8  1.113521E-12
9844.7  1.113463E-12
9847.6  1.114942E-12
9850.5  1.114775E-12
9853.4  1.111244E-12
9856.3  1.108972E-12
9859.2  1.110035E-12
9862.1  1.110749E-12
9865.  1.109780E-12
9867.9  1.108896E-12
9870.8  1.107451E-12
9873.7  1.103086E-12
9876.6  1.100462E-12
9879.5  1.106110E-12
9882.4  1.113297E-12
9885.3  1.113208E-12
9888.2  1.106206E-12
9891.1  1.095510E-12
9894.  1.088059E-12
9896.9  1.087628E-12
9899.8  1.090098E-12
9902.7  1.092463E-12
9905.6  1.093672E-12
9908.5  1.094413E-12
9911.4  1.097100E-12
9914.3  1.100700E-12
9917.2  1.102570E-12
9920.1  1.103714E-12
9923.  1.105882E-12
9925.9  1.106824E-12
9928.8  1.105210E-12
9931.7  1.106396E-12
9934.6  1.112802E-12
9937.5  1.118600E-12
9940.4  1.120173E-12
9943.3  1.117633E-12
9946.2  1.113268E-12
9949.1  1.111544E-12
9952.  1.112308E-12
9954.9  1.112618E-12
9957.8  1.113234E-12
9960.7  1.115621E-12
9963.6  1.117660E-12
9966.5  1.116939E-12
9969.4  1.112195E-12
9972.3  1.104159E-12
9975.2  1.098173E-12
9978.1  1.096776E-12
9981.  1.097207E-12
9983.9  1.097597E-12
9986.8  1.096965E-12
9989.7  1.096356E-12
9992.6  1.098210E-12
9995.5  1.100348E-12
9998.4  1.099312E-12
10001.3  1.096897E-12
10004.2  1.095833E-12
10007.1  1.097609E-12
10010.  1.101768E-12
10012.9  1.102252E-12
10015.8  1.097061E-12
10018.7  1.092440E-12
10021.6  1.092505E-12
10024.5  1.098838E-12
10027.4  1.108043E-12
10030.3  1.113065E-12
10033.2  1.116184E-12
10036.1  1.123403E-12
10039.  1.135063E-12
10041.9  1.149106E-12
10044.8  1.159346E-12
10047.7  1.161082E-12
10050.6  1.157402E-12
10053.5  1.150970E-12
10056.4  1.141571E-12
10059.3  1.129069E-12
10062.2  1.113402E-12
10065.1  1.094855E-12
10068.  1.073991E-12
10070.9  1.056419E-12
10073.8  1.049323E-12
10076.7  1.052023E-12
10079.6  1.060411E-12
10082.5  1.067264E-12
10085.4  1.067369E-12
10088.3  1.065790E-12
10091.2  1.066870E-12
10094.1  1.069728E-12
10097.  1.073665E-12
10099.9  1.077995E-12
10102.8  1.083195E-12
10105.7  1.091290E-12
10108.6  1.097636E-12
10111.5  1.094620E-12
10114.4  1.087019E-12
10117.3  1.083354E-12
10120.2  1.084801E-12
10123.1  1.090445E-12
10126.  1.098370E-12
10128.9  1.106258E-12
10131.8  1.112785E-12
10134.7  1.115708E-12
10137.6  1.110870E-12
10140.5  1.099838E-12
10143.4  1.090166E-12
10146.3  1.083576E-12
10149.2  1.077809E-12
10152.1  1.074926E-12
10155.  1.077633E-12
10157.9  1.081015E-12
10160.8  1.079834E-12
10163.7  1.076415E-12
10166.6  1.073745E-12
10169.5  1.073743E-12
10172.4  1.075517E-12
10175.3  1.072145E-12
10178.2  1.064459E-12
10181.1  1.062867E-12
10184.  1.068028E-12
10186.9  1.073391E-12
10189.8  1.078910E-12
10192.7  1.086720E-12
10195.6  1.090971E-12
10198.5  1.085890E-12
10201.4  1.076004E-12
10204.3  1.067348E-12
10207.2  1.064301E-12
10210.1  1.068383E-12
10213.  1.075733E-12
10215.9  1.082130E-12
10218.8  1.083446E-12
10221.7  1.080712E-12
10224.6  1.079359E-12
10227.5  1.079622E-12
10230.4  1.079324E-12
10233.3  1.075793E-12
10236.2  1.067614E-12
10239.1  1.065696E-12
10242.  1.077493E-12
10244.9  1.089481E-12
10247.8  1.090191E-12
10250.7  1.076504E-12
10253.6  1.057174E-12
10256.5  1.059521E-12
10259.4  1.080390E-12
10262.3  1.087989E-12
10265.2  1.078760E-12
10268.1  1.065358E-12
10271.  1.054041E-12
10273.9  1.049062E-12
10276.8  1.053171E-12
10279.7  1.065980E-12
10282.6  1.078461E-12
10285.5  1.084443E-12
10288.4  1.089406E-12
10291.3  1.095320E-12
10294.2  1.098273E-12
10297.1  1.091426E-12
10300.  1.063840E-12
10302.9  1.030294E-12
10305.8  1.020786E-12
10308.7  1.028998E-12
10311.6  1.034970E-12
10314.5  1.037915E-12
10317.4  1.040880E-12
10320.3  1.045895E-12
10323.2  1.052473E-12
10326.1  1.049542E-12
10329.  1.035884E-12
10331.9  1.031528E-12
10334.8  1.037702E-12
10337.7  1.031469E-12
10340.6  1.018833E-12
10343.5  1.025716E-12
10346.4  1.043186E-12
10349.3  1.049023E-12
10352.2  1.046613E-12
10355.1  1.045711E-12
10358.  1.054336E-12
10360.9  1.074262E-12
10363.8  1.086067E-12
10366.7  1.078638E-12
10369.6  1.063541E-12
10372.5  1.047339E-12
10375.4  1.027235E-12
10378.3  1.013733E-12
10381.2  1.026741E-12
10384.1  1.053792E-12
10387.  1.067449E-12
10389.9  1.065567E-12
10392.8  1.054825E-12
10395.7  1.042939E-12
10398.6  1.035851E-12
10401.5  1.026274E-12
10404.4  1.012518E-12
10407.3  1.010801E-12
10410.2  1.024862E-12
10413.1  1.039372E-12
10416.  1.046726E-12
10418.9  1.045940E-12
10421.8  1.044621E-12
10424.7  1.055006E-12
10427.6  1.061086E-12
10430.5  1.041562E-12
10433.4  1.014482E-12
10436.3  1.001052E-12
10439.2  9.937576E-13
10442.1  9.887118E-13
10445.  1.003791E-12
10447.9  1.037155E-12
10450.8  1.052685E-12
10453.7  1.043244E-12
10456.6  1.033574E-12
10459.5  1.025328E-12
10462.4  1.006721E-12
10465.3  9.878880E-13
10468.2  9.849274E-13
10471.1  9.932018E-13
10474.  1.004464E-12
10476.9  1.026308E-12
10479.8  1.057877E-12
10482.7  1.064839E-12
10485.6  1.038887E-12
10488.5  1.026369E-12
10491.4  1.036997E-12
10494.3  1.033377E-12
10497.2  1.020493E-12
10500.1  1.032180E-12
10503.  1.050412E-12
10505.9  1.039024E-12
10508.8  1.011213E-12
10511.7  9.915059E-13
10514.6  9.863393E-13
10517.5  9.974416E-13
10520.4  1.023445E-12
10523.3  1.054158E-12
10526.2  1.062933E-12
10529.1  1.046456E-12
10532.  1.034997E-12
10534.9  1.031663E-12
10537.8  1.016423E-12
10540.7  1.004244E-12
10543.6  1.023140E-12
10546.5  1.053309E-12
10549.4  1.063747E-12
10552.3  1.048056E-12
10555.2  1.010977E-12
10558.1  9.748756E-13
10561.  9.614949E-13
10563.9  9.862435E-13
10566.8  1.039379E-12
10569.7  1.075645E-12
10572.6  1.077590E-12
10575.5  1.054987E-12
10578.4  1.026299E-12
10581.3  1.015241E-12
10584.2  1.007267E-12
10587.1  9.790309E-13
10590.  9.621089E-13
10592.9  9.857002E-13
10595.8  1.022611E-12
10598.7  1.044031E-12
10601.6  1.033998E-12
10604.5  9.981713E-13
10607.4  9.769752E-13
10610.3  9.886315E-13
10613.2  1.026407E-12
10616.1  1.069466E-12
10619.  1.087604E-12
10621.9  1.089248E-12
10624.8  1.096386E-12
10627.7  1.087332E-12
10630.6  1.040710E-12
10633.5  9.837694E-13
10636.4  9.429357E-13
10639.3  9.200291E-13
10642.2  9.131531E-13
10645.1  9.167673E-13
10648.  9.257260E-13
10650.9  9.363901E-13
10653.8  9.499448E-13
10656.7  9.715269E-13
10659.6  9.865774E-13
10662.5  9.748737E-13
10665.4  9.480200E-13
10668.3  9.247444E-13
10671.2  9.061857E-13
10674.1  8.922024E-13
10677.  8.857314E-13
10679.9  8.918833E-13
10682.8  9.212609E-13
10685.7  9.744161E-13
10688.6  1.040705E-12
10691.5  1.097443E-12
10694.4  1.112622E-12
10697.3  1.100665E-12
10700.2  1.098924E-12
10703.1  1.078395E-12
10706.  1.003384E-12
10708.9  9.379413E-13
10711.8  9.372502E-13
10714.7  9.498973E-13
10717.6  9.380993E-13
10720.5  9.263268E-13
10723.4  9.237383E-13
10726.3  9.129975E-13
10729.2  9.051588E-13
10732.1  9.329720E-13
10735.  9.984758E-13
10737.9  1.085109E-12
10740.8  1.126371E-12
10743.7  1.057091E-12
10746.6  9.437126E-13
10749.5  8.696691E-13
10752.4  8.449795E-13
10755.3  8.677478E-13
10758.2  9.394308E-13
10761.1  1.026197E-12
10764.  1.038386E-12
10766.9  9.783551E-13
10769.8  9.459468E-13
10772.7  9.614798E-13
10775.6  9.946445E-13
10778.5  1.001188E-12
10781.4  9.398060E-13
10784.3  8.546361E-13
10787.2  8.067261E-13
10790.1  8.146142E-13
10793.  8.851528E-13
10795.9  1.022531E-12
10798.8  1.193341E-12
10801.7  1.300250E-12
10804.6  1.317692E-12
10807.5  1.314457E-12
10810.4  1.285957E-12
10813.3  1.177063E-12
10816.2  1.061855E-12
10819.1  1.055115E-12
10822.  1.124000E-12
10824.9  1.194304E-12
10827.8  1.209467E-12
10830.7  1.144249E-12
10833.6  1.078709E-12
10836.5  1.053381E-12
10839.4  9.919212E-13
10842.3  8.855066E-13
10845.2  8.189561E-13
10848.1  8.091795E-13
10851.  8.177179E-13
10853.9  8.421347E-13
10856.8  8.936722E-13
10859.7  9.362878E-13
10862.6  9.313753E-13
10865.5  9.177341E-13
10868.4  9.319839E-13
10871.3  9.391781E-13
10874.2  9.159678E-13
10877.1  8.826110E-13
10880.  8.524277E-13
10882.9  8.265143E-13
10885.8  8.085271E-13
10888.7  8.017186E-13
10891.6  8.148135E-13
10894.5  8.580866E-13
10897.4  9.026675E-13
10900.3  9.128029E-13
10903.2  9.211601E-13
10906.1  9.591995E-13
10909.  9.730446E-13
10911.9  9.385975E-13
10914.8  9.540360E-13
10917.7  1.015403E-12
10920.6  9.387891E-13
10923.5  6.933128E-13
10926.4  3.890939E-13
10929.3  2.480525E-13
10932.2  5.460413E-13
10935.1  9.284545E-13
10938.  8.574852E-13
10940.9  5.923141E-13
10943.8  5.094702E-13
10946.7  5.110817E-13
10949.6  4.818160E-13
10952.5  4.291707E-13
10955.4  3.771312E-13
10958.3  3.868549E-13
10961.2  4.674319E-13
10964.1  5.632662E-13
10967.  6.306910E-13
10969.9  6.388658E-13
10972.8  5.920837E-13
10975.7  5.162170E-13
10978.6  4.742972E-13
10981.5  5.164658E-13
10984.4  5.701084E-13
10987.3  5.623224E-13
10990.2  4.880023E-13
10993.1  3.821177E-13
10996.  3.555635E-13
10998.9  4.246984E-13
