3050.  1.148714E-11
3052.9  1.185695E-11
3055.8  1.171775E-11
3058.7  1.168749E-11
3061.6  1.164976E-11
3064.5  1.161348E-11
3067.4  1.143516E-11
3070.3  1.130058E-11
3073.2  1.141951E-11
3076.1  1.151834E-11
3079.  1.154969E-11
3081.9  1.150197E-11
3084.8  1.140597E-11
3087.7  1.120887E-11
3090.6  1.129831E-11
3093.5  1.133470E-11
3096.4  1.121552E-11
3099.3  1.132064E-11
3102.2  1.152914E-11
3105.1  1.161859E-11
3108.  1.147817E-11
3110.9  1.131619E-11
3113.8  1.128444E-11
3116.7  1.133256E-11
3119.6  1.126453E-11
3122.5  1.107455E-11
3125.4  1.116336E-11
3128.3  1.120305E-11
3131.2  1.112868E-11
3134.1  1.108166E-11
3137.  1.101894E-11
3139.9  1.100321E-11
3142.8  1.103377E-11
3145.7  1.103139E-11
3148.6  1.098685E-11
3151.5  1.096989E-11
3154.4  1.091911E-11
3157.3  1.083421E-11
3160.2  1.079084E-11
3163.1  1.069673E-11
3166.  1.066188E-11
3168.9  1.065640E-11
3171.8  1.067238E-11
3174.7  1.058917E-11
3177.6  1.044938E-11
3180.5  1.051766E-11
3183.4  1.060168E-11
3186.3  1.055002E-11
3189.2  1.052444E-11
3192.1  1.051496E-11
3195.  1.052120E-11
3197.9  1.040132E-11
3200.8  1.028605E-11
3203.7  1.039190E-11
3206.6  1.042893E-11
3209.5  1.041811E-11
3212.4  1.039163E-11
3215.3  1.024513E-11
3218.2  1.021645E-11
3221.1  1.018828E-11
3224.  1.021136E-11
3226.9  1.021592E-11
3229.8  1.023041E-11
3232.7  1.015542E-11
3235.6  1.011671E-11
3238.5  1.007400E-11
3241.4  1.002423E-11
3244.3  1.002663E-11
3247.2  1.003691E-11
3250.1  9.950795E-12
3253.  9.857416E-12
3255.9  9.813322E-12
3258.8  9.820662E-12
3261.7  9.813688E-12
3264.6  9.693044E-12
3267.5  9.696533E-12
3270.4  9.760651E-12
3273.3  9.773877E-12
3276.2  9.723531E-12
3279.1  9.680025E-12
3282.  9.643944E-12
3284.9  9.599958E-12
3287.8  9.607941E-12
3290.7  9.581181E-12
3293.6  9.537825E-12
3296.5  9.552322E-12
3299.4  9.575079E-12
3302.3  9.546691E-12
3305.2  9.546435E-12
3308.1  9.526788E-12
3311.  9.420451E-12
3313.9  9.407932E-12
3316.8  9.361381E-12
3319.7  9.360829E-12
3322.6  9.386187E-12
3325.5  9.377210E-12
3328.4  9.286388E-12
3331.3  9.224673E-12
3334.2  9.236190E-12
3337.1  9.269254E-12
3340.  9.277097E-12
3342.9  9.271034E-12
3345.8  9.180268E-12
3348.7  9.134289E-12
3351.6  9.157994E-12
3354.5  9.226657E-12
3357.4  9.245410E-12
3360.3  9.224078E-12
3363.2  9.145519E-12
3366.1  9.117106E-12
3369.  9.104649E-12
3371.9  9.033578E-12
3374.8  8.976191E-12
3377.7  8.976772E-12
3380.6  9.025409E-12
3383.5  9.028696E-12
3386.4  8.973608E-12
3389.3  8.978347E-12
3392.2  9.013503E-12
3395.1  9.006747E-12
3398.  8.940427E-12
3400.9  8.891381E-12
3403.8  8.885394E-12
3406.7  8.915828E-12
3409.6  8.872994E-12
3412.5  8.797458E-12
3415.4  8.797536E-12
3418.3  8.827981E-12
3421.2  8.818181E-12
3424.1  8.790398E-12
3427.  8.777061E-12
3429.9  8.674955E-12
3432.8  8.664611E-12
3435.7  8.689872E-12
3438.6  8.683975E-12
3441.5  8.681323E-12
3444.4  8.632570E-12
3447.3  8.655635E-12
3450.2  8.645451E-12
3453.1  8.617746E-12
3456.  8.637769E-12
3458.9  8.613376E-12
3461.8  8.579065E-12
3464.7  8.612524E-12
3467.6  8.599995E-12
3470.5  8.536566E-12
3473.4  8.531904E-12
3476.3  8.576459E-12
3479.2  8.507414E-12
3482.1  8.439400E-12
3485.  8.505694E-12
3487.9  8.578974E-12
3490.8  8.541614E-12
3493.7  8.474213E-12
3496.6  8.470009E-12
3499.5  8.456756E-12
3502.4  8.455851E-12
3505.3  8.474471E-12
3508.2  8.504005E-12
3511.1  8.459893E-12
3514.  8.439236E-12
3516.9  8.403705E-12
3519.8  8.426664E-12
3522.7  8.455979E-12
3525.6  8.404587E-12
3528.5  8.347279E-12
3531.4  8.325456E-12
3534.3  8.357771E-12
3537.2  8.375245E-12
3540.1  8.376402E-12
3543.  8.333143E-12
3545.9  8.288299E-12
3548.8  8.323161E-12
3551.7  8.306951E-12
3554.6  8.291477E-12
3557.5  8.318319E-12
3560.4  8.317083E-12
3563.3  8.307551E-12
3566.2  8.318196E-12
3569.1  8.323452E-12
3572.  8.315829E-12
3574.9  8.337588E-12
3577.8  8.303505E-12
3580.7  8.255429E-12
3583.6  8.185098E-12
3586.5  8.084789E-12
3589.4  8.099977E-12
3592.3  8.155147E-12
3595.2  8.196363E-12
3598.1  8.176969E-12
3601.  8.123774E-12
3603.9  8.099044E-12
3606.8  8.099091E-12
3609.7  8.096199E-12
3612.6  8.091843E-12
3615.5  8.111622E-12
3618.4  8.116121E-12
3621.3  8.085413E-12
3624.2  8.098872E-12
3627.1  8.084741E-12
3630.  8.006712E-12
3632.9  7.929348E-12
3635.8  7.934434E-12
3638.7  8.002033E-12
3641.6  8.022593E-12
3644.5  8.055950E-12
3647.4  8.038254E-12
3650.3  8.031849E-12
3653.2  8.080127E-12
3656.1  8.090636E-12
3659.  8.062048E-12
3661.9  7.957239E-12
3664.8  7.881310E-12
3667.7  7.882470E-12
3670.6  7.826517E-12
3673.5  7.690564E-12
3676.4  7.588910E-12
3679.3  7.519560E-12
3682.2  7.454939E-12
3685.1  7.373138E-12
3688.  7.193400E-12
3690.9  7.013662E-12
3693.8  7.095003E-12
3696.7  7.062688E-12
3699.6  7.048526E-12
3702.5  7.027857E-12
3705.4  7.009582E-12
3708.3  7.036280E-12
3711.2  7.035094E-12
3714.1  6.995890E-12
3717.  6.973682E-12
3719.9  6.949248E-12
3722.8  6.966248E-12
3725.7  7.030604E-12
3728.6  6.996622E-12
3731.5  6.906116E-12
3734.4  6.917596E-12
3737.3  7.069314E-12
3740.2  7.168922E-12
3743.1  7.059818E-12
3746.  6.818855E-12
3748.9  6.680677E-12
3751.8  6.876630E-12
3754.7  7.292568E-12
3757.6  7.551224E-12
3760.5  7.451300E-12
3763.4  7.112545E-12
3766.3  6.681244E-12
3769.2  6.471494E-12
3772.1  6.661571E-12
3775.  7.123118E-12
3777.9  7.615960E-12
3780.8  7.898298E-12
3783.7  7.891308E-12
3786.6  7.624828E-12
3789.5  7.173825E-12
3792.4  6.610287E-12
3795.3  6.207496E-12
3798.2  6.205430E-12
3801.1  6.613783E-12
3804.  7.127812E-12
3806.9  7.493979E-12
3809.8  7.667681E-12
3812.7  7.623228E-12
3815.6  7.383549E-12
3818.5  7.155364E-12
3821.4  7.146752E-12
3824.3  7.127264E-12
3827.2  6.860712E-12
3830.1  6.427772E-12
3833.  6.076667E-12
3835.9  6.071271E-12
3838.8  6.515728E-12
3841.7  7.155269E-12
3844.6  7.640347E-12
3847.5  7.969488E-12
3850.4  8.168730E-12
3853.3  8.266936E-12
3856.2  8.285361E-12
3859.1  8.152314E-12
3862.  8.045455E-12
3864.9  7.959233E-12
3867.8  7.835247E-12
3870.7  7.742014E-12
3873.6  7.705559E-12
3876.5  7.541979E-12
3879.4  7.205556E-12
3882.3  6.702385E-12
3885.2  6.219814E-12
3888.1  6.063636E-12
3891.  6.333749E-12
3893.9  6.924670E-12
3896.8  7.524604E-12
3899.7  7.910709E-12
3902.6  8.139378E-12
3905.5  8.296456E-12
3908.4  8.383749E-12
3911.3  8.403669E-12
3914.2  8.354468E-12
3917.1  8.258038E-12
3920.  8.191620E-12
3922.9  8.140223E-12
3925.8  8.130708E-12
3928.7  8.226656E-12
3931.6  8.355638E-12
3934.5  8.456646E-12
3937.4  8.503529E-12
3940.3  8.508544E-12
3943.2  8.473935E-12
3946.1  8.434194E-12
3949.  8.397758E-12
3951.9  8.306576E-12
3954.8  8.114831E-12
3957.7  7.817877E-12
3960.6  7.379130E-12
3963.5  6.822569E-12
3966.4  6.320352E-12
3969.3  6.133800E-12
3972.2  6.413326E-12
3975.1  6.950622E-12
3978.  7.420776E-12
3980.9  7.728434E-12
3983.8  7.956502E-12
3986.7  8.079410E-12
3989.6  8.118633E-12
3992.5  8.166507E-12
3995.4  8.142553E-12
3998.3  8.051851E-12
4001.2  7.972401E-12
4004.1  7.858930E-12
4007.  7.627975E-12
4009.9  7.482022E-12
4012.8  7.544299E-12
4015.7  7.587610E-12
4018.6  7.418465E-12
4021.5  7.127429E-12
4024.4  6.917557E-12
4027.3  7.014945E-12
4030.2  7.297494E-12
4033.1  7.496497E-12
4036.  7.548326E-12
4038.9  7.574394E-12
4041.8  7.601341E-12
4044.7  7.596189E-12
4047.6  7.496790E-12
4050.5  7.395418E-12
4053.4  7.364491E-12
4056.3  7.382376E-12
4059.2  7.379111E-12
4062.1  7.327659E-12
4065.  7.288599E-12
4067.9  7.212405E-12
4070.8  7.138770E-12
4073.7  7.073954E-12
4076.6  7.055495E-12
4079.5  7.004346E-12
4082.4  6.876558E-12
4085.3  6.695567E-12
4088.2  6.493184E-12
4091.1  6.309659E-12
4094.  5.945518E-12
4096.9  5.510322E-12
4099.8  5.231161E-12
4102.7  5.308623E-12
4105.6  5.652829E-12
4108.5  6.035380E-12
4111.4  6.343804E-12
4114.3  6.520701E-12
4117.2  6.586085E-12
4120.1  6.600226E-12
4123.  6.645431E-12
4125.9  6.717490E-12
4128.8  6.760770E-12
4131.7  6.770594E-12
4134.6  6.732602E-12
4137.5  6.610767E-12
4140.4  6.414425E-12
4143.3  6.315969E-12
4146.2  6.458652E-12
4149.1  6.660390E-12
4152.  6.749027E-12
4154.9  6.782939E-12
4157.8  6.832134E-12
4160.7  6.848156E-12
4163.6  6.817063E-12
4166.5  6.767926E-12
4169.4  6.767044E-12
4172.3  6.823291E-12
4175.2  6.872836E-12
4178.1  6.880754E-12
4181.  6.933598E-12
4183.9  6.925600E-12
4186.8  6.836968E-12
4189.7  6.792846E-12
4192.6  6.740440E-12
4195.5  6.786518E-12
4198.4  6.838367E-12
4201.3  6.851084E-12
4204.2  6.858228E-12
4207.1  6.845955E-12
4210.  6.796159E-12
4212.9  6.784871E-12
4215.8  6.779911E-12
4218.7  6.748577E-12
4221.6  6.718225E-12
4224.5  6.702521E-12
4227.4  6.709292E-12
4230.3  6.730607E-12
4233.2  6.714259E-12
4236.1  6.629590E-12
4239.  6.522659E-12
4241.9  6.483826E-12
4244.8  6.486388E-12
4247.7  6.531036E-12
4250.6  6.538194E-12
4253.5  6.528500E-12
4256.4  6.488575E-12
4259.3  6.447687E-12
4262.2  6.397607E-12
4265.1  6.320785E-12
4268.  6.294028E-12
4270.9  6.216853E-12
4273.8  6.212150E-12
4276.7  6.252557E-12
4279.6  6.230036E-12
4282.5  6.238668E-12
4285.4  6.258613E-12
4288.3  6.246817E-12
4291.2  6.180887E-12
4294.1  6.205324E-12
4297.  6.248137E-12
4299.9  6.272627E-12
4302.8  6.243162E-12
4305.7  6.220065E-12
4308.6  6.183957E-12
4311.5  6.138775E-12
4314.4  6.066442E-12
4317.3  6.031058E-12
4320.2  5.990547E-12
4323.1  5.889306E-12
4326.  5.777833E-12
4328.9  5.641373E-12
4331.8  5.410876E-12
4334.7  5.130595E-12
4337.6  4.895836E-12
4340.5  4.806402E-12
4343.4  4.909451E-12
4346.3  5.150623E-12
4349.2  5.425452E-12
4352.1  5.666914E-12
4355.  5.852646E-12
4357.9  5.946257E-12
4360.8  5.958072E-12
4363.7  5.920184E-12
4366.6  5.898138E-12
4369.5  5.874201E-12
4372.4  5.842277E-12
4375.3  5.770587E-12
4378.2  5.711753E-12
4381.1  5.587347E-12
4384.  5.448148E-12
4386.9  5.374375E-12
4389.8  5.435063E-12
4392.7  5.583666E-12
4395.6  5.677323E-12
4398.5  5.730441E-12
4401.4  5.759859E-12
4404.3  5.760989E-12
4407.2  5.719457E-12
4410.1  5.710632E-12
4413.  5.688899E-12
4415.9  5.648904E-12
4418.8  5.617904E-12
4421.7  5.614321E-12
4424.6  5.611545E-12
4427.5  5.576238E-12
4430.4  5.543717E-12
4433.3  5.536078E-12
4436.2  5.543390E-12
4439.1  5.551476E-12
4442.  5.557043E-12
4444.9  5.561889E-12
4447.8  5.548438E-12
4450.7  5.502047E-12
4453.6  5.476874E-12
4456.5  5.456539E-12
4459.4  5.422813E-12
4462.3  5.376550E-12
4465.2  5.326709E-12
4468.1  5.268069E-12
4471.  5.162968E-12
4473.9  5.133288E-12
4476.8  5.193106E-12
4479.7  5.303488E-12
4482.6  5.331673E-12
4485.5  5.338310E-12
4488.4  5.333580E-12
4491.3  5.318064E-12
4494.2  5.316368E-12
4497.1  5.324817E-12
4500.  5.323053E-12
4502.9  5.309614E-12
4505.8  5.344344E-12
4508.7  5.395387E-12
4511.6  5.409170E-12
4514.5  5.394031E-12
4517.4  5.362897E-12
4520.3  5.319862E-12
4523.2  5.252159E-12
4526.1  5.224473E-12
4529.  5.225919E-12
4531.9  5.215195E-12
4534.8  5.211098E-12
4537.7  5.183865E-12
4540.6  5.184088E-12
4543.5  5.172071E-12
4546.4  5.189672E-12
4549.3  5.216405E-12
4552.2  5.205415E-12
4555.1  5.199972E-12
4558.  5.176204E-12
4560.9  5.127391E-12
4563.8  5.099802E-12
4566.7  5.069414E-12
4569.6  5.080725E-12
4572.5  5.029213E-12
4575.4  5.033337E-12
4578.3  5.068454E-12
4581.2  5.091782E-12
4584.1  5.131264E-12
4587.  5.125204E-12
4589.9  5.055213E-12
4592.8  4.992685E-12
4595.7  4.994273E-12
4598.6  4.950335E-12
4601.5  4.902840E-12
4604.4  4.864845E-12
4607.3  4.888916E-12
4610.2  4.911013E-12
4613.1  4.880285E-12
4616.  4.841804E-12
4618.9  4.863894E-12
4621.8  4.908056E-12
4624.7  4.906900E-12
4627.6  4.878364E-12
4630.5  4.876192E-12
4633.4  4.865733E-12
4636.3  4.832447E-12
4639.2  4.810276E-12
4642.1  4.809883E-12
4645.  4.808468E-12
4647.9  4.788000E-12
4650.8  4.772828E-12
4653.7  4.770390E-12
4656.6  4.771715E-12
4659.5  4.782446E-12
4662.4  4.735864E-12
4665.3  4.736532E-12
4668.2  4.731777E-12
4671.1  4.666754E-12
4674.  4.662355E-12
4676.9  4.725219E-12
4679.8  4.740907E-12
4682.7  4.704947E-12
4685.6  4.729325E-12
4688.5  4.744983E-12
4691.4  4.746459E-12
4694.3  4.694401E-12
4697.2  4.615556E-12
4700.1  4.573884E-12
4703.  4.564598E-12
4705.9  4.526387E-12
4708.8  4.463614E-12
4711.7  4.457176E-12
4714.6  4.486114E-12
4717.5  4.492981E-12
4720.4  4.478772E-12
4723.3  4.511610E-12
4726.2  4.550338E-12
4729.1  4.509500E-12
4732.  4.471398E-12
4734.9  4.492602E-12
4737.8  4.545058E-12
4740.7  4.544584E-12
4743.6  4.494525E-12
4746.5  4.472633E-12
4749.4  4.449402E-12
4752.3  4.435097E-12
4755.2  4.417713E-12
4758.1  4.425522E-12
4761.  4.448734E-12
4763.9  4.437123E-12
4766.8  4.408036E-12
4769.7  4.421880E-12
4772.6  4.434599E-12
4775.5  4.468543E-12
4778.4  4.453243E-12
4781.3  4.415982E-12
4784.2  4.388820E-12
4787.1  4.364265E-12
4790.  4.344797E-12
4792.9  4.348855E-12
4795.8  4.337058E-12
4798.7  4.347821E-12
4801.6  4.331971E-12
4804.5  4.297136E-12
4807.4  4.273464E-12
4810.3  4.274258E-12
4813.2  4.262070E-12
4816.1  4.246582E-12
4819.  4.240784E-12
4821.9  4.234216E-12
4824.8  4.225387E-12
4827.7  4.216079E-12
4830.6  4.215889E-12
4833.5  4.180698E-12
4836.4  4.150758E-12
4839.3  4.123306E-12
4842.2  4.098364E-12
4845.1  4.101988E-12
4848.  4.031203E-12
4850.9  3.889133E-12
4853.8  3.800451E-12
4856.7  3.796019E-12
4859.6  3.834589E-12
4862.5  3.835676E-12
4865.4  3.792082E-12
4868.3  3.767317E-12
4871.2  3.813234E-12
4874.1  3.890009E-12
4877.  3.950219E-12
4879.9  3.980768E-12
4882.8  4.004068E-12
4885.7  4.022460E-12
4888.6  4.016710E-12
4891.5  4.003436E-12
4894.4  4.013888E-12
4897.3  4.014092E-12
4900.2  4.020962E-12
4903.1  4.006431E-12
4906.  3.984217E-12
4908.9  3.979319E-12
4911.8  3.951420E-12
4914.7  3.865785E-12
4917.6  3.791942E-12
4920.5  3.722750E-12
4923.4  3.730075E-12
4926.3  3.820865E-12
4929.2  3.882787E-12
4932.1  3.900712E-12
4935.  3.938791E-12
4937.9  3.946078E-12
4940.8  3.923125E-12
4943.7  3.892074E-12
4946.6  3.904123E-12
4949.5  3.916393E-12
4952.4  3.918025E-12
4955.3  3.908477E-12
4958.2  3.890045E-12
4961.1  3.897272E-12
4964.  3.894924E-12
4966.9  3.892849E-12
4969.8  3.876149E-12
4972.7  3.854109E-12
4975.6  3.857875E-12
4978.5  3.848174E-12
4981.4  3.836370E-12
4984.3  3.824088E-12
4987.2  3.807300E-12
4990.1  3.770344E-12
4993.  3.752995E-12
4995.9  3.754718E-12
4998.8  3.742824E-12
5001.7  3.719904E-12
5004.6  3.675386E-12
5007.5  3.649833E-12
5010.4  3.675759E-12
5013.3  3.716009E-12
5016.2  3.762698E-12
5019.1  3.766689E-12
5022.  3.738436E-12
5024.9  3.710927E-12
5027.8  3.678044E-12
5030.7  3.677087E-12
5033.6  3.704418E-12
5036.5  3.704317E-12
5039.4  3.694565E-12
5042.3  3.671861E-12
5045.2  3.648815E-12
5048.1  3.648369E-12
5051.  3.633335E-12
5053.9  3.618469E-12
5056.8  3.636246E-12
5059.7  3.659168E-12
5062.6  3.671085E-12
5065.5  3.657974E-12
5068.4  3.646789E-12
5071.3  3.659205E-12
5074.2  3.666536E-12
5077.1  3.635211E-12
5080.  3.602330E-12
5082.9  3.600527E-12
5085.8  3.617916E-12
5088.7  3.634448E-12
5091.6  3.630327E-12
5094.5  3.634962E-12
5097.4  3.645674E-12
5100.3  3.603023E-12
5103.2  3.590383E-12
5106.1  3.572674E-12
5109.  3.551256E-12
5111.9  3.532840E-12
5114.8  3.515712E-12
5117.7  3.512024E-12
5120.6  3.509038E-12
5123.5  3.495723E-12
5126.4  3.467768E-12
5129.3  3.464729E-12
5132.2  3.475660E-12
5135.1  3.485377E-12
5138.  3.498776E-12
5140.9  3.492975E-12
5143.8  3.467947E-12
5146.7  3.430493E-12
5149.6  3.390571E-12
5152.5  3.376987E-12
5155.4  3.408762E-12
5158.3  3.405112E-12
5161.2  3.415620E-12
5164.1  3.468673E-12
5167.  3.498384E-12
5169.9  3.494662E-12
5172.8  3.490376E-12
5175.7  3.476847E-12
5178.6  3.451572E-12
5181.5  3.435164E-12
5184.4  3.412449E-12
5187.3  3.409884E-12
5190.2  3.399872E-12
5193.1  3.404547E-12
5196.  3.402611E-12
5198.9  3.380193E-12
5201.8  3.357559E-12
5204.7  3.317116E-12
5207.6  3.294207E-12
5210.5  3.319041E-12
5213.4  3.303898E-12
5216.3  3.294278E-12
5219.2  3.289280E-12
5222.1  3.283277E-12
5225.  3.290413E-12
5227.9  3.320678E-12
5230.8  3.318466E-12
5233.7  3.307766E-12
5236.6  3.304947E-12
5239.5  3.313958E-12
5242.4  3.309263E-12
5245.3  3.277883E-12
5248.2  3.258477E-12
5251.1  3.246952E-12
5254.  3.259777E-12
5256.9  3.293444E-12
5259.8  3.300180E-12
5262.7  3.291324E-12
5265.6  3.264432E-12
5268.5  3.250455E-12
5271.4  3.237718E-12
5274.3  3.232325E-12
5277.2  3.229699E-12
5280.1  3.246917E-12
5283.  3.234097E-12
5285.9  3.206149E-12
5288.8  3.187259E-12
5291.7  3.172200E-12
5294.6  3.174111E-12
5297.5  3.166075E-12
5300.4  3.176601E-12
5303.3  3.168961E-12
5306.2  3.175107E-12
5309.1  3.181227E-12
5312.  3.190675E-12
5314.9  3.210925E-12
5317.8  3.200431E-12
5320.7  3.182926E-12
5323.6  3.151375E-12
5326.5  3.134334E-12
5329.4  3.148136E-12
5332.3  3.140396E-12
5335.2  3.107803E-12
5338.1  3.094769E-12
5341.  3.075138E-12
5343.9  3.076076E-12
5346.8  3.081546E-12
5349.7  3.072608E-12
5352.6  3.061473E-12
5355.5  3.067828E-12
5358.4  3.089949E-12
5361.3  3.080698E-12
5364.2  3.048257E-12
5367.1  3.030728E-12
5370.  3.016082E-12
5372.9  3.003992E-12
5375.8  3.023221E-12
5378.7  3.030973E-12
5381.6  3.015417E-12
5384.5  3.011905E-12
5387.4  2.973380E-12
5390.3  2.959041E-12
5393.2  2.977487E-12
5396.1  3.022922E-12
5399.  3.023432E-12
5401.9  2.977800E-12
5404.8  2.936554E-12
5407.7  2.936699E-12
5410.6  2.945011E-12
5413.5  2.955457E-12
5416.4  2.939501E-12
5419.3  2.919418E-12
5422.2  2.935096E-12
5425.1  2.940299E-12
5428.  2.922698E-12
5430.9  2.922317E-12
5433.8  2.921233E-12
5436.7  2.936571E-12
5439.6  2.965038E-12
5442.5  2.969919E-12
5445.4  2.941020E-12
5448.3  2.920387E-12
5451.2  2.916812E-12
5454.1  2.898363E-12
5457.  2.889112E-12
5459.9  2.895343E-12
5462.8  2.902197E-12
5465.7  2.894926E-12
5468.6  2.884996E-12
5471.5  2.888482E-12
5474.4  2.874089E-12
5477.3  2.846082E-12
5480.2  2.834265E-12
5483.1  2.838392E-12
5486.  2.838903E-12
5488.9  2.843911E-12
5491.8  2.849741E-12
5494.7  2.868833E-12
5497.6  2.881699E-12
5500.5  2.876383E-12
5503.4  2.856780E-12
5506.3  2.834168E-12
5509.2  2.805856E-12
5512.1  2.775690E-12
5515.  2.769635E-12
5517.9  2.782122E-12
5520.8  2.808059E-12
5523.7  2.821089E-12
5526.6  2.805644E-12
5529.5  2.785162E-12
5532.4  2.770461E-12
5535.3  2.774821E-12
5538.2  2.764870E-12
5541.1  2.759191E-12
5544.  2.768344E-12
5546.9  2.778972E-12
5549.8  2.793290E-12
5552.7  2.799800E-12
5555.6  2.785980E-12
5558.5  2.767127E-12
5561.4  2.719364E-12
5564.3  2.706332E-12
5567.2  2.684948E-12
5570.1  2.701444E-12
5573.  2.701477E-12
5575.9  2.689092E-12
5578.8  2.678842E-12
5581.7  2.681533E-12
5584.6  2.704414E-12
5587.5  2.695048E-12
5590.4  2.696830E-12
5593.3  2.720594E-12
5596.2  2.708602E-12
5599.1  2.681397E-12
5602.  2.654774E-12
5604.9  2.654188E-12
5607.8  2.658965E-12
5610.7  2.665282E-12
5613.6  2.656572E-12
5616.5  2.630571E-12
5619.4  2.620677E-12
5622.3  2.622004E-12
5625.2  2.636994E-12
5628.1  2.641538E-12
5631.  2.622027E-12
5633.9  2.609781E-12
5636.8  2.588848E-12
5639.7  2.572100E-12
5642.6  2.572444E-12
5645.5  2.582437E-12
5648.4  2.587398E-12
5651.3  2.589596E-12
5654.2  2.602943E-12
5657.1  2.613270E-12
5660.  2.595734E-12
5662.9  2.568984E-12
5665.8  2.551690E-12
5668.7  2.555104E-12
5671.6  2.552407E-12
5674.5  2.548903E-12
5677.4  2.558012E-12
5680.3  2.557340E-12
5683.2  2.549604E-12
5686.1  2.547728E-12
5689.  2.548487E-12
5691.9  2.541763E-12
5694.8  2.524005E-12
5697.7  2.507504E-12
5700.6  2.504103E-12
5703.5  2.509812E-12
5706.4  2.511933E-12
5709.3  2.503783E-12
5712.2  2.495942E-12
5715.1  2.482398E-12
5718.  2.477390E-12
5720.9  2.475860E-12
5723.8  2.475519E-12
5726.7  2.477523E-12
5729.6  2.478557E-12
5732.5  2.477251E-12
5735.4  2.470441E-12
5738.3  2.438942E-12
5741.2  2.438526E-12
5744.1  2.438159E-12
5747.  2.424244E-12
5749.9  2.433538E-12
5752.8  2.438514E-12
5755.7  2.428875E-12
5758.6  2.420100E-12
5761.5  2.425559E-12
5764.4  2.435027E-12
5767.3  2.437997E-12
5770.2  2.430767E-12
5773.1  2.405295E-12
5776.  2.396945E-12
5778.9  2.379568E-12
5781.8  2.367005E-12
5784.7  2.385034E-12
5787.6  2.400530E-12
5790.5  2.404880E-12
5793.4  2.403413E-12
5796.3  2.431416E-12
5799.2  2.425783E-12
5802.1  2.422534E-12
5805.  2.417995E-12
5807.9  2.411261E-12
5810.8  2.396200E-12
5813.7  2.377162E-12
5816.6  2.371007E-12
5819.5  2.368233E-12
5822.4  2.365439E-12
5825.3  2.355449E-12
5828.2  2.346181E-12
5831.1  2.354397E-12
5834.  2.357911E-12
5836.9  2.350873E-12
5839.8  2.348977E-12
5842.7  2.348726E-12
5845.6  2.345026E-12
5848.5  2.344103E-12
5851.4  2.342749E-12
5854.3  2.336875E-12
5857.2  2.325573E-12
5860.1  2.305707E-12
5863.  2.285018E-12
5865.9  2.267057E-12
5868.8  2.260413E-12
5871.7  2.266925E-12
5874.6  2.280848E-12
5877.5  2.280529E-12
5880.4  2.271065E-12
5883.3  2.276890E-12
5886.2  2.276597E-12
5889.1  2.273272E-12
5892.  2.270627E-12
5894.9  2.271718E-12
5897.8  2.279956E-12
5900.7  2.288700E-12
5903.6  2.270760E-12
5906.5  2.231496E-12
5909.4  2.217205E-12
5912.3  2.231176E-12
5915.2  2.240120E-12
5918.1  2.243448E-12
5921.  2.251557E-12
5923.9  2.251334E-12
5926.8  2.248743E-12
5929.7  2.249304E-12
5932.6  2.249816E-12
5935.5  2.242320E-12
5938.4  2.235303E-12
5941.3  2.233393E-12
5944.2  2.233567E-12
5947.1  2.234566E-12
5950.  2.230432E-12
5952.9  2.224703E-12
5955.8  2.226731E-12
5958.7  2.232107E-12
5961.6  2.227124E-12
5964.5  2.212617E-12
5967.4  2.204527E-12
5970.3  2.199549E-12
5973.2  2.197680E-12
5976.1  2.197842E-12
5979.  2.190384E-12
5981.9  2.179563E-12
5984.8  2.178660E-12
5987.7  2.183315E-12
5990.6  2.184566E-12
5993.5  2.179233E-12
5996.4  2.169506E-12
5999.3  2.164722E-12
6002.2  2.165901E-12
6005.1  2.165240E-12
6008.  2.164347E-12
6010.9  2.164761E-12
6013.8  2.163478E-12
6016.7  2.154644E-12
6019.6  2.145034E-12
6022.5  2.141114E-12
6025.4  2.142790E-12
6028.3  2.154935E-12
6031.2  2.155285E-12
6034.1  2.142974E-12
6037.  2.141187E-12
6039.9  2.142350E-12
6042.8  2.132508E-12
6045.7  2.118760E-12
6048.6  2.108410E-12
6051.5  2.104664E-12
6054.4  2.111898E-12
6057.3  2.107635E-12
6060.2  2.093525E-12
6063.1  2.089300E-12
6066.  2.088330E-12
6068.9  2.082452E-12
6071.8  2.082799E-12
6074.7  2.083754E-12
6077.6  2.088852E-12
6080.5  2.088599E-12
6083.4  2.088155E-12
6086.3  2.084801E-12
6089.2  2.078700E-12
6092.1  2.073342E-12
6095.  2.069744E-12
6097.9  2.063242E-12
6100.8  2.057487E-12
6103.7  2.053169E-12
6106.6  2.048890E-12
6109.5  2.045068E-12
6112.4  2.038913E-12
6115.3  2.042317E-12
6118.2  2.049772E-12
6121.1  2.054554E-12
6124.  2.043938E-12
6126.9  2.027734E-12
6129.8  2.025617E-12
6132.7  2.026844E-12
6135.6  2.023872E-12
6138.5  2.023925E-12
6141.4  2.020940E-12
6144.3  2.006337E-12
6147.2  1.999823E-12
6150.1  2.009610E-12
6153.  2.004853E-12
6155.9  2.000698E-12
6158.8  2.003837E-12
6161.7  1.996468E-12
6164.6  1.991223E-12
6167.5  1.989290E-12
6170.4  1.981294E-12
6173.3  1.980111E-12
6176.2  1.982994E-12
6179.1  1.977542E-12
6182.  1.967463E-12
6184.9  1.956010E-12
6187.8  1.960815E-12
6190.7  1.963721E-12
6193.6  1.955472E-12
6196.5  1.954176E-12
6199.4  1.949603E-12
6202.3  1.946663E-12
6205.2  1.946398E-12
6208.1  1.943257E-12
6211.  1.944087E-12
6213.9  1.943435E-12
6216.8  1.941573E-12
6219.7  1.944285E-12
6222.6  1.945008E-12
6225.5  1.949667E-12
6228.4  1.964285E-12
6231.3  1.978266E-12
6234.2  1.966614E-12
6237.1  1.950755E-12
6240.  1.947460E-12
6242.9  1.951247E-12
6245.8  1.941900E-12
6248.7  1.928790E-12
6251.6  1.915685E-12
6254.5  1.905143E-12
6257.4  1.904442E-12
6260.3  1.913610E-12
6263.2  1.913352E-12
6266.1  1.905759E-12
6269.  1.898349E-12
6271.9  1.892334E-12
6274.8  1.886230E-12
6277.7  1.875255E-12
6280.6  1.872090E-12
6283.5  1.877565E-12
6286.4  1.879961E-12
6289.3  1.878775E-12
6292.2  1.876992E-12
6295.1  1.869359E-12
6298.  1.861012E-12
6300.9  1.866038E-12
6303.8  1.864238E-12
6306.7  1.858088E-12
6309.6  1.864777E-12
6312.5  1.869369E-12
6315.4  1.865312E-12
6318.3  1.862558E-12
6321.2  1.860700E-12
6324.1  1.852751E-12
6327.  1.845403E-12
6329.9  1.841443E-12
6332.8  1.837492E-12
6335.7  1.840536E-12
6338.6  1.844779E-12
6341.5  1.843515E-12
6344.4  1.845610E-12
6347.3  1.848381E-12
6350.2  1.843284E-12
6353.1  1.831181E-12
6356.  1.821518E-12
6358.9  1.818158E-12
6361.8  1.826340E-12
6364.7  1.838481E-12
6367.6  1.849763E-12
6370.5  1.847482E-12
6373.4  1.842319E-12
6376.3  1.835803E-12
6379.2  1.830776E-12
6382.1  1.827062E-12
6385.  1.819669E-12
6387.9  1.809897E-12
6390.8  1.805206E-12
6393.7  1.799666E-12
6396.6  1.789595E-12
6399.5  1.785954E-12
6402.4  1.785102E-12
6405.3  1.776866E-12
6408.2  1.774747E-12
6411.1  1.779860E-12
6414.  1.782323E-12
6416.9  1.773191E-12
6419.8  1.769378E-12
6422.7  1.763100E-12
6425.6  1.755495E-12
6428.5  1.749969E-12
6431.4  1.753249E-12
6434.3  1.752717E-12
6437.2  1.746027E-12
6440.1  1.748664E-12
6443.  1.750789E-12
6445.9  1.748335E-12
6448.8  1.749686E-12
6451.7  1.755966E-12
6454.6  1.754085E-12
6457.5  1.748929E-12
6460.4  1.746384E-12
6463.3  1.739399E-12
6466.2  1.733125E-12
6469.1  1.725214E-12
6472.  1.724980E-12
6474.9  1.729883E-12
6477.8  1.731850E-12
6480.7  1.726923E-12
6483.6  1.742750E-12
6486.5  1.736558E-12
6489.4  1.729995E-12
6492.3  1.722517E-12
6495.2  1.714684E-12
6498.1  1.708512E-12
6501.  1.704969E-12
6503.9  1.704016E-12
6506.8  1.704549E-12
6509.7  1.704900E-12
6512.6  1.703945E-12
6515.5  1.701171E-12
6518.4  1.698854E-12
6521.3  1.698979E-12
6524.2  1.698612E-12
6527.1  1.696406E-12
6530.  1.696828E-12
6532.9  1.702513E-12
6535.8  1.712622E-12
6538.7  1.728896E-12
6541.6  1.755490E-12
6544.5  1.805626E-12
6547.4  1.895197E-12
6550.3  2.044126E-12
6553.2  2.261074E-12
6556.1  2.498026E-12
6559.  2.687016E-12
6561.9  2.737634E-12
6564.8  2.603960E-12
6567.7  2.358293E-12
6570.6  2.087559E-12
6573.5  1.874171E-12
6576.4  1.752473E-12
6579.3  1.693681E-12
6582.2  1.672143E-12
6585.1  1.665251E-12
6588.  1.660862E-12
6590.9  1.655099E-12
6593.8  1.648982E-12
6596.7  1.645447E-12
6599.6  1.642136E-12
6602.5  1.636943E-12
6605.4  1.630289E-12
6608.3  1.623705E-12
6611.2  1.620881E-12
6614.1  1.621793E-12
6617.  1.621095E-12
6619.9  1.618479E-12
6622.8  1.617682E-12
6625.7  1.618703E-12
6628.6  1.619762E-12
6631.5  1.618720E-12
6634.4  1.613893E-12
6637.3  1.607755E-12
6640.2  1.602703E-12
6643.1  1.596882E-12
6646.  1.589482E-12
6648.9  1.583005E-12
6651.8  1.579078E-12
6654.7  1.578017E-12
6657.6  1.578606E-12
6660.5  1.578080E-12
6663.4  1.576491E-12
6666.3  1.575558E-12
6669.2  1.572423E-12
6672.1  1.563817E-12
6675.  1.553897E-12
6677.9  1.547790E-12
6680.8  1.547730E-12
6683.7  1.553611E-12
6686.6  1.560706E-12
6689.5  1.565473E-12
6692.4  1.567516E-12
6695.3  1.566581E-12
6698.2  1.562498E-12
6701.1  1.557871E-12
6704.  1.556737E-12
6706.9  1.557417E-12
6709.8  1.556214E-12
6712.7  1.552957E-12
6715.6  1.548666E-12
6718.5  1.546301E-12
6721.4  1.547289E-12
6724.3  1.547398E-12
6727.2  1.544211E-12
6730.1  1.539497E-12
6733.  1.534967E-12
6735.9  1.532359E-12
6738.8  1.530628E-12
6741.7  1.526710E-12
6744.6  1.521576E-12
6747.5  1.517874E-12
6750.4  1.517115E-12
6753.3  1.519761E-12
6756.2  1.522669E-12
6759.1  1.522927E-12
6762.  1.520712E-12
6764.9  1.517049E-12
6767.8  1.514281E-12
6770.7  1.512426E-12
6773.6  1.507797E-12
6776.5  1.502154E-12
6779.4  1.501542E-12
6782.3  1.504609E-12
6785.2  1.506424E-12
6788.1  1.505834E-12
6791.  1.503001E-12
6793.9  1.498078E-12
6796.8  1.491915E-12
6799.7  1.487161E-12
6802.6  1.485185E-12
6805.5  1.483982E-12
6808.4  1.482135E-12
6811.3  1.479351E-12
6814.2  1.476406E-12
6817.1  1.475173E-12
6820.  1.475023E-12
6822.9  1.474001E-12
6825.8  1.471883E-12
6828.7  1.469193E-12
6831.6  1.468288E-12
6834.5  1.470635E-12
6837.4  1.471310E-12
6840.3  1.467838E-12
6843.2  1.466561E-12
6846.1  1.470465E-12
6849.  1.475823E-12
6851.9  1.481117E-12
6854.8  1.487308E-12
6857.7  1.489627E-12
6860.6  1.481134E-12
6863.5  1.457529E-12
6866.4  1.418663E-12
6869.3  1.390289E-12
6872.2  1.396080E-12
6875.1  1.420598E-12
6878.  1.444004E-12
6880.9  1.454218E-12
6883.8  1.447130E-12
6886.7  1.433400E-12
6889.6  1.421482E-12
6892.5  1.415519E-12
6895.4  1.415892E-12
6898.3  1.419429E-12
6901.2  1.423489E-12
6904.1  1.425897E-12
6907.  1.426073E-12
6909.9  1.424366E-12
6912.8  1.422398E-12
6915.7  1.421284E-12
6918.6  1.419188E-12
6921.5  1.415247E-12
6924.4  1.411226E-12
6927.3  1.408070E-12
6930.2  1.405556E-12
6933.1  1.403597E-12
6936.  1.402087E-12
6938.9  1.401230E-12
6941.8  1.401296E-12
6944.7  1.400807E-12
6947.6  1.398155E-12
6950.5  1.393736E-12
6953.4  1.388763E-12
6956.3  1.385887E-12
6959.2  1.386256E-12
6962.1  1.387098E-12
6965.  1.386775E-12
6967.9  1.385879E-12
6970.8  1.384077E-12
6973.7  1.380254E-12
6976.6  1.375532E-12
6979.5  1.372251E-12
6982.4  1.368904E-12
6985.3  1.363318E-12
6988.2  1.360459E-12
6991.1  1.364388E-12
6994.  1.369173E-12
6996.9  1.369675E-12
6999.8  1.365968E-12
7002.7  1.360246E-12
7005.6  1.357959E-12
7008.5  1.359829E-12
7011.4  1.361185E-12
7014.3  1.361360E-12
7017.2  1.362172E-12
7020.1  1.362658E-12
7023.  1.361208E-12
7025.9  1.359390E-12
7028.8  1.358964E-12
7031.7  1.358816E-12
7034.6  1.357731E-12
7037.5  1.355346E-12
7040.4  1.351951E-12
7043.3  1.349166E-12
7046.2  1.346849E-12
7049.1  1.342613E-12
7052.  1.336769E-12
7054.9  1.331516E-12
7057.8  1.327090E-12
7060.7  1.322929E-12
7063.6  1.318220E-12
7066.5  1.312590E-12
7069.4  1.308861E-12
7072.3  1.309239E-12
7075.2  1.312543E-12
7078.1  1.316621E-12
7081.  1.317768E-12
7083.9  1.316138E-12
7086.8  1.317540E-12
7089.7  1.321090E-12
7092.6  1.320476E-12
7095.5  1.316347E-12
7098.4  1.312640E-12
7101.3  1.309660E-12
7104.2  1.306734E-12
7107.1  1.303222E-12
7110.  1.299064E-12
7112.9  1.296981E-12
7115.8  1.298258E-12
7118.7  1.300215E-12
7121.6  1.300959E-12
7124.5  1.300169E-12
7127.4  1.297882E-12
7130.3  1.294521E-12
7133.2  1.291313E-12
7136.1  1.289796E-12
7139.  1.288571E-12
7141.9  1.285629E-12
7144.8  1.282766E-12
7147.7  1.282122E-12
7150.6  1.284486E-12
7153.5  1.288811E-12
7156.4  1.289830E-12
7159.3  1.285073E-12
7162.2  1.277376E-12
7165.1  1.268734E-12
7168.  1.259893E-12
7170.9  1.253675E-12
7173.8  1.253615E-12
7176.7  1.257111E-12
7179.6  1.259316E-12
7182.5  1.258104E-12
7185.4  1.253099E-12
7188.3  1.249452E-12
7191.2  1.250090E-12
7194.1  1.248118E-12
7197.  1.240265E-12
7199.9  1.230815E-12
7202.8  1.224855E-12
7205.7  1.228534E-12
7208.6  1.238538E-12
7211.5  1.244572E-12
7214.4  1.246175E-12
7217.3  1.247175E-12
7220.2  1.246943E-12
7223.1  1.244141E-12
7226.  1.237955E-12
7228.9  1.228851E-12
7231.8  1.220816E-12
7234.7  1.217152E-12
7237.6  1.219514E-12
7240.5  1.225354E-12
7243.4  1.226634E-12
7246.3  1.222689E-12
7249.2  1.218999E-12
7252.1  1.217968E-12
7255.  1.220250E-12
7257.9  1.223086E-12
7260.8  1.223000E-12
7263.7  1.221551E-12
7266.6  1.220191E-12
7269.5  1.214710E-12
7272.4  1.204628E-12
7275.3  1.199356E-12
7278.2  1.202319E-12
7281.1  1.207593E-12
7284.  1.210668E-12
7286.9  1.208294E-12
7289.8  1.202955E-12
7292.7  1.200498E-12
7295.6  1.199038E-12
7298.5  1.194623E-12
7301.4  1.189489E-12
7304.3  1.186475E-12
7307.2  1.185503E-12
7310.1  1.186076E-12
7313.  1.187559E-12
7315.9  1.189274E-12
7318.8  1.190794E-12
7321.7  1.191462E-12
7324.6  1.190475E-12
7327.5  1.187936E-12
7330.4  1.184514E-12
7333.3  1.182098E-12
7336.2  1.182573E-12
7339.1  1.183521E-12
7342.  1.182114E-12
7344.9  1.179247E-12
7347.8  1.176171E-12
7350.7  1.173290E-12
7353.6  1.171160E-12
7356.5  1.170580E-12
7359.4  1.171347E-12
7362.3  1.172141E-12
7365.2  1.172318E-12
7368.1  1.171734E-12
7371.  1.171071E-12
7373.9  1.171287E-12
7376.8  1.170783E-12
7379.7  1.167877E-12
7382.6  1.164920E-12
7385.5  1.163712E-12
7388.4  1.161655E-12
7391.3  1.157514E-12
7394.2  1.153572E-12
7397.1  1.151329E-12
7400.  1.151239E-12
7402.9  1.152261E-12
7405.8  1.152048E-12
7408.7  1.150928E-12
7411.6  1.150533E-12
7414.5  1.150240E-12
7417.4  1.148968E-12
7420.3  1.147037E-12
7423.2  1.144952E-12
7426.1  1.142997E-12
7429.  1.141188E-12
7431.9  1.138720E-12
7434.8  1.135887E-12
7437.7  1.134790E-12
7440.6  1.135251E-12
7443.5  1.135038E-12
7446.4  1.133730E-12
7449.3  1.131936E-12
7452.2  1.131040E-12
7455.1  1.132332E-12
7458.  1.134219E-12
7460.9  1.134761E-12
7463.8  1.133532E-12
7466.7  1.130732E-12
7469.6  1.127689E-12
7472.5  1.124995E-12
7475.4  1.121574E-12
7478.3  1.117951E-12
7481.2  1.116302E-12
7484.1  1.116446E-12
7487.  1.116765E-12
7489.9  1.116240E-12
7492.8  1.114344E-12
7495.7  1.112724E-12
7498.6  1.113176E-12
7501.5  1.115331E-12
7504.4  1.118324E-12
7507.3  1.121091E-12
7510.2  1.122721E-12
7513.1  1.122954E-12
7516.  1.121205E-12
7518.9  1.116350E-12
7521.8  1.110079E-12
7524.7  1.105961E-12
7527.6  1.103719E-12
7530.5  1.101364E-12
7533.4  1.098106E-12
7536.3  1.093773E-12
7539.2  1.090137E-12
7542.1  1.088584E-12
7545.  1.087909E-12
7547.9  1.087069E-12
7550.8  1.085858E-12
7553.7  1.084598E-12
7556.6  1.084367E-12
7559.5  1.085233E-12
7562.4  1.086401E-12
7565.3  1.087257E-12
7568.2  1.087326E-12
7571.1  1.086708E-12
7574.  1.085740E-12
7576.9  1.084645E-12
7579.8  1.083591E-12
7582.7  1.082563E-12
7585.6  1.081524E-12
7588.5  1.080483E-12
7591.4  1.079444E-12
7594.3  1.078403E-12
7597.2  1.077363E-12
7600.1  1.076323E-12
7603.  1.075283E-12
7605.9  1.074243E-12
7608.8  1.073203E-12
7611.7  1.072163E-12
7614.6  1.071123E-12
7617.5  1.070083E-12
7620.4  1.069043E-12
7623.3  1.068003E-12
7626.2  1.067022E-12
7629.1  1.066015E-12
7632.  1.064358E-12
7634.9  1.063297E-12
7637.8  1.066109E-12
7640.7  1.070980E-12
7643.6  1.072975E-12
7646.5  1.072218E-12
7649.4  1.070776E-12
7652.3  1.068606E-12
7655.2  1.065434E-12
7658.1  1.061652E-12
7661.  1.057708E-12
7663.9  1.054023E-12
7666.8  1.050897E-12
7669.7  1.048474E-12
7672.6  1.046471E-12
7675.5  1.044178E-12
7678.4  1.041426E-12
7681.3  1.038423E-12
7684.2  1.036279E-12
7687.1  1.036236E-12
7690.  1.036753E-12
7692.9  1.035809E-12
7695.8  1.033102E-12
7698.7  1.029167E-12
7701.6  1.026109E-12
7704.5  1.025216E-12
7707.4  1.025629E-12
7710.3  1.026395E-12
7713.2  1.026662E-12
7716.1  1.025649E-12
7719.  1.022791E-12
7721.9  1.018839E-12
7724.8  1.015204E-12
7727.7  1.012264E-12
7730.6  1.010008E-12
7733.5  1.008622E-12
7736.4  1.007990E-12
7739.3  1.006763E-12
7742.2  1.004582E-12
7745.1  1.003816E-12
7748.  1.005198E-12
7750.9  1.006804E-12
7753.8  1.007895E-12
7756.7  1.008815E-12
7759.6  1.010003E-12
7762.5  1.011926E-12
7765.4  1.014980E-12
7768.3  1.019161E-12
7771.2  1.022282E-12
7774.1  1.022251E-12
7777.  1.019501E-12
7779.9  1.014794E-12
7782.8  1.008321E-12
7785.7  1.001234E-12
7788.6  9.962157E-13
7791.5  9.934792E-13
7794.4  9.905085E-13
7797.3  9.873759E-13
7800.2  9.857647E-13
7803.1  9.842246E-13
7806.  9.805514E-13
7808.9  9.765452E-13
7811.8  9.744965E-13
7814.7  9.740407E-13
7817.6  9.744841E-13
7820.5  9.754449E-13
7823.4  9.764309E-13
7826.3  9.770311E-13
7829.2  9.765840E-13
7832.1  9.740106E-13
7835.  9.706331E-13
7837.9  9.694251E-13
7840.8  9.696985E-13
7843.7  9.692407E-13
7846.6  9.683211E-13
7849.5  9.677563E-13
7852.4  9.678452E-13
7855.3  9.685276E-13
7858.2  9.686054E-13
7861.1  9.675591E-13
7864.  9.665598E-13
7866.9  9.661919E-13
7869.8  9.660905E-13
7872.7  9.665501E-13
7875.6  9.682810E-13
7878.5  9.708127E-13
7881.4  9.730917E-13
7884.3  9.738739E-13
7887.2  9.722569E-13
7890.1  9.694706E-13
7893.  9.669474E-13
7895.9  9.651967E-13
7898.8  9.638770E-13
7901.7  9.607120E-13
7904.6  9.554545E-13
7907.5  9.511478E-13
7910.4  9.485360E-13
7913.3  9.462158E-13
7916.2  9.437603E-13
7919.1  9.412440E-13
7922.  9.389611E-13
7924.9  9.372843E-13
7927.8  9.366091E-13
7930.7  9.369250E-13
7933.6  9.366091E-13
7936.5  9.345670E-13
7939.4  9.313850E-13
7942.3  9.284206E-13
7945.2  9.282127E-13
7948.1  9.304029E-13
7951.  9.315691E-13
7953.9  9.305729E-13
7956.8  9.278227E-13
7959.7  9.248281E-13
7962.6  9.233825E-13
7965.5  9.224013E-13
7968.4  9.204796E-13
7971.3  9.186419E-13
7974.2  9.177915E-13
7977.1  9.176236E-13
7980.  9.175886E-13
7982.9  9.166927E-13
7985.8  9.150967E-13
7988.7  9.145846E-13
7991.6  9.142450E-13
7994.5  9.111787E-13
7997.4  9.083587E-13
8000.3  9.106572E-13
8003.2  9.135517E-13
8006.1  9.113839E-13
8009.  9.074152E-13
8011.9  9.052747E-13
8014.8  9.048912E-13
8017.7  9.052635E-13
8020.6  9.035578E-13
8023.5  9.000113E-13
8026.4  8.993905E-13
8029.3  9.013793E-13
8032.2  9.015626E-13
8035.1  8.998304E-13
8038.  8.981498E-13
8040.9  8.970950E-13
8043.8  8.968108E-13
8046.7  8.972588E-13
8049.6  8.980702E-13
8052.5  8.980015E-13
8055.4  8.965488E-13
8058.3  8.952838E-13
8061.2  8.946370E-13
8064.1  8.930204E-13
8067.  8.907591E-13
8069.9  8.899415E-13
8072.8  8.900661E-13
8075.7  8.892468E-13
8078.6  8.883471E-13
8081.5  8.888451E-13
8084.4  8.890277E-13
8087.3  8.873180E-13
8090.2  8.857540E-13
8093.1  8.857477E-13
8096.  8.858178E-13
8098.9  8.852176E-13
8101.8  8.845798E-13
8104.7  8.844838E-13
8107.6  8.855974E-13
8110.5  8.866631E-13
8113.4  8.852837E-13
8116.3  8.825132E-13
8119.2  8.805714E-13
8122.1  8.793257E-13
8125.  8.779888E-13
8127.9  8.745560E-13
8130.8  8.687647E-13
8133.7  8.666887E-13
8136.6  8.700174E-13
8139.5  8.711472E-13
8142.4  8.678914E-13
8145.3  8.647025E-13
8148.2  8.632031E-13
8151.1  8.631470E-13
8154.  8.629611E-13
8156.9  8.606185E-13
8159.8  8.565512E-13
8162.7  8.521645E-13
8165.6  8.504152E-13
8168.5  8.527342E-13
8171.4  8.542742E-13
8174.3  8.526422E-13
8177.2  8.521523E-13
8180.1  8.541249E-13
8183.  8.557107E-13
8185.9  8.555894E-13
8188.8  8.537455E-13
8191.7  8.501609E-13
8194.6  8.451130E-13
8197.5  8.426182E-13
8200.4  8.465515E-13
8203.3  8.526925E-13
8206.2  8.564782E-13
8209.1  8.590457E-13
8212.  8.612402E-13
8214.9  8.622361E-13
8217.8  8.604862E-13
8220.7  8.535880E-13
8223.6  8.409538E-13
8226.5  8.231220E-13
8229.4  8.104634E-13
8232.3  8.173719E-13
8235.2  8.338344E-13
8238.1  8.426675E-13
8241.  8.445677E-13
8243.9  8.437397E-13
8246.8  8.416324E-13
8249.7  8.392470E-13
8252.6  8.351697E-13
8255.5  8.300224E-13
8258.4  8.282510E-13
8261.3  8.303166E-13
8264.2  8.327681E-13
8267.1  8.323390E-13
8270.  8.261919E-13
8272.9  8.187329E-13
8275.8  8.166495E-13
8278.7  8.193135E-13
8281.6  8.240118E-13
8284.5  8.280903E-13
8287.4  8.296996E-13
8290.3  8.301617E-13
8293.2  8.300810E-13
8296.1  8.279316E-13
8299.  8.237906E-13
8301.9  8.194545E-13
8304.8  8.160444E-13
8307.7  8.141885E-13
8310.6  8.123988E-13
8313.5  8.085251E-13
8316.4  8.039358E-13
8319.3  8.008389E-13
8322.2  8.007266E-13
8325.1  8.037634E-13
8328.  8.065465E-13
8330.9  8.063449E-13
8333.8  8.023704E-13
8336.7  7.966126E-13
8339.6  7.947444E-13
8342.5  7.968255E-13
8345.4  7.982058E-13
8348.3  7.975274E-13
8351.2  7.951548E-13
8354.1  7.920458E-13
8357.  7.893643E-13
8359.9  7.872729E-13
8362.8  7.855347E-13
8365.7  7.833215E-13
8368.6  7.801858E-13
8371.5  7.766408E-13
8374.4  7.736535E-13
8377.3  7.729185E-13
8380.2  7.735923E-13
8383.1  7.724900E-13
8386.  7.694946E-13
8388.9  7.662641E-13
8391.8  7.637195E-13
8394.7  7.624257E-13
8397.6  7.617142E-13
8400.5  7.608549E-13
8403.4  7.604533E-13
8406.3  7.609598E-13
8409.2  7.620525E-13
8412.1  7.633096E-13
8415.  7.645081E-13
8417.9  7.642312E-13
8420.8  7.597598E-13
8423.7  7.538276E-13
8426.6  7.524082E-13
8429.5  7.559438E-13
8432.4  7.623381E-13
8435.3  7.705474E-13
8438.2  7.790342E-13
8441.1  7.840429E-13
8444.  7.827761E-13
8446.9  7.754099E-13
8449.8  7.639167E-13
8452.7  7.522424E-13
8455.6  7.442794E-13
8458.5  7.436136E-13
8461.4  7.473757E-13
8464.3  7.480998E-13
8467.2  7.444457E-13
8470.1  7.381426E-13
8473.  7.305890E-13
8475.9  7.232812E-13
8478.8  7.161819E-13
8481.7  7.099002E-13
8484.6  7.079584E-13
8487.5  7.127873E-13
8490.4  7.249219E-13
8493.3  7.404601E-13
8496.2  7.499184E-13
8499.1  7.509203E-13
8502.  7.473141E-13
8504.9  7.403745E-13
8507.8  7.305009E-13
8510.7  7.177612E-13
8513.6  7.027004E-13
8516.5  6.903241E-13
8519.4  6.848580E-13
8522.3  6.845726E-13
8525.2  6.876583E-13
8528.1  6.943080E-13
8531.  7.037285E-13
8533.9  7.142002E-13
8536.8  7.227992E-13
8539.7  7.256825E-13
8542.6  7.231093E-13
8545.5  7.178347E-13
8548.4  7.117167E-13
8551.3  7.060649E-13
8554.2  6.994006E-13
8557.1  6.905197E-13
8560.  6.825438E-13
8562.9  6.779273E-13
8565.8  6.761963E-13
8568.7  6.761356E-13
8571.6  6.756071E-13
8574.5  6.742757E-13
8577.4  6.738430E-13
8580.3  6.754961E-13
8583.2  6.798708E-13
8586.1  6.876111E-13
8589.  6.986617E-13
8591.9  7.085872E-13
8594.8  7.128778E-13
8597.7  7.122382E-13
8600.6  7.079977E-13
8603.5  7.001351E-13
8606.4  6.895395E-13
8609.3  6.780619E-13
8612.2  6.686895E-13
8615.1  6.656963E-13
8618.  6.681716E-13
8620.9  6.713697E-13
8623.8  6.743247E-13
8626.7  6.776854E-13
8629.6  6.813072E-13
8632.5  6.847400E-13
8635.4  6.857128E-13
8638.3  6.829416E-13
8641.2  6.791150E-13
8644.1  6.764583E-13
8647.  6.749919E-13
8649.9  6.754459E-13
8652.8  6.796853E-13
8655.7  6.858880E-13
8658.6  6.893317E-13
8661.5  6.902054E-13
8664.4  6.910758E-13
8667.3  6.913097E-13
8670.2  6.895399E-13
8673.1  6.844784E-13
8676.  6.761762E-13
8678.9  6.695224E-13
8681.8  6.677129E-13
8684.7  6.687080E-13
8687.6  6.705195E-13
8690.5  6.718422E-13
8693.4  6.717447E-13
8696.3  6.697788E-13
8699.2  6.679268E-13
8702.1  6.692971E-13
8705.  6.719533E-13
8707.9  6.725141E-13
8710.8  6.715202E-13
8713.7  6.700999E-13
8716.6  6.682265E-13
8719.5  6.656364E-13
8722.4  6.614430E-13
8725.3  6.556913E-13
8728.2  6.499504E-13
8731.1  6.457363E-13
8734.  6.442587E-13
8736.9  6.463911E-13
8739.8  6.524859E-13
8742.7  6.599144E-13
8745.6  6.651088E-13
8748.5  6.676155E-13
8751.4  6.678646E-13
8754.3  6.658408E-13
8757.2  6.617456E-13
8760.1  6.557013E-13
8763.  6.487911E-13
8765.9  6.438744E-13
8768.8  6.415928E-13
8771.7  6.399389E-13
8774.6  6.379854E-13
8777.5  6.355798E-13
8780.4  6.340461E-13
8783.3  6.351653E-13
8786.2  6.379951E-13
8789.1  6.408525E-13
8792.  6.428240E-13
8794.9  6.433935E-13
8797.8  6.427596E-13
8800.7  6.416286E-13
8803.6  6.414831E-13
8806.5  6.425015E-13
8809.4  6.430196E-13
8812.3  6.425878E-13
8815.2  6.417418E-13
8818.1  6.407421E-13
8821.  6.397574E-13
8823.9  6.378460E-13
8826.8  6.341162E-13
8829.7  6.308518E-13
8832.6  6.298076E-13
8835.5  6.281515E-13
8838.4  6.242922E-13
8841.3  6.202929E-13
8844.2  6.188291E-13
8847.1  6.232687E-13
8850.  6.330828E-13
8852.9  6.440612E-13
8855.8  6.525395E-13
8858.7  6.555157E-13
8861.6  6.532046E-13
8864.5  6.473219E-13
8867.4  6.380957E-13
8870.3  6.262157E-13
8873.2  6.144112E-13
8876.1  6.054665E-13
8879.  6.018917E-13
8881.9  6.038714E-13
8884.8  6.079690E-13
8887.7  6.121256E-13
8890.6  6.160642E-13
8893.5  6.189883E-13
8896.4  6.200881E-13
8899.3  6.193889E-13
8902.2  6.174311E-13
8905.1  6.160741E-13
8908.  6.168712E-13
8910.9  6.184214E-13
8913.8  6.192324E-13
8916.7  6.193671E-13
8919.6  6.184812E-13
8922.5  6.151242E-13
8925.4  6.102091E-13
8928.3  6.073559E-13
8931.2  6.072588E-13
8934.1  6.084057E-13
8937.  6.099023E-13
8939.9  6.110794E-13
8942.8  6.118006E-13
8945.7  6.121223E-13
8948.6  6.116241E-13
8951.5  6.101622E-13
8954.4  6.087291E-13
8957.3  6.076913E-13
8960.2  6.058458E-13
8963.1  6.028895E-13
8966.  5.996776E-13
8968.9  5.973632E-13
8971.8  5.970943E-13
8974.7  5.989448E-13
8977.6  6.021873E-13
8980.5  6.010389E-13
8983.4  5.901951E-13
8986.3  5.754115E-13
8989.2  5.642390E-13
8992.1  5.626031E-13
8995.  5.711532E-13
8997.9  5.783259E-13
9000.8  5.799325E-13
9003.7  5.842091E-13
9006.6  5.937564E-13
9009.5  6.062172E-13
9012.4  6.163960E-13
9015.3  6.178323E-13
9018.2  6.109400E-13
9021.1  5.993413E-13
9024.  5.872707E-13
9026.9  5.786505E-13
9029.8  5.753292E-13
9032.7  5.768345E-13
9035.6  5.780376E-13
9038.5  5.767701E-13
9041.4  5.766669E-13
9044.3  5.792114E-13
9047.2  5.836908E-13
9050.1  5.878862E-13
9053.  5.886399E-13
9055.9  5.867090E-13
9058.8  5.844262E-13
9061.7  5.814212E-13
9064.6  5.772409E-13
9067.5  5.741615E-13
9070.4  5.736868E-13
9073.3  5.740248E-13
9076.2  5.741590E-13
9079.1  5.750870E-13
9082.  5.770523E-13
9084.9  5.794949E-13
9087.8  5.816462E-13
9090.7  5.825817E-13
9093.6  5.824897E-13
9096.5  5.821136E-13
9099.4  5.807367E-13
9102.3  5.778248E-13
9105.2  5.763434E-13
9108.1  5.783434E-13
9111.  5.812439E-13
9113.9  5.826088E-13
9116.8  5.809639E-13
9119.7  5.774803E-13
9122.6  5.773786E-13
9125.5  5.788423E-13
9128.4  5.742680E-13
9131.3  5.672589E-13
9134.2  5.663101E-13
9137.1  5.709698E-13
9140.  5.775729E-13
9142.9  5.814925E-13
9145.8  5.791008E-13
9148.7  5.706501E-13
9151.6  5.594534E-13
9154.5  5.541299E-13
9157.4  5.580480E-13
9160.3  5.663285E-13
9163.2  5.739045E-13
9166.1  5.759463E-13
9169.  5.721184E-13
9171.9  5.652334E-13
9174.8  5.598173E-13
9177.7  5.601025E-13
9180.6  5.647529E-13
9183.5  5.704929E-13
9186.4  5.720550E-13
9189.3  5.672745E-13
9192.2  5.629410E-13
9195.1  5.629780E-13
9198.  5.652701E-13
9200.9  5.681713E-13
9203.8  5.704669E-13
9206.7  5.717502E-13
9209.6  5.723873E-13
9212.5  5.731452E-13
9215.4  5.748328E-13
9218.3  5.779095E-13
9221.2  5.821281E-13
9224.1  5.846052E-13
9227.  5.833281E-13
9229.9  5.800195E-13
9232.8  5.761476E-13
9235.7  5.721095E-13
9238.6  5.678017E-13
9241.5  5.621884E-13
9244.4  5.571402E-13
9247.3  5.564557E-13
9250.2  5.586251E-13
9253.1  5.599026E-13
9256.  5.596083E-13
9258.9  5.580586E-13
9261.8  5.560742E-13
9264.7  5.544169E-13
9267.6  5.532252E-13
9270.5  5.516910E-13
9273.4  5.468249E-13
9276.3  5.392962E-13
9279.2  5.346850E-13
9282.1  5.345260E-13
9285.  5.369832E-13
9287.9  5.393375E-13
9290.8  5.386597E-13
9293.7  5.354793E-13
9296.6  5.317232E-13
9299.5  5.304769E-13
9302.4  5.333235E-13
9305.3  5.354116E-13
9308.2  5.331676E-13
9311.1  5.278980E-13
9314.  5.213955E-13
9316.9  5.152881E-13
9319.8  5.131384E-13
9322.7  5.198971E-13
9325.6  5.309020E-13
9328.5  5.364391E-13
9331.4  5.326528E-13
9334.3  5.194304E-13
9337.2  5.030320E-13
9340.1  4.912574E-13
9343.  4.921589E-13
9345.9  5.067119E-13
9348.8  5.185065E-13
9351.7  5.182773E-13
9354.6  5.104231E-13
9357.5  5.028568E-13
9360.4  5.078245E-13
9363.3  5.174190E-13
9366.2  5.111700E-13
9369.1  4.960123E-13
9372.  4.884355E-13
9374.9  4.854939E-13
9377.8  4.815606E-13
9380.7  4.812906E-13
9383.6  4.881813E-13
9386.5  4.998046E-13
9389.4  5.128890E-13
9392.3  5.238201E-13
9395.2  5.296917E-13
9398.1  5.287289E-13
9401.  5.229192E-13
9403.9  5.170018E-13
9406.8  5.126210E-13
9409.7  5.097327E-13
9412.6  5.100973E-13
9415.5  5.144777E-13
9418.4  5.164915E-13
9421.3  5.113230E-13
9424.2  5.022429E-13
9427.1  4.945905E-13
9430.  4.976720E-13
9432.9  5.080141E-13
9435.8  5.040254E-13
9438.7  4.876433E-13
9441.6  4.795852E-13
9444.5  4.847225E-13
9447.4  4.993818E-13
9450.3  5.108400E-13
9453.2  5.064312E-13
9456.1  4.956092E-13
9459.  4.900317E-13
9461.9  4.913112E-13
9464.8  4.978133E-13
9467.7  5.026869E-13
9470.6  5.016959E-13
9473.5  4.955887E-13
9476.4  4.873489E-13
9479.3  4.814674E-13
9482.2  4.829069E-13
9485.1  4.956594E-13
9488.  5.080357E-13
9490.9  5.052492E-13
9493.8  4.889119E-13
9496.7  4.669800E-13
9499.6  4.567781E-13
9502.5  4.677260E-13
9505.4  4.857164E-13
9508.3  4.978983E-13
9511.2  4.971204E-13
9514.1  4.837957E-13
9517.  4.666810E-13
9519.9  4.543027E-13
9522.8  4.540459E-13
9525.7  4.622828E-13
9528.6  4.707710E-13
9531.5  4.787547E-13
9534.4  4.867060E-13
9537.3  4.915869E-13
9540.2  4.918452E-13
9543.1  4.907291E-13
9546.  4.902902E-13
9548.9  4.895996E-13
9551.8  4.875280E-13
9554.7  4.827026E-13
9557.6  4.760119E-13
9560.5  4.700443E-13
9563.4  4.669605E-13
9566.3  4.682346E-13
9569.2  4.741506E-13
9572.1  4.834495E-13
9575.  4.895636E-13
9577.9  4.876442E-13
9580.8  4.812532E-13
9583.7  4.741737E-13
9586.6  4.679766E-13
9589.5  4.649936E-13
9592.4  4.684108E-13
9595.3  4.760509E-13
9598.2  4.816305E-13
9601.1  4.826992E-13
9604.  4.791690E-13
9606.9  4.753448E-13
9609.8  4.758432E-13
9612.7  4.756052E-13
9615.6  4.700910E-13
9618.5  4.639081E-13
9621.4  4.612666E-13
9624.3  4.635146E-13
9627.2  4.693756E-13
9630.1  4.738635E-13
9633.  4.744926E-13
9635.9  4.714166E-13
9638.8  4.669682E-13
9641.7  4.646129E-13
9644.6  4.658657E-13
9647.5  4.707166E-13
9650.4  4.747414E-13
9653.3  4.738231E-13
9656.2  4.694945E-13
9659.1  4.643086E-13
9662.  4.609433E-13
9664.9  4.609620E-13
9667.8  4.638527E-13
9670.7  4.679460E-13
9673.6  4.706853E-13
9676.5  4.704206E-13
9679.4  4.664154E-13
9682.3  4.619036E-13
9685.2  4.611401E-13
9688.1  4.633982E-13
9691.  4.663009E-13
9693.9  4.656704E-13
9696.8  4.598262E-13
9699.7  4.554816E-13
9702.6  4.563741E-13
9705.5  4.593385E-13
9708.4  4.618728E-13
9711.3  4.622647E-13
9714.2  4.613159E-13
9717.1  4.617947E-13
9720.  4.633479E-13
9722.9  4.642452E-13
9725.8  4.637186E-13
9728.7  4.614778E-13
9731.6  4.576358E-13
9734.5  4.532522E-13
9737.4  4.523296E-13
9740.3  4.560246E-13
9743.2  4.591825E-13
9746.1  4.588691E-13
9749.  4.555197E-13
9751.9  4.506324E-13
9754.8  4.466814E-13
9757.7  4.448476E-13
9760.6  4.453479E-13
9763.5  4.476240E-13
9766.4  4.506633E-13
9769.3  4.536729E-13
9772.2  4.557664E-13
9775.1  4.549771E-13
9778.  4.512490E-13
9780.9  4.491511E-13
9783.8  4.502215E-13
9786.7  4.511131E-13
9789.6  4.501431E-13
9792.5  4.471666E-13
9795.4  4.436555E-13
9798.3  4.419705E-13
9801.2  4.427699E-13
9804.1  4.456634E-13
9807.  4.484497E-13
9809.9  4.489149E-13
9812.8  4.463612E-13
9815.7  4.415936E-13
9818.6  4.384374E-13
9821.5  4.389260E-13
9824.4  4.415581E-13
9827.3  4.451333E-13
9830.2  4.489204E-13
9833.1  4.514763E-13
9836.  4.511840E-13
9838.9  4.489757E-13
9841.8  4.467608E-13
9844.7  4.439483E-13
9847.6  4.399491E-13
9850.5  4.373734E-13
9853.4  4.379385E-13
9856.3  4.397172E-13
9859.2  4.409669E-13
9862.1  4.407823E-13
9865.  4.396511E-13
9867.9  4.398781E-13
9870.8  4.412793E-13
9873.7  4.418166E-13
9876.6  4.421259E-13
9879.5  4.437657E-13
9882.4  4.458073E-13
9885.3  4.467958E-13
9888.2  4.458484E-13
9891.1  4.428954E-13
9894.  4.403792E-13
9896.9  4.393443E-13
9899.8  4.371206E-13
9902.7  4.333148E-13
9905.6  4.305895E-13
9908.5  4.303919E-13
9911.4  4.331848E-13
9914.3  4.369527E-13
9917.2  4.385321E-13
9920.1  4.384417E-13
9923.  4.382270E-13
9925.9  4.363529E-13
9928.8  4.322128E-13
9931.7  4.308648E-13
9934.6  4.347590E-13
9937.5  4.392086E-13
9940.4  4.407221E-13
9943.3  4.379368E-13
9946.2  4.329551E-13
9949.1  4.312158E-13
9952.  4.326326E-13
9954.9  4.338930E-13
9957.8  4.340635E-13
9960.7  4.330997E-13
9963.6  4.316507E-13
9966.5  4.305127E-13
9969.4  4.297040E-13
9972.3  4.292895E-13
9975.2  4.299090E-13
9978.1  4.312812E-13
9981.  4.314391E-13
9983.9  4.307030E-13
9986.8  4.318180E-13
9989.7  4.345135E-13
9992.6  4.366318E-13
9995.5  4.370493E-13
9998.4  4.352320E-13
10001.3  4.315984E-13
10004.2  4.270510E-13
10007.1  4.231953E-13
10010.  4.208260E-13
10012.9  4.177034E-13
10015.8  4.133732E-13
10018.7  4.114189E-13
10021.6  4.122841E-13
10024.5  4.127318E-13
10027.4  4.119074E-13
10030.3  4.105794E-13
10033.2  4.118669E-13
10036.1  4.193273E-13
10039.  4.304776E-13
10041.9  4.411573E-13
10044.8  4.494005E-13
10047.7  4.537885E-13
10050.6  4.534570E-13
10053.5  4.484686E-13
10056.4  4.401199E-13
10059.3  4.297784E-13
10062.2  4.183662E-13
10065.1  4.084785E-13
10068.  4.037684E-13
10070.9  4.034128E-13
10073.8  4.042586E-13
10076.7  4.042906E-13
10079.6  4.023371E-13
10082.5  4.008006E-13
10085.4  4.016539E-13
10088.3  4.015492E-13
10091.2  3.988937E-13
10094.1  3.975513E-13
10097.  3.991787E-13
10099.9  4.018448E-13
10102.8  4.045322E-13
10105.7  4.068851E-13
10108.6  4.095417E-13
10111.5  4.137135E-13
10114.4  4.167119E-13
10117.3  4.152868E-13
10120.2  4.125269E-13
10123.1  4.119837E-13
10126.  4.132047E-13
10128.9  4.147035E-13
10131.8  4.134391E-13
10134.7  4.087950E-13
10137.6  4.043959E-13
10140.5  4.026699E-13
10143.4  4.045282E-13
10146.3  4.090196E-13
10149.2  4.138079E-13
10152.1  4.162837E-13
10155.  4.143889E-13
10157.9  4.074651E-13
10160.8  3.970132E-13
10163.7  3.933262E-13
10166.6  4.018491E-13
10169.5  4.095503E-13
10172.4  4.095141E-13
10175.3  4.099317E-13
10178.2  4.121314E-13
10181.1  4.089350E-13
10184.  4.024235E-13
10186.9  4.008318E-13
10189.8  4.020908E-13
10192.7  4.001558E-13
10195.6  3.960092E-13
10198.5  3.924281E-13
10201.4  3.925896E-13
10204.3  3.974099E-13
10207.2  3.988933E-13
10210.1  3.942152E-13
10213.  3.938103E-13
10215.9  3.999964E-13
10218.8  4.036964E-13
10221.7  4.025214E-13
10224.6  3.992922E-13
10227.5  3.964094E-13
10230.4  3.961141E-13
10233.3  3.959153E-13
10236.2  3.926201E-13
10239.1  3.897249E-13
10242.  3.906466E-13
10244.9  3.939451E-13
10247.8  3.975194E-13
10250.7  3.992977E-13
10253.6  3.975892E-13
10256.5  3.914827E-13
10259.4  3.826391E-13
10262.3  3.744651E-13
10265.2  3.726599E-13
10268.1  3.834186E-13
10271.  3.944168E-13
10273.9  3.899876E-13
10276.8  3.859401E-13
10279.7  3.978268E-13
10282.6  4.094208E-13
10285.5  4.069816E-13
10288.4  3.920543E-13
10291.3  3.722232E-13
10294.2  3.644261E-13
10297.1  3.707929E-13
10300.  3.770497E-13
10302.9  3.778414E-13
10305.8  3.739075E-13
10308.7  3.664115E-13
10311.6  3.576242E-13
10314.5  3.567793E-13
10317.4  3.701134E-13
10320.3  3.802357E-13
10323.2  3.753073E-13
10326.1  3.723736E-13
10329.  3.790305E-13
10331.9  3.802498E-13
10334.8  3.740207E-13
10337.7  3.742862E-13
10340.6  3.792212E-13
10343.5  3.763038E-13
10346.4  3.702022E-13
10349.3  3.718792E-13
10352.2  3.795547E-13
10355.1  3.878082E-13
10358.  3.916193E-13
10360.9  3.876700E-13
10363.8  3.773084E-13
10366.7  3.652377E-13
10369.6  3.621975E-13
10372.5  3.687347E-13
10375.4  3.706186E-13
10378.3  3.678845E-13
10381.2  3.723084E-13
10384.1  3.801214E-13
10387.  3.806783E-13
10389.9  3.774419E-13
10392.8  3.768521E-13
10395.7  3.711834E-13
10398.6  3.560872E-13
10401.5  3.505457E-13
10404.4  3.641521E-13
10407.3  3.796694E-13
10410.2  3.853776E-13
10413.1  3.795625E-13
10416.  3.670009E-13
10418.9  3.587285E-13
10421.8  3.593697E-13
10424.7  3.688282E-13
10427.6  3.793957E-13
10430.5  3.817242E-13
10433.4  3.788343E-13
10436.3  3.755374E-13
10439.2  3.684987E-13
10442.1  3.582626E-13
10445.  3.587622E-13
10447.9  3.717957E-13
10450.8  3.772409E-13
10453.7  3.713287E-13
10456.6  3.682489E-13
10459.5  3.678439E-13
10462.4  3.615319E-13
10465.3  3.535434E-13
10468.2  3.517790E-13
10471.1  3.514256E-13
10474.  3.467728E-13
10476.9  3.442133E-13
10479.8  3.480896E-13
10482.7  3.507951E-13
10485.6  3.502820E-13
10488.5  3.572853E-13
10491.4  3.706443E-13
10494.3  3.755214E-13
10497.2  3.678500E-13
10500.1  3.509761E-13
10503.  3.389578E-13
10505.9  3.485394E-13
10508.8  3.584545E-13
10511.7  3.450245E-13
10514.6  3.415065E-13
10517.5  3.723015E-13
10520.4  4.004976E-13
10523.3  4.013804E-13
10526.2  3.855137E-13
10529.1  3.670119E-13
10532.  3.656410E-13
10534.9  3.748028E-13
10537.8  3.643082E-13
10540.7  3.488219E-13
10543.6  3.627526E-13
10546.5  3.770241E-13
10549.4  3.535210E-13
10552.3  3.298957E-13
10555.2  3.427710E-13
10558.1  3.717592E-13
10561.  3.941047E-13
10563.9  3.948455E-13
10566.8  3.736296E-13
10569.7  3.519300E-13
10572.6  3.450835E-13
10575.5  3.616875E-13
10578.4  3.847899E-13
10581.3  3.844864E-13
10584.2  3.576910E-13
10587.1  3.146506E-13
10590.  2.870790E-13
10592.9  2.996275E-13
10595.8  3.258863E-13
10598.7  3.399384E-13
10601.6  3.348454E-13
10604.5  3.202863E-13
10607.4  3.349057E-13
10610.3  3.772047E-13
10613.2  4.025063E-13
10616.1  3.986184E-13
10619.  3.746336E-13
10621.9  3.451789E-13
10624.8  3.264461E-13
10627.7  3.117736E-13
10630.6  2.915661E-13
10633.5  2.725982E-13
10636.4  2.635501E-13
10639.3  2.750997E-13
10642.2  3.052498E-13
10645.1  3.275583E-13
10648.  3.338220E-13
10650.9  3.405367E-13
10653.8  3.434047E-13
10656.7  3.232186E-13
10659.6  3.073015E-13
10662.5  3.367396E-13
10665.4  3.704349E-13
10668.3  3.569548E-13
10671.2  3.197759E-13
10674.1  2.895049E-13
10677.  2.734079E-13
10679.9  2.776198E-13
10682.8  3.077965E-13
10685.7  3.584585E-13
10688.6  4.135833E-13
10691.5  4.494103E-13
10694.4  4.379472E-13
10697.3  3.962853E-13
10700.2  3.635269E-13
10703.1  3.440114E-13
10706.  3.303682E-13
10708.9  3.112590E-13
10711.8  2.811688E-13
10714.7  2.677472E-13
10717.6  2.827565E-13
10720.5  2.916588E-13
10723.4  2.791063E-13
10726.3  2.617084E-13
10729.2  2.506923E-13
10732.1  2.503574E-13
10735.  2.773493E-13
10737.9  3.504664E-13
10740.8  4.191632E-13
10743.7  4.194892E-13
10746.6  3.745160E-13
10749.5  3.237076E-13
10752.4  2.754321E-13
10755.3  2.419281E-13
10758.2  2.518976E-13
10761.1  3.100022E-13
10764.  3.893865E-13
10766.9  4.402535E-13
10769.8  3.904286E-13
10772.7  2.814822E-13
10775.6  2.242559E-13
10778.5  2.509213E-13
10781.4  3.502197E-13
10784.3  4.324534E-13
10787.2  4.124267E-13
10790.1  3.240209E-13
10793.  2.305844E-13
10795.9  2.274880E-13
10798.8  3.304368E-13
10801.7  3.941397E-13
10804.6  3.734369E-13
10807.5  3.512496E-13
10810.4  3.479432E-13
10813.3  3.415880E-13
10816.2  3.394767E-13
10819.1  3.570254E-13
10822.  3.485287E-13
10824.9  2.756014E-13
10827.8  2.501423E-13
10830.7  3.501627E-13
10833.6  4.562704E-13
10836.5  4.854625E-13
10839.4  4.751860E-13
10842.3  4.382335E-13
10845.2  3.515547E-13
10848.1  2.454712E-13
10851.  1.828415E-13
10853.9  2.181686E-13
10856.8  3.868212E-13
10859.7  5.479788E-13
10862.6  5.385247E-13
10865.5  4.212788E-13
10868.4  2.981218E-13
10871.3  2.237285E-13
10874.2  2.261771E-13
10877.1  2.771636E-13
10880.  3.354779E-13
10882.9  3.566634E-13
10885.8  3.171401E-13
10888.7  2.117734E-13
10891.6  1.306991E-13
10894.5  2.046869E-13
10897.4  3.556790E-13
10900.3  4.418356E-13
10903.2  4.168212E-13
10906.1  2.909426E-13
10909.  2.263957E-13
10911.9  3.204089E-13
10914.8  4.462672E-13
10917.7  4.923708E-13
10920.6  3.875078E-13
10923.5  1.999353E-13
10926.4  1.498124E-13
10929.3  2.339123E-13
10932.2  3.045067E-13
10935.1  3.138321E-13
10938.  2.591468E-13
10940.9  1.906316E-13
10943.8  1.655495E-13
10946.7  1.915307E-13
10949.6  2.488102E-13
10952.5  2.592535E-13
10955.4  1.970056E-13
10958.3  1.453224E-13
10961.2  1.462857E-13
10964.1  1.867926E-13
10967.  2.557567E-13
10969.9  3.409193E-13
10972.8  3.931939E-13
10975.7  3.592372E-13
10978.6  2.735991E-13
10981.5  1.956847E-13
10984.4  1.638491E-13
10987.3  1.966124E-13
10990.2  2.660405E-13
10993.1  3.356236E-13
10996.  3.666152E-13
10998.9  3.543852E-13
