3050.  9.127726E-15
3052.9  2.727204E-14
3055.8  2.938443E-14
3058.7  1.357576E-14
3061.6  1.512608E-14
3064.5  1.868346E-14
3067.4  2.050175E-14
3070.3  3.202171E-14
3073.2  3.424418E-14
3076.1  1.902576E-14
3079.  1.510296E-14
3081.9  2.127815E-14
3084.8  3.402336E-14
3087.7  3.103209E-14
3090.6  1.788046E-14
3093.5  2.167012E-14
3096.4  2.596221E-14
3099.3  2.817429E-14
3102.2  3.089145E-14
3105.1  2.892941E-14
3108.  4.016639E-14
3110.9  4.022480E-14
3113.8  3.458768E-14
3116.7  2.882268E-14
3119.6  2.382391E-14
3122.5  2.727635E-14
3125.4  3.200151E-14
3128.3  3.131509E-14
3131.2  3.449895E-14
3134.1  3.034692E-14
3137.  3.126008E-14
3139.9  2.983610E-14
3142.8  2.737318E-14
3145.7  3.053194E-14
3148.6  3.108486E-14
3151.5  3.130672E-14
3154.4  2.894869E-14
3157.3  2.080693E-14
3160.2  2.118326E-14
3163.1  3.111355E-14
3166.  3.353978E-14
3168.9  3.717856E-14
3171.8  3.650300E-14
3174.7  2.987689E-14
3177.6  3.233199E-14
3180.5  3.402542E-14
3183.4  3.173782E-14
3186.3  3.295640E-14
3189.2  3.414707E-14
3192.1  2.921461E-14
3195.  2.976277E-14
3197.9  3.277641E-14
3200.8  3.420144E-14
3203.7  3.217291E-14
3206.6  2.950740E-14
3209.5  3.214533E-14
3212.4  2.938688E-14
3215.3  3.011883E-14
3218.2  3.202200E-14
3221.1  2.839948E-14
3224.  2.519457E-14
3226.9  2.339005E-14
3229.8  2.776506E-14
3232.7  3.126556E-14
3235.6  3.150824E-14
3238.5  3.167533E-14
3241.4  3.482688E-14
3244.3  3.591380E-14
3247.2  3.810114E-14
3250.1  4.308951E-14
3253.  4.485185E-14
3255.9  4.652583E-14
3258.8  4.685323E-14
3261.7  4.557574E-14
3264.6  4.366514E-14
3267.5  4.780205E-14
3270.4  4.500901E-14
3273.3  4.334135E-14
3276.2  4.649025E-14
3279.1  4.493591E-14
3282.  4.156921E-14
3284.9  4.474613E-14
3287.8  4.584493E-14
3290.7  4.999188E-14
3293.6  5.493155E-14
3296.5  5.209806E-14
3299.4  4.902231E-14
3302.3  4.451913E-14
3305.2  4.481542E-14
3308.1  4.567233E-14
3311.  4.339884E-14
3313.9  4.346460E-14
3316.8  4.432741E-14
3319.7  4.290038E-14
3322.6  4.373850E-14
3325.5  4.546713E-14
3328.4  4.316514E-14
3331.3  3.974652E-14
3334.2  4.532100E-14
3337.1  4.459021E-14
3340.  4.678605E-14
3342.9  4.855000E-14
3345.8  4.433366E-14
3348.7  4.462967E-14
3351.6  4.574914E-14
3354.5  4.195254E-14
3357.4  3.718295E-14
3360.3  3.524789E-14
3363.2  3.797404E-14
3366.1  3.917362E-14
3369.  4.050666E-14
3371.9  4.124887E-14
3374.8  4.248229E-14
3377.7  4.406593E-14
3380.6  4.327370E-14
3383.5  4.619862E-14
3386.4  4.597053E-14
3389.3  4.571064E-14
3392.2  4.753165E-14
3395.1  4.996349E-14
3398.  5.230221E-14
3400.9  4.980624E-14
3403.8  4.697064E-14
3406.7  4.529368E-14
3409.6  4.161275E-14
3412.5  4.443755E-14
3415.4  4.807630E-14
3418.3  4.835230E-14
3421.2  4.706851E-14
3424.1  4.612764E-14
3427.  4.573215E-14
3429.9  4.230971E-14
3432.8  3.625617E-14
3435.7  3.403469E-14
3438.6  3.246966E-14
3441.5  3.437692E-14
3444.4  4.071700E-14
3447.3  4.424370E-14
3450.2  4.578280E-14
3453.1  4.500957E-14
3456.  4.121685E-14
3458.9  4.191672E-14
3461.8  4.326070E-14
3464.7  4.565140E-14
3467.6  4.614738E-14
3470.5  4.382122E-14
3473.4  4.201994E-14
3476.3  4.251608E-14
3479.2  4.540779E-14
3482.1  4.638184E-14
3485.  4.295884E-14
3487.9  4.117433E-14
3490.8  4.293489E-14
3493.7  4.620007E-14
3496.6  5.227715E-14
3499.5  5.629278E-14
3502.4  5.540927E-14
3505.3  5.380454E-14
3508.2  5.145456E-14
3511.1  4.495950E-14
3514.  4.565060E-14
3516.9  4.686033E-14
3519.8  4.333869E-14
3522.7  4.269548E-14
3525.6  4.626565E-14
3528.5  5.044163E-14
3531.4  5.467220E-14
3534.3  5.699601E-14
3537.2  5.889518E-14
3540.1  6.078308E-14
3543.  5.857993E-14
3545.9  5.570363E-14
3548.8  5.516621E-14
3551.7  5.259326E-14
3554.6  5.188297E-14
3557.5  5.070924E-14
3560.4  4.556437E-14
3563.3  3.822336E-14
3566.2  3.543169E-14
3569.1  3.804028E-14
3572.  3.857737E-14
3574.9  3.443970E-14
3577.8  3.130151E-14
3580.7  3.014282E-14
3583.6  3.494537E-14
3586.5  4.206505E-14
3589.4  4.984217E-14
3592.3  5.499130E-14
3595.2  6.000083E-14
3598.1  5.634396E-14
3601.  5.074739E-14
3603.9  4.518767E-14
3606.8  4.354860E-14
3609.7  4.497262E-14
3612.6  4.665860E-14
3615.5  4.645538E-14
3618.4  4.846346E-14
3621.3  5.323461E-14
3624.2  5.443371E-14
3627.1  5.194170E-14
3630.  4.834630E-14
3632.9  5.050584E-14
3635.8  5.551193E-14
3638.7  5.497085E-14
3641.6  5.162986E-14
3644.5  5.092249E-14
3647.4  5.410302E-14
3650.3  6.314921E-14
3653.2  7.110824E-14
3656.1  7.273942E-14
3659.  7.172262E-14
3661.9  6.792851E-14
3664.8  6.739057E-14
3667.7  6.779320E-14
3670.6  6.637242E-14
3673.5  6.492231E-14
3676.4  5.960092E-14
3679.3  5.762754E-14
3682.2  5.696070E-14
3685.1  5.729242E-14
3688.  5.720085E-14
3690.9  5.662357E-14
3693.8  5.604624E-14
3696.7  5.546896E-14
3699.6  6.467720E-14
3702.5  5.591033E-14
3705.4  5.465057E-14
3708.3  6.142541E-14
3711.2  6.622219E-14
3714.1  6.030949E-14
3717.  4.992803E-14
3719.9  4.439583E-14
3722.8  4.701115E-14
3725.7  4.946594E-14
3728.6  4.470772E-14
3731.5  3.917030E-14
3734.4  3.588240E-14
3737.3  3.752021E-14
3740.2  3.917667E-14
3743.1  3.673233E-14
3746.  3.734738E-14
3748.9  4.267630E-14
3751.8  5.042172E-14
3754.7  5.015964E-14
3757.6  4.638755E-14
3760.5  4.723118E-14
3763.4  5.106368E-14
3766.3  5.639431E-14
3769.2  6.335000E-14
3772.1  6.901757E-14
3775.  7.034103E-14
3777.9  6.947592E-14
3780.8  6.712042E-14
3783.7  6.060817E-14
3786.6  5.556144E-14
3789.5  5.089889E-14
3792.4  4.931876E-14
3795.3  4.915229E-14
3798.2  5.321132E-14
3801.1  5.785139E-14
3804.  5.693697E-14
3806.9  5.339648E-14
3809.8  4.960470E-14
3812.7  4.182875E-14
3815.6  3.653164E-14
3818.5  3.208352E-14
3821.4  2.997589E-14
3824.3  2.769326E-14
3827.2  2.762859E-14
3830.1  2.760246E-14
3833.  2.903775E-14
3835.9  3.022000E-14
3838.8  3.524362E-14
3841.7  4.351203E-14
3844.6  4.702831E-14
3847.5  4.797621E-14
3850.4  4.447514E-14
3853.3  4.064924E-14
3856.2  3.828766E-14
3859.1  3.960879E-14
3862.  4.509141E-14
3864.9  4.568601E-14
3867.8  4.184704E-14
3870.7  4.246684E-14
3873.6  4.509792E-14
3876.5  4.316673E-14
3879.4  4.279447E-14
3882.3  4.400054E-14
3885.2  4.728198E-14
3888.1  5.300483E-14
3891.  5.900687E-14
3893.9  5.897895E-14
3896.8  5.737735E-14
3899.7  5.673484E-14
3902.6  5.715711E-14
3905.5  6.269838E-14
3908.4  6.806579E-14
3911.3  6.856302E-14
3914.2  6.493258E-14
3917.1  5.835980E-14
3920.  5.145844E-14
3922.9  4.466387E-14
3925.8  3.581234E-14
3928.7  2.719745E-14
3931.6  2.584425E-14
3934.5  3.084609E-14
3937.4  4.007207E-14
3940.3  4.816851E-14
3943.2  5.655716E-14
3946.1  6.483029E-14
3949.  6.802731E-14
3951.9  6.777795E-14
3954.8  6.458960E-14
3957.7  5.444063E-14
3960.6  4.330373E-14
3963.5  3.493673E-14
3966.4  3.161493E-14
3969.3  3.889404E-14
3972.2  5.314949E-14
3975.1  6.730524E-14
3978.  7.751633E-14
3980.9  8.376278E-14
3983.8  8.675666E-14
3986.7  8.778727E-14
3989.6  9.121683E-14
3992.5  9.266059E-14
3995.4  9.061750E-14
3998.3  9.203042E-14
4001.2  9.285332E-14
4004.1  9.284060E-14
4007.  9.575680E-14
4009.9  9.938103E-14
4012.8  1.001122E-13
4015.7  9.955887E-14
4018.6  1.006932E-13
4021.5  1.011119E-13
4024.4  9.801054E-14
4027.3  9.067242E-14
4030.2  8.657970E-14
4033.1  8.852244E-14
4036.  9.403060E-14
4038.9  9.057607E-14
4041.8  8.446995E-14
4044.7  8.205615E-14
4047.6  8.853407E-14
4050.5  9.304317E-14
4053.4  8.948939E-14
4056.3  8.491431E-14
4059.2  8.039200E-14
4062.1  7.675206E-14
4065.  8.040792E-14
4067.9  8.337082E-14
4070.8  8.342300E-14
4073.7  8.440702E-14
4076.6  8.789559E-14
4079.5  9.285712E-14
4082.4  9.341663E-14
4085.3  9.542193E-14
4088.2  9.767025E-14
4091.1  9.559189E-14
4094.  8.993777E-14
4096.9  8.601390E-14
4099.8  8.613906E-14
4102.7  9.201458E-14
4105.6  9.676014E-14
4108.5  9.921894E-14
4111.4  9.745416E-14
4114.3  9.882899E-14
4117.2  1.001584E-13
4120.1  9.863020E-14
4123.  9.775910E-14
4125.9  9.464970E-14
4128.8  9.010335E-14
4131.7  8.986208E-14
4134.6  9.505081E-14
4137.5  9.631594E-14
4140.4  9.274248E-14
4143.3  9.005132E-14
4146.2  9.348963E-14
4149.1  9.497972E-14
4152.  9.513145E-14
4154.9  9.655568E-14
4157.8  1.004796E-13
4160.7  1.012385E-13
4163.6  9.931392E-14
4166.5  9.718658E-14
4169.4  9.279218E-14
4172.3  9.078858E-14
4175.2  9.251302E-14
4178.1  9.260036E-14
4181.  9.210360E-14
4183.9  9.119887E-14
4186.8  9.129064E-14
4189.7  9.319428E-14
4192.6  9.260075E-14
4195.5  8.883562E-14
4198.4  8.708754E-14
4201.3  9.226475E-14
4204.2  9.828093E-14
4207.1  1.011532E-13
4210.  9.998897E-14
4212.9  9.903124E-14
4215.8  9.773788E-14
4218.7  9.459058E-14
4221.6  8.621849E-14
4224.5  7.918876E-14
4227.4  8.405459E-14
4230.3  9.090469E-14
4233.2  9.133083E-14
4236.1  9.223264E-14
4239.  9.691444E-14
4241.9  9.847425E-14
4244.8  9.561532E-14
4247.7  9.028228E-14
4250.6  8.949890E-14
4253.5  8.925400E-14
4256.4  8.930820E-14
4259.3  9.062954E-14
4262.2  9.490413E-14
4265.1  9.211950E-14
4268.  8.325681E-14
4270.9  7.836140E-14
4273.8  8.395938E-14
4276.7  9.140310E-14
4279.6  9.231369E-14
4282.5  9.055377E-14
4285.4  8.684735E-14
4288.3  8.489307E-14
4291.2  8.196669E-14
4294.1  7.870110E-14
4297.  7.026340E-14
4299.9  6.345725E-14
4302.8  6.197149E-14
4305.7  6.346112E-14
4308.6  7.095962E-14
4311.5  8.577850E-14
4314.4  1.013765E-13
4317.3  1.049657E-13
4320.2  9.697685E-14
4323.1  9.025898E-14
4326.  9.729930E-14
4328.9  1.061561E-13
4331.8  1.073931E-13
4334.7  1.020767E-13
4337.6  9.563451E-14
4340.5  9.749203E-14
4343.4  1.049168E-13
4346.3  1.077413E-13
4349.2  1.039644E-13
4352.1  1.024279E-13
4355.  1.065821E-13
4357.9  1.104978E-13
4360.8  1.134741E-13
4363.7  1.131456E-13
4366.6  1.096461E-13
4369.5  1.053173E-13
4372.4  1.011448E-13
4375.3  9.795435E-14
4378.2  9.225223E-14
4381.1  8.524636E-14
4384.  8.645269E-14
4386.9  9.483409E-14
4389.8  9.948495E-14
4392.7  1.037017E-13
4395.6  1.048378E-13
4398.5  1.000647E-13
4401.4  9.364214E-14
4404.3  9.273245E-14
4407.2  1.005983E-13
4410.1  1.074657E-13
4413.  1.065094E-13
4415.9  1.075009E-13
4418.8  1.099514E-13
4421.7  1.089990E-13
4424.6  1.093179E-13
4427.5  1.096634E-13
4430.4  1.091795E-13
4433.3  1.095330E-13
4436.2  1.120282E-13
4439.1  1.132512E-13
4442.  1.139067E-13
4444.9  1.163792E-13
4447.8  1.160571E-13
4450.7  1.111030E-13
4453.6  1.052518E-13
4456.5  1.024019E-13
4459.4  1.044133E-13
4462.3  1.111159E-13
4465.2  1.189207E-13
4468.1  1.270682E-13
4471.  1.318666E-13
4473.9  1.306324E-13
4476.8  1.238985E-13
4479.7  1.193102E-13
4482.6  1.206736E-13
4485.5  1.214942E-13
4488.4  1.197781E-13
4491.3  1.193384E-13
4494.2  1.205513E-13
4497.1  1.222263E-13
4500.  1.257482E-13
4502.9  1.310196E-13
4505.8  1.339479E-13
4508.7  1.321735E-13
4511.6  1.286809E-13
4514.5  1.259778E-13
4517.4  1.236892E-13
4520.3  1.221146E-13
4523.2  1.163008E-13
4526.1  1.104195E-13
4529.  1.087339E-13
4531.9  1.105999E-13
4534.8  1.157829E-13
4537.7  1.225280E-13
4540.6  1.231820E-13
4543.5  1.197353E-13
4546.4  1.173465E-13
4549.3  1.192094E-13
4552.2  1.219117E-13
4555.1  1.236041E-13
4558.  1.261194E-13
4560.9  1.271688E-13
4563.8  1.257673E-13
4566.7  1.268982E-13
4569.6  1.299421E-13
4572.5  1.292242E-13
4575.4  1.263835E-13
4578.3  1.217385E-13
4581.2  1.202413E-13
4584.1  1.207447E-13
4587.  1.220367E-13
4589.9  1.213373E-13
4592.8  1.199535E-13
4595.7  1.202445E-13
4598.6  1.190528E-13
4601.5  1.213981E-13
4604.4  1.253014E-13
4607.3  1.280472E-13
4610.2  1.275173E-13
4613.1  1.276448E-13
4616.  1.293114E-13
4618.9  1.303506E-13
4621.8  1.295974E-13
4624.7  1.291447E-13
4627.6  1.284861E-13
4630.5  1.267457E-13
4633.4  1.247331E-13
4636.3  1.238594E-13
4639.2  1.241851E-13
4642.1  1.227752E-13
4645.  1.192426E-13
4647.9  1.190977E-13
4650.8  1.213926E-13
4653.7  1.229411E-13
4656.6  1.241931E-13
4659.5  1.222942E-13
4662.4  1.181290E-13
4665.3  1.156715E-13
4668.2  1.192924E-13
4671.1  1.229275E-13
4674.  1.241092E-13
4676.9  1.226003E-13
4679.8  1.203490E-13
4682.7  1.217104E-13
4685.6  1.242914E-13
4688.5  1.228353E-13
4691.4  1.235480E-13
4694.3  1.229200E-13
4697.2  1.195147E-13
4700.1  1.153825E-13
4703.  1.149559E-13
4705.9  1.165213E-13
4708.8  1.192599E-13
4711.7  1.244299E-13
4714.6  1.279739E-13
4717.5  1.297669E-13
4720.4  1.281211E-13
4723.3  1.271615E-13
4726.2  1.236965E-13
4729.1  1.211881E-13
4732.  1.231017E-13
4734.9  1.239557E-13
4737.8  1.238962E-13
4740.7  1.270182E-13
4743.6  1.277423E-13
4746.5  1.278898E-13
4749.4  1.263564E-13
4752.3  1.247185E-13
4755.2  1.253796E-13
4758.1  1.258682E-13
4761.  1.245614E-13
4763.9  1.227590E-13
4766.8  1.233646E-13
4769.7  1.269201E-13
4772.6  1.297772E-13
4775.5  1.316942E-13
4778.4  1.311954E-13
4781.3  1.281562E-13
4784.2  1.245214E-13
4787.1  1.249942E-13
4790.  1.283107E-13
4792.9  1.314723E-13
4795.8  1.311661E-13
4798.7  1.273945E-13
4801.6  1.271129E-13
4804.5  1.271184E-13
4807.4  1.275944E-13
4810.3  1.282993E-13
4813.2  1.273274E-13
4816.1  1.292390E-13
4819.  1.296509E-13
4821.9  1.272219E-13
4824.8  1.256513E-13
4827.7  1.264407E-13
4830.6  1.276460E-13
4833.5  1.272069E-13
4836.4  1.255656E-13
4839.3  1.255538E-13
4842.2  1.243493E-13
4845.1  1.214026E-13
4848.  1.190911E-13
4850.9  1.176592E-13
4853.8  1.136403E-13
4856.7  1.068950E-13
4859.6  1.014431E-13
4862.5  1.049537E-13
4865.4  1.114658E-13
4868.3  1.113561E-13
4871.2  1.111051E-13
4874.1  1.157191E-13
4877.  1.192367E-13
4879.9  1.195083E-13
4882.8  1.174612E-13
4885.7  1.140898E-13
4888.6  1.129524E-13
4891.5  1.189236E-13
4894.4  1.285308E-13
4897.3  1.309294E-13
4900.2  1.278456E-13
4903.1  1.241263E-13
4906.  1.225081E-13
4908.9  1.205502E-13
4911.8  1.208157E-13
4914.7  1.153627E-13
4917.6  1.077036E-13
4920.5  1.089221E-13
4923.4  1.148693E-13
4926.3  1.219142E-13
4929.2  1.242619E-13
4932.1  1.219391E-13
4935.  1.182892E-13
4937.9  1.178906E-13
4940.8  1.224976E-13
4943.7  1.263191E-13
4946.6  1.282202E-13
4949.5  1.273712E-13
4952.4  1.215888E-13
4955.3  1.166270E-13
4958.2  1.183245E-13
4961.1  1.247347E-13
4964.  1.248115E-13
4966.9  1.229784E-13
4969.8  1.234246E-13
4972.7  1.264326E-13
4975.6  1.241326E-13
4978.5  1.181635E-13
4981.4  1.135600E-13
4984.3  1.150770E-13
4987.2  1.207209E-13
4990.1  1.236171E-13
4993.  1.229593E-13
4995.9  1.204831E-13
4998.8  1.167982E-13
5001.7  1.130051E-13
5004.6  1.111841E-13
5007.5  1.130382E-13
5010.4  1.136821E-13
5013.3  1.129461E-13
5016.2  1.158470E-13
5019.1  1.172048E-13
5022.  1.168480E-13
5024.9  1.180461E-13
5027.8  1.214310E-13
5030.7  1.243098E-13
5033.6  1.211550E-13
5036.5  1.159303E-13
5039.4  1.130210E-13
5042.3  1.163332E-13
5045.2  1.201393E-13
5048.1  1.192340E-13
5051.  1.199361E-13
5053.9  1.231668E-13
5056.8  1.252161E-13
5059.7  1.247467E-13
5062.6  1.195008E-13
5065.5  1.168538E-13
5068.4  1.178585E-13
5071.3  1.183603E-13
5074.2  1.178620E-13
5077.1  1.151440E-13
5080.  1.143216E-13
5082.9  1.172347E-13
5085.8  1.215696E-13
5088.7  1.242658E-13
5091.6  1.235795E-13
5094.5  1.212158E-13
5097.4  1.189136E-13
5100.3  1.182398E-13
5103.2  1.188847E-13
5106.1  1.181099E-13
5109.  1.191309E-13
5111.9  1.216932E-13
5114.8  1.233151E-13
5117.7  1.220308E-13
5120.6  1.186413E-13
5123.5  1.160243E-13
5126.4  1.159723E-13
5129.3  1.181493E-13
5132.2  1.180034E-13
5135.1  1.155177E-13
5138.  1.136489E-13
5140.9  1.126897E-13
5143.8  1.134100E-13
5146.7  1.146143E-13
5149.6  1.149576E-13
5152.5  1.157756E-13
5155.4  1.193650E-13
5158.3  1.183719E-13
5161.2  1.085285E-13
5164.1  9.434830E-14
5167.  8.529969E-14
5169.9  8.447840E-14
5172.8  9.078478E-14
5175.7  1.006247E-13
5178.6  9.976799E-14
5181.5  9.186225E-14
5184.4  9.528242E-14
5187.3  1.060117E-13
5190.2  1.095010E-13
5193.1  1.117884E-13
5196.  1.162550E-13
5198.9  1.174342E-13
5201.8  1.130530E-13
5204.7  1.077975E-13
5207.6  1.086815E-13
5210.5  1.146202E-13
5213.4  1.166004E-13
5216.3  1.176212E-13
5219.2  1.181205E-13
5222.1  1.160606E-13
5225.  1.112702E-13
5227.9  1.121085E-13
5230.8  1.141670E-13
5233.7  1.173457E-13
5236.6  1.228741E-13
5239.5  1.265565E-13
5242.4  1.250207E-13
5245.3  1.242948E-13
5248.2  1.226328E-13
5251.1  1.230085E-13
5254.  1.235057E-13
5256.9  1.225745E-13
5259.8  1.153088E-13
5262.7  1.054840E-13
5265.6  1.005628E-13
5268.5  1.010953E-13
5271.4  1.079508E-13
5274.3  1.161256E-13
5277.2  1.212644E-13
5280.1  1.204725E-13
5283.  1.212724E-13
5285.9  1.263218E-13
5288.8  1.292107E-13
5291.7  1.274992E-13
5294.6  1.233087E-13
5297.5  1.204719E-13
5300.4  1.229213E-13
5303.3  1.278433E-13
5306.2  1.295105E-13
5309.1  1.302347E-13
5312.  1.289831E-13
5314.9  1.263978E-13
5317.8  1.247259E-13
5320.7  1.207446E-13
5323.6  1.137471E-13
5326.5  1.103954E-13
5329.4  1.152209E-13
5332.3  1.219343E-13
5335.2  1.238855E-13
5338.1  1.206905E-13
5341.  1.186459E-13
5343.9  1.188990E-13
5346.8  1.195762E-13
5349.7  1.216579E-13
5352.6  1.267880E-13
5355.5  1.287491E-13
5358.4  1.280508E-13
5361.3  1.254191E-13
5364.2  1.214446E-13
5367.1  1.184040E-13
5370.  1.168482E-13
5372.9  1.206994E-13
5375.8  1.239324E-13
5378.7  1.251153E-13
5381.6  1.243419E-13
5384.5  1.248033E-13
5387.4  1.229524E-13
5390.3  1.201619E-13
5393.2  1.181543E-13
5396.1  1.165429E-13
5399.  1.174762E-13
5401.9  1.156469E-13
5404.8  1.131271E-13
5407.7  1.167604E-13
5410.6  1.201017E-13
5413.5  1.212150E-13
5416.4  1.236053E-13
5419.3  1.239128E-13
5422.2  1.211970E-13
5425.1  1.204512E-13
5428.  1.194623E-13
5430.9  1.165986E-13
5433.8  1.170333E-13
5436.7  1.224203E-13
5439.6  1.255852E-13
5442.5  1.237416E-13
5445.4  1.201177E-13
5448.3  1.218090E-13
5451.2  1.238890E-13
5454.1  1.232621E-13
5457.  1.244048E-13
5459.9  1.246398E-13
5462.8  1.226095E-13
5465.7  1.221149E-13
5468.6  1.224266E-13
5471.5  1.201825E-13
5474.4  1.175373E-13
5477.3  1.172387E-13
5480.2  1.203648E-13
5483.1  1.226240E-13
5486.  1.249058E-13
5488.9  1.248712E-13
5491.8  1.260575E-13
5494.7  1.260814E-13
5497.6  1.240091E-13
5500.5  1.228963E-13
5503.4  1.228133E-13
5506.3  1.230758E-13
5509.2  1.232612E-13
5512.1  1.228783E-13
5515.  1.238745E-13
5517.9  1.246090E-13
5520.8  1.234729E-13
5523.7  1.213821E-13
5526.6  1.200221E-13
5529.5  1.206974E-13
5532.4  1.228327E-13
5535.3  1.231513E-13
5538.2  1.232981E-13
5541.1  1.244054E-13
5544.  1.247485E-13
5546.9  1.246803E-13
5549.8  1.232548E-13
5552.7  1.219836E-13
5555.6  1.213843E-13
5558.5  1.212273E-13
5561.4  1.188554E-13
5564.3  1.193576E-13
5567.2  1.184310E-13
5570.1  1.176075E-13
5573.  1.180465E-13
5575.9  1.214366E-13
5578.8  1.218961E-13
5581.7  1.207193E-13
5584.6  1.164771E-13
5587.5  1.113818E-13
5590.4  1.127078E-13
5593.3  1.174455E-13
5596.2  1.184926E-13
5599.1  1.172296E-13
5602.  1.200951E-13
5604.9  1.256215E-13
5607.8  1.269748E-13
5610.7  1.237642E-13
5613.6  1.192221E-13
5616.5  1.183497E-13
5619.4  1.213131E-13
5622.3  1.225722E-13
5625.2  1.224219E-13
5628.1  1.236904E-13
5631.  1.246519E-13
5633.9  1.224950E-13
5636.8  1.210638E-13
5639.7  1.206343E-13
5642.6  1.212461E-13
5645.5  1.218424E-13
5648.4  1.205368E-13
5651.3  1.195490E-13
5654.2  1.184983E-13
5657.1  1.163552E-13
5660.  1.166603E-13
5662.9  1.186999E-13
5665.8  1.214241E-13
5668.7  1.234570E-13
5671.6  1.249497E-13
5674.5  1.246395E-13
5677.4  1.231888E-13
5680.3  1.212469E-13
5683.2  1.198067E-13
5686.1  1.189153E-13
5689.  1.193717E-13
5691.9  1.219939E-13
5694.8  1.229997E-13
5697.7  1.229476E-13
5700.6  1.208361E-13
5703.5  1.182976E-13
5706.4  1.166317E-13
5709.3  1.160118E-13
5712.2  1.182272E-13
5715.1  1.216754E-13
5718.  1.244086E-13
5720.9  1.261633E-13
5723.8  1.268418E-13
5726.7  1.254332E-13
5729.6  1.245356E-13
5732.5  1.255621E-13
5735.4  1.260889E-13
5738.3  1.252916E-13
5741.2  1.254459E-13
5744.1  1.250982E-13
5747.  1.238848E-13
5749.9  1.227234E-13
5752.8  1.225377E-13
5755.7  1.233027E-13
5758.6  1.240041E-13
5761.5  1.233551E-13
5764.4  1.242914E-13
5767.3  1.254929E-13
5770.2  1.239049E-13
5773.1  1.225167E-13
5776.  1.220693E-13
5778.9  1.197796E-13
5781.8  1.180691E-13
5784.7  1.202918E-13
5787.6  1.224316E-13
5790.5  1.228882E-13
5793.4  1.233540E-13
5796.3  1.234033E-13
5799.2  1.236637E-13
5802.1  1.236237E-13
5805.  1.234211E-13
5807.9  1.233701E-13
5810.8  1.237980E-13
5813.7  1.244524E-13
5816.6  1.252265E-13
5819.5  1.252417E-13
5822.4  1.251848E-13
5825.3  1.252077E-13
5828.2  1.249873E-13
5831.1  1.248556E-13
5834.  1.244478E-13
5836.9  1.244049E-13
5839.8  1.246261E-13
5842.7  1.245140E-13
5845.6  1.236653E-13
5848.5  1.217641E-13
5851.4  1.199706E-13
5854.3  1.186519E-13
5857.2  1.177941E-13
5860.1  1.184895E-13
5863.  1.198696E-13
5865.9  1.205406E-13
5868.8  1.214490E-13
5871.7  1.231866E-13
5874.6  1.244751E-13
5877.5  1.228492E-13
5880.4  1.185606E-13
5883.3  1.138928E-13
5886.2  1.084710E-13
5889.1  1.049097E-13
5892.  1.056362E-13
5894.9  1.094766E-13
5897.8  1.142365E-13
5900.7  1.175624E-13
5903.6  1.179234E-13
5906.5  1.156439E-13
5909.4  1.159470E-13
5912.3  1.185412E-13
5915.2  1.208712E-13
5918.1  1.216108E-13
5921.  1.216901E-13
5923.9  1.216849E-13
5926.8  1.208500E-13
5929.7  1.199703E-13
5932.6  1.203408E-13
5935.5  1.206875E-13
5938.4  1.206665E-13
5941.3  1.208553E-13
5944.2  1.204465E-13
5947.1  1.199684E-13
5950.  1.199235E-13
5952.9  1.205577E-13
5955.8  1.213967E-13
5958.7  1.210068E-13
5961.6  1.203944E-13
5964.5  1.207335E-13
5967.4  1.213988E-13
5970.3  1.212774E-13
5973.2  1.196403E-13
5976.1  1.186392E-13
5979.  1.184717E-13
5981.9  1.186235E-13
5984.8  1.191422E-13
5987.7  1.204160E-13
5990.6  1.209082E-13
5993.5  1.201125E-13
5996.4  1.195860E-13
5999.3  1.189166E-13
6002.2  1.177640E-13
6005.1  1.173891E-13
6008.  1.170984E-13
6010.9  1.171177E-13
6013.8  1.166856E-13
6016.7  1.165848E-13
6019.6  1.168782E-13
6022.5  1.181212E-13
6025.4  1.192054E-13
6028.3  1.203027E-13
6031.2  1.204334E-13
6034.1  1.200859E-13
6037.  1.199678E-13
6039.9  1.197259E-13
6042.8  1.198552E-13
6045.7  1.200706E-13
6048.6  1.204895E-13
6051.5  1.197502E-13
6054.4  1.186745E-13
6057.3  1.184185E-13
6060.2  1.182426E-13
6063.1  1.184240E-13
6066.  1.196614E-13
6068.9  1.204969E-13
6071.8  1.197322E-13
6074.7  1.181669E-13
6077.6  1.169145E-13
6080.5  1.163592E-13
6083.4  1.160026E-13
6086.3  1.156741E-13
6089.2  1.169099E-13
6092.1  1.174443E-13
6095.  1.173288E-13
6097.9  1.162282E-13
6100.8  1.160247E-13
6103.7  1.176266E-13
6106.6  1.174444E-13
6109.5  1.169697E-13
6112.4  1.169123E-13
6115.3  1.159085E-13
6118.2  1.147624E-13
6121.1  1.148310E-13
6124.  1.149541E-13
6126.9  1.151961E-13
6129.8  1.144999E-13
6132.7  1.121819E-13
6135.6  1.119593E-13
6138.5  1.134922E-13
6141.4  1.147595E-13
6144.3  1.147620E-13
6147.2  1.143272E-13
6150.1  1.135547E-13
6153.  1.125998E-13
6155.9  1.102237E-13
6158.8  1.082624E-13
6161.7  1.093141E-13
6164.6  1.106892E-13
6167.5  1.121786E-13
6170.4  1.139016E-13
6173.3  1.149639E-13
6176.2  1.153561E-13
6179.1  1.157503E-13
6182.  1.155239E-13
6184.9  1.143800E-13
6187.8  1.140857E-13
6190.7  1.151462E-13
6193.6  1.153588E-13
6196.5  1.153205E-13
6199.4  1.159368E-13
6202.3  1.168888E-13
6205.2  1.159473E-13
6208.1  1.143636E-13
6211.  1.124451E-13
6213.9  1.117818E-13
6216.8  1.118597E-13
6219.7  1.129961E-13
6222.6  1.140451E-13
6225.5  1.130521E-13
6228.4  1.122873E-13
6231.3  1.128158E-13
6234.2  1.135673E-13
6237.1  1.124924E-13
6240.  1.103030E-13
6242.9  1.095995E-13
6245.8  1.101766E-13
6248.7  1.100032E-13
6251.6  1.095579E-13
6254.5  1.101285E-13
6257.4  1.116453E-13
6260.3  1.124833E-13
6263.2  1.134884E-13
6266.1  1.137292E-13
6269.  1.135393E-13
6271.9  1.139794E-13
6274.8  1.139178E-13
6277.7  1.135707E-13
6280.6  1.141498E-13
6283.5  1.140433E-13
6286.4  1.138948E-13
6289.3  1.128925E-13
6292.2  1.113900E-13
6295.1  1.101874E-13
6298.  1.101071E-13
6300.9  1.110312E-13
6303.8  1.118697E-13
6306.7  1.118611E-13
6309.6  1.108831E-13
6312.5  1.090492E-13
6315.4  1.093224E-13
6318.3  1.113416E-13
6321.2  1.124833E-13
6324.1  1.127848E-13
6327.  1.134205E-13
6329.9  1.130849E-13
6332.8  1.115350E-13
6335.7  1.104169E-13
6338.6  1.102709E-13
6341.5  1.111516E-13
6344.4  1.129355E-13
6347.3  1.129661E-13
6350.2  1.114294E-13
6353.1  1.098951E-13
6356.  1.091371E-13
6358.9  1.097806E-13
6361.8  1.103860E-13
6364.7  1.109776E-13
6367.6  1.128120E-13
6370.5  1.139831E-13
6373.4  1.136004E-13
6376.3  1.126166E-13
6379.2  1.125347E-13
6382.1  1.121170E-13
6385.  1.119350E-13
6387.9  1.115036E-13
6390.8  1.101595E-13
6393.7  1.098267E-13
6396.6  1.096924E-13
6399.5  1.094918E-13
6402.4  1.098279E-13
6405.3  1.092967E-13
6408.2  1.083577E-13
6411.1  1.077276E-13
6414.  1.079244E-13
6416.9  1.087744E-13
6419.8  1.087019E-13
6422.7  1.103608E-13
6425.6  1.120366E-13
6428.5  1.114510E-13
6431.4  1.111699E-13
6434.3  1.114094E-13
6437.2  1.104736E-13
6440.1  1.101659E-13
6443.  1.109124E-13
6445.9  1.104729E-13
6448.8  1.094566E-13
6451.7  1.085545E-13
6454.6  1.089464E-13
6457.5  1.095429E-13
6460.4  1.092824E-13
6463.3  1.094293E-13
6466.2  1.089427E-13
6469.1  1.097353E-13
6472.  1.096661E-13
6474.9  1.099705E-13
6477.8  1.111475E-13
6480.7  1.112038E-13
6483.6  1.099675E-13
6486.5  1.084467E-13
6489.4  1.068515E-13
6492.3  1.059004E-13
6495.2  1.060693E-13
6498.1  1.074770E-13
6501.  1.095373E-13
6503.9  1.110594E-13
6506.8  1.116780E-13
6509.7  1.115836E-13
6512.6  1.111230E-13
6515.5  1.107046E-13
6518.4  1.105312E-13
6521.3  1.106221E-13
6524.2  1.104644E-13
6527.1  1.097934E-13
6530.  1.092679E-13
6532.9  1.091219E-13
6535.8  1.087681E-13
6538.7  1.080448E-13
6541.6  1.072354E-13
6544.5  1.063050E-13
6547.4  1.050695E-13
6550.3  1.032977E-13
6553.2  1.008763E-13
6556.1  9.844615E-14
6559.  9.684392E-14
6561.9  9.697902E-14
6564.8  9.917259E-14
6567.7  1.022347E-13
6570.6  1.050770E-13
6573.5  1.071772E-13
6576.4  1.083493E-13
6579.3  1.088495E-13
6582.2  1.088723E-13
6585.1  1.085615E-13
6588.  1.080412E-13
6590.9  1.074186E-13
6593.8  1.070898E-13
6596.7  1.073842E-13
6599.6  1.079151E-13
6602.5  1.082967E-13
6605.4  1.086410E-13
6608.3  1.090317E-13
6611.2  1.094367E-13
6614.1  1.097319E-13
6617.  1.096683E-13
6619.9  1.092039E-13
6622.8  1.084728E-13
6625.7  1.077720E-13
6628.6  1.074462E-13
6631.5  1.074681E-13
6634.4  1.076633E-13
6637.3  1.078671E-13
6640.2  1.079494E-13
6643.1  1.079328E-13
6646.  1.078732E-13
6648.9  1.078546E-13
6651.8  1.078613E-13
6654.7  1.077091E-13
6657.6  1.074249E-13
6660.5  1.072209E-13
6663.4  1.072441E-13
6666.3  1.075865E-13
6669.2  1.080192E-13
6672.1  1.082401E-13
6675.  1.084122E-13
6677.9  1.087244E-13
6680.8  1.090587E-13
6683.7  1.092335E-13
6686.6  1.089681E-13
6689.5  1.082335E-13
6692.4  1.074386E-13
6695.3  1.067683E-13
6698.2  1.061369E-13
6701.1  1.056683E-13
6704.  1.055828E-13
6706.9  1.057016E-13
6709.8  1.057172E-13
6712.7  1.055624E-13
6715.6  1.052910E-13
6718.5  1.052432E-13
6721.4  1.056236E-13
6724.3  1.061214E-13
6727.2  1.064378E-13
6730.1  1.063625E-13
6733.  1.059930E-13
6735.9  1.058142E-13
6738.8  1.058388E-13
6741.7  1.057359E-13
6744.6  1.055507E-13
6747.5  1.054766E-13
6750.4  1.055718E-13
6753.3  1.058390E-13
6756.2  1.062186E-13
6759.1  1.066080E-13
6762.  1.068536E-13
6764.9  1.068406E-13
6767.8  1.065091E-13
6770.7  1.060113E-13
6773.6  1.057785E-13
6776.5  1.058049E-13
6779.4  1.057226E-13
6782.3  1.054969E-13
6785.2  1.052556E-13
6788.1  1.051278E-13
6791.  1.052092E-13
6793.9  1.053406E-13
6796.8  1.053527E-13
6799.7  1.052579E-13
6802.6  1.050945E-13
6805.5  1.048918E-13
6808.4  1.047355E-13
6811.3  1.047954E-13
6814.2  1.049943E-13
6817.1  1.050353E-13
6820.  1.048476E-13
6822.9  1.044977E-13
6825.8  1.042098E-13
6828.7  1.042098E-13
6831.6  1.042269E-13
6834.5  1.039749E-13
6837.4  1.035418E-13
6840.3  1.031444E-13
6843.2  1.032582E-13
6846.1  1.039069E-13
6849.  1.043127E-13
6851.9  1.042379E-13
6854.8  1.040299E-13
6857.7  1.037977E-13
6860.6  1.035653E-13
6863.5  1.028471E-13
6866.4  1.011508E-13
6869.3  1.001764E-13
6872.2  1.015232E-13
6875.1  1.038082E-13
6878.  1.054802E-13
6880.9  1.059472E-13
6883.8  1.051634E-13
6886.7  1.039927E-13
6889.6  1.030978E-13
6892.5  1.027925E-13
6895.4  1.029019E-13
6898.3  1.028519E-13
6901.2  1.027533E-13
6904.1  1.029876E-13
6907.  1.032700E-13
6909.9  1.032382E-13
6912.8  1.031327E-13
6915.7  1.031740E-13
6918.6  1.031439E-13
6921.5  1.029593E-13
6924.4  1.028884E-13
6927.3  1.030083E-13
6930.2  1.031561E-13
6933.1  1.031548E-13
6936.  1.028096E-13
6938.9  1.024056E-13
6941.8  1.024306E-13
6944.7  1.027068E-13
6947.6  1.028750E-13
6950.5  1.028186E-13
6953.4  1.025529E-13
6956.3  1.024566E-13
6959.2  1.027124E-13
6962.1  1.029679E-13
6965.  1.028843E-13
6967.9  1.021631E-13
6970.8  1.010456E-13
6973.7  1.002584E-13
6976.6  1.000880E-13
6979.5  1.005214E-13
6982.4  1.010432E-13
6985.3  1.010468E-13
6988.2  1.009204E-13
6991.1  1.011065E-13
6994.  1.012075E-13
6996.9  1.009401E-13
6999.8  1.005488E-13
7002.7  1.002294E-13
7005.6  1.000836E-13
7008.5  9.999582E-14
7011.4  9.960126E-14
7014.3  9.905283E-14
7017.2  9.881968E-14
7020.1  9.894049E-14
7023.  9.926647E-14
7025.9  9.963003E-14
7028.8  9.987962E-14
7031.7  1.000440E-13
7034.6  1.001651E-13
7037.5  1.002025E-13
7040.4  1.001603E-13
7043.3  1.001171E-13
7046.2  1.001071E-13
7049.1  1.001298E-13
7052.  1.000340E-13
7054.9  9.957041E-14
7057.8  9.902254E-14
7060.7  9.886650E-14
7063.6  9.903818E-14
7066.5  9.930895E-14
7069.4  9.949040E-14
7072.3  9.944814E-14
7075.2  9.921872E-14
7078.1  9.891248E-14
7081.  9.872956E-14
7083.9  9.874501E-14
7086.8  9.883980E-14
7089.7  9.898534E-14
7092.6  9.923457E-14
7095.5  9.939331E-14
7098.4  9.918328E-14
7101.3  9.882100E-14
7104.2  9.862674E-14
7107.1  9.847261E-14
7110.  9.820753E-14
7112.9  9.793183E-14
7115.8  9.771155E-14
7118.7  9.748914E-14
7121.6  9.724207E-14
7124.5  9.698760E-14
7127.4  9.682884E-14
7130.3  9.693507E-14
7133.2  9.727970E-14
7136.1  9.772038E-14
7139.  9.792347E-14
7141.9  9.758757E-14
7144.8  9.712966E-14
7147.7  9.700941E-14
7150.6  9.714113E-14
7153.5  9.733399E-14
7156.4  9.729878E-14
7159.3  9.696418E-14
7162.2  9.666295E-14
7165.1  9.651508E-14
7168.  9.641855E-14
7170.9  9.622046E-14
7173.8  9.573694E-14
7176.7  9.522623E-14
7179.6  9.507776E-14
7182.5  9.508108E-14
7185.4  9.496432E-14
7188.3  9.499906E-14
7191.2  9.534247E-14
7194.1  9.556964E-14
7197.  9.553309E-14
7199.9  9.566276E-14
7202.8  9.613894E-14
7205.7  9.686750E-14
7208.6  9.744859E-14
7211.5  9.728142E-14
7214.4  9.658149E-14
7217.3  9.593127E-14
7220.2  9.541748E-14
7223.1  9.500733E-14
7226.  9.484439E-14
7228.9  9.497307E-14
7231.8  9.502909E-14
7234.7  9.493790E-14
7237.6  9.537766E-14
7240.5  9.634134E-14
7243.4  9.688430E-14
7246.3  9.678860E-14
7249.2  9.642675E-14
7252.1  9.613575E-14
7255.  9.621571E-14
7257.9  9.656073E-14
7260.8  9.690680E-14
7263.7  9.705402E-14
7266.6  9.686280E-14
7269.5  9.632915E-14
7272.4  9.559383E-14
7275.3  9.504759E-14
7278.2  9.485986E-14
7281.1  9.487427E-14
7284.  9.480702E-14
7286.9  9.423933E-14
7289.8  9.364088E-14
7292.7  9.392706E-14
7295.6  9.472234E-14
7298.5  9.525295E-14
7301.4  9.535427E-14
7304.3  9.508794E-14
7307.2  9.493564E-14
7310.1  9.519165E-14
7313.  9.543658E-14
7315.9  9.542786E-14
7318.8  9.529085E-14
7321.7  9.514731E-14
7324.6  9.513888E-14
7327.5  9.518357E-14
7330.4  9.504360E-14
7333.3  9.493632E-14
7336.2  9.518781E-14
7339.1  9.534378E-14
7342.  9.493137E-14
7344.9  9.432698E-14
7347.8  9.391094E-14
7350.7  9.366147E-14
7353.6  9.357025E-14
7356.5  9.370298E-14
7359.4  9.397299E-14
7362.3  9.412604E-14
7365.2  9.414011E-14
7368.1  9.416447E-14
7371.  9.411519E-14
7373.9  9.383026E-14
7376.8  9.332139E-14
7379.7  9.267235E-14
7382.6  9.194183E-14
7385.5  9.128545E-14
7388.4  9.122753E-14
7391.3  9.190096E-14
7394.2  9.260615E-14
7397.1  9.288136E-14
7400.  9.265134E-14
7402.9  9.203031E-14
7405.8  9.131017E-14
7408.7  9.076359E-14
7411.6  9.060830E-14
7414.5  9.077975E-14
7417.4  9.110611E-14
7420.3  9.148379E-14
7423.2  9.185079E-14
7426.1  9.233194E-14
7429.  9.290791E-14
7431.9  9.316746E-14
7434.8  9.293303E-14
7437.7  9.236916E-14
7440.6  9.181430E-14
7443.5  9.173944E-14
7446.4  9.216661E-14
7449.3  9.283009E-14
7452.2  9.326154E-14
7455.1  9.303297E-14
7458.  9.250397E-14
7460.9  9.216286E-14
7463.8  9.221923E-14
7466.7  9.264417E-14
7469.6  9.284666E-14
7472.5  9.260858E-14
7475.4  9.245490E-14
7478.3  9.246445E-14
7481.2  9.224407E-14
7484.1  9.179044E-14
7487.  9.133260E-14
7489.9  9.096739E-14
7492.8  9.073416E-14
7495.7  9.067708E-14
7498.6  9.078194E-14
7501.5  9.076337E-14
7504.4  9.047471E-14
7507.3  9.028198E-14
7510.2  9.043680E-14
7513.1  9.092805E-14
7516.  9.152790E-14
7518.9  9.175047E-14
7521.8  9.161052E-14
7524.7  9.149083E-14
7527.6  9.155002E-14
7530.5  9.182179E-14
7533.4  9.206588E-14
7536.3  9.201749E-14
7539.2  9.179547E-14
7542.1  9.155758E-14
7545.  9.133621E-14
7547.9  9.114882E-14
7550.8  9.098851E-14
7553.7  9.083577E-14
7556.6  9.067158E-14
7559.5  9.046232E-14
7562.4  9.015885E-14
7565.3  8.991430E-14
7568.2  8.995585E-14
7571.1  9.009421E-14
7574.  9.005361E-14
7576.9  8.991833E-14
7579.8  8.980974E-14
7582.7  8.971206E-14
7585.6  8.961067E-14
7588.5  8.950902E-14
7591.4  8.940738E-14
7594.3  8.930573E-14
7597.2  8.920406E-14
7600.1  8.910242E-14
7603.  8.900079E-14
7605.9  8.889914E-14
7608.8  8.879749E-14
7611.7  8.869584E-14
7614.6  8.859419E-14
7617.5  8.849255E-14
7620.4  8.840746E-14
7623.3  8.832922E-14
7626.2  8.803929E-14
7629.1  8.782542E-14
7632.  8.891237E-14
7634.9  9.108405E-14
7637.8  9.259395E-14
7640.7  9.311828E-14
7643.6  9.325866E-14
7646.5  9.295249E-14
7649.4  9.199767E-14
7652.3  9.058216E-14
7655.2  8.904321E-14
7658.1  8.796611E-14
7661.  8.774561E-14
7663.9  8.817556E-14
7666.8  8.893583E-14
7669.7  8.966092E-14
7672.6  9.012561E-14
7675.5  9.031637E-14
7678.4  9.026599E-14
7681.3  9.005430E-14
7684.2  8.971540E-14
7687.1  8.927235E-14
7690.  8.883635E-14
7692.9  8.853145E-14
7695.8  8.852426E-14
7698.7  8.883808E-14
7701.6  8.904575E-14
7704.5  8.887322E-14
7707.4  8.845234E-14
7710.3  8.798531E-14
7713.2  8.773056E-14
7716.1  8.780497E-14
7719.  8.818433E-14
7721.9  8.861462E-14
7724.8  8.874780E-14
7727.7  8.859990E-14
7730.6  8.831319E-14
7733.5  8.794849E-14
7736.4  8.755163E-14
7739.3  8.707055E-14
7742.2  8.656417E-14
7745.1  8.638263E-14
7748.  8.665405E-14
7750.9  8.718005E-14
7753.8  8.770028E-14
7756.7  8.790837E-14
7759.6  8.787310E-14
7762.5  8.787946E-14
7765.4  8.804163E-14
7768.3  8.837092E-14
7771.2  8.853426E-14
7774.1  8.825218E-14
7777.  8.780344E-14
7779.9  8.748347E-14
7782.8  8.745015E-14
7785.7  8.763194E-14
7788.6  8.757629E-14
7791.5  8.717081E-14
7794.4  8.666568E-14
7797.3  8.633807E-14
7800.2  8.646785E-14
7803.1  8.681386E-14
7806.  8.695474E-14
7808.9  8.698294E-14
7811.8  8.707881E-14
7814.7  8.721730E-14
7817.6  8.732973E-14
7820.5  8.728306E-14
7823.4  8.700502E-14
7826.3  8.653306E-14
7829.2  8.601743E-14
7832.1  8.573273E-14
7835.  8.569743E-14
7837.9  8.573320E-14
7840.8  8.580002E-14
7843.7  8.591167E-14
7846.6  8.604478E-14
7849.5  8.617090E-14
7852.4  8.622688E-14
7855.3  8.619399E-14
7858.2  8.623479E-14
7861.1  8.639494E-14
7864.  8.643983E-14
7866.9  8.627330E-14
7869.8  8.598758E-14
7872.7  8.572162E-14
7875.6  8.565058E-14
7878.5  8.575191E-14
7881.4  8.589163E-14
7884.3  8.604929E-14
7887.2  8.622499E-14
7890.1  8.627617E-14
7893.  8.612919E-14
7895.9  8.608989E-14
7898.8  8.627809E-14
7901.7  8.628433E-14
7904.6  8.590025E-14
7907.5  8.523207E-14
7910.4  8.453549E-14
7913.3  8.419361E-14
7916.2  8.421791E-14
7919.1  8.438047E-14
7922.  8.439732E-14
7924.9  8.401924E-14
7927.8  8.327172E-14
7930.7  8.234422E-14
7933.6  8.178349E-14
7936.5  8.187856E-14
7939.4  8.208813E-14
7942.3  8.215326E-14
7945.2  8.239247E-14
7948.1  8.292104E-14
7951.  8.367399E-14
7953.9  8.434395E-14
7956.8  8.448795E-14
7959.7  8.429675E-14
7962.6  8.419682E-14
7965.5  8.425503E-14
7968.4  8.441921E-14
7971.3  8.451698E-14
7974.2  8.440618E-14
7977.1  8.410603E-14
7980.  8.372927E-14
7982.9  8.353459E-14
7985.8  8.356695E-14
7988.7  8.362679E-14
7991.6  8.351184E-14
7994.5  8.302443E-14
7997.4  8.257127E-14
8000.3  8.275568E-14
8003.2  8.334044E-14
8006.1  8.386261E-14
8009.  8.401119E-14
8011.9  8.366825E-14
8014.8  8.329622E-14
8017.7  8.317834E-14
8020.6  8.304615E-14
8023.5  8.281746E-14
8026.4  8.265621E-14
8029.3  8.267628E-14
8032.2  8.296818E-14
8035.1  8.324058E-14
8038.  8.305397E-14
8040.9  8.260029E-14
8043.8  8.225117E-14
8046.7  8.212071E-14
8049.6  8.222982E-14
8052.5  8.243359E-14
8055.4  8.261456E-14
8058.3  8.283375E-14
8061.2  8.302696E-14
8064.1  8.293433E-14
8067.  8.255960E-14
8069.9  8.213735E-14
8072.8  8.185412E-14
8075.7  8.184634E-14
8078.6  8.191701E-14
8081.5  8.177840E-14
8084.4  8.144419E-14
8087.3  8.102059E-14
8090.2  8.064774E-14
8093.1  8.046693E-14
8096.  8.060807E-14
8098.9  8.101802E-14
8101.8  8.135304E-14
8104.7  8.149065E-14
8107.6  8.155633E-14
8110.5  8.162172E-14
8113.4  8.172828E-14
8116.3  8.184088E-14
8119.2  8.188816E-14
8122.1  8.187398E-14
8125.  8.180307E-14
8127.9  8.149793E-14
8130.8  8.094247E-14
8133.7  8.064958E-14
8136.6  8.089233E-14
8139.5  8.145701E-14
8142.4  8.200244E-14
8145.3  8.204451E-14
8148.2  8.167868E-14
8151.1  8.143884E-14
8154.  8.134439E-14
8156.9  8.120600E-14
8159.8  8.103055E-14
8162.7  8.089014E-14
8165.6  8.119874E-14
8168.5  8.206649E-14
8171.4  8.236931E-14
8174.3  8.156409E-14
8177.2  8.053135E-14
8180.1  7.988023E-14
8183.  7.981959E-14
8185.9  8.002363E-14
8188.8  7.970567E-14
8191.7  7.900930E-14
8194.6  7.853779E-14
8197.5  7.858524E-14
8200.4  7.923749E-14
8203.3  7.989331E-14
8206.2  7.999388E-14
8209.1  7.976318E-14
8212.  7.942013E-14
8214.9  7.894462E-14
8217.8  7.833033E-14
8220.7  7.756571E-14
8223.6  7.680015E-14
8226.5  7.627204E-14
8229.4  7.656513E-14
8232.3  7.833359E-14
8235.2  8.054142E-14
8238.1  8.171452E-14
8241.  8.183353E-14
8243.9  8.129565E-14
8246.8  8.067912E-14
8249.7  8.037906E-14
8252.6  8.005937E-14
8255.5  7.959836E-14
8258.4  7.933222E-14
8261.3  7.934063E-14
8264.2  7.946538E-14
8267.1  7.948926E-14
8270.  7.917673E-14
8272.9  7.867651E-14
8275.8  7.829017E-14
8278.7  7.821691E-14
8281.6  7.853489E-14
8284.5  7.888961E-14
8287.4  7.900116E-14
8290.3  7.906491E-14
8293.2  7.918624E-14
8296.1  7.925986E-14
8299.  7.914376E-14
8301.9  7.861736E-14
8304.8  7.795764E-14
8307.7  7.778334E-14
8310.6  7.794963E-14
8313.5  7.798272E-14
8316.4  7.781589E-14
8319.3  7.749909E-14
8322.2  7.706613E-14
8325.1  7.659143E-14
8328.  7.623612E-14
8330.9  7.606318E-14
8333.8  7.589437E-14
8336.7  7.573275E-14
8339.6  7.584087E-14
8342.5  7.621253E-14
8345.4  7.663078E-14
8348.3  7.693458E-14
8351.2  7.700833E-14
8354.1  7.694360E-14
8357.  7.689219E-14
8359.9  7.684123E-14
8362.8  7.676702E-14
8365.7  7.675176E-14
8368.6  7.679714E-14
8371.5  7.671434E-14
8374.4  7.640232E-14
8377.3  7.589545E-14
8380.2  7.534221E-14
8383.1  7.498734E-14
8386.  7.491876E-14
8388.9  7.510979E-14
8391.8  7.545568E-14
8394.7  7.581648E-14
8397.6  7.615678E-14
8400.5  7.643605E-14
8403.4  7.642937E-14
8406.3  7.605959E-14
8409.2  7.565791E-14
8412.1  7.543396E-14
8415.  7.535277E-14
8417.9  7.529928E-14
8420.8  7.505879E-14
8423.7  7.474304E-14
8426.6  7.467318E-14
8429.5  7.469565E-14
8432.4  7.451621E-14
8435.3  7.430102E-14
8438.2  7.428841E-14
8441.1  7.455968E-14
8444.  7.506959E-14
8446.9  7.547591E-14
8449.8  7.558121E-14
8452.7  7.554217E-14
8455.6  7.537231E-14
8458.5  7.490173E-14
8461.4  7.425295E-14
8464.3  7.373729E-14
8467.2  7.349676E-14
8470.1  7.356476E-14
8473.  7.378063E-14
8475.9  7.393979E-14
8478.8  7.407969E-14
8481.7  7.418939E-14
8484.6  7.398161E-14
8487.5  7.324941E-14
8490.4  7.189914E-14
8493.3  7.034467E-14
8496.2  6.962466E-14
8499.1  7.001750E-14
8502.  7.115417E-14
8504.9  7.230542E-14
8507.8  7.263064E-14
8510.7  7.244514E-14
8513.6  7.239310E-14
8516.5  7.252686E-14
8519.4  7.273122E-14
8522.3  7.270931E-14
8525.2  7.218149E-14
8528.1  7.108942E-14
8531.  6.926762E-14
8533.9  6.627487E-14
8536.8  6.294505E-14
8539.7  6.118186E-14
8542.6  6.163210E-14
8545.5  6.407089E-14
8548.4  6.722736E-14
8551.3  6.958419E-14
8554.2  7.118707E-14
8557.1  7.243408E-14
8560.  7.339314E-14
8562.9  7.411487E-14
8565.8  7.453201E-14
8568.7  7.463475E-14
8571.6  7.454059E-14
8574.5  7.428256E-14
8577.4  7.379617E-14
8580.3  7.326351E-14
8583.2  7.300057E-14
8586.1  7.299254E-14
8589.  7.308263E-14
8591.9  7.318496E-14
8594.8  7.323601E-14
8597.7  7.324155E-14
8600.6  7.321078E-14
8603.5  7.310921E-14
8606.4  7.292370E-14
8609.3  7.264648E-14
8612.2  7.243535E-14
8615.1  7.264036E-14
8618.  7.319900E-14
8620.9  7.375110E-14
8623.8  7.410108E-14
8626.7  7.414979E-14
8629.6  7.406922E-14
8632.5  7.405285E-14
8635.4  7.384985E-14
8638.3  7.325350E-14
8641.2  7.244459E-14
8644.1  7.157577E-14
8647.  7.074529E-14
8649.9  6.970275E-14
8652.8  6.770241E-14
8655.7  6.513445E-14
8658.6  6.325446E-14
8661.5  6.293095E-14
8664.4  6.465014E-14
8667.3  6.722140E-14
8670.2  6.906859E-14
8673.1  7.014781E-14
8676.  7.074121E-14
8678.9  7.103141E-14
8681.8  7.118944E-14
8684.7  7.116617E-14
8687.6  7.109859E-14
8690.5  7.142441E-14
8693.4  7.212049E-14
8696.3  7.274657E-14
8699.2  7.309124E-14
8702.1  7.309550E-14
8705.  7.282846E-14
8707.9  7.243615E-14
8710.8  7.205787E-14
8713.7  7.181356E-14
8716.6  7.179462E-14
8719.5  7.197310E-14
8722.4  7.207007E-14
8725.3  7.190772E-14
8728.2  7.151569E-14
8731.1  7.100078E-14
8734.  7.053403E-14
8736.9  7.031358E-14
8739.8  7.052157E-14
8742.7  7.098950E-14
8745.6  7.142111E-14
8748.5  7.178351E-14
8751.4  7.211928E-14
8754.3  7.255957E-14
8757.2  7.311505E-14
8760.1  7.336991E-14
8763.  7.312551E-14
8765.9  7.263910E-14
8768.8  7.212533E-14
8771.7  7.172290E-14
8774.6  7.149998E-14
8777.5  7.144930E-14
8780.4  7.144318E-14
8783.3  7.131250E-14
8786.2  7.110808E-14
8789.1  7.091940E-14
8792.  7.069832E-14
8794.9  7.035847E-14
8797.8  6.968115E-14
8800.7  6.871376E-14
8803.6  6.804246E-14
8806.5  6.801591E-14
8809.4  6.866870E-14
8812.3  6.956623E-14
8815.2  6.989025E-14
8818.1  6.984542E-14
8821.  7.012710E-14
8823.9  7.062364E-14
8826.8  7.099772E-14
8829.7  7.101759E-14
8832.6  7.060938E-14
8835.5  7.026106E-14
8838.4  7.028139E-14
8841.3  7.036681E-14
8844.2  7.037981E-14
8847.1  7.045990E-14
8850.  7.070248E-14
8852.9  7.117958E-14
8855.8  7.169486E-14
8858.7  7.191651E-14
8861.6  7.182525E-14
8864.5  7.153666E-14
8867.4  7.123616E-14
8870.3  7.106726E-14
8873.2  7.085049E-14
8876.1  7.049129E-14
8879.  7.024883E-14
8881.9  7.024958E-14
8884.8  7.035570E-14
8887.7  7.054399E-14
8890.6  7.092566E-14
8893.5  7.127015E-14
8896.4  7.116600E-14
8899.3  7.071224E-14
8902.2  7.020901E-14
8905.1  6.986110E-14
8908.  6.976098E-14
8910.9  6.948254E-14
8913.8  6.878772E-14
8916.7  6.826542E-14
8919.6  6.823816E-14
8922.5  6.842322E-14
8925.4  6.860852E-14
8928.3  6.865237E-14
8931.2  6.866354E-14
8934.1  6.895144E-14
8937.  6.922542E-14
8939.9  6.899146E-14
8942.8  6.855088E-14
8945.7  6.834982E-14
8948.6  6.831021E-14
8951.5  6.830867E-14
8954.4  6.839852E-14
8957.3  6.853489E-14
8960.2  6.843710E-14
8963.1  6.814680E-14
8966.  6.814862E-14
8968.9  6.847439E-14
8971.8  6.877290E-14
8974.7  6.899379E-14
8977.6  6.922109E-14
8980.5  6.914875E-14
8983.4  6.848684E-14
8986.3  6.758416E-14
8989.2  6.691257E-14
8992.1  6.706520E-14
8995.  6.800257E-14
8997.9  6.811859E-14
9000.8  6.702108E-14
9003.7  6.624099E-14
9006.6  6.651191E-14
9009.5  6.781162E-14
9012.4  6.955750E-14
9015.3  7.083147E-14
9018.2  7.139135E-14
9021.1  7.133616E-14
9024.  7.102493E-14
9026.9  7.083913E-14
9029.8  7.088250E-14
9032.7  7.107307E-14
9035.6  7.097290E-14
9038.5  7.039330E-14
9041.4  6.960378E-14
9044.3  6.889319E-14
9047.2  6.857300E-14
9050.1  6.846674E-14
9053.  6.808144E-14
9055.9  6.755754E-14
9058.8  6.724925E-14
9061.7  6.704148E-14
9064.6  6.675205E-14
9067.5  6.636080E-14
9070.4  6.594582E-14
9073.3  6.587953E-14
9076.2  6.619253E-14
9079.1  6.618068E-14
9082.  6.581114E-14
9084.9  6.588517E-14
9087.8  6.637804E-14
9090.7  6.669404E-14
9093.6  6.672299E-14
9096.5  6.657349E-14
9099.4  6.644421E-14
9102.3  6.651921E-14
9105.2  6.663061E-14
9108.1  6.662499E-14
9111.  6.666935E-14
9113.9  6.679647E-14
9116.8  6.663523E-14
9119.7  6.631928E-14
9122.6  6.674230E-14
9125.5  6.750005E-14
9128.4  6.715691E-14
9131.3  6.612611E-14
9134.2  6.567294E-14
9137.1  6.602710E-14
9140.  6.697606E-14
9142.9  6.764971E-14
9145.8  6.732097E-14
9148.7  6.630274E-14
9151.6  6.517292E-14
9154.5  6.479216E-14
9157.4  6.538724E-14
9160.3  6.619252E-14
9163.2  6.667036E-14
9166.1  6.656213E-14
9169.  6.585737E-14
9171.9  6.475108E-14
9174.8  6.404855E-14
9177.7  6.455216E-14
9180.6  6.552761E-14
9183.5  6.605993E-14
9186.4  6.612508E-14
9189.3  6.585981E-14
9192.2  6.550086E-14
9195.1  6.527209E-14
9198.  6.534651E-14
9200.9  6.546568E-14
9203.8  6.490992E-14
9206.7  6.389699E-14
9209.6  6.324654E-14
9212.5  6.300388E-14
9215.4  6.292950E-14
9218.3  6.336429E-14
9221.2  6.455327E-14
9224.1  6.575938E-14
9227.  6.637183E-14
9229.9  6.661928E-14
9232.8  6.666876E-14
9235.7  6.641452E-14
9238.6  6.596524E-14
9241.5  6.566611E-14
9244.4  6.544387E-14
9247.3  6.493685E-14
9250.2  6.424644E-14
9253.1  6.367073E-14
9256.  6.333202E-14
9258.9  6.327854E-14
9261.8  6.349163E-14
9264.7  6.387097E-14
9267.6  6.414024E-14
9270.5  6.416173E-14
9273.4  6.417186E-14
9276.3  6.413815E-14
9279.2  6.359088E-14
9282.1  6.287496E-14
9285.  6.296524E-14
9287.9  6.362012E-14
9290.8  6.401682E-14
9293.7  6.392484E-14
9296.6  6.337258E-14
9299.5  6.284045E-14
9302.4  6.273842E-14
9305.3  6.278243E-14
9308.2  6.268163E-14
9311.1  6.229804E-14
9314.  6.174823E-14
9316.9  6.153431E-14
9319.8  6.180680E-14
9322.7  6.233766E-14
9325.6  6.303031E-14
9328.5  6.387061E-14
9331.4  6.385741E-14
9334.3  6.204318E-14
9337.2  6.029690E-14
9340.1  6.054310E-14
9343.  6.234528E-14
9345.9  6.470861E-14
9348.8  6.611861E-14
9351.7  6.585994E-14
9354.6  6.464646E-14
9357.5  6.344246E-14
9360.4  6.349014E-14
9363.3  6.404328E-14
9366.2  6.308472E-14
9369.1  6.175328E-14
9372.  6.215498E-14
9374.9  6.320109E-14
9377.8  6.341734E-14
9380.7  6.338091E-14
9383.6  6.374313E-14
9386.5  6.470876E-14
9389.4  6.594561E-14
9392.3  6.610611E-14
9395.2  6.485414E-14
9398.1  6.309036E-14
9401.  6.149753E-14
9403.9  6.059899E-14
9406.8  6.011772E-14
9409.7  5.942273E-14
9412.6  5.901927E-14
9415.5  5.949086E-14
9418.4  6.012939E-14
9421.3  6.023829E-14
9424.2  5.964835E-14
9427.1  5.886258E-14
9430.  5.996050E-14
9432.9  6.253099E-14
9435.8  6.261011E-14
9438.7  6.049054E-14
9441.6  5.984936E-14
9444.5  6.126397E-14
9447.4  6.372213E-14
9450.3  6.512714E-14
9453.2  6.359395E-14
9456.1  6.130420E-14
9459.  6.063081E-14
9461.9  6.128680E-14
9464.8  6.262399E-14
9467.7  6.387288E-14
9470.6  6.445049E-14
9473.5  6.423997E-14
9476.4  6.340985E-14
9479.3  6.233754E-14
9482.2  6.176110E-14
9485.1  6.249168E-14
9488.  6.345164E-14
9490.9  6.312886E-14
9493.8  6.181888E-14
9496.7  6.037082E-14
9499.6  6.024306E-14
9502.5  6.206840E-14
9505.4  6.416984E-14
9508.3  6.518668E-14
9511.2  6.462189E-14
9514.1  6.278345E-14
9517.  6.080492E-14
9519.9  5.978237E-14
9522.8  6.061512E-14
9525.7  6.250194E-14
9528.6  6.397235E-14
9531.5  6.445725E-14
9534.4  6.384288E-14
9537.3  6.286420E-14
9540.2  6.223912E-14
9543.1  6.201859E-14
9546.  6.214549E-14
9548.9  6.246127E-14
9551.8  6.282649E-14
9554.7  6.318981E-14
9557.6  6.342908E-14
9560.5  6.339159E-14
9563.4  6.327857E-14
9566.3  6.340663E-14
9569.2  6.379511E-14
9572.1  6.429587E-14
9575.  6.429911E-14
9577.9  6.342472E-14
9580.8  6.228746E-14
9583.7  6.140473E-14
9586.6  6.080910E-14
9589.5  6.060542E-14
9592.4  6.099308E-14
9595.3  6.178755E-14
9598.2  6.252330E-14
9601.1  6.289034E-14
9604.  6.271000E-14
9606.9  6.225736E-14
9609.8  6.190971E-14
9612.7  6.151269E-14
9615.6  6.090527E-14
9618.5  6.023971E-14
9621.4  5.974146E-14
9624.3  5.979609E-14
9627.2  6.034581E-14
9630.1  6.067131E-14
9633.  6.051255E-14
9635.9  6.004409E-14
9638.8  5.961317E-14
9641.7  5.964838E-14
9644.6  5.993891E-14
9647.5  6.007287E-14
9650.4  6.008184E-14
9653.3  6.007592E-14
9656.2  6.011634E-14
9659.1  6.019571E-14
9662.  6.007806E-14
9664.9  5.975037E-14
9667.8  5.959644E-14
9670.7  5.972822E-14
9673.6  5.997923E-14
9676.5  6.013707E-14
9679.4  5.996920E-14
9682.3  5.970140E-14
9685.2  5.970629E-14
9688.1  5.990652E-14
9691.  6.011264E-14
9693.9  6.018296E-14
9696.8  6.003707E-14
9699.7  5.975786E-14
9702.6  5.946556E-14
9705.5  5.933082E-14
9708.4  5.929437E-14
9711.3  5.899994E-14
9714.2  5.855784E-14
9717.1  5.840226E-14
9720.  5.849591E-14
9722.9  5.859609E-14
9725.8  5.857113E-14
9728.7  5.835561E-14
9731.6  5.803326E-14
9734.5  5.776182E-14
9737.4  5.787325E-14
9740.3  5.839300E-14
9743.2  5.865447E-14
9746.1  5.847875E-14
9749.  5.838790E-14
9751.9  5.850303E-14
9754.8  5.863552E-14
9757.7  5.866975E-14
9760.6  5.852660E-14
9763.5  5.840738E-14
9766.4  5.854312E-14
9769.3  5.881606E-14
9772.2  5.900608E-14
9775.1  5.872648E-14
9778.  5.790275E-14
9780.9  5.719217E-14
9783.8  5.703673E-14
9786.7  5.750978E-14
9789.6  5.828776E-14
9792.5  5.867394E-14
9795.4  5.862848E-14
9798.3  5.850655E-14
9801.2  5.838346E-14
9804.1  5.825035E-14
9807.  5.806687E-14
9809.9  5.781298E-14
9812.8  5.765538E-14
9815.7  5.768252E-14
9818.6  5.772434E-14
9821.5  5.767451E-14
9824.4  5.754442E-14
9827.3  5.744596E-14
9830.2  5.760447E-14
9833.1  5.789627E-14
9836.  5.798695E-14
9838.9  5.781768E-14
9841.8  5.746748E-14
9844.7  5.717149E-14
9847.6  5.714650E-14
9850.5  5.732989E-14
9853.4  5.757145E-14
9856.3  5.762073E-14
9859.2  5.738087E-14
9862.1  5.705208E-14
9865.  5.683042E-14
9867.9  5.688934E-14
9870.8  5.716040E-14
9873.7  5.739087E-14
9876.6  5.748312E-14
9879.5  5.743548E-14
9882.4  5.722344E-14
9885.3  5.690665E-14
9888.2  5.689791E-14
9891.1  5.755851E-14
9894.  5.906482E-14
9896.9  6.104536E-14
9899.8  6.211642E-14
9902.7  6.164936E-14
9905.6  6.005898E-14
9908.5  5.819587E-14
9911.4  5.722647E-14
9914.3  5.721567E-14
9917.2  5.759657E-14
9920.1  5.781847E-14
9923.  5.745504E-14
9925.9  5.705192E-14
9928.8  5.713829E-14
9931.7  5.729304E-14
9934.6  5.722590E-14
9937.5  5.720039E-14
9940.4  5.728305E-14
9943.3  5.723645E-14
9946.2  5.700969E-14
9949.1  5.671877E-14
9952.  5.644156E-14
9954.9  5.622844E-14
9957.8  5.623578E-14
9960.7  5.658676E-14
9963.6  5.679024E-14
9966.5  5.646265E-14
9969.4  5.635832E-14
9972.3  5.692606E-14
9975.2  5.740983E-14
9978.1  5.740888E-14
9981.  5.723313E-14
9983.9  5.703424E-14
9986.8  5.681622E-14
9989.7  5.661068E-14
9992.6  5.643163E-14
9995.5  5.644150E-14
9998.4  5.680176E-14
10001.3  5.697833E-14
10004.2  5.649348E-14
10007.1  5.614891E-14
10010.  5.644536E-14
10012.9  5.629728E-14
10015.8  5.537355E-14
10018.7  5.499270E-14
10021.6  5.546717E-14
10024.5  5.589579E-14
10027.4  5.603472E-14
10030.3  5.607951E-14
10033.2  5.627715E-14
10036.1  5.688309E-14
10039.  5.761794E-14
10041.9  5.811975E-14
10044.8  5.862333E-14
10047.7  5.927543E-14
10050.6  5.962272E-14
10053.5  5.934534E-14
10056.4  5.846036E-14
10059.3  5.721658E-14
10062.2  5.613246E-14
10065.1  5.545937E-14
10068.  5.520321E-14
10070.9  5.507271E-14
10073.8  5.464782E-14
10076.7  5.414528E-14
10079.6  5.392910E-14
10082.5  5.371326E-14
10085.4  5.330776E-14
10088.3  5.342760E-14
10091.2  5.435262E-14
10094.1  5.513919E-14
10097.  5.534088E-14
10099.9  5.536652E-14
10102.8  5.533201E-14
10105.7  5.506843E-14
10108.6  5.491976E-14
10111.5  5.545171E-14
10114.4  5.589004E-14
10117.3  5.520920E-14
10120.2  5.429230E-14
10123.1  5.412463E-14
10126.  5.418410E-14
10128.9  5.404525E-14
10131.8  5.404499E-14
10134.7  5.428255E-14
10137.6  5.446895E-14
10140.5  5.441100E-14
10143.4  5.395639E-14
10146.3  5.363589E-14
10149.2  5.439935E-14
10152.1  5.532792E-14
10155.  5.497295E-14
10157.9  5.485400E-14
10160.8  5.649153E-14
10163.7  5.761282E-14
10166.6  5.649165E-14
10169.5  5.452593E-14
10172.4  5.301014E-14
10175.3  5.263380E-14
10178.2  5.336332E-14
10181.1  5.419328E-14
10184.  5.483339E-14
10186.9  5.556750E-14
10189.8  5.582384E-14
10192.7  5.484514E-14
10195.6  5.342748E-14
10198.5  5.264490E-14
10201.4  5.252594E-14
10204.3  5.287055E-14
10207.2  5.338523E-14
10210.1  5.384542E-14
10213.  5.432843E-14
10215.9  5.472237E-14
10218.8  5.469478E-14
10221.7  5.409060E-14
10224.6  5.284353E-14
10227.5  5.201921E-14
10230.4  5.307674E-14
10233.3  5.439879E-14
10236.2  5.386406E-14
10239.1  5.314242E-14
10242.  5.382258E-14
10244.9  5.416207E-14
10247.8  5.320063E-14
10250.7  5.265765E-14
10253.6  5.304303E-14
10256.5  5.281881E-14
10259.4  5.218840E-14
10262.3  5.297703E-14
10265.2  5.430295E-14
10268.1  5.388970E-14
10271.  5.301099E-14
10273.9  5.377068E-14
10276.8  5.421671E-14
10279.7  5.247949E-14
10282.6  5.077920E-14
10285.5  5.089380E-14
10288.4  5.221005E-14
10291.3  5.385162E-14
10294.2  5.472909E-14
10297.1  5.439355E-14
10300.  5.317445E-14
10302.9  5.168115E-14
10305.8  5.067287E-14
10308.7  5.022287E-14
10311.6  5.006943E-14
10314.5  4.985560E-14
10317.4  4.932763E-14
10320.3  4.903198E-14
10323.2  4.933208E-14
10326.1  4.951523E-14
10329.  4.949705E-14
10331.9  5.059856E-14
10334.8  5.271558E-14
10337.7  5.414490E-14
10340.6  5.399651E-14
10343.5  5.196625E-14
10346.4  5.012682E-14
10349.3  5.126514E-14
10352.2  5.328301E-14
10355.1  5.328119E-14
10358.  5.240529E-14
10360.9  5.192699E-14
10363.8  5.108141E-14
10366.7  4.972053E-14
10369.6  4.924360E-14
10372.5  4.988915E-14
10375.4  5.027550E-14
10378.3  5.023253E-14
10381.2  5.065756E-14
10384.1  5.070288E-14
10387.  4.888060E-14
10389.9  4.771209E-14
10392.8  5.012966E-14
10395.7  5.330778E-14
10398.6  5.432503E-14
10401.5  5.465868E-14
10404.4  5.513799E-14
10407.3  5.375672E-14
10410.2  5.068180E-14
10413.1  4.946287E-14
10416.  5.020636E-14
10418.9  4.985236E-14
10421.8  4.823022E-14
10424.7  4.677147E-14
10427.6  4.606643E-14
10430.5  4.640412E-14
10433.4  4.860230E-14
10436.3  5.269620E-14
10439.2  5.517020E-14
10442.1  5.389329E-14
10445.  5.145209E-14
10447.9  4.991455E-14
10450.8  5.009911E-14
10453.7  5.101429E-14
10456.6  4.952831E-14
10459.5  4.705756E-14
10462.4  4.773882E-14
10465.3  5.120889E-14
10468.2  5.524418E-14
10471.1  5.739625E-14
10474.  5.598343E-14
10476.9  5.365638E-14
10479.8  5.264672E-14
10482.7  5.132558E-14
10485.6  4.918771E-14
10488.5  4.838875E-14
10491.4  4.911840E-14
10494.3  4.927321E-14
10497.2  4.859944E-14
10500.1  4.813591E-14
10503.  4.847353E-14
10505.9  4.992620E-14
10508.8  5.237315E-14
10511.7  5.529842E-14
10514.6  5.716001E-14
10517.5  5.679436E-14
10520.4  5.449134E-14
10523.3  5.142559E-14
10526.2  5.043331E-14
10529.1  5.140549E-14
10532.  5.011019E-14
10534.9  4.629710E-14
10537.8  4.283442E-14
10540.7  4.204233E-14
10543.6  4.561786E-14
10546.5  4.990768E-14
10549.4  5.034096E-14
10552.3  4.829988E-14
10555.2  4.621589E-14
10558.1  4.597177E-14
10561.  4.778272E-14
10563.9  4.770763E-14
10566.8  4.442294E-14
10569.7  4.079901E-14
10572.6  3.902475E-14
10575.5  4.062862E-14
10578.4  4.444028E-14
10581.3  4.765301E-14
10584.2  4.984315E-14
10587.1  5.142981E-14
10590.  5.186221E-14
10592.9  5.083461E-14
10595.8  4.945135E-14
10598.7  4.853596E-14
10601.6  4.761824E-14
10604.5  4.649678E-14
10607.4  4.546728E-14
10610.3  4.500667E-14
10613.2  4.583283E-14
10616.1  4.722921E-14
10619.  4.763717E-14
10621.9  4.675515E-14
10624.8  4.494074E-14
10627.7  4.340618E-14
10630.6  4.327147E-14
10633.5  4.393928E-14
10636.4  4.472370E-14
10639.3  4.555159E-14
10642.2  4.655943E-14
10645.1  4.840074E-14
10648.  5.061110E-14
10650.9  5.148159E-14
10653.8  5.057572E-14
10656.7  4.821918E-14
10659.6  4.790405E-14
10662.5  5.368500E-14
10665.4  5.891061E-14
10668.3  5.597392E-14
10671.2  4.922542E-14
10674.1  4.407834E-14
10677.  4.256075E-14
10679.9  4.424054E-14
10682.8  4.363198E-14
10685.7  3.942510E-14
10688.6  3.608977E-14
10691.5  3.676398E-14
10694.4  4.353049E-14
10697.3  5.125029E-14
10700.2  5.182900E-14
10703.1  4.633625E-14
10706.  3.928384E-14
10708.9  3.877910E-14
10711.8  4.893802E-14
10714.7  5.488641E-14
10717.6  4.856159E-14
10720.5  4.381041E-14
10723.4  4.637794E-14
10726.3  4.856711E-14
10729.2  4.724678E-14
10732.1  4.300919E-14
10735.  3.882698E-14
10737.9  3.906436E-14
10740.8  4.204828E-14
10743.7  4.421987E-14
10746.6  4.709248E-14
10749.5  5.206412E-14
10752.4  5.537669E-14
10755.3  5.467789E-14
10758.2  5.244125E-14
10761.1  5.110536E-14
10764.  5.292305E-14
10766.9  5.579985E-14
10769.8  5.312943E-14
10772.7  4.487672E-14
10775.6  3.521733E-14
10778.5  2.995982E-14
10781.4  3.428265E-14
10784.3  4.086714E-14
10787.2  4.146150E-14
10790.1  4.119863E-14
10793.  4.442114E-14
10795.9  4.672656E-14
10798.8  4.646387E-14
10801.7  4.796624E-14
10804.6  5.199247E-14
10807.5  5.563046E-14
10810.4  5.510379E-14
10813.3  4.582380E-14
10816.2  3.796730E-14
10819.1  4.624397E-14
10822.  5.728402E-14
10824.9  5.398808E-14
10827.8  4.420511E-14
10830.7  3.818891E-14
10833.6  4.055921E-14
10836.5  5.071824E-14
10839.4  5.725895E-14
10842.3  5.580530E-14
10845.2  5.280365E-14
10848.1  4.938750E-14
10851.  4.264000E-14
10853.9  3.573411E-14
10856.8  3.403623E-14
10859.7  3.895058E-14
10862.6  4.926602E-14
10865.5  5.665812E-14
10868.4  5.422532E-14
10871.3  4.593452E-14
10874.2  3.614905E-14
10877.1  2.627121E-14
10880.  1.804382E-14
10882.9  1.310810E-14
10885.8  1.309989E-14
10888.7  1.933935E-14
10891.6  3.117724E-14
10894.5  4.659156E-14
10897.4  5.821412E-14
10900.3  5.867934E-14
10903.2  5.191371E-14
10906.1  4.461677E-14
10909.  4.336557E-14
10911.9  5.008690E-14
10914.8  5.537291E-14
10917.7  5.229819E-14
10920.6  4.854701E-14
10923.5  4.479456E-14
10926.4  4.104211E-14
10929.3  3.729092E-14
10932.2  3.353848E-14
10935.1  2.978729E-14
10938.  6.140760E-14
10940.9  6.104262E-14
10943.8  5.486042E-14
10946.7  4.360248E-14
10949.6  2.969025E-14
10952.5  2.607620E-14
10955.4  3.437942E-14
10958.3  3.485258E-14
10961.2  2.218730E-14
10964.1  8.602029E-15
10967.  2.546034E-15
10969.9  9.875881E-15
10972.8  2.111717E-14
10975.7  2.091281E-14
10978.6  1.606692E-14
10981.5  1.731487E-14
10984.4  1.791090E-14
10987.3  1.273795E-14
10990.2  1.187587E-14
10993.1  1.955979E-14
10996.  2.533324E-14
10998.9  2.518833E-14
