3050.  -7.118628E-15
3052.9  -2.671394E-15
3055.8  1.241814E-14
3058.7  1.518613E-14
3061.6  7.543697E-15
3064.5  2.585566E-15
3067.4  -1.859661E-14
3070.3  2.188286E-15
3073.2  5.064950E-15
3076.1  1.109482E-14
3079.  9.925087E-15
3081.9  -6.037253E-15
3084.8  8.098856E-15
3087.7  1.033265E-14
3090.6  -9.854660E-16
3093.5  1.670549E-15
3096.4  9.852294E-15
3099.3  5.612639E-15
3102.2  6.865306E-15
3105.1  1.346397E-14
3108.  1.792649E-14
3110.9  9.549918E-15
3113.8  2.018576E-15
3116.7  4.747154E-15
3119.6  8.548015E-15
3122.5  1.127743E-14
3125.4  8.877351E-15
3128.3  1.119206E-14
3131.2  1.296240E-14
3134.1  1.134631E-14
3137.  4.967504E-15
3139.9  5.743088E-15
3142.8  7.287899E-15
3145.7  8.616394E-15
3148.6  1.072218E-14
3151.5  1.240306E-14
3154.4  9.456006E-15
3157.3  5.865456E-15
3160.2  6.066710E-15
3163.1  8.610343E-15
3166.  9.924422E-15
3168.9  1.666398E-14
3171.8  1.137565E-14
3174.7  7.888303E-15
3177.6  1.080188E-14
3180.5  1.092713E-14
3183.4  1.181374E-14
3186.3  1.022116E-14
3189.2  8.311382E-15
3192.1  1.177600E-14
3195.  1.093565E-14
3197.9  1.137233E-14
3200.8  1.165982E-14
3203.7  1.251111E-14
3206.6  1.194825E-14
3209.5  1.033391E-14
3212.4  1.113309E-14
3215.3  1.002387E-14
3218.2  1.035747E-14
3221.1  9.798289E-15
3224.  7.057487E-15
3226.9  6.842402E-15
3229.8  9.029802E-15
3232.7  1.047715E-14
3235.6  1.138928E-14
3238.5  1.195459E-14
3241.4  1.260048E-14
3244.3  1.673888E-14
3247.2  1.333261E-14
3250.1  1.761725E-14
3253.  1.392443E-14
3255.9  1.741213E-14
3258.8  1.649152E-14
3261.7  1.594536E-14
3264.6  1.812154E-14
3267.5  1.769363E-14
3270.4  1.727713E-14
3273.3  2.143578E-14
3276.2  1.871360E-14
3279.1  1.957558E-14
3282.  2.233533E-14
3284.9  2.687190E-14
3287.8  2.340883E-14
3290.7  2.403701E-14
3293.6  2.539107E-14
3296.5  2.115036E-14
3299.4  2.219205E-14
3302.3  2.219362E-14
3305.2  2.236052E-14
3308.1  2.140821E-14
3311.  1.901090E-14
3313.9  2.000133E-14
3316.8  1.942177E-14
3319.7  1.985614E-14
3322.6  2.265448E-14
3325.5  2.478561E-14
3328.4  2.324910E-14
3331.3  2.328724E-14
3334.2  2.185980E-14
3337.1  2.084847E-14
3340.  2.365650E-14
3342.9  2.314156E-14
3345.8  2.318278E-14
3348.7  2.339779E-14
3351.6  1.983044E-14
3354.5  1.878336E-14
3357.4  1.735319E-14
3360.3  1.792660E-14
3363.2  1.800862E-14
3366.1  1.875394E-14
3369.  1.900117E-14
3371.9  1.998273E-14
3374.8  2.081971E-14
3377.7  2.212803E-14
3380.6  2.219022E-14
3383.5  2.349177E-14
3386.4  2.329061E-14
3389.3  2.456601E-14
3392.2  2.795174E-14
3395.1  2.989200E-14
3398.  3.072410E-14
3400.9  2.693882E-14
3403.8  2.315342E-14
3406.7  2.415970E-14
3409.6  2.591230E-14
3412.5  2.804742E-14
3415.4  3.177956E-14
3418.3  3.030831E-14
3421.2  2.691265E-14
3424.1  3.150678E-14
3427.  2.847082E-14
3429.9  2.345381E-14
3432.8  2.098080E-14
3435.7  1.720905E-14
3438.6  1.826066E-14
3441.5  2.225584E-14
3444.4  2.689623E-14
3447.3  2.629101E-14
3450.2  2.688818E-14
3453.1  2.653523E-14
3456.  2.545420E-14
3458.9  2.591699E-14
3461.8  2.852283E-14
3464.7  2.777178E-14
3467.6  2.673777E-14
3470.5  2.551477E-14
3473.4  2.500990E-14
3476.3  2.730246E-14
3479.2  2.758512E-14
3482.1  2.708299E-14
3485.  2.714755E-14
3487.9  2.822774E-14
3490.8  3.376775E-14
3493.7  4.421600E-14
3496.6  5.136965E-14
3499.5  4.835556E-14
3502.4  5.373773E-14
3505.3  8.598329E-14
3508.2  9.340909E-14
3511.1  3.870536E-14
3514.  2.973065E-14
3516.9  2.771500E-14
3519.8  2.717845E-14
3522.7  2.754325E-14
3525.6  3.459237E-14
3528.5  3.647677E-14
3531.4  3.805581E-14
3534.3  4.007134E-14
3537.2  4.171024E-14
3540.1  4.041351E-14
3543.  3.673691E-14
3545.9  3.361482E-14
3548.8  3.086038E-14
3551.7  3.029603E-14
3554.6  2.994645E-14
3557.5  2.693400E-14
3560.4  2.411631E-14
3563.3  2.226920E-14
3566.2  2.171606E-14
3569.1  2.120681E-14
3572.  1.989131E-14
3574.9  1.677200E-14
3577.8  1.618686E-14
3580.7  1.735648E-14
3583.6  1.959002E-14
3586.5  2.522298E-14
3589.4  3.092481E-14
3592.3  3.546069E-14
3595.2  3.689863E-14
3598.1  3.532189E-14
3601.  3.191238E-14
3603.9  2.832662E-14
3606.8  2.874605E-14
3609.7  3.321880E-14
3612.6  3.489798E-14
3615.5  3.610118E-14
3618.4  4.039760E-14
3621.3  4.599573E-14
3624.2  4.371393E-14
3627.1  4.262779E-14
3630.  4.141663E-14
3632.9  4.262828E-14
3635.8  4.865181E-14
3638.7  4.662857E-14
3641.6  4.267016E-14
3644.5  4.318336E-14
3647.4  4.690195E-14
3650.3  5.522895E-14
3653.2  6.167840E-14
3656.1  6.429868E-14
3659.  6.330761E-14
3661.9  6.294005E-14
3664.8  6.130305E-14
3667.7  5.957883E-14
3670.6  5.718576E-14
3673.5  5.465923E-14
3676.4  5.014327E-14
3679.3  4.645491E-14
3682.2  4.567887E-14
3685.1  4.745846E-14
3688.  4.740522E-14
3690.9  4.735197E-14
3693.8  4.729872E-14
3696.7  4.724548E-14
3699.6  5.168796E-14
3702.5  4.385559E-14
3705.4  4.401733E-14
3708.3  4.775587E-14
3711.2  4.845676E-14
3714.1  4.216268E-14
3717.  3.324898E-14
3719.9  3.249996E-14
3722.8  3.400917E-14
3725.7  3.163299E-14
3728.6  2.724222E-14
3731.5  2.385529E-14
3734.4  2.464955E-14
3737.3  2.631664E-14
3740.2  2.528827E-14
3743.1  2.451711E-14
3746.  2.631511E-14
3748.9  3.061702E-14
3751.8  3.473112E-14
3754.7  3.378034E-14
3757.6  3.310875E-14
3760.5  3.573645E-14
3763.4  3.990724E-14
3766.3  4.633708E-14
3769.2  5.337081E-14
3772.1  5.657304E-14
3775.  5.693863E-14
3777.9  5.540742E-14
3780.8  5.035196E-14
3783.7  4.459318E-14
3786.6  3.968834E-14
3789.5  3.528709E-14
3792.4  3.360097E-14
3795.3  3.583050E-14
3798.2  3.928281E-14
3801.1  4.432619E-14
3804.  4.477552E-14
3806.9  4.110901E-14
3809.8  3.631046E-14
3812.7  2.979854E-14
3815.6  2.350254E-14
3818.5  2.111209E-14
3821.4  1.975053E-14
3824.3  1.995264E-14
3827.2  2.247975E-14
3830.1  2.356148E-14
3833.  2.404281E-14
3835.9  2.542560E-14
3838.8  2.848387E-14
3841.7  3.156595E-14
3844.6  3.277897E-14
3847.5  3.179300E-14
3850.4  2.995903E-14
3853.3  2.779751E-14
3856.2  2.626868E-14
3859.1  2.836734E-14
3862.  3.051817E-14
3864.9  2.977804E-14
3867.8  2.905557E-14
3870.7  3.044384E-14
3873.6  3.204418E-14
3876.5  3.270459E-14
3879.4  3.480758E-14
3882.3  3.766346E-14
3885.2  4.193465E-14
3888.1  4.894156E-14
3891.  5.364381E-14
3893.9  5.187297E-14
3896.8  5.056548E-14
3899.7  5.212024E-14
3902.6  5.347990E-14
3905.5  5.789453E-14
3908.4  6.150492E-14
3911.3  6.116922E-14
3914.2  5.495773E-14
3917.1  4.694562E-14
3920.  3.884717E-14
3922.9  3.243229E-14
3925.8  2.496924E-14
3928.7  2.016776E-14
3931.6  1.935869E-14
3934.5  2.504253E-14
3937.4  3.334154E-14
3940.3  4.052974E-14
3943.2  4.917930E-14
3946.1  5.848905E-14
3949.  6.306348E-14
3951.9  6.254656E-14
3954.8  5.603674E-14
3957.7  4.288483E-14
3960.6  3.177609E-14
3963.5  2.745558E-14
3966.4  2.945424E-14
3969.3  3.882767E-14
3972.2  5.339911E-14
3975.1  6.948081E-14
3978.  8.169348E-14
3980.9  8.960817E-14
3983.8  9.540566E-14
3986.7  9.912717E-14
3989.6  1.032868E-13
3992.5  1.058757E-13
3995.4  1.093519E-13
3998.3  1.160535E-13
4001.2  1.152570E-13
4004.1  1.140479E-13
4007.  1.218284E-13
4009.9  1.292948E-13
4012.8  1.329392E-13
4015.7  1.339720E-13
4018.6  1.318043E-13
4021.5  1.278150E-13
4024.4  1.217998E-13
4027.3  1.122779E-13
4030.2  1.078508E-13
4033.1  1.138763E-13
4036.  1.202171E-13
4038.9  1.161606E-13
4041.8  1.068215E-13
4044.7  1.097279E-13
4047.6  1.197059E-13
4050.5  1.211904E-13
4053.4  1.144441E-13
4056.3  1.075696E-13
4059.2  1.031284E-13
4062.1  1.030194E-13
4065.  1.084825E-13
4067.9  1.114029E-13
4070.8  1.112647E-13
4073.7  1.143262E-13
4076.6  1.209045E-13
4079.5  1.329487E-13
4082.4  1.402548E-13
4085.3  1.476829E-13
4088.2  1.442469E-13
4091.1  1.357271E-13
4094.  1.230675E-13
4096.9  1.161990E-13
4099.8  1.179403E-13
4102.7  1.240789E-13
4105.6  1.260563E-13
4108.5  1.241091E-13
4111.4  1.219690E-13
4114.3  1.210170E-13
4117.2  1.228623E-13
4120.1  1.259648E-13
4123.  1.241138E-13
4125.9  1.183860E-13
4128.8  1.133824E-13
4131.7  1.118451E-13
4134.6  1.132973E-13
4137.5  1.100011E-13
4140.4  1.031167E-13
4143.3  1.025516E-13
4146.2  1.069727E-13
4149.1  1.091258E-13
4152.  1.158647E-13
4154.9  1.247273E-13
4157.8  1.290802E-13
4160.7  1.279391E-13
4163.6  1.217786E-13
4166.5  1.164691E-13
4169.4  1.127119E-13
4172.3  1.108602E-13
4175.2  1.165367E-13
4178.1  1.251493E-13
4181.  1.283098E-13
4183.9  1.280767E-13
4186.8  1.294524E-13
4189.7  1.282552E-13
4192.6  1.222901E-13
4195.5  1.163946E-13
4198.4  1.162143E-13
4201.3  1.240478E-13
4204.2  1.350271E-13
4207.1  1.415746E-13
4210.  1.415824E-13
4212.9  1.447428E-13
4215.8  1.490587E-13
4218.7  1.375091E-13
4221.6  1.130540E-13
4224.5  1.039020E-13
4227.4  1.197684E-13
4230.3  1.381722E-13
4233.2  1.478202E-13
4236.1  1.570001E-13
4239.  1.700032E-13
4241.9  1.754422E-13
4244.8  1.623728E-13
4247.7  1.461241E-13
4250.6  1.412168E-13
4253.5  1.451176E-13
4256.4  1.521890E-13
4259.3  1.634153E-13
4262.2  1.718136E-13
4265.1  1.593411E-13
4268.  1.364549E-13
4270.9  1.295625E-13
4273.8  1.431160E-13
4276.7  1.556302E-13
4279.6  1.570082E-13
4282.5  1.524462E-13
4285.4  1.461345E-13
4288.3  1.419298E-13
4291.2  1.426564E-13
4294.1  1.374465E-13
4297.  1.236321E-13
4299.9  1.150658E-13
4302.8  1.129380E-13
4305.7  1.201767E-13
4308.6  1.483108E-13
4311.5  1.851517E-13
4314.4  2.089525E-13
4317.3  2.075422E-13
4320.2  1.869370E-13
4323.1  1.800072E-13
4326.  2.015452E-13
4328.9  2.207887E-13
4331.8  2.234555E-13
4334.7  2.106141E-13
4337.6  2.014467E-13
4340.5  2.106136E-13
4343.4  2.238242E-13
4346.3  2.262473E-13
4349.2  2.198740E-13
4352.1  2.181341E-13
4355.  2.276910E-13
4357.9  2.349797E-13
4360.8  2.412173E-13
4363.7  2.370663E-13
4366.6  2.264717E-13
4369.5  2.163468E-13
4372.4  2.082500E-13
4375.3  2.004376E-13
4378.2  1.819021E-13
4381.1  1.647077E-13
4384.  1.698623E-13
4386.9  1.882956E-13
4389.8  2.053256E-13
4392.7  2.178123E-13
4395.6  2.205288E-13
4398.5  2.081857E-13
4401.4  1.919914E-13
4404.3  1.914384E-13
4407.2  2.082676E-13
4410.1  2.210166E-13
4413.  2.243303E-13
4415.9  2.290091E-13
4418.8  2.306371E-13
4421.7  2.299009E-13
4424.6  2.312155E-13
4427.5  2.307853E-13
4430.4  2.296672E-13
4433.3  2.346805E-13
4436.2  2.457871E-13
4439.1  2.533078E-13
4442.  2.592690E-13
4444.9  2.653816E-13
4447.8  2.610550E-13
4450.7  2.469853E-13
4453.6  2.304142E-13
4456.5  2.205608E-13
4459.4  2.242516E-13
4462.3  2.392579E-13
4465.2  2.578061E-13
4468.1  2.809058E-13
4471.  2.970366E-13
4473.9  2.989019E-13
4476.8  2.904562E-13
4479.7  2.900877E-13
4482.6  2.939032E-13
4485.5  2.871066E-13
4488.4  2.745361E-13
4491.3  2.678059E-13
4494.2  2.728817E-13
4497.1  2.934339E-13
4500.  3.139668E-13
4502.9  3.181976E-13
4505.8  3.151926E-13
4508.7  3.109573E-13
4511.6  3.037608E-13
4514.5  3.014340E-13
4517.4  3.012074E-13
4520.3  2.925154E-13
4523.2  2.715047E-13
4526.1  2.567056E-13
4529.  2.579644E-13
4531.9  2.686956E-13
4534.8  2.827782E-13
4537.7  2.893572E-13
4540.6  2.909922E-13
4543.5  2.924618E-13
4546.4  2.947951E-13
4549.3  2.965829E-13
4552.2  3.027414E-13
4555.1  3.179171E-13
4558.  3.245329E-13
4560.9  3.151954E-13
4563.8  3.143755E-13
4566.7  3.191306E-13
4569.6  3.217092E-13
4572.5  3.206109E-13
4575.4  3.142076E-13
4578.3  3.051440E-13
4581.2  3.072804E-13
4584.1  3.187886E-13
4587.  3.276010E-13
4589.9  3.223463E-13
4592.8  3.099436E-13
4595.7  3.069760E-13
4598.6  3.093098E-13
4601.5  3.176591E-13
4604.4  3.352530E-13
4607.3  3.532068E-13
4610.2  3.528795E-13
4613.1  3.517591E-13
4616.  3.543303E-13
4618.9  3.550094E-13
4621.8  3.577611E-13
4624.7  3.574058E-13
4627.6  3.522956E-13
4630.5  3.423655E-13
4633.4  3.281768E-13
4636.3  3.151122E-13
4639.2  3.057552E-13
4642.1  2.990555E-13
4645.  2.984866E-13
4647.9  3.124561E-13
4650.8  3.272541E-13
4653.7  3.355986E-13
4656.6  3.449770E-13
4659.5  3.418175E-13
4662.4  3.177007E-13
4665.3  3.029169E-13
4668.2  3.115236E-13
4671.1  3.251148E-13
4674.  3.292185E-13
4676.9  3.274193E-13
4679.8  3.254552E-13
4682.7  3.250217E-13
4685.6  3.246698E-13
4688.5  3.270092E-13
4691.4  3.341843E-13
4694.3  3.318761E-13
4697.2  3.183478E-13
4700.1  3.090241E-13
4703.  3.052741E-13
4705.9  3.063557E-13
4708.8  3.168294E-13
4711.7  3.300540E-13
4714.6  3.406910E-13
4717.5  3.517829E-13
4720.4  3.500512E-13
4723.3  3.376830E-13
4726.2  3.207112E-13
4729.1  3.137082E-13
4732.  3.268930E-13
4734.9  3.356721E-13
4737.8  3.452037E-13
4740.7  3.500165E-13
4743.6  3.524620E-13
4746.5  3.565865E-13
4749.4  3.550717E-13
4752.3  3.504832E-13
4755.2  3.463203E-13
4758.1  3.435814E-13
4761.  3.338795E-13
4763.9  3.283539E-13
4766.8  3.366843E-13
4769.7  3.488349E-13
4772.6  3.561535E-13
4775.5  3.580007E-13
4778.4  3.494878E-13
4781.3  3.393372E-13
4784.2  3.339532E-13
4787.1  3.395760E-13
4790.  3.527882E-13
4792.9  3.651081E-13
4795.8  3.665786E-13
4798.7  3.663092E-13
4801.6  3.704675E-13
4804.5  3.690209E-13
4807.4  3.670723E-13
4810.3  3.706528E-13
4813.2  3.786855E-13
4816.1  3.855827E-13
4819.  3.793414E-13
4821.9  3.679122E-13
4824.8  3.630380E-13
4827.7  3.583572E-13
4830.6  3.563028E-13
4833.5  3.579798E-13
4836.4  3.556473E-13
4839.3  3.511210E-13
4842.2  3.547603E-13
4845.1  3.616705E-13
4848.  3.663626E-13
4850.9  3.626631E-13
4853.8  3.504416E-13
4856.7  3.348625E-13
4859.6  3.242879E-13
4862.5  3.296015E-13
4865.4  3.366713E-13
4868.3  3.354856E-13
4871.2  3.364791E-13
4874.1  3.499306E-13
4877.  3.568414E-13
4879.9  3.447116E-13
4882.8  3.324421E-13
4885.7  3.293586E-13
4888.6  3.402213E-13
4891.5  3.672018E-13
4894.4  3.873900E-13
4897.3  3.879443E-13
4900.2  3.820298E-13
4903.1  3.776269E-13
4906.  3.715478E-13
4908.9  3.654145E-13
4911.8  3.670391E-13
4914.7  3.584884E-13
4917.6  3.356051E-13
4920.5  3.392258E-13
4923.4  3.649247E-13
4926.3  3.886947E-13
4929.2  3.892656E-13
4932.1  3.700233E-13
4935.  3.539590E-13
4937.9  3.590910E-13
4940.8  3.796254E-13
4943.7  3.965675E-13
4946.6  4.020189E-13
4949.5  3.947384E-13
4952.4  3.778021E-13
4955.3  3.658439E-13
4958.2  3.708290E-13
4961.1  3.761240E-13
4964.  3.702375E-13
4966.9  3.754068E-13
4969.8  3.917064E-13
4972.7  3.931460E-13
4975.6  3.756151E-13
4978.5  3.556162E-13
4981.4  3.459559E-13
4984.3  3.517640E-13
4987.2  3.629245E-13
4990.1  3.663471E-13
4993.  3.646192E-13
4995.9  3.597380E-13
4998.8  3.506132E-13
5001.7  3.439512E-13
5004.6  3.380819E-13
5007.5  3.340203E-13
5010.4  3.228646E-13
5013.3  3.220485E-13
5016.2  3.354307E-13
5019.1  3.390862E-13
5022.  3.421755E-13
5024.9  3.529314E-13
5027.8  3.639438E-13
5030.7  3.715316E-13
5033.6  3.597773E-13
5036.5  3.343690E-13
5039.4  3.295943E-13
5042.3  3.514633E-13
5045.2  3.628188E-13
5048.1  3.560392E-13
5051.  3.635444E-13
5053.9  3.769974E-13
5056.8  3.857659E-13
5059.7  3.808141E-13
5062.6  3.651431E-13
5065.5  3.550654E-13
5068.4  3.545825E-13
5071.3  3.531249E-13
5074.2  3.439652E-13
5077.1  3.288999E-13
5080.  3.242337E-13
5082.9  3.367900E-13
5085.8  3.554886E-13
5088.7  3.661206E-13
5091.6  3.639271E-13
5094.5  3.492428E-13
5097.4  3.398320E-13
5100.3  3.358698E-13
5103.2  3.318519E-13
5106.1  3.289845E-13
5109.  3.348638E-13
5111.9  3.493017E-13
5114.8  3.581986E-13
5117.7  3.452419E-13
5120.6  3.242193E-13
5123.5  3.138535E-13
5126.4  3.182622E-13
5129.3  3.303476E-13
5132.2  3.414385E-13
5135.1  3.353434E-13
5138.  3.158166E-13
5140.9  3.057430E-13
5143.8  3.107338E-13
5146.7  3.139246E-13
5149.6  3.168080E-13
5152.5  3.297870E-13
5155.4  3.502658E-13
5158.3  3.496288E-13
5161.2  3.166208E-13
5164.1  2.756847E-13
5167.  2.541060E-13
5169.9  2.586450E-13
5172.8  2.816572E-13
5175.7  3.019776E-13
5178.6  2.923245E-13
5181.5  2.873775E-13
5184.4  3.210876E-13
5187.3  3.522629E-13
5190.2  3.489819E-13
5193.1  3.455362E-13
5196.  3.564831E-13
5198.9  3.546782E-13
5201.8  3.270680E-13
5204.7  2.984902E-13
5207.6  3.075307E-13
5210.5  3.474476E-13
5213.4  3.764541E-13
5216.3  3.906289E-13
5219.2  3.862284E-13
5222.1  3.630843E-13
5225.  3.550970E-13
5227.9  3.751723E-13
5230.8  3.933199E-13
5233.7  4.071644E-13
5236.6  4.183698E-13
5239.5  4.185049E-13
5242.4  4.042878E-13
5245.3  3.825306E-13
5248.2  3.747233E-13
5251.1  3.841720E-13
5254.  3.975827E-13
5256.9  4.014893E-13
5259.8  3.760292E-13
5262.7  3.386210E-13
5265.6  3.239960E-13
5268.5  3.362057E-13
5271.4  3.670028E-13
5274.3  3.981963E-13
5277.2  4.128770E-13
5280.1  4.198757E-13
5283.  4.324290E-13
5285.9  4.464556E-13
5288.8  4.498885E-13
5291.7  4.341508E-13
5294.6  4.081688E-13
5297.5  4.041168E-13
5300.4  4.245128E-13
5303.3  4.465587E-13
5306.2  4.627287E-13
5309.1  4.653413E-13
5312.  4.637154E-13
5314.9  4.538806E-13
5317.8  4.392611E-13
5320.7  4.201334E-13
5323.6  3.929243E-13
5326.5  3.782121E-13
5329.4  3.999778E-13
5332.3  4.308901E-13
5335.2  4.354561E-13
5338.1  4.307515E-13
5341.  4.304528E-13
5343.9  4.339224E-13
5346.8  4.375120E-13
5349.7  4.592861E-13
5352.6  4.793352E-13
5355.5  4.837699E-13
5358.4  4.762272E-13
5361.3  4.581891E-13
5364.2  4.424556E-13
5367.1  4.274825E-13
5370.  4.278126E-13
5372.9  4.489949E-13
5375.8  4.682421E-13
5378.7  4.697480E-13
5381.6  4.594248E-13
5384.5  4.508528E-13
5387.4  4.300638E-13
5390.3  4.154738E-13
5393.2  4.064030E-13
5396.1  4.101540E-13
5399.  4.194643E-13
5401.9  4.111718E-13
5404.8  3.988498E-13
5407.7  4.149183E-13
5410.6  4.427383E-13
5413.5  4.644726E-13
5416.4  4.701457E-13
5419.3  4.638671E-13
5422.2  4.571399E-13
5425.1  4.446591E-13
5428.  4.270906E-13
5430.9  4.220049E-13
5433.8  4.355853E-13
5436.7  4.625937E-13
5439.6  4.688028E-13
5442.5  4.489337E-13
5445.4  4.358061E-13
5448.3  4.417567E-13
5451.2  4.409177E-13
5454.1  4.425200E-13
5457.  4.559790E-13
5459.9  4.556872E-13
5462.8  4.520207E-13
5465.7  4.479731E-13
5468.6  4.396315E-13
5471.5  4.328431E-13
5474.4  4.308410E-13
5477.3  4.346235E-13
5480.2  4.419564E-13
5483.1  4.532390E-13
5486.  4.564021E-13
5488.9  4.582330E-13
5491.8  4.571827E-13
5494.7  4.564280E-13
5497.6  4.573399E-13
5500.5  4.511127E-13
5503.4  4.445709E-13
5506.3  4.434816E-13
5509.2  4.386890E-13
5512.1  4.335940E-13
5515.  4.460918E-13
5517.9  4.719352E-13
5520.8  4.817970E-13
5523.7  4.729363E-13
5526.6  4.584300E-13
5529.5  4.573225E-13
5532.4  4.606065E-13
5535.3  4.644335E-13
5538.2  4.689291E-13
5541.1  4.709112E-13
5544.  4.773947E-13
5546.9  4.925545E-13
5549.8  4.979728E-13
5552.7  4.944622E-13
5555.6  4.876313E-13
5558.5  4.811305E-13
5561.4  4.693029E-13
5564.3  4.681303E-13
5567.2  4.698398E-13
5570.1  4.785664E-13
5573.  4.870686E-13
5575.9  4.881242E-13
5578.8  4.791401E-13
5581.7  4.609307E-13
5584.6  4.424371E-13
5587.5  4.349473E-13
5590.4  4.446037E-13
5593.3  4.591074E-13
5596.2  4.586442E-13
5599.1  4.532396E-13
5602.  4.609029E-13
5604.9  4.835092E-13
5607.8  4.934581E-13
5610.7  4.863499E-13
5613.6  4.710027E-13
5616.5  4.624328E-13
5619.4  4.631045E-13
5622.3  4.601280E-13
5625.2  4.689452E-13
5628.1  4.873712E-13
5631.  4.904891E-13
5633.9  4.818841E-13
5636.8  4.733406E-13
5639.7  4.696614E-13
5642.6  4.702733E-13
5645.5  4.762460E-13
5648.4  4.797275E-13
5651.3  4.772350E-13
5654.2  4.664556E-13
5657.1  4.602522E-13
5660.  4.666332E-13
5662.9  4.740495E-13
5665.8  4.773333E-13
5668.7  4.790187E-13
5671.6  4.904587E-13
5674.5  4.986711E-13
5677.4  4.980348E-13
5680.3  4.925954E-13
5683.2  4.867170E-13
5686.1  4.884975E-13
5689.  4.975675E-13
5691.9  5.009938E-13
5694.8  4.898165E-13
5697.7  4.706504E-13
5700.6  4.574331E-13
5703.5  4.507412E-13
5706.4  4.442869E-13
5709.3  4.513198E-13
5712.2  4.749589E-13
5715.1  4.999141E-13
5718.  5.102188E-13
5720.9  5.130170E-13
5723.8  5.117371E-13
5726.7  5.063622E-13
5729.6  5.068905E-13
5732.5  5.069000E-13
5735.4  5.071332E-13
5738.3  5.044441E-13
5741.2  5.080313E-13
5744.1  5.120031E-13
5747.  5.085064E-13
5749.9  5.036999E-13
5752.8  5.036578E-13
5755.7  5.065816E-13
5758.6  5.058695E-13
5761.5  5.119203E-13
5764.4  5.288843E-13
5767.3  5.349416E-13
5770.2  5.280874E-13
5773.1  5.150059E-13
5776.  4.950192E-13
5778.9  4.702208E-13
5781.8  4.568364E-13
5784.7  4.692574E-13
5787.6  4.923601E-13
5790.5  5.090180E-13
5793.4  5.155670E-13
5796.3  5.212418E-13
5799.2  5.254595E-13
5802.1  5.264341E-13
5805.  5.253779E-13
5807.9  5.265102E-13
5810.8  5.254703E-13
5813.7  5.241857E-13
5816.6  5.291731E-13
5819.5  5.333570E-13
5822.4  5.323273E-13
5825.3  5.287114E-13
5828.2  5.266070E-13
5831.1  5.284685E-13
5834.  5.294265E-13
5836.9  5.301063E-13
5839.8  5.316235E-13
5842.7  5.268846E-13
5845.6  5.189425E-13
5848.5  5.145021E-13
5851.4  5.114625E-13
5854.3  5.101513E-13
5857.2  5.125690E-13
5860.1  5.158666E-13
5863.  5.182549E-13
5865.9  5.196891E-13
5868.8  5.192699E-13
5871.7  5.160729E-13
5874.6  5.078416E-13
5877.5  4.901835E-13
5880.4  4.671451E-13
5883.3  4.445719E-13
5886.2  4.232273E-13
5889.1  4.227678E-13
5892.  4.420059E-13
5894.9  4.669722E-13
5897.8  4.938781E-13
5900.7  5.124482E-13
5903.6  5.151158E-13
5906.5  5.098264E-13
5909.4  5.082913E-13
5912.3  5.130441E-13
5915.2  5.198774E-13
5918.1  5.241463E-13
5921.  5.239889E-13
5923.9  5.208069E-13
5926.8  5.187178E-13
5929.7  5.198293E-13
5932.6  5.200587E-13
5935.5  5.186134E-13
5938.4  5.179392E-13
5941.3  5.203442E-13
5944.2  5.213067E-13
5947.1  5.190486E-13
5950.  5.160534E-13
5952.9  5.160494E-13
5955.8  5.200122E-13
5958.7  5.280294E-13
5961.6  5.330800E-13
5964.5  5.341854E-13
5967.4  5.337098E-13
5970.3  5.301705E-13
5973.2  5.261231E-13
5976.1  5.246230E-13
5979.  5.228571E-13
5981.9  5.206458E-13
5984.8  5.217374E-13
5987.7  5.225012E-13
5990.6  5.210669E-13
5993.5  5.181108E-13
5996.4  5.145788E-13
5999.3  5.113239E-13
6002.2  5.090290E-13
6005.1  5.079333E-13
6008.  5.065745E-13
6010.9  5.056589E-13
6013.8  5.084049E-13
6016.7  5.130557E-13
6019.6  5.219259E-13
6022.5  5.326436E-13
6025.4  5.395615E-13
6028.3  5.432145E-13
6031.2  5.454739E-13
6034.1  5.470019E-13
6037.  5.479193E-13
6039.9  5.473175E-13
6042.8  5.460066E-13
6045.7  5.425219E-13
6048.6  5.405190E-13
6051.5  5.360107E-13
6054.4  5.362906E-13
6057.3  5.405841E-13
6060.2  5.421243E-13
6063.1  5.482206E-13
6066.  5.526860E-13
6068.9  5.527873E-13
6071.8  5.455185E-13
6074.7  5.336158E-13
6077.6  5.278688E-13
6080.5  5.266997E-13
6083.4  5.255498E-13
6086.3  5.243679E-13
6089.2  5.266406E-13
6092.1  5.319072E-13
6095.  5.333483E-13
6097.9  5.297917E-13
6100.8  5.307170E-13
6103.7  5.340953E-13
6106.6  5.347813E-13
6109.5  5.318669E-13
6112.4  5.272166E-13
6115.3  5.199881E-13
6118.2  5.168783E-13
6121.1  5.188063E-13
6124.  5.189510E-13
6126.9  5.184742E-13
6129.8  5.103090E-13
6132.7  5.033168E-13
6135.6  5.092620E-13
6138.5  5.180427E-13
6141.4  5.234933E-13
6144.3  5.216409E-13
6147.2  5.137299E-13
6150.1  5.081576E-13
6153.  5.008173E-13
6155.9  4.930827E-13
6158.8  4.918791E-13
6161.7  4.975651E-13
6164.6  5.023744E-13
6167.5  5.075989E-13
6170.4  5.193019E-13
6173.3  5.271549E-13
6176.2  5.291844E-13
6179.1  5.259901E-13
6182.  5.154561E-13
6184.9  5.055482E-13
6187.8  5.074639E-13
6190.7  5.168887E-13
6193.6  5.220828E-13
6196.5  5.224575E-13
6199.4  5.212261E-13
6202.3  5.151998E-13
6205.2  5.060195E-13
6208.1  4.940083E-13
6211.  4.867333E-13
6213.9  4.873785E-13
6216.8  4.918559E-13
6219.7  4.928977E-13
6222.6  4.881705E-13
6225.5  4.835065E-13
6228.4  4.845351E-13
6231.3  4.886179E-13
6234.2  4.813274E-13
6237.1  4.723756E-13
6240.  4.765469E-13
6242.9  4.851301E-13
6245.8  4.811732E-13
6248.7  4.676921E-13
6251.6  4.622082E-13
6254.5  4.692143E-13
6257.4  4.826028E-13
6260.3  4.916899E-13
6263.2  4.952661E-13
6266.1  5.024315E-13
6269.  5.081524E-13
6271.9  5.117560E-13
6274.8  5.146737E-13
6277.7  5.152900E-13
6280.6  5.187444E-13
6283.5  5.228048E-13
6286.4  5.174008E-13
6289.3  5.058978E-13
6292.2  5.011824E-13
6295.1  5.014855E-13
6298.  5.027570E-13
6300.9  5.058137E-13
6303.8  5.071965E-13
6306.7  5.046356E-13
6309.6  5.000212E-13
6312.5  4.970934E-13
6315.4  5.020500E-13
6318.3  5.093060E-13
6321.2  5.158298E-13
6324.1  5.198251E-13
6327.  5.187284E-13
6329.9  5.153320E-13
6332.8  5.138886E-13
6335.7  5.161665E-13
6338.6  5.198860E-13
6341.5  5.217638E-13
6344.4  5.243161E-13
6347.3  5.213497E-13
6350.2  5.115694E-13
6353.1  4.995042E-13
6356.  4.928651E-13
6358.9  4.963274E-13
6361.8  5.120133E-13
6364.7  5.250892E-13
6367.6  5.351160E-13
6370.5  5.397571E-13
6373.4  5.360694E-13
6376.3  5.272792E-13
6379.2  5.245623E-13
6382.1  5.277325E-13
6385.  5.284459E-13
6387.9  5.228740E-13
6390.8  5.197566E-13
6393.7  5.227143E-13
6396.6  5.233046E-13
6399.5  5.266090E-13
6402.4  5.296583E-13
6405.3  5.277258E-13
6408.2  5.218431E-13
6411.1  5.219557E-13
6414.  5.287341E-13
6416.9  5.304372E-13
6419.8  5.305048E-13
6422.7  5.317621E-13
6425.6  5.276631E-13
6428.5  5.219402E-13
6431.4  5.235997E-13
6434.3  5.297029E-13
6437.2  5.319360E-13
6440.1  5.332533E-13
6443.  5.346065E-13
6445.9  5.291434E-13
6448.8  5.205511E-13
6451.7  5.197738E-13
6454.6  5.301185E-13
6457.5  5.359825E-13
6460.4  5.344203E-13
6463.3  5.331265E-13
6466.2  5.318350E-13
6469.1  5.301234E-13
6472.  5.308548E-13
6474.9  5.316418E-13
6477.8  5.307463E-13
6480.7  5.261391E-13
6483.6  5.039095E-13
6486.5  4.991356E-13
6489.4  5.021580E-13
6492.3  5.109642E-13
6495.2  5.221764E-13
6498.1  5.310363E-13
6501.  5.358103E-13
6503.9  5.379310E-13
6506.8  5.388124E-13
6509.7  5.398616E-13
6512.6  5.408202E-13
6515.5  5.408434E-13
6518.4  5.397783E-13
6521.3  5.379065E-13
6524.2  5.371490E-13
6527.1  5.382478E-13
6530.  5.383928E-13
6532.9  5.358233E-13
6535.8  5.308483E-13
6538.7  5.246114E-13
6541.6  5.192624E-13
6544.5  5.142706E-13
6547.4  5.075202E-13
6550.3  5.000898E-13
6553.2  4.943202E-13
6556.1  4.932140E-13
6559.  4.986271E-13
6561.9  5.066007E-13
6564.8  5.135378E-13
6567.7  5.203719E-13
6570.6  5.272722E-13
6573.5  5.325719E-13
6576.4  5.351517E-13
6579.3  5.344049E-13
6582.2  5.315649E-13
6585.1  5.291130E-13
6588.  5.284497E-13
6590.9  5.301714E-13
6593.8  5.319062E-13
6596.7  5.312237E-13
6599.6  5.310303E-13
6602.5  5.338145E-13
6605.4  5.377799E-13
6608.3  5.409125E-13
6611.2  5.415673E-13
6614.1  5.393305E-13
6617.  5.354944E-13
6619.9  5.315574E-13
6622.8  5.290078E-13
6625.7  5.284149E-13
6628.6  5.296371E-13
6631.5  5.309004E-13
6634.4  5.303589E-13
6637.3  5.292657E-13
6640.2  5.291845E-13
6643.1  5.305841E-13
6646.  5.329259E-13
6648.9  5.334400E-13
6651.8  5.314062E-13
6654.7  5.293174E-13
6657.6  5.288142E-13
6660.5  5.307076E-13
6663.4  5.341214E-13
6666.3  5.371340E-13
6669.2  5.401097E-13
6672.1  5.439606E-13
6675.  5.475243E-13
6677.9  5.494045E-13
6680.8  5.489566E-13
6683.7  5.460609E-13
6686.6  5.413534E-13
6689.5  5.361181E-13
6692.4  5.325630E-13
6695.3  5.307232E-13
6698.2  5.283369E-13
6701.1  5.250312E-13
6704.  5.216772E-13
6706.9  5.198632E-13
6709.8  5.211851E-13
6712.7  5.252751E-13
6715.6  5.308679E-13
6718.5  5.356278E-13
6721.4  5.378144E-13
6724.3  5.381200E-13
6727.2  5.370781E-13
6730.1  5.341451E-13
6733.  5.304941E-13
6735.9  5.291667E-13
6738.8  5.306024E-13
6741.7  5.332267E-13
6744.6  5.362455E-13
6747.5  5.391156E-13
6750.4  5.402425E-13
6753.3  5.384176E-13
6756.2  5.349335E-13
6759.1  5.316965E-13
6762.  5.310281E-13
6764.9  5.335154E-13
6767.8  5.362372E-13
6770.7  5.370362E-13
6773.6  5.350125E-13
6776.5  5.314751E-13
6779.4  5.295994E-13
6782.3  5.297839E-13
6785.2  5.309031E-13
6788.1  5.327581E-13
6791.  5.352285E-13
6793.9  5.376150E-13
6796.8  5.392678E-13
6799.7  5.397976E-13
6802.6  5.394326E-13
6805.5  5.396797E-13
6808.4  5.410947E-13
6811.3  5.427234E-13
6814.2  5.436389E-13
6817.1  5.429591E-13
6820.  5.408257E-13
6822.9  5.380807E-13
6825.8  5.342938E-13
6828.7  5.289730E-13
6831.6  5.240202E-13
6834.5  5.214726E-13
6837.4  5.224462E-13
6840.3  5.262463E-13
6843.2  5.279338E-13
6846.1  5.253723E-13
6849.  5.218212E-13
6851.9  5.183494E-13
6854.8  5.139840E-13
6857.7  5.076263E-13
6860.6  4.982155E-13
6863.5  4.925212E-13
6866.4  4.989717E-13
6869.3  5.170253E-13
6872.2  5.418189E-13
6875.1  5.613635E-13
6878.  5.671234E-13
6880.9  5.639836E-13
6883.8  5.576558E-13
6886.7  5.522502E-13
6889.6  5.503958E-13
6892.5  5.522845E-13
6895.4  5.561969E-13
6898.3  5.591387E-13
6901.2  5.594027E-13
6904.1  5.563280E-13
6907.  5.518823E-13
6909.9  5.484678E-13
6912.8  5.456676E-13
6915.7  5.427546E-13
6918.6  5.396836E-13
6921.5  5.366145E-13
6924.4  5.342486E-13
6927.3  5.325841E-13
6930.2  5.307191E-13
6933.1  5.280183E-13
6936.  5.241298E-13
6938.9  5.201488E-13
6941.8  5.178305E-13
6944.7  5.180702E-13
6947.6  5.210641E-13
6950.5  5.253911E-13
6953.4  5.293535E-13
6956.3  5.322080E-13
6959.2  5.331261E-13
6962.1  5.306187E-13
6965.  5.250945E-13
6967.9  5.193959E-13
6970.8  5.162575E-13
6973.7  5.180745E-13
6976.6  5.232800E-13
6979.5  5.279612E-13
6982.4  5.304167E-13
6985.3  5.300653E-13
6988.2  5.271075E-13
6991.1  5.225178E-13
6994.  5.186562E-13
6996.9  5.171506E-13
6999.8  5.173512E-13
7002.7  5.180819E-13
7005.6  5.175563E-13
7008.5  5.160166E-13
7011.4  5.159972E-13
7014.3  5.176065E-13
7017.2  5.193697E-13
7020.1  5.219198E-13
7023.  5.263713E-13
7025.9  5.309773E-13
7028.8  5.338491E-13
7031.7  5.359416E-13
7034.6  5.381640E-13
7037.5  5.401351E-13
7040.4  5.411315E-13
7043.3  5.397022E-13
7046.2  5.363425E-13
7049.1  5.339388E-13
7052.  5.329317E-13
7054.9  5.319346E-13
7057.8  5.313294E-13
7060.7  5.319936E-13
7063.6  5.334463E-13
7066.5  5.346355E-13
7069.4  5.331659E-13
7072.3  5.276991E-13
7075.2  5.206292E-13
7078.1  5.145218E-13
7081.  5.112319E-13
7083.9  5.112993E-13
7086.8  5.135620E-13
7089.7  5.160524E-13
7092.6  5.163434E-13
7095.5  5.145869E-13
7098.4  5.123793E-13
7101.3  5.108527E-13
7104.2  5.107476E-13
7107.1  5.112296E-13
7110.  5.112644E-13
7112.9  5.105899E-13
7115.8  5.092607E-13
7118.7  5.078731E-13
7121.6  5.068480E-13
7124.5  5.061525E-13
7127.4  5.060625E-13
7130.3  5.071339E-13
7133.2  5.085754E-13
7136.1  5.089559E-13
7139.  5.084144E-13
7141.9  5.076885E-13
7144.8  5.080875E-13
7147.7  5.102449E-13
7150.6  5.111911E-13
7153.5  5.090264E-13
7156.4  5.060131E-13
7159.3  5.034887E-13
7162.2  5.007624E-13
7165.1  4.977065E-13
7168.  4.947049E-13
7170.9  4.918521E-13
7173.8  4.892011E-13
7176.7  4.868075E-13
7179.6  4.848747E-13
7182.5  4.862481E-13
7185.4  4.930144E-13
7188.3  5.013262E-13
7191.2  5.071806E-13
7194.1  5.085457E-13
7197.  5.064155E-13
7199.9  5.072365E-13
7202.8  5.125993E-13
7205.7  5.179760E-13
7208.6  5.211449E-13
7211.5  5.215521E-13
7214.4  5.199114E-13
7217.3  5.176936E-13
7220.2  5.151815E-13
7223.1  5.124163E-13
7226.  5.097122E-13
7228.9  5.076337E-13
7231.8  5.078283E-13
7234.7  5.106421E-13
7237.6  5.137343E-13
7240.5  5.154541E-13
7243.4  5.152119E-13
7246.3  5.138451E-13
7249.2  5.134294E-13
7252.1  5.137428E-13
7255.  5.134037E-13
7257.9  5.128528E-13
7260.8  5.128341E-13
7263.7  5.122596E-13
7266.6  5.102931E-13
7269.5  5.082399E-13
7272.4  5.070696E-13
7275.3  5.066444E-13
7278.2  5.060760E-13
7281.1  5.029671E-13
7284.  4.994704E-13
7286.9  5.020108E-13
7289.8  5.080794E-13
7292.7  5.104102E-13
7295.6  5.092192E-13
7298.5  5.073244E-13
7301.4  5.059016E-13
7304.3  5.057482E-13
7307.2  5.068846E-13
7310.1  5.089399E-13
7313.  5.111936E-13
7315.9  5.131164E-13
7318.8  5.146529E-13
7321.7  5.158881E-13
7324.6  5.169440E-13
7327.5  5.184350E-13
7330.4  5.211779E-13
7333.3  5.231330E-13
7336.2  5.215495E-13
7339.1  5.171922E-13
7342.  5.118367E-13
7344.9  5.068415E-13
7347.8  5.034739E-13
7350.7  5.026021E-13
7353.6  5.045789E-13
7356.5  5.090511E-13
7359.4  5.152767E-13
7362.3  5.223284E-13
7365.2  5.281230E-13
7368.1  5.300366E-13
7371.  5.279826E-13
7373.9  5.233625E-13
7376.8  5.180077E-13
7379.7  5.138638E-13
7382.6  5.128642E-13
7385.5  5.156535E-13
7388.4  5.193687E-13
7391.3  5.217177E-13
7394.2  5.228906E-13
7397.1  5.222908E-13
7400.  5.181156E-13
7402.9  5.119426E-13
7405.8  5.079220E-13
7408.7  5.072724E-13
7411.6  5.094675E-13
7414.5  5.137246E-13
7417.4  5.188914E-13
7420.3  5.236467E-13
7423.2  5.267875E-13
7426.1  5.272096E-13
7429.  5.250262E-13
7431.9  5.226775E-13
7434.8  5.219944E-13
7437.7  5.236262E-13
7440.6  5.267195E-13
7443.5  5.290889E-13
7446.4  5.295469E-13
7449.3  5.277056E-13
7452.2  5.255550E-13
7455.1  5.255687E-13
7458.  5.267443E-13
7460.9  5.275045E-13
7463.8  5.274378E-13
7466.7  5.266062E-13
7469.6  5.261031E-13
7472.5  5.263650E-13
7475.4  5.266527E-13
7478.3  5.260586E-13
7481.2  5.234597E-13
7484.1  5.202103E-13
7487.  5.191232E-13
7489.9  5.204366E-13
7492.8  5.231800E-13
7495.7  5.252512E-13
7498.6  5.250154E-13
7501.5  5.251661E-13
7504.4  5.275714E-13
7507.3  5.293797E-13
7510.2  5.292139E-13
7513.1  5.290196E-13
7516.  5.298091E-13
7518.9  5.314619E-13
7521.8  5.336301E-13
7524.7  5.357271E-13
7527.6  5.370121E-13
7530.5  5.368652E-13
7533.4  5.357838E-13
7536.3  5.346157E-13
7539.2  5.341223E-13
7542.1  5.346375E-13
7545.  5.352798E-13
7547.9  5.352117E-13
7550.8  5.339625E-13
7553.7  5.318683E-13
7556.6  5.303365E-13
7559.5  5.297731E-13
7562.4  5.297074E-13
7565.3  5.298504E-13
7568.2  5.299784E-13
7571.1  5.300605E-13
7574.  5.301505E-13
7576.9  5.302439E-13
7579.8  5.303374E-13
7582.7  5.304308E-13
7585.6  5.305244E-13
7588.5  5.306178E-13
7591.4  5.307113E-13
7594.3  5.308048E-13
7597.2  5.308982E-13
7600.1  5.309918E-13
7603.  5.310853E-13
7605.9  5.311787E-13
7608.8  5.312721E-13
7611.7  5.313656E-13
7614.6  5.314591E-13
7617.5  5.315526E-13
7620.4  5.316461E-13
7623.3  5.317395E-13
7626.2  5.318330E-13
7629.1  5.319265E-13
7632.  5.320200E-13
7634.9  5.321134E-13
7637.8  5.322069E-13
7640.7  5.323004E-13
7643.6  5.323938E-13
7646.5  5.325063E-13
7649.4  5.327257E-13
7652.3  5.324961E-13
7655.2  5.317426E-13
7658.1  5.340686E-13
7661.  5.412893E-13
7663.9  5.487421E-13
7666.8  5.529065E-13
7669.7  5.534424E-13
7672.6  5.510581E-13
7675.5  5.478302E-13
7678.4  5.441875E-13
7681.3  5.392552E-13
7684.2  5.343243E-13
7687.1  5.313444E-13
7690.  5.303376E-13
7692.9  5.305234E-13
7695.8  5.303303E-13
7698.7  5.284685E-13
7701.6  5.248222E-13
7704.5  5.204659E-13
7707.4  5.185429E-13
7710.3  5.200908E-13
7713.2  5.231872E-13
7716.1  5.262770E-13
7719.  5.281439E-13
7721.9  5.288734E-13
7724.8  5.293038E-13
7727.7  5.294991E-13
7730.6  5.292969E-13
7733.5  5.278910E-13
7736.4  5.251073E-13
7739.3  5.235612E-13
7742.2  5.249941E-13
7745.1  5.286129E-13
7748.  5.328011E-13
7750.9  5.349088E-13
7753.8  5.347139E-13
7756.7  5.344111E-13
7759.6  5.344020E-13
7762.5  5.340936E-13
7765.4  5.339323E-13
7768.3  5.344859E-13
7771.2  5.349129E-13
7774.1  5.344073E-13
7777.  5.336940E-13
7779.9  5.333490E-13
7782.8  5.330220E-13
7785.7  5.325006E-13
7788.6  5.318466E-13
7791.5  5.312155E-13
7794.4  5.308634E-13
7797.3  5.310689E-13
7800.2  5.320506E-13
7803.1  5.338155E-13
7806.  5.361570E-13
7808.9  5.382323E-13
7811.8  5.391693E-13
7814.7  5.387684E-13
7817.6  5.370431E-13
7820.5  5.339716E-13
7823.4  5.301821E-13
7826.3  5.273106E-13
7829.2  5.262170E-13
7832.1  5.268239E-13
7835.  5.280972E-13
7837.9  5.283826E-13
7840.8  5.275652E-13
7843.7  5.263255E-13
7846.6  5.259413E-13
7849.5  5.273702E-13
7852.4  5.289730E-13
7855.3  5.289786E-13
7858.2  5.267741E-13
7861.1  5.225957E-13
7864.  5.179953E-13
7866.9  5.145531E-13
7869.8  5.136498E-13
7872.7  5.149474E-13
7875.6  5.166796E-13
7878.5  5.171788E-13
7881.4  5.151255E-13
7884.3  5.111863E-13
7887.2  5.068531E-13
7890.1  5.040572E-13
7893.  5.039080E-13
7895.9  5.044059E-13
7898.8  5.036384E-13
7901.7  5.006859E-13
7904.6  4.965301E-13
7907.5  4.949366E-13
7910.4  4.967530E-13
7913.3  5.000162E-13
7916.2  5.027288E-13
7919.1  5.029759E-13
7922.  5.010956E-13
7924.9  4.983574E-13
7927.8  4.949391E-13
7930.7  4.910804E-13
7933.6  4.876341E-13
7936.5  4.857154E-13
7939.4  4.872295E-13
7942.3  4.921796E-13
7945.2  4.975482E-13
7948.1  5.014028E-13
7951.  5.030696E-13
7953.9  5.036206E-13
7956.8  5.052575E-13
7959.7  5.077090E-13
7962.6  5.096865E-13
7965.5  5.104122E-13
7968.4  5.094742E-13
7971.3  5.074495E-13
7974.2  5.052521E-13
7977.1  5.042109E-13
7980.  5.046188E-13
7982.9  5.047785E-13
7985.8  5.039706E-13
7988.7  5.026971E-13
7991.6  5.018318E-13
7994.5  5.024972E-13
7997.4  5.044020E-13
8000.3  5.065407E-13
8003.2  5.084799E-13
8006.1  5.098847E-13
8009.  5.101770E-13
8011.9  5.089754E-13
8014.8  5.059338E-13
8017.7  5.021263E-13
8020.6  5.014254E-13
8023.5  5.049871E-13
8026.4  5.104774E-13
8029.3  5.143824E-13
8032.2  5.124760E-13
8035.1  5.064917E-13
8038.  5.012486E-13
8040.9  4.993391E-13
8043.8  5.018505E-13
8046.7  5.059422E-13
8049.6  5.083226E-13
8052.5  5.079674E-13
8055.4  5.048226E-13
8058.3  5.002607E-13
8061.2  4.958151E-13
8064.1  4.928114E-13
8067.  4.916397E-13
8069.9  4.917030E-13
8072.8  4.920448E-13
8075.7  4.916300E-13
8078.6  4.893638E-13
8081.5  4.847181E-13
8084.4  4.806913E-13
8087.3  4.801633E-13
8090.2  4.822620E-13
8093.1  4.853080E-13
8096.  4.871154E-13
8098.9  4.865985E-13
8101.8  4.847298E-13
8104.7  4.826134E-13
8107.6  4.812833E-13
8110.5  4.815616E-13
8113.4  4.839181E-13
8116.3  4.864562E-13
8119.2  4.866548E-13
8122.1  4.849526E-13
8125.  4.826538E-13
8127.9  4.810681E-13
8130.8  4.809979E-13
8133.7  4.815775E-13
8136.6  4.820759E-13
8139.5  4.823758E-13
8142.4  4.824949E-13
8145.3  4.828181E-13
8148.2  4.824980E-13
8151.1  4.799135E-13
8154.  4.769297E-13
8156.9  4.766608E-13
8159.8  4.804109E-13
8162.7  4.879244E-13
8165.6  4.939766E-13
8168.5  4.943662E-13
8171.4  4.912106E-13
8174.3  4.871801E-13
8177.2  4.846577E-13
8180.1  4.839894E-13
8183.  4.825132E-13
8185.9  4.798702E-13
8188.8  4.775550E-13
8191.7  4.772809E-13
8194.6  4.805930E-13
8197.5  4.860595E-13
8200.4  4.912338E-13
8203.3  4.943768E-13
8206.2  4.944614E-13
8209.1  4.926951E-13
8212.  4.897455E-13
8214.9  4.837094E-13
8217.8  4.753953E-13
8220.7  4.691836E-13
8223.6  4.691373E-13
8226.5  4.787660E-13
8229.4  4.939980E-13
8232.3  5.065239E-13
8235.2  5.131680E-13
8238.1  5.134224E-13
8241.  5.095786E-13
8243.9  5.047633E-13
8246.8  5.006834E-13
8249.7  4.984969E-13
8252.6  4.986747E-13
8255.5  5.003534E-13
8258.4  5.009877E-13
8261.3  4.991018E-13
8264.2  4.945066E-13
8267.1  4.888759E-13
8270.  4.850018E-13
8272.9  4.839474E-13
8275.8  4.856731E-13
8278.7  4.883034E-13
8281.6  4.897813E-13
8284.5  4.902305E-13
8287.4  4.899655E-13
8290.3  4.887696E-13
8293.2  4.864602E-13
8296.1  4.825148E-13
8299.  4.782637E-13
8301.9  4.772282E-13
8304.8  4.790680E-13
8307.7  4.806782E-13
8310.6  4.807483E-13
8313.5  4.789620E-13
8316.4  4.769385E-13
8319.3  4.765046E-13
8322.2  4.767062E-13
8325.1  4.764771E-13
8328.  4.761107E-13
8330.9  4.759043E-13
8333.8  4.759961E-13
8336.7  4.764730E-13
8339.6  4.773893E-13
8342.5  4.781520E-13
8345.4  4.776840E-13
8348.3  4.766121E-13
8351.2  4.763562E-13
8354.1  4.772334E-13
8357.  4.790236E-13
8359.9  4.811655E-13
8362.8  4.827175E-13
8365.7  4.819024E-13
8368.6  4.777277E-13
8371.5  4.707008E-13
8374.4  4.630951E-13
8377.3  4.594029E-13
8380.2  4.611112E-13
8383.1  4.667461E-13
8386.  4.735643E-13
8388.9  4.782288E-13
8391.8  4.805993E-13
8394.7  4.818416E-13
8397.6  4.824722E-13
8400.5  4.827674E-13
8403.4  4.819568E-13
8406.3  4.796656E-13
8409.2  4.768806E-13
8412.1  4.745057E-13
8415.  4.732284E-13
8417.9  4.727372E-13
8420.8  4.717030E-13
8423.7  4.698804E-13
8426.6  4.677643E-13
8429.5  4.669671E-13
8432.4  4.692009E-13
8435.3  4.734317E-13
8438.2  4.779276E-13
8441.1  4.815656E-13
8444.  4.837203E-13
8446.9  4.853270E-13
8449.8  4.862951E-13
8452.7  4.841455E-13
8455.6  4.789143E-13
8458.5  4.734052E-13
8461.4  4.703173E-13
8464.3  4.720405E-13
8467.2  4.765138E-13
8470.1  4.796626E-13
8473.  4.808725E-13
8475.9  4.803666E-13
8478.8  4.771824E-13
8481.7  4.706412E-13
8484.6  4.596715E-13
8487.5  4.467752E-13
8490.4  4.416154E-13
8493.3  4.475914E-13
8496.2  4.598427E-13
8499.1  4.711721E-13
8502.  4.728156E-13
8504.9  4.671564E-13
8507.8  4.624083E-13
8510.7  4.607197E-13
8513.6  4.618186E-13
8516.5  4.640736E-13
8519.4  4.647298E-13
8522.3  4.599470E-13
8525.2  4.468425E-13
8528.1  4.234359E-13
8531.  3.956419E-13
8533.9  3.799453E-13
8536.8  3.834927E-13
8539.7  4.041746E-13
8542.6  4.317387E-13
8545.5  4.516872E-13
8548.4  4.630208E-13
8551.3  4.702035E-13
8554.2  4.748844E-13
8557.1  4.784317E-13
8560.  4.811465E-13
8562.9  4.832268E-13
8565.8  4.854627E-13
8568.7  4.878506E-13
8571.6  4.891396E-13
8574.5  4.890699E-13
8577.4  4.885323E-13
8580.3  4.874799E-13
8583.2  4.853506E-13
8586.1  4.831298E-13
8589.  4.821932E-13
8591.9  4.825876E-13
8594.8  4.837621E-13
8597.7  4.839697E-13
8600.6  4.822661E-13
8603.5  4.807316E-13
8606.4  4.805614E-13
8609.3  4.806474E-13
8612.2  4.810222E-13
8615.1  4.830164E-13
8618.  4.866135E-13
8620.9  4.908563E-13
8623.8  4.943047E-13
8626.7  4.954503E-13
8629.6  4.948108E-13
8632.5  4.932621E-13
8635.4  4.900020E-13
8638.3  4.841307E-13
8641.2  4.756302E-13
8644.1  4.639167E-13
8647.  4.464698E-13
8649.9  4.257550E-13
8652.8  4.101120E-13
8655.7  4.059795E-13
8658.6  4.176284E-13
8661.5  4.379005E-13
8664.4  4.541082E-13
8667.3  4.630865E-13
8670.2  4.656553E-13
8673.1  4.645247E-13
8676.  4.629898E-13
8678.9  4.624457E-13
8681.8  4.638923E-13
8684.7  4.681628E-13
8687.6  4.745184E-13
8690.5  4.802689E-13
8693.4  4.840020E-13
8696.3  4.856677E-13
8699.2  4.860096E-13
8702.1  4.862753E-13
8705.  4.870909E-13
8707.9  4.886352E-13
8710.8  4.904284E-13
8713.7  4.916789E-13
8716.6  4.910904E-13
8719.5  4.881741E-13
8722.4  4.844587E-13
8725.3  4.814712E-13
8728.2  4.803794E-13
8731.1  4.813358E-13
8734.  4.834014E-13
8736.9  4.855958E-13
8739.8  4.869708E-13
8742.7  4.882937E-13
8745.6  4.908124E-13
8748.5  4.934951E-13
8751.4  4.948995E-13
8754.3  4.942460E-13
8757.2  4.914771E-13
8760.1  4.880401E-13
8763.  4.854706E-13
8765.9  4.850874E-13
8768.8  4.868857E-13
8771.7  4.893459E-13
8774.6  4.910251E-13
8777.5  4.906687E-13
8780.4  4.888463E-13
8783.3  4.869271E-13
8786.2  4.853518E-13
8789.1  4.840031E-13
8792.  4.802721E-13
8794.9  4.730220E-13
8797.8  4.672578E-13
8800.7  4.664215E-13
8803.6  4.697348E-13
8806.5  4.747903E-13
8809.4  4.771505E-13
8812.3  4.766161E-13
8815.2  4.765836E-13
8818.1  4.784754E-13
8821.  4.825496E-13
8823.9  4.865038E-13
8826.8  4.876996E-13
8829.7  4.869471E-13
8832.6  4.859832E-13
8835.5  4.873736E-13
8838.4  4.919007E-13
8841.3  4.958894E-13
8844.2  4.973217E-13
8847.1  4.971019E-13
8850.  4.961891E-13
8852.9  4.956213E-13
8855.8  4.957385E-13
8858.7  4.963175E-13
8861.6  4.962853E-13
8864.5  4.945006E-13
8867.4  4.910827E-13
8870.3  4.868699E-13
8873.2  4.842140E-13
8876.1  4.845503E-13
8879.  4.863393E-13
8881.9  4.884853E-13
8884.8  4.911659E-13
8887.7  4.938408E-13
8890.6  4.953373E-13
8893.5  4.953954E-13
8896.4  4.943711E-13
8899.3  4.921412E-13
8902.2  4.885373E-13
8905.1  4.838950E-13
8908.  4.787902E-13
8910.9  4.740833E-13
8913.8  4.705617E-13
8916.7  4.686471E-13
8919.6  4.685048E-13
8922.5  4.700715E-13
8925.4  4.725113E-13
8928.3  4.742919E-13
8931.2  4.742926E-13
8934.1  4.718485E-13
8937.  4.687141E-13
8939.9  4.675100E-13
8942.8  4.686117E-13
8945.7  4.712860E-13
8948.6  4.728629E-13
8951.5  4.713418E-13
8954.4  4.681532E-13
8957.3  4.649118E-13
8960.2  4.625518E-13
8963.1  4.620276E-13
8966.  4.641590E-13
8968.9  4.681253E-13
8971.8  4.719780E-13
8974.7  4.727738E-13
8977.6  4.678049E-13
8980.5  4.604323E-13
8983.4  4.557055E-13
8986.3  4.576483E-13
8989.2  4.669554E-13
8992.1  4.732188E-13
8995.  4.698746E-13
8997.9  4.623743E-13
9000.8  4.560803E-13
9003.7  4.551918E-13
9006.6  4.602755E-13
9009.5  4.679702E-13
9012.4  4.763860E-13
9015.3  4.845334E-13
9018.2  4.907100E-13
9021.1  4.935714E-13
9024.  4.950676E-13
9026.9  4.970674E-13
9029.8  4.973171E-13
9032.7  4.942457E-13
9035.6  4.891867E-13
9038.5  4.837320E-13
9041.4  4.796543E-13
9044.3  4.772042E-13
9047.2  4.749710E-13
9050.1  4.720038E-13
9053.  4.677455E-13
9055.9  4.630912E-13
9058.8  4.594744E-13
9061.7  4.570011E-13
9064.6  4.554077E-13
9067.5  4.548151E-13
9070.4  4.548936E-13
9073.3  4.538116E-13
9076.2  4.512546E-13
9079.1  4.498157E-13
9082.  4.508306E-13
9084.9  4.541886E-13
9087.8  4.576698E-13
9090.7  4.576403E-13
9093.6  4.550604E-13
9096.5  4.529426E-13
9099.4  4.524466E-13
9102.3  4.538357E-13
9105.2  4.553068E-13
9108.1  4.552789E-13
9111.  4.544176E-13
9113.9  4.536109E-13
9116.8  4.541465E-13
9119.7  4.548611E-13
9122.6  4.510475E-13
9125.5  4.440041E-13
9128.4  4.396874E-13
9131.3  4.402791E-13
9134.2  4.455386E-13
9137.1  4.503994E-13
9140.  4.491766E-13
9142.9  4.417356E-13
9145.8  4.307071E-13
9148.7  4.239543E-13
9151.6  4.257554E-13
9154.5  4.307060E-13
9157.4  4.337369E-13
9160.3  4.311730E-13
9163.2  4.243146E-13
9166.1  4.191815E-13
9169.  4.192798E-13
9171.9  4.260490E-13
9174.8  4.357154E-13
9177.7  4.428221E-13
9180.6  4.459202E-13
9183.5  4.450940E-13
9186.4  4.418641E-13
9189.3  4.381540E-13
9192.2  4.359185E-13
9195.1  4.351132E-13
9198.  4.322418E-13
9200.9  4.269987E-13
9203.8  4.224647E-13
9206.7  4.206767E-13
9209.6  4.228561E-13
9212.5  4.278615E-13
9215.4  4.334790E-13
9218.3  4.390528E-13
9221.2  4.441683E-13
9224.1  4.476742E-13
9227.  4.487597E-13
9229.9  4.473364E-13
9232.8  4.441871E-13
9235.7  4.414715E-13
9238.6  4.398841E-13
9241.5  4.383104E-13
9244.4  4.362237E-13
9247.3  4.334857E-13
9250.2  4.316043E-13
9253.1  4.324931E-13
9256.  4.353354E-13
9258.9  4.382762E-13
9261.8  4.384002E-13
9264.7  4.339823E-13
9267.6  4.273481E-13
9270.5  4.212165E-13
9273.4  4.180987E-13
9276.3  4.180849E-13
9279.2  4.178182E-13
9282.1  4.165870E-13
9285.  4.160290E-13
9287.9  4.149866E-13
9290.8  4.112555E-13
9293.7  4.074824E-13
9296.6  4.069238E-13
9299.5  4.067201E-13
9302.4  4.037959E-13
9305.3  3.986466E-13
9308.2  3.925715E-13
9311.1  3.874846E-13
9314.  3.855451E-13
9316.9  3.887624E-13
9319.8  3.971412E-13
9322.7  4.092800E-13
9325.6  4.174563E-13
9328.5  4.116514E-13
9331.4  3.993894E-13
9334.3  3.934921E-13
9337.2  3.965921E-13
9340.1  4.072263E-13
9343.  4.184102E-13
9345.9  4.233389E-13
9348.8  4.176250E-13
9351.7  4.047953E-13
9354.6  4.020217E-13
9357.5  4.094019E-13
9360.4  4.081843E-13
9363.3  3.997854E-13
9366.2  3.980048E-13
9369.1  4.022147E-13
9372.  4.068407E-13
9374.9  4.139481E-13
9377.8  4.258006E-13
9380.7  4.397197E-13
9383.6  4.515368E-13
9386.5  4.548339E-13
9389.4  4.469375E-13
9392.3  4.319819E-13
9395.2  4.152155E-13
9398.1  4.025843E-13
9401.  3.955368E-13
9403.9  3.916195E-13
9406.8  3.909991E-13
9409.7  3.944242E-13
9412.6  3.973432E-13
9415.5  3.951604E-13
9418.4  3.891443E-13
9421.3  3.828291E-13
9424.2  3.846613E-13
9427.1  3.956554E-13
9430.  3.994826E-13
9432.9  3.926327E-13
9435.8  3.893460E-13
9438.7  3.952090E-13
9441.6  4.091761E-13
9444.5  4.206401E-13
9447.4  4.154903E-13
9450.3  4.020465E-13
9453.2  3.946163E-13
9456.1  3.964834E-13
9459.  4.065234E-13
9461.9  4.159084E-13
9464.8  4.179401E-13
9467.7  4.140588E-13
9470.6  4.074941E-13
9473.5  4.028173E-13
9476.4  4.041044E-13
9479.3  4.148246E-13
9482.2  4.258509E-13
9485.1  4.222442E-13
9488.  4.086029E-13
9490.9  3.966292E-13
9493.8  3.966483E-13
9496.7  4.137704E-13
9499.6  4.344584E-13
9502.5  4.450420E-13
9505.4  4.391360E-13
9508.3  4.186868E-13
9511.2  3.981414E-13
9514.1  3.873646E-13
9517.  3.899835E-13
9519.9  4.030193E-13
9522.8  4.186083E-13
9525.7  4.304325E-13
9528.6  4.340096E-13
9531.5  4.305401E-13
9534.4  4.236887E-13
9537.3  4.188841E-13
9540.2  4.195147E-13
9543.1  4.218435E-13
9546.  4.230785E-13
9548.9  4.238802E-13
9551.8  4.239680E-13
9554.7  4.221342E-13
9557.6  4.192259E-13
9560.5  4.172306E-13
9563.4  4.187061E-13
9566.3  4.256526E-13
9569.2  4.313111E-13
9572.1  4.284370E-13
9575.  4.214688E-13
9577.9  4.156080E-13
9580.8  4.104923E-13
9583.7  4.067200E-13
9586.6  4.074978E-13
9589.5  4.133342E-13
9592.4  4.215928E-13
9595.3  4.285619E-13
9598.2  4.298749E-13
9601.1  4.268531E-13
9604.  4.237630E-13
9606.9  4.209438E-13
9609.8  4.176508E-13
9612.7  4.132024E-13
9615.6  4.078523E-13
9618.5  4.063916E-13
9621.4  4.106110E-13
9624.3  4.142438E-13
9627.2  4.140671E-13
9630.1  4.120049E-13
9633.  4.100319E-13
9635.9  4.101819E-13
9638.8  4.129249E-13
9641.7  4.174787E-13
9644.6  4.218785E-13
9647.5  4.239535E-13
9650.4  4.226425E-13
9653.3  4.181198E-13
9656.2  4.136434E-13
9659.1  4.119917E-13
9662.  4.135193E-13
9664.9  4.171733E-13
9667.8  4.200558E-13
9670.7  4.205037E-13
9673.6  4.183153E-13
9676.5  4.154023E-13
9679.4  4.149218E-13
9682.3  4.165150E-13
9685.2  4.183437E-13
9688.1  4.190598E-13
9691.  4.179419E-13
9693.9  4.169172E-13
9696.8  4.175861E-13
9699.7  4.192833E-13
9702.6  4.209829E-13
9705.5  4.214016E-13
9708.4  4.198940E-13
9711.3  4.166318E-13
9714.2  4.128211E-13
9717.1  4.103378E-13
9720.  4.092219E-13
9722.9  4.086216E-13
9725.8  4.079236E-13
9728.7  4.067910E-13
9731.6  4.060022E-13
9734.5  4.065006E-13
9737.4  4.093779E-13
9740.3  4.142040E-13
9743.2  4.174410E-13
9746.1  4.175943E-13
9749.  4.161414E-13
9751.9  4.142434E-13
9754.8  4.127435E-13
9757.7  4.127839E-13
9760.6  4.152216E-13
9763.5  4.185282E-13
9766.4  4.204374E-13
9769.3  4.184133E-13
9772.2  4.116316E-13
9775.1  4.051847E-13
9778.  4.029604E-13
9780.9  4.042562E-13
9783.8  4.075775E-13
9786.7  4.105355E-13
9789.6  4.126714E-13
9792.5  4.155376E-13
9795.4  4.192238E-13
9798.3  4.229981E-13
9801.2  4.264709E-13
9804.1  4.292925E-13
9807.  4.307710E-13
9809.9  4.304150E-13
9812.8  4.283976E-13
9815.7  4.253797E-13
9818.6  4.227897E-13
9821.5  4.216067E-13
9824.4  4.219574E-13
9827.3  4.232822E-13
9830.2  4.244156E-13
9833.1  4.245003E-13
9836.  4.230147E-13
9838.9  4.213091E-13
9841.8  4.212565E-13
9844.7  4.222334E-13
9847.6  4.230707E-13
9850.5  4.232147E-13
9853.4  4.225761E-13
9856.3  4.222150E-13
9859.2  4.228536E-13
9862.1  4.244278E-13
9865.  4.261641E-13
9867.9  4.265196E-13
9870.8  4.251242E-13
9873.7  4.225198E-13
9876.6  4.199271E-13
9879.5  4.187111E-13
9882.4  4.179259E-13
9885.3  4.162549E-13
9888.2  4.144370E-13
9891.1  4.132887E-13
9894.  4.128005E-13
9896.9  4.127801E-13
9899.8  4.126942E-13
9902.7  4.125436E-13
9905.6  4.131718E-13
9908.5  4.142956E-13
9911.4  4.147107E-13
9914.3  4.149656E-13
9917.2  4.163716E-13
9920.1  4.184118E-13
9923.  4.201157E-13
9925.9  4.217858E-13
9928.8  4.235947E-13
9931.7  4.242264E-13
9934.6  4.231546E-13
9937.5  4.219235E-13
9940.4  4.214558E-13
9943.3  4.217975E-13
9946.2  4.215841E-13
9949.1  4.180799E-13
9952.  4.132930E-13
9954.9  4.117199E-13
9957.8  4.130036E-13
9960.7  4.150781E-13
9963.6  4.170077E-13
9966.5  4.182800E-13
9969.4  4.197237E-13
9972.3  4.218179E-13
9975.2  4.236016E-13
9978.1  4.241389E-13
9981.  4.224348E-13
9983.9  4.195561E-13
9986.8  4.188066E-13
9989.7  4.194890E-13
9992.6  4.184279E-13
9995.5  4.156056E-13
9998.4  4.122749E-13
10001.3  4.094840E-13
10004.2  4.080263E-13
10007.1  4.072628E-13
10010.  4.066260E-13
10012.9  4.066882E-13
10015.8  4.075990E-13
10018.7  4.087215E-13
10021.6  4.095227E-13
10024.5  4.094425E-13
10027.4  4.099781E-13
10030.3  4.140018E-13
10033.2  4.202643E-13
10036.1  4.257719E-13
10039.  4.304885E-13
10041.9  4.349909E-13
10044.8  4.392162E-13
10047.7  4.424555E-13
10050.6  4.417533E-13
10053.5  4.359844E-13
10056.4  4.280329E-13
10059.3  4.202777E-13
10062.2  4.141090E-13
10065.1  4.096953E-13
10068.  4.060124E-13
10070.9  4.031839E-13
10073.8  4.018490E-13
10076.7  4.016576E-13
10079.6  4.020460E-13
10082.5  4.031731E-13
10085.4  4.051478E-13
10088.3  4.075141E-13
10091.2  4.097536E-13
10094.1  4.113405E-13
10097.  4.120823E-13
10099.9  4.122093E-13
10102.8  4.122925E-13
10105.7  4.132614E-13
10108.6  4.142697E-13
10111.5  4.135350E-13
10114.4  4.128434E-13
10117.3  4.146605E-13
10120.2  4.167894E-13
10123.1  4.166821E-13
10126.  4.146119E-13
10128.9  4.115218E-13
10131.8  4.089174E-13
10134.7  4.081225E-13
10137.6  4.100911E-13
10140.5  4.136133E-13
10143.4  4.152718E-13
10146.3  4.148204E-13
10149.2  4.140582E-13
10152.1  4.144046E-13
10155.  4.168219E-13
10157.9  4.185838E-13
10160.8  4.170103E-13
10163.7  4.142839E-13
10166.6  4.128819E-13
10169.5  4.140885E-13
10172.4  4.174923E-13
10175.3  4.197673E-13
10178.2  4.189417E-13
10181.1  4.148085E-13
10184.  4.094343E-13
10186.9  4.064721E-13
10189.8  4.062808E-13
10192.7  4.075284E-13
10195.6  4.088704E-13
10198.5  4.091729E-13
10201.4  4.091758E-13
10204.3  4.096352E-13
10207.2  4.100207E-13
10210.1  4.098855E-13
10213.  4.090352E-13
10215.9  4.077929E-13
10218.8  4.072345E-13
10221.7  4.072765E-13
10224.6  4.067793E-13
10227.5  4.064095E-13
10230.4  4.075778E-13
10233.3  4.076865E-13
10236.2  4.038669E-13
10239.1  3.998744E-13
10242.  3.992977E-13
10244.9  4.000180E-13
10247.8  4.001883E-13
10250.7  4.000269E-13
10253.6  3.998807E-13
10256.5  4.004666E-13
10259.4  4.014904E-13
10262.3  4.014560E-13
10265.2  4.021954E-13
10268.1  4.070909E-13
10271.  4.120640E-13
10273.9  4.114046E-13
10276.8  4.078954E-13
10279.7  4.053042E-13
10282.6  4.026363E-13
10285.5  3.993029E-13
10288.4  3.969440E-13
10291.3  3.964156E-13
10294.2  3.977510E-13
10297.1  3.983411E-13
10300.  3.926395E-13
10302.9  3.842992E-13
10305.8  3.825249E-13
10308.7  3.866393E-13
10311.6  3.920102E-13
10314.5  3.965384E-13
10317.4  3.990315E-13
10320.3  4.008321E-13
10323.2  4.029255E-13
10326.1  4.034611E-13
10329.  4.015289E-13
10331.9  3.978928E-13
10334.8  3.946663E-13
10337.7  3.955952E-13
10340.6  3.994427E-13
10343.5  4.014282E-13
10346.4  4.002255E-13
10349.3  3.963370E-13
10352.2  3.923068E-13
10355.1  3.907063E-13
10358.  3.898511E-13
10360.9  3.880430E-13
10363.8  3.861141E-13
10366.7  3.851561E-13
10369.6  3.864468E-13
10372.5  3.902647E-13
10375.4  3.955676E-13
10378.3  4.007724E-13
10381.2  4.038103E-13
10384.1  4.052952E-13
10387.  4.071960E-13
10389.9  4.051497E-13
10392.8  3.948162E-13
10395.7  3.844571E-13
10398.6  3.819588E-13
10401.5  3.843710E-13
10404.4  3.882132E-13
10407.3  3.919683E-13
10410.2  3.944528E-13
10413.1  3.955507E-13
10416.  3.948838E-13
10418.9  3.917137E-13
10421.8  3.880174E-13
10424.7  3.871819E-13
10427.6  3.873107E-13
10430.5  3.854010E-13
10433.4  3.865957E-13
10436.3  3.953113E-13
10439.2  4.063622E-13
10442.1  4.142698E-13
10445.  4.162369E-13
10447.9  4.119311E-13
10450.8  4.049009E-13
10453.7  3.978773E-13
10456.6  3.922489E-13
10459.5  3.885691E-13
10462.4  3.867131E-13
10465.3  3.843950E-13
10468.2  3.791403E-13
10471.1  3.766836E-13
10474.  3.823394E-13
10476.9  3.888295E-13
10479.8  3.902158E-13
10482.7  3.899067E-13
10485.6  3.914246E-13
10488.5  3.978869E-13
10491.4  4.069839E-13
10494.3  4.096687E-13
10497.2  4.053406E-13
10500.1  3.997218E-13
10503.  3.944072E-13
10505.9  3.893601E-13
10508.8  3.860798E-13
10511.7  3.857236E-13
10514.6  3.880259E-13
10517.5  3.912004E-13
10520.4  3.886694E-13
10523.3  3.791530E-13
10526.2  3.735934E-13
10529.1  3.753046E-13
10532.  3.768783E-13
10534.9  3.748083E-13
10537.8  3.687209E-13
10540.7  3.622361E-13
10543.6  3.607380E-13
10546.5  3.670176E-13
10549.4  3.810770E-13
10552.3  3.917958E-13
10555.2  3.902197E-13
10558.1  3.832553E-13
10561.  3.788660E-13
10563.9  3.838154E-13
10566.8  3.956098E-13
10569.7  3.972406E-13
10572.6  3.866717E-13
10575.5  3.760239E-13
10578.4  3.701990E-13
10581.3  3.700204E-13
10584.2  3.713439E-13
10587.1  3.689277E-13
10590.  3.675513E-13
10592.9  3.723793E-13
10595.8  3.804296E-13
10598.7  3.885598E-13
10601.6  3.960806E-13
10604.5  4.023333E-13
10607.4  4.066351E-13
10610.3  4.092209E-13
10613.2  4.117047E-13
10616.1  4.100275E-13
10619.  3.971046E-13
10621.9  3.803775E-13
10624.8  3.717562E-13
10627.7  3.709544E-13
10630.6  3.737878E-13
10633.5  3.717827E-13
10636.4  3.614332E-13
10639.3  3.571505E-13
10642.2  3.658214E-13
10645.1  3.771762E-13
10648.  3.865678E-13
10650.9  3.960137E-13
10653.8  4.064010E-13
10656.7  4.184933E-13
10659.6  4.239450E-13
10662.5  4.122923E-13
10665.4  3.913887E-13
10668.3  3.734969E-13
10671.2  3.650597E-13
10674.1  3.674191E-13
10677.  3.668309E-13
10679.9  3.587105E-13
10682.8  3.623124E-13
10685.7  3.822463E-13
10688.6  4.036002E-13
10691.5  4.142582E-13
10694.4  4.047709E-13
10697.3  3.826630E-13
10700.2  3.642084E-13
10703.1  3.552087E-13
10706.  3.564190E-13
10708.9  3.588364E-13
10711.8  3.553635E-13
10714.7  3.592987E-13
10717.6  3.742843E-13
10720.5  3.729801E-13
10723.4  3.544154E-13
10726.3  3.607388E-13
10729.2  3.905119E-13
10732.1  4.016557E-13
10735.  3.973122E-13
10737.9  4.041774E-13
10740.8  4.187770E-13
10743.7  4.283049E-13
10746.6  4.231868E-13
10749.5  3.995067E-13
10752.4  3.755820E-13
10755.3  3.649838E-13
10758.2  3.603847E-13
10761.1  3.541382E-13
10764.  3.386895E-13
10766.9  3.214340E-13
10769.8  3.260445E-13
10772.7  3.497113E-13
10775.6  3.726976E-13
10778.5  3.866109E-13
10781.4  3.886016E-13
10784.3  3.859294E-13
10787.2  3.865591E-13
10790.1  3.808051E-13
10793.  3.648701E-13
10795.9  3.634465E-13
10798.8  3.806248E-13
10801.7  3.760119E-13
10804.6  3.478005E-13
10807.5  3.413660E-13
10810.4  3.609977E-13
10813.3  3.811817E-13
10816.2  3.996615E-13
10819.1  4.223952E-13
10822.  4.250296E-13
10824.9  3.866289E-13
10827.8  3.481106E-13
10830.7  3.442574E-13
10833.6  3.516471E-13
10836.5  3.522240E-13
10839.4  3.515395E-13
10842.3  3.498494E-13
10845.2  3.409286E-13
10848.1  3.294976E-13
10851.  3.276284E-13
10853.9  3.402779E-13
10856.8  3.675237E-13
10859.7  3.878755E-13
10862.6  3.795476E-13
10865.5  3.687314E-13
10868.4  3.797598E-13
10871.3  3.937719E-13
10874.2  3.921510E-13
10877.1  3.639960E-13
10880.  3.200782E-13
10882.9  3.047547E-13
10885.8  3.219995E-13
10888.7  3.375684E-13
10891.6  3.387807E-13
10894.5  3.258233E-13
10897.4  3.061095E-13
10900.3  2.903377E-13
10903.2  2.874187E-13
10906.1  2.998843E-13
10909.  3.046515E-13
10911.9  2.890409E-13
10914.8  2.787157E-13
10917.7  2.843414E-13
10920.6  2.908370E-13
10923.5  2.788660E-13
10926.4  2.203191E-13
10929.3  1.640104E-13
10932.2  2.032894E-13
10935.1  2.883850E-13
10938.  3.208523E-13
10940.9  3.107658E-13
10943.8  2.914830E-13
10946.7  2.732995E-13
10949.6  2.609459E-13
10952.5  2.424738E-13
10955.4  2.139237E-13
10958.3  1.912372E-13
10961.2  1.783101E-13
10964.1  1.631642E-13
10967.  1.526771E-13
10969.9  1.662819E-13
10972.8  1.858294E-13
10975.7  1.801431E-13
10978.6  1.566916E-13
10981.5  1.336608E-13
10984.4  1.251094E-13
10987.3  1.374185E-13
10990.2  1.526293E-13
10993.1  1.577124E-13
10996.  1.566601E-13
10998.9  1.533887E-13
