3050.  1.594414E-13
3052.9  1.374735E-13
3055.8  1.379130E-13
3058.7  1.494566E-13
3061.6  1.523368E-13
3064.5  1.391484E-13
3067.4  1.456828E-13
3070.3  1.449622E-13
3073.2  1.496359E-13
3076.1  1.354157E-13
3079.  1.405341E-13
3081.9  1.458159E-13
3084.8  1.459093E-13
3087.7  1.357361E-13
3090.6  1.365321E-13
3093.5  1.333569E-13
3096.4  1.345340E-13
3099.3  1.503322E-13
3102.2  1.552826E-13
3105.1  1.499941E-13
3108.  1.679450E-13
3110.9  1.584083E-13
3113.8  1.501274E-13
3116.7  1.447248E-13
3119.6  1.482147E-13
3122.5  1.542810E-13
3125.4  1.520782E-13
3128.3  1.538742E-13
3131.2  1.548724E-13
3134.1  1.510305E-13
3137.  1.472009E-13
3139.9  1.521944E-13
3142.8  1.331813E-13
3145.7  1.413637E-13
3148.6  1.423466E-13
3151.5  1.359060E-13
3154.4  1.298909E-13
3157.3  1.357900E-13
3160.2  1.373658E-13
3163.1  1.506479E-13
3166.  1.573043E-13
3168.9  1.631654E-13
3171.8  1.576219E-13
3174.7  1.452594E-13
3177.6  1.358740E-13
3180.5  1.356882E-13
3183.4  1.403931E-13
3186.3  1.478054E-13
3189.2  1.481673E-13
3192.1  1.498227E-13
3195.  1.620377E-13
3197.9  1.658769E-13
3200.8  1.685217E-13
3203.7  1.601998E-13
3206.6  1.492643E-13
3209.5  1.463113E-13
3212.4  1.506968E-13
3215.3  1.465256E-13
3218.2  1.473377E-13
3221.1  1.365605E-13
3224.  1.289446E-13
3226.9  1.306365E-13
3229.8  1.354969E-13
3232.7  1.379747E-13
3235.6  1.448597E-13
3238.5  1.509915E-13
3241.4  1.570782E-13
3244.3  1.633024E-13
3247.2  1.595182E-13
3250.1  1.698113E-13
3253.  1.802486E-13
3255.9  1.851800E-13
3258.8  1.830190E-13
3261.7  1.877618E-13
3264.6  1.861072E-13
3267.5  1.793327E-13
3270.4  1.762403E-13
3273.3  1.712613E-13
3276.2  1.735291E-13
3279.1  1.737663E-13
3282.  1.798709E-13
3284.9  1.842405E-13
3287.8  1.975397E-13
3290.7  1.962878E-13
3293.6  2.018480E-13
3296.5  1.906179E-13
3299.4  1.860604E-13
3302.3  1.830653E-13
3305.2  1.768657E-13
3308.1  1.810769E-13
3311.  1.798936E-13
3313.9  1.794410E-13
3316.8  1.810226E-13
3319.7  1.770986E-13
3322.6  1.775143E-13
3325.5  1.785093E-13
3328.4  1.837795E-13
3331.3  1.770837E-13
3334.2  1.760529E-13
3337.1  1.758523E-13
3340.  1.813886E-13
3342.9  1.831772E-13
3345.8  1.784718E-13
3348.7  1.764399E-13
3351.6  1.772840E-13
3354.5  1.711153E-13
3357.4  1.626416E-13
3360.3  1.618601E-13
3363.2  1.596803E-13
3366.1  1.628915E-13
3369.  1.690725E-13
3371.9  1.717154E-13
3374.8  1.743324E-13
3377.7  1.752347E-13
3380.6  1.829623E-13
3383.5  1.794752E-13
3386.4  1.794108E-13
3389.3  1.829936E-13
3392.2  1.855932E-13
3395.1  1.911138E-13
3398.  1.891869E-13
3400.9  1.878054E-13
3403.8  1.806479E-13
3406.7  1.810805E-13
3409.6  1.808079E-13
3412.5  1.833996E-13
3415.4  1.869560E-13
3418.3  1.918061E-13
3421.2  1.909588E-13
3424.1  1.929302E-13
3427.  1.855593E-13
3429.9  1.835445E-13
3432.8  1.765358E-13
3435.7  1.633845E-13
3438.6  1.608308E-13
3441.5  1.660222E-13
3444.4  1.749392E-13
3447.3  1.818252E-13
3450.2  1.808151E-13
3453.1  1.779512E-13
3456.  1.744866E-13
3458.9  1.759028E-13
3461.8  1.823124E-13
3464.7  1.822387E-13
3467.6  1.805998E-13
3470.5  1.737090E-13
3473.4  1.703347E-13
3476.3  1.732446E-13
3479.2  1.766722E-13
3482.1  1.774298E-13
3485.  1.751142E-13
3487.9  1.741111E-13
3490.8  1.741197E-13
3493.7  1.825415E-13
3496.6  1.947061E-13
3499.5  2.002806E-13
3502.4  1.984414E-13
3505.3  1.908583E-13
3508.2  1.905632E-13
3511.1  1.899763E-13
3514.  1.941969E-13
3516.9  1.929150E-13
3519.8  1.838132E-13
3522.7  1.791235E-13
3525.6  1.888253E-13
3528.5  1.990764E-13
3531.4  2.043540E-13
3534.3  2.099563E-13
3537.2  2.121319E-13
3540.1  2.145701E-13
3543.  2.175013E-13
3545.9  2.169924E-13
3548.8  2.137367E-13
3551.7  2.101436E-13
3554.6  2.088252E-13
3557.5  2.048630E-13
3560.4  1.941558E-13
3563.3  1.850885E-13
3566.2  1.766625E-13
3569.1  1.767181E-13
3572.  1.788496E-13
3574.9  1.753120E-13
3577.8  1.648038E-13
3580.7  1.579312E-13
3583.6  1.640690E-13
3586.5  1.812027E-13
3589.4  2.013384E-13
3592.3  2.131508E-13
3595.2  2.143044E-13
3598.1  2.054053E-13
3601.  1.966241E-13
3603.9  1.878409E-13
3606.8  1.842402E-13
3609.7  1.874563E-13
3612.6  1.897187E-13
3615.5  1.885473E-13
3618.4  1.939763E-13
3621.3  2.068368E-13
3624.2  2.140662E-13
3627.1  2.051697E-13
3630.  1.973652E-13
3632.9  2.038184E-13
3635.8  2.122305E-13
3638.7  2.122304E-13
3641.6  2.043204E-13
3644.5  2.041881E-13
3647.4  2.142231E-13
3650.3  2.291130E-13
3653.2  2.401209E-13
3656.1  2.424318E-13
3659.  2.365559E-13
3661.9  2.304911E-13
3664.8  2.288802E-13
3667.7  2.313345E-13
3670.6  2.314862E-13
3673.5  2.276030E-13
3676.4  2.198603E-13
3679.3  2.185829E-13
3682.2  2.171536E-13
3685.1  2.188536E-13
3688.  2.123405E-13
3690.9  2.058275E-13
3693.8  1.993140E-13
3696.7  2.255078E-13
3699.6  2.343811E-13
3702.5  2.216289E-13
3705.4  2.225759E-13
3708.3  2.363300E-13
3711.2  2.454876E-13
3714.1  2.456669E-13
3717.  2.302044E-13
3719.9  2.184024E-13
3722.8  2.221510E-13
3725.7  2.245950E-13
3728.6  2.148567E-13
3731.5  1.986293E-13
3734.4  1.962084E-13
3737.3  2.078686E-13
3740.2  2.088782E-13
3743.1  1.990566E-13
3746.  1.950313E-13
3748.9  2.061802E-13
3751.8  2.271239E-13
3754.7  2.319110E-13
3757.6  2.249451E-13
3760.5  2.226321E-13
3763.4  2.227543E-13
3766.3  2.200549E-13
3769.2  2.278936E-13
3772.1  2.498115E-13
3775.  2.664378E-13
3777.9  2.761544E-13
3780.8  2.743159E-13
3783.7  2.600424E-13
3786.6  2.407448E-13
3789.5  2.220605E-13
3792.4  2.085940E-13
3795.3  2.081570E-13
3798.2  2.227291E-13
3801.1  2.451870E-13
3804.  2.579121E-13
3806.9  2.569685E-13
3809.8  2.502291E-13
3812.7  2.310018E-13
3815.6  2.136368E-13
3818.5  2.076574E-13
3821.4  1.979057E-13
3824.3  1.849870E-13
3827.2  1.729160E-13
3830.1  1.646943E-13
3833.  1.582471E-13
3835.9  1.696699E-13
3838.8  1.967489E-13
3841.7  2.237030E-13
3844.6  2.426785E-13
3847.5  2.509642E-13
3850.4  2.522296E-13
3853.3  2.463585E-13
3856.2  2.408518E-13
3859.1  2.448978E-13
3862.  2.576548E-13
3864.9  2.539530E-13
3867.8  2.406519E-13
3870.7  2.362363E-13
3873.6  2.376914E-13
3876.5  2.334886E-13
3879.4  2.240029E-13
3882.3  2.145122E-13
3885.2  2.083333E-13
3888.1  2.171992E-13
3891.  2.382793E-13
3893.9  2.528595E-13
3896.8  2.634117E-13
3899.7  2.686293E-13
3902.6  2.674803E-13
3905.5  2.720966E-13
3908.4  2.874202E-13
3911.3  2.913907E-13
3914.2  2.785659E-13
3917.1  2.649103E-13
3920.  2.465286E-13
3922.9  2.166366E-13
3925.8  1.678549E-13
3928.7  1.232476E-13
3931.6  1.099225E-13
3934.5  1.351260E-13
3937.4  1.807140E-13
3940.3  2.218917E-13
3943.2  2.520847E-13
3946.1  2.727594E-13
3949.  2.813503E-13
3951.9  2.817763E-13
3954.8  2.723978E-13
3957.7  2.439866E-13
3960.6  1.954777E-13
3963.5  1.487909E-13
3966.4  1.303296E-13
3969.3  1.570462E-13
3972.2  2.101411E-13
3975.1  2.622346E-13
3978.  2.959993E-13
3980.9  3.116983E-13
3983.8  3.209962E-13
3986.7  3.290129E-13
3989.6  3.362406E-13
3992.5  3.428389E-13
3995.4  3.439060E-13
3998.3  3.462804E-13
4001.2  3.514372E-13
4004.1  3.498249E-13
4007.  3.541878E-13
4009.9  3.617528E-13
4012.8  3.640853E-13
4015.7  3.637934E-13
4018.6  3.652127E-13
4021.5  3.658891E-13
4024.4  3.626322E-13
4027.3  3.512121E-13
4030.2  3.412576E-13
4033.1  3.469127E-13
4036.  3.513400E-13
4038.9  3.486720E-13
4041.8  3.399519E-13
4044.7  3.391210E-13
4047.6  3.436492E-13
4050.5  3.407471E-13
4053.4  3.315636E-13
4056.3  3.272598E-13
4059.2  3.221421E-13
4062.1  3.149041E-13
4065.  3.212968E-13
4067.9  3.261916E-13
4070.8  3.210685E-13
4073.7  3.130131E-13
4076.6  3.104582E-13
4079.5  3.203955E-13
4082.4  3.220066E-13
4085.3  3.227798E-13
4088.2  3.226593E-13
4091.1  3.120176E-13
4094.  2.939311E-13
4096.9  2.718761E-13
4099.8  2.664311E-13
4102.7  2.882878E-13
4105.6  3.148133E-13
4108.5  3.285995E-13
4111.4  3.375333E-13
4114.3  3.429125E-13
4117.2  3.440864E-13
4120.1  3.424595E-13
4123.  3.393346E-13
4125.9  3.371854E-13
4128.8  3.323913E-13
4131.7  3.361137E-13
4134.6  3.531822E-13
4137.5  3.597712E-13
4140.4  3.525645E-13
4143.3  3.469840E-13
4146.2  3.476421E-13
4149.1  3.473091E-13
4152.  3.449196E-13
4154.9  3.479968E-13
4157.8  3.564345E-13
4160.7  3.653730E-13
4163.6  3.644180E-13
4166.5  3.496138E-13
4169.4  3.342249E-13
4172.3  3.275756E-13
4175.2  3.335117E-13
4178.1  3.399354E-13
4181.  3.445871E-13
4183.9  3.479079E-13
4186.8  3.504029E-13
4189.7  3.548822E-13
4192.6  3.512213E-13
4195.5  3.421758E-13
4198.4  3.383895E-13
4201.3  3.463478E-13
4204.2  3.570961E-13
4207.1  3.634641E-13
4210.  3.623088E-13
4212.9  3.597433E-13
4215.8  3.584900E-13
4218.7  3.523484E-13
4221.6  3.357582E-13
4224.5  3.240348E-13
4227.4  3.342538E-13
4230.3  3.447528E-13
4233.2  3.420407E-13
4236.1  3.397340E-13
4239.  3.473720E-13
4241.9  3.538866E-13
4244.8  3.514346E-13
4247.7  3.520483E-13
4250.6  3.522266E-13
4253.5  3.479456E-13
4256.4  3.425946E-13
4259.3  3.441765E-13
4262.2  3.528117E-13
4265.1  3.501640E-13
4268.  3.322838E-13
4270.9  3.222212E-13
4273.8  3.357723E-13
4276.7  3.466281E-13
4279.6  3.427380E-13
4282.5  3.310210E-13
4285.4  3.206183E-13
4288.3  3.144102E-13
4291.2  3.144838E-13
4294.1  3.049348E-13
4297.  2.792253E-13
4299.9  2.644789E-13
4302.8  2.625878E-13
4305.7  2.683847E-13
4308.6  2.908030E-13
4311.5  3.198780E-13
4314.4  3.439418E-13
4317.3  3.518240E-13
4320.2  3.405580E-13
4323.1  3.258550E-13
4326.  3.331032E-13
4328.9  3.410259E-13
4331.8  3.325219E-13
4334.7  3.052857E-13
4337.6  2.768210E-13
4340.5  2.848188E-13
4343.4  3.126403E-13
4346.3  3.330070E-13
4349.2  3.388892E-13
4352.1  3.445444E-13
4355.  3.621401E-13
4357.9  3.726670E-13
4360.8  3.772199E-13
4363.7  3.782195E-13
4366.6  3.711270E-13
4369.5  3.605904E-13
4372.4  3.512902E-13
4375.3  3.462255E-13
4378.2  3.408553E-13
4381.1  3.265823E-13
4384.  3.257292E-13
4386.9  3.387872E-13
4389.8  3.448303E-13
4392.7  3.489391E-13
4395.6  3.523247E-13
4398.5  3.457145E-13
4401.4  3.372086E-13
4404.3  3.392099E-13
4407.2  3.495034E-13
4410.1  3.601172E-13
4413.  3.577336E-13
4415.9  3.560428E-13
4418.8  3.582272E-13
4421.7  3.601422E-13
4424.6  3.628399E-13
4427.5  3.590116E-13
4430.4  3.578862E-13
4433.3  3.626647E-13
4436.2  3.680835E-13
4439.1  3.666717E-13
4442.  3.654450E-13
4444.9  3.721217E-13
4447.8  3.732866E-13
4450.7  3.617041E-13
4453.6  3.467674E-13
4456.5  3.393281E-13
4459.4  3.429150E-13
4462.3  3.572122E-13
4465.2  3.764329E-13
4468.1  3.987960E-13
4471.  4.125409E-13
4473.9  4.062480E-13
4476.8  3.837370E-13
4479.7  3.708396E-13
4482.6  3.741323E-13
4485.5  3.750790E-13
4488.4  3.718011E-13
4491.3  3.731533E-13
4494.2  3.795296E-13
4497.1  3.830411E-13
4500.  3.893546E-13
4502.9  4.034469E-13
4505.8  4.112810E-13
4508.7  4.082052E-13
4511.6  3.971996E-13
4514.5  3.878663E-13
4517.4  3.814912E-13
4520.3  3.767383E-13
4523.2  3.637717E-13
4526.1  3.510157E-13
4529.  3.453747E-13
4531.9  3.467415E-13
4534.8  3.626658E-13
4537.7  3.776128E-13
4540.6  3.783665E-13
4543.5  3.665880E-13
4546.4  3.590066E-13
4549.3  3.625244E-13
4552.2  3.676929E-13
4555.1  3.741890E-13
4558.  3.816997E-13
4560.9  3.827224E-13
4563.8  3.811037E-13
4566.7  3.851264E-13
4569.6  3.934855E-13
4572.5  3.903026E-13
4575.4  3.815674E-13
4578.3  3.711568E-13
4581.2  3.660767E-13
4584.1  3.655552E-13
4587.  3.674084E-13
4589.9  3.663559E-13
4592.8  3.651961E-13
4595.7  3.667007E-13
4598.6  3.639929E-13
4601.5  3.694474E-13
4604.4  3.787488E-13
4607.3  3.803467E-13
4610.2  3.802522E-13
4613.1  3.818807E-13
4616.  3.841522E-13
4618.9  3.869327E-13
4621.8  3.886508E-13
4624.7  3.862398E-13
4627.6  3.830049E-13
4630.5  3.777781E-13
4633.4  3.773077E-13
4636.3  3.749392E-13
4639.2  3.751804E-13
4642.1  3.731173E-13
4645.  3.631654E-13
4647.9  3.623099E-13
4650.8  3.677673E-13
4653.7  3.706415E-13
4656.6  3.720775E-13
4659.5  3.670626E-13
4662.4  3.533124E-13
4665.3  3.497270E-13
4668.2  3.545037E-13
4671.1  3.681057E-13
4674.  3.752480E-13
4676.9  3.718126E-13
4679.8  3.684664E-13
4682.7  3.704855E-13
4685.6  3.744278E-13
4688.5  3.750904E-13
4691.4  3.754665E-13
4694.3  3.697912E-13
4697.2  3.626897E-13
4700.1  3.556604E-13
4703.  3.541412E-13
4705.9  3.572441E-13
4708.8  3.622616E-13
4711.7  3.750752E-13
4714.6  3.853815E-13
4717.5  3.879200E-13
4720.4  3.824823E-13
4723.3  3.781153E-13
4726.2  3.706357E-13
4729.1  3.626224E-13
4732.  3.661135E-13
4734.9  3.713472E-13
4737.8  3.734706E-13
4740.7  3.752581E-13
4743.6  3.748879E-13
4746.5  3.742296E-13
4749.4  3.709716E-13
4752.3  3.663275E-13
4755.2  3.679479E-13
4758.1  3.668991E-13
4761.  3.607469E-13
4763.9  3.610316E-13
4766.8  3.657756E-13
4769.7  3.753249E-13
4772.6  3.839682E-13
4775.5  3.893760E-13
4778.4  3.867020E-13
4781.3  3.781195E-13
4784.2  3.706381E-13
4787.1  3.703718E-13
4790.  3.769512E-13
4792.9  3.858625E-13
4795.8  3.832682E-13
4798.7  3.774846E-13
4801.6  3.746015E-13
4804.5  3.714129E-13
4807.4  3.701932E-13
4810.3  3.698174E-13
4813.2  3.698335E-13
4816.1  3.726558E-13
4819.  3.765247E-13
4821.9  3.692410E-13
4824.8  3.653349E-13
4827.7  3.682864E-13
4830.6  3.687721E-13
4833.5  3.681821E-13
4836.4  3.595205E-13
4839.3  3.569119E-13
4842.2  3.559620E-13
4845.1  3.485474E-13
4848.  3.381577E-13
4850.9  3.253404E-13
4853.8  3.034622E-13
4856.7  2.754406E-13
4859.6  2.564462E-13
4862.5  2.702454E-13
4865.4  3.018134E-13
4868.3  3.163989E-13
4871.2  3.252805E-13
4874.1  3.355627E-13
4877.  3.438585E-13
4879.9  3.440109E-13
4882.8  3.395832E-13
4885.7  3.357028E-13
4888.6  3.374695E-13
4891.5  3.504432E-13
4894.4  3.701761E-13
4897.3  3.744390E-13
4900.2  3.683256E-13
4903.1  3.598384E-13
4906.  3.526806E-13
4908.9  3.473031E-13
4911.8  3.485265E-13
4914.7  3.424155E-13
4917.6  3.326210E-13
4920.5  3.315626E-13
4923.4  3.400233E-13
4926.3  3.533946E-13
4929.2  3.562348E-13
4932.1  3.505227E-13
4935.  3.446537E-13
4937.9  3.460565E-13
4940.8  3.530505E-13
4943.7  3.611755E-13
4946.6  3.667538E-13
4949.5  3.701879E-13
4952.4  3.617591E-13
4955.3  3.547482E-13
4958.2  3.548420E-13
4961.1  3.638400E-13
4964.  3.619540E-13
4966.9  3.574751E-13
4969.8  3.558824E-13
4972.7  3.641368E-13
4975.6  3.618064E-13
4978.5  3.438743E-13
4981.4  3.322293E-13
4984.3  3.368568E-13
4987.2  3.506472E-13
4990.1  3.574572E-13
4993.  3.569667E-13
4995.9  3.488663E-13
4998.8  3.403999E-13
5001.7  3.306102E-13
5004.6  3.281113E-13
5007.5  3.313087E-13
5010.4  3.308561E-13
5013.3  3.300903E-13
5016.2  3.335325E-13
5019.1  3.383342E-13
5022.  3.441808E-13
5024.9  3.458450E-13
5027.8  3.525410E-13
5030.7  3.561354E-13
5033.6  3.491136E-13
5036.5  3.363337E-13
5039.4  3.290710E-13
5042.3  3.388305E-13
5045.2  3.490141E-13
5048.1  3.475813E-13
5051.  3.471136E-13
5053.9  3.530735E-13
5056.8  3.584470E-13
5059.7  3.582607E-13
5062.6  3.510262E-13
5065.5  3.445430E-13
5068.4  3.490133E-13
5071.3  3.509716E-13
5074.2  3.483219E-13
5077.1  3.409858E-13
5080.  3.375636E-13
5082.9  3.462929E-13
5085.8  3.559253E-13
5088.7  3.617589E-13
5091.6  3.602609E-13
5094.5  3.536723E-13
5097.4  3.489246E-13
5100.3  3.486547E-13
5103.2  3.515290E-13
5106.1  3.508850E-13
5109.  3.536133E-13
5111.9  3.602708E-13
5114.8  3.626689E-13
5117.7  3.595544E-13
5120.6  3.532191E-13
5123.5  3.466586E-13
5126.4  3.436393E-13
5129.3  3.453311E-13
5132.2  3.473045E-13
5135.1  3.449259E-13
5138.  3.401651E-13
5140.9  3.372774E-13
5143.8  3.380213E-13
5146.7  3.379334E-13
5149.6  3.393393E-13
5152.5  3.411244E-13
5155.4  3.454980E-13
5158.3  3.464115E-13
5161.2  3.308631E-13
5164.1  3.080458E-13
5167.  2.938027E-13
5169.9  2.955484E-13
5172.8  3.130221E-13
5175.7  3.308198E-13
5178.6  3.312633E-13
5181.5  3.170392E-13
5184.4  3.149211E-13
5187.3  3.260504E-13
5190.2  3.303414E-13
5193.1  3.321328E-13
5196.  3.355934E-13
5198.9  3.361560E-13
5201.8  3.356556E-13
5204.7  3.309035E-13
5207.6  3.287755E-13
5210.5  3.348673E-13
5213.4  3.327422E-13
5216.3  3.289451E-13
5219.2  3.310078E-13
5222.1  3.295264E-13
5225.  3.213273E-13
5227.9  3.231788E-13
5230.8  3.282737E-13
5233.7  3.316853E-13
5236.6  3.402583E-13
5239.5  3.479022E-13
5242.4  3.493166E-13
5245.3  3.506905E-13
5248.2  3.452511E-13
5251.1  3.431945E-13
5254.  3.432713E-13
5256.9  3.418573E-13
5259.8  3.265511E-13
5262.7  3.078871E-13
5265.6  3.049860E-13
5268.5  3.086689E-13
5271.4  3.190133E-13
5274.3  3.281284E-13
5277.2  3.350937E-13
5280.1  3.355377E-13
5283.  3.407964E-13
5285.9  3.505375E-13
5288.8  3.545424E-13
5291.7  3.495440E-13
5294.6  3.435738E-13
5297.5  3.397224E-13
5300.4  3.436581E-13
5303.3  3.523079E-13
5306.2  3.517335E-13
5309.1  3.524330E-13
5312.  3.483602E-13
5314.9  3.431596E-13
5317.8  3.419370E-13
5320.7  3.385178E-13
5323.6  3.260645E-13
5326.5  3.193078E-13
5329.4  3.273074E-13
5332.3  3.381435E-13
5335.2  3.377224E-13
5338.1  3.316262E-13
5341.  3.265197E-13
5343.9  3.284164E-13
5346.8  3.313768E-13
5349.7  3.393598E-13
5352.6  3.496379E-13
5355.5  3.549382E-13
5358.4  3.500502E-13
5361.3  3.419930E-13
5364.2  3.358918E-13
5367.1  3.350949E-13
5370.  3.338789E-13
5372.9  3.364112E-13
5375.8  3.383145E-13
5378.7  3.391425E-13
5381.6  3.416913E-13
5384.5  3.450890E-13
5387.4  3.400037E-13
5390.3  3.341908E-13
5393.2  3.318099E-13
5396.1  3.287614E-13
5399.  3.280955E-13
5401.9  3.235789E-13
5404.8  3.196106E-13
5407.7  3.276053E-13
5410.6  3.272190E-13
5413.5  3.292278E-13
5416.4  3.311641E-13
5419.3  3.301791E-13
5422.2  3.301686E-13
5425.1  3.307169E-13
5428.  3.295960E-13
5430.9  3.236666E-13
5433.8  3.261600E-13
5436.7  3.359541E-13
5439.6  3.449091E-13
5442.5  3.411692E-13
5445.4  3.356129E-13
5448.3  3.388981E-13
5451.2  3.422755E-13
5454.1  3.397889E-13
5457.  3.397164E-13
5459.9  3.374835E-13
5462.8  3.319377E-13
5465.7  3.318546E-13
5468.6  3.323573E-13
5471.5  3.281599E-13
5474.4  3.211612E-13
5477.3  3.202126E-13
5480.2  3.256295E-13
5483.1  3.343372E-13
5486.  3.383078E-13
5488.9  3.372961E-13
5491.8  3.396845E-13
5494.7  3.391823E-13
5497.6  3.346610E-13
5500.5  3.327364E-13
5503.4  3.313821E-13
5506.3  3.303238E-13
5509.2  3.312885E-13
5512.1  3.331535E-13
5515.  3.369316E-13
5517.9  3.385191E-13
5520.8  3.355404E-13
5523.7  3.311381E-13
5526.6  3.260793E-13
5529.5  3.266254E-13
5532.4  3.311580E-13
5535.3  3.313765E-13
5538.2  3.342914E-13
5541.1  3.340166E-13
5544.  3.312616E-13
5546.9  3.304981E-13
5549.8  3.296533E-13
5552.7  3.264437E-13
5555.6  3.253445E-13
5558.5  3.228691E-13
5561.4  3.183140E-13
5564.3  3.180021E-13
5567.2  3.177333E-13
5570.1  3.200788E-13
5573.  3.246354E-13
5575.9  3.275979E-13
5578.8  3.251989E-13
5581.7  3.243158E-13
5584.6  3.187795E-13
5587.5  3.097270E-13
5590.4  3.112485E-13
5593.3  3.187284E-13
5596.2  3.196477E-13
5599.1  3.185024E-13
5602.  3.217307E-13
5604.9  3.334101E-13
5607.8  3.377737E-13
5610.7  3.321694E-13
5613.6  3.247159E-13
5616.5  3.241919E-13
5619.4  3.292162E-13
5622.3  3.290523E-13
5625.2  3.269587E-13
5628.1  3.282566E-13
5631.  3.284288E-13
5633.9  3.226956E-13
5636.8  3.177630E-13
5639.7  3.193000E-13
5642.6  3.229967E-13
5645.5  3.231647E-13
5648.4  3.209557E-13
5651.3  3.183566E-13
5654.2  3.146841E-13
5657.1  3.081965E-13
5660.  3.081693E-13
5662.9  3.121069E-13
5665.8  3.172068E-13
5668.7  3.235633E-13
5671.6  3.289243E-13
5674.5  3.286332E-13
5677.4  3.243368E-13
5680.3  3.196174E-13
5683.2  3.151426E-13
5686.1  3.141070E-13
5689.  3.175538E-13
5691.9  3.220945E-13
5694.8  3.252038E-13
5697.7  3.248857E-13
5700.6  3.199452E-13
5703.5  3.153844E-13
5706.4  3.094385E-13
5709.3  3.076254E-13
5712.2  3.131195E-13
5715.1  3.211249E-13
5718.  3.256251E-13
5720.9  3.279870E-13
5723.8  3.305510E-13
5726.7  3.288039E-13
5729.6  3.276978E-13
5732.5  3.298607E-13
5735.4  3.307723E-13
5738.3  3.252212E-13
5741.2  3.246447E-13
5744.1  3.239515E-13
5747.  3.212235E-13
5749.9  3.197881E-13
5752.8  3.187014E-13
5755.7  3.217813E-13
5758.6  3.250083E-13
5761.5  3.241423E-13
5764.4  3.241129E-13
5767.3  3.249151E-13
5770.2  3.244295E-13
5773.1  3.220215E-13
5776.  3.210316E-13
5778.9  3.177236E-13
5781.8  3.155248E-13
5784.7  3.194852E-13
5787.6  3.223384E-13
5790.5  3.206280E-13
5793.4  3.209997E-13
5796.3  3.221563E-13
5799.2  3.219295E-13
5802.1  3.214559E-13
5805.  3.203996E-13
5807.9  3.198435E-13
5810.8  3.206429E-13
5813.7  3.226756E-13
5816.6  3.250218E-13
5819.5  3.248617E-13
5822.4  3.231615E-13
5825.3  3.221051E-13
5828.2  3.210850E-13
5831.1  3.203463E-13
5834.  3.206758E-13
5836.9  3.209203E-13
5839.8  3.208350E-13
5842.7  3.218612E-13
5845.6  3.211312E-13
5848.5  3.175277E-13
5851.4  3.133663E-13
5854.3  3.098077E-13
5857.2  3.079029E-13
5860.1  3.083872E-13
5863.  3.111065E-13
5865.9  3.139165E-13
5868.8  3.160472E-13
5871.7  3.205968E-13
5874.6  3.243571E-13
5877.5  3.223230E-13
5880.4  3.152734E-13
5883.3  3.087409E-13
5886.2  3.011663E-13
5889.1  2.946452E-13
5892.  2.935228E-13
5894.9  2.962127E-13
5897.8  3.012162E-13
5900.7  3.066702E-13
5903.6  3.092457E-13
5906.5  3.081330E-13
5909.4  3.083614E-13
5912.3  3.114186E-13
5915.2  3.127165E-13
5918.1  3.134369E-13
5921.  3.139290E-13
5923.9  3.136086E-13
5926.8  3.118895E-13
5929.7  3.103572E-13
5932.6  3.106274E-13
5935.5  3.116306E-13
5938.4  3.121164E-13
5941.3  3.124945E-13
5944.2  3.128282E-13
5947.1  3.119455E-13
5950.  3.116597E-13
5952.9  3.117449E-13
5955.8  3.119008E-13
5958.7  3.121894E-13
5961.6  3.117231E-13
5964.5  3.119068E-13
5967.4  3.125185E-13
5970.3  3.114239E-13
5973.2  3.089658E-13
5976.1  3.071372E-13
5979.  3.068976E-13
5981.9  3.057085E-13
5984.8  3.062865E-13
5987.7  3.086986E-13
5990.6  3.100839E-13
5993.5  3.099059E-13
5996.4  3.094250E-13
5999.3  3.078057E-13
6002.2  3.061262E-13
6005.1  3.034648E-13
6008.  3.015295E-13
6010.9  3.011135E-13
6013.8  3.010687E-13
6016.7  3.010254E-13
6019.6  3.007391E-13
6022.5  3.014320E-13
6025.4  3.032700E-13
6028.3  3.054235E-13
6031.2  3.074140E-13
6034.1  3.086193E-13
6037.  3.081466E-13
6039.9  3.064148E-13
6042.8  3.060196E-13
6045.7  3.073004E-13
6048.6  3.075314E-13
6051.5  3.054139E-13
6054.4  3.037885E-13
6057.3  3.030477E-13
6060.2  3.021424E-13
6063.1  3.027017E-13
6066.  3.047204E-13
6068.9  3.059738E-13
6071.8  3.039487E-13
6074.7  3.013304E-13
6077.6  3.003352E-13
6080.5  2.989708E-13
6083.4  2.974763E-13
6086.3  2.969581E-13
6089.2  2.988546E-13
6092.1  2.993482E-13
6095.  2.984468E-13
6097.9  2.963087E-13
6100.8  2.955466E-13
6103.7  2.975491E-13
6106.6  2.973470E-13
6109.5  2.966902E-13
6112.4  2.967786E-13
6115.3  2.956731E-13
6118.2  2.934086E-13
6121.1  2.932058E-13
6124.  2.935326E-13
6126.9  2.931348E-13
6129.8  2.918024E-13
6132.7  2.874327E-13
6135.6  2.856350E-13
6138.5  2.867862E-13
6141.4  2.888028E-13
6144.3  2.899778E-13
6147.2  2.908656E-13
6150.1  2.913870E-13
6153.  2.901887E-13
6155.9  2.862415E-13
6158.8  2.822218E-13
6161.7  2.817857E-13
6164.6  2.832963E-13
6167.5  2.853877E-13
6170.4  2.872172E-13
6173.3  2.885427E-13
6176.2  2.895132E-13
6179.1  2.917378E-13
6182.  2.927540E-13
6184.9  2.915712E-13
6187.8  2.914550E-13
6190.7  2.925867E-13
6193.6  2.914221E-13
6196.5  2.903330E-13
6199.4  2.905689E-13
6202.3  2.910392E-13
6205.2  2.906051E-13
6208.1  2.889819E-13
6211.  2.871565E-13
6213.9  2.863658E-13
6216.8  2.872225E-13
6219.7  2.889484E-13
6222.6  2.884065E-13
6225.5  2.863251E-13
6228.4  2.855705E-13
6231.3  2.856645E-13
6234.2  2.847951E-13
6237.1  2.827549E-13
6240.  2.799705E-13
6242.9  2.783556E-13
6245.8  2.790846E-13
6248.7  2.803039E-13
6251.6  2.803880E-13
6254.5  2.817294E-13
6257.4  2.843475E-13
6260.3  2.867105E-13
6263.2  2.891763E-13
6266.1  2.896137E-13
6269.  2.892500E-13
6271.9  2.897523E-13
6274.8  2.888413E-13
6277.7  2.863056E-13
6280.6  2.859015E-13
6283.5  2.858494E-13
6286.4  2.849959E-13
6289.3  2.844181E-13
6292.2  2.816254E-13
6295.1  2.798008E-13
6298.  2.789492E-13
6300.9  2.794627E-13
6303.8  2.809154E-13
6306.7  2.810231E-13
6309.6  2.792116E-13
6312.5  2.772131E-13
6315.4  2.772470E-13
6318.3  2.792646E-13
6321.2  2.814856E-13
6324.1  2.825337E-13
6327.  2.834853E-13
6329.9  2.825892E-13
6332.8  2.799898E-13
6335.7  2.779095E-13
6338.6  2.774244E-13
6341.5  2.782528E-13
6344.4  2.797119E-13
6347.3  2.808379E-13
6350.2  2.800686E-13
6353.1  2.779845E-13
6356.  2.769619E-13
6358.9  2.769332E-13
6361.8  2.775198E-13
6364.7  2.784084E-13
6367.6  2.807710E-13
6370.5  2.819179E-13
6373.4  2.821466E-13
6376.3  2.829557E-13
6379.2  2.834897E-13
6382.1  2.822842E-13
6385.  2.813280E-13
6387.9  2.808585E-13
6390.8  2.790511E-13
6393.7  2.774104E-13
6396.6  2.766471E-13
6399.5  2.757755E-13
6402.4  2.756007E-13
6405.3  2.739626E-13
6408.2  2.721402E-13
6411.1  2.708885E-13
6414.  2.706740E-13
6416.9  2.711592E-13
6419.8  2.716261E-13
6422.7  2.739582E-13
6425.6  2.767717E-13
6428.5  2.772447E-13
6431.4  2.760985E-13
6434.3  2.759348E-13
6437.2  2.752887E-13
6440.1  2.736626E-13
6443.  2.733866E-13
6445.9  2.736663E-13
6448.8  2.732123E-13
6451.7  2.723458E-13
6454.6  2.718605E-13
6457.5  2.706890E-13
6460.4  2.703914E-13
6463.3  2.716316E-13
6466.2  2.713009E-13
6469.1  2.726342E-13
6472.  2.724459E-13
6474.9  2.730080E-13
6477.8  2.743285E-13
6480.7  2.750171E-13
6483.6  2.725641E-13
6486.5  2.704038E-13
6489.4  2.676651E-13
6492.3  2.651509E-13
6495.2  2.638922E-13
6498.1  2.651921E-13
6501.  2.686135E-13
6503.9  2.721618E-13
6506.8  2.744019E-13
6509.7  2.744205E-13
6512.6  2.730039E-13
6515.5  2.715749E-13
6518.4  2.707108E-13
6521.3  2.705881E-13
6524.2  2.705678E-13
6527.1  2.701316E-13
6530.  2.695908E-13
6532.9  2.690269E-13
6535.8  2.681051E-13
6538.7  2.665074E-13
6541.6  2.638899E-13
6544.5  2.603211E-13
6547.4  2.561828E-13
6550.3  2.504643E-13
6553.2  2.420671E-13
6556.1  2.320400E-13
6559.  2.225182E-13
6561.9  2.178671E-13
6564.8  2.208671E-13
6567.7  2.293663E-13
6570.6  2.401124E-13
6573.5  2.490792E-13
6576.4  2.544648E-13
6579.3  2.574532E-13
6582.2  2.589379E-13
6585.1  2.596353E-13
6588.  2.600561E-13
6590.9  2.604820E-13
6593.8  2.612450E-13
6596.7  2.624971E-13
6599.6  2.636284E-13
6602.5  2.641505E-13
6605.4  2.644499E-13
6608.3  2.649185E-13
6611.2  2.658077E-13
6614.1  2.670011E-13
6617.  2.678656E-13
6619.9  2.682297E-13
6622.8  2.683444E-13
6625.7  2.680414E-13
6628.6  2.670232E-13
6631.5  2.658360E-13
6634.4  2.651676E-13
6637.3  2.648048E-13
6640.2  2.644668E-13
6643.1  2.643595E-13
6646.  2.646066E-13
6648.9  2.651687E-13
6651.8  2.656805E-13
6654.7  2.652738E-13
6657.6  2.640768E-13
6660.5  2.631280E-13
6663.4  2.629183E-13
6666.3  2.635546E-13
6669.2  2.646584E-13
6672.1  2.656464E-13
6675.  2.660339E-13
6677.9  2.655845E-13
6680.8  2.649084E-13
6683.7  2.645010E-13
6686.6  2.642017E-13
6689.5  2.637652E-13
6692.4  2.628206E-13
6695.3  2.615598E-13
6698.2  2.607531E-13
6701.1  2.606622E-13
6704.  2.611929E-13
6706.9  2.615381E-13
6709.8  2.607615E-13
6712.7  2.594132E-13
6715.6  2.583376E-13
6718.5  2.577234E-13
6721.4  2.575957E-13
6724.3  2.577854E-13
6727.2  2.580726E-13
6730.1  2.582638E-13
6733.  2.582264E-13
6735.9  2.579329E-13
6738.8  2.573930E-13
6741.7  2.566573E-13
6744.6  2.560310E-13
6747.5  2.558798E-13
6750.4  2.564076E-13
6753.3  2.575920E-13
6756.2  2.586283E-13
6759.1  2.588328E-13
6762.  2.583477E-13
6764.9  2.575522E-13
6767.8  2.571126E-13
6770.7  2.572418E-13
6773.6  2.574878E-13
6776.5  2.576249E-13
6779.4  2.576033E-13
6782.3  2.575755E-13
6785.2  2.577854E-13
6788.1  2.578453E-13
6791.  2.572913E-13
6793.9  2.564327E-13
6796.8  2.556772E-13
6799.7  2.552081E-13
6802.6  2.550448E-13
6805.5  2.548307E-13
6808.4  2.545081E-13
6811.3  2.545281E-13
6814.2  2.549153E-13
6817.1  2.553069E-13
6820.  2.554849E-13
6822.9  2.553299E-13
6825.8  2.547785E-13
6828.7  2.538541E-13
6831.6  2.528913E-13
6834.5  2.521917E-13
6837.4  2.514450E-13
6840.3  2.506037E-13
6843.2  2.506428E-13
6846.1  2.516879E-13
6849.  2.522921E-13
6851.9  2.523094E-13
6854.8  2.529705E-13
6857.7  2.540399E-13
6860.6  2.545130E-13
6863.5  2.529521E-13
6866.4  2.483015E-13
6869.3  2.443969E-13
6872.2  2.451511E-13
6875.1  2.491550E-13
6878.  2.538768E-13
6880.9  2.562497E-13
6883.8  2.549425E-13
6886.7  2.520894E-13
6889.6  2.495303E-13
6892.5  2.484759E-13
6895.4  2.489886E-13
6898.3  2.501402E-13
6901.2  2.510339E-13
6904.1  2.509142E-13
6907.  2.502693E-13
6909.9  2.498807E-13
6912.8  2.496517E-13
6915.7  2.494529E-13
6918.6  2.495574E-13
6921.5  2.500013E-13
6924.4  2.503282E-13
6927.3  2.502929E-13
6930.2  2.499505E-13
6933.1  2.494367E-13
6936.  2.489808E-13
6938.9  2.484135E-13
6941.8  2.474071E-13
6944.7  2.463925E-13
6947.6  2.459433E-13
6950.5  2.459482E-13
6953.4  2.462025E-13
6956.3  2.468150E-13
6959.2  2.476678E-13
6962.1  2.480999E-13
6965.  2.478202E-13
6967.9  2.471820E-13
6970.8  2.461641E-13
6973.7  2.443665E-13
6976.6  2.426307E-13
6979.5  2.423726E-13
6982.4  2.431670E-13
6985.3  2.439706E-13
6988.2  2.447732E-13
6991.1  2.456092E-13
6994.  2.458425E-13
6996.9  2.450587E-13
6999.8  2.433935E-13
7002.7  2.414384E-13
7005.6  2.404712E-13
7008.5  2.406580E-13
7011.4  2.409346E-13
7014.3  2.410671E-13
7017.2  2.413480E-13
7020.1  2.416290E-13
7023.  2.416704E-13
7025.9  2.418064E-13
7028.8  2.423483E-13
7031.7  2.427110E-13
7034.6  2.425301E-13
7037.5  2.425142E-13
7040.4  2.429913E-13
7043.3  2.434387E-13
7046.2  2.435843E-13
7049.1  2.434767E-13
7052.  2.430962E-13
7054.9  2.423940E-13
7057.8  2.416732E-13
7060.7  2.413348E-13
7063.6  2.408757E-13
7066.5  2.397561E-13
7069.4  2.387718E-13
7072.3  2.385977E-13
7075.2  2.388240E-13
7078.1  2.389456E-13
7081.  2.384289E-13
7083.9  2.373336E-13
7086.8  2.365284E-13
7089.7  2.363634E-13
7092.6  2.367392E-13
7095.5  2.372373E-13
7098.4  2.372909E-13
7101.3  2.370414E-13
7104.2  2.368238E-13
7107.1  2.363878E-13
7110.  2.355947E-13
7112.9  2.351277E-13
7115.8  2.353384E-13
7118.7  2.356251E-13
7121.6  2.356256E-13
7124.5  2.353845E-13
7127.4  2.351217E-13
7130.3  2.352283E-13
7133.2  2.355993E-13
7136.1  2.358549E-13
7139.  2.356012E-13
7141.9  2.345900E-13
7144.8  2.336240E-13
7147.7  2.335049E-13
7150.6  2.340711E-13
7153.5  2.348564E-13
7156.4  2.349541E-13
7159.3  2.340884E-13
7162.2  2.330779E-13
7165.1  2.325665E-13
7168.  2.329906E-13
7170.9  2.338232E-13
7173.8  2.339152E-13
7176.7  2.332919E-13
7179.6  2.324693E-13
7182.5  2.311888E-13
7185.4  2.293400E-13
7188.3  2.285075E-13
7191.2  2.295654E-13
7194.1  2.306863E-13
7197.  2.306299E-13
7199.9  2.295868E-13
7202.8  2.283430E-13
7205.7  2.284190E-13
7208.6  2.295521E-13
7211.5  2.301914E-13
7214.4  2.296816E-13
7217.3  2.279194E-13
7220.2  2.262361E-13
7223.1  2.260625E-13
7226.  2.268381E-13
7228.9  2.277278E-13
7231.8  2.282416E-13
7234.7  2.283152E-13
7237.6  2.288583E-13
7240.5  2.300222E-13
7243.4  2.308518E-13
7246.3  2.311332E-13
7249.2  2.312449E-13
7252.1  2.312928E-13
7255.  2.312737E-13
7257.9  2.311087E-13
7260.8  2.307180E-13
7263.7  2.303496E-13
7266.6  2.301658E-13
7269.5  2.297000E-13
7272.4  2.287651E-13
7275.3  2.279837E-13
7278.2  2.276303E-13
7281.1  2.275141E-13
7284.  2.270077E-13
7286.9  2.250204E-13
7289.8  2.228700E-13
7292.7  2.230648E-13
7295.6  2.247660E-13
7298.5  2.260496E-13
7301.4  2.262924E-13
7304.3  2.254330E-13
7307.2  2.245961E-13
7310.1  2.246602E-13
7313.  2.252928E-13
7315.9  2.259999E-13
7318.8  2.261513E-13
7321.7  2.256234E-13
7324.6  2.248914E-13
7327.5  2.242184E-13
7330.4  2.237098E-13
7333.3  2.236276E-13
7336.2  2.241637E-13
7339.1  2.247934E-13
7342.  2.248921E-13
7344.9  2.241607E-13
7347.8  2.226825E-13
7350.7  2.214223E-13
7353.6  2.209720E-13
7356.5  2.210329E-13
7359.4  2.213567E-13
7362.3  2.217851E-13
7365.2  2.221471E-13
7368.1  2.222989E-13
7371.  2.222327E-13
7373.9  2.220046E-13
7376.8  2.214097E-13
7379.7  2.202799E-13
7382.6  2.188320E-13
7385.5  2.174405E-13
7388.4  2.167671E-13
7391.3  2.170678E-13
7394.2  2.177617E-13
7397.1  2.182848E-13
7400.  2.181959E-13
7402.9  2.174187E-13
7405.8  2.162236E-13
7408.7  2.150320E-13
7411.6  2.143055E-13
7414.5  2.141355E-13
7417.4  2.144355E-13
7420.3  2.150012E-13
7423.2  2.156523E-13
7426.1  2.165460E-13
7429.  2.176662E-13
7431.9  2.185009E-13
7434.8  2.188225E-13
7437.7  2.188855E-13
7440.6  2.186895E-13
7443.5  2.179922E-13
7446.4  2.171631E-13
7449.3  2.168629E-13
7452.2  2.169925E-13
7455.1  2.171929E-13
7458.  2.174319E-13
7460.9  2.177175E-13
7463.8  2.180121E-13
7466.7  2.182604E-13
7469.6  2.183428E-13
7472.5  2.182189E-13
7475.4  2.179675E-13
7478.3  2.176844E-13
7481.2  2.175026E-13
7484.1  2.171708E-13
7487.  2.162347E-13
7489.9  2.149436E-13
7492.8  2.138195E-13
7495.7  2.133109E-13
7498.6  2.136397E-13
7501.5  2.141274E-13
7504.4  2.141643E-13
7507.3  2.138041E-13
7510.2  2.132678E-13
7513.1  2.130085E-13
7516.  2.130892E-13
7518.9  2.130672E-13
7521.8  2.128745E-13
7524.7  2.127054E-13
7527.6  2.127511E-13
7530.5  2.131688E-13
7533.4  2.138203E-13
7536.3  2.144604E-13
7539.2  2.148091E-13
7542.1  2.147042E-13
7545.  2.144200E-13
7547.9  2.140804E-13
7550.8  2.133268E-13
7553.7  2.122424E-13
7556.6  2.114764E-13
7559.5  2.113125E-13
7562.4  2.117341E-13
7565.3  2.122670E-13
7568.2  2.122496E-13
7571.1  2.119485E-13
7574.  2.118661E-13
7576.9  2.119162E-13
7579.8  2.119243E-13
7582.7  2.117647E-13
7585.6  2.114106E-13
7588.5  2.110884E-13
7591.4  2.109003E-13
7594.3  2.107324E-13
7597.2  2.105429E-13
7600.1  2.103527E-13
7603.  2.101642E-13
7605.9  2.099757E-13
7608.8  2.097873E-13
7611.7  2.095988E-13
7614.6  2.094103E-13
7617.5  2.092218E-13
7620.4  2.090333E-13
7623.3  2.088448E-13
7626.2  2.086575E-13
7629.1  2.084696E-13
7632.  2.082704E-13
7634.9  2.080813E-13
7637.8  2.079483E-13
7640.7  2.078809E-13
7643.6  2.078616E-13
7646.5  2.076736E-13
7649.4  2.070749E-13
7652.3  2.062068E-13
7655.2  2.053223E-13
7658.1  2.045427E-13
7661.  2.040672E-13
7663.9  2.044183E-13
7666.8  2.056663E-13
7669.7  2.070792E-13
7672.6  2.080674E-13
7675.5  2.082714E-13
7678.4  2.077364E-13
7681.3  2.068549E-13
7684.2  2.057716E-13
7687.1  2.045436E-13
7690.  2.035207E-13
7692.9  2.030380E-13
7695.8  2.031225E-13
7698.7  2.036158E-13
7701.6  2.040866E-13
7704.5  2.041360E-13
7707.4  2.034505E-13
7710.3  2.023178E-13
7713.2  2.018029E-13
7716.1  2.021098E-13
7719.  2.027132E-13
7721.9  2.032401E-13
7724.8  2.034006E-13
7727.7  2.034652E-13
7730.6  2.037925E-13
7733.5  2.039502E-13
7736.4  2.034993E-13
7739.3  2.024534E-13
7742.2  2.010690E-13
7745.1  1.999765E-13
7748.  1.996415E-13
7750.9  2.002366E-13
7753.8  2.014341E-13
7756.7  2.024673E-13
7759.6  2.028941E-13
7762.5  2.025454E-13
7765.4  2.016382E-13
7768.3  2.005843E-13
7771.2  1.997781E-13
7774.1  1.995204E-13
7777.  1.998283E-13
7779.9  2.005478E-13
7782.8  2.013459E-13
7785.7  2.018362E-13
7788.6  2.015800E-13
7791.5  2.006976E-13
7794.4  1.998852E-13
7797.3  1.994363E-13
7800.2  1.993607E-13
7803.1  1.994401E-13
7806.  1.993881E-13
7808.9  1.993971E-13
7811.8  1.997260E-13
7814.7  2.005074E-13
7817.6  2.015770E-13
7820.5  2.019532E-13
7823.4  2.011856E-13
7826.3  1.999283E-13
7829.2  1.986765E-13
7832.1  1.976715E-13
7835.  1.971019E-13
7837.9  1.970388E-13
7840.8  1.974433E-13
7843.7  1.981873E-13
7846.6  1.987610E-13
7849.5  1.987124E-13
7852.4  1.984963E-13
7855.3  1.985459E-13
7858.2  1.985986E-13
7861.1  1.984955E-13
7864.  1.984258E-13
7866.9  1.983896E-13
7869.8  1.981407E-13
7872.7  1.977042E-13
7875.6  1.973080E-13
7878.5  1.971603E-13
7881.4  1.974162E-13
7884.3  1.978470E-13
7887.2  1.981156E-13
7890.1  1.979702E-13
7893.  1.973684E-13
7895.9  1.969859E-13
7898.8  1.971812E-13
7901.7  1.973721E-13
7904.6  1.971619E-13
7907.5  1.964875E-13
7910.4  1.955520E-13
7913.3  1.948195E-13
7916.2  1.943926E-13
7919.1  1.941328E-13
7922.  1.939491E-13
7924.9  1.937377E-13
7927.8  1.932030E-13
7930.7  1.921651E-13
7933.6  1.909946E-13
7936.5  1.900755E-13
7939.4  1.895426E-13
7942.3  1.895557E-13
7945.2  1.903602E-13
7948.1  1.917382E-13
7951.  1.930132E-13
7953.9  1.939173E-13
7956.8  1.944774E-13
7959.7  1.947184E-13
7962.6  1.947017E-13
7965.5  1.945719E-13
7968.4  1.944443E-13
7971.3  1.941056E-13
7974.2  1.934911E-13
7977.1  1.931805E-13
7980.  1.933489E-13
7982.9  1.933261E-13
7985.8  1.928711E-13
7988.7  1.923138E-13
7991.6  1.916170E-13
7994.5  1.904975E-13
7997.4  1.896157E-13
8000.3  1.899000E-13
8003.2  1.907411E-13
8006.1  1.912259E-13
8009.  1.913920E-13
8011.9  1.914125E-13
8014.8  1.914143E-13
8017.7  1.914054E-13
8020.6  1.910502E-13
8023.5  1.903716E-13
8026.4  1.898711E-13
8029.3  1.897419E-13
8032.2  1.899169E-13
8035.1  1.900924E-13
8038.  1.898775E-13
8040.9  1.891784E-13
8043.8  1.881060E-13
8046.7  1.873678E-13
8049.6  1.874935E-13
8052.5  1.878416E-13
8055.4  1.879645E-13
8058.3  1.882744E-13
8061.2  1.888087E-13
8064.1  1.890149E-13
8067.  1.887973E-13
8069.9  1.884689E-13
8072.8  1.881211E-13
8075.7  1.877351E-13
8078.6  1.871850E-13
8081.5  1.863533E-13
8084.4  1.855277E-13
8087.3  1.850116E-13
8090.2  1.847389E-13
8093.1  1.846536E-13
8096.  1.848860E-13
8098.9  1.854227E-13
8101.8  1.859981E-13
8104.7  1.865793E-13
8107.6  1.874056E-13
8110.5  1.881943E-13
8113.4  1.883774E-13
8116.3  1.880636E-13
8119.2  1.876373E-13
8122.1  1.874101E-13
8125.  1.875665E-13
8127.9  1.876997E-13
8130.8  1.875183E-13
8133.7  1.873826E-13
8136.6  1.875521E-13
8139.5  1.880438E-13
8142.4  1.886546E-13
8145.3  1.889115E-13
8148.2  1.887742E-13
8151.1  1.885330E-13
8154.  1.882016E-13
8156.9  1.877094E-13
8159.8  1.870000E-13
8162.7  1.861231E-13
8165.6  1.860064E-13
8168.5  1.870850E-13
8171.4  1.876975E-13
8174.3  1.868442E-13
8177.2  1.852948E-13
8180.1  1.837799E-13
8183.  1.829171E-13
8185.9  1.826125E-13
8188.8  1.821687E-13
8191.7  1.812381E-13
8194.6  1.797211E-13
8197.5  1.787243E-13
8200.4  1.794047E-13
8203.3  1.806950E-13
8206.2  1.813664E-13
8209.1  1.813315E-13
8212.  1.808341E-13
8214.9  1.806531E-13
8217.8  1.810191E-13
8220.7  1.813136E-13
8223.6  1.809767E-13
8226.5  1.794100E-13
8229.4  1.782451E-13
8232.3  1.801445E-13
8235.2  1.833748E-13
8238.1  1.849273E-13
8241.  1.845318E-13
8243.9  1.827887E-13
8246.8  1.812869E-13
8249.7  1.810543E-13
8252.6  1.809190E-13
8255.5  1.804183E-13
8258.4  1.805786E-13
8261.3  1.814777E-13
8264.2  1.822947E-13
8267.1  1.824116E-13
8270.  1.813846E-13
8272.9  1.799779E-13
8275.8  1.793492E-13
8278.7  1.794488E-13
8281.6  1.798773E-13
8284.5  1.802471E-13
8287.4  1.802579E-13
8290.3  1.799292E-13
8293.2  1.794641E-13
8296.1  1.793689E-13
8299.  1.795875E-13
8301.9  1.793424E-13
8304.8  1.787118E-13
8307.7  1.783698E-13
8310.6  1.782700E-13
8313.5  1.780696E-13
8316.4  1.774475E-13
8319.3  1.762315E-13
8322.2  1.752204E-13
8325.1  1.749515E-13
8328.  1.744382E-13
8330.9  1.731662E-13
8333.8  1.718219E-13
8336.7  1.711016E-13
8339.6  1.717216E-13
8342.5  1.732321E-13
8345.4  1.742095E-13
8348.3  1.744899E-13
8351.2  1.745690E-13
8354.1  1.745045E-13
8357.  1.742842E-13
8359.9  1.740386E-13
8362.8  1.738875E-13
8365.7  1.738946E-13
8368.6  1.740196E-13
8371.5  1.740170E-13
8374.4  1.737585E-13
8377.3  1.733605E-13
8380.2  1.727185E-13
8383.1  1.715060E-13
8386.  1.703006E-13
8388.9  1.701068E-13
8391.8  1.706511E-13
8394.7  1.712263E-13
8397.6  1.715898E-13
8400.5  1.716706E-13
8403.4  1.718368E-13
8406.3  1.722314E-13
8409.2  1.721261E-13
8412.1  1.713350E-13
8415.  1.706598E-13
8417.9  1.703635E-13
8420.8  1.701351E-13
8423.7  1.698076E-13
8426.6  1.692994E-13
8429.5  1.685966E-13
8432.4  1.677587E-13
8435.3  1.671343E-13
8438.2  1.670186E-13
8441.1  1.670461E-13
8444.  1.669497E-13
8446.9  1.671419E-13
8449.8  1.677073E-13
8452.7  1.680498E-13
8455.6  1.679180E-13
8458.5  1.674981E-13
8461.4  1.668824E-13
8464.3  1.661091E-13
8467.2  1.655562E-13
8470.1  1.656672E-13
8473.  1.661766E-13
8475.9  1.666470E-13
8478.8  1.671265E-13
8481.7  1.675615E-13
8484.6  1.674311E-13
8487.5  1.662344E-13
8490.4  1.634950E-13
8493.3  1.596161E-13
8496.2  1.559694E-13
8499.1  1.541399E-13
8502.  1.557523E-13
8504.9  1.592734E-13
8507.8  1.616623E-13
8510.7  1.626618E-13
8513.6  1.629658E-13
8516.5  1.631150E-13
8519.4  1.635066E-13
8522.3  1.638501E-13
8525.2  1.636058E-13
8528.1  1.620661E-13
8531.  1.585358E-13
8533.9  1.523527E-13
8536.8  1.445866E-13
8539.7  1.376944E-13
8542.6  1.345912E-13
8545.5  1.379211E-13
8548.4  1.452393E-13
8551.3  1.523550E-13
8554.2  1.577408E-13
8557.1  1.608994E-13
8560.  1.628882E-13
8562.9  1.646583E-13
8565.8  1.657100E-13
8568.7  1.659032E-13
8571.6  1.657842E-13
8574.5  1.654905E-13
8577.4  1.647484E-13
8580.3  1.637678E-13
8583.2  1.630297E-13
8586.1  1.626284E-13
8589.  1.624808E-13
8591.9  1.624417E-13
8594.8  1.623683E-13
8597.7  1.623166E-13
8600.6  1.623278E-13
8603.5  1.622945E-13
8606.4  1.621653E-13
8609.3  1.619815E-13
8612.2  1.618847E-13
8615.1  1.621236E-13
8618.  1.627279E-13
8620.9  1.635497E-13
8623.8  1.644485E-13
8626.7  1.652773E-13
8629.6  1.659165E-13
8632.5  1.662605E-13
8635.4  1.662090E-13
8638.3  1.656705E-13
8641.2  1.644943E-13
8644.1  1.626997E-13
8647.  1.607602E-13
8649.9  1.584308E-13
8652.8  1.545585E-13
8655.7  1.491247E-13
8658.6  1.429777E-13
8661.5  1.387607E-13
8664.4  1.395749E-13
8667.3  1.441442E-13
8670.2  1.496873E-13
8673.1  1.542820E-13
8676.  1.567352E-13
8678.9  1.580432E-13
8681.8  1.591420E-13
8684.7  1.597675E-13
8687.6  1.600830E-13
8690.5  1.608853E-13
8693.4  1.620883E-13
8696.3  1.628169E-13
8699.2  1.629485E-13
8702.1  1.627966E-13
8705.  1.624305E-13
8707.9  1.618833E-13
8710.8  1.613326E-13
8713.7  1.609414E-13
8716.6  1.608449E-13
8719.5  1.609292E-13
8722.4  1.604283E-13
8725.3  1.591445E-13
8728.2  1.579192E-13
8731.1  1.570550E-13
8734.  1.562586E-13
8736.9  1.555918E-13
8739.8  1.552941E-13
8742.7  1.554344E-13
8745.6  1.559927E-13
8748.5  1.567077E-13
8751.4  1.573437E-13
8754.3  1.582974E-13
8757.2  1.596928E-13
8760.1  1.605289E-13
8763.  1.603752E-13
8765.9  1.600052E-13
8768.8  1.598260E-13
8771.7  1.597803E-13
8774.6  1.597720E-13
8777.5  1.596238E-13
8780.4  1.594901E-13
8783.3  1.596370E-13
8786.2  1.594775E-13
8789.1  1.584407E-13
8792.  1.574273E-13
8794.9  1.571989E-13
8797.8  1.572504E-13
8800.7  1.570507E-13
8803.6  1.561429E-13
8806.5  1.549037E-13
8809.4  1.548724E-13
8812.3  1.560531E-13
8815.2  1.571894E-13
8818.1  1.577160E-13
8821.  1.574662E-13
8823.9  1.568527E-13
8826.8  1.564511E-13
8829.7  1.562681E-13
8832.6  1.561873E-13
8835.5  1.560971E-13
8838.4  1.559282E-13
8841.3  1.557450E-13
8844.2  1.556583E-13
8847.1  1.558267E-13
8850.  1.562326E-13
8852.9  1.567161E-13
8855.8  1.568486E-13
8858.7  1.561162E-13
8861.6  1.549612E-13
8864.5  1.541092E-13
8867.4  1.535758E-13
8870.3  1.532235E-13
8873.2  1.528978E-13
8876.1  1.526093E-13
8879.  1.529064E-13
8881.9  1.539330E-13
8884.8  1.551248E-13
8887.7  1.560748E-13
8890.6  1.565867E-13
8893.5  1.565333E-13
8896.4  1.559065E-13
8899.3  1.550263E-13
8902.2  1.543212E-13
8905.1  1.544528E-13
8908.  1.557158E-13
8910.9  1.564482E-13
8913.8  1.554606E-13
8916.7  1.538881E-13
8919.6  1.525807E-13
8922.5  1.514228E-13
8925.4  1.506096E-13
8928.3  1.506324E-13
8931.2  1.514336E-13
8934.1  1.525685E-13
8937.  1.535843E-13
8939.9  1.540896E-13
8942.8  1.540307E-13
8945.7  1.535769E-13
8948.6  1.533747E-13
8951.5  1.538751E-13
8954.4  1.546341E-13
8957.3  1.551776E-13
8960.2  1.551594E-13
8963.1  1.546710E-13
8966.  1.543956E-13
8968.9  1.545893E-13
8971.8  1.551030E-13
8974.7  1.557196E-13
8977.6  1.561703E-13
8980.5  1.556658E-13
8983.4  1.535997E-13
8986.3  1.510287E-13
8989.2  1.492511E-13
8992.1  1.493797E-13
8995.  1.513070E-13
8997.9  1.521333E-13
9000.8  1.507835E-13
9003.7  1.491600E-13
9006.6  1.484539E-13
9009.5  1.491750E-13
9012.4  1.508911E-13
9015.3  1.525428E-13
9018.2  1.536667E-13
9021.1  1.541039E-13
9024.  1.539245E-13
9026.9  1.533866E-13
9029.8  1.531598E-13
9032.7  1.535047E-13
9035.6  1.533834E-13
9038.5  1.525019E-13
9041.4  1.519700E-13
9044.3  1.521262E-13
9047.2  1.525285E-13
9050.1  1.526130E-13
9053.  1.517528E-13
9055.9  1.504004E-13
9058.8  1.493970E-13
9061.7  1.485421E-13
9064.6  1.475123E-13
9067.5  1.466874E-13
9070.4  1.463749E-13
9073.3  1.465402E-13
9076.2  1.468540E-13
9079.1  1.464407E-13
9082.  1.453230E-13
9084.9  1.446164E-13
9087.8  1.446133E-13
9090.7  1.449959E-13
9093.6  1.455567E-13
9096.5  1.461143E-13
9099.4  1.466583E-13
9102.3  1.472300E-13
9105.2  1.478108E-13
9108.1  1.483479E-13
9111.  1.486779E-13
9113.9  1.487341E-13
9116.8  1.486040E-13
9119.7  1.485619E-13
9122.6  1.492332E-13
9125.5  1.499195E-13
9128.4  1.488737E-13
9131.3  1.470524E-13
9134.2  1.466173E-13
9137.1  1.479623E-13
9140.  1.506167E-13
9142.9  1.525958E-13
9145.8  1.522103E-13
9148.7  1.499270E-13
9151.6  1.469512E-13
9154.5  1.454132E-13
9157.4  1.461797E-13
9160.3  1.481352E-13
9163.2  1.498650E-13
9166.1  1.497965E-13
9169.  1.480395E-13
9171.9  1.457864E-13
9174.8  1.443231E-13
9177.7  1.446886E-13
9180.6  1.461209E-13
9183.5  1.474546E-13
9186.4  1.480136E-13
9189.3  1.474929E-13
9192.2  1.463291E-13
9195.1  1.451552E-13
9198.  1.448169E-13
9200.9  1.450572E-13
9203.8  1.444426E-13
9206.7  1.428450E-13
9209.6  1.409950E-13
9212.5  1.395219E-13
9215.4  1.389440E-13
9218.3  1.390129E-13
9221.2  1.392843E-13
9224.1  1.395434E-13
9227.  1.397499E-13
9229.9  1.403816E-13
9232.8  1.415243E-13
9235.7  1.424246E-13
9238.6  1.428014E-13
9241.5  1.429684E-13
9244.4  1.429553E-13
9247.3  1.426329E-13
9250.2  1.419809E-13
9253.1  1.410665E-13
9256.  1.403082E-13
9258.9  1.401568E-13
9261.8  1.408676E-13
9264.7  1.423612E-13
9267.6  1.437499E-13
9270.5  1.443532E-13
9273.4  1.440888E-13
9276.3  1.433070E-13
9279.2  1.428596E-13
9282.1  1.431422E-13
9285.  1.441183E-13
9287.9  1.452142E-13
9290.8  1.456433E-13
9293.7  1.452870E-13
9296.6  1.443883E-13
9299.5  1.440286E-13
9302.4  1.449323E-13
9305.3  1.458139E-13
9308.2  1.457247E-13
9311.1  1.450907E-13
9314.  1.443238E-13
9316.9  1.436740E-13
9319.8  1.436552E-13
9322.7  1.449045E-13
9325.6  1.470708E-13
9328.5  1.492490E-13
9331.4  1.499701E-13
9334.3  1.480599E-13
9337.2  1.453049E-13
9340.1  1.439013E-13
9343.  1.447926E-13
9345.9  1.478324E-13
9348.8  1.508597E-13
9351.7  1.518768E-13
9354.6  1.491272E-13
9357.5  1.448781E-13
9360.4  1.458571E-13
9363.3  1.497116E-13
9366.2  1.484649E-13
9369.1  1.443986E-13
9372.  1.432574E-13
9374.9  1.436310E-13
9377.8  1.430802E-13
9380.7  1.425974E-13
9383.6  1.430891E-13
9386.5  1.442540E-13
9389.4  1.454864E-13
9392.3  1.457430E-13
9395.2  1.445478E-13
9398.1  1.421209E-13
9401.  1.393393E-13
9403.9  1.375364E-13
9406.8  1.365835E-13
9409.7  1.356938E-13
9412.6  1.355183E-13
9415.5  1.367260E-13
9418.4  1.382638E-13
9421.3  1.389810E-13
9424.2  1.379183E-13
9427.1  1.357190E-13
9430.  1.367097E-13
9432.9  1.407541E-13
9435.8  1.414117E-13
9438.7  1.384674E-13
9441.6  1.365970E-13
9444.5  1.378384E-13
9447.4  1.426799E-13
9450.3  1.465984E-13
9453.2  1.446741E-13
9456.1  1.407251E-13
9459.  1.392380E-13
9461.9  1.402755E-13
9464.8  1.429013E-13
9467.7  1.448588E-13
9470.6  1.449399E-13
9473.5  1.439459E-13
9476.4  1.424099E-13
9479.3  1.404519E-13
9482.2  1.398234E-13
9485.1  1.428278E-13
9488.  1.461103E-13
9490.9  1.450947E-13
9493.8  1.409091E-13
9496.7  1.362781E-13
9499.6  1.349217E-13
9502.5  1.386302E-13
9505.4  1.439867E-13
9508.3  1.475873E-13
9511.2  1.468467E-13
9514.1  1.421902E-13
9517.  1.372689E-13
9519.9  1.343986E-13
9522.8  1.347498E-13
9525.7  1.370416E-13
9528.6  1.389325E-13
9531.5  1.397884E-13
9534.4  1.395019E-13
9537.3  1.378854E-13
9540.2  1.352907E-13
9543.1  1.331771E-13
9546.  1.325717E-13
9548.9  1.335844E-13
9551.8  1.354723E-13
9554.7  1.365090E-13
9557.6  1.366062E-13
9560.5  1.369446E-13
9563.4  1.373995E-13
9566.3  1.373538E-13
9569.2  1.377671E-13
9572.1  1.395249E-13
9575.  1.406202E-13
9577.9  1.395108E-13
9580.8  1.379032E-13
9583.7  1.369304E-13
9586.6  1.356936E-13
9589.5  1.344340E-13
9592.4  1.349534E-13
9595.3  1.368938E-13
9598.2  1.382398E-13
9601.1  1.381960E-13
9604.  1.366959E-13
9606.9  1.351502E-13
9609.8  1.351091E-13
9612.7  1.354311E-13
9615.6  1.348228E-13
9618.5  1.333843E-13
9621.4  1.317513E-13
9624.3  1.316215E-13
9627.2  1.332071E-13
9630.1  1.344061E-13
9633.  1.342905E-13
9635.9  1.330407E-13
9638.8  1.316459E-13
9641.7  1.315137E-13
9644.6  1.323109E-13
9647.5  1.330597E-13
9650.4  1.333224E-13
9653.3  1.328687E-13
9656.2  1.317721E-13
9659.1  1.303882E-13
9662.  1.295532E-13
9664.9  1.296290E-13
9667.8  1.301137E-13
9670.7  1.306418E-13
9673.6  1.310563E-13
9676.5  1.310998E-13
9679.4  1.305079E-13
9682.3  1.299000E-13
9685.2  1.301115E-13
9688.1  1.304573E-13
9691.  1.301232E-13
9693.9  1.296879E-13
9696.8  1.296463E-13
9699.7  1.295969E-13
9702.6  1.294188E-13
9705.5  1.296527E-13
9708.4  1.302290E-13
9711.3  1.303376E-13
9714.2  1.300487E-13
9717.1  1.300496E-13
9720.  1.301975E-13
9722.9  1.300277E-13
9725.8  1.295568E-13
9728.7  1.289354E-13
9731.6  1.282569E-13
9734.5  1.276450E-13
9737.4  1.273124E-13
9740.3  1.273402E-13
9743.2  1.275225E-13
9746.1  1.277740E-13
9749.  1.282436E-13
9751.9  1.286297E-13
9754.8  1.282948E-13
9757.7  1.275524E-13
9760.6  1.271583E-13
9763.5  1.272567E-13
9766.4  1.277304E-13
9769.3  1.282552E-13
9772.2  1.284680E-13
9775.1  1.280013E-13
9778.  1.269266E-13
9780.9  1.263138E-13
9783.8  1.265533E-13
9786.7  1.269302E-13
9789.6  1.270330E-13
9792.5  1.267318E-13
9795.4  1.262190E-13
9798.3  1.259002E-13
9801.2  1.257133E-13
9804.1  1.254637E-13
9807.  1.255359E-13
9809.9  1.261824E-13
9812.8  1.266011E-13
9815.7  1.262458E-13
9818.6  1.255759E-13
9821.5  1.249866E-13
9824.4  1.246592E-13
9827.3  1.245972E-13
9830.2  1.245783E-13
9833.1  1.245894E-13
9836.  1.247368E-13
9838.9  1.250614E-13
9841.8  1.255415E-13
9844.7  1.257175E-13
9847.6  1.251905E-13
9850.5  1.242777E-13
9853.4  1.234136E-13
9856.3  1.230829E-13
9859.2  1.232672E-13
9862.1  1.229232E-13
9865.  1.219840E-13
9867.9  1.216008E-13
9870.8  1.219033E-13
9873.7  1.222858E-13
9876.6  1.226601E-13
9879.5  1.231201E-13
9882.4  1.233053E-13
9885.3  1.228901E-13
9888.2  1.223553E-13
9891.1  1.221097E-13
9894.  1.217150E-13
9896.9  1.210905E-13
9899.8  1.210810E-13
9902.7  1.218477E-13
9905.6  1.226441E-13
9908.5  1.230518E-13
9911.4  1.229213E-13
9914.3  1.225665E-13
9917.2  1.225272E-13
9920.1  1.226386E-13
9923.  1.225581E-13
9925.9  1.223292E-13
9928.8  1.220767E-13
9931.7  1.220151E-13
9934.6  1.222028E-13
9937.5  1.222518E-13
9940.4  1.221156E-13
9943.3  1.223116E-13
9946.2  1.228575E-13
9949.1  1.233137E-13
9952.  1.235467E-13
9954.9  1.235935E-13
9957.8  1.234963E-13
9960.7  1.233097E-13
9963.6  1.229214E-13
9966.5  1.222784E-13
9969.4  1.217544E-13
9972.3  1.215788E-13
9975.2  1.214559E-13
9978.1  1.212251E-13
9981.  1.209898E-13
9983.9  1.208729E-13
9986.8  1.210589E-13
9989.7  1.211949E-13
9992.6  1.206216E-13
9995.5  1.197289E-13
9998.4  1.192586E-13
10001.3  1.192642E-13
10004.2  1.195520E-13
10007.1  1.196358E-13
10010.  1.191602E-13
10012.9  1.182743E-13
10015.8  1.173402E-13
10018.7  1.170049E-13
10021.6  1.174269E-13
10024.5  1.181845E-13
10027.4  1.187767E-13
10030.3  1.186718E-13
10033.2  1.183020E-13
10036.1  1.184834E-13
10039.  1.190492E-13
10041.9  1.195871E-13
10044.8  1.199160E-13
10047.7  1.199963E-13
10050.6  1.202669E-13
10053.5  1.208132E-13
10056.4  1.208844E-13
10059.3  1.201060E-13
10062.2  1.186396E-13
10065.1  1.168412E-13
10068.  1.152269E-13
10070.9  1.141533E-13
10073.8  1.138029E-13
10076.7  1.142034E-13
10079.6  1.151829E-13
10082.5  1.157692E-13
10085.4  1.152596E-13
10088.3  1.145338E-13
10091.2  1.142798E-13
10094.1  1.141947E-13
10097.  1.142405E-13
10099.9  1.148234E-13
10102.8  1.158168E-13
10105.7  1.166278E-13
10108.6  1.171477E-13
10111.5  1.175450E-13
10114.4  1.177260E-13
10117.3  1.175724E-13
10120.2  1.170815E-13
10123.1  1.164126E-13
10126.  1.164890E-13
10128.9  1.175900E-13
10131.8  1.179971E-13
10134.7  1.170841E-13
10137.6  1.162908E-13
10140.5  1.161690E-13
10143.4  1.162887E-13
10146.3  1.166137E-13
10149.2  1.173148E-13
10152.1  1.175012E-13
10155.  1.161329E-13
10157.9  1.147791E-13
10160.8  1.150820E-13
10163.7  1.155470E-13
10166.6  1.149704E-13
10169.5  1.145478E-13
10172.4  1.147429E-13
10175.3  1.142802E-13
10178.2  1.132488E-13
10181.1  1.133462E-13
10184.  1.145671E-13
10186.9  1.157115E-13
10189.8  1.162216E-13
10192.7  1.158858E-13
10195.6  1.149624E-13
10198.5  1.139103E-13
10201.4  1.130954E-13
10204.3  1.127949E-13
10207.2  1.131685E-13
10210.1  1.139832E-13
10213.  1.142687E-13
10215.9  1.137502E-13
10218.8  1.131324E-13
10221.7  1.127797E-13
10224.6  1.127893E-13
10227.5  1.129366E-13
10230.4  1.128232E-13
10233.3  1.129601E-13
10236.2  1.139129E-13
10239.1  1.146836E-13
10242.  1.143348E-13
10244.9  1.131410E-13
10247.8  1.117425E-13
10250.7  1.113126E-13
10253.6  1.121531E-13
10256.5  1.131924E-13
10259.4  1.137839E-13
10262.3  1.137473E-13
10265.2  1.131101E-13
10268.1  1.120756E-13
10271.  1.115688E-13
10273.9  1.124761E-13
10276.8  1.133724E-13
10279.7  1.128521E-13
10282.6  1.119773E-13
10285.5  1.116776E-13
10288.4  1.117417E-13
10291.3  1.117920E-13
10294.2  1.111096E-13
10297.1  1.100731E-13
10300.  1.102807E-13
10302.9  1.113435E-13
10305.8  1.116686E-13
10308.7  1.110620E-13
10311.6  1.099442E-13
10314.5  1.093196E-13
10317.4  1.099818E-13
10320.3  1.108238E-13
10323.2  1.108470E-13
10326.1  1.102459E-13
10329.  1.095035E-13
10331.9  1.095920E-13
10334.8  1.103743E-13
10337.7  1.102468E-13
10340.6  1.095768E-13
10343.5  1.101376E-13
10346.4  1.111602E-13
10349.3  1.109460E-13
10352.2  1.103528E-13
10355.1  1.106531E-13
10358.  1.114317E-13
10360.9  1.120996E-13
10363.8  1.125141E-13
10366.7  1.124323E-13
10369.6  1.112526E-13
10372.5  1.094396E-13
10375.4  1.088584E-13
10378.3  1.096301E-13
10381.2  1.104987E-13
10384.1  1.103781E-13
10387.  1.083958E-13
10389.9  1.067087E-13
10392.8  1.077564E-13
10395.7  1.086177E-13
10398.6  1.066562E-13
10401.5  1.044741E-13
10404.4  1.039516E-13
10407.3  1.039435E-13
10410.2  1.038735E-13
10413.1  1.040876E-13
10416.  1.046826E-13
10418.9  1.055743E-13
10421.8  1.065589E-13
10424.7  1.074014E-13
10427.6  1.069363E-13
10430.5  1.041725E-13
10433.4  1.016186E-13
10436.3  1.017933E-13
10439.2  1.039894E-13
10442.1  1.068922E-13
10445.  1.088518E-13
10447.9  1.091901E-13
10450.8  1.090902E-13
10453.7  1.090226E-13
10456.6  1.087032E-13
10459.5  1.078482E-13
10462.4  1.060830E-13
10465.3  1.050594E-13
10468.2  1.068104E-13
10471.1  1.078653E-13
10474.  1.049906E-13
10476.9  1.038854E-13
10479.8  1.082021E-13
10482.7  1.114389E-13
10485.6  1.102198E-13
10488.5  1.084737E-13
10491.4  1.077632E-13
10494.3  1.067077E-13
10497.2  1.059508E-13
10500.1  1.072964E-13
10503.  1.097994E-13
10505.9  1.114061E-13
10508.8  1.118990E-13
10511.7  1.115692E-13
10514.6  1.099044E-13
10517.5  1.070664E-13
10520.4  1.058053E-13
10523.3  1.071374E-13
10526.2  1.078251E-13
10529.1  1.069205E-13
10532.  1.069697E-13
10534.9  1.073481E-13
10537.8  1.049995E-13
10540.7  1.013055E-13
10543.6  9.960232E-14
10546.5  1.003003E-13
10549.4  1.025924E-13
10552.3  1.044412E-13
10555.2  1.040533E-13
10558.1  1.013452E-13
10561.  9.755432E-14
10563.9  9.631517E-14
10566.8  9.896866E-14
10569.7  1.031593E-13
10572.6  1.070956E-13
10575.5  1.096589E-13
10578.4  1.100472E-13
10581.3  1.079466E-13
10584.2  1.048114E-13
10587.1  1.025202E-13
10590.  1.007083E-13
10592.9  9.869633E-14
10595.8  9.687886E-14
10598.7  9.558795E-14
10601.6  9.445606E-14
10604.5  9.427935E-14
10607.4  9.791489E-14
10610.3  1.050062E-13
10613.2  1.120227E-13
10616.1  1.159315E-13
10619.  1.143630E-13
10621.9  1.100704E-13
10624.8  1.076144E-13
10627.7  1.079840E-13
10630.6  1.104743E-13
10633.5  1.109626E-13
10636.4  1.067354E-13
10639.3  1.008121E-13
10642.2  9.632421E-14
10645.1  9.588258E-14
10648.  9.858878E-14
10650.9  9.896213E-14
10653.8  9.764180E-14
10656.7  9.968778E-14
10659.6  1.025603E-13
10662.5  1.010378E-13
10665.4  9.596685E-14
10668.3  9.011649E-14
10671.2  8.734598E-14
10674.1  8.988218E-14
10677.  9.349579E-14
10679.9  9.557000E-14
10682.8  9.877202E-14
10685.7  1.031623E-13
10688.6  1.055304E-13
10691.5  1.040378E-13
10694.4  9.784787E-14
10697.3  9.154229E-14
10700.2  9.182028E-14
10703.1  9.602579E-14
10706.  9.884429E-14
10708.9  9.992152E-14
10711.8  9.934547E-14
10714.7  9.469738E-14
10717.6  8.623737E-14
10720.5  8.038155E-14
10723.4  8.024489E-14
10726.3  8.386270E-14
10729.2  8.771030E-14
10732.1  8.639053E-14
10735.  8.495805E-14
10737.9  9.387508E-14
10740.8  1.039465E-13
10743.7  1.015296E-13
10746.6  9.518144E-14
10749.5  9.501360E-14
10752.4  9.522027E-14
10755.3  9.180794E-14
10758.2  9.032869E-14
10761.1  9.327859E-14
10764.  9.795383E-14
10766.9  1.012842E-13
10769.8  9.965965E-14
10772.7  9.528294E-14
10775.6  9.400178E-14
10778.5  9.558813E-14
10781.4  9.737561E-14
10784.3  9.669674E-14
10787.2  9.211905E-14
10790.1  8.862656E-14
10793.  9.020262E-14
10795.9  9.496253E-14
10798.8  1.004143E-13
10801.7  1.034442E-13
10804.6  1.050084E-13
10807.5  1.111711E-13
10810.4  1.212400E-13
10813.3  1.295486E-13
10816.2  1.335228E-13
10819.1  1.323820E-13
10822.  1.220314E-13
10824.9  1.010155E-13
10827.8  8.675797E-14
10830.7  9.179834E-14
10833.6  1.016835E-13
10836.5  1.057050E-13
10839.4  1.076719E-13
10842.3  1.077919E-13
10845.2  1.010274E-13
10848.1  9.154151E-14
10851.  9.051486E-14
10853.9  9.444100E-14
10856.8  9.298814E-14
10859.7  8.876327E-14
10862.6  8.745638E-14
10865.5  8.793271E-14
10868.4  8.831324E-14
10871.3  8.888393E-14
10874.2  8.891264E-14
10877.1  8.396873E-14
10880.  7.638090E-14
10882.9  7.924548E-14
10885.8  9.118592E-14
10888.7  9.760054E-14
10891.6  9.542002E-14
10894.5  8.828237E-14
10897.4  8.260687E-14
10900.3  8.463899E-14
10903.2  8.986317E-14
10906.1  9.188350E-14
10909.  8.690581E-14
10911.9  7.553923E-14
10914.8  6.751198E-14
10917.7  7.144072E-14
10920.6  9.671735E-14
10923.5  1.229033E-13
10926.4  9.671299E-14
10929.3  4.289258E-14
10932.2  3.379804E-14
10935.1  5.892848E-14
10938.  7.695747E-14
10940.9  8.068204E-14
10943.8  7.199252E-14
10946.7  5.891335E-14
10949.6  5.048133E-14
10952.5  5.214330E-14
10955.4  6.277758E-14
10958.3  6.937875E-14
10961.2  6.791403E-14
10964.1  6.663717E-14
10967.  6.427256E-14
10969.9  5.295433E-14
10972.8  4.267973E-14
10975.7  4.893116E-14
10978.6  6.061137E-14
10981.5  6.217488E-14
10984.4  5.577176E-14
10987.3  4.753527E-14
10990.2  4.791189E-14
10993.1  5.947064E-14
10996.  6.609590E-14
10998.9  6.255760E-14
