3050.  3.237429E-13
3052.9  3.014341E-13
3055.8  3.010333E-13
3058.7  3.124337E-13
3061.6  2.932821E-13
3064.5  2.879291E-13
3067.4  3.000502E-13
3070.3  2.980550E-13
3073.2  2.949309E-13
3076.1  3.124672E-13
3079.  3.153790E-13
3081.9  3.057774E-13
3084.8  2.941625E-13
3087.7  2.896037E-13
3090.6  2.832488E-13
3093.5  2.841136E-13
3096.4  2.840122E-13
3099.3  2.803098E-13
3102.2  2.967104E-13
3105.1  2.941066E-13
3108.  2.946725E-13
3110.9  2.893562E-13
3113.8  2.963146E-13
3116.7  3.010493E-13
3119.6  3.010953E-13
3122.5  2.953664E-13
3125.4  2.976272E-13
3128.3  2.969666E-13
3131.2  2.921117E-13
3134.1  3.015911E-13
3137.  3.061326E-13
3139.9  2.938941E-13
3142.8  2.949789E-13
3145.7  2.998180E-13
3148.6  2.951100E-13
3151.5  2.971172E-13
3154.4  2.810608E-13
3157.3  2.781241E-13
3160.2  2.882092E-13
3163.1  2.986550E-13
3166.  3.078442E-13
3168.9  3.033947E-13
3171.8  2.965124E-13
3174.7  2.886944E-13
3177.6  2.794698E-13
3180.5  2.852993E-13
3183.4  2.855976E-13
3186.3  2.829308E-13
3189.2  2.868002E-13
3192.1  2.978318E-13
3195.  3.010640E-13
3197.9  3.007173E-13
3200.8  2.981181E-13
3203.7  2.919757E-13
3206.6  2.840598E-13
3209.5  2.795784E-13
3212.4  2.887437E-13
3215.3  2.878570E-13
3218.2  2.865359E-13
3221.1  2.823570E-13
3224.  2.666988E-13
3226.9  2.681625E-13
3229.8  2.797965E-13
3232.7  2.826391E-13
3235.6  2.920362E-13
3238.5  2.993103E-13
3241.4  2.909137E-13
3244.3  2.960038E-13
3247.2  3.096171E-13
3250.1  3.104505E-13
3253.  3.141841E-13
3255.9  3.125592E-13
3258.8  3.111745E-13
3261.7  3.114948E-13
3264.6  3.053802E-13
3267.5  3.054984E-13
3270.4  2.935545E-13
3273.3  2.839336E-13
3276.2  2.939406E-13
3279.1  3.025286E-13
3282.  3.039272E-13
3284.9  3.165012E-13
3287.8  3.267317E-13
3290.7  3.356210E-13
3293.6  3.377538E-13
3296.5  3.345146E-13
3299.4  3.224970E-13
3302.3  3.218605E-13
3305.2  3.202950E-13
3308.1  3.234585E-13
3311.  3.204291E-13
3313.9  3.180024E-13
3316.8  3.174743E-13
3319.7  3.104174E-13
3322.6  3.128302E-13
3325.5  3.128028E-13
3328.4  3.056169E-13
3331.3  2.979267E-13
3334.2  3.003511E-13
3337.1  3.075724E-13
3340.  3.077936E-13
3342.9  3.044794E-13
3345.8  3.027957E-13
3348.7  3.111969E-13
3351.6  3.113377E-13
3354.5  3.062017E-13
3357.4  3.012496E-13
3360.3  2.989723E-13
3363.2  2.920422E-13
3366.1  2.938698E-13
3369.  3.024170E-13
3371.9  3.061430E-13
3374.8  3.055023E-13
3377.7  3.040461E-13
3380.6  3.140197E-13
3383.5  3.156459E-13
3386.4  3.103679E-13
3389.3  3.074734E-13
3392.2  3.133748E-13
3395.1  3.278958E-13
3398.  3.196501E-13
3400.9  3.037916E-13
3403.8  3.055992E-13
3406.7  3.071209E-13
3409.6  3.168913E-13
3412.5  3.162779E-13
3415.4  3.155594E-13
3418.3  3.186445E-13
3421.2  3.214409E-13
3424.1  3.216804E-13
3427.  3.192796E-13
3429.9  3.149871E-13
3432.8  3.117103E-13
3435.7  3.030800E-13
3438.6  2.967236E-13
3441.5  3.051058E-13
3444.4  3.116992E-13
3447.3  3.195751E-13
3450.2  3.131009E-13
3453.1  3.102241E-13
3456.  3.108610E-13
3458.9  3.085742E-13
3461.8  3.048520E-13
3464.7  3.112443E-13
3467.6  3.110539E-13
3470.5  3.059825E-13
3473.4  3.081026E-13
3476.3  3.150208E-13
3479.2  3.161191E-13
3482.1  3.138716E-13
3485.  3.067211E-13
3487.9  3.021624E-13
3490.8  3.041691E-13
3493.7  3.079427E-13
3496.6  3.127992E-13
3499.5  3.158022E-13
3502.4  3.184149E-13
3505.3  3.189354E-13
3508.2  3.244400E-13
3511.1  3.218942E-13
3514.  3.149078E-13
3516.9  3.093026E-13
3519.8  3.058950E-13
3522.7  3.080958E-13
3525.6  3.157125E-13
3528.5  3.268169E-13
3531.4  3.227378E-13
3534.3  3.287538E-13
3537.2  3.349525E-13
3540.1  3.341519E-13
3543.  3.354510E-13
3545.9  3.417397E-13
3548.8  3.425165E-13
3551.7  3.391136E-13
3554.6  3.361776E-13
3557.5  3.348981E-13
3560.4  3.263241E-13
3563.3  3.118394E-13
3566.2  3.035568E-13
3569.1  3.011997E-13
3572.  3.033021E-13
3574.9  3.136080E-13
3577.8  3.046222E-13
3580.7  2.993976E-13
3583.6  3.041599E-13
3586.5  3.158878E-13
3589.4  3.236088E-13
3592.3  3.267273E-13
3595.2  3.279283E-13
3598.1  3.236989E-13
3601.  3.174584E-13
3603.9  3.105635E-13
3606.8  3.063966E-13
3609.7  3.093210E-13
3612.6  3.124973E-13
3615.5  3.135566E-13
3618.4  3.226726E-13
3621.3  3.293617E-13
3624.2  3.333246E-13
3627.1  3.259554E-13
3630.  3.239752E-13
3632.9  3.318166E-13
3635.8  3.321156E-13
3638.7  3.299210E-13
3641.6  3.237906E-13
3644.5  3.271720E-13
3647.4  3.332943E-13
3650.3  3.421525E-13
3653.2  3.515363E-13
3656.1  3.530782E-13
3659.  3.523597E-13
3661.9  3.485201E-13
3664.8  3.440322E-13
3667.7  3.436324E-13
3670.6  3.446257E-13
3673.5  3.368956E-13
3676.4  3.285811E-13
3679.3  3.286915E-13
3682.2  3.305404E-13
3685.1  3.263446E-13
3688.  3.221492E-13
3690.9  3.179537E-13
3693.8  3.137579E-13
3696.7  3.406709E-13
3699.6  3.514123E-13
3702.5  3.394807E-13
3705.4  3.369215E-13
3708.3  3.451001E-13
3711.2  3.644675E-13
3714.1  3.730483E-13
3717.  3.625409E-13
3719.9  3.570983E-13
3722.8  3.700403E-13
3725.7  3.685272E-13
3728.6  3.427073E-13
3731.5  3.257279E-13
3734.4  3.429373E-13
3737.3  3.699832E-13
3740.2  3.699820E-13
3743.1  3.450496E-13
3746.  3.280922E-13
3748.9  3.493772E-13
3751.8  3.898744E-13
3754.7  4.041314E-13
3757.6  3.965726E-13
3760.5  3.836420E-13
3763.4  3.579295E-13
3766.3  3.354223E-13
3769.2  3.430418E-13
3772.1  3.820662E-13
3775.  4.249880E-13
3777.9  4.502091E-13
3780.8  4.569304E-13
3783.7  4.412876E-13
3786.6  4.138453E-13
3789.5  3.824005E-13
3792.4  3.480965E-13
3795.3  3.305315E-13
3798.2  3.559903E-13
3801.1  4.014858E-13
3804.  4.369367E-13
3806.9  4.558524E-13
3809.8  4.615150E-13
3812.7  4.587640E-13
3815.6  4.540260E-13
3818.5  4.459071E-13
3821.4  4.286097E-13
3824.3  3.991913E-13
3827.2  3.581797E-13
3830.1  3.159168E-13
3833.  3.007419E-13
3835.9  3.363497E-13
3838.8  3.954604E-13
3841.7  4.455279E-13
3844.6  4.791783E-13
3847.5  4.993534E-13
3850.4  5.073521E-13
3853.3  5.107569E-13
3856.2  5.133944E-13
3859.1  5.153548E-13
3862.  5.242116E-13
3864.9  5.235614E-13
3867.8  5.168106E-13
3870.7  4.948498E-13
3873.6  4.785154E-13
3876.5  4.528771E-13
3879.4  4.216017E-13
3882.3  3.787064E-13
3885.2  3.389453E-13
3888.1  3.449217E-13
3891.  3.886877E-13
3893.9  4.293108E-13
3896.8  4.625899E-13
3899.7  4.875815E-13
3902.6  5.130850E-13
3905.5  5.338324E-13
3908.4  5.458922E-13
3911.3  5.506395E-13
3914.2  5.522470E-13
3917.1  5.459215E-13
3920.  5.337577E-13
3922.9  4.949934E-13
3925.8  4.243514E-13
3928.7  3.365055E-13
3931.6  3.064153E-13
3934.5  3.722667E-13
3937.4  4.667905E-13
3940.3  5.215311E-13
3943.2  5.425926E-13
3946.1  5.525888E-13
3949.  5.514019E-13
3951.9  5.405990E-13
3954.8  5.160384E-13
3957.7  4.768840E-13
3960.6  4.115489E-13
3963.5  3.323810E-13
3966.4  2.903283E-13
3969.3  3.376600E-13
3972.2  4.242386E-13
3975.1  4.904560E-13
3978.  5.246508E-13
3980.9  5.376292E-13
3983.8  5.554664E-13
3986.7  5.782293E-13
3989.6  5.900894E-13
3992.5  5.870275E-13
3995.4  5.827142E-13
3998.3  5.923218E-13
4001.2  5.970566E-13
4004.1  5.981175E-13
4007.  6.028128E-13
4009.9  6.113715E-13
4012.8  6.152120E-13
4015.7  6.155950E-13
4018.6  6.147263E-13
4021.5  6.000877E-13
4024.4  5.845938E-13
4027.3  5.733334E-13
4030.2  5.731113E-13
4033.1  5.953338E-13
4036.  6.040636E-13
4038.9  5.887492E-13
4041.8  5.726904E-13
4044.7  5.791850E-13
4047.6  5.834868E-13
4050.5  5.647390E-13
4053.4  5.562420E-13
4056.3  5.600497E-13
4059.2  5.628277E-13
4062.1  5.569219E-13
4065.  5.437730E-13
4067.9  5.375848E-13
4070.8  5.305265E-13
4073.7  5.216641E-13
4076.6  5.165622E-13
4079.5  5.186177E-13
4082.4  5.204452E-13
4085.3  5.152972E-13
4088.2  4.951060E-13
4091.1  4.620026E-13
4094.  4.138385E-13
4096.9  3.681160E-13
4099.8  3.517596E-13
4102.7  3.828903E-13
4105.6  4.363977E-13
4108.5  4.731313E-13
4111.4  4.990435E-13
4114.3  5.145131E-13
4117.2  5.224702E-13
4120.1  5.296799E-13
4123.  5.358817E-13
4125.9  5.396689E-13
4128.8  5.350220E-13
4131.7  5.423580E-13
4134.6  5.580596E-13
4137.5  5.678888E-13
4140.4  5.628095E-13
4143.3  5.611670E-13
4146.2  5.609085E-13
4149.1  5.569365E-13
4152.  5.569289E-13
4154.9  5.668282E-13
4157.8  5.721451E-13
4160.7  5.746524E-13
4163.6  5.701830E-13
4166.5  5.592657E-13
4169.4  5.541006E-13
4172.3  5.551090E-13
4175.2  5.610611E-13
4178.1  5.600541E-13
4181.  5.633918E-13
4183.9  5.675919E-13
4186.8  5.730442E-13
4189.7  5.822054E-13
4192.6  5.794269E-13
4195.5  5.725362E-13
4198.4  5.733980E-13
4201.3  5.797171E-13
4204.2  5.893134E-13
4207.1  5.925372E-13
4210.  5.802127E-13
4212.9  5.689181E-13
4215.8  5.672752E-13
4218.7  5.714545E-13
4221.6  5.653728E-13
4224.5  5.536539E-13
4227.4  5.616434E-13
4230.3  5.715250E-13
4233.2  5.741565E-13
4236.1  5.759806E-13
4239.  5.725827E-13
4241.9  5.533332E-13
4244.8  5.391216E-13
4247.7  5.466778E-13
4250.6  5.555319E-13
4253.5  5.592081E-13
4256.4  5.539391E-13
4259.3  5.527386E-13
4262.2  5.652870E-13
4265.1  5.697345E-13
4268.  5.592270E-13
4270.9  5.461491E-13
4273.8  5.495163E-13
4276.7  5.583289E-13
4279.6  5.445146E-13
4282.5  5.290430E-13
4285.4  5.197185E-13
4288.3  5.201896E-13
4291.2  5.299787E-13
4294.1  5.409516E-13
4297.  5.272165E-13
4299.9  5.228911E-13
4302.8  5.321871E-13
4305.7  5.275554E-13
4308.6  5.197661E-13
4311.5  5.184066E-13
4314.4  5.256473E-13
4317.3  5.254055E-13
4320.2  5.137182E-13
4323.1  4.997736E-13
4326.  4.899158E-13
4328.9  4.711244E-13
4331.8  4.337765E-13
4334.7  3.803651E-13
4337.6  3.456754E-13
4340.5  3.693651E-13
4343.4  4.201984E-13
4346.3  4.586214E-13
4349.2  4.771504E-13
4352.1  4.962150E-13
4355.  5.197256E-13
4357.9  5.383069E-13
4360.8  5.496370E-13
4363.7  5.512165E-13
4366.6  5.423948E-13
4369.5  5.364000E-13
4372.4  5.369090E-13
4375.3  5.427619E-13
4378.2  5.429688E-13
4381.1  5.384980E-13
4384.  5.389549E-13
4386.9  5.418192E-13
4389.8  5.404749E-13
4392.7  5.365829E-13
4395.6  5.391608E-13
4398.5  5.380325E-13
4401.4  5.354129E-13
4404.3  5.384617E-13
4407.2  5.426657E-13
4410.1  5.432077E-13
4413.  5.419310E-13
4415.9  5.450342E-13
4418.8  5.485993E-13
4421.7  5.489813E-13
4424.6  5.435227E-13
4427.5  5.392220E-13
4430.4  5.342059E-13
4433.3  5.322513E-13
4436.2  5.319558E-13
4439.1  5.238132E-13
4442.  5.237707E-13
4444.9  5.353161E-13
4447.8  5.355194E-13
4450.7  5.208783E-13
4453.6  5.125520E-13
4456.5  5.129997E-13
4459.4  5.128468E-13
4462.3  5.176196E-13
4465.2  5.324442E-13
4468.1  5.609704E-13
4471.  5.756802E-13
4473.9  5.582837E-13
4476.8  5.280199E-13
4479.7  5.193788E-13
4482.6  5.274157E-13
4485.5  5.278092E-13
4488.4  5.205916E-13
4491.3  5.239306E-13
4494.2  5.320461E-13
4497.1  5.384849E-13
4500.  5.392290E-13
4502.9  5.393376E-13
4505.8  5.373339E-13
4508.7  5.302995E-13
4511.6  5.267047E-13
4514.5  5.246745E-13
4517.4  5.181926E-13
4520.3  5.188959E-13
4523.2  5.163682E-13
4526.1  5.144112E-13
4529.  5.099490E-13
4531.9  5.081906E-13
4534.8  5.171858E-13
4537.7  5.176965E-13
4540.6  5.113630E-13
4543.5  5.001934E-13
4546.4  4.962250E-13
4549.3  5.050967E-13
4552.2  5.128858E-13
4555.1  5.174865E-13
4558.  5.163839E-13
4560.9  5.166176E-13
4563.8  5.240523E-13
4566.7  5.283316E-13
4569.6  5.324652E-13
4572.5  5.297969E-13
4575.4  5.279588E-13
4578.3  5.239002E-13
4581.2  5.222295E-13
4584.1  5.212665E-13
4587.  5.204664E-13
4589.9  5.219039E-13
4592.8  5.233805E-13
4595.7  5.280269E-13
4598.6  5.343792E-13
4601.5  5.381126E-13
4604.4  5.404213E-13
4607.3  5.433815E-13
4610.2  5.474395E-13
4613.1  5.429822E-13
4616.  5.339517E-13
4618.9  5.317446E-13
4621.8  5.285010E-13
4624.7  5.205410E-13
4627.6  5.214735E-13
4630.5  5.263308E-13
4633.4  5.217644E-13
4636.3  5.183630E-13
4639.2  5.166737E-13
4642.1  5.101326E-13
4645.  5.017388E-13
4647.9  5.049801E-13
4650.8  5.129763E-13
4653.7  5.139891E-13
4656.6  5.149565E-13
4659.5  5.237605E-13
4662.4  5.155484E-13
4665.3  5.027524E-13
4668.2  5.009486E-13
4671.1  5.059995E-13
4674.  5.120749E-13
4676.9  5.118371E-13
4679.8  5.096300E-13
4682.7  5.157519E-13
4685.6  5.317677E-13
4688.5  5.288162E-13
4691.4  5.157662E-13
4694.3  5.097605E-13
4697.2  5.010984E-13
4700.1  4.941306E-13
4703.  4.870288E-13
4705.9  4.835063E-13
4708.8  4.890533E-13
4711.7  5.071948E-13
4714.6  5.136681E-13
4717.5  5.127373E-13
4720.4  5.106093E-13
4723.3  5.069872E-13
4726.2  5.042727E-13
4729.1  5.042961E-13
4732.  5.053732E-13
4734.9  4.997011E-13
4737.8  5.025702E-13
4740.7  5.027476E-13
4743.6  4.957917E-13
4746.5  4.960858E-13
4749.4  4.971824E-13
4752.3  4.955755E-13
4755.2  5.014051E-13
4758.1  5.022144E-13
4761.  4.954066E-13
4763.9  4.923095E-13
4766.8  4.977645E-13
4769.7  5.025440E-13
4772.6  5.113045E-13
4775.5  5.135368E-13
4778.4  5.041242E-13
4781.3  4.992087E-13
4784.2  4.987512E-13
4787.1  5.026318E-13
4790.  5.043987E-13
4792.9  5.013567E-13
4795.8  4.973583E-13
4798.7  5.018195E-13
4801.6  5.048306E-13
4804.5  4.987729E-13
4807.4  4.940202E-13
4810.3  4.972914E-13
4813.2  4.987205E-13
4816.1  4.968364E-13
4819.  4.922394E-13
4821.9  4.851330E-13
4824.8  4.834437E-13
4827.7  4.851135E-13
4830.6  4.845353E-13
4833.5  4.898248E-13
4836.4  4.961818E-13
4839.3  4.856812E-13
4842.2  4.703174E-13
4845.1  4.567616E-13
4848.  4.396978E-13
4850.9  4.195747E-13
4853.8  3.849849E-13
4856.7  3.357542E-13
4859.6  3.066388E-13
4862.5  3.331545E-13
4865.4  3.854843E-13
4868.3  4.144872E-13
4871.2  4.267308E-13
4874.1  4.376504E-13
4877.  4.494826E-13
4879.9  4.598153E-13
4882.8  4.635841E-13
4885.7  4.624593E-13
4888.6  4.603984E-13
4891.5  4.669984E-13
4894.4  4.771312E-13
4897.3  4.827231E-13
4900.2  4.859775E-13
4903.1  4.877519E-13
4906.  4.868018E-13
4908.9  4.742911E-13
4911.8  4.715351E-13
4914.7  4.737760E-13
4917.6  4.703189E-13
4920.5  4.717274E-13
4923.4  4.783959E-13
4926.3  4.830560E-13
4929.2  4.784812E-13
4932.1  4.719986E-13
4935.  4.694100E-13
4937.9  4.698939E-13
4940.8  4.775927E-13
4943.7  4.836947E-13
4946.6  4.878488E-13
4949.5  4.865987E-13
4952.4  4.778650E-13
4955.3  4.746961E-13
4958.2  4.827412E-13
4961.1  4.918015E-13
4964.  4.930560E-13
4966.9  4.937581E-13
4969.8  4.971564E-13
4972.7  4.983252E-13
4975.6  4.931231E-13
4978.5  4.784018E-13
4981.4  4.643944E-13
4984.3  4.681564E-13
4987.2  4.774343E-13
4990.1  4.780503E-13
4993.  4.797702E-13
4995.9  4.803161E-13
4998.8  4.707142E-13
5001.7  4.643600E-13
5004.6  4.631086E-13
5007.5  4.622554E-13
5010.4  4.571580E-13
5013.3  4.563330E-13
5016.2  4.601161E-13
5019.1  4.578828E-13
5022.  4.618128E-13
5024.9  4.664246E-13
5027.8  4.664691E-13
5030.7  4.687814E-13
5033.6  4.681288E-13
5036.5  4.579051E-13
5039.4  4.509323E-13
5042.3  4.581081E-13
5045.2  4.619166E-13
5048.1  4.555763E-13
5051.  4.557930E-13
5053.9  4.664142E-13
5056.8  4.751776E-13
5059.7  4.767326E-13
5062.6  4.740215E-13
5065.5  4.676657E-13
5068.4  4.629769E-13
5071.3  4.611724E-13
5074.2  4.586332E-13
5077.1  4.532018E-13
5080.  4.545263E-13
5082.9  4.603546E-13
5085.8  4.697085E-13
5088.7  4.690297E-13
5091.6  4.662113E-13
5094.5  4.608978E-13
5097.4  4.623136E-13
5100.3  4.640206E-13
5103.2  4.645739E-13
5106.1  4.595505E-13
5109.  4.619797E-13
5111.9  4.663963E-13
5114.8  4.633290E-13
5117.7  4.608845E-13
5120.6  4.582131E-13
5123.5  4.504715E-13
5126.4  4.455006E-13
5129.3  4.470708E-13
5132.2  4.471924E-13
5135.1  4.471456E-13
5138.  4.456538E-13
5140.9  4.443031E-13
5143.8  4.434764E-13
5146.7  4.466467E-13
5149.6  4.512776E-13
5152.5  4.531795E-13
5155.4  4.547856E-13
5158.3  4.515437E-13
5161.2  4.383332E-13
5164.1  4.237598E-13
5167.  4.116438E-13
5169.9  4.127279E-13
5172.8  4.299770E-13
5175.7  4.463320E-13
5178.6  4.402023E-13
5181.5  4.260188E-13
5184.4  4.234052E-13
5187.3  4.289076E-13
5190.2  4.319951E-13
5193.1  4.339926E-13
5196.  4.342953E-13
5198.9  4.369055E-13
5201.8  4.364539E-13
5204.7  4.342195E-13
5207.6  4.406471E-13
5210.5  4.423564E-13
5213.4  4.387320E-13
5216.3  4.430781E-13
5219.2  4.460903E-13
5222.1  4.405660E-13
5225.  4.295402E-13
5227.9  4.315938E-13
5230.8  4.358564E-13
5233.7  4.387090E-13
5236.6  4.438300E-13
5239.5  4.502255E-13
5242.4  4.490240E-13
5245.3  4.432807E-13
5248.2  4.373459E-13
5251.1  4.378973E-13
5254.  4.445959E-13
5256.9  4.421821E-13
5259.8  4.290722E-13
5262.7  4.160523E-13
5265.6  4.104498E-13
5268.5  4.137505E-13
5271.4  4.213693E-13
5274.3  4.318067E-13
5277.2  4.445415E-13
5280.1  4.413455E-13
5283.  4.315932E-13
5285.9  4.320769E-13
5288.8  4.320072E-13
5291.7  4.350363E-13
5294.6  4.357775E-13
5297.5  4.337123E-13
5300.4  4.353912E-13
5303.3  4.391877E-13
5306.2  4.377404E-13
5309.1  4.366048E-13
5312.  4.360935E-13
5314.9  4.332588E-13
5317.8  4.310936E-13
5320.7  4.292603E-13
5323.6  4.239685E-13
5326.5  4.181136E-13
5329.4  4.242183E-13
5332.3  4.288999E-13
5335.2  4.272261E-13
5338.1  4.259738E-13
5341.  4.234450E-13
5343.9  4.272943E-13
5346.8  4.284247E-13
5349.7  4.321090E-13
5352.6  4.356933E-13
5355.5  4.395057E-13
5358.4  4.397825E-13
5361.3  4.272335E-13
5364.2  4.192966E-13
5367.1  4.202952E-13
5370.  4.255619E-13
5372.9  4.312438E-13
5375.8  4.321872E-13
5378.7  4.269404E-13
5381.6  4.264111E-13
5384.5  4.316875E-13
5387.4  4.302567E-13
5390.3  4.266507E-13
5393.2  4.229926E-13
5396.1  4.191522E-13
5399.  4.136000E-13
5401.9  4.127236E-13
5404.8  4.111910E-13
5407.7  4.129529E-13
5410.6  4.142756E-13
5413.5  4.180118E-13
5416.4  4.216818E-13
5419.3  4.224033E-13
5422.2  4.177427E-13
5425.1  4.202096E-13
5428.  4.236884E-13
5430.9  4.241676E-13
5433.8  4.269146E-13
5436.7  4.257859E-13
5439.6  4.221705E-13
5442.5  4.153548E-13
5445.4  4.154080E-13
5448.3  4.219072E-13
5451.2  4.226774E-13
5454.1  4.193207E-13
5457.  4.236332E-13
5459.9  4.257497E-13
5462.8  4.275409E-13
5465.7  4.297791E-13
5468.6  4.278639E-13
5471.5  4.201583E-13
5474.4  4.113605E-13
5477.3  4.128387E-13
5480.2  4.187386E-13
5483.1  4.207963E-13
5486.  4.179020E-13
5488.9  4.197693E-13
5491.8  4.203007E-13
5494.7  4.165483E-13
5497.6  4.101181E-13
5500.5  4.069666E-13
5503.4  4.093511E-13
5506.3  4.112505E-13
5509.2  4.138520E-13
5512.1  4.158595E-13
5515.  4.181762E-13
5517.9  4.167753E-13
5520.8  4.160106E-13
5523.7  4.083497E-13
5526.6  4.036342E-13
5529.5  4.070229E-13
5532.4  4.094011E-13
5535.3  4.125898E-13
5538.2  4.194441E-13
5541.1  4.181915E-13
5544.  4.156754E-13
5546.9  4.150085E-13
5549.8  4.131004E-13
5552.7  4.123106E-13
5555.6  4.167885E-13
5558.5  4.197610E-13
5561.4  4.164733E-13
5564.3  4.182274E-13
5567.2  4.131062E-13
5570.1  4.112463E-13
5573.  4.105092E-13
5575.9  4.142765E-13
5578.8  4.094399E-13
5581.7  4.000716E-13
5584.6  3.934107E-13
5587.5  3.859103E-13
5590.4  3.859739E-13
5593.3  3.917443E-13
5596.2  3.935181E-13
5599.1  3.915338E-13
5602.  3.929162E-13
5604.9  3.995471E-13
5607.8  4.065942E-13
5610.7  4.079349E-13
5613.6  4.050506E-13
5616.5  4.030513E-13
5619.4  4.011586E-13
5622.3  4.026050E-13
5625.2  4.056876E-13
5628.1  4.048079E-13
5631.  4.008221E-13
5633.9  4.007655E-13
5636.8  3.985246E-13
5639.7  4.010937E-13
5642.6  4.006215E-13
5645.5  4.022499E-13
5648.4  4.028303E-13
5651.3  4.036125E-13
5654.2  3.956391E-13
5657.1  3.870371E-13
5660.  3.864942E-13
5662.9  3.889769E-13
5665.8  3.925214E-13
5668.7  3.966424E-13
5671.6  3.997611E-13
5674.5  3.991377E-13
5677.4  3.976462E-13
5680.3  3.949116E-13
5683.2  3.920652E-13
5686.1  3.919216E-13
5689.  3.949992E-13
5691.9  3.983348E-13
5694.8  3.980042E-13
5697.7  3.960894E-13
5700.6  3.954897E-13
5703.5  3.907000E-13
5706.4  3.856365E-13
5709.3  3.871702E-13
5712.2  3.886962E-13
5715.1  3.891299E-13
5718.  3.905282E-13
5720.9  3.890247E-13
5723.8  3.873137E-13
5726.7  3.906862E-13
5729.6  3.931725E-13
5732.5  3.917330E-13
5735.4  3.918650E-13
5738.3  3.894817E-13
5741.2  3.911327E-13
5744.1  3.916249E-13
5747.  3.905944E-13
5749.9  3.885900E-13
5752.8  3.884945E-13
5755.7  3.903339E-13
5758.6  3.904714E-13
5761.5  3.899981E-13
5764.4  3.920169E-13
5767.3  3.927573E-13
5770.2  3.918442E-13
5773.1  3.889167E-13
5776.  3.881908E-13
5778.9  3.891102E-13
5781.8  3.884042E-13
5784.7  3.887608E-13
5787.6  3.895372E-13
5790.5  3.881996E-13
5793.4  3.860240E-13
5796.3  3.886688E-13
5799.2  3.885487E-13
5802.1  3.881731E-13
5805.  3.873812E-13
5807.9  3.869022E-13
5810.8  3.859504E-13
5813.7  3.844113E-13
5816.6  3.840977E-13
5819.5  3.849058E-13
5822.4  3.860133E-13
5825.3  3.868676E-13
5828.2  3.860958E-13
5831.1  3.843151E-13
5834.  3.831531E-13
5836.9  3.824601E-13
5839.8  3.817738E-13
5842.7  3.811045E-13
5845.6  3.803185E-13
5848.5  3.788587E-13
5851.4  3.764863E-13
5854.3  3.742840E-13
5857.2  3.725260E-13
5860.1  3.717202E-13
5863.  3.733121E-13
5865.9  3.765348E-13
5868.8  3.805646E-13
5871.7  3.840176E-13
5874.6  3.856499E-13
5877.5  3.839758E-13
5880.4  3.786171E-13
5883.3  3.724261E-13
5886.2  3.666306E-13
5889.1  3.632457E-13
5892.  3.632964E-13
5894.9  3.660612E-13
5897.8  3.703889E-13
5900.7  3.734778E-13
5903.6  3.721511E-13
5906.5  3.683035E-13
5909.4  3.679239E-13
5912.3  3.722561E-13
5915.2  3.749686E-13
5918.1  3.744030E-13
5921.  3.736752E-13
5923.9  3.729050E-13
5926.8  3.715225E-13
5929.7  3.714554E-13
5932.6  3.721340E-13
5935.5  3.719175E-13
5938.4  3.713866E-13
5941.3  3.708931E-13
5944.2  3.701818E-13
5947.1  3.692691E-13
5950.  3.681915E-13
5952.9  3.677233E-13
5955.8  3.675433E-13
5958.7  3.671758E-13
5961.6  3.675845E-13
5964.5  3.688416E-13
5967.4  3.703555E-13
5970.3  3.696668E-13
5973.2  3.678346E-13
5976.1  3.661804E-13
5979.  3.650246E-13
5981.9  3.653086E-13
5984.8  3.653617E-13
5987.7  3.652113E-13
5990.6  3.641000E-13
5993.5  3.630237E-13
5996.4  3.628159E-13
5999.3  3.621375E-13
6002.2  3.601126E-13
6005.1  3.577515E-13
6008.  3.575729E-13
6010.9  3.580164E-13
6013.8  3.583154E-13
6016.7  3.584110E-13
6019.6  3.573157E-13
6022.5  3.574111E-13
6025.4  3.596521E-13
6028.3  3.622049E-13
6031.2  3.627174E-13
6034.1  3.623018E-13
6037.  3.615855E-13
6039.9  3.615218E-13
6042.8  3.611326E-13
6045.7  3.604205E-13
6048.6  3.598794E-13
6051.5  3.604462E-13
6054.4  3.605941E-13
6057.3  3.602873E-13
6060.2  3.600325E-13
6063.1  3.596886E-13
6066.  3.591734E-13
6068.9  3.592919E-13
6071.8  3.569152E-13
6074.7  3.528768E-13
6077.6  3.518124E-13
6080.5  3.524726E-13
6083.4  3.535964E-13
6086.3  3.546441E-13
6089.2  3.562180E-13
6092.1  3.565963E-13
6095.  3.556329E-13
6097.9  3.540655E-13
6100.8  3.529266E-13
6103.7  3.529217E-13
6106.6  3.530363E-13
6109.5  3.526056E-13
6112.4  3.520789E-13
6115.3  3.511272E-13
6118.2  3.493827E-13
6121.1  3.476484E-13
6124.  3.468010E-13
6126.9  3.461185E-13
6129.8  3.447600E-13
6132.7  3.426677E-13
6135.6  3.411442E-13
6138.5  3.416736E-13
6141.4  3.433081E-13
6144.3  3.445400E-13
6147.2  3.448734E-13
6150.1  3.431086E-13
6153.  3.402747E-13
6155.9  3.390603E-13
6158.8  3.395232E-13
6161.7  3.415528E-13
6164.6  3.429838E-13
6167.5  3.431575E-13
6170.4  3.422806E-13
6173.3  3.413795E-13
6176.2  3.418749E-13
6179.1  3.427448E-13
6182.  3.422409E-13
6184.9  3.411152E-13
6187.8  3.406404E-13
6190.7  3.408829E-13
6193.6  3.408993E-13
6196.5  3.411548E-13
6199.4  3.410299E-13
6202.3  3.410724E-13
6205.2  3.412865E-13
6208.1  3.411983E-13
6211.  3.412765E-13
6213.9  3.413202E-13
6216.8  3.410411E-13
6219.7  3.389830E-13
6222.6  3.367339E-13
6225.5  3.351956E-13
6228.4  3.332955E-13
6231.3  3.327139E-13
6234.2  3.317074E-13
6237.1  3.306870E-13
6240.  3.294638E-13
6242.9  3.288831E-13
6245.8  3.292336E-13
6248.7  3.289190E-13
6251.6  3.296675E-13
6254.5  3.307255E-13
6257.4  3.319901E-13
6260.3  3.331178E-13
6263.2  3.339590E-13
6266.1  3.346915E-13
6269.  3.346315E-13
6271.9  3.332590E-13
6274.8  3.319290E-13
6277.7  3.313005E-13
6280.6  3.304398E-13
6283.5  3.290618E-13
6286.4  3.286791E-13
6289.3  3.287145E-13
6292.2  3.283415E-13
6295.1  3.286833E-13
6298.  3.289448E-13
6300.9  3.293283E-13
6303.8  3.298048E-13
6306.7  3.296424E-13
6309.6  3.299550E-13
6312.5  3.294384E-13
6315.4  3.289753E-13
6318.3  3.284504E-13
6321.2  3.279475E-13
6324.1  3.275613E-13
6327.  3.260536E-13
6329.9  3.243881E-13
6332.8  3.236940E-13
6335.7  3.236008E-13
6338.6  3.239392E-13
6341.5  3.233724E-13
6344.4  3.232740E-13
6347.3  3.235261E-13
6350.2  3.227904E-13
6353.1  3.226125E-13
6356.  3.225097E-13
6358.9  3.223423E-13
6361.8  3.228989E-13
6364.7  3.228227E-13
6367.6  3.237461E-13
6370.5  3.245379E-13
6373.4  3.253834E-13
6376.3  3.257648E-13
6379.2  3.272409E-13
6382.1  3.282567E-13
6385.  3.272667E-13
6387.9  3.255031E-13
6390.8  3.226244E-13
6393.7  3.205458E-13
6396.6  3.196972E-13
6399.5  3.205199E-13
6402.4  3.205387E-13
6405.3  3.202258E-13
6408.2  3.205685E-13
6411.1  3.211768E-13
6414.  3.211012E-13
6416.9  3.198894E-13
6419.8  3.183337E-13
6422.7  3.171480E-13
6425.6  3.161130E-13
6428.5  3.158212E-13
6431.4  3.158428E-13
6434.3  3.153744E-13
6437.2  3.155182E-13
6440.1  3.165463E-13
6443.  3.165241E-13
6445.9  3.145066E-13
6448.8  3.126411E-13
6451.7  3.118580E-13
6454.6  3.113372E-13
6457.5  3.107750E-13
6460.4  3.110954E-13
6463.3  3.127716E-13
6466.2  3.142347E-13
6469.1  3.151677E-13
6472.  3.151787E-13
6474.9  3.152059E-13
6477.8  3.145312E-13
6480.7  3.132041E-13
6483.6  3.112763E-13
6486.5  3.088131E-13
6489.4  3.068387E-13
6492.3  3.062233E-13
6495.2  3.070918E-13
6498.1  3.084880E-13
6501.  3.096990E-13
6503.9  3.103461E-13
6506.8  3.100677E-13
6509.7  3.086430E-13
6512.6  3.069748E-13
6515.5  3.061839E-13
6518.4  3.059332E-13
6521.3  3.055856E-13
6524.2  3.048208E-13
6527.1  3.034836E-13
6530.  3.018483E-13
6532.9  3.000142E-13
6535.8  2.977017E-13
6538.7  2.946575E-13
6541.6  2.907015E-13
6544.5  2.851939E-13
6547.4  2.774290E-13
6550.3  2.599811E-13
6553.2  2.471935E-13
6556.1  2.374384E-13
6559.  2.372658E-13
6561.9  2.383752E-13
6564.8  2.477733E-13
6567.7  2.607251E-13
6570.6  2.729003E-13
6573.5  2.821081E-13
6576.4  2.878035E-13
6579.3  2.915390E-13
6582.2  2.940788E-13
6585.1  2.955162E-13
6588.  2.965903E-13
6590.9  2.981246E-13
6593.8  2.998068E-13
6596.7  3.010713E-13
6599.6  3.020374E-13
6602.5  3.028878E-13
6605.4  3.037241E-13
6608.3  3.045049E-13
6611.2  3.049105E-13
6614.1  3.046985E-13
6617.  3.037372E-13
6619.9  3.023401E-13
6622.8  3.011767E-13
6625.7  3.004616E-13
6628.6  3.001297E-13
6631.5  3.001761E-13
6634.4  3.005263E-13
6637.3  3.006825E-13
6640.2  3.002925E-13
6643.1  2.998108E-13
6646.  2.996291E-13
6648.9  2.997730E-13
6651.8  3.000817E-13
6654.7  3.001250E-13
6657.6  2.998294E-13
6660.5  2.994637E-13
6663.4  2.992957E-13
6666.3  2.995588E-13
6669.2  3.001233E-13
6672.1  3.006922E-13
6675.  3.010374E-13
6677.9  3.009397E-13
6680.8  3.000542E-13
6683.7  2.983508E-13
6686.6  2.965554E-13
6689.5  2.951636E-13
6692.4  2.941434E-13
6695.3  2.935291E-13
6698.2  2.934215E-13
6701.1  2.936064E-13
6704.  2.936902E-13
6706.9  2.937459E-13
6709.8  2.940032E-13
6712.7  2.942304E-13
6715.6  2.941775E-13
6718.5  2.939942E-13
6721.4  2.938652E-13
6724.3  2.939106E-13
6727.2  2.941299E-13
6730.1  2.942880E-13
6733.  2.943217E-13
6735.9  2.943898E-13
6738.8  2.944777E-13
6741.7  2.944646E-13
6744.6  2.942130E-13
6747.5  2.936089E-13
6750.4  2.930302E-13
6753.3  2.928563E-13
6756.2  2.925810E-13
6759.1  2.918087E-13
6762.  2.910658E-13
6764.9  2.906476E-13
6767.8  2.901682E-13
6770.7  2.895698E-13
6773.6  2.892430E-13
6776.5  2.891884E-13
6779.4  2.891300E-13
6782.3  2.887179E-13
6785.2  2.876305E-13
6788.1  2.865339E-13
6791.  2.862467E-13
6793.9  2.863807E-13
6796.8  2.864314E-13
6799.7  2.864822E-13
6802.6  2.865459E-13
6805.5  2.863758E-13
6808.4  2.858995E-13
6811.3  2.852694E-13
6814.2  2.847277E-13
6817.1  2.845929E-13
6820.  2.847302E-13
6822.9  2.847458E-13
6825.8  2.846634E-13
6828.7  2.846282E-13
6831.6  2.846028E-13
6834.5  2.844949E-13
6837.4  2.840657E-13
6840.3  2.832396E-13
6843.2  2.824032E-13
6846.1  2.818127E-13
6849.  2.813378E-13
6851.9  2.812958E-13
6854.8  2.825519E-13
6857.7  2.837587E-13
6860.6  2.824038E-13
6863.5  2.708582E-13
6866.4  2.672298E-13
6869.3  2.722563E-13
6872.2  2.750936E-13
6875.1  2.796450E-13
6878.  2.826787E-13
6880.9  2.836574E-13
6883.8  2.828065E-13
6886.7  2.814261E-13
6889.6  2.804794E-13
6892.5  2.803142E-13
6895.4  2.806700E-13
6898.3  2.807923E-13
6901.2  2.807107E-13
6904.1  2.807880E-13
6907.  2.809746E-13
6909.9  2.811083E-13
6912.8  2.808259E-13
6915.7  2.799936E-13
6918.6  2.794195E-13
6921.5  2.794487E-13
6924.4  2.792289E-13
6927.3  2.784841E-13
6930.2  2.777840E-13
6933.1  2.771879E-13
6936.  2.763624E-13
6938.9  2.755770E-13
6941.8  2.753360E-13
6944.7  2.755244E-13
6947.6  2.758340E-13
6950.5  2.760774E-13
6953.4  2.761466E-13
6956.3  2.761953E-13
6959.2  2.763080E-13
6962.1  2.763594E-13
6965.  2.761131E-13
6967.9  2.751368E-13
6970.8  2.736888E-13
6973.7  2.726658E-13
6976.6  2.721749E-13
6979.5  2.718524E-13
6982.4  2.717113E-13
6985.3  2.718200E-13
6988.2  2.717921E-13
6991.1  2.713030E-13
6994.  2.706350E-13
6996.9  2.700844E-13
6999.8  2.697498E-13
7002.7  2.696270E-13
7005.6  2.695138E-13
7008.5  2.694452E-13
7011.4  2.697425E-13
7014.3  2.701455E-13
7017.2  2.700580E-13
7020.1  2.697005E-13
7023.  2.695698E-13
7025.9  2.696796E-13
7028.8  2.698813E-13
7031.7  2.698183E-13
7034.6  2.692685E-13
7037.5  2.685191E-13
7040.4  2.678247E-13
7043.3  2.672375E-13
7046.2  2.669234E-13
7049.1  2.672058E-13
7052.  2.677013E-13
7054.9  2.675437E-13
7057.8  2.670213E-13
7060.7  2.668822E-13
7063.6  2.670277E-13
7066.5  2.671328E-13
7069.4  2.668435E-13
7072.3  2.660256E-13
7075.2  2.653941E-13
7078.1  2.652540E-13
7081.  2.648495E-13
7083.9  2.639030E-13
7086.8  2.627867E-13
7089.7  2.618991E-13
7092.6  2.616637E-13
7095.5  2.618868E-13
7098.4  2.620466E-13
7101.3  2.621393E-13
7104.2  2.622760E-13
7107.1  2.621351E-13
7110.  2.615029E-13
7112.9  2.608140E-13
7115.8  2.603593E-13
7118.7  2.598683E-13
7121.6  2.593295E-13
7124.5  2.591614E-13
7127.4  2.593454E-13
7130.3  2.594592E-13
7133.2  2.595108E-13
7136.1  2.597406E-13
7139.  2.598915E-13
7141.9  2.596281E-13
7144.8  2.594022E-13
7147.7  2.596301E-13
7150.6  2.598061E-13
7153.5  2.595503E-13
7156.4  2.591112E-13
7159.3  2.587044E-13
7162.2  2.584210E-13
7165.1  2.583572E-13
7168.  2.585941E-13
7170.9  2.589563E-13
7173.8  2.591233E-13
7176.7  2.589928E-13
7179.6  2.585879E-13
7182.5  2.582081E-13
7185.4  2.581114E-13
7188.3  2.579823E-13
7191.2  2.575190E-13
7194.1  2.567218E-13
7197.  2.557005E-13
7199.9  2.546452E-13
7202.8  2.539899E-13
7205.7  2.544773E-13
7208.6  2.555061E-13
7211.5  2.555539E-13
7214.4  2.545990E-13
7217.3  2.533349E-13
7220.2  2.522867E-13
7223.1  2.518564E-13
7226.  2.518457E-13
7228.9  2.519813E-13
7231.8  2.521956E-13
7234.7  2.525451E-13
7237.6  2.533907E-13
7240.5  2.546237E-13
7243.4  2.555128E-13
7246.3  2.557458E-13
7249.2  2.553596E-13
7252.1  2.548077E-13
7255.  2.547128E-13
7257.9  2.547955E-13
7260.8  2.545381E-13
7263.7  2.540520E-13
7266.6  2.534572E-13
7269.5  2.523068E-13
7272.4  2.506206E-13
7275.3  2.496726E-13
7278.2  2.497272E-13
7281.1  2.494601E-13
7284.  2.484913E-13
7286.9  2.472664E-13
7289.8  2.466034E-13
7292.7  2.474617E-13
7295.6  2.487884E-13
7298.5  2.490206E-13
7301.4  2.486098E-13
7304.3  2.483419E-13
7307.2  2.484860E-13
7310.1  2.489940E-13
7313.  2.490075E-13
7315.9  2.482623E-13
7318.8  2.476125E-13
7321.7  2.474169E-13
7324.6  2.474988E-13
7327.5  2.477070E-13
7330.4  2.478648E-13
7333.3  2.480485E-13
7336.2  2.483916E-13
7339.1  2.484940E-13
7342.  2.479484E-13
7344.9  2.467291E-13
7347.8  2.451468E-13
7350.7  2.443299E-13
7353.6  2.446770E-13
7356.5  2.450634E-13
7359.4  2.450461E-13
7362.3  2.450738E-13
7365.2  2.450925E-13
7368.1  2.447526E-13
7371.  2.440447E-13
7373.9  2.431206E-13
7376.8  2.421936E-13
7379.7  2.414739E-13
7382.6  2.409231E-13
7385.5  2.405457E-13
7388.4  2.407708E-13
7391.3  2.416147E-13
7394.2  2.422278E-13
7397.1  2.421060E-13
7400.  2.412509E-13
7402.9  2.400018E-13
7405.8  2.389681E-13
7408.7  2.384567E-13
7411.6  2.385466E-13
7414.5  2.388396E-13
7417.4  2.388541E-13
7420.3  2.387747E-13
7423.2  2.388495E-13
7426.1  2.390586E-13
7429.  2.392922E-13
7431.9  2.392654E-13
7434.8  2.388848E-13
7437.7  2.383531E-13
7440.6  2.378841E-13
7443.5  2.376738E-13
7446.4  2.377724E-13
7449.3  2.381235E-13
7452.2  2.382363E-13
7455.1  2.376107E-13
7458.  2.369227E-13
7460.9  2.368671E-13
7463.8  2.370017E-13
7466.7  2.369271E-13
7469.6  2.367597E-13
7472.5  2.365562E-13
7475.4  2.362633E-13
7478.3  2.358908E-13
7481.2  2.354775E-13
7484.1  2.352142E-13
7487.  2.353625E-13
7489.9  2.356197E-13
7492.8  2.355072E-13
7495.7  2.350531E-13
7498.6  2.344366E-13
7501.5  2.338234E-13
7504.4  2.333874E-13
7507.3  2.333088E-13
7510.2  2.335690E-13
7513.1  2.338103E-13
7516.  2.338355E-13
7518.9  2.336616E-13
7521.8  2.333937E-13
7524.7  2.332082E-13
7527.6  2.331066E-13
7530.5  2.330067E-13
7533.4  2.328842E-13
7536.3  2.327339E-13
7539.2  2.326059E-13
7542.1  2.325267E-13
7545.  2.323687E-13
7547.9  2.321259E-13
7550.8  2.321018E-13
7553.7  2.322907E-13
7556.6  2.322567E-13
7559.5  2.319525E-13
7562.4  2.316459E-13
7565.3  2.314119E-13
7568.2  2.312312E-13
7571.1  2.311011E-13
7574.  2.310043E-13
7576.9  2.308675E-13
7579.8  2.306373E-13
7582.7  2.303731E-13
7585.6  2.301242E-13
7588.5  2.298792E-13
7591.4  2.296321E-13
7594.3  2.293850E-13
7597.2  2.291378E-13
7600.1  2.288907E-13
7603.  2.286435E-13
7605.9  2.283963E-13
7608.8  2.281492E-13
7611.7  2.279021E-13
7614.6  2.276549E-13
7617.5  2.274078E-13
7620.4  2.271616E-13
7623.3  2.269158E-13
7626.2  2.266566E-13
7629.1  2.264024E-13
7632.  2.262399E-13
7634.9  2.261212E-13
7637.8  2.258438E-13
7640.7  2.255113E-13
7643.6  2.254109E-13
7646.5  2.253616E-13
7649.4  2.250418E-13
7652.3  2.245690E-13
7655.2  2.241449E-13
7658.1  2.237809E-13
7661.  2.235076E-13
7663.9  2.234852E-13
7666.8  2.237436E-13
7669.7  2.241019E-13
7672.6  2.243139E-13
7675.5  2.240652E-13
7678.4  2.234505E-13
7681.3  2.228742E-13
7684.2  2.223266E-13
7687.1  2.216394E-13
7690.  2.209579E-13
7692.9  2.204842E-13
7695.8  2.203648E-13
7698.7  2.206093E-13
7701.6  2.208304E-13
7704.5  2.207876E-13
7707.4  2.206521E-13
7710.3  2.205334E-13
7713.2  2.204108E-13
7716.1  2.204437E-13
7719.  2.209116E-13
7721.9  2.215026E-13
7724.8  2.216492E-13
7727.7  2.212017E-13
7730.6  2.202399E-13
7733.5  2.193068E-13
7736.4  2.188675E-13
7739.3  2.186583E-13
7742.2  2.184549E-13
7745.1  2.183443E-13
7748.  2.183857E-13
7750.9  2.186415E-13
7753.8  2.188520E-13
7756.7  2.184726E-13
7759.6  2.174652E-13
7762.5  2.161340E-13
7765.4  2.145264E-13
7768.3  2.127207E-13
7771.2  2.117408E-13
7774.1  2.123892E-13
7777.  2.138649E-13
7779.9  2.152902E-13
7782.8  2.162724E-13
7785.7  2.166670E-13
7788.6  2.167581E-13
7791.5  2.166717E-13
7794.4  2.163309E-13
7797.3  2.158288E-13
7800.2  2.153334E-13
7803.1  2.151916E-13
7806.  2.157119E-13
7808.9  2.163827E-13
7811.8  2.165918E-13
7814.7  2.163110E-13
7817.6  2.156846E-13
7820.5  2.150525E-13
7823.4  2.146400E-13
7826.3  2.143859E-13
7829.2  2.141750E-13
7832.1  2.138323E-13
7835.  2.133822E-13
7837.9  2.130152E-13
7840.8  2.126486E-13
7843.7  2.121181E-13
7846.6  2.117353E-13
7849.5  2.118461E-13
7852.4  2.123409E-13
7855.3  2.129803E-13
7858.2  2.134223E-13
7861.1  2.134480E-13
7864.  2.130956E-13
7866.9  2.126141E-13
7869.8  2.125259E-13
7872.7  2.127312E-13
7875.6  2.126104E-13
7878.5  2.121848E-13
7881.4  2.117923E-13
7884.3  2.114349E-13
7887.2  2.110554E-13
7890.1  2.108411E-13
7893.  2.109360E-13
7895.9  2.112520E-13
7898.8  2.115985E-13
7901.7  2.116366E-13
7904.6  2.112186E-13
7907.5  2.104733E-13
7910.4  2.096869E-13
7913.3  2.092982E-13
7916.2  2.090586E-13
7919.1  2.083416E-13
7922.  2.075902E-13
7924.9  2.074784E-13
7927.8  2.073880E-13
7930.7  2.066756E-13
7933.6  2.057717E-13
7936.5  2.051271E-13
7939.4  2.048612E-13
7942.3  2.050472E-13
7945.2  2.057100E-13
7948.1  2.065954E-13
7951.  2.071939E-13
7953.9  2.073683E-13
7956.8  2.072491E-13
7959.7  2.070342E-13
7962.6  2.069337E-13
7965.5  2.069492E-13
7968.4  2.069982E-13
7971.3  2.068723E-13
7974.2  2.064951E-13
7977.1  2.062714E-13
7980.  2.063672E-13
7982.9  2.064398E-13
7985.8  2.062821E-13
7988.7  2.058407E-13
7991.6  2.053449E-13
7994.5  2.052225E-13
7997.4  2.053624E-13
8000.3  2.054149E-13
8003.2  2.052396E-13
8006.1  2.048025E-13
8009.  2.043146E-13
8011.9  2.039799E-13
8014.8  2.037750E-13
8017.7  2.036687E-13
8020.6  2.036822E-13
8023.5  2.037315E-13
8026.4  2.036096E-13
8029.3  2.033056E-13
8032.2  2.029564E-13
8035.1  2.027752E-13
8038.  2.029802E-13
8040.9  2.031222E-13
8043.8  2.026827E-13
8046.7  2.022115E-13
8049.6  2.022350E-13
8052.5  2.023829E-13
8055.4  2.023298E-13
8058.3  2.020525E-13
8061.2  2.016518E-13
8064.1  2.014463E-13
8067.  2.013823E-13
8069.9  2.010236E-13
8072.8  2.006161E-13
8075.7  2.007468E-13
8078.6  2.009553E-13
8081.5  2.005418E-13
8084.4  1.998323E-13
8087.3  1.993018E-13
8090.2  1.990511E-13
8093.1  1.990821E-13
8096.  1.992431E-13
8098.9  1.994008E-13
8101.8  1.995174E-13
8104.7  1.995447E-13
8107.6  1.994230E-13
8110.5  1.992826E-13
8113.4  1.993500E-13
8116.3  1.996117E-13
8119.2  1.999350E-13
8122.1  1.999602E-13
8125.  1.994252E-13
8127.9  1.987611E-13
8130.8  1.983987E-13
8133.7  1.984341E-13
8136.6  1.987806E-13
8139.5  1.990840E-13
8142.4  1.990876E-13
8145.3  1.986592E-13
8148.2  1.981123E-13
8151.1  1.980796E-13
8154.  1.982771E-13
8156.9  1.980656E-13
8159.8  1.976706E-13
8162.7  1.974959E-13
8165.6  1.977400E-13
8168.5  1.983260E-13
8171.4  1.983226E-13
8174.3  1.973130E-13
8177.2  1.961257E-13
8180.1  1.952517E-13
8183.  1.947059E-13
8185.9  1.941434E-13
8188.8  1.929079E-13
8191.7  1.914670E-13
8194.6  1.907998E-13
8197.5  1.911663E-13
8200.4  1.924381E-13
8203.3  1.937394E-13
8206.2  1.942654E-13
8209.1  1.941275E-13
8212.  1.936281E-13
8214.9  1.933089E-13
8217.8  1.930717E-13
8220.7  1.917090E-13
8223.6  1.896135E-13
8226.5  1.885705E-13
8229.4  1.892994E-13
8232.3  1.917870E-13
8235.2  1.943195E-13
8238.1  1.948692E-13
8241.  1.940600E-13
8243.9  1.930252E-13
8246.8  1.920314E-13
8249.7  1.912782E-13
8252.6  1.909143E-13
8255.5  1.909147E-13
8258.4  1.910622E-13
8261.3  1.911403E-13
8264.2  1.909847E-13
8267.1  1.905058E-13
8270.  1.896882E-13
8272.9  1.890031E-13
8275.8  1.890149E-13
8278.7  1.893823E-13
8281.6  1.896081E-13
8284.5  1.896828E-13
8287.4  1.896724E-13
8290.3  1.896897E-13
8293.2  1.897549E-13
8296.1  1.896656E-13
8299.  1.893896E-13
8301.9  1.890899E-13
8304.8  1.888677E-13
8307.7  1.887947E-13
8310.6  1.885405E-13
8313.5  1.876661E-13
8316.4  1.867924E-13
8319.3  1.866237E-13
8322.2  1.865495E-13
8325.1  1.859912E-13
8328.  1.851983E-13
8330.9  1.845032E-13
8333.8  1.842880E-13
8336.7  1.845945E-13
8339.6  1.849868E-13
8342.5  1.852298E-13
8345.4  1.852657E-13
8348.3  1.851857E-13
8351.2  1.851658E-13
8354.1  1.851393E-13
8357.  1.849919E-13
8359.9  1.847907E-13
8362.8  1.846395E-13
8365.7  1.847248E-13
8368.6  1.850209E-13
8371.5  1.849938E-13
8374.4  1.844092E-13
8377.3  1.835211E-13
8380.2  1.825594E-13
8383.1  1.817223E-13
8386.  1.811565E-13
8388.9  1.809301E-13
8391.8  1.809913E-13
8394.7  1.812099E-13
8397.6  1.812563E-13
8400.5  1.808953E-13
8403.4  1.803981E-13
8406.3  1.800834E-13
8409.2  1.802403E-13
8412.1  1.807607E-13
8415.  1.808599E-13
8417.9  1.803608E-13
8420.8  1.797539E-13
8423.7  1.792258E-13
8426.6  1.787778E-13
8429.5  1.783569E-13
8432.4  1.778791E-13
8435.3  1.773568E-13
8438.2  1.768412E-13
8441.1  1.763905E-13
8444.  1.760967E-13
8446.9  1.762170E-13
8449.8  1.766615E-13
8452.7  1.766957E-13
8455.6  1.760495E-13
8458.5  1.750139E-13
8461.4  1.740405E-13
8464.3  1.736734E-13
8467.2  1.739480E-13
8470.1  1.746109E-13
8473.  1.753128E-13
8475.9  1.757282E-13
8478.8  1.759952E-13
8481.7  1.762031E-13
8484.6  1.759991E-13
8487.5  1.750863E-13
8490.4  1.732455E-13
8493.3  1.709150E-13
8496.2  1.693409E-13
8499.1  1.690594E-13
8502.  1.699835E-13
8504.9  1.713001E-13
8507.8  1.718919E-13
8510.7  1.721148E-13
8513.6  1.727081E-13
8516.5  1.735908E-13
8519.4  1.744739E-13
8522.3  1.749588E-13
8525.2  1.745967E-13
8528.1  1.729944E-13
8531.  1.698913E-13
8533.9  1.650686E-13
8536.8  1.598610E-13
8539.7  1.568635E-13
8542.6  1.570906E-13
8545.5  1.604062E-13
8548.4  1.647959E-13
8551.3  1.678272E-13
8554.2  1.698034E-13
8557.1  1.715903E-13
8560.  1.734186E-13
8562.9  1.752812E-13
8565.8  1.765210E-13
8568.7  1.768224E-13
8571.6  1.765674E-13
8574.5  1.759149E-13
8577.4  1.747721E-13
8580.3  1.734376E-13
8583.2  1.724185E-13
8586.1  1.716391E-13
8589.  1.708178E-13
8591.9  1.701708E-13
8594.8  1.699388E-13
8597.7  1.699672E-13
8600.6  1.700665E-13
8603.5  1.700974E-13
8606.4  1.700717E-13
8609.3  1.702749E-13
8612.2  1.708576E-13
8615.1  1.717867E-13
8618.  1.729529E-13
8620.9  1.741741E-13
8623.8  1.753051E-13
8626.7  1.762236E-13
8629.6  1.767028E-13
8632.5  1.765679E-13
8635.4  1.760036E-13
8638.3  1.751951E-13
8641.2  1.741049E-13
8644.1  1.726141E-13
8647.  1.705220E-13
8649.9  1.676286E-13
8652.8  1.637220E-13
8655.7  1.594882E-13
8658.6  1.562653E-13
8661.5  1.551001E-13
8664.4  1.566380E-13
8667.3  1.599186E-13
8670.2  1.634340E-13
8673.1  1.661585E-13
8676.  1.675352E-13
8678.9  1.681911E-13
8681.8  1.688194E-13
8684.7  1.697406E-13
8687.6  1.709607E-13
8690.5  1.719993E-13
8693.4  1.726128E-13
8696.3  1.728171E-13
8699.2  1.727277E-13
8702.1  1.725342E-13
8705.  1.723897E-13
8707.9  1.723866E-13
8710.8  1.724047E-13
8713.7  1.722750E-13
8716.6  1.719036E-13
8719.5  1.712354E-13
8722.4  1.702916E-13
8725.3  1.691102E-13
8728.2  1.677118E-13
8731.1  1.662327E-13
8734.  1.649464E-13
8736.9  1.637382E-13
8739.8  1.622740E-13
8742.7  1.609846E-13
8745.6  1.605359E-13
8748.5  1.610502E-13
8751.4  1.624042E-13
8754.3  1.642612E-13
8757.2  1.661477E-13
8760.1  1.673658E-13
8763.  1.676938E-13
8765.9  1.677863E-13
8768.8  1.680582E-13
8771.7  1.685843E-13
8774.6  1.691867E-13
8777.5  1.694944E-13
8780.4  1.693896E-13
8783.3  1.689181E-13
8786.2  1.684658E-13
8789.1  1.684150E-13
8792.  1.686363E-13
8794.9  1.688362E-13
8797.8  1.684920E-13
8800.7  1.674558E-13
8803.6  1.663845E-13
8806.5  1.657529E-13
8809.4  1.657414E-13
8812.3  1.661233E-13
8815.2  1.663315E-13
8818.1  1.662125E-13
8821.  1.658521E-13
8823.9  1.656091E-13
8826.8  1.658207E-13
8829.7  1.659811E-13
8832.6  1.656083E-13
8835.5  1.649346E-13
8838.4  1.642656E-13
8841.3  1.639083E-13
8844.2  1.638705E-13
8847.1  1.637078E-13
8850.  1.631126E-13
8852.9  1.619648E-13
8855.8  1.602794E-13
8858.7  1.582037E-13
8861.6  1.566113E-13
8864.5  1.564245E-13
8867.4  1.571325E-13
8870.3  1.579902E-13
8873.2  1.588633E-13
8876.1  1.597423E-13
8879.  1.608195E-13
8881.9  1.621218E-13
8884.8  1.633551E-13
8887.7  1.642581E-13
8890.6  1.646256E-13
8893.5  1.644591E-13
8896.4  1.639122E-13
8899.3  1.633341E-13
8902.2  1.630858E-13
8905.1  1.628565E-13
8908.  1.622832E-13
8910.9  1.617392E-13
8913.8  1.614820E-13
8916.7  1.610740E-13
8919.6  1.603877E-13
8922.5  1.599373E-13
8925.4  1.599906E-13
8928.3  1.605197E-13
8931.2  1.612866E-13
8934.1  1.618915E-13
8937.  1.622731E-13
8939.9  1.625387E-13
8942.8  1.626275E-13
8945.7  1.624909E-13
8948.6  1.622872E-13
8951.5  1.621788E-13
8954.4  1.622951E-13
8957.3  1.625326E-13
8960.2  1.622459E-13
8963.1  1.615211E-13
8966.  1.614356E-13
8968.9  1.622082E-13
8971.8  1.633426E-13
8974.7  1.641692E-13
8977.6  1.639997E-13
8980.5  1.626084E-13
8983.4  1.601607E-13
8986.3  1.578975E-13
8989.2  1.568702E-13
8992.1  1.567195E-13
8995.  1.566989E-13
8997.9  1.555336E-13
9000.8  1.531561E-13
9003.7  1.514208E-13
9006.6  1.509121E-13
9009.5  1.509562E-13
9012.4  1.515959E-13
9015.3  1.531575E-13
9018.2  1.550920E-13
9021.1  1.566337E-13
9024.  1.576648E-13
9026.9  1.582467E-13
9029.8  1.584753E-13
9032.7  1.584372E-13
9035.6  1.580159E-13
9038.5  1.573609E-13
9041.4  1.570818E-13
9044.3  1.572611E-13
9047.2  1.574425E-13
9050.1  1.572528E-13
9053.  1.564159E-13
9055.9  1.551830E-13
9058.8  1.540342E-13
9061.7  1.534368E-13
9064.6  1.536425E-13
9067.5  1.539219E-13
9070.4  1.537092E-13
9073.3  1.534838E-13
9076.2  1.534883E-13
9079.1  1.533860E-13
9082.  1.530520E-13
9084.9  1.525528E-13
9087.8  1.522993E-13
9090.7  1.529305E-13
9093.6  1.539792E-13
9096.5  1.545456E-13
9099.4  1.546560E-13
9102.3  1.546209E-13
9105.2  1.549042E-13
9108.1  1.557040E-13
9111.  1.560666E-13
9113.9  1.556410E-13
9116.8  1.556554E-13
9119.7  1.563383E-13
9122.6  1.565562E-13
9125.5  1.559594E-13
9128.4  1.547854E-13
9131.3  1.540636E-13
9134.2  1.550562E-13
9137.1  1.569914E-13
9140.  1.584665E-13
9142.9  1.585445E-13
9145.8  1.568532E-13
9148.7  1.544515E-13
9151.6  1.526245E-13
9154.5  1.526936E-13
9157.4  1.546170E-13
9160.3  1.563789E-13
9163.2  1.567908E-13
9166.1  1.555402E-13
9169.  1.534935E-13
9171.9  1.521878E-13
9174.8  1.520935E-13
9177.7  1.530915E-13
9180.6  1.541506E-13
9183.5  1.542747E-13
9186.4  1.537874E-13
9189.3  1.530747E-13
9192.2  1.520607E-13
9195.1  1.509445E-13
9198.  1.504212E-13
9200.9  1.502320E-13
9203.8  1.491298E-13
9206.7  1.471116E-13
9209.6  1.449771E-13
9212.5  1.431265E-13
9215.4  1.417755E-13
9218.3  1.407892E-13
9221.2  1.399609E-13
9224.1  1.392604E-13
9227.  1.388375E-13
9229.9  1.393496E-13
9232.8  1.409824E-13
9235.7  1.430076E-13
9238.6  1.448465E-13
9241.5  1.461491E-13
9244.4  1.468885E-13
9247.3  1.473334E-13
9250.2  1.474090E-13
9253.1  1.469539E-13
9256.  1.463960E-13
9258.9  1.462477E-13
9261.8  1.467118E-13
9264.7  1.477196E-13
9267.6  1.485705E-13
9270.5  1.488324E-13
9273.4  1.487708E-13
9276.3  1.487362E-13
9279.2  1.491697E-13
9282.1  1.499509E-13
9285.  1.504699E-13
9287.9  1.506877E-13
9290.8  1.508603E-13
9293.7  1.507573E-13
9296.6  1.501489E-13
9299.5  1.498286E-13
9302.4  1.503871E-13
9305.3  1.509648E-13
9308.2  1.508663E-13
9311.1  1.572898E-13
9314.  1.574777E-13
9316.9  1.573447E-13
9319.8  1.574893E-13
9322.7  1.595006E-13
9325.6  1.626261E-13
9328.5  1.648305E-13
9331.4  1.657521E-13
9334.3  1.656802E-13
9337.2  1.641064E-13
9340.1  1.610851E-13
9343.  1.596594E-13
9345.9  1.614148E-13
9348.8  1.633033E-13
9351.7  1.631912E-13
9354.6  1.607041E-13
9357.5  1.578442E-13
9360.4  1.593362E-13
9363.3  1.631591E-13
9366.2  1.630891E-13
9369.1  1.604520E-13
9372.  1.592196E-13
9374.9  1.586329E-13
9377.8  1.572734E-13
9380.7  1.557867E-13
9383.6  1.548580E-13
9386.5  1.493425E-13
9389.4  1.507682E-13
9392.3  1.502969E-13
9395.2  1.478247E-13
9398.1  1.451366E-13
9401.  1.498408E-13
9403.9  1.485884E-13
9406.8  1.478283E-13
9409.7  1.411871E-13
9412.6  1.418601E-13
9415.5  1.428143E-13
9418.4  1.501202E-13
9421.3  1.508126E-13
9424.2  1.506192E-13
9427.1  1.499880E-13
9430.  1.449321E-13
9432.9  1.528065E-13
9435.8  1.522522E-13
9438.7  1.497248E-13
9441.6  1.490577E-13
9444.5  1.455674E-13
9447.4  1.482097E-13
9450.3  1.569080E-13
9453.2  1.550485E-13
9456.1  1.518868E-13
9459.  1.506353E-13
9461.9  1.453524E-13
9464.8  1.468271E-13
9467.7  1.537018E-13
9470.6  1.531910E-13
9473.5  1.521831E-13
9476.4  1.509619E-13
9479.3  1.440375E-13
9482.2  1.447574E-13
9485.1  1.465175E-13
9488.  1.472437E-13
9490.9  1.518003E-13
9493.8  1.491614E-13
9496.7  1.463030E-13
9499.6  1.405497E-13
9502.5  1.446356E-13
9505.4  1.477637E-13
9508.3  1.539337E-13
9511.2  1.529683E-13
9514.1  1.498368E-13
9517.  1.465173E-13
9519.9  1.444983E-13
9522.8  1.391485E-13
9525.7  1.413247E-13
9528.6  1.415025E-13
9531.5  1.401792E-13
9534.4  1.384860E-13
9537.3  1.360507E-13
9540.2  1.329907E-13
9543.1  1.312504E-13
9546.  1.317519E-13
9548.9  1.333961E-13
9551.8  1.351312E-13
9554.7  1.360532E-13
9557.6  1.362213E-13
9560.5  1.364718E-13
9563.4  1.370880E-13
9566.3  1.380558E-13
9569.2  1.393240E-13
9572.1  1.406906E-13
9575.  1.413894E-13
9577.9  1.408997E-13
9580.8  1.397430E-13
9583.7  1.384675E-13
9586.6  1.373048E-13
9589.5  1.366684E-13
9592.4  1.372316E-13
9595.3  1.385077E-13
9598.2  1.390816E-13
9601.1  1.389765E-13
9604.  1.389276E-13
9606.9  1.387981E-13
9609.8  1.382740E-13
9612.7  1.373709E-13
9615.6  1.362518E-13
9618.5  1.353550E-13
9621.4  1.350484E-13
9624.3  1.354918E-13
9627.2  1.364730E-13
9630.1  1.373075E-13
9633.  1.375701E-13
9635.9  1.370963E-13
9638.8  1.364772E-13
9641.7  1.366698E-13
9644.6  1.374507E-13
9647.5  1.381525E-13
9650.4  1.382383E-13
9653.3  1.373990E-13
9656.2  1.360337E-13
9659.1  1.347434E-13
9662.  1.343015E-13
9664.9  1.349326E-13
9667.8  1.359708E-13
9670.7  1.367273E-13
9673.6  1.365507E-13
9676.5  1.356589E-13
9679.4  1.348418E-13
9682.3  1.345633E-13
9685.2  1.350360E-13
9688.1  1.354322E-13
9691.  1.349311E-13
9693.9  1.342167E-13
9696.8  1.339356E-13
9699.7  1.338993E-13
9702.6  1.339487E-13
9705.5  1.340728E-13
9708.4  1.341853E-13
9711.3  1.341292E-13
9714.2  1.339925E-13
9717.1  1.340283E-13
9720.  1.341248E-13
9722.9  1.340264E-13
9725.8  1.335561E-13
9728.7  1.326713E-13
9731.6  1.318499E-13
9734.5  1.315466E-13
9737.4  1.318765E-13
9740.3  1.326479E-13
9743.2  1.331628E-13
9746.1  1.330282E-13
9749.  1.322833E-13
9751.9  1.314193E-13
9754.8  1.312719E-13
9757.7  1.318273E-13
9760.6  1.325992E-13
9763.5  1.332244E-13
9766.4  1.334260E-13
9769.3  1.333057E-13
9772.2  1.330391E-13
9775.1  1.326334E-13
9778.  1.321462E-13
9780.9  1.317805E-13
9783.8  1.315468E-13
9786.7  1.311611E-13
9789.6  1.306066E-13
9792.5  1.301149E-13
9795.4  1.298164E-13
9798.3  1.297657E-13
9801.2  1.299979E-13
9804.1  1.304776E-13
9807.  1.307743E-13
9809.9  1.305334E-13
9812.8  1.300617E-13
9815.7  1.296771E-13
9818.6  1.294473E-13
9821.5  1.293877E-13
9824.4  1.294296E-13
9827.3  1.295018E-13
9830.2  1.295579E-13
9833.1  1.294835E-13
9836.  1.291416E-13
9838.9  1.286511E-13
9841.8  1.282218E-13
9844.7  1.278544E-13
9847.6  1.275069E-13
9850.5  1.271729E-13
9853.4  1.268815E-13
9856.3  1.267869E-13
9859.2  1.269211E-13
9862.1  1.270936E-13
9865.  1.271275E-13
9867.9  1.268516E-13
9870.8  1.264590E-13
9873.7  1.264036E-13
9876.6  1.264656E-13
9879.5  1.261650E-13
9882.4  1.256197E-13
9885.3  1.250884E-13
9888.2  1.246377E-13
9891.1  1.242914E-13
9894.  1.239655E-13
9896.9  1.236889E-13
9899.8  1.238105E-13
9902.7  1.242766E-13
9905.6  1.244635E-13
9908.5  1.244042E-13
9911.4  1.246513E-13
9914.3  1.251933E-13
9917.2  1.257469E-13
9920.1  1.259371E-13
9923.  1.254902E-13
9925.9  1.249610E-13
9928.8  1.249132E-13
9931.7  1.253199E-13
9934.6  1.259391E-13
9937.5  1.261940E-13
9940.4  1.258750E-13
9943.3  1.253765E-13
9946.2  1.249725E-13
9949.1  1.248019E-13
9952.  1.249110E-13
9954.9  1.252527E-13
9957.8  1.255550E-13
9960.7  1.255211E-13
9963.6  1.252747E-13
9966.5  1.250160E-13
9969.4  1.247890E-13
9972.3  1.246094E-13
9975.2  1.244322E-13
9978.1  1.242670E-13
9981.  1.242410E-13
9983.9  1.243000E-13
9986.8  1.242353E-13
9989.7  1.237774E-13
9992.6  1.226527E-13
9995.5  1.214318E-13
9998.4  1.209194E-13
10001.3  1.208792E-13
10004.2  1.208438E-13
10007.1  1.206290E-13
10010.  1.201707E-13
10012.9  1.196784E-13
10015.8  1.193168E-13
10018.7  1.190782E-13
10021.6  1.189790E-13
10024.5  1.190579E-13
10027.4  1.192697E-13
10030.3  1.195138E-13
10033.2  1.197297E-13
10036.1  1.198768E-13
10039.  1.200054E-13
10041.9  1.201514E-13
10044.8  1.199460E-13
10047.7  1.192411E-13
10050.6  1.188707E-13
10053.5  1.192255E-13
10056.4  1.196414E-13
10059.3  1.195143E-13
10062.2  1.183724E-13
10065.1  1.164421E-13
10068.  1.145304E-13
10070.9  1.132707E-13
10073.8  1.131098E-13
10076.7  1.134896E-13
10079.6  1.136317E-13
10082.5  1.139524E-13
10085.4  1.148361E-13
10088.3  1.156494E-13
10091.2  1.159726E-13
10094.1  1.160759E-13
10097.  1.162203E-13
10099.9  1.165969E-13
10102.8  1.172534E-13
10105.7  1.180895E-13
10108.6  1.187399E-13
10111.5  1.187515E-13
10114.4  1.181770E-13
10117.3  1.173210E-13
10120.2  1.168963E-13
10123.1  1.174099E-13
10126.  1.181248E-13
10128.9  1.184086E-13
10131.8  1.183275E-13
10134.7  1.182428E-13
10137.6  1.190408E-13
10140.5  1.204504E-13
10143.4  1.209548E-13
10146.3  1.204418E-13
10149.2  1.197080E-13
10152.1  1.190763E-13
10155.  1.186791E-13
10157.9  1.185278E-13
10160.8  1.185196E-13
10163.7  1.182704E-13
10166.6  1.176139E-13
10169.5  1.172109E-13
10172.4  1.173105E-13
10175.3  1.172293E-13
10178.2  1.168412E-13
10181.1  1.166641E-13
10184.  1.169089E-13
10186.9  1.176098E-13
10189.8  1.179226E-13
10192.7  1.168001E-13
10195.6  1.154882E-13
10198.5  1.155496E-13
10201.4  1.166302E-13
10204.3  1.179792E-13
10207.2  1.186770E-13
10210.1  1.183504E-13
10213.  1.179092E-13
10215.9  1.177962E-13
10218.8  1.177239E-13
10221.7  1.175451E-13
10224.6  1.172020E-13
10227.5  1.166197E-13
10230.4  1.157643E-13
10233.3  1.148561E-13
10236.2  1.141761E-13
10239.1  1.138212E-13
10242.  1.138160E-13
10244.9  1.141936E-13
10247.8  1.147815E-13
10250.7  1.149863E-13
10253.6  1.145622E-13
10256.5  1.137637E-13
10259.4  1.131306E-13
10262.3  1.134431E-13
10265.2  1.144686E-13
10268.1  1.153861E-13
10271.  1.160271E-13
10273.9  1.164538E-13
10276.8  1.168972E-13
10279.7  1.174405E-13
10282.6  1.171280E-13
10285.5  1.155050E-13
10288.4  1.137107E-13
10291.3  1.125192E-13
10294.2  1.119620E-13
10297.1  1.116364E-13
10300.  1.106668E-13
10302.9  1.092767E-13
10305.8  1.083671E-13
10308.7  1.086565E-13
10311.6  1.105689E-13
10314.5  1.124839E-13
10317.4  1.127874E-13
10320.3  1.129606E-13
10323.2  1.140104E-13
10326.1  1.138247E-13
10329.  1.118946E-13
10331.9  1.111555E-13
10334.8  1.121377E-13
10337.7  1.124250E-13
10340.6  1.117786E-13
10343.5  1.114529E-13
10346.4  1.115350E-13
10349.3  1.116934E-13
10352.2  1.115780E-13
10355.1  1.110505E-13
10358.  1.119781E-13
10360.9  1.152309E-13
10363.8  1.172208E-13
10366.7  1.158937E-13
10369.6  1.132390E-13
10372.5  1.107783E-13
10375.4  1.091799E-13
10378.3  1.087368E-13
10381.2  1.092761E-13
10384.1  1.100101E-13
10387.  1.099438E-13
10389.9  1.092531E-13
10392.8  1.085283E-13
10395.7  1.082706E-13
10398.6  1.087491E-13
10401.5  1.093951E-13
10404.4  1.097277E-13
10407.3  1.097155E-13
10410.2  1.096025E-13
10413.1  1.100227E-13
10416.  1.110183E-13
10418.9  1.120667E-13
10421.8  1.126157E-13
10424.7  1.121998E-13
10427.6  1.106466E-13
10430.5  1.081367E-13
10433.4  1.067932E-13
10436.3  1.081829E-13
10439.2  1.095379E-13
10442.1  1.089256E-13
10445.  1.083275E-13
10447.9  1.086715E-13
10450.8  1.087979E-13
10453.7  1.082851E-13
10456.6  1.074231E-13
10459.5  1.066405E-13
10462.4  1.063842E-13
10465.3  1.075561E-13
10468.2  1.108093E-13
10471.1  1.128563E-13
10474.  1.106295E-13
10476.9  1.067029E-13
10479.8  1.039612E-13
10482.7  1.035180E-13
10485.6  1.052474E-13
10488.5  1.067644E-13
10491.4  1.072205E-13
10494.3  1.079654E-13
10497.2  1.083900E-13
10500.1  1.065490E-13
10503.  1.043269E-13
10505.9  1.049059E-13
10508.8  1.055498E-13
10511.7  1.029580E-13
10514.6  1.002813E-13
10517.5  1.005664E-13
10520.4  1.030857E-13
10523.3  1.064891E-13
10526.2  1.088589E-13
10529.1  1.092116E-13
10532.  1.081367E-13
10534.9  1.058798E-13
10537.8  1.022944E-13
10540.7  9.969510E-14
10543.6  1.011995E-13
10546.5  1.033160E-13
10549.4  1.015358E-13
10552.3  1.066656E-13
10555.2  1.010523E-13
10558.1  1.040985E-13
10561.  1.065580E-13
10563.9  1.073058E-13
10566.8  1.062856E-13
10569.7  1.050132E-13
10572.6  1.048041E-13
10575.5  1.068140E-13
10578.4  1.087262E-13
10581.3  1.065384E-13
10584.2  1.025243E-13
10587.1  1.007604E-13
10590.  1.019870E-13
10592.9  1.053644E-13
10595.8  1.059727E-13
10598.7  1.015793E-13
10601.6  9.890680E-14
10604.5  1.009137E-13
10607.4  1.029255E-13
10610.3  1.042045E-13
10613.2  1.083126E-13
10616.1  1.128021E-13
10619.  1.118062E-13
10621.9  1.078703E-13
10624.8  1.063019E-13
10627.7  1.040987E-13
10630.6  9.789660E-14
10633.5  9.905805E-14
10636.4  9.028585E-14
10639.3  9.486274E-14
10642.2  1.038936E-13
10645.1  1.094988E-13
10648.  1.086704E-13
10650.9  1.047419E-13
10653.8  9.982452E-14
10656.7  9.518012E-14
10659.6  9.310624E-14
10662.5  9.559156E-14
10665.4  1.001507E-13
10668.3  9.643412E-14
10671.2  9.799111E-14
10674.1  1.034900E-13
10677.  9.784330E-14
10679.9  8.940203E-14
10682.8  8.953062E-14
10685.7  1.002882E-13
10688.6  1.113573E-13
10691.5  1.157068E-13
10694.4  1.090288E-13
10697.3  9.871615E-14
10700.2  9.750856E-14
10703.1  8.888022E-14
10706.  9.531622E-14
10708.9  8.836864E-14
10711.8  9.579399E-14
10714.7  9.798824E-14
10717.6  1.024505E-13
10720.5  8.607408E-14
10723.4  7.461608E-14
10726.3  9.597137E-14
10729.2  9.693425E-14
10732.1  1.067641E-13
10735.  1.204618E-13
10737.9  1.281256E-13
10740.8  1.210055E-13
10743.7  1.198337E-13
10746.6  1.233651E-13
10749.5  1.094203E-13
10752.4  9.983393E-14
10755.3  8.643111E-14
10758.2  8.742695E-14
10761.1  8.638762E-14
10764.  9.316990E-14
10766.9  9.474242E-14
10769.8  8.827436E-14
10772.7  8.235152E-14
10775.6  8.319165E-14
10778.5  1.169976E-13
10781.4  1.181566E-13
10784.3  9.292350E-14
10787.2  8.934603E-14
10790.1  8.655695E-14
10793.  8.066837E-14
10795.9  9.977514E-14
10798.8  1.044701E-13
10801.7  9.356015E-14
10804.6  1.015703E-13
10807.5  1.074833E-13
10810.4  1.140117E-13
10813.3  1.189088E-13
10816.2  1.000630E-13
10819.1  9.287600E-14
10822.  1.047820E-13
10824.9  1.280636E-13
10827.8  1.059198E-13
10830.7  1.346373E-13
10833.6  1.322734E-13
10836.5  1.138055E-13
10839.4  9.456952E-14
10842.3  9.148728E-14
10845.2  9.622949E-14
10848.1  8.787631E-14
10851.  9.873494E-14
10853.9  9.883724E-14
10856.8  9.511277E-14
10859.7  8.843779E-14
10862.6  8.678256E-14
10865.5  9.006728E-14
10868.4  1.121662E-13
10871.3  1.083227E-13
10874.2  1.136029E-13
10877.1  1.072014E-13
10880.  8.257909E-14
10882.9  7.367722E-14
10885.8  7.997825E-14
10888.7  9.770514E-14
10891.6  1.035494E-13
10894.5  7.247051E-14
10897.4  6.227842E-14
10900.3  6.124915E-14
10903.2  7.803775E-14
10906.1  8.871689E-14
10909.  7.440188E-14
10911.9  7.703169E-14
10914.8  7.643889E-14
10917.7  5.756310E-14
10920.6  6.696658E-14
10923.5  6.435371E-14
10926.4  4.126604E-14
10929.3  -6.530503E-15
10932.2  -8.420744E-15
10935.1  2.029571E-14
10938.  4.454342E-14
10940.9  6.494068E-14
10943.8  5.195253E-14
10946.7  6.301874E-14
10949.6  7.341741E-14
10952.5  7.046679E-14
10955.4  4.910728E-14
10958.3  3.309605E-14
10961.2  5.777813E-14
10964.1  5.575736E-14
10967.  7.196311E-14
10969.9  7.432583E-14
10972.8  8.671652E-14
10975.7  7.272863E-14
10978.6  5.768431E-14
10981.5  6.174447E-14
10984.4  6.997693E-14
10987.3  6.053057E-14
10990.2  5.588891E-14
10993.1  5.369065E-14
10996.  5.406257E-14
10998.9  5.958889E-14
