3050.  1.143237E-12
3052.9  1.132638E-12
3055.8  1.068356E-12
3058.7  1.070685E-12
3061.6  1.097619E-12
3064.5  1.045839E-12
3067.4  1.115558E-12
3070.3  1.144113E-12
3073.2  1.128021E-12
3076.1  1.088594E-12
3079.  1.058515E-12
3081.9  1.097458E-12
3084.8  1.154640E-12
3087.7  1.132214E-12
3090.6  1.116389E-12
3093.5  1.090754E-12
3096.4  1.088625E-12
3099.3  1.086930E-12
3102.2  1.036225E-12
3105.1  1.037788E-12
3108.  1.067416E-12
3110.9  1.057050E-12
3113.8  1.049072E-12
3116.7  1.050658E-12
3119.6  1.051825E-12
3122.5  1.055576E-12
3125.4  1.042145E-12
3128.3  1.029526E-12
3131.2  1.025905E-12
3134.1  1.059675E-12
3137.  1.090664E-12
3139.9  1.084980E-12
3142.8  1.062145E-12
3145.7  1.040667E-12
3148.6  1.028081E-12
3151.5  1.028589E-12
3154.4  1.015911E-12
3157.3  1.007814E-12
3160.2  1.026952E-12
3163.1  1.025907E-12
3166.  1.040648E-12
3168.9  1.061032E-12
3171.8  1.037710E-12
3174.7  9.872161E-13
3177.6  9.800682E-13
3180.5  9.899059E-13
3183.4  1.003707E-12
3186.3  1.013331E-12
3189.2  1.002673E-12
3192.1  1.002621E-12
3195.  1.013150E-12
3197.9  1.020515E-12
3200.8  1.007900E-12
3203.7  9.967621E-13
3206.6  9.995033E-13
3209.5  1.007651E-12
3212.4  9.918868E-13
3215.3  1.005294E-12
3218.2  1.008400E-12
3221.1  9.953126E-13
3224.  9.908863E-13
3226.9  9.661369E-13
3229.8  9.544165E-13
3232.7  9.607959E-13
3235.6  9.741148E-13
3238.5  9.939132E-13
3241.4  1.015811E-12
3244.3  1.010345E-12
3247.2  1.001421E-12
3250.1  1.003821E-12
3253.  1.006674E-12
3255.9  1.017703E-12
3258.8  1.019488E-12
3261.7  1.006272E-12
3264.6  1.009315E-12
3267.5  1.000540E-12
3270.4  9.810319E-13
3273.3  9.858476E-13
3276.2  9.837048E-13
3279.1  9.879417E-13
3282.  9.939276E-13
3284.9  1.024137E-12
3287.8  1.043356E-12
3290.7  1.057808E-12
3293.6  1.046692E-12
3296.5  1.034971E-12
3299.4  1.025266E-12
3302.3  1.024070E-12
3305.2  1.007119E-12
3308.1  1.005564E-12
3311.  1.006540E-12
3313.9  1.006802E-12
3316.8  9.986874E-13
3319.7  1.003412E-12
3322.6  1.004004E-12
3325.5  9.948422E-13
3328.4  9.971330E-13
3331.3  9.872168E-13
3334.2  9.946580E-13
3337.1  9.809770E-13
3340.  9.836974E-13
3342.9  9.828977E-13
3345.8  9.842011E-13
3348.7  9.845597E-13
3351.6  9.984316E-13
3354.5  9.949386E-13
3357.4  9.784295E-13
3360.3  9.860822E-13
3363.2  9.963000E-13
3366.1  9.823467E-13
3369.  9.775823E-13
3371.9  9.812303E-13
3374.8  9.757531E-13
3377.7  9.728399E-13
3380.6  9.919949E-13
3383.5  9.798766E-13
3386.4  9.669123E-13
3389.3  9.714070E-13
3392.2  9.888530E-13
3395.1  9.751150E-13
3398.  9.684753E-13
3400.9  9.800123E-13
3403.8  9.870465E-13
3406.7  9.915284E-13
3409.6  1.000387E-12
3412.5  9.987579E-13
3415.4  9.993924E-13
3418.3  9.918054E-13
3421.2  9.940929E-13
3424.1  9.920783E-13
3427.  1.006753E-12
3429.9  1.003255E-12
3432.8  9.798286E-13
3435.7  9.662132E-13
3438.6  9.718617E-13
3441.5  9.664563E-13
3444.4  9.803664E-13
3447.3  9.856295E-13
3450.2  9.914825E-13
3453.1  9.677325E-13
3456.  9.614306E-13
3458.9  9.611465E-13
3461.8  9.747710E-13
3464.7  9.693977E-13
3467.6  9.651910E-13
3470.5  9.700615E-13
3473.4  9.681477E-13
3476.3  9.683291E-13
3479.2  9.646500E-13
3482.1  9.738731E-13
3485.  9.746912E-13
3487.9  9.663844E-13
3490.8  9.491470E-13
3493.7  9.579530E-13
3496.6  9.722819E-13
3499.5  1.003107E-12
3502.4  9.872619E-13
3505.3  9.813131E-13
3508.2  9.734681E-13
3511.1  9.652690E-13
3514.  9.813351E-13
3516.9  9.882364E-13
3519.8  9.852489E-13
3522.7  9.998583E-13
3525.6  1.006381E-12
3528.5  1.009924E-12
3531.4  1.002386E-12
3534.3  1.014846E-12
3537.2  1.016021E-12
3540.1  1.020072E-12
3543.  1.009747E-12
3545.9  1.003198E-12
3548.8  1.006588E-12
3551.7  1.001144E-12
3554.6  9.954003E-13
3557.5  1.001297E-12
3560.4  1.004581E-12
3563.3  9.902495E-13
3566.2  9.801682E-13
3569.1  9.718758E-13
3572.  9.780969E-13
3574.9  9.826572E-13
3577.8  9.797475E-13
3580.7  9.621134E-13
3583.6  9.513084E-13
3586.5  9.763417E-13
3589.4  1.001755E-12
3592.3  9.943337E-13
3595.2  9.829211E-13
3598.1  9.784952E-13
3601.  9.728451E-13
3603.9  9.740023E-13
3606.8  9.692543E-13
3609.7  9.660659E-13
3612.6  9.790049E-13
3615.5  9.715616E-13
3618.4  9.736293E-13
3621.3  9.959419E-13
3624.2  1.010948E-12
3627.1  1.002132E-12
3630.  9.983940E-13
3632.9  1.019345E-12
3635.8  1.031851E-12
3638.7  1.015697E-12
3641.6  1.000187E-12
3644.5  9.920012E-13
3647.4  1.005504E-12
3650.3  1.027624E-12
3653.2  1.028956E-12
3656.1  1.017466E-12
3659.  9.977120E-13
3661.9  1.001195E-12
3664.8  1.007085E-12
3667.7  9.954512E-13
3670.6  9.931757E-13
3673.5  9.791319E-13
3676.4  9.757593E-13
3679.3  9.798691E-13
3682.2  9.801979E-13
3685.1  9.805267E-13
3688.  9.808556E-13
3690.9  9.811844E-13
3693.8  9.815133E-13
3696.7  9.818421E-13
3699.6  1.006455E-12
3702.5  1.012320E-12
3705.4  1.022760E-12
3708.3  1.022597E-12
3711.2  1.057603E-12
3714.1  1.107686E-12
3717.  1.099758E-12
3719.9  1.088861E-12
3722.8  1.142494E-12
3725.7  1.202403E-12
3728.6  1.178189E-12
3731.5  1.104112E-12
3734.4  1.126221E-12
3737.3  1.243747E-12
3740.2  1.290032E-12
3743.1  1.204231E-12
3746.  1.075104E-12
3748.9  1.079236E-12
3751.8  1.239078E-12
3754.7  1.413811E-12
3757.6  1.478976E-12
3760.5  1.420615E-12
3763.4  1.271816E-12
3766.3  1.110203E-12
3769.2  1.106119E-12
3772.1  1.320236E-12
3775.  1.614609E-12
3777.9  1.847940E-12
3780.8  1.933157E-12
3783.7  1.887262E-12
3786.6  1.731768E-12
3789.5  1.484956E-12
3792.4  1.208966E-12
3795.3  1.060951E-12
3798.2  1.175558E-12
3801.1  1.454439E-12
3804.  1.748047E-12
3806.9  1.954735E-12
3809.8  2.099086E-12
3812.7  2.140416E-12
3815.6  2.125357E-12
3818.5  2.072278E-12
3821.4  1.924225E-12
3824.3  1.681290E-12
3827.2  1.405282E-12
3830.1  1.161956E-12
3833.  1.023280E-12
3835.9  1.138519E-12
3838.8  1.437017E-12
3841.7  1.783184E-12
3844.6  2.061542E-12
3847.5  2.283207E-12
3850.4  2.432637E-12
3853.3  2.502852E-12
3856.2  2.554145E-12
3859.1  2.575332E-12
3862.  2.592671E-12
3864.9  2.578050E-12
3867.8  2.500582E-12
3870.7  2.380659E-12
3873.6  2.194994E-12
3876.5  1.923900E-12
3879.4  1.641739E-12
3882.3  1.346550E-12
3885.2  1.123415E-12
3888.1  1.118253E-12
3891.  1.332117E-12
3893.9  1.636916E-12
3896.8  1.944326E-12
3899.7  2.203356E-12
3902.6  2.416989E-12
3905.5  2.604504E-12
3908.4  2.756034E-12
3911.3  2.808169E-12
3914.2  2.815922E-12
3917.1  2.896938E-12
3920.  2.983692E-12
3922.9  2.973003E-12
3925.8  2.842293E-12
3928.7  2.647515E-12
3931.6  2.532300E-12
3934.5  2.636955E-12
3937.4  2.808968E-12
3940.3  2.874082E-12
3943.2  2.874030E-12
3946.1  2.817100E-12
3949.  2.680275E-12
3951.9  2.528919E-12
3954.8  2.345598E-12
3957.7  2.080671E-12
3960.6  1.743763E-12
3963.5  1.386769E-12
3966.4  1.135187E-12
3969.3  1.126205E-12
3972.2  1.388747E-12
3975.1  1.745239E-12
3978.  2.050248E-12
3980.9  2.309781E-12
3983.8  2.520463E-12
3986.7  2.649603E-12
3989.6  2.759300E-12
3992.5  2.852645E-12
3995.4  2.866018E-12
3998.3  2.866575E-12
4001.2  2.932039E-12
4004.1  2.979056E-12
4007.  2.994511E-12
4009.9  2.976377E-12
4012.8  2.969270E-12
4015.7  2.982732E-12
4018.6  2.990178E-12
4021.5  2.986487E-12
4024.4  2.963360E-12
4027.3  2.922257E-12
4030.2  2.905450E-12
4033.1  2.887995E-12
4036.  2.872096E-12
4038.9  2.867004E-12
4041.8  2.837709E-12
4044.7  2.828423E-12
4047.6  2.828684E-12
4050.5  2.818302E-12
4053.4  2.787023E-12
4056.3  2.760876E-12
4059.2  2.722961E-12
4062.1  2.641703E-12
4065.  2.614576E-12
4067.9  2.586834E-12
4070.8  2.532371E-12
4073.7  2.476010E-12
4076.6  2.411247E-12
4079.5  2.351299E-12
4082.4  2.218738E-12
4085.3  2.014651E-12
4088.2  1.851620E-12
4091.1  1.652712E-12
4094.  1.375267E-12
4096.9  1.128470E-12
4099.8  1.031909E-12
4102.7  1.162310E-12
4105.6  1.429703E-12
4108.5  1.676441E-12
4111.4  1.893870E-12
4114.3  2.086667E-12
4117.2  2.224890E-12
4120.1  2.305057E-12
4123.  2.359788E-12
4125.9  2.401280E-12
4128.8  2.418528E-12
4131.7  2.468774E-12
4134.6  2.563830E-12
4137.5  2.631845E-12
4140.4  2.607720E-12
4143.3  2.577873E-12
4146.2  2.595491E-12
4149.1  2.613799E-12
4152.  2.619102E-12
4154.9  2.638876E-12
4157.8  2.649885E-12
4160.7  2.663972E-12
4163.6  2.658999E-12
4166.5  2.647211E-12
4169.4  2.591469E-12
4172.3  2.553105E-12
4175.2  2.561653E-12
4178.1  2.578538E-12
4181.  2.627209E-12
4183.9  2.645704E-12
4186.8  2.631742E-12
4189.7  2.645045E-12
4192.6  2.637864E-12
4195.5  2.637697E-12
4198.4  2.632314E-12
4201.3  2.653042E-12
4204.2  2.672091E-12
4207.1  2.643725E-12
4210.  2.610966E-12
4212.9  2.605435E-12
4215.8  2.618267E-12
4218.7  2.640237E-12
4221.6  2.592814E-12
4224.5  2.539175E-12
4227.4  2.526147E-12
4230.3  2.529376E-12
4233.2  2.524125E-12
4236.1  2.526367E-12
4239.  2.560869E-12
4241.9  2.568251E-12
4244.8  2.556880E-12
4247.7  2.534435E-12
4250.6  2.524993E-12
4253.5  2.506264E-12
4256.4  2.485975E-12
4259.3  2.495199E-12
4262.2  2.526818E-12
4265.1  2.535707E-12
4268.  2.499911E-12
4270.9  2.440970E-12
4273.8  2.459823E-12
4276.7  2.513136E-12
4279.6  2.490734E-12
4282.5  2.458767E-12
4285.4  2.427638E-12
4288.3  2.401164E-12
4291.2  2.382459E-12
4294.1  2.364610E-12
4297.  2.320520E-12
4299.9  2.254831E-12
4302.8  2.235219E-12
4305.7  2.254306E-12
4308.6  2.254264E-12
4311.5  2.200895E-12
4314.4  2.145390E-12
4317.3  2.120059E-12
4320.2  2.063789E-12
4323.1  1.927927E-12
4326.  1.773156E-12
4328.9  1.607794E-12
4331.8  1.403762E-12
4334.7  1.177116E-12
4337.6  9.912842E-13
4340.5  9.880783E-13
4343.4  1.164427E-12
4346.3  1.397580E-12
4349.2  1.606406E-12
4352.1  1.786708E-12
4355.  1.954206E-12
4357.9  2.064129E-12
4360.8  2.134243E-12
4363.7  2.182015E-12
4366.6  2.215731E-12
4369.5  2.230709E-12
4372.4  2.231886E-12
4375.3  2.230549E-12
4378.2  2.237454E-12
4381.1  2.214602E-12
4384.  2.218723E-12
4386.9  2.249006E-12
4389.8  2.257717E-12
4392.7  2.248327E-12
4395.6  2.238183E-12
4398.5  2.223753E-12
4401.4  2.196739E-12
4404.3  2.177322E-12
4407.2  2.177866E-12
4410.1  2.191371E-12
4413.  2.159285E-12
4415.9  2.126426E-12
4418.8  2.149269E-12
4421.7  2.201015E-12
4424.6  2.229150E-12
4427.5  2.227467E-12
4430.4  2.242827E-12
4433.3  2.254138E-12
4436.2  2.233461E-12
4439.1  2.201144E-12
4442.  2.181799E-12
4444.9  2.200594E-12
4447.8  2.223665E-12
4450.7  2.229827E-12
4453.6  2.214314E-12
4456.5  2.188467E-12
4459.4  2.179442E-12
4462.3  2.203921E-12
4465.2  2.270567E-12
4468.1  2.340999E-12
4471.  2.349895E-12
4473.9  2.282272E-12
4476.8  2.167514E-12
4479.7  2.108168E-12
4482.6  2.113210E-12
4485.5  2.117364E-12
4488.4  2.112516E-12
4491.3  2.136529E-12
4494.2  2.153044E-12
4497.1  2.141542E-12
4500.  2.148022E-12
4502.9  2.187981E-12
4505.8  2.202644E-12
4508.7  2.191513E-12
4511.6  2.165039E-12
4514.5  2.129686E-12
4517.4  2.094334E-12
4520.3  2.075962E-12
4523.2  2.067080E-12
4526.1  2.067120E-12
4529.  2.045301E-12
4531.9  2.025848E-12
4534.8  2.057837E-12
4537.7  2.087247E-12
4540.6  2.093769E-12
4543.5  2.044229E-12
4546.4  2.001069E-12
4549.3  2.001466E-12
4552.2  2.012602E-12
4555.1  2.013156E-12
4558.  2.036667E-12
4560.9  2.056062E-12
4563.8  2.058687E-12
4566.7  2.076778E-12
4569.6  2.091140E-12
4572.5  2.055796E-12
4575.4  2.038498E-12
4578.3  2.045429E-12
4581.2  2.036588E-12
4584.1  2.014984E-12
4587.  1.981533E-12
4589.9  1.968087E-12
4592.8  1.992706E-12
4595.7  2.020440E-12
4598.6  2.001978E-12
4601.5  2.016846E-12
4604.4  2.024482E-12
4607.3  2.017521E-12
4610.2  2.018729E-12
4613.1  2.040527E-12
4616.  2.020492E-12
4618.9  2.013377E-12
4621.8  2.022800E-12
4624.7  2.010376E-12
4627.6  1.981657E-12
4630.5  1.967964E-12
4633.4  1.984239E-12
4636.3  1.992267E-12
4639.2  2.004556E-12
4642.1  2.012419E-12
4645.  2.001193E-12
4647.9  1.982439E-12
4650.8  1.974554E-12
4653.7  1.965091E-12
4656.6  1.944975E-12
4659.5  1.921509E-12
4662.4  1.887116E-12
4665.3  1.914159E-12
4668.2  1.937674E-12
4671.1  1.939237E-12
4674.  1.939262E-12
4676.9  1.951567E-12
4679.8  1.944114E-12
4682.7  1.943545E-12
4685.6  1.976265E-12
4688.5  1.972581E-12
4691.4  1.951071E-12
4694.3  1.932025E-12
4697.2  1.923477E-12
4700.1  1.916670E-12
4703.  1.900782E-12
4705.9  1.909336E-12
4708.8  1.912390E-12
4711.7  1.945714E-12
4714.6  1.976481E-12
4717.5  1.942852E-12
4720.4  1.895763E-12
4723.3  1.882993E-12
4726.2  1.884734E-12
4729.1  1.867516E-12
4732.  1.870976E-12
4734.9  1.897063E-12
4737.8  1.902061E-12
4740.7  1.887081E-12
4743.6  1.874272E-12
4746.5  1.878701E-12
4749.4  1.869096E-12
4752.3  1.863169E-12
4755.2  1.863999E-12
4758.1  1.857402E-12
4761.  1.852032E-12
4763.9  1.842402E-12
4766.8  1.836653E-12
4769.7  1.848266E-12
4772.6  1.858330E-12
4775.5  1.865396E-12
4778.4  1.849610E-12
4781.3  1.829669E-12
4784.2  1.815732E-12
4787.1  1.815872E-12
4790.  1.827408E-12
4792.9  1.847294E-12
4795.8  1.846133E-12
4798.7  1.832751E-12
4801.6  1.803317E-12
4804.5  1.775692E-12
4807.4  1.771135E-12
4810.3  1.757922E-12
4813.2  1.729187E-12
4816.1  1.734613E-12
4819.  1.754188E-12
4821.9  1.727204E-12
4824.8  1.700033E-12
4827.7  1.690632E-12
4830.6  1.675412E-12
4833.5  1.645760E-12
4836.4  1.606820E-12
4839.3  1.573695E-12
4842.2  1.512414E-12
4845.1  1.402165E-12
4848.  1.276719E-12
4850.9  1.160848E-12
4853.8  1.029550E-12
4856.7  8.713531E-13
4859.6  7.468481E-13
4862.5  7.689662E-13
4865.4  9.136406E-13
4868.3  1.074250E-12
4871.2  1.203408E-12
4874.1  1.309201E-12
4877.  1.397703E-12
4879.9  1.450739E-12
4882.8  1.492489E-12
4885.7  1.535844E-12
4888.6  1.559231E-12
4891.5  1.587305E-12
4894.4  1.645808E-12
4897.3  1.679463E-12
4900.2  1.672600E-12
4903.1  1.648680E-12
4906.  1.639121E-12
4908.9  1.645425E-12
4911.8  1.648036E-12
4914.7  1.632053E-12
4917.6  1.621998E-12
4920.5  1.613088E-12
4923.4  1.612399E-12
4926.3  1.633387E-12
4929.2  1.647479E-12
4932.1  1.647531E-12
4935.  1.652409E-12
4937.9  1.658667E-12
4940.8  1.659097E-12
4943.7  1.653127E-12
4946.6  1.663422E-12
4949.5  1.675209E-12
4952.4  1.665790E-12
4955.3  1.650454E-12
4958.2  1.639464E-12
4961.1  1.669907E-12
4964.  1.675929E-12
4966.9  1.664932E-12
4969.8  1.647710E-12
4972.7  1.656707E-12
4975.6  1.662954E-12
4978.5  1.642046E-12
4981.4  1.619342E-12
4984.3  1.619482E-12
4987.2  1.627720E-12
4990.1  1.630336E-12
4993.  1.627759E-12
4995.9  1.625851E-12
4998.8  1.602632E-12
5001.7  1.570413E-12
5004.6  1.560828E-12
5007.5  1.573084E-12
5010.4  1.594047E-12
5013.3  1.610807E-12
5016.2  1.606677E-12
5019.1  1.589593E-12
5022.  1.583545E-12
5024.9  1.593862E-12
5027.8  1.599616E-12
5030.7  1.604260E-12
5033.6  1.595011E-12
5036.5  1.574649E-12
5039.4  1.559949E-12
5042.3  1.561560E-12
5045.2  1.569904E-12
5048.1  1.580469E-12
5051.  1.563964E-12
5053.9  1.539984E-12
5056.8  1.529501E-12
5059.7  1.529451E-12
5062.6  1.537501E-12
5065.5  1.547908E-12
5068.4  1.563608E-12
5071.3  1.579652E-12
5074.2  1.585201E-12
5077.1  1.574783E-12
5080.  1.561188E-12
5082.9  1.557609E-12
5085.8  1.552637E-12
5088.7  1.564379E-12
5091.6  1.561720E-12
5094.5  1.564037E-12
5097.4  1.577228E-12
5100.3  1.561044E-12
5103.2  1.560000E-12
5106.1  1.563236E-12
5109.  1.565319E-12
5111.9  1.553338E-12
5114.8  1.549983E-12
5117.7  1.551335E-12
5120.6  1.556612E-12
5123.5  1.558643E-12
5126.4  1.538112E-12
5129.3  1.524882E-12
5132.2  1.532931E-12
5135.1  1.534402E-12
5138.  1.536721E-12
5140.9  1.527105E-12
5143.8  1.511681E-12
5146.7  1.498200E-12
5149.6  1.486175E-12
5152.5  1.472710E-12
5155.4  1.483208E-12
5158.3  1.497473E-12
5161.2  1.479291E-12
5164.1  1.444931E-12
5167.  1.401713E-12
5169.9  1.401931E-12
5172.8  1.434306E-12
5175.7  1.454868E-12
5178.6  1.463116E-12
5181.5  1.457424E-12
5184.4  1.441879E-12
5187.3  1.449429E-12
5190.2  1.459195E-12
5193.1  1.456981E-12
5196.  1.448129E-12
5198.9  1.444679E-12
5201.8  1.445837E-12
5204.7  1.437990E-12
5207.6  1.428368E-12
5210.5  1.425927E-12
5213.4  1.412820E-12
5216.3  1.402205E-12
5219.2  1.394668E-12
5222.1  1.401924E-12
5225.  1.395656E-12
5227.9  1.394557E-12
5230.8  1.393887E-12
5233.7  1.386037E-12
5236.6  1.386972E-12
5239.5  1.420529E-12
5242.4  1.443275E-12
5245.3  1.443333E-12
5248.2  1.426945E-12
5251.1  1.421391E-12
5254.  1.423427E-12
5256.9  1.420944E-12
5259.8  1.407543E-12
5262.7  1.379856E-12
5265.6  1.368942E-12
5268.5  1.368860E-12
5271.4  1.377047E-12
5274.3  1.376130E-12
5277.2  1.375089E-12
5280.1  1.381225E-12
5283.  1.387645E-12
5285.9  1.404459E-12
5288.8  1.407412E-12
5291.7  1.397713E-12
5294.6  1.400860E-12
5297.5  1.403397E-12
5300.4  1.411693E-12
5303.3  1.409443E-12
5306.2  1.392930E-12
5309.1  1.375242E-12
5312.  1.356879E-12
5314.9  1.340999E-12
5317.8  1.337659E-12
5320.7  1.346903E-12
5323.6  1.337171E-12
5326.5  1.324144E-12
5329.4  1.335358E-12
5332.3  1.349233E-12
5335.2  1.346135E-12
5338.1  1.328468E-12
5341.  1.310753E-12
5343.9  1.318640E-12
5346.8  1.326556E-12
5349.7  1.343119E-12
5352.6  1.354010E-12
5355.5  1.357269E-12
5358.4  1.345517E-12
5361.3  1.332984E-12
5364.2  1.328456E-12
5367.1  1.335357E-12
5370.  1.327313E-12
5372.9  1.315984E-12
5375.8  1.321937E-12
5378.7  1.336521E-12
5381.6  1.337936E-12
5384.5  1.339356E-12
5387.4  1.327173E-12
5390.3  1.321947E-12
5393.2  1.318320E-12
5396.1  1.324660E-12
5399.  1.313429E-12
5401.9  1.285310E-12
5404.8  1.280215E-12
5407.7  1.295635E-12
5410.6  1.300353E-12
5413.5  1.284491E-12
5416.4  1.274308E-12
5419.3  1.279640E-12
5422.2  1.290033E-12
5425.1  1.292377E-12
5428.  1.280631E-12
5430.9  1.269679E-12
5433.8  1.263967E-12
5436.7  1.270174E-12
5439.6  1.297370E-12
5442.5  1.306373E-12
5445.4  1.292132E-12
5448.3  1.290306E-12
5451.2  1.292798E-12
5454.1  1.285544E-12
5457.  1.280301E-12
5459.9  1.269981E-12
5462.8  1.261516E-12
5465.7  1.260245E-12
5468.6  1.259227E-12
5471.5  1.262955E-12
5474.4  1.254631E-12
5477.3  1.244981E-12
5480.2  1.253757E-12
5483.1  1.271261E-12
5486.  1.269091E-12
5488.9  1.261024E-12
5491.8  1.266030E-12
5494.7  1.276589E-12
5497.6  1.270266E-12
5500.5  1.265596E-12
5503.4  1.252715E-12
5506.3  1.245000E-12
5509.2  1.241202E-12
5512.1  1.244593E-12
5515.  1.252168E-12
5517.9  1.249745E-12
5520.8  1.246054E-12
5523.7  1.238760E-12
5526.6  1.227808E-12
5529.5  1.217534E-12
5532.4  1.215213E-12
5535.3  1.220077E-12
5538.2  1.229825E-12
5541.1  1.232994E-12
5544.  1.216845E-12
5546.9  1.217874E-12
5549.8  1.223331E-12
5552.7  1.221100E-12
5555.6  1.211618E-12
5558.5  1.211975E-12
5561.4  1.201013E-12
5564.3  1.202084E-12
5567.2  1.190058E-12
5570.1  1.188204E-12
5573.  1.196983E-12
5575.9  1.204581E-12
5578.8  1.195175E-12
5581.7  1.199137E-12
5584.6  1.203092E-12
5587.5  1.185233E-12
5590.4  1.187927E-12
5593.3  1.210163E-12
5596.2  1.217725E-12
5599.1  1.216972E-12
5602.  1.212619E-12
5604.9  1.207966E-12
5607.8  1.205855E-12
5610.7  1.205745E-12
5613.6  1.194574E-12
5616.5  1.190554E-12
5619.4  1.200527E-12
5622.3  1.199981E-12
5625.2  1.196248E-12
5628.1  1.198181E-12
5631.  1.190216E-12
5633.9  1.178090E-12
5636.8  1.167939E-12
5639.7  1.167149E-12
5642.6  1.169619E-12
5645.5  1.166328E-12
5648.4  1.155495E-12
5651.3  1.154750E-12
5654.2  1.154485E-12
5657.1  1.147544E-12
5660.  1.144151E-12
5662.9  1.136200E-12
5665.8  1.140240E-12
5668.7  1.159538E-12
5671.6  1.164185E-12
5674.5  1.157849E-12
5677.4  1.152459E-12
5680.3  1.147636E-12
5683.2  1.147869E-12
5686.1  1.143254E-12
5689.  1.138117E-12
5691.9  1.141245E-12
5694.8  1.141248E-12
5697.7  1.139960E-12
5700.6  1.141564E-12
5703.5  1.136374E-12
5706.4  1.134979E-12
5709.3  1.133639E-12
5712.2  1.128300E-12
5715.1  1.124860E-12
5718.  1.122165E-12
5720.9  1.123315E-12
5723.8  1.128574E-12
5726.7  1.131036E-12
5729.6  1.126660E-12
5732.5  1.129890E-12
5735.4  1.130039E-12
5738.3  1.110555E-12
5741.2  1.111760E-12
5744.1  1.117999E-12
5747.  1.110882E-12
5749.9  1.109381E-12
5752.8  1.116423E-12
5755.7  1.118764E-12
5758.6  1.116892E-12
5761.5  1.109431E-12
5764.4  1.098692E-12
5767.3  1.095919E-12
5770.2  1.098467E-12
5773.1  1.100756E-12
5776.  1.100296E-12
5778.9  1.095923E-12
5781.8  1.098885E-12
5784.7  1.107509E-12
5787.6  1.107701E-12
5790.5  1.102530E-12
5793.4  1.100095E-12
5796.3  1.088084E-12
5799.2  1.084556E-12
5802.1  1.082245E-12
5805.  1.080995E-12
5807.9  1.081952E-12
5810.8  1.083873E-12
5813.7  1.083581E-12
5816.6  1.081726E-12
5819.5  1.075131E-12
5822.4  1.067624E-12
5825.3  1.063409E-12
5828.2  1.060762E-12
5831.1  1.061413E-12
5834.  1.063976E-12
5836.9  1.064082E-12
5839.8  1.061784E-12
5842.7  1.062297E-12
5845.6  1.063223E-12
5848.5  1.060238E-12
5851.4  1.057954E-12
5854.3  1.053256E-12
5857.2  1.045223E-12
5860.1  1.038508E-12
5863.  1.036121E-12
5865.9  1.036224E-12
5868.8  1.036225E-12
5871.7  1.041200E-12
5874.6  1.046206E-12
5877.5  1.041042E-12
5880.4  1.026232E-12
5883.3  1.017081E-12
5886.2  1.009067E-12
5889.1  1.002613E-12
5892.  1.000994E-12
5894.9  1.002981E-12
5897.8  1.008948E-12
5900.7  1.015744E-12
5903.6  1.018066E-12
5906.5  1.013599E-12
5909.4  1.009875E-12
5912.3  1.010299E-12
5915.2  1.016441E-12
5918.1  1.022616E-12
5921.  1.022897E-12
5923.9  1.020190E-12
5926.8  1.018498E-12
5929.7  1.015139E-12
5932.6  1.011798E-12
5935.5  1.010461E-12
5938.4  1.010548E-12
5941.3  1.009747E-12
5944.2  1.008069E-12
5947.1  1.004954E-12
5950.  1.001937E-12
5952.9  9.990730E-13
5955.8  9.942372E-13
5958.7  9.919681E-13
5961.6  9.908390E-13
5964.5  9.917683E-13
5967.4  9.940400E-13
5970.3  9.923798E-13
5973.2  9.894091E-13
5976.1  9.887901E-13
5979.  9.900717E-13
5981.9  9.891943E-13
5984.8  9.881467E-13
5987.7  9.889862E-13
5990.6  9.901063E-13
5993.5  9.899030E-13
5996.4  9.879209E-13
5999.3  9.831523E-13
6002.2  9.802899E-13
6005.1  9.768953E-13
6008.  9.737124E-13
6010.9  9.720427E-13
6013.8  9.729380E-13
6016.7  9.730848E-13
6019.6  9.695901E-13
6022.5  9.656083E-13
6025.4  9.639994E-13
6028.3  9.664553E-13
6031.2  9.685591E-13
6034.1  9.664163E-13
6037.  9.652353E-13
6039.9  9.645651E-13
6042.8  9.630910E-13
6045.7  9.660628E-13
6048.6  9.678249E-13
6051.5  9.620277E-13
6054.4  9.553012E-13
6057.3  9.491561E-13
6060.2  9.451077E-13
6063.1  9.451427E-13
6066.  9.493997E-13
6068.9  9.526062E-13
6071.8  9.497679E-13
6074.7  9.466239E-13
6077.6  9.461083E-13
6080.5  9.425273E-13
6083.4  9.393097E-13
6086.3  9.362786E-13
6089.2  9.354207E-13
6092.1  9.376217E-13
6095.  9.389964E-13
6097.9  9.358230E-13
6100.8  9.362696E-13
6103.7  9.395003E-13
6106.6  9.372990E-13
6109.5  9.352943E-13
6112.4  9.333589E-13
6115.3  9.266341E-13
6118.2  9.222989E-13
6121.1  9.216896E-13
6124.  9.223928E-13
6126.9  9.240437E-13
6129.8  9.220182E-13
6132.7  9.164353E-13
6135.6  9.115181E-13
6138.5  9.094508E-13
6141.4  9.083641E-13
6144.3  9.045132E-13
6147.2  9.020996E-13
6150.1  9.032001E-13
6153.  8.999509E-13
6155.9  8.945530E-13
6158.8  8.900795E-13
6161.7  8.926399E-13
6164.6  8.990831E-13
6167.5  9.035800E-13
6170.4  9.040722E-13
6173.3  9.028510E-13
6176.2  9.023872E-13
6179.1  9.028547E-13
6182.  9.021787E-13
6184.9  8.974486E-13
6187.8  8.951247E-13
6190.7  8.926557E-13
6193.6  8.857145E-13
6196.5  8.819419E-13
6199.4  8.853129E-13
6202.3  8.893690E-13
6205.2  8.906619E-13
6208.1  8.893813E-13
6211.  8.833503E-13
6213.9  8.782714E-13
6216.8  8.757058E-13
6219.7  8.743180E-13
6222.6  8.717770E-13
6225.5  8.691309E-13
6228.4  8.700907E-13
6231.3  8.698827E-13
6234.2  8.659119E-13
6237.1  8.627402E-13
6240.  8.601984E-13
6242.9  8.589626E-13
6245.8  8.603233E-13
6248.7  8.644654E-13
6251.6  8.659699E-13
6254.5  8.627891E-13
6257.4  8.628838E-13
6260.3  8.640884E-13
6263.2  8.667332E-13
6266.1  8.632427E-13
6269.  8.580896E-13
6271.9  8.561723E-13
6274.8  8.538017E-13
6277.7  8.507615E-13
6280.6  8.513754E-13
6283.5  8.504846E-13
6286.4  8.488310E-13
6289.3  8.475099E-13
6292.2  8.428602E-13
6295.1  8.439184E-13
6298.  8.426942E-13
6300.9  8.398484E-13
6303.8  8.404422E-13
6306.7  8.424875E-13
6309.6  8.443561E-13
6312.5  8.417184E-13
6315.4  8.397553E-13
6318.3  8.432027E-13
6321.2  8.442014E-13
6324.1  8.422120E-13
6327.  8.393788E-13
6329.9  8.379931E-13
6332.8  8.380224E-13
6335.7  8.357250E-13
6338.6  8.301394E-13
6341.5  8.273332E-13
6344.4  8.271944E-13
6347.3  8.288187E-13
6350.2  8.300342E-13
6353.1  8.260977E-13
6356.  8.215984E-13
6358.9  8.192318E-13
6361.8  8.188105E-13
6364.7  8.171181E-13
6367.6  8.153378E-13
6370.5  8.129823E-13
6373.4  8.143349E-13
6376.3  8.164708E-13
6379.2  8.203215E-13
6382.1  8.204317E-13
6385.  8.175624E-13
6387.9  8.147454E-13
6390.8  8.132889E-13
6393.7  8.134387E-13
6396.6  8.161854E-13
6399.5  8.153859E-13
6402.4  8.140233E-13
6405.3  8.062925E-13
6408.2  8.012338E-13
6411.1  7.991578E-13
6414.  7.967262E-13
6416.9  7.954113E-13
6419.8  7.960572E-13
6422.7  7.987988E-13
6425.6  8.022246E-13
6428.5  8.018740E-13
6431.4  7.985308E-13
6434.3  7.953011E-13
6437.2  7.909487E-13
6440.1  7.872217E-13
6443.  7.857319E-13
6445.9  7.855639E-13
6448.8  7.879372E-13
6451.7  7.854149E-13
6454.6  7.811067E-13
6457.5  7.774912E-13
6460.4  7.773373E-13
6463.3  7.812076E-13
6466.2  7.802293E-13
6469.1  7.809404E-13
6472.  7.809353E-13
6474.9  7.805747E-13
6477.8  7.771568E-13
6480.7  7.727720E-13
6483.6  7.708462E-13
6486.5  7.700697E-13
6489.4  7.685938E-13
6492.3  7.662897E-13
6495.2  7.636408E-13
6498.1  7.621184E-13
6501.  7.611053E-13
6503.9  7.580741E-13
6506.8  7.531362E-13
6509.7  7.478810E-13
6512.6  7.438177E-13
6515.5  7.420126E-13
6518.4  7.406841E-13
6521.3  7.376955E-13
6524.2  7.327800E-13
6527.1  7.259053E-13
6530.  7.172116E-13
6532.9  7.061749E-13
6535.8  6.909738E-13
6538.7  6.712594E-13
6541.6  6.483558E-13
6544.5  6.222239E-13
6547.4  5.924673E-13
6550.3  5.591424E-13
6553.2  5.236981E-13
6556.1  4.949762E-13
6559.  4.823718E-13
6561.9  4.909214E-13
6564.8  5.201369E-13
6567.7  5.583781E-13
6570.6  5.953204E-13
6573.5  6.262648E-13
6576.4  6.496192E-13
6579.3  6.676390E-13
6582.2  6.819825E-13
6585.1  6.936603E-13
6588.  7.028189E-13
6590.9  7.091322E-13
6593.8  7.133562E-13
6596.7  7.164032E-13
6599.6  7.184436E-13
6602.5  7.195664E-13
6605.4  7.199568E-13
6608.3  7.199987E-13
6611.2  7.205210E-13
6614.1  7.218915E-13
6617.  7.238541E-13
6619.9  7.259860E-13
6622.8  7.277732E-13
6625.7  7.286900E-13
6628.6  7.283405E-13
6631.5  7.274292E-13
6634.4  7.268901E-13
6637.3  7.265296E-13
6640.2  7.260271E-13
6643.1  7.255499E-13
6646.  7.251187E-13
6648.9  7.243963E-13
6651.8  7.231972E-13
6654.7  7.215123E-13
6657.6  7.199098E-13
6660.5  7.194502E-13
6663.4  7.201731E-13
6666.3  7.214741E-13
6669.2  7.228743E-13
6672.1  7.239347E-13
6675.  7.245580E-13
6677.9  7.246476E-13
6680.8  7.236189E-13
6683.7  7.211152E-13
6686.6  7.171627E-13
6689.5  7.127418E-13
6692.4  7.103751E-13
6695.3  7.102941E-13
6698.2  7.102877E-13
6701.1  7.093974E-13
6704.  7.075186E-13
6706.9  7.052365E-13
6709.8  7.034304E-13
6712.7  7.022047E-13
6715.6  7.014033E-13
6718.5  7.006120E-13
6721.4  6.996459E-13
6724.3  6.993512E-13
6727.2  6.998179E-13
6730.1  6.996672E-13
6733.  6.980722E-13
6735.9  6.948683E-13
6738.8  6.911202E-13
6741.7  6.887296E-13
6744.6  6.883002E-13
6747.5  6.896407E-13
6750.4  6.916609E-13
6753.3  6.931424E-13
6756.2  6.942414E-13
6759.1  6.951484E-13
6762.  6.952288E-13
6764.9  6.941600E-13
6767.8  6.922225E-13
6770.7  6.899868E-13
6773.6  6.883571E-13
6776.5  6.874525E-13
6779.4  6.866731E-13
6782.3  6.858654E-13
6785.2  6.850846E-13
6788.1  6.833257E-13
6791.  6.797216E-13
6793.9  6.759059E-13
6796.8  6.736530E-13
6799.7  6.734220E-13
6802.6  6.748939E-13
6805.5  6.763327E-13
6808.4  6.769105E-13
6811.3  6.774813E-13
6814.2  6.778898E-13
6817.1  6.771407E-13
6820.  6.751328E-13
6822.9  6.722798E-13
6825.8  6.700450E-13
6828.7  6.698933E-13
6831.6  6.703820E-13
6834.5  6.698592E-13
6837.4  6.688774E-13
6840.3  6.680915E-13
6843.2  6.676296E-13
6846.1  6.677145E-13
6849.  6.686297E-13
6851.9  6.700523E-13
6854.8  6.714777E-13
6857.7  6.692383E-13
6860.6  6.583458E-13
6863.5  6.442901E-13
6866.4  6.361636E-13
6869.3  6.384397E-13
6872.2  6.516513E-13
6875.1  6.653072E-13
6878.  6.704022E-13
6880.9  6.682690E-13
6883.8  6.620402E-13
6886.7  6.561825E-13
6889.6  6.534736E-13
6892.5  6.539943E-13
6895.4  6.564759E-13
6898.3  6.586190E-13
6901.2  6.594569E-13
6904.1  6.588426E-13
6907.  6.575082E-13
6909.9  6.563015E-13
6912.8  6.543624E-13
6915.7  6.511375E-13
6918.6  6.480214E-13
6921.5  6.459664E-13
6924.4  6.446926E-13
6927.3  6.437915E-13
6930.2  6.426925E-13
6933.1  6.414568E-13
6936.  6.407048E-13
6938.9  6.402431E-13
6941.8  6.395224E-13
6944.7  6.383619E-13
6947.6  6.368144E-13
6950.5  6.356896E-13
6953.4  6.356325E-13
6956.3  6.361198E-13
6959.2  6.365816E-13
6962.1  6.368080E-13
6965.  6.364179E-13
6967.9  6.347762E-13
6970.8  6.321209E-13
6973.7  6.295212E-13
6976.6  6.272266E-13
6979.5  6.250063E-13
6982.4  6.239240E-13
6985.3  6.250709E-13
6988.2  6.272080E-13
6991.1  6.286500E-13
6994.  6.280319E-13
6996.9  6.250799E-13
6999.8  6.220828E-13
7002.7  6.206256E-13
7005.6  6.207079E-13
7008.5  6.217448E-13
7011.4  6.225335E-13
7014.3  6.225738E-13
7017.2  6.219280E-13
7020.1  6.209703E-13
7023.  6.202129E-13
7025.9  6.196446E-13
7028.8  6.191799E-13
7031.7  6.190292E-13
7034.6  6.194339E-13
7037.5  6.210064E-13
7040.4  6.231423E-13
7043.3  6.228658E-13
7046.2  6.198070E-13
7049.1  6.166817E-13
7052.  6.149387E-13
7054.9  6.150780E-13
7057.8  6.153684E-13
7060.7  6.132866E-13
7063.6  6.097549E-13
7066.5  6.065699E-13
7069.4  6.045868E-13
7072.3  6.039843E-13
7075.2  6.029426E-13
7078.1  6.007298E-13
7081.  5.995077E-13
7083.9  5.998765E-13
7086.8  6.002746E-13
7089.7  5.999564E-13
7092.6  5.987767E-13
7095.5  5.974008E-13
7098.4  5.968838E-13
7101.3  5.961399E-13
7104.2  5.938252E-13
7107.1  5.916431E-13
7110.  5.911996E-13
7112.9  5.914933E-13
7115.8  5.916412E-13
7118.7  5.917342E-13
7121.6  5.917814E-13
7124.5  5.917378E-13
7127.4  5.914025E-13
7130.3  5.904122E-13
7133.2  5.890752E-13
7136.1  5.880655E-13
7139.  5.875392E-13
7141.9  5.874226E-13
7144.8  5.879273E-13
7147.7  5.889665E-13
7150.6  5.891205E-13
7153.5  5.874236E-13
7156.4  5.845142E-13
7159.3  5.810207E-13
7162.2  5.772482E-13
7165.1  5.738802E-13
7168.  5.717671E-13
7170.9  5.716009E-13
7173.8  5.739272E-13
7176.7  5.756560E-13
7179.6  5.730239E-13
7182.5  5.702241E-13
7185.4  5.719806E-13
7188.3  5.755725E-13
7191.2  5.778325E-13
7194.1  5.774757E-13
7197.  5.746475E-13
7199.9  5.720418E-13
7202.8  5.711192E-13
7205.7  5.717172E-13
7208.6  5.724037E-13
7211.5  5.708418E-13
7214.4  5.676044E-13
7217.3  5.645703E-13
7220.2  5.621259E-13
7223.1  5.602027E-13
7226.  5.579767E-13
7228.9  5.552216E-13
7231.8  5.545124E-13
7234.7  5.569075E-13
7237.6  5.598519E-13
7240.5  5.617907E-13
7243.4  5.627086E-13
7246.3  5.629408E-13
7249.2  5.631553E-13
7252.1  5.639749E-13
7255.  5.658188E-13
7257.9  5.671996E-13
7260.8  5.663933E-13
7263.7  5.643000E-13
7266.6  5.621137E-13
7269.5  5.593888E-13
7272.4  5.567117E-13
7275.3  5.578723E-13
7278.2  5.624111E-13
7281.1  5.633738E-13
7284.  5.593676E-13
7286.9  5.541522E-13
7289.8  5.504067E-13
7292.7  5.500942E-13
7295.6  5.511105E-13
7298.5  5.501936E-13
7301.4  5.483094E-13
7304.3  5.470753E-13
7307.2  5.466409E-13
7310.1  5.469728E-13
7313.  5.479077E-13
7315.9  5.490167E-13
7318.8  5.496877E-13
7321.7  5.491783E-13
7324.6  5.465951E-13
7327.5  5.432474E-13
7330.4  5.417322E-13
7333.3  5.420378E-13
7336.2  5.430154E-13
7339.1  5.436977E-13
7342.  5.433590E-13
7344.9  5.424785E-13
7347.8  5.416379E-13
7350.7  5.409770E-13
7353.6  5.404946E-13
7356.5  5.398738E-13
7359.4  5.392289E-13
7362.3  5.391985E-13
7365.2  5.397218E-13
7368.1  5.402697E-13
7371.  5.399092E-13
7373.9  5.377359E-13
7376.8  5.347782E-13
7379.7  5.324625E-13
7382.6  5.308821E-13
7385.5  5.299264E-13
7388.4  5.296930E-13
7391.3  5.300230E-13
7394.2  5.304074E-13
7397.1  5.303317E-13
7400.  5.292970E-13
7402.9  5.275469E-13
7405.8  5.259446E-13
7408.7  5.246982E-13
7411.6  5.236637E-13
7414.5  5.230521E-13
7417.4  5.230495E-13
7420.3  5.232127E-13
7423.2  5.231156E-13
7426.1  5.229775E-13
7429.  5.228393E-13
7431.9  5.221188E-13
7434.8  5.207274E-13
7437.7  5.193086E-13
7440.6  5.182364E-13
7443.5  5.176154E-13
7446.4  5.174062E-13
7449.3  5.174307E-13
7452.2  5.177047E-13
7455.1  5.182349E-13
7458.  5.182178E-13
7460.9  5.170660E-13
7463.8  5.157445E-13
7466.7  5.150868E-13
7469.6  5.150650E-13
7472.5  5.153093E-13
7475.4  5.148890E-13
7478.3  5.138607E-13
7481.2  5.134031E-13
7484.1  5.133230E-13
7487.  5.125960E-13
7489.9  5.114815E-13
7492.8  5.106593E-13
7495.7  5.102288E-13
7498.6  5.100428E-13
7501.5  5.091986E-13
7504.4  5.073401E-13
7507.3  5.061758E-13
7510.2  5.064168E-13
7513.1  5.066173E-13
7516.  5.060465E-13
7518.9  5.048294E-13
7521.8  5.035292E-13
7524.7  5.030725E-13
7527.6  5.030411E-13
7530.5  5.024713E-13
7533.4  5.019954E-13
7536.3  5.023953E-13
7539.2  5.028275E-13
7542.1  5.024714E-13
7545.  5.013817E-13
7547.9  4.999320E-13
7550.8  4.989631E-13
7553.7  4.988681E-13
7556.6  4.994304E-13
7559.5  4.999478E-13
7562.4  4.993540E-13
7565.3  4.980250E-13
7568.2  4.970549E-13
7571.1  4.966384E-13
7574.  4.966349E-13
7576.9  4.966640E-13
7579.8  4.963930E-13
7582.7  4.960063E-13
7585.6  4.956703E-13
7588.5  4.953458E-13
7591.4  4.950154E-13
7594.3  4.946848E-13
7597.2  4.943542E-13
7600.1  4.940237E-13
7603.  4.936932E-13
7605.9  4.933626E-13
7608.8  4.930320E-13
7611.7  4.927016E-13
7614.6  4.923711E-13
7617.5  4.920405E-13
7620.4  4.917100E-13
7623.3  4.913795E-13
7626.2  4.910490E-13
7629.1  4.907185E-13
7632.  4.903880E-13
7634.9  4.900575E-13
7637.8  4.897271E-13
7640.7  4.893966E-13
7643.6  4.890661E-13
7646.5  4.887326E-13
7649.4  4.883822E-13
7652.3  4.881035E-13
7655.2  4.879089E-13
7658.1  4.872059E-13
7661.  4.857162E-13
7663.9  4.843919E-13
7666.8  4.836326E-13
7669.7  4.826185E-13
7672.6  4.810065E-13
7675.5  4.790406E-13
7678.4  4.769717E-13
7681.3  4.750730E-13
7684.2  4.735857E-13
7687.1  4.726613E-13
7690.  4.721127E-13
7692.9  4.716452E-13
7695.8  4.709879E-13
7698.7  4.700292E-13
7701.6  4.691122E-13
7704.5  4.685398E-13
7707.4  4.684230E-13
7710.3  4.686278E-13
7713.2  4.687264E-13
7716.1  4.684197E-13
7719.  4.675352E-13
7721.9  4.664842E-13
7724.8  4.659273E-13
7727.7  4.656513E-13
7730.6  4.652043E-13
7733.5  4.644519E-13
7736.4  4.634440E-13
7739.3  4.627624E-13
7742.2  4.626813E-13
7745.1  4.625725E-13
7748.  4.621116E-13
7750.9  4.615354E-13
7753.8  4.606075E-13
7756.7  4.587458E-13
7759.6  4.554653E-13
7762.5  4.505422E-13
7765.4  4.445514E-13
7768.3  4.386190E-13
7771.2  4.357409E-13
7774.1  4.381295E-13
7777.  4.439503E-13
7779.9  4.503948E-13
7782.8  4.538587E-13
7785.7  4.533269E-13
7788.6  4.523026E-13
7791.5  4.524571E-13
7794.4  4.533738E-13
7797.3  4.541903E-13
7800.2  4.536713E-13
7803.1  4.524144E-13
7806.  4.516834E-13
7808.9  4.514219E-13
7811.8  4.512557E-13
7814.7  4.508515E-13
7817.6  4.500533E-13
7820.5  4.493411E-13
7823.4  4.489465E-13
7826.3  4.485295E-13
7829.2  4.478890E-13
7832.1  4.470006E-13
7835.  4.459678E-13
7837.9  4.449841E-13
7840.8  4.443530E-13
7843.7  4.443295E-13
7846.6  4.445101E-13
7849.5  4.443322E-13
7852.4  4.432433E-13
7855.3  4.411888E-13
7858.2  4.397254E-13
7861.1  4.396614E-13
7864.  4.399016E-13
7866.9  4.397188E-13
7869.8  4.389839E-13
7872.7  4.378664E-13
7875.6  4.367781E-13
7878.5  4.364144E-13
7881.4  4.374456E-13
7884.3  4.383573E-13
7887.2  4.373522E-13
7890.1  4.351956E-13
7893.  4.331968E-13
7895.9  4.327402E-13
7898.8  4.342387E-13
7901.7  4.357620E-13
7904.6  4.362328E-13
7907.5  4.361149E-13
7910.4  4.357739E-13
7913.3  4.355579E-13
7916.2  4.352115E-13
7919.1  4.341534E-13
7922.  4.326812E-13
7924.9  4.313766E-13
7927.8  4.306369E-13
7930.7  4.306075E-13
7933.6  4.306075E-13
7936.5  4.300841E-13
7939.4  4.291644E-13
7942.3  4.280740E-13
7945.2  4.271212E-13
7948.1  4.264409E-13
7951.  4.259623E-13
7953.9  4.255509E-13
7956.8  4.250228E-13
7959.7  4.247372E-13
7962.6  4.251642E-13
7965.5  4.256887E-13
7968.4  4.256169E-13
7971.3  4.253867E-13
7974.2  4.252825E-13
7977.1  4.245524E-13
7980.  4.230012E-13
7982.9  4.215632E-13
7985.8  4.206595E-13
7988.7  4.200350E-13
7991.6  4.197590E-13
7994.5  4.200828E-13
7997.4  4.205385E-13
8000.3  4.204328E-13
8003.2  4.197013E-13
8006.1  4.185855E-13
8009.  4.180435E-13
8011.9  4.186161E-13
8014.8  4.189521E-13
8017.7  4.183040E-13
8020.6  4.175966E-13
8023.5  4.173208E-13
8026.4  4.173517E-13
8029.3  4.174169E-13
8032.2  4.171114E-13
8035.1  4.162943E-13
8038.  4.150210E-13
8040.9  4.139222E-13
8043.8  4.136498E-13
8046.7  4.136536E-13
8049.6  4.133772E-13
8052.5  4.133573E-13
8055.4  4.137795E-13
8058.3  4.137374E-13
8061.2  4.129645E-13
8064.1  4.121889E-13
8067.  4.117150E-13
8069.9  4.114670E-13
8072.8  4.111196E-13
8075.7  4.102308E-13
8078.6  4.088428E-13
8081.5  4.072360E-13
8084.4  4.060329E-13
8087.3  4.056896E-13
8090.2  4.056323E-13
8093.1  4.053597E-13
8096.  4.049840E-13
8098.9  4.046318E-13
8101.8  4.044423E-13
8104.7  4.043047E-13
8107.6  4.038349E-13
8110.5  4.029966E-13
8113.4  4.019780E-13
8116.3  4.010834E-13
8119.2  4.006073E-13
8122.1  4.001093E-13
8125.  3.991593E-13
8127.9  3.983784E-13
8130.8  3.982617E-13
8133.7  3.985331E-13
8136.6  3.988180E-13
8139.5  3.986454E-13
8142.4  3.979888E-13
8145.3  3.973615E-13
8148.2  3.969084E-13
8151.1  3.965791E-13
8154.  3.954263E-13
8156.9  3.923703E-13
8159.8  3.898606E-13
8162.7  3.905455E-13
8165.6  3.927609E-13
8168.5  3.943534E-13
8171.4  3.940508E-13
8174.3  3.918657E-13
8177.2  3.905052E-13
8180.1  3.908024E-13
8183.  3.909368E-13
8185.9  3.897685E-13
8188.8  3.866909E-13
8191.7  3.834384E-13
8194.6  3.827320E-13
8197.5  3.845893E-13
8200.4  3.878350E-13
8203.3  3.900573E-13
8206.2  3.893793E-13
8209.1  3.870159E-13
8212.  3.842446E-13
8214.9  3.816311E-13
8217.8  3.787423E-13
8220.7  3.732081E-13
8223.6  3.671247E-13
8226.5  3.665036E-13
8229.4  3.718274E-13
8232.3  3.802267E-13
8235.2  3.871627E-13
8238.1  3.883461E-13
8241.  3.866177E-13
8243.9  3.856790E-13
8246.8  3.844407E-13
8249.7  3.821179E-13
8252.6  3.798303E-13
8255.5  3.787085E-13
8258.4  3.801780E-13
8261.3  3.828490E-13
8264.2  3.824240E-13
8267.1  3.788670E-13
8270.  3.748932E-13
8272.9  3.726925E-13
8275.8  3.738356E-13
8278.7  3.759905E-13
8281.6  3.763822E-13
8284.5  3.756961E-13
8287.4  3.750115E-13
8290.3  3.750606E-13
8293.2  3.759173E-13
8296.1  3.762851E-13
8299.  3.756780E-13
8301.9  3.746434E-13
8304.8  3.735569E-13
8307.7  3.727276E-13
8310.6  3.718044E-13
8313.5  3.702247E-13
8316.4  3.689673E-13
8319.3  3.691075E-13
8322.2  3.702295E-13
8325.1  3.714028E-13
8328.  3.706691E-13
8330.9  3.676869E-13
8333.8  3.656911E-13
8336.7  3.660824E-13
8339.6  3.676704E-13
8342.5  3.689620E-13
8345.4  3.682203E-13
8348.3  3.660185E-13
8351.2  3.641446E-13
8354.1  3.632917E-13
8357.  3.636138E-13
8359.9  3.641673E-13
8362.8  3.640511E-13
8365.7  3.637100E-13
8368.6  3.634677E-13
8371.5  3.630093E-13
8374.4  3.621585E-13
8377.3  3.609104E-13
8380.2  3.595130E-13
8383.1  3.584316E-13
8386.  3.578178E-13
8388.9  3.576180E-13
8391.8  3.573301E-13
8394.7  3.564285E-13
8397.6  3.556602E-13
8400.5  3.557455E-13
8403.4  3.560196E-13
8406.3  3.558940E-13
8409.2  3.554164E-13
8412.1  3.548014E-13
8415.  3.545066E-13
8417.9  3.545908E-13
8420.8  3.546976E-13
8423.7  3.542615E-13
8426.6  3.526497E-13
8429.5  3.502465E-13
8432.4  3.478658E-13
8435.3  3.456384E-13
8438.2  3.436670E-13
8441.1  3.428144E-13
8444.  3.435816E-13
8446.9  3.454776E-13
8449.8  3.474468E-13
8452.7  3.476420E-13
8455.6  3.455500E-13
8458.5  3.422733E-13
8461.4  3.392121E-13
8464.3  3.378924E-13
8467.2  3.386088E-13
8470.1  3.408847E-13
8473.  3.443503E-13
8475.9  3.484103E-13
8478.8  3.516968E-13
8481.7  3.530347E-13
8484.6  3.522489E-13
8487.5  3.494249E-13
8490.4  3.447029E-13
8493.3  3.390095E-13
8496.2  3.340458E-13
8499.1  3.313370E-13
8502.  3.320720E-13
8504.9  3.355175E-13
8507.8  3.398823E-13
8510.7  3.437903E-13
8513.6  3.462924E-13
8516.5  3.483119E-13
8519.4  3.506964E-13
8522.3  3.524090E-13
8525.2  3.523045E-13
8528.1  3.495568E-13
8531.  3.436603E-13
8533.9  3.344576E-13
8536.8  3.239419E-13
8539.7  3.158514E-13
8542.6  3.125588E-13
8545.5  3.151853E-13
8548.4  3.220032E-13
8551.3  3.301374E-13
8554.2  3.381414E-13
8557.1  3.450660E-13
8560.  3.504806E-13
8562.9  3.543526E-13
8565.8  3.571278E-13
8568.7  3.588265E-13
8571.6  3.586755E-13
8574.5  3.560472E-13
8577.4  3.504787E-13
8580.3  3.428620E-13
8583.2  3.350025E-13
8586.1  3.273340E-13
8589.  3.198699E-13
8591.9  3.136047E-13
8594.8  3.097459E-13
8597.7  3.100111E-13
8600.6  3.150232E-13
8603.5  3.225055E-13
8606.4  3.303041E-13
8609.3  3.371745E-13
8612.2  3.427261E-13
8615.1  3.476633E-13
8618.  3.522099E-13
8620.9  3.561834E-13
8623.8  3.595020E-13
8626.7  3.620474E-13
8629.6  3.633680E-13
8632.5  3.629990E-13
8635.4  3.608033E-13
8638.3  3.568387E-13
8641.2  3.514639E-13
8644.1  3.449976E-13
8647.  3.377031E-13
8649.9  3.292017E-13
8652.8  3.182022E-13
8655.7  3.060681E-13
8658.6  2.961832E-13
8661.5  2.912666E-13
8664.4  2.931596E-13
8667.3  2.999527E-13
8670.2  3.084343E-13
8673.1  3.166225E-13
8676.  3.234076E-13
8678.9  3.299365E-13
8681.8  3.371160E-13
8684.7  3.443552E-13
8687.6  3.509745E-13
8690.5  3.561320E-13
8693.4  3.598925E-13
8696.3  3.632245E-13
8699.2  3.658931E-13
8702.1  3.670388E-13
8705.  3.666719E-13
8707.9  3.651335E-13
8710.8  3.629003E-13
8713.7  3.603405E-13
8716.6  3.570936E-13
8719.5  3.529192E-13
8722.4  3.482552E-13
8725.3  3.431553E-13
8728.2  3.370410E-13
8731.1  3.295184E-13
8734.  3.204861E-13
8736.9  3.101508E-13
8739.8  2.991024E-13
8742.7  2.890334E-13
8745.6  2.820145E-13
8748.5  2.805131E-13
8751.4  2.859312E-13
8754.3  2.955504E-13
8757.2  3.062142E-13
8760.1  3.160570E-13
8763.  3.241451E-13
8765.9  3.312471E-13
8768.8  3.375931E-13
8771.7  3.425200E-13
8774.6  3.464207E-13
8777.5  3.503379E-13
8780.4  3.540618E-13
8783.3  3.568654E-13
8786.2  3.583527E-13
8789.1  3.584408E-13
8792.  3.582827E-13
8794.9  3.587997E-13
8797.8  3.593697E-13
8800.7  3.594111E-13
8803.6  3.587404E-13
8806.5  3.574982E-13
8809.4  3.562964E-13
8812.3  3.552670E-13
8815.2  3.541129E-13
8818.1  3.527419E-13
8821.  3.511377E-13
8823.9  3.490473E-13
8826.8  3.462145E-13
8829.7  3.429363E-13
8832.6  3.393831E-13
8835.5  3.347794E-13
8838.4  3.286883E-13
8841.3  3.217035E-13
8844.2  3.141125E-13
8847.1  3.057425E-13
8850.  2.964574E-13
8852.9  2.861712E-13
8855.8  2.764195E-13
8858.7  2.695404E-13
8861.6  2.674033E-13
8864.5  2.710555E-13
8867.4  2.783009E-13
8870.3  2.864733E-13
8873.2  2.949447E-13
8876.1  3.034686E-13
8879.  3.121700E-13
8881.9  3.208474E-13
8884.8  3.285521E-13
8887.7  3.347212E-13
8890.6  3.392338E-13
8893.5  3.420581E-13
8896.4  3.433018E-13
8899.3  3.434572E-13
8902.2  3.431596E-13
8905.1  3.428286E-13
8908.  3.427379E-13
8910.9  3.430746E-13
8913.8  3.436933E-13
8916.7  3.435916E-13
8919.6  3.424675E-13
8922.5  3.413656E-13
8925.4  3.412331E-13
8928.3  3.428609E-13
8931.2  3.455747E-13
8934.1  3.476395E-13
8937.  3.484113E-13
8939.9  3.478817E-13
8942.8  3.466393E-13
8945.7  3.454265E-13
8948.6  3.445547E-13
8951.5  3.439921E-13
8954.4  3.427780E-13
8957.3  3.406255E-13
8960.2  3.388883E-13
8963.1  3.381913E-13
8966.  3.380581E-13
8968.9  3.381689E-13
8971.8  3.382880E-13
8974.7  3.372953E-13
8977.6  3.339022E-13
8980.5  3.271660E-13
8983.4  3.170768E-13
8986.3  3.087085E-13
8989.2  3.059159E-13
8992.1  3.047301E-13
8995.  3.009782E-13
8997.9  2.920796E-13
9000.8  2.788381E-13
9003.7  2.671247E-13
9006.6  2.596683E-13
9009.5  2.559145E-13
9012.4  2.559996E-13
9015.3  2.600481E-13
9018.2  2.673583E-13
9021.1  2.767983E-13
9024.  2.865674E-13
9026.9  2.950946E-13
9029.8  3.024410E-13
9032.7  3.086563E-13
9035.6  3.127302E-13
9038.5  3.148080E-13
9041.4  3.169400E-13
9044.3  3.195458E-13
9047.2  3.213185E-13
9050.1  3.216705E-13
9053.  3.205285E-13
9055.9  3.185430E-13
9058.8  3.167004E-13
9061.7  3.160813E-13
9064.6  3.173112E-13
9067.5  3.190834E-13
9070.4  3.201477E-13
9073.3  3.204611E-13
9076.2  3.203180E-13
9079.1  3.205452E-13
9082.  3.211700E-13
9084.9  3.211769E-13
9087.8  3.206140E-13
9090.7  3.202698E-13
9093.6  3.205478E-13
9096.5  3.216184E-13
9099.4  3.231504E-13
9102.3  3.246580E-13
9105.2  3.260504E-13
9108.1  3.271608E-13
9111.  3.270996E-13
9113.9  3.259096E-13
9116.8  3.258273E-13
9119.7  3.269865E-13
9122.6  3.265903E-13
9125.5  3.244696E-13
9128.4  3.224463E-13
9131.3  3.225922E-13
9134.2  3.266790E-13
9137.1  3.319789E-13
9140.  3.345905E-13
9142.9  3.324623E-13
9145.8  3.254697E-13
9148.7  3.181873E-13
9151.6  3.147492E-13
9154.5  3.168932E-13
9157.4  3.230636E-13
9160.3  3.272297E-13
9163.2  3.264923E-13
9166.1  3.212172E-13
9169.  3.142588E-13
9171.9  3.097946E-13
9174.8  3.091710E-13
9177.7  3.119894E-13
9180.6  3.147538E-13
9183.5  3.140823E-13
9186.4  3.105245E-13
9189.3  3.055225E-13
9192.2  3.011378E-13
9195.1  2.982852E-13
9198.  2.957807E-13
9200.9  2.921542E-13
9203.8  2.857277E-13
9206.7  2.771904E-13
9209.6  2.687974E-13
9212.5  2.613505E-13
9215.4  2.549792E-13
9218.3  2.486754E-13
9221.2  2.417060E-13
9224.1  2.360902E-13
9227.  2.338833E-13
9229.9  2.361224E-13
9232.8  2.425530E-13
9235.7  2.509056E-13
9238.6  2.591719E-13
9241.5  2.658434E-13
9244.4  2.711764E-13
9247.3  2.768247E-13
9250.2  2.817750E-13
9253.1  2.841378E-13
9256.  2.845811E-13
9258.9  2.846269E-13
9261.8  2.870461E-13
9264.7  2.930317E-13
9267.6  2.978495E-13
9270.5  2.986677E-13
9273.4  2.978473E-13
9276.3  2.974472E-13
9279.2  2.990043E-13
9282.1  3.018068E-13
9285.  3.031982E-13
9287.9  3.027234E-13
9290.8  3.011518E-13
9293.7  2.996734E-13
9296.6  2.994188E-13
9299.5  3.000612E-13
9302.4  3.008260E-13
9305.3  3.007333E-13
9308.2  2.991654E-13
9311.1  2.962166E-13
9314.  2.931379E-13
9316.9  2.925974E-13
9319.8  2.955761E-13
9322.7  3.015130E-13
9325.6  3.066587E-13
9328.5  3.059313E-13
9331.4  3.007366E-13
9334.3  2.950221E-13
9337.2  2.908330E-13
9340.1  2.898122E-13
9343.  2.955811E-13
9345.9  3.069226E-13
9348.8  3.088797E-13
9351.7  2.982714E-13
9354.6  2.936739E-13
9357.5  2.987659E-13
9360.4  3.012906E-13
9363.3  2.985993E-13
9366.2  2.937462E-13
9369.1  2.897859E-13
9372.  2.896691E-13
9374.9  2.906740E-13
9377.8  2.897838E-13
9380.7  2.914108E-13
9383.6  2.981707E-13
9386.5  3.047764E-13
9389.4  3.070877E-13
9392.3  3.040309E-13
9395.2  2.970458E-13
9398.1  2.905846E-13
9401.  2.862880E-13
9403.9  2.834737E-13
9406.8  2.823526E-13
9409.7  2.831581E-13
9412.6  2.850365E-13
9415.5  2.867958E-13
9418.4  2.857735E-13
9421.3  2.813810E-13
9424.2  2.809594E-13
9427.1  2.875828E-13
9430.  2.944097E-13
9432.9  2.959064E-13
9435.8  2.878290E-13
9438.7  2.775961E-13
9441.6  2.821823E-13
9444.5  2.947893E-13
9447.4  2.975747E-13
9450.3  2.914186E-13
9453.2  2.831479E-13
9456.1  2.786153E-13
9459.  2.814760E-13
9461.9  2.866017E-13
9464.8  2.892679E-13
9467.7  2.890010E-13
9470.6  2.859562E-13
9473.5  2.807139E-13
9476.4  2.767292E-13
9479.3  2.796938E-13
9482.2  2.870824E-13
9485.1  2.919263E-13
9488.  2.894571E-13
9490.9  2.775137E-13
9493.8  2.652627E-13
9496.7  2.621867E-13
9499.6  2.683613E-13
9502.5  2.795574E-13
9505.4  2.843914E-13
9508.3  2.775246E-13
9511.2  2.647665E-13
9514.1  2.523492E-13
9517.  2.465063E-13
9519.9  2.471468E-13
9522.8  2.494855E-13
9525.7  2.512352E-13
9528.6  2.511094E-13
9531.5  2.472470E-13
9534.4  2.388116E-13
9537.3  2.277546E-13
9540.2  2.173116E-13
9543.1  2.129576E-13
9546.  2.163396E-13
9548.9  2.216156E-13
9551.8  2.262089E-13
9554.7  2.320018E-13
9557.6  2.384355E-13
9560.5  2.434493E-13
9563.4  2.482159E-13
9566.3  2.549383E-13
9569.2  2.618642E-13
9572.1  2.664682E-13
9575.  2.680451E-13
9577.9  2.667739E-13
9580.8  2.641713E-13
9583.7  2.621255E-13
9586.6  2.627594E-13
9589.5  2.663633E-13
9592.4  2.708998E-13
9595.3  2.743878E-13
9598.2  2.750353E-13
9601.1  2.738676E-13
9604.  2.732932E-13
9606.9  2.735167E-13
9609.8  2.738991E-13
9612.7  2.721898E-13
9615.6  2.673274E-13
9618.5  2.641303E-13
9621.4  2.656033E-13
9624.3  2.691616E-13
9627.2  2.721582E-13
9630.1  2.721380E-13
9633.  2.698704E-13
9635.9  2.692413E-13
9638.8  2.709043E-13
9641.7  2.735526E-13
9644.6  2.757140E-13
9647.5  2.759989E-13
9650.4  2.746172E-13
9653.3  2.723195E-13
9656.2  2.698078E-13
9659.1  2.679029E-13
9662.  2.675836E-13
9664.9  2.690800E-13
9667.8  2.715951E-13
9670.7  2.737633E-13
9673.6  2.736717E-13
9676.5  2.721343E-13
9679.4  2.717065E-13
9682.3  2.721171E-13
9685.2  2.720670E-13
9688.1  2.717015E-13
9691.  2.713965E-13
9693.9  2.711044E-13
9696.8  2.707986E-13
9699.7  2.706219E-13
9702.6  2.705854E-13
9705.5  2.704507E-13
9708.4  2.701264E-13
9711.3  2.697160E-13
9714.2  2.692147E-13
9717.1  2.685119E-13
9720.  2.679378E-13
9722.9  2.679269E-13
9725.8  2.672120E-13
9728.7  2.646177E-13
9731.6  2.619156E-13
9734.5  2.609400E-13
9737.4  2.621623E-13
9740.3  2.650497E-13
9743.2  2.673417E-13
9746.1  2.678198E-13
9749.  2.669270E-13
9751.9  2.651228E-13
9754.8  2.628562E-13
9757.7  2.615048E-13
9760.6  2.625963E-13
9763.5  2.646344E-13
9766.4  2.654037E-13
9769.3  2.649932E-13
9772.2  2.638911E-13
9775.1  2.621144E-13
9778.  2.599761E-13
9780.9  2.583181E-13
9783.8  2.576389E-13
9786.7  2.579323E-13
9789.6  2.587517E-13
9792.5  2.592318E-13
9795.4  2.595897E-13
9798.3  2.606129E-13
9801.2  2.619643E-13
9804.1  2.629326E-13
9807.  2.629384E-13
9809.9  2.616813E-13
9812.8  2.597598E-13
9815.7  2.578581E-13
9818.6  2.563706E-13
9821.5  2.556069E-13
9824.4  2.557568E-13
9827.3  2.565820E-13
9830.2  2.574369E-13
9833.1  2.579066E-13
9836.  2.577984E-13
9838.9  2.569093E-13
9841.8  2.552041E-13
9844.7  2.533655E-13
9847.6  2.522286E-13
9850.5  2.526494E-13
9853.4  2.547780E-13
9856.3  2.569532E-13
9859.2  2.578912E-13
9862.1  2.573508E-13
9865.  2.557783E-13
9867.9  2.543602E-13
9870.8  2.538412E-13
9873.7  2.545079E-13
9876.6  2.555015E-13
9879.5  2.555128E-13
9882.4  2.537992E-13
9885.3  2.502659E-13
9888.2  2.470581E-13
9891.1  2.459809E-13
9894.  2.462534E-13
9896.9  2.470208E-13
9899.8  2.478765E-13
9902.7  2.486533E-13
9905.6  2.496810E-13
9908.5  2.506124E-13
9911.4  2.505448E-13
9914.3  2.500173E-13
9917.2  2.502075E-13
9920.1  2.507181E-13
9923.  2.507849E-13
9925.9  2.506209E-13
9928.8  2.505462E-13
9931.7  2.506561E-13
9934.6  2.509235E-13
9937.5  2.511590E-13
9940.4  2.509148E-13
9943.3  2.493361E-13
9946.2  2.468092E-13
9949.1  2.448285E-13
9952.  2.438289E-13
9954.9  2.436127E-13
9957.8  2.430175E-13
9960.7  2.408782E-13
9963.6  2.389974E-13
9966.5  2.392437E-13
9969.4  2.410248E-13
9972.3  2.432042E-13
9975.2  2.441105E-13
9978.1  2.431365E-13
9981.  2.415716E-13
9983.9  2.403489E-13
9986.8  2.399310E-13
9989.7  2.399645E-13
9992.6  2.395452E-13
9995.5  2.378828E-13
9998.4  2.344811E-13
10001.3  2.307465E-13
10004.2  2.281865E-13
10007.1  2.260594E-13
10010.  2.236757E-13
10012.9  2.215613E-13
10015.8  2.200758E-13
10018.7  2.192174E-13
10021.6  2.187761E-13
10024.5  2.182842E-13
10027.4  2.174520E-13
10030.3  2.161688E-13
10033.2  2.141488E-13
10036.1  2.111826E-13
10039.  2.074560E-13
10041.9  2.035234E-13
10044.8  2.012072E-13
10047.7  2.017822E-13
10050.6  2.042263E-13
10053.5  2.073261E-13
10056.4  2.101454E-13
10059.3  2.121452E-13
10062.2  2.135053E-13
10065.1  2.139160E-13
10068.  2.127282E-13
10070.9  2.106463E-13
10073.8  2.089972E-13
10076.7  2.089621E-13
10079.6  2.112348E-13
10082.5  2.140391E-13
10085.4  2.156842E-13
10088.3  2.171394E-13
10091.2  2.189694E-13
10094.1  2.200323E-13
10097.  2.200607E-13
10099.9  2.200234E-13
10102.8  2.206793E-13
10105.7  2.226137E-13
10108.6  2.248889E-13
10111.5  2.257732E-13
10114.4  2.255505E-13
10117.3  2.252112E-13
10120.2  2.251592E-13
10123.1  2.255580E-13
10126.  2.259382E-13
10128.9  2.259700E-13
10131.8  2.259211E-13
10134.7  2.262448E-13
10137.6  2.276501E-13
10140.5  2.300377E-13
10143.4  2.325514E-13
10146.3  2.338286E-13
10149.2  2.323226E-13
10152.1  2.297334E-13
10155.  2.287927E-13
10157.9  2.283525E-13
10160.8  2.268331E-13
10163.7  2.252922E-13
10166.6  2.249780E-13
10169.5  2.270431E-13
10172.4  2.310112E-13
10175.3  2.334000E-13
10178.2  2.328591E-13
10181.1  2.307147E-13
10184.  2.282680E-13
10186.9  2.268314E-13
10189.8  2.262686E-13
10192.7  2.257223E-13
10195.6  2.255285E-13
10198.5  2.261070E-13
10201.4  2.265813E-13
10204.3  2.262648E-13
10207.2  2.258582E-13
10210.1  2.256987E-13
10213.  2.250204E-13
10215.9  2.238092E-13
10218.8  2.230117E-13
10221.7  2.230935E-13
10224.6  2.241036E-13
10227.5  2.253584E-13
10230.4  2.258405E-13
10233.3  2.251669E-13
10236.2  2.233720E-13
10239.1  2.209881E-13
10242.  2.188616E-13
10244.9  2.185514E-13
10247.8  2.206000E-13
10250.7  2.232266E-13
10253.6  2.249313E-13
10256.5  2.248521E-13
10259.4  2.235275E-13
10262.3  2.227708E-13
10265.2  2.231526E-13
10268.1  2.244620E-13
10271.  2.243524E-13
10273.9  2.204483E-13
10276.8  2.158177E-13
10279.7  2.140400E-13
10282.6  2.157233E-13
10285.5  2.199071E-13
10288.4  2.227838E-13
10291.3  2.221802E-13
10294.2  2.190954E-13
10297.1  2.152438E-13
10300.  2.131385E-13
10302.9  2.121917E-13
10305.8  2.097693E-13
10308.7  2.075549E-13
10311.6  2.085229E-13
10314.5  2.110485E-13
10317.4  2.130574E-13
10320.3  2.172488E-13
10323.2  2.244212E-13
10326.1  2.277482E-13
10329.  2.242486E-13
10331.9  2.188165E-13
10334.8  2.151577E-13
10337.7  2.155749E-13
10340.6  2.177770E-13
10343.5  2.159603E-13
10346.4  2.129077E-13
10349.3  2.146092E-13
10352.2  2.189253E-13
10355.1  2.218220E-13
10358.  2.209753E-13
10360.9  2.160223E-13
10363.8  2.121032E-13
10366.7  2.126649E-13
10369.6  2.165002E-13
10372.5  2.210051E-13
10375.4  2.216909E-13
10378.3  2.194265E-13
10381.2  2.198670E-13
10384.1  2.207204E-13
10387.  2.161819E-13
10389.9  2.129347E-13
10392.8  2.189263E-13
10395.7  2.235831E-13
10398.6  2.174249E-13
10401.5  2.085050E-13
10404.4  2.038658E-13
10407.3  2.036488E-13
10410.2  2.069659E-13
10413.1  2.115409E-13
10416.  2.151135E-13
10418.9  2.159233E-13
10421.8  2.140343E-13
10424.7  2.107263E-13
10427.6  2.088140E-13
10430.5  2.108919E-13
10433.4  2.136327E-13
10436.3  2.135055E-13
10439.2  2.125569E-13
10442.1  2.125546E-13
10445.  2.129244E-13
10447.9  2.125477E-13
10450.8  2.091142E-13
10453.7  2.041131E-13
10456.6  2.029315E-13
10459.5  2.061761E-13
10462.4  2.113127E-13
10465.3  2.140861E-13
10468.2  2.104101E-13
10471.1  2.034116E-13
10474.  1.977775E-13
10476.9  1.955517E-13
10479.8  1.971883E-13
10482.7  1.992301E-13
10485.6  2.004294E-13
10488.5  2.051388E-13
10491.4  2.123762E-13
10494.3  2.150742E-13
10497.2  2.112209E-13
10500.1  2.023499E-13
10503.  1.953927E-13
10505.9  1.985317E-13
10508.8  2.039249E-13
10511.7  2.015143E-13
10514.6  1.963632E-13
10517.5  1.944590E-13
10520.4  1.968439E-13
10523.3  2.018822E-13
10526.2  2.024320E-13
10529.1  1.974678E-13
10532.  1.945197E-13
10534.9  1.964603E-13
10537.8  2.024281E-13
10540.7  2.079856E-13
10543.6  2.072412E-13
10546.5  2.038949E-13
10549.4  2.037718E-13
10552.3  2.038646E-13
10555.2  2.011278E-13
10558.1  1.988762E-13
10561.  1.991215E-13
10563.9  1.996602E-13
10566.8  1.989939E-13
10569.7  1.964972E-13
10572.6  1.942851E-13
10575.5  1.970323E-13
10578.4  2.021271E-13
10581.3  2.033113E-13
10584.2  1.969802E-13
10587.1  1.822345E-13
10590.  1.730171E-13
10592.9  1.804843E-13
10595.8  1.878449E-13
10598.7  1.835419E-13
10601.6  1.804220E-13
10604.5  1.848583E-13
10607.4  1.904574E-13
10610.3  1.946011E-13
10613.2  1.976549E-13
10616.1  2.037942E-13
10619.  2.194551E-13
10621.9  2.347033E-13
10624.8  2.350431E-13
10627.7  2.269434E-13
10630.6  2.201828E-13
10633.5  2.110302E-13
10636.4  1.977022E-13
10639.3  1.886065E-13
10642.2  1.889361E-13
10645.1  1.980207E-13
10648.  2.093041E-13
10650.9  2.095319E-13
10653.8  1.989982E-13
10656.7  1.879821E-13
10659.6  1.826249E-13
10662.5  1.861914E-13
10665.4  1.921131E-13
10668.3  1.920803E-13
10671.2  1.851843E-13
10674.1  1.741243E-13
10677.  1.697775E-13
10679.9  1.756772E-13
10682.8  1.768772E-13
10685.7  1.707546E-13
10688.6  1.721055E-13
10691.5  1.835235E-13
10694.4  1.981672E-13
10697.3  2.090704E-13
10700.2  2.095888E-13
10703.1  2.076710E-13
10706.  2.133334E-13
10708.9  2.147430E-13
10711.8  2.012523E-13
10714.7  1.806758E-13
10717.6  1.631617E-13
10720.5  1.583317E-13
10723.4  1.719073E-13
10726.3  2.054748E-13
10729.2  2.418227E-13
10732.1  2.467689E-13
10735.  2.307856E-13
10737.9  2.286289E-13
10740.8  2.377209E-13
10743.7  2.428729E-13
10746.6  2.302989E-13
10749.5  1.940321E-13
10752.4  1.607874E-13
10755.3  1.523041E-13
10758.2  1.658894E-13
10761.1  1.907211E-13
10764.  2.050344E-13
10766.9  2.035133E-13
10769.8  1.997337E-13
10772.7  1.983186E-13
10775.6  1.985044E-13
10778.5  1.971452E-13
10781.4  1.906199E-13
10784.3  1.842486E-13
10787.2  1.843949E-13
10790.1  1.909602E-13
10793.  2.025326E-13
10795.9  2.185502E-13
10798.8  2.348065E-13
10801.7  2.394299E-13
10804.6  2.346828E-13
10807.5  2.418135E-13
10810.4  2.494628E-13
10813.3  2.236363E-13
10816.2  1.856392E-13
10819.1  1.774723E-13
10822.  1.874037E-13
10824.9  1.926433E-13
10827.8  1.979701E-13
10830.7  2.093582E-13
10833.6  2.288272E-13
10836.5  2.476065E-13
10839.4  2.299698E-13
10842.3  1.812213E-13
10845.2  1.642093E-13
10848.1  1.821800E-13
10851.  1.886736E-13
10853.9  1.876571E-13
10856.8  2.054328E-13
10859.7  2.196971E-13
10862.6  2.022837E-13
10865.5  1.884479E-13
10868.4  2.076304E-13
10871.3  2.175502E-13
10874.2  1.939598E-13
10877.1  1.736354E-13
10880.  1.718874E-13
10882.9  1.673441E-13
10885.8  1.601292E-13
10888.7  1.698804E-13
10891.6  1.834542E-13
10894.5  1.715895E-13
10897.4  1.534901E-13
10900.3  1.600461E-13
10903.2  1.666277E-13
10906.1  1.494285E-13
10909.  1.500253E-13
10911.9  1.854322E-13
10914.8  1.864604E-13
10917.7  1.255188E-13
10920.6  5.036824E-14
10923.5  -2.779379E-15
10926.4  -1.293470E-14
10929.3  2.540187E-14
10932.2  1.036742E-13
10935.1  1.731577E-13
10938.  1.790208E-13
10940.9  1.544224E-13
10943.8  1.472960E-13
10946.7  1.561599E-13
10949.6  1.705944E-13
10952.5  1.698195E-13
10955.4  1.519816E-13
10958.3  1.569669E-13
10961.2  1.899662E-13
10964.1  2.135368E-13
10967.  2.189355E-13
10969.9  2.174738E-13
10972.8  2.141262E-13
10975.7  2.113791E-13
10978.6  2.038186E-13
10981.5  1.850309E-13
10984.4  1.489470E-13
10987.3  1.009451E-13
10990.2  8.705474E-14
10993.1  1.230498E-13
10996.  1.530639E-13
10998.9  1.538506E-13
