3050.  5.859841E-13
3052.9  6.275091E-13
3055.8  6.491643E-13
3058.7  6.839878E-13
3061.6  6.788859E-13
3064.5  6.629368E-13
3067.4  6.279022E-13
3070.3  6.407603E-13
3073.2  5.922534E-13
3076.1  6.346980E-13
3079.  6.817833E-13
3081.9  6.662912E-13
3084.8  6.612476E-13
3087.7  6.789488E-13
3090.6  6.631402E-13
3093.5  6.464649E-13
3096.4  6.262841E-13
3099.3  6.372991E-13
3102.2  6.432754E-13
3105.1  6.218611E-13
3108.  6.351163E-13
3110.9  6.364525E-13
3113.8  5.978350E-13
3116.7  5.821395E-13
3119.6  5.520515E-13
3122.5  5.687210E-13
3125.4  5.835417E-13
3128.3  5.588666E-13
3131.2  5.745195E-13
3134.1  5.860365E-13
3137.  5.843617E-13
3139.9  5.821226E-13
3142.8  5.995628E-13
3145.7  5.881144E-13
3148.6  5.956878E-13
3151.5  6.033631E-13
3154.4  5.994218E-13
3157.3  5.922325E-13
3160.2  5.927624E-13
3163.1  6.014341E-13
3166.  6.070150E-13
3168.9  6.216613E-13
3171.8  6.149573E-13
3174.7  6.134842E-13
3177.6  5.931460E-13
3180.5  5.888338E-13
3183.4  5.978958E-13
3186.3  5.965732E-13
3189.2  5.836518E-13
3192.1  5.720438E-13
3195.  5.714040E-13
3197.9  5.788017E-13
3200.8  5.818720E-13
3203.7  5.755881E-13
3206.6  5.573931E-13
3209.5  5.572256E-13
3212.4  5.753349E-13
3215.3  5.828829E-13
3218.2  5.775535E-13
3221.1  5.631714E-13
3224.  5.510549E-13
3226.9  5.392808E-13
3229.8  5.461448E-13
3232.7  5.577969E-13
3235.6  5.549299E-13
3238.5  5.734682E-13
3241.4  5.821268E-13
3244.3  5.788093E-13
3247.2  5.658089E-13
3250.1  5.813520E-13
3253.  5.954855E-13
3255.9  5.862649E-13
3258.8  5.872482E-13
3261.7  5.872475E-13
3264.6  5.775698E-13
3267.5  5.789307E-13
3270.4  5.697753E-13
3273.3  5.777825E-13
3276.2  5.849150E-13
3279.1  5.831962E-13
3282.  5.794727E-13
3284.9  5.877777E-13
3287.8  6.068516E-13
3290.7  6.112982E-13
3293.6  5.962875E-13
3296.5  5.938534E-13
3299.4  5.848098E-13
3302.3  5.807788E-13
3305.2  5.666379E-13
3308.1  5.717815E-13
3311.  5.827120E-13
3313.9  5.759887E-13
3316.8  5.720063E-13
3319.7  5.675383E-13
3322.6  5.604671E-13
3325.5  5.615303E-13
3328.4  5.504119E-13
3331.3  5.422623E-13
3334.2  5.378858E-13
3337.1  5.435470E-13
3340.  5.365648E-13
3342.9  5.465203E-13
3345.8  5.543476E-13
3348.7  5.551991E-13
3351.6  5.516175E-13
3354.5  5.401597E-13
3357.4  5.288347E-13
3360.3  5.332463E-13
3363.2  5.359470E-13
3366.1  5.423851E-13
3369.  5.461266E-13
3371.9  5.482804E-13
3374.8  5.432229E-13
3377.7  5.358629E-13
3380.6  5.436400E-13
3383.5  5.547470E-13
3386.4  5.519415E-13
3389.3  5.488579E-13
3392.2  5.593507E-13
3395.1  5.603017E-13
3398.  5.504329E-13
3400.9  5.536993E-13
3403.8  5.528809E-13
3406.7  5.521004E-13
3409.6  5.682267E-13
3412.5  5.709966E-13
3415.4  5.635900E-13
3418.3  5.517401E-13
3421.2  5.576451E-13
3424.1  5.686444E-13
3427.  5.665233E-13
3429.9  5.518246E-13
3432.8  5.435883E-13
3435.7  5.454344E-13
3438.6  5.431003E-13
3441.5  5.485660E-13
3444.4  5.648601E-13
3447.3  5.638740E-13
3450.2  5.572082E-13
3453.1  5.423198E-13
3456.  5.360202E-13
3458.9  5.475025E-13
3461.8  5.516717E-13
3464.7  5.564488E-13
3467.6  5.546748E-13
3470.5  5.452915E-13
3473.4  5.546994E-13
3476.3  5.614143E-13
3479.2  5.594583E-13
3482.1  5.599547E-13
3485.  5.596426E-13
3487.9  5.543143E-13
3490.8  5.487567E-13
3493.7  5.494773E-13
3496.6  5.692704E-13
3499.5  5.801010E-13
3502.4  5.738514E-13
3505.3  5.714099E-13
3508.2  5.745910E-13
3511.1  5.763940E-13
3514.  5.839712E-13
3516.9  5.907575E-13
3519.8  5.768834E-13
3522.7  5.737377E-13
3525.6  5.790360E-13
3528.5  5.789528E-13
3531.4  5.765604E-13
3534.3  5.763454E-13
3537.2  5.830813E-13
3540.1  5.838177E-13
3543.  5.674589E-13
3545.9  5.730489E-13
3548.8  5.812665E-13
3551.7  5.762789E-13
3554.6  5.741814E-13
3557.5  5.739438E-13
3560.4  5.708727E-13
3563.3  5.613257E-13
3566.2  5.546836E-13
3569.1  5.639539E-13
3572.  5.676349E-13
3574.9  5.597452E-13
3577.8  5.563565E-13
3580.7  5.480194E-13
3583.6  5.461799E-13
3586.5  5.645309E-13
3589.4  5.761435E-13
3592.3  5.738445E-13
3595.2  5.753601E-13
3598.1  5.715887E-13
3601.  5.674237E-13
3603.9  5.694821E-13
3606.8  5.728011E-13
3609.7  5.691454E-13
3612.6  5.651546E-13
3615.5  5.599625E-13
3618.4  5.649025E-13
3621.3  5.793918E-13
3624.2  5.905878E-13
3627.1  5.826930E-13
3630.  5.669009E-13
3632.9  5.714337E-13
3635.8  5.788141E-13
3638.7  5.737298E-13
3641.6  5.650545E-13
3644.5  5.629781E-13
3647.4  5.691795E-13
3650.3  5.754376E-13
3653.2  5.888960E-13
3656.1  5.937449E-13
3659.  5.828076E-13
3661.9  5.747523E-13
3664.8  5.824115E-13
3667.7  5.821309E-13
3670.6  5.759826E-13
3673.5  5.769507E-13
3676.4  5.779186E-13
3679.3  5.788867E-13
3682.2  5.798547E-13
3685.1  5.808228E-13
3688.  5.817909E-13
3690.9  5.827588E-13
3693.8  5.837270E-13
3696.7  5.846949E-13
3699.6  5.856630E-13
3702.5  5.796519E-13
3705.4  5.783236E-13
3708.3  5.754846E-13
3711.2  5.748865E-13
3714.1  5.898031E-13
3717.  5.890319E-13
3719.9  5.750232E-13
3722.8  5.967245E-13
3725.7  6.223422E-13
3728.6  6.031735E-13
3731.5  5.704320E-13
3734.4  5.828254E-13
3737.3  6.349039E-13
3740.2  6.563681E-13
3743.1  6.237325E-13
3746.  5.708328E-13
3748.9  5.584864E-13
3751.8  6.180367E-13
3754.7  6.966489E-13
3757.6  7.367499E-13
3760.5  7.202025E-13
3763.4  6.615439E-13
3766.3  5.880146E-13
3769.2  5.713628E-13
3772.1  6.555165E-13
3775.  7.960541E-13
3777.9  9.134373E-13
3780.8  9.671056E-13
3783.7  9.541055E-13
3786.6  8.816434E-13
3789.5  7.701707E-13
3792.4  6.405728E-13
3795.3  5.557034E-13
3798.2  5.898770E-13
3801.1  7.167207E-13
3804.  8.592835E-13
3806.9  9.655441E-13
3809.8  1.037815E-12
3812.7  1.038306E-12
3815.6  1.018754E-12
3818.5  9.967557E-13
3821.4  9.353406E-13
3824.3  8.469230E-13
3827.2  7.248778E-13
3830.1  5.946454E-13
3833.  5.249062E-13
3835.9  5.559842E-13
3838.8  6.804289E-13
3841.7  8.415933E-13
3844.6  9.792100E-13
3847.5  1.101057E-12
3850.4  1.166826E-12
3853.3  1.190302E-12
3856.2  1.237950E-12
3859.1  1.259487E-12
3862.  1.275590E-12
3864.9  1.266096E-12
3867.8  1.232822E-12
3870.7  1.182433E-12
3873.6  1.107988E-12
3876.5  9.992688E-13
3879.4  8.636565E-13
3882.3  7.146016E-13
3885.2  5.955322E-13
3888.1  5.719704E-13
3891.  6.634061E-13
3893.9  8.109704E-13
3896.8  9.815332E-13
3899.7  1.119187E-12
3902.6  1.204753E-12
3905.5  1.264199E-12
3908.4  1.325969E-12
3911.3  1.356036E-12
3914.2  1.352372E-12
3917.1  1.351770E-12
3920.  1.393021E-12
3922.9  1.397204E-12
3925.8  1.313934E-12
3928.7  1.228396E-12
3931.6  1.206634E-12
3934.5  1.255320E-12
3937.4  1.316111E-12
3940.3  1.349986E-12
3943.2  1.368025E-12
3946.1  1.381475E-12
3949.  1.337043E-12
3951.9  1.263911E-12
3954.8  1.186735E-12
3957.7  1.076459E-12
3960.6  9.145267E-13
3963.5  7.313985E-13
3966.4  5.966643E-13
3969.3  5.738518E-13
3972.2  6.840525E-13
3975.1  8.486711E-13
3978.  1.006904E-12
3980.9  1.141487E-12
3983.8  1.239240E-12
3986.7  1.305221E-12
3989.6  1.352804E-12
3992.5  1.394692E-12
3995.4  1.412731E-12
3998.3  1.421167E-12
4001.2  1.436872E-12
4004.1  1.461774E-12
4007.  1.470249E-12
4009.9  1.451552E-12
4012.8  1.457892E-12
4015.7  1.468176E-12
4018.6  1.473432E-12
4021.5  1.468001E-12
4024.4  1.454257E-12
4027.3  1.432343E-12
4030.2  1.406454E-12
4033.1  1.402667E-12
4036.  1.423137E-12
4038.9  1.428870E-12
4041.8  1.421792E-12
4044.7  1.413012E-12
4047.6  1.374814E-12
4050.5  1.343256E-12
4053.4  1.329613E-12
4056.3  1.331874E-12
4059.2  1.313592E-12
4062.1  1.290387E-12
4065.  1.283693E-12
4067.9  1.261709E-12
4070.8  1.188981E-12
4073.7  1.075200E-12
4076.6  1.001424E-12
4079.5  1.020610E-12
4082.4  1.039576E-12
4085.3  9.979835E-13
4088.2  9.336054E-13
4091.1  8.407854E-13
4094.  7.171676E-13
4096.9  5.807700E-13
4099.8  5.262312E-13
4102.7  5.936528E-13
4105.6  7.190696E-13
4108.5  8.244619E-13
4111.4  9.405773E-13
4114.3  1.043546E-12
4117.2  1.105260E-12
4120.1  1.138673E-12
4123.  1.151066E-12
4125.9  1.142980E-12
4128.8  1.149751E-12
4131.7  1.200037E-12
4134.6  1.263713E-12
4137.5  1.315192E-12
4140.4  1.308046E-12
4143.3  1.285305E-12
4146.2  1.284476E-12
4149.1  1.287015E-12
4152.  1.282417E-12
4154.9  1.283482E-12
4157.8  1.278675E-12
4160.7  1.290333E-12
4163.6  1.326052E-12
4166.5  1.316540E-12
4169.4  1.246813E-12
4172.3  1.217548E-12
4175.2  1.238450E-12
4178.1  1.258254E-12
4181.  1.281552E-12
4183.9  1.291269E-12
4186.8  1.291916E-12
4189.7  1.288346E-12
4192.6  1.282752E-12
4195.5  1.285508E-12
4198.4  1.278175E-12
4201.3  1.269141E-12
4204.2  1.252199E-12
4207.1  1.238147E-12
4210.  1.219698E-12
4212.9  1.167230E-12
4215.8  1.169449E-12
4218.7  1.242327E-12
4221.6  1.263705E-12
4224.5  1.268756E-12
4227.4  1.290666E-12
4230.3  1.282379E-12
4233.2  1.260070E-12
4236.1  1.231906E-12
4239.  1.239786E-12
4241.9  1.272068E-12
4244.8  1.273932E-12
4247.7  1.259448E-12
4250.6  1.255575E-12
4253.5  1.247244E-12
4256.4  1.235026E-12
4259.3  1.225908E-12
4262.2  1.243544E-12
4265.1  1.259746E-12
4268.  1.253352E-12
4270.9  1.229702E-12
4273.8  1.227812E-12
4276.7  1.237109E-12
4279.6  1.223939E-12
4282.5  1.216472E-12
4285.4  1.209534E-12
4288.3  1.191602E-12
4291.2  1.177808E-12
4294.1  1.166461E-12
4297.  1.138694E-12
4299.9  1.105705E-12
4302.8  1.089852E-12
4305.7  1.102827E-12
4308.6  1.125554E-12
4311.5  1.111853E-12
4314.4  1.099822E-12
4317.3  1.089821E-12
4320.2  1.067434E-12
4323.1  1.013705E-12
4326.  9.343544E-13
4328.9  8.400404E-13
4331.8  7.247856E-13
4334.7  6.008089E-13
4337.6  5.008715E-13
4340.5  4.960614E-13
4343.4  5.892679E-13
4346.3  7.080908E-13
4349.2  8.071703E-13
4352.1  8.995571E-13
4355.  9.859923E-13
4357.9  1.037718E-12
4360.8  1.078049E-12
4363.7  1.120951E-12
4366.6  1.150127E-12
4369.5  1.157102E-12
4372.4  1.155011E-12
4375.3  1.148371E-12
4378.2  1.149768E-12
4381.1  1.137832E-12
4384.  1.131870E-12
4386.9  1.139666E-12
4389.8  1.126692E-12
4392.7  1.129067E-12
4395.6  1.157480E-12
4398.5  1.163969E-12
4401.4  1.148823E-12
4404.3  1.132306E-12
4407.2  1.123083E-12
4410.1  1.122458E-12
4413.  1.108732E-12
4415.9  1.097649E-12
4418.8  1.092563E-12
4421.7  1.096725E-12
4424.6  1.113367E-12
4427.5  1.117177E-12
4430.4  1.113661E-12
4433.3  1.124817E-12
4436.2  1.154240E-12
4439.1  1.161285E-12
4442.  1.142781E-12
4444.9  1.136963E-12
4447.8  1.142097E-12
4450.7  1.139107E-12
4453.6  1.113812E-12
4456.5  1.090251E-12
4459.4  1.088644E-12
4462.3  1.104501E-12
4465.2  1.136739E-12
4468.1  1.175490E-12
4471.  1.191133E-12
4473.9  1.176931E-12
4476.8  1.137730E-12
4479.7  1.111281E-12
4482.6  1.107046E-12
4485.5  1.093469E-12
4488.4  1.077790E-12
4491.3  1.094740E-12
4494.2  1.117298E-12
4497.1  1.113029E-12
4500.  1.111082E-12
4502.9  1.128594E-12
4505.8  1.138980E-12
4508.7  1.132991E-12
4511.6  1.110744E-12
4514.5  1.088208E-12
4517.4  1.083435E-12
4520.3  1.085602E-12
4523.2  1.073700E-12
4526.1  1.062718E-12
4529.  1.053826E-12
4531.9  1.058693E-12
4534.8  1.076656E-12
4537.7  1.059092E-12
4540.6  1.046813E-12
4543.5  1.041255E-12
4546.4  1.041303E-12
4549.3  1.052136E-12
4552.2  1.047576E-12
4555.1  1.030163E-12
4558.  1.042862E-12
4560.9  1.064476E-12
4563.8  1.083860E-12
4566.7  1.107878E-12
4569.6  1.107302E-12
4572.5  1.081190E-12
4575.4  1.069195E-12
4578.3  1.045413E-12
4581.2  1.028889E-12
4584.1  1.010532E-12
4587.  9.993554E-13
4589.9  9.970824E-13
4592.8  1.021326E-12
4595.7  1.053164E-12
4598.6  1.046689E-12
4601.5  1.047277E-12
4604.4  1.057611E-12
4607.3  1.066093E-12
4610.2  1.052539E-12
4613.1  1.041789E-12
4616.  1.022114E-12
4618.9  1.012958E-12
4621.8  1.018755E-12
4624.7  1.017744E-12
4627.6  1.021523E-12
4630.5  1.024279E-12
4633.4  1.021609E-12
4636.3  1.027306E-12
4639.2  1.042704E-12
4642.1  1.036244E-12
4645.  1.017200E-12
4647.9  1.005571E-12
4650.8  1.008997E-12
4653.7  1.006553E-12
4656.6  1.003681E-12
4659.5  1.004715E-12
4662.4  9.647953E-13
4665.3  9.504560E-13
4668.2  9.577943E-13
4671.1  9.828254E-13
4674.  1.011458E-12
4676.9  1.025166E-12
4679.8  1.021575E-12
4682.7  1.018679E-12
4685.6  1.031425E-12
4688.5  1.023600E-12
4691.4  1.008658E-12
4694.3  9.868330E-13
4697.2  9.645267E-13
4700.1  9.671148E-13
4703.  9.806718E-13
4705.9  9.902392E-13
4708.8  9.941804E-13
4711.7  1.004568E-12
4714.6  1.018181E-12
4717.5  1.014474E-12
4720.4  9.959928E-13
4723.3  9.836877E-13
4726.2  9.757450E-13
4729.1  9.662220E-13
4732.  9.685503E-13
4734.9  9.721196E-13
4737.8  9.609119E-13
4740.7  9.577135E-13
4743.6  9.666387E-13
4746.5  9.710967E-13
4749.4  9.625811E-13
4752.3  9.462511E-13
4755.2  9.462744E-13
4758.1  9.497697E-13
4761.  9.367359E-13
4763.9  9.287756E-13
4766.8  9.417679E-13
4769.7  9.688419E-13
4772.6  9.734994E-13
4775.5  9.670226E-13
4778.4  9.558321E-13
4781.3  9.456466E-13
4784.2  9.455035E-13
4787.1  9.457880E-13
4790.  9.412523E-13
4792.9  9.403429E-13
4795.8  9.362118E-13
4798.7  9.381817E-13
4801.6  9.391048E-13
4804.5  9.288253E-13
4807.4  9.225830E-13
4810.3  9.276502E-13
4813.2  9.206033E-13
4816.1  9.182286E-13
4819.  9.193779E-13
4821.9  8.955811E-13
4824.8  8.739670E-13
4827.7  8.680006E-13
4830.6  8.615671E-13
4833.5  8.506150E-13
4836.4  8.307077E-13
4839.3  8.161880E-13
4842.2  7.925711E-13
4845.1  7.470783E-13
4848.  6.858943E-13
4850.9  6.195142E-13
4853.8  5.458705E-13
4856.7  4.577408E-13
4859.6  3.885036E-13
4862.5  3.974686E-13
4865.4  4.721824E-13
4868.3  5.549999E-13
4871.2  6.233265E-13
4874.1  6.813232E-13
4877.  7.339687E-13
4879.9  7.663578E-13
4882.8  7.752305E-13
4885.7  7.838666E-13
4888.6  7.984432E-13
4891.5  8.189173E-13
4894.4  8.503905E-13
4897.3  8.671386E-13
4900.2  8.602705E-13
4903.1  8.539154E-13
4906.  8.543358E-13
4908.9  8.465809E-13
4911.8  8.384335E-13
4914.7  8.448647E-13
4917.6  8.391509E-13
4920.5  8.256522E-13
4923.4  8.392761E-13
4926.3  8.638931E-13
4929.2  8.750479E-13
4932.1  8.764848E-13
4935.  8.670415E-13
4937.9  8.614057E-13
4940.8  8.654572E-13
4943.7  8.715712E-13
4946.6  8.693306E-13
4949.5  8.544480E-13
4952.4  8.414812E-13
4955.3  8.466719E-13
4958.2  8.537734E-13
4961.1  8.671326E-13
4964.  8.717268E-13
4966.9  8.646142E-13
4969.8  8.484013E-13
4972.7  8.514794E-13
4975.6  8.636714E-13
4978.5  8.574296E-13
4981.4  8.368863E-13
4984.3  8.284831E-13
4987.2  8.351135E-13
4990.1  8.415329E-13
4993.  8.463927E-13
4995.9  8.406304E-13
4998.8  8.159506E-13
5001.7  7.931903E-13
5004.6  7.879986E-13
5007.5  8.002452E-13
5010.4  8.162330E-13
5013.3  8.231415E-13
5016.2  8.160402E-13
5019.1  8.049393E-13
5022.  8.097679E-13
5024.9  8.206786E-13
5027.8  8.209415E-13
5030.7  8.264172E-13
5033.6  8.306673E-13
5036.5  8.254552E-13
5039.4  8.217898E-13
5042.3  8.226123E-13
5045.2  8.250325E-13
5048.1  8.265981E-13
5051.  8.284957E-13
5053.9  8.278677E-13
5056.8  8.230809E-13
5059.7  8.103226E-13
5062.6  8.003806E-13
5065.5  8.023889E-13
5068.4  8.036559E-13
5071.3  7.972488E-13
5074.2  7.906563E-13
5077.1  7.985228E-13
5080.  8.089661E-13
5082.9  8.087771E-13
5085.8  8.072142E-13
5088.7  8.054187E-13
5091.6  7.955931E-13
5094.5  7.833299E-13
5097.4  7.863269E-13
5100.3  7.902045E-13
5103.2  7.933727E-13
5106.1  7.931328E-13
5109.  7.955134E-13
5111.9  7.944212E-13
5114.8  7.905482E-13
5117.7  7.888707E-13
5120.6  7.792819E-13
5123.5  7.682072E-13
5126.4  7.584409E-13
5129.3  7.600366E-13
5132.2  7.672776E-13
5135.1  7.658646E-13
5138.  7.582890E-13
5140.9  7.498648E-13
5143.8  7.396541E-13
5146.7  7.264500E-13
5149.6  7.181775E-13
5152.5  7.173602E-13
5155.4  7.308548E-13
5158.3  7.423890E-13
5161.2  7.306813E-13
5164.1  7.120606E-13
5167.  6.941830E-13
5169.9  6.969756E-13
5172.8  7.139118E-13
5175.7  7.202260E-13
5178.6  7.172199E-13
5181.5  7.136147E-13
5184.4  7.054724E-13
5187.3  7.043486E-13
5190.2  7.044709E-13
5193.1  7.042626E-13
5196.  7.079456E-13
5198.9  7.111143E-13
5201.8  7.068291E-13
5204.7  7.002975E-13
5207.6  7.001934E-13
5210.5  7.021177E-13
5213.4  6.900160E-13
5216.3  6.866797E-13
5219.2  6.921711E-13
5222.1  6.853947E-13
5225.  6.655068E-13
5227.9  6.726618E-13
5230.8  6.915899E-13
5233.7  6.894236E-13
5236.6  6.852906E-13
5239.5  6.992450E-13
5242.4  7.108503E-13
5245.3  7.121230E-13
5248.2  7.043164E-13
5251.1  7.057471E-13
5254.  7.085590E-13
5256.9  7.018674E-13
5259.8  6.831718E-13
5262.7  6.504090E-13
5265.6  6.460840E-13
5268.5  6.664800E-13
5271.4  6.691485E-13
5274.3  6.565881E-13
5277.2  6.629818E-13
5280.1  6.820369E-13
5283.  6.902863E-13
5285.9  7.075152E-13
5288.8  7.198153E-13
5291.7  7.091277E-13
5294.6  6.828045E-13
5297.5  6.625151E-13
5300.4  6.693703E-13
5303.3  6.837795E-13
5306.2  6.842007E-13
5309.1  6.806166E-13
5312.  6.743277E-13
5314.9  6.623898E-13
5317.8  6.649972E-13
5320.7  6.827165E-13
5323.6  6.755078E-13
5326.5  6.549271E-13
5329.4  6.524454E-13
5332.3  6.746710E-13
5335.2  6.706064E-13
5338.1  6.535378E-13
5341.  6.486432E-13
5343.9  6.511270E-13
5346.8  6.567554E-13
5349.7  6.732299E-13
5352.6  6.867095E-13
5355.5  6.943677E-13
5358.4  6.914338E-13
5361.3  6.761069E-13
5364.2  6.609094E-13
5367.1  6.535665E-13
5370.  6.551126E-13
5372.9  6.694558E-13
5375.8  6.736704E-13
5378.7  6.688352E-13
5381.6  6.723280E-13
5384.5  6.780320E-13
5387.4  6.682200E-13
5390.3  6.548714E-13
5393.2  6.485254E-13
5396.1  6.418088E-13
5399.  6.374493E-13
5401.9  6.383056E-13
5404.8  6.427828E-13
5407.7  6.465731E-13
5410.6  6.424718E-13
5413.5  6.460729E-13
5416.4  6.515485E-13
5419.3  6.519729E-13
5422.2  6.609810E-13
5425.1  6.579912E-13
5428.  6.523801E-13
5430.9  6.532673E-13
5433.8  6.626113E-13
5436.7  6.741970E-13
5439.6  6.799838E-13
5442.5  6.699874E-13
5445.4  6.602375E-13
5448.3  6.653731E-13
5451.2  6.688565E-13
5454.1  6.611429E-13
5457.  6.543494E-13
5459.9  6.484384E-13
5462.8  6.474182E-13
5465.7  6.488709E-13
5468.6  6.554987E-13
5471.5  6.606129E-13
5474.4  6.430764E-13
5477.3  6.287817E-13
5480.2  6.378506E-13
5483.1  6.515370E-13
5486.  6.578292E-13
5488.9  6.514848E-13
5491.8  6.488266E-13
5494.7  6.465743E-13
5497.6  6.403175E-13
5500.5  6.329404E-13
5503.4  6.264292E-13
5506.3  6.204006E-13
5509.2  6.201713E-13
5512.1  6.340815E-13
5515.  6.508330E-13
5517.9  6.582786E-13
5520.8  6.542070E-13
5523.7  6.405255E-13
5526.6  6.275398E-13
5529.5  6.177396E-13
5532.4  6.197062E-13
5535.3  6.314052E-13
5538.2  6.440804E-13
5541.1  6.385556E-13
5544.  6.249162E-13
5546.9  6.285754E-13
5549.8  6.326238E-13
5552.7  6.338528E-13
5555.6  6.367875E-13
5558.5  6.353262E-13
5561.4  6.187944E-13
5564.3  6.096494E-13
5567.2  6.053178E-13
5570.1  6.060399E-13
5573.  6.034822E-13
5575.9  6.024283E-13
5578.8  6.051278E-13
5581.7  6.100484E-13
5584.6  6.075387E-13
5587.5  6.006694E-13
5590.4  6.122139E-13
5593.3  6.256016E-13
5596.2  6.255749E-13
5599.1  6.221878E-13
5602.  6.160288E-13
5604.9  6.207688E-13
5607.8  6.275239E-13
5610.7  6.349851E-13
5613.6  6.351312E-13
5616.5  6.310644E-13
5619.4  6.210988E-13
5622.3  6.088363E-13
5625.2  6.119890E-13
5628.1  6.165202E-13
5631.  6.213553E-13
5633.9  6.199793E-13
5636.8  6.169438E-13
5639.7  6.181832E-13
5642.6  6.084835E-13
5645.5  5.964013E-13
5648.4  5.931949E-13
5651.3  5.901665E-13
5654.2  5.861644E-13
5657.1  5.845000E-13
5660.  5.879048E-13
5662.9  5.942754E-13
5665.8  5.996470E-13
5668.7  6.045624E-13
5671.6  6.056007E-13
5674.5  5.995822E-13
5677.4  5.976761E-13
5680.3  6.001087E-13
5683.2  6.012178E-13
5686.1  6.040935E-13
5689.  6.062752E-13
5691.9  6.066304E-13
5694.8  6.040110E-13
5697.7  6.020157E-13
5700.6  5.990682E-13
5703.5  5.967430E-13
5706.4  5.978627E-13
5709.3  5.958996E-13
5712.2  5.965289E-13
5715.1  5.977571E-13
5718.  5.968488E-13
5720.9  5.956251E-13
5723.8  5.935894E-13
5726.7  5.947662E-13
5729.6  5.929697E-13
5732.5  5.942531E-13
5735.4  5.992524E-13
5738.3  5.986886E-13
5741.2  5.957664E-13
5744.1  5.920091E-13
5747.  5.881165E-13
5749.9  5.854134E-13
5752.8  5.853217E-13
5755.7  5.849073E-13
5758.6  5.843189E-13
5761.5  5.807247E-13
5764.4  5.772105E-13
5767.3  5.759784E-13
5770.2  5.769610E-13
5773.1  5.762845E-13
5776.  5.723027E-13
5778.9  5.637964E-13
5781.8  5.542921E-13
5784.7  5.509991E-13
5787.6  5.549609E-13
5790.5  5.602659E-13
5793.4  5.656426E-13
5796.3  5.695414E-13
5799.2  5.696731E-13
5802.1  5.695619E-13
5805.  5.677744E-13
5807.9  5.630964E-13
5810.8  5.591747E-13
5813.7  5.562305E-13
5816.6  5.561869E-13
5819.5  5.564603E-13
5822.4  5.557846E-13
5825.3  5.557918E-13
5828.2  5.563371E-13
5831.1  5.571177E-13
5834.  5.567584E-13
5836.9  5.551759E-13
5839.8  5.528283E-13
5842.7  5.506348E-13
5845.6  5.514123E-13
5848.5  5.549147E-13
5851.4  5.574001E-13
5854.3  5.561242E-13
5857.2  5.525607E-13
5860.1  5.498775E-13
5863.  5.492526E-13
5865.9  5.504119E-13
5868.8  5.543068E-13
5871.7  5.608086E-13
5874.6  5.650870E-13
5877.5  5.599033E-13
5880.4  5.499874E-13
5883.3  5.453331E-13
5886.2  5.429687E-13
5889.1  5.422346E-13
5892.  5.424121E-13
5894.9  5.423520E-13
5897.8  5.410625E-13
5900.7  5.293596E-13
5903.6  5.355599E-13
5906.5  5.417635E-13
5909.4  5.470989E-13
5912.3  5.388500E-13
5915.2  5.360354E-13
5918.1  5.399968E-13
5921.  5.330443E-13
5923.9  5.271564E-13
5926.8  5.254035E-13
5929.7  5.265860E-13
5932.6  5.286676E-13
5935.5  5.293147E-13
5938.4  5.279456E-13
5941.3  5.278585E-13
5944.2  5.277061E-13
5947.1  5.240873E-13
5950.  5.204911E-13
5952.9  5.189337E-13
5955.8  5.195613E-13
5958.7  5.223769E-13
5961.6  5.250837E-13
5964.5  5.264771E-13
5967.4  5.284151E-13
5970.3  5.289039E-13
5973.2  5.274376E-13
5976.1  5.236754E-13
5979.  5.201060E-13
5981.9  5.152313E-13
5984.8  5.115048E-13
5987.7  5.120987E-13
5990.6  5.144372E-13
5993.5  5.155963E-13
5996.4  5.149392E-13
5999.3  5.127903E-13
6002.2  5.117339E-13
6005.1  5.100591E-13
6008.  5.064683E-13
6010.9  5.039436E-13
6013.8  5.038551E-13
6016.7  5.061121E-13
6019.6  5.083693E-13
6022.5  5.105020E-13
6025.4  5.142167E-13
6028.3  5.181172E-13
6031.2  5.216660E-13
6034.1  5.211846E-13
6037.  5.180468E-13
6039.9  5.139669E-13
6042.8  5.096154E-13
6045.7  5.055127E-13
6048.6  5.004822E-13
6051.5  4.975335E-13
6054.4  4.995538E-13
6057.3  5.028937E-13
6060.2  5.037951E-13
6063.1  5.022744E-13
6066.  4.969115E-13
6068.9  4.948066E-13
6071.8  4.948727E-13
6074.7  4.933197E-13
6077.6  4.938547E-13
6080.5  4.938146E-13
6083.4  4.937851E-13
6086.3  4.953117E-13
6089.2  4.975243E-13
6092.1  4.985686E-13
6095.  4.891644E-13
6097.9  4.847100E-13
6100.8  4.911648E-13
6103.7  4.925887E-13
6106.6  4.909492E-13
6109.5  4.888946E-13
6112.4  4.876590E-13
6115.3  4.844440E-13
6118.2  4.801311E-13
6121.1  4.762147E-13
6124.  4.753321E-13
6126.9  4.760030E-13
6129.8  4.756453E-13
6132.7  4.746831E-13
6135.6  4.739553E-13
6138.5  4.735631E-13
6141.4  4.724162E-13
6144.3  4.686468E-13
6147.2  4.665959E-13
6150.1  4.684040E-13
6153.  4.691814E-13
6155.9  4.683430E-13
6158.8  4.680927E-13
6161.7  4.711081E-13
6164.6  4.740988E-13
6167.5  4.731531E-13
6170.4  4.702770E-13
6173.3  4.650700E-13
6176.2  4.624560E-13
6179.1  4.665024E-13
6182.  4.686811E-13
6184.9  4.657554E-13
6187.8  4.624429E-13
6190.7  4.609178E-13
6193.6  4.621687E-13
6196.5  4.643583E-13
6199.4  4.664289E-13
6202.3  4.655702E-13
6205.2  4.629386E-13
6208.1  4.614737E-13
6211.  4.592195E-13
6213.9  4.587394E-13
6216.8  4.606418E-13
6219.7  4.622409E-13
6222.6  4.605663E-13
6225.5  4.578950E-13
6228.4  4.547716E-13
6231.3  4.509750E-13
6234.2  4.474701E-13
6237.1  4.460045E-13
6240.  4.454684E-13
6242.9  4.437162E-13
6245.8  4.443162E-13
6248.7  4.460995E-13
6251.6  4.470983E-13
6254.5  4.462872E-13
6257.4  4.465265E-13
6260.3  4.494593E-13
6263.2  4.530750E-13
6266.1  4.526337E-13
6269.  4.505576E-13
6271.9  4.498384E-13
6274.8  4.480634E-13
6277.7  4.472797E-13
6280.6  4.470467E-13
6283.5  4.459348E-13
6286.4  4.434997E-13
6289.3  4.411238E-13
6292.2  4.390151E-13
6295.1  4.386481E-13
6298.  4.382532E-13
6300.9  4.371745E-13
6303.8  4.361047E-13
6306.7  4.376947E-13
6309.6  4.405759E-13
6312.5  4.385245E-13
6315.4  4.358852E-13
6318.3  4.367755E-13
6321.2  4.374313E-13
6324.1  4.353309E-13
6327.  4.334296E-13
6329.9  4.316376E-13
6332.8  4.312659E-13
6335.7  4.315391E-13
6338.6  4.300563E-13
6341.5  4.270879E-13
6344.4  4.254301E-13
6347.3  4.254524E-13
6350.2  4.273862E-13
6353.1  4.268596E-13
6356.  4.254576E-13
6358.9  4.247254E-13
6361.8  4.257156E-13
6364.7  4.259158E-13
6367.6  4.253676E-13
6370.5  4.249333E-13
6373.4  4.283496E-13
6376.3  4.305574E-13
6379.2  4.325751E-13
6382.1  4.309375E-13
6385.  4.298721E-13
6387.9  4.290984E-13
6390.8  4.280208E-13
6393.7  4.267634E-13
6396.6  4.253352E-13
6399.5  4.234281E-13
6402.4  4.231336E-13
6405.3  4.212082E-13
6408.2  4.156116E-13
6411.1  4.143917E-13
6414.  4.147241E-13
6416.9  4.136064E-13
6419.8  4.134392E-13
6422.7  4.150673E-13
6425.6  4.154981E-13
6428.5  4.139037E-13
6431.4  4.111626E-13
6434.3  4.082326E-13
6437.2  4.081349E-13
6440.1  4.095390E-13
6443.  4.096919E-13
6445.9  4.102032E-13
6448.8  4.105037E-13
6451.7  4.090800E-13
6454.6  4.058358E-13
6457.5  4.017315E-13
6460.4  4.014998E-13
6463.3  4.054265E-13
6466.2  4.069839E-13
6469.1  4.074668E-13
6472.  4.092511E-13
6474.9  4.114294E-13
6477.8  4.105534E-13
6480.7  4.084003E-13
6483.6  4.029639E-13
6486.5  3.998704E-13
6489.4  3.965284E-13
6492.3  3.951513E-13
6495.2  3.963138E-13
6498.1  3.980965E-13
6501.  3.990013E-13
6503.9  3.980048E-13
6506.8  3.955231E-13
6509.7  3.928973E-13
6512.6  3.903148E-13
6515.5  3.875928E-13
6518.4  3.854070E-13
6521.3  3.841327E-13
6524.2  3.825129E-13
6527.1  3.793896E-13
6530.  3.744764E-13
6532.9  3.678174E-13
6535.8  3.599688E-13
6538.7  3.508133E-13
6541.6  3.395240E-13
6544.5  3.257605E-13
6547.4  3.097267E-13
6550.3  2.917914E-13
6553.2  2.729822E-13
6556.1  2.569069E-13
6559.  2.476553E-13
6561.9  2.494201E-13
6564.8  2.634320E-13
6567.7  2.837727E-13
6570.6  3.048189E-13
6573.5  3.234353E-13
6576.4  3.379835E-13
6579.3  3.488577E-13
6582.2  3.566902E-13
6585.1  3.622300E-13
6588.  3.664747E-13
6590.9  3.703418E-13
6593.8  3.737597E-13
6596.7  3.763489E-13
6599.6  3.778425E-13
6602.5  3.783039E-13
6605.4  3.788503E-13
6608.3  3.802368E-13
6611.2  3.823543E-13
6614.1  3.844723E-13
6617.  3.850701E-13
6619.9  3.841559E-13
6622.8  3.830578E-13
6625.7  3.820184E-13
6628.6  3.807869E-13
6631.5  3.795887E-13
6634.4  3.787481E-13
6637.3  3.788405E-13
6640.2  3.800559E-13
6643.1  3.811480E-13
6646.  3.811224E-13
6648.9  3.799100E-13
6651.8  3.780418E-13
6654.7  3.768868E-13
6657.6  3.767092E-13
6660.5  3.766343E-13
6663.4  3.767356E-13
6666.3  3.775499E-13
6669.2  3.782171E-13
6672.1  3.776448E-13
6675.  3.765651E-13
6677.9  3.759053E-13
6680.8  3.756896E-13
6683.7  3.756168E-13
6686.6  3.747295E-13
6689.5  3.728435E-13
6692.4  3.712004E-13
6695.3  3.702209E-13
6698.2  3.694272E-13
6701.1  3.687652E-13
6704.  3.683870E-13
6706.9  3.685663E-13
6709.8  3.695262E-13
6712.7  3.706320E-13
6715.6  3.711612E-13
6718.5  3.709909E-13
6721.4  3.702920E-13
6724.3  3.697832E-13
6727.2  3.698007E-13
6730.1  3.697880E-13
6733.  3.696312E-13
6735.9  3.697684E-13
6738.8  3.701039E-13
6741.7  3.702210E-13
6744.6  3.696485E-13
6747.5  3.680150E-13
6750.4  3.663455E-13
6753.3  3.657667E-13
6756.2  3.656630E-13
6759.1  3.652619E-13
6762.  3.643835E-13
6764.9  3.630019E-13
6767.8  3.612945E-13
6770.7  3.596662E-13
6773.6  3.587890E-13
6776.5  3.584841E-13
6779.4  3.578964E-13
6782.3  3.567844E-13
6785.2  3.552649E-13
6788.1  3.541586E-13
6791.  3.542808E-13
6793.9  3.548166E-13
6796.8  3.548812E-13
6799.7  3.547417E-13
6802.6  3.545728E-13
6805.5  3.540181E-13
6808.4  3.531108E-13
6811.3  3.524612E-13
6814.2  3.521283E-13
6817.1  3.516524E-13
6820.  3.509836E-13
6822.9  3.502943E-13
6825.8  3.494381E-13
6828.7  3.482373E-13
6831.6  3.469740E-13
6834.5  3.459666E-13
6837.4  3.452254E-13
6840.3  3.447209E-13
6843.2  3.444393E-13
6846.1  3.443523E-13
6849.  3.443244E-13
6851.9  3.446299E-13
6854.8  3.460887E-13
6857.7  3.469452E-13
6860.6  3.441785E-13
6863.5  3.377279E-13
6866.4  3.292191E-13
6869.3  3.247954E-13
6872.2  3.293590E-13
6875.1  3.368469E-13
6878.  3.411859E-13
6880.9  3.417396E-13
6883.8  3.396403E-13
6886.7  3.388211E-13
6889.6  3.403521E-13
6892.5  3.414772E-13
6895.4  3.413638E-13
6898.3  3.405279E-13
6901.2  3.393384E-13
6904.1  3.381834E-13
6907.  3.374694E-13
6909.9  3.373821E-13
6912.8  3.371233E-13
6915.7  3.359917E-13
6918.6  3.340262E-13
6921.5  3.318724E-13
6924.4  3.313549E-13
6927.3  3.326196E-13
6930.2  3.335342E-13
6933.1  3.331439E-13
6936.  3.314873E-13
6938.9  3.296374E-13
6941.8  3.291215E-13
6944.7  3.296229E-13
6947.6  3.302279E-13
6950.5  3.303443E-13
6953.4  3.297394E-13
6956.3  3.294700E-13
6959.2  3.301164E-13
6962.1  3.307928E-13
6965.  3.307541E-13
6967.9  3.295939E-13
6970.8  3.273752E-13
6973.7  3.246012E-13
6976.6  3.222820E-13
6979.5  3.215818E-13
6982.4  3.218991E-13
6985.3  3.220705E-13
6988.2  3.221605E-13
6991.1  3.224393E-13
6994.  3.229550E-13
6996.9  3.236582E-13
6999.8  3.242003E-13
7002.7  3.244637E-13
7005.6  3.248060E-13
7008.5  3.251020E-13
7011.4  3.247268E-13
7014.3  3.238217E-13
7017.2  3.229975E-13
7020.1  3.227332E-13
7023.  3.233410E-13
7025.9  3.244298E-13
7028.8  3.254124E-13
7031.7  3.259671E-13
7034.6  3.258241E-13
7037.5  3.246582E-13
7040.4  3.226203E-13
7043.3  3.206366E-13
7046.2  3.192853E-13
7049.1  3.186509E-13
7052.  3.186151E-13
7054.9  3.188795E-13
7057.8  3.190320E-13
7060.7  3.186724E-13
7063.6  3.179613E-13
7066.5  3.171756E-13
7069.4  3.159629E-13
7072.3  3.141947E-13
7075.2  3.127595E-13
7078.1  3.122249E-13
7081.  3.123435E-13
7083.9  3.127002E-13
7086.8  3.127110E-13
7089.7  3.122165E-13
7092.6  3.114591E-13
7095.5  3.106511E-13
7098.4  3.099944E-13
7101.3  3.096416E-13
7104.2  3.096662E-13
7107.1  3.100596E-13
7110.  3.106592E-13
7112.9  3.108822E-13
7115.8  3.103695E-13
7118.7  3.093910E-13
7121.6  3.081889E-13
7124.5  3.068476E-13
7127.4  3.057073E-13
7130.3  3.053093E-13
7133.2  3.054658E-13
7136.1  3.055782E-13
7139.  3.057367E-13
7141.9  3.062136E-13
7144.8  3.067265E-13
7147.7  3.069859E-13
7150.6  3.072863E-13
7153.5  3.076460E-13
7156.4  3.071335E-13
7159.3  3.054594E-13
7162.2  3.034576E-13
7165.1  3.016850E-13
7168.  3.003410E-13
7170.9  2.995771E-13
7173.8  2.994520E-13
7176.7  2.992105E-13
7179.6  2.979521E-13
7182.5  2.963360E-13
7185.4  2.952722E-13
7188.3  2.948867E-13
7191.2  2.949943E-13
7194.1  2.948139E-13
7197.  2.940092E-13
7199.9  2.931135E-13
7202.8  2.928511E-13
7205.7  2.942208E-13
7208.6  2.962019E-13
7211.5  2.963761E-13
7214.4  2.948984E-13
7217.3  2.931082E-13
7220.2  2.917020E-13
7223.1  2.910813E-13
7226.  2.908676E-13
7228.9  2.905698E-13
7231.8  2.899111E-13
7234.7  2.890108E-13
7237.6  2.888288E-13
7240.5  2.895604E-13
7243.4  2.903436E-13
7246.3  2.906214E-13
7249.2  2.901149E-13
7252.1  2.890203E-13
7255.  2.878215E-13
7257.9  2.868541E-13
7260.8  2.863303E-13
7263.7  2.863059E-13
7266.6  2.865783E-13
7269.5  2.859872E-13
7272.4  2.842908E-13
7275.3  2.838296E-13
7278.2  2.849770E-13
7281.1  2.849455E-13
7284.  2.832207E-13
7286.9  2.812733E-13
7289.8  2.805319E-13
7292.7  2.822864E-13
7295.6  2.841054E-13
7298.5  2.827787E-13
7301.4  2.799672E-13
7304.3  2.780181E-13
7307.2  2.770366E-13
7310.1  2.769949E-13
7313.  2.782184E-13
7315.9  2.803595E-13
7318.8  2.821680E-13
7321.7  2.828965E-13
7324.6  2.823366E-13
7327.5  2.814338E-13
7330.4  2.817971E-13
7333.3  2.830806E-13
7336.2  2.841298E-13
7339.1  2.841977E-13
7342.  2.828787E-13
7344.9  2.808676E-13
7347.8  2.789336E-13
7350.7  2.772498E-13
7353.6  2.760943E-13
7356.5  2.760494E-13
7359.4  2.769017E-13
7362.3  2.775272E-13
7365.2  2.776305E-13
7368.1  2.775390E-13
7371.  2.772414E-13
7373.9  2.766320E-13
7376.8  2.756134E-13
7379.7  2.741887E-13
7382.6  2.727580E-13
7385.5  2.717812E-13
7388.4  2.717661E-13
7391.3  2.726965E-13
7394.2  2.734738E-13
7397.1  2.736781E-13
7400.  2.739267E-13
7402.9  2.741061E-13
7405.8  2.735798E-13
7408.7  2.722257E-13
7411.6  2.702286E-13
7414.5  2.684012E-13
7417.4  2.675893E-13
7420.3  2.675201E-13
7423.2  2.677257E-13
7426.1  2.680476E-13
7429.  2.683744E-13
7431.9  2.687627E-13
7434.8  2.690494E-13
7437.7  2.687062E-13
7440.6  2.677738E-13
7443.5  2.667665E-13
7446.4  2.662892E-13
7449.3  2.669179E-13
7452.2  2.676354E-13
7455.1  2.670879E-13
7458.  2.660249E-13
7460.9  2.654402E-13
7463.8  2.652391E-13
7466.7  2.652034E-13
7469.6  2.651061E-13
7472.5  2.648066E-13
7475.4  2.643639E-13
7478.3  2.638931E-13
7481.2  2.635645E-13
7484.1  2.633460E-13
7487.  2.630629E-13
7489.9  2.627490E-13
7492.8  2.624870E-13
7495.7  2.621224E-13
7498.6  2.614667E-13
7501.5  2.602878E-13
7504.4  2.586349E-13
7507.3  2.572878E-13
7510.2  2.568497E-13
7513.1  2.574982E-13
7516.  2.589081E-13
7518.9  2.602088E-13
7521.8  2.609129E-13
7524.7  2.608709E-13
7527.6  2.605127E-13
7530.5  2.605009E-13
7533.4  2.606112E-13
7536.3  2.604502E-13
7539.2  2.602485E-13
7542.1  2.602085E-13
7545.  2.601573E-13
7547.9  2.599413E-13
7550.8  2.594726E-13
7553.7  2.588619E-13
7556.6  2.585188E-13
7559.5  2.583084E-13
7562.4  2.576569E-13
7565.3  2.567048E-13
7568.2  2.559377E-13
7571.1  2.554789E-13
7574.  2.553226E-13
7576.9  2.554793E-13
7579.8  2.558639E-13
7582.7  2.561130E-13
7585.6  2.560159E-13
7588.5  2.557897E-13
7591.4  2.555775E-13
7594.3  2.553657E-13
7597.2  2.551551E-13
7600.1  2.549450E-13
7603.  2.547341E-13
7605.9  2.545232E-13
7608.8  2.543123E-13
7611.7  2.541014E-13
7614.6  2.538904E-13
7617.5  2.536795E-13
7620.4  2.534686E-13
7623.3  2.532576E-13
7626.2  2.530467E-13
7629.1  2.528358E-13
7632.  2.526168E-13
7634.9  2.524068E-13
7637.8  2.522612E-13
7640.7  2.520214E-13
7643.6  2.514151E-13
7646.5  2.505271E-13
7649.4  2.495915E-13
7652.3  2.487171E-13
7655.2  2.479866E-13
7658.1  2.474263E-13
7661.  2.471131E-13
7663.9  2.474041E-13
7666.8  2.482655E-13
7669.7  2.489539E-13
7672.6  2.490162E-13
7675.5  2.483924E-13
7678.4  2.472521E-13
7681.3  2.459540E-13
7684.2  2.448096E-13
7687.1  2.440526E-13
7690.  2.436264E-13
7692.9  2.433625E-13
7695.8  2.430971E-13
7698.7  2.427360E-13
7701.6  2.424495E-13
7704.5  2.423249E-13
7707.4  2.422169E-13
7710.3  2.420288E-13
7713.2  2.416983E-13
7716.1  2.414518E-13
7719.  2.417377E-13
7721.9  2.422976E-13
7724.8  2.425466E-13
7727.7  2.422231E-13
7730.6  2.412931E-13
7733.5  2.404199E-13
7736.4  2.401868E-13
7739.3  2.403520E-13
7742.2  2.405106E-13
7745.1  2.400528E-13
7748.  2.390434E-13
7750.9  2.386528E-13
7753.8  2.389186E-13
7756.7  2.387873E-13
7759.6  2.384054E-13
7762.5  2.385251E-13
7765.4  2.388058E-13
7768.3  2.386194E-13
7771.2  2.378082E-13
7774.1  2.364951E-13
7777.  2.355479E-13
7779.9  2.355032E-13
7782.8  2.357416E-13
7785.7  2.358099E-13
7788.6  2.356653E-13
7791.5  2.354196E-13
7794.4  2.353923E-13
7797.3  2.354676E-13
7800.2  2.352538E-13
7803.1  2.348754E-13
7806.  2.346266E-13
7808.9  2.344639E-13
7811.8  2.342668E-13
7814.7  2.339208E-13
7817.6  2.333832E-13
7820.5  2.328234E-13
7823.4  2.323795E-13
7826.3  2.321109E-13
7829.2  2.319102E-13
7832.1  2.314664E-13
7835.  2.308269E-13
7837.9  2.303111E-13
7840.8  2.299176E-13
7843.7  2.295206E-13
7846.6  2.294307E-13
7849.5  2.299238E-13
7852.4  2.305504E-13
7855.3  2.308284E-13
7858.2  2.305899E-13
7861.1  2.298731E-13
7864.  2.290879E-13
7866.9  2.284056E-13
7869.8  2.276170E-13
7872.7  2.267756E-13
7875.6  2.261080E-13
7878.5  2.258088E-13
7881.4  2.260151E-13
7884.3  2.260715E-13
7887.2  2.252768E-13
7890.1  2.241575E-13
7893.  2.234315E-13
7895.9  2.236788E-13
7898.8  2.248685E-13
7901.7  2.255508E-13
7904.6  2.251521E-13
7907.5  2.245685E-13
7910.4  2.241903E-13
7913.3  2.239439E-13
7916.2  2.237592E-13
7919.1  2.235336E-13
7922.  2.231481E-13
7924.9  2.225353E-13
7927.8  2.220878E-13
7930.7  2.221172E-13
7933.6  2.221524E-13
7936.5  2.217995E-13
7939.4  2.210972E-13
7942.3  2.202925E-13
7945.2  2.199693E-13
7948.1  2.201264E-13
7951.  2.201209E-13
7953.9  2.198667E-13
7956.8  2.196164E-13
7959.7  2.195882E-13
7962.6  2.199329E-13
7965.5  2.201243E-13
7968.4  2.196412E-13
7971.3  2.188789E-13
7974.2  2.182210E-13
7977.1  2.175078E-13
7980.  2.167723E-13
7982.9  2.164845E-13
7985.8  2.166004E-13
7988.7  2.164784E-13
7991.6  2.159996E-13
7994.5  2.154135E-13
7997.4  2.149878E-13
8000.3  2.149650E-13
8003.2  2.148754E-13
8006.1  2.142206E-13
8009.  2.135898E-13
8011.9  2.135150E-13
8014.8  2.137244E-13
8017.7  2.139269E-13
8020.6  2.139169E-13
8023.5  2.137183E-13
8026.4  2.136935E-13
8029.3  2.138542E-13
8032.2  2.139258E-13
8035.1  2.137760E-13
8038.  2.133650E-13
8040.9  2.127973E-13
8043.8  2.122459E-13
8046.7  2.119349E-13
8049.6  2.120051E-13
8052.5  2.123113E-13
8055.4  2.126603E-13
8058.3  2.128528E-13
8061.2  2.128397E-13
8064.1  2.128309E-13
8067.  2.127579E-13
8069.9  2.123084E-13
8072.8  2.114543E-13
8075.7  2.103446E-13
8078.6  2.093558E-13
8081.5  2.088767E-13
8084.4  2.088103E-13
8087.3  2.089268E-13
8090.2  2.090560E-13
8093.1  2.090442E-13
8096.  2.087603E-13
8098.9  2.082903E-13
8101.8  2.080917E-13
8104.7  2.081255E-13
8107.6  2.078180E-13
8110.5  2.071980E-13
8113.4  2.066536E-13
8116.3  2.064870E-13
8119.2  2.068763E-13
8122.1  2.072339E-13
8125.  2.069212E-13
8127.9  2.058561E-13
8130.8  2.043866E-13
8133.7  2.039275E-13
8136.6  2.048535E-13
8139.5  2.053903E-13
8142.4  2.048908E-13
8145.3  2.041103E-13
8148.2  2.034614E-13
8151.1  2.031889E-13
8154.  2.027119E-13
8156.9  2.012065E-13
8159.8  1.998066E-13
8162.7  1.998618E-13
8165.6  2.010612E-13
8168.5  2.025794E-13
8171.4  2.027457E-13
8174.3  2.011392E-13
8177.2  2.002523E-13
8180.1  2.008721E-13
8183.  2.013180E-13
8185.9  2.010298E-13
8188.8  2.003280E-13
8191.7  1.994841E-13
8194.6  1.987853E-13
8197.5  1.986658E-13
8200.4  1.993784E-13
8203.3  1.998503E-13
8206.2  1.991767E-13
8209.1  1.981000E-13
8212.  1.973003E-13
8214.9  1.970454E-13
8217.8  1.967131E-13
8220.7  1.942454E-13
8223.6  1.902030E-13
8226.5  1.874356E-13
8229.4  1.876749E-13
8232.3  1.917445E-13
8235.2  1.964950E-13
8238.1  1.979045E-13
8241.  1.974308E-13
8243.9  1.972730E-13
8246.8  1.967917E-13
8249.7  1.955865E-13
8252.6  1.944521E-13
8255.5  1.939497E-13
8258.4  1.942514E-13
8261.3  1.950716E-13
8264.2  1.957247E-13
8267.1  1.953948E-13
8270.  1.933064E-13
8272.9  1.907989E-13
8275.8  1.898442E-13
8278.7  1.900359E-13
8281.6  1.904169E-13
8284.5  1.904644E-13
8287.4  1.900480E-13
8290.3  1.902819E-13
8293.2  1.914653E-13
8296.1  1.920797E-13
8299.  1.917905E-13
8301.9  1.917115E-13
8304.8  1.919716E-13
8307.7  1.920666E-13
8310.6  1.915035E-13
8313.5  1.898992E-13
8316.4  1.883525E-13
8319.3  1.880751E-13
8322.2  1.884682E-13
8325.1  1.887398E-13
8328.  1.885569E-13
8330.9  1.879336E-13
8333.8  1.876005E-13
8336.7  1.878251E-13
8339.6  1.881945E-13
8342.5  1.884092E-13
8345.4  1.882558E-13
8348.3  1.878886E-13
8351.2  1.876604E-13
8354.1  1.874918E-13
8357.  1.872211E-13
8359.9  1.872305E-13
8362.8  1.877490E-13
8365.7  1.880400E-13
8368.6  1.876943E-13
8371.5  1.873582E-13
8374.4  1.872424E-13
8377.3  1.868301E-13
8380.2  1.860586E-13
8383.1  1.852531E-13
8386.  1.846487E-13
8388.9  1.844153E-13
8391.8  1.843784E-13
8394.7  1.842516E-13
8397.6  1.840507E-13
8400.5  1.838325E-13
8403.4  1.835518E-13
8406.3  1.831455E-13
8409.2  1.824825E-13
8412.1  1.816035E-13
8415.  1.808319E-13
8417.9  1.803164E-13
8420.8  1.800005E-13
8423.7  1.798421E-13
8426.6  1.798059E-13
8429.5  1.796694E-13
8432.4  1.792054E-13
8435.3  1.788521E-13
8438.2  1.790455E-13
8441.1  1.793478E-13
8444.  1.793700E-13
8446.9  1.792696E-13
8449.8  1.791758E-13
8452.7  1.791718E-13
8455.6  1.789968E-13
8458.5  1.779663E-13
8461.4  1.763254E-13
8464.3  1.749588E-13
8467.2  1.745187E-13
8470.1  1.754008E-13
8473.  1.767425E-13
8475.9  1.774642E-13
8478.8  1.776639E-13
8481.7  1.775769E-13
8484.6  1.771429E-13
8487.5  1.763438E-13
8490.4  1.752485E-13
8493.3  1.737960E-13
8496.2  1.716891E-13
8499.1  1.695542E-13
8502.  1.687101E-13
8504.9  1.693382E-13
8507.8  1.709631E-13
8510.7  1.729897E-13
8513.6  1.748114E-13
8516.5  1.763834E-13
8519.4  1.777119E-13
8522.3  1.784434E-13
8525.2  1.783457E-13
8528.1  1.775984E-13
8531.  1.759846E-13
8533.9  1.725867E-13
8536.8  1.680617E-13
8539.7  1.644303E-13
8542.6  1.628606E-13
8545.5  1.638540E-13
8548.4  1.664754E-13
8551.3  1.692839E-13
8554.2  1.720369E-13
8557.1  1.747258E-13
8560.  1.770852E-13
8562.9  1.789555E-13
8565.8  1.804221E-13
8568.7  1.813695E-13
8571.6  1.813017E-13
8574.5  1.801263E-13
8577.4  1.781832E-13
8580.3  1.757076E-13
8583.2  1.728976E-13
8586.1  1.699092E-13
8589.  1.669180E-13
8591.9  1.645230E-13
8594.8  1.632876E-13
8597.7  1.632185E-13
8600.6  1.641582E-13
8603.5  1.658571E-13
8606.4  1.680812E-13
8609.3  1.707338E-13
8612.2  1.736009E-13
8615.1  1.763461E-13
8618.  1.787415E-13
8620.9  1.806565E-13
8623.8  1.820103E-13
8626.7  1.827640E-13
8629.6  1.831057E-13
8632.5  1.831758E-13
8635.4  1.823189E-13
8638.3  1.801364E-13
8641.2  1.775652E-13
8644.1  1.751153E-13
8647.  1.721580E-13
8649.9  1.683284E-13
8652.8  1.636538E-13
8655.7  1.586197E-13
8658.6  1.540646E-13
8661.5  1.512361E-13
8664.4  1.513545E-13
8667.3  1.537283E-13
8670.2  1.570404E-13
8673.1  1.609651E-13
8676.  1.651994E-13
8678.9  1.688411E-13
8681.8  1.714502E-13
8684.7  1.736524E-13
8687.6  1.758457E-13
8690.5  1.779701E-13
8693.4  1.798509E-13
8696.3  1.811802E-13
8699.2  1.819476E-13
8702.1  1.823252E-13
8705.  1.824104E-13
8707.9  1.822586E-13
8710.8  1.817101E-13
8713.7  1.806346E-13
8716.6  1.793505E-13
8719.5  1.779674E-13
8722.4  1.758815E-13
8725.3  1.728582E-13
8728.2  1.693799E-13
8731.1  1.655493E-13
8734.  1.610670E-13
8736.9  1.562472E-13
8739.8  1.518156E-13
8742.7  1.479291E-13
8745.6  1.446352E-13
8748.5  1.432982E-13
8751.4  1.451170E-13
8754.3  1.496136E-13
8757.2  1.556048E-13
8760.1  1.608304E-13
8763.  1.642141E-13
8765.9  1.671715E-13
8768.8  1.702707E-13
8771.7  1.729652E-13
8774.6  1.750339E-13
8777.5  1.764250E-13
8780.4  1.774613E-13
8783.3  1.786145E-13
8786.2  1.798297E-13
8789.1  1.809111E-13
8792.  1.820338E-13
8794.9  1.831615E-13
8797.8  1.833690E-13
8800.7  1.822630E-13
8803.6  1.806545E-13
8806.5  1.792123E-13
8809.4  1.783419E-13
8812.3  1.779235E-13
8815.2  1.773707E-13
8818.1  1.764736E-13
8821.  1.752415E-13
8823.9  1.738101E-13
8826.8  1.723440E-13
8829.7  1.708284E-13
8832.6  1.691648E-13
8835.5  1.671541E-13
8838.4  1.645983E-13
8841.3  1.612882E-13
8844.2  1.573827E-13
8847.1  1.536031E-13
8850.  1.500494E-13
8852.9  1.462927E-13
8855.8  1.423266E-13
8858.7  1.384148E-13
8861.6  1.362514E-13
8864.5  1.375919E-13
8867.4  1.412597E-13
8870.3  1.455277E-13
8873.2  1.495688E-13
8876.1  1.530821E-13
8879.  1.570684E-13
8881.9  1.616296E-13
8884.8  1.650703E-13
8887.7  1.670485E-13
8890.6  1.686644E-13
8893.5  1.700783E-13
8896.4  1.709055E-13
8899.3  1.712803E-13
8902.2  1.714905E-13
8905.1  1.717003E-13
8908.  1.719719E-13
8910.9  1.719131E-13
8913.8  1.713663E-13
8916.7  1.711704E-13
8919.6  1.716018E-13
8922.5  1.716566E-13
8925.4  1.713583E-13
8928.3  1.719829E-13
8931.2  1.734390E-13
8934.1  1.746940E-13
8937.  1.752735E-13
8939.9  1.750185E-13
8942.8  1.744320E-13
8945.7  1.741243E-13
8948.6  1.739965E-13
8951.5  1.738159E-13
8954.4  1.733554E-13
8957.3  1.725153E-13
8960.2  1.714864E-13
8963.1  1.704746E-13
8966.  1.696631E-13
8968.9  1.690922E-13
8971.8  1.686130E-13
8974.7  1.681242E-13
8977.6  1.675380E-13
8980.5  1.652237E-13
8983.4  1.597590E-13
8986.3  1.539287E-13
8989.2  1.504252E-13
8992.1  1.486023E-13
8995.  1.470171E-13
8997.9  1.430795E-13
9000.8  1.366994E-13
9003.7  1.318127E-13
9006.6  1.294941E-13
9009.5  1.280414E-13
9012.4  1.275990E-13
9015.3  1.291386E-13
9018.2  1.322834E-13
9021.1  1.362136E-13
9024.  1.404170E-13
9026.9  1.444951E-13
9029.8  1.484457E-13
9032.7  1.520930E-13
9035.6  1.544157E-13
9038.5  1.554182E-13
9041.4  1.568781E-13
9044.3  1.592136E-13
9047.2  1.613255E-13
9050.1  1.630972E-13
9053.  1.649797E-13
9055.9  1.662819E-13
9058.8  1.660725E-13
9061.7  1.648088E-13
9064.6  1.632813E-13
9067.5  1.618644E-13
9070.4  1.608928E-13
9073.3  1.607668E-13
9076.2  1.614720E-13
9079.1  1.622828E-13
9082.  1.629242E-13
9084.9  1.637409E-13
9087.8  1.645585E-13
9090.7  1.648753E-13
9093.6  1.648308E-13
9096.5  1.648345E-13
9099.4  1.650018E-13
9102.3  1.653452E-13
9105.2  1.658997E-13
9108.1  1.665504E-13
9111.  1.666903E-13
9113.9  1.661230E-13
9116.8  1.656429E-13
9119.7  1.654152E-13
9122.6  1.647839E-13
9125.5  1.633174E-13
9128.4  1.607381E-13
9131.3  1.585321E-13
9134.2  1.588226E-13
9137.1  1.611468E-13
9140.  1.640331E-13
9142.9  1.654425E-13
9145.8  1.640268E-13
9148.7  1.611388E-13
9151.6  1.585912E-13
9154.5  1.583842E-13
9157.4  1.606287E-13
9160.3  1.626350E-13
9163.2  1.626996E-13
9166.1  1.602088E-13
9169.  1.562379E-13
9171.9  1.528547E-13
9174.8  1.515468E-13
9177.7  1.530671E-13
9180.6  1.552481E-13
9183.5  1.557274E-13
9186.4  1.545612E-13
9189.3  1.523643E-13
9192.2  1.502678E-13
9195.1  1.488181E-13
9198.  1.473972E-13
9200.9  1.454060E-13
9203.8  1.422799E-13
9206.7  1.383713E-13
9209.6  1.346553E-13
9212.5  1.310662E-13
9215.4  1.272126E-13
9218.3  1.234011E-13
9221.2  1.201364E-13
9224.1  1.180092E-13
9227.  1.174899E-13
9229.9  1.187639E-13
9232.8  1.215674E-13
9235.7  1.249723E-13
9238.6  1.283462E-13
9241.5  1.314842E-13
9244.4  1.343968E-13
9247.3  1.372883E-13
9250.2  1.399635E-13
9253.1  1.420920E-13
9256.  1.438442E-13
9258.9  1.454950E-13
9261.8  1.471427E-13
9264.7  1.487509E-13
9267.6  1.499586E-13
9270.5  1.505212E-13
9273.4  1.504798E-13
9276.3  1.501173E-13
9279.2  1.499797E-13
9282.1  1.502955E-13
9285.  1.510516E-13
9287.9  1.513338E-13
9290.8  1.499382E-13
9293.7  1.480797E-13
9296.6  1.474633E-13
9299.5  1.478276E-13
9302.4  1.484443E-13
9305.3  1.483721E-13
9308.2  1.471397E-13
9311.1  1.455043E-13
9314.  1.441299E-13
9316.9  1.433028E-13
9319.8  1.434433E-13
9322.7  1.450226E-13
9325.6  1.471364E-13
9328.5  1.482179E-13
9331.4  1.474777E-13
9334.3  1.448198E-13
9337.2  1.421430E-13
9340.1  1.415018E-13
9343.  1.441312E-13
9345.9  1.493474E-13
9348.8  1.517742E-13
9351.7  1.495515E-13
9354.6  1.472765E-13
9357.5  1.471322E-13
9360.4  1.488082E-13
9363.3  1.501563E-13
9366.2  1.478225E-13
9369.1  1.442348E-13
9372.  1.436985E-13
9374.9  1.438834E-13
9377.8  1.419664E-13
9380.7  1.412869E-13
9383.6  1.442630E-13
9386.5  1.483736E-13
9389.4  1.514197E-13
9392.3  1.525731E-13
9395.2  1.514375E-13
9398.1  1.481962E-13
9401.  1.441851E-13
9403.9  1.414564E-13
9406.8  1.403050E-13
9409.7  1.400902E-13
9412.6  1.408927E-13
9415.5  1.426305E-13
9418.4  1.435084E-13
9421.3  1.422951E-13
9424.2  1.401348E-13
9427.1  1.386320E-13
9430.  1.403234E-13
9432.9  1.437699E-13
9435.8  1.417185E-13
9438.7  1.360558E-13
9441.6  1.360034E-13
9444.5  1.408050E-13
9447.4  1.448926E-13
9450.3  1.456138E-13
9453.2  1.419841E-13
9456.1  1.384506E-13
9459.  1.390733E-13
9461.9  1.416408E-13
9464.8  1.438337E-13
9467.7  1.450097E-13
9470.6  1.446364E-13
9473.5  1.423747E-13
9476.4  1.394370E-13
9479.3  1.382171E-13
9482.2  1.394018E-13
9485.1  1.425240E-13
9488.  1.439195E-13
9490.9  1.397978E-13
9493.8  1.332934E-13
9496.7  1.287904E-13
9499.6  1.291219E-13
9502.5  1.345430E-13
9505.4  1.394639E-13
9508.3  1.399398E-13
9511.2  1.356483E-13
9514.1  1.285379E-13
9517.  1.228556E-13
9519.9  1.203522E-13
9522.8  1.208041E-13
9525.7  1.221852E-13
9528.6  1.218586E-13
9531.5  1.196118E-13
9534.4  1.160811E-13
9537.3  1.119375E-13
9540.2  1.081583E-13
9543.1  1.062260E-13
9546.  1.067247E-13
9548.9  1.085400E-13
9551.8  1.109874E-13
9554.7  1.140900E-13
9557.6  1.172154E-13
9560.5  1.193750E-13
9563.4  1.211904E-13
9566.3  1.238540E-13
9569.2  1.274987E-13
9572.1  1.316324E-13
9575.  1.335896E-13
9577.9  1.318865E-13
9580.8  1.303654E-13
9583.7  1.311749E-13
9586.6  1.315035E-13
9589.5  1.308952E-13
9592.4  1.323149E-13
9595.3  1.351961E-13
9598.2  1.362664E-13
9601.1  1.356082E-13
9604.  1.349088E-13
9606.9  1.350072E-13
9609.8  1.362299E-13
9612.7  1.369342E-13
9615.6  1.357079E-13
9618.5  1.334094E-13
9621.4  1.313557E-13
9624.3  1.314612E-13
9627.2  1.336450E-13
9630.1  1.346695E-13
9633.  1.339418E-13
9635.9  1.333997E-13
9638.8  1.334053E-13
9641.7  1.335018E-13
9644.6  1.336998E-13
9647.5  1.340672E-13
9650.4  1.344770E-13
9653.3  1.347424E-13
9656.2  1.344354E-13
9659.1  1.335115E-13
9662.  1.329445E-13
9664.9  1.332902E-13
9667.8  1.343544E-13
9670.7  1.354798E-13
9673.6  1.355370E-13
9676.5  1.347030E-13
9679.4  1.340055E-13
9682.3  1.338827E-13
9685.2  1.344437E-13
9688.1  1.350831E-13
9691.  1.351395E-13
9693.9  1.347509E-13
9696.8  1.341999E-13
9699.7  1.337647E-13
9702.6  1.336302E-13
9705.5  1.337627E-13
9708.4  1.340454E-13
9711.3  1.342754E-13
9714.2  1.344015E-13
9717.1  1.344935E-13
9720.  1.344468E-13
9722.9  1.341071E-13
9725.8  1.334329E-13
9728.7  1.324734E-13
9731.6  1.313934E-13
9734.5  1.304690E-13
9737.4  1.302541E-13
9740.3  1.309746E-13
9743.2  1.322696E-13
9746.1  1.334037E-13
9749.  1.331690E-13
9751.9  1.319003E-13
9754.8  1.311789E-13
9757.7  1.314707E-13
9760.6  1.325877E-13
9763.5  1.336823E-13
9766.4  1.338240E-13
9769.3  1.331441E-13
9772.2  1.320832E-13
9775.1  1.312647E-13
9778.  1.310397E-13
9780.9  1.310401E-13
9783.8  1.308808E-13
9786.7  1.301942E-13
9789.6  1.292495E-13
9792.5  1.289229E-13
9795.4  1.291677E-13
9798.3  1.294087E-13
9801.2  1.294511E-13
9804.1  1.292524E-13
9807.  1.288890E-13
9809.9  1.285028E-13
9812.8  1.282979E-13
9815.7  1.283619E-13
9818.6  1.284922E-13
9821.5  1.284716E-13
9824.4  1.280524E-13
9827.3  1.274618E-13
9830.2  1.274784E-13
9833.1  1.276775E-13
9836.  1.269144E-13
9838.9  1.257331E-13
9841.8  1.252348E-13
9844.7  1.252848E-13
9847.6  1.254770E-13
9850.5  1.257046E-13
9853.4  1.258385E-13
9856.3  1.256597E-13
9859.2  1.250876E-13
9862.1  1.242302E-13
9865.  1.234216E-13
9867.9  1.232280E-13
9870.8  1.236299E-13
9873.7  1.241667E-13
9876.6  1.243910E-13
9879.5  1.239406E-13
9882.4  1.228482E-13
9885.3  1.214049E-13
9888.2  1.205304E-13
9891.1  1.208194E-13
9894.  1.213856E-13
9896.9  1.216762E-13
9899.8  1.222992E-13
9902.7  1.231276E-13
9905.6  1.229874E-13
9908.5  1.221464E-13
9911.4  1.220246E-13
9914.3  1.224130E-13
9917.2  1.223597E-13
9920.1  1.219962E-13
9923.  1.217744E-13
9925.9  1.220651E-13
9928.8  1.230992E-13
9931.7  1.249152E-13
9934.6  1.269027E-13
9937.5  1.269697E-13
9940.4  1.247646E-13
9943.3  1.225794E-13
9946.2  1.216614E-13
9949.1  1.222617E-13
9952.  1.233700E-13
9954.9  1.232636E-13
9957.8  1.225476E-13
9960.7  1.225079E-13
9963.6  1.226998E-13
9966.5  1.224829E-13
9969.4  1.218533E-13
9972.3  1.209913E-13
9975.2  1.204312E-13
9978.1  1.203470E-13
9981.  1.202486E-13
9983.9  1.198884E-13
9986.8  1.192915E-13
9989.7  1.185987E-13
9992.6  1.180159E-13
9995.5  1.177399E-13
9998.4  1.178731E-13
10001.3  1.175639E-13
10004.2  1.160867E-13
10007.1  1.145399E-13
10010.  1.138266E-13
10012.9  1.134278E-13
10015.8  1.128824E-13
10018.7  1.120460E-13
10021.6  1.108433E-13
10024.5  1.092682E-13
10027.4  1.078429E-13
10030.3  1.074156E-13
10033.2  1.073743E-13
10036.1  1.065479E-13
10039.  1.047443E-13
10041.9  1.022595E-13
10044.8  1.002990E-13
10047.7  9.985620E-14
10050.6  1.006331E-13
10053.5  1.021227E-13
10056.4  1.038253E-13
10059.3  1.051501E-13
10062.2  1.054513E-13
10065.1  1.049940E-13
10068.  1.047695E-13
10070.9  1.050635E-13
10073.8  1.057755E-13
10076.7  1.062590E-13
10079.6  1.059203E-13
10082.5  1.060168E-13
10085.4  1.075951E-13
10088.3  1.096608E-13
10091.2  1.111322E-13
10094.1  1.110979E-13
10097.  1.099901E-13
10099.9  1.103271E-13
10102.8  1.123684E-13
10105.7  1.142274E-13
10108.6  1.152788E-13
10111.5  1.156127E-13
10114.4  1.154924E-13
10117.3  1.152976E-13
10120.2  1.149928E-13
10123.1  1.145607E-13
10126.  1.145268E-13
10128.9  1.151756E-13
10131.8  1.161363E-13
10134.7  1.168746E-13
10137.6  1.166105E-13
10140.5  1.156086E-13
10143.4  1.152431E-13
10146.3  1.156533E-13
10149.2  1.161685E-13
10152.1  1.163464E-13
10155.  1.158857E-13
10157.9  1.148474E-13
10160.8  1.135318E-13
10163.7  1.127043E-13
10166.6  1.128726E-13
10169.5  1.137623E-13
10172.4  1.146349E-13
10175.3  1.139852E-13
10178.2  1.119069E-13
10181.1  1.103799E-13
10184.  1.103273E-13
10186.9  1.118409E-13
10189.8  1.137599E-13
10192.7  1.144530E-13
10195.6  1.142059E-13
10198.5  1.138255E-13
10201.4  1.134682E-13
10204.3  1.132356E-13
10207.2  1.132693E-13
10210.1  1.135721E-13
10213.  1.140230E-13
10215.9  1.141868E-13
10218.8  1.131207E-13
10221.7  1.116381E-13
10224.6  1.119420E-13
10227.5  1.135226E-13
10230.4  1.145583E-13
10233.3  1.145818E-13
10236.2  1.136797E-13
10239.1  1.126553E-13
10242.  1.122668E-13
10244.9  1.124184E-13
10247.8  1.127034E-13
10250.7  1.121033E-13
10253.6  1.107944E-13
10256.5  1.108195E-13
10259.4  1.125195E-13
10262.3  1.147025E-13
10265.2  1.159533E-13
10268.1  1.148753E-13
10271.  1.127466E-13
10273.9  1.116380E-13
10276.8  1.115403E-13
10279.7  1.119258E-13
10282.6  1.120143E-13
10285.5  1.115268E-13
10288.4  1.119284E-13
10291.3  1.134492E-13
10294.2  1.141811E-13
10297.1  1.129962E-13
10300.  1.095515E-13
10302.9  1.056090E-13
10305.8  1.041089E-13
10308.7  1.052685E-13
10311.6  1.079586E-13
10314.5  1.087005E-13
10317.4  1.049930E-13
10320.3  1.026646E-13
10323.2  1.058161E-13
10326.1  1.095550E-13
10329.  1.104817E-13
10331.9  1.090200E-13
10334.8  1.069133E-13
10337.7  1.076685E-13
10340.6  1.106506E-13
10343.5  1.121623E-13
10346.4  1.118399E-13
10349.3  1.108271E-13
10352.2  1.099737E-13
10355.1  1.099378E-13
10358.  1.101353E-13
10360.9  1.099866E-13
10363.8  1.099781E-13
10366.7  1.101873E-13
10369.6  1.094818E-13
10372.5  1.081938E-13
10375.4  1.088395E-13
10378.3  1.103496E-13
10381.2  1.088198E-13
10384.1  1.052324E-13
10387.  1.028677E-13
10389.9  1.026219E-13
10392.8  1.043234E-13
10395.7  1.060523E-13
10398.6  1.060189E-13
10401.5  1.044618E-13
10404.4  1.023031E-13
10407.3  1.011271E-13
10410.2  1.023264E-13
10413.1  1.071119E-13
10416.  1.130817E-13
10418.9  1.146776E-13
10421.8  1.116012E-13
10424.7  1.067275E-13
10427.6  1.029749E-13
10430.5  1.027818E-13
10433.4  1.038788E-13
10436.3  1.037003E-13
10439.2  1.044382E-13
10442.1  1.070791E-13
10445.  1.078368E-13
10447.9  1.054763E-13
10450.8  1.031916E-13
10453.7  1.030249E-13
10456.6  1.059241E-13
10459.5  1.093632E-13
10462.4  1.086984E-13
10465.3  1.057313E-13
10468.2  1.045692E-13
10471.1  1.048443E-13
10474.  1.053101E-13
10476.9  1.065412E-13
10479.8  1.082536E-13
10482.7  1.067429E-13
10485.6  1.015524E-13
10488.5  9.880265E-14
10491.4  1.000335E-13
10494.3  1.012640E-13
10497.2  1.004775E-13
10500.1  9.694139E-14
10503.  9.393786E-14
10505.9  9.602972E-14
10508.8  9.964380E-14
10511.7  9.990279E-14
10514.6  9.784052E-14
10517.5  9.571872E-14
10520.4  9.698578E-14
10523.3  1.022110E-13
10526.2  1.050490E-13
10529.1  1.043051E-13
10532.  1.064726E-13
10534.9  1.106033E-13
10537.8  1.098886E-13
10540.7  1.057553E-13
10543.6  1.034497E-13
10546.5  1.028478E-13
10549.4  1.024041E-13
10552.3  1.036338E-13
10555.2  1.069580E-13
10558.1  1.062560E-13
10561.  9.940172E-14
10563.9  9.526981E-14
10566.8  9.756495E-14
10569.7  1.013582E-13
10572.6  1.042704E-13
10575.5  1.064774E-13
10578.4  1.058122E-13
10581.3  9.935453E-14
10584.2  9.438174E-14
10587.1  9.967961E-14
10590.  1.055486E-13
10592.9  1.022025E-13
10595.8  9.909758E-14
10598.7  1.024032E-13
10601.6  1.025504E-13
10604.5  9.685547E-14
10607.4  9.556769E-14
10610.3  1.001511E-13
10613.2  1.028900E-13
10616.1  1.027738E-13
10619.  1.028190E-13
10621.9  1.030004E-13
10624.8  1.024496E-13
10627.7  1.016281E-13
10630.6  1.011899E-13
10633.5  1.018264E-13
10636.4  1.034664E-13
10639.3  1.039464E-13
10642.2  1.019184E-13
10645.1  9.736670E-14
10648.  9.300236E-14
10650.9  9.524156E-14
10653.8  1.001780E-13
10656.7  9.658596E-14
10659.6  8.982577E-14
10662.5  9.146786E-14
10665.4  9.900830E-14
10668.3  1.061590E-13
10671.2  1.080784E-13
10674.1  1.023020E-13
10677.  9.267350E-14
10679.9  8.503465E-14
10682.8  8.724492E-14
10685.7  1.009531E-13
10688.6  1.199352E-13
10691.5  1.346069E-13
10694.4  1.336719E-13
10697.3  1.183278E-13
10700.2  9.705214E-14
10703.1  8.043681E-14
10706.  7.730605E-14
10708.9  8.139216E-14
10711.8  8.453335E-14
10714.7  8.564913E-14
10717.6  8.510117E-14
10720.5  8.503002E-14
10723.4  8.754980E-14
10726.3  9.481371E-14
10729.2  1.025797E-13
10732.1  1.006215E-13
10735.  9.368921E-14
10737.9  9.416564E-14
10740.8  1.041123E-13
10743.7  1.202789E-13
10746.6  1.270096E-13
10749.5  1.121009E-13
10752.4  8.821614E-14
10755.3  7.014548E-14
10758.2  6.894098E-14
10761.1  8.469802E-14
10764.  9.945738E-14
10766.9  1.043725E-13
10769.8  1.006376E-13
10772.7  9.719362E-14
10775.6  1.078833E-13
10778.5  1.217620E-13
10781.4  1.203068E-13
10784.3  1.107050E-13
10787.2  1.051277E-13
10790.1  1.098050E-13
10793.  1.243463E-13
10795.9  1.296605E-13
10798.8  1.185787E-13
10801.7  1.095580E-13
10804.6  1.110921E-13
10807.5  1.195450E-13
10810.4  1.272019E-13
10813.3  1.236097E-13
10816.2  1.089013E-13
10819.1  8.908263E-14
10822.  7.852029E-14
10824.9  8.888789E-14
10827.8  1.031553E-13
10830.7  1.055767E-13
10833.6  1.042286E-13
10836.5  1.044636E-13
10839.4  1.016142E-13
10842.3  9.458177E-14
10845.2  8.545252E-14
10848.1  8.137212E-14
10851.  9.398848E-14
10853.9  1.086949E-13
10856.8  9.997061E-14
10859.7  8.233061E-14
10862.6  7.921693E-14
10865.5  8.586071E-14
10868.4  9.290576E-14
10871.3  9.466649E-14
10874.2  8.800415E-14
10877.1  7.535061E-14
10880.  6.265791E-14
10882.9  6.027729E-14
10885.8  6.798099E-14
10888.7  7.544209E-14
10891.6  7.868771E-14
10894.5  7.793986E-14
10897.4  7.342670E-14
10900.3  6.649325E-14
10903.2  7.073168E-14
10906.1  9.351894E-14
10909.  1.046065E-13
10911.9  8.368419E-14
10914.8  4.747149E-14
10917.7  1.534147E-14
10920.6  5.946617E-15
10923.5  2.494011E-14
10926.4  6.317843E-14
10929.3  1.017566E-13
10932.2  1.176835E-13
10935.1  1.059900E-13
10938.  7.303918E-14
10940.9  4.570820E-14
10943.8  4.840998E-14
10946.7  6.771995E-14
10949.6  8.583322E-14
10952.5  9.248619E-14
10955.4  8.486350E-14
10958.3  7.340729E-14
10961.2  6.739417E-14
10964.1  7.670305E-14
10967.  7.849363E-14
10969.9  2.692359E-14
10972.8  -3.312264E-14
10975.7  -2.447394E-14
10978.6  2.123938E-14
10981.5  4.981462E-14
10984.4  6.837392E-14
10987.3  8.642098E-14
10990.2  8.747182E-14
10993.1  6.959456E-14
10996.  6.289756E-14
10998.9  7.541953E-14
