3050.  2.134818E-14
3052.9  1.791148E-14
3055.8  2.540380E-14
3058.7  1.329920E-14
3061.6  1.327102E-14
3064.5  2.299346E-14
3067.4  2.077809E-14
3070.3  1.043390E-14
3073.2  1.363771E-14
3076.1  1.723434E-14
3079.  7.128726E-15
3081.9  1.934394E-14
3084.8  2.683549E-15
3087.7  1.091416E-14
3090.6  2.155558E-14
3093.5  1.270552E-14
3096.4  4.630777E-15
3099.3  3.184017E-15
3102.2  1.004371E-14
3105.1  1.672936E-14
3108.  2.157451E-14
3110.9  1.991494E-14
3113.8  1.561239E-14
3116.7  2.057950E-14
3119.6  2.164536E-14
3122.5  1.149565E-14
3125.4  1.673652E-14
3128.3  2.500717E-14
3131.2  1.481170E-14
3134.1  1.106502E-14
3137.  1.625166E-14
3139.9  2.187673E-14
3142.8  1.888196E-14
3145.7  1.463527E-14
3148.6  1.845696E-14
3151.5  1.752691E-14
3154.4  1.775314E-14
3157.3  1.946176E-14
3160.2  1.755405E-14
3163.1  1.920545E-14
3166.  1.819348E-14
3168.9  1.796883E-14
3171.8  1.947593E-14
3174.7  2.037983E-14
3177.6  2.120235E-14
3180.5  1.805153E-14
3183.4  1.808855E-14
3186.3  1.879514E-14
3189.2  2.160902E-14
3192.1  1.854003E-14
3195.  1.860347E-14
3197.9  1.674836E-14
3200.8  2.271807E-14
3203.7  2.163184E-14
3206.6  2.358893E-14
3209.5  1.851238E-14
3212.4  1.470224E-14
3215.3  1.583689E-14
3218.2  1.992731E-14
3221.1  1.374252E-14
3224.  1.546790E-14
3226.9  1.877712E-14
3229.8  1.501180E-14
3232.7  1.646975E-14
3235.6  1.912373E-14
3238.5  2.011598E-14
3241.4  2.109721E-14
3244.3  2.280248E-14
3247.2  2.340762E-14
3250.1  2.497139E-14
3253.  2.635699E-14
3255.9  2.863117E-14
3258.8  2.935105E-14
3261.7  3.024638E-14
3264.6  2.933717E-14
3267.5  2.910128E-14
3270.4  2.750974E-14
3273.3  2.877767E-14
3276.2  3.145695E-14
3279.1  2.656800E-14
3282.  2.348288E-14
3284.9  2.501727E-14
3287.8  2.999710E-14
3290.7  3.207352E-14
3293.6  3.156598E-14
3296.5  3.086488E-14
3299.4  3.035614E-14
3302.3  2.842326E-14
3305.2  3.073281E-14
3308.1  2.885181E-14
3311.  2.946237E-14
3313.9  3.078614E-14
3316.8  2.877838E-14
3319.7  3.057786E-14
3322.6  3.134312E-14
3325.5  3.032156E-14
3328.4  2.766578E-14
3331.3  2.540586E-14
3334.2  2.785174E-14
3337.1  2.834487E-14
3340.  2.891912E-14
3342.9  2.927789E-14
3345.8  2.825873E-14
3348.7  2.918951E-14
3351.6  2.886323E-14
3354.5  2.703588E-14
3357.4  2.311247E-14
3360.3  2.214306E-14
3363.2  2.565512E-14
3366.1  2.472768E-14
3369.  2.368117E-14
3371.9  2.525734E-14
3374.8  2.629360E-14
3377.7  2.681567E-14
3380.6  2.842285E-14
3383.5  2.944877E-14
3386.4  2.784063E-14
3389.3  2.814972E-14
3392.2  2.953912E-14
3395.1  3.024246E-14
3398.  3.311889E-14
3400.9  3.112267E-14
3403.8  2.716139E-14
3406.7  2.638854E-14
3409.6  2.521048E-14
3412.5  2.564421E-14
3415.4  2.784282E-14
3418.3  2.724844E-14
3421.2  2.899583E-14
3424.1  3.241641E-14
3427.  3.086029E-14
3429.9  2.898383E-14
3432.8  2.646615E-14
3435.7  2.388707E-14
3438.6  1.982461E-14
3441.5  1.883074E-14
3444.4  2.321224E-14
3447.3  2.630004E-14
3450.2  2.819297E-14
3453.1  2.765818E-14
3456.  2.565527E-14
3458.9  2.428929E-14
3461.8  2.819081E-14
3464.7  2.931539E-14
3467.6  2.587246E-14
3470.5  2.626047E-14
3473.4  2.683966E-14
3476.3  2.739700E-14
3479.2  1.266870E-14
3482.1  1.044452E-14
3485.  2.559102E-14
3487.9  2.639351E-14
3490.8  2.443653E-14
3493.7  2.799854E-14
3496.6  3.112796E-14
3499.5  3.267953E-14
3502.4  3.310695E-14
3505.3  3.097060E-14
3508.2  3.012908E-14
3511.1  2.978515E-14
3514.  2.871873E-14
3516.9  2.897649E-14
3519.8  2.794205E-14
3522.7  2.582507E-14
3525.6  2.907570E-14
3528.5  3.120375E-14
3531.4  3.386398E-14
3534.3  3.587095E-14
3537.2  3.690954E-14
3540.1  3.880982E-14
3543.  3.757576E-14
3545.9  3.603772E-14
3548.8  3.394427E-14
3551.7  3.166013E-14
3554.6  3.077056E-14
3557.5  2.873297E-14
3560.4  2.791233E-14
3563.3  2.550758E-14
3566.2  2.320048E-14
3569.1  2.217668E-14
3572.  2.178516E-14
3574.9  2.052746E-14
3577.8  2.042103E-14
3580.7  1.905795E-14
3583.6  1.753683E-14
3586.5  2.269869E-14
3589.4  2.892999E-14
3592.3  3.317478E-14
3595.2  3.719714E-14
3598.1  3.607336E-14
3601.  3.245698E-14
3603.9  2.900853E-14
3606.8  2.530884E-14
3609.7  2.713012E-14
3612.6  2.926576E-14
3615.5  2.947327E-14
3618.4  2.926758E-14
3621.3  3.157446E-14
3624.2  3.425123E-14
3627.1  3.501806E-14
3630.  3.370979E-14
3632.9  3.388359E-14
3635.8  3.732024E-14
3638.7  3.775605E-14
3641.6  3.530803E-14
3644.5  3.429737E-14
3647.4  3.407231E-14
3650.3  3.814867E-14
3653.2  4.423384E-14
3656.1  4.553166E-14
3659.  4.717472E-14
3661.9  4.768487E-14
3664.8  4.574527E-14
3667.7  4.451442E-14
3670.6  4.474819E-14
3673.5  4.326486E-14
3676.4  4.015563E-14
3679.3  3.566528E-14
3682.2  3.661901E-14
3685.1  3.690473E-14
3688.  3.719041E-14
3690.9  3.747610E-14
3693.8  3.776182E-14
3696.7  3.804750E-14
3699.6  4.337301E-14
3702.5  3.838178E-14
3705.4  3.495237E-14
3708.3  3.735194E-14
3711.2  4.145151E-14
3714.1  4.081346E-14
3717.  3.406584E-14
3719.9  2.898889E-14
3722.8  2.813982E-14
3725.7  3.092152E-14
3728.6  2.994722E-14
3731.5  2.560570E-14
3734.4  2.221849E-14
3737.3  2.246936E-14
3740.2  2.396217E-14
3743.1  2.336565E-14
3746.  2.316814E-14
3748.9  2.543568E-14
3751.8  3.002580E-14
3754.7  3.239818E-14
3757.6  2.993438E-14
3760.5  2.999703E-14
3763.4  3.053742E-14
3766.3  3.352816E-14
3769.2  3.865598E-14
3772.1  4.350060E-14
3775.  4.451349E-14
3777.9  4.491605E-14
3780.8  4.349461E-14
3783.7  4.029879E-14
3786.6  3.564138E-14
3789.5  3.195133E-14
3792.4  3.071345E-14
3795.3  2.996691E-14
3798.2  3.070489E-14
3801.1  3.364983E-14
3804.  3.605083E-14
3806.9  3.593308E-14
3809.8  3.176362E-14
3812.7  2.764451E-14
3815.6  2.311636E-14
3818.5  1.952951E-14
3821.4  1.765364E-14
3824.3  1.609875E-14
3827.2  1.596804E-14
3830.1  1.658210E-14
3833.  1.731087E-14
3835.9  1.860181E-14
3838.8  1.980855E-14
3841.7  2.306069E-14
3844.6  2.705306E-14
3847.5  2.824686E-14
3850.4  2.658475E-14
3853.3  2.442618E-14
3856.2  2.302121E-14
3859.1  2.304140E-14
3862.  2.448049E-14
3864.9  2.580541E-14
3867.8  2.557612E-14
3870.7  2.530164E-14
3873.6  2.720708E-14
3876.5  2.883339E-14
3879.4  2.754888E-14
3882.3  2.856403E-14
3885.2  3.010858E-14
3888.1  3.193877E-14
3891.  3.656044E-14
3893.9  3.750105E-14
3896.8  3.596314E-14
3899.7  3.564148E-14
3902.6  3.622853E-14
3905.5  3.930577E-14
3908.4  4.322076E-14
3911.3  4.563782E-14
3914.2  4.413665E-14
3917.1  3.993910E-14
3920.  3.464737E-14
3922.9  2.952800E-14
3925.8  2.549372E-14
3928.7  2.084018E-14
3931.6  1.635047E-14
3934.5  1.776358E-14
3937.4  2.416821E-14
3940.3  3.013606E-14
3943.2  3.445251E-14
3946.1  4.000765E-14
3949.  4.275264E-14
3951.9  4.498758E-14
3954.8  4.313458E-14
3957.7  3.855718E-14
3960.6  3.169072E-14
3963.5  2.484625E-14
3966.4  2.242378E-14
3969.3  2.420092E-14
3972.2  3.080518E-14
3975.1  4.069171E-14
3978.  4.966496E-14
3980.9  5.370203E-14
3983.8  5.504333E-14
3986.7  5.856407E-14
3989.6  6.160890E-14
3992.5  6.212225E-14
3995.4  6.196181E-14
3998.3  6.250422E-14
4001.2  6.244047E-14
4004.1  6.109965E-14
4007.  6.331867E-14
4009.9  6.615895E-14
4012.8  6.728556E-14
4015.7  6.832164E-14
4018.6  6.888087E-14
4021.5  6.801259E-14
4024.4  6.549158E-14
4027.3  6.195249E-14
4030.2  5.864984E-14
4033.1  5.834952E-14
4036.  6.197564E-14
4038.9  6.308046E-14
4041.8  5.765835E-14
4044.7  5.462722E-14
4047.6  5.832876E-14
4050.5  6.212941E-14
4053.4  6.108480E-14
4056.3  5.668810E-14
4059.2  5.313796E-14
4062.1  5.099747E-14
4065.  5.208642E-14
4067.9  5.442639E-14
4070.8  5.473053E-14
4073.7  5.555438E-14
4076.6  5.789232E-14
4079.5  5.925785E-14
4082.4  6.225162E-14
4085.3  6.671197E-14
4088.2  6.807564E-14
4091.1  6.701499E-14
4094.  6.281461E-14
4096.9  5.956875E-14
4099.8  5.752197E-14
4102.7  5.931335E-14
4105.6  6.293139E-14
4108.5  6.416641E-14
4111.4  6.494578E-14
4114.3  6.602519E-14
4117.2  6.673508E-14
4120.1  6.594617E-14
4123.  6.579533E-14
4125.9  6.479594E-14
4128.8  6.284040E-14
4131.7  6.107894E-14
4134.6  6.184726E-14
4137.5  6.430110E-14
4140.4  6.270991E-14
4143.3  5.981916E-14
4146.2  6.041721E-14
4149.1  6.264653E-14
4152.  6.265352E-14
4154.9  6.287669E-14
4157.8  6.595646E-14
4160.7  6.839860E-14
4163.6  6.874776E-14
4166.5  6.792575E-14
4169.4  6.443187E-14
4172.3  6.152683E-14
4175.2  6.115730E-14
4178.1  6.145743E-14
4181.  6.097510E-14
4183.9  6.008937E-14
4186.8  6.023260E-14
4189.7  6.250604E-14
4192.6  6.227780E-14
4195.5  5.934681E-14
4198.4  5.731806E-14
4201.3  5.905943E-14
4204.2  6.487108E-14
4207.1  6.755292E-14
4210.  6.916626E-14
4212.9  6.787109E-14
4215.8  6.642609E-14
4218.7  6.429406E-14
4221.6  5.986638E-14
4224.5  5.443077E-14
4227.4  5.340635E-14
4230.3  5.922693E-14
4233.2  6.177428E-14
4236.1  6.458661E-14
4239.  6.656597E-14
4241.9  6.862863E-14
4244.8  6.623434E-14
4247.7  6.147905E-14
4250.6  5.906346E-14
4253.5  5.964626E-14
4256.4  6.049532E-14
4259.3  6.053652E-14
4262.2  6.372672E-14
4265.1  6.367038E-14
4268.  5.915227E-14
4270.9  5.290203E-14
4273.8  5.466381E-14
4276.7  6.106176E-14
4279.6  6.243722E-14
4282.5  6.192881E-14
4285.4  6.046558E-14
4288.3  5.853421E-14
4291.2  5.674143E-14
4294.1  5.544607E-14
4297.  4.938424E-14
4299.9  4.434689E-14
4302.8  4.239494E-14
4305.7  4.239068E-14
4308.6  4.551884E-14
4311.5  5.518346E-14
4314.4  6.645566E-14
4317.3  7.163412E-14
4320.2  6.928074E-14
4323.1  6.400156E-14
4326.  6.425121E-14
4328.9  7.144533E-14
4331.8  7.571485E-14
4334.7  7.323681E-14
4337.6  6.762355E-14
4340.5  6.640355E-14
4343.4  7.031899E-14
4346.3  7.441273E-14
4349.2  7.413856E-14
4352.1  7.173891E-14
4355.  7.309323E-14
4357.9  7.621861E-14
4360.8  7.848945E-14
4363.7  7.996205E-14
4366.6  7.826618E-14
4369.5  7.481713E-14
4372.4  7.209158E-14
4375.3  6.874168E-14
4378.2  6.517366E-14
4381.1  5.997604E-14
4384.  5.774104E-14
4386.9  6.190442E-14
4389.8  6.778639E-14
4392.7  7.085795E-14
4395.6  7.210812E-14
4398.5  7.101511E-14
4401.4  6.704197E-14
4404.3  6.513374E-14
4407.2  6.899359E-14
4410.1  7.471212E-14
4413.  7.669001E-14
4415.9  7.709004E-14
4418.8  7.846751E-14
4421.7  7.737069E-14
4424.6  7.573535E-14
4427.5  7.614423E-14
4430.4  7.677087E-14
4433.3  7.638208E-14
4436.2  7.754659E-14
4439.1  7.916646E-14
4442.  7.992261E-14
4444.9  8.103561E-14
4447.8  8.095326E-14
4450.7  7.817893E-14
4453.6  7.362248E-14
4456.5  6.982700E-14
4459.4  7.051862E-14
4462.3  7.427722E-14
4465.2  7.941923E-14
4468.1  8.497001E-14
4471.  8.879345E-14
4473.9  8.948982E-14
4476.8  8.728061E-14
4479.7  8.605373E-14
4482.6  8.561364E-14
4485.5  8.577027E-14
4488.4  8.410446E-14
4491.3  8.294420E-14
4494.2  8.328924E-14
4497.1  8.467927E-14
4500.  8.718173E-14
4502.9  8.944809E-14
4505.8  9.045646E-14
4508.7  9.088308E-14
4511.6  8.885429E-14
4514.5  8.726131E-14
4517.4  8.718633E-14
4520.3  8.699062E-14
4523.2  8.354520E-14
4526.1  7.906090E-14
4529.  7.683100E-14
4531.9  7.772646E-14
4534.8  8.108558E-14
4537.7  8.468614E-14
4540.6  8.597670E-14
4543.5  8.533122E-14
4546.4  8.440797E-14
4549.3  8.345276E-14
4552.2  8.316142E-14
4555.1  8.648701E-14
4558.  8.912645E-14
4560.9  8.913008E-14
4563.8  8.784951E-14
4566.7  8.753488E-14
4569.6  9.050986E-14
4572.5  9.142009E-14
4575.4  9.011094E-14
4578.3  8.705115E-14
4581.2  8.509772E-14
4584.1  8.481617E-14
4587.  8.640502E-14
4589.9  8.794168E-14
4592.8  8.698719E-14
4595.7  8.548401E-14
4598.6  8.474082E-14
4601.5  8.551046E-14
4604.4  8.763313E-14
4607.3  9.076005E-14
4610.2  9.057083E-14
4613.1  8.986090E-14
4616.  9.108833E-14
4618.9  9.100313E-14
4621.8  9.121860E-14
4624.7  9.166238E-14
4627.6  9.085860E-14
4630.5  9.024693E-14
4633.4  8.861162E-14
4636.3  8.644363E-14
4639.2  8.493064E-14
4642.1  8.429655E-14
4645.  8.339560E-14
4647.9  8.270367E-14
4650.8  8.444675E-14
4653.7  8.532109E-14
4656.6  8.623060E-14
4659.5  8.689679E-14
4662.4  8.460070E-14
4665.3  8.240315E-14
4668.2  8.129041E-14
4671.1  8.387689E-14
4674.  8.682573E-14
4676.9  8.755483E-14
4679.8  8.527290E-14
4682.7  8.411548E-14
4685.6  8.579307E-14
4688.5  8.600611E-14
4691.4  8.562397E-14
4694.3  8.545402E-14
4697.2  8.311379E-14
4700.1  7.898511E-14
4703.  7.692185E-14
4705.9  7.803340E-14
4708.8  8.068332E-14
4711.7  8.353281E-14
4714.6  8.641575E-14
4717.5  8.845909E-14
4720.4  8.874203E-14
4723.3  8.840407E-14
4726.2  8.677873E-14
4729.1  8.437005E-14
4732.  8.423021E-14
4734.9  8.438275E-14
4737.8  8.593504E-14
4740.7  8.814045E-14
4743.6  8.889315E-14
4746.5  8.961928E-14
4749.4  9.030961E-14
4752.3  8.876884E-14
4755.2  8.766211E-14
4758.1  8.770271E-14
4761.  8.550341E-14
4763.9  8.419201E-14
4766.8  8.458687E-14
4769.7  8.764108E-14
4772.6  8.995318E-14
4775.5  9.127437E-14
4778.4  9.064045E-14
4781.3  9.001995E-14
4784.2  8.748545E-14
4787.1  8.799091E-14
4790.  8.970416E-14
4792.9  9.190464E-14
4795.8  9.204836E-14
4798.7  8.996538E-14
4801.6  9.066612E-14
4804.5  9.190203E-14
4807.4  9.185789E-14
4810.3  9.256135E-14
4813.2  9.272639E-14
4816.1  9.440995E-14
4819.  9.337058E-14
4821.9  9.141655E-14
4824.8  8.915263E-14
4827.7  8.868964E-14
4830.6  8.825124E-14
4833.5  8.881521E-14
4836.4  8.998429E-14
4839.3  8.673489E-14
4842.2  8.433736E-14
4845.1  8.399360E-14
4848.  8.476801E-14
4850.9  8.631745E-14
4853.8  8.529960E-14
4856.7  8.025285E-14
4859.6  7.380836E-14
4862.5  7.280731E-14
4865.4  7.746160E-14
4868.3  7.838687E-14
4871.2  7.709625E-14
4874.1  7.946682E-14
4877.  8.234176E-14
4879.9  8.496241E-14
4882.8  8.412027E-14
4885.7  8.131321E-14
4888.6  7.937444E-14
4891.5  8.223260E-14
4894.4  8.751311E-14
4897.3  9.079127E-14
4900.2  9.090634E-14
4903.1  8.876618E-14
4906.  8.819588E-14
4908.9  8.753214E-14
4911.8  8.687227E-14
4914.7  8.543607E-14
4917.6  8.067815E-14
4920.5  7.570913E-14
4923.4  7.963287E-14
4926.3  8.524224E-14
4929.2  8.859395E-14
4932.1  8.673908E-14
4935.  8.287654E-14
4937.9  8.102941E-14
4940.8  8.463313E-14
4943.7  8.882981E-14
4946.6  9.033130E-14
4949.5  8.946771E-14
4952.4  8.622976E-14
4955.3  8.372936E-14
4958.2  8.249318E-14
4961.1  8.631085E-14
4964.  8.765714E-14
4966.9  8.625113E-14
4969.8  8.732248E-14
4972.7  8.873166E-14
4975.6  8.731218E-14
4978.5  8.428331E-14
4981.4  8.128318E-14
4984.3  8.049636E-14
4987.2  8.306772E-14
4990.1  8.517923E-14
4993.  8.480835E-14
4995.9  8.555347E-14
4998.8  8.415598E-14
5001.7  8.044535E-14
5004.6  7.882425E-14
5007.5  7.865633E-14
5010.4  7.903520E-14
5013.3  7.886846E-14
5016.2  7.926403E-14
5019.1  8.034951E-14
5022.  8.147260E-14
5024.9  8.211198E-14
5027.8  8.416289E-14
5030.7  8.660188E-14
5033.6  8.607118E-14
5036.5  8.296268E-14
5039.4  8.012588E-14
5042.3  8.111183E-14
5045.2  8.415529E-14
5048.1  8.401872E-14
5051.  8.371195E-14
5053.9  8.637774E-14
5056.8  8.909116E-14
5059.7  9.030415E-14
5062.6  8.812646E-14
5065.5  8.403036E-14
5068.4  8.262293E-14
5071.3  8.264554E-14
5074.2  8.250259E-14
5077.1  8.173110E-14
5080.  8.071502E-14
5082.9  8.167630E-14
5085.8  8.404735E-14
5088.7  8.622999E-14
5091.6  8.724559E-14
5094.5  8.609635E-14
5097.4  8.315497E-14
5100.3  8.221073E-14
5103.2  8.285451E-14
5106.1  8.285733E-14
5109.  8.268047E-14
5111.9  8.319785E-14
5114.8  8.485329E-14
5117.7  8.499637E-14
5120.6  8.347416E-14
5123.5  8.050426E-14
5126.4  8.055023E-14
5129.3  8.071082E-14
5132.2  8.012947E-14
5135.1  7.860044E-14
5138.  7.503415E-14
5140.9  7.447187E-14
5143.8  7.726912E-14
5146.7  8.002535E-14
5149.6  8.103171E-14
5152.5  8.197441E-14
5155.4  8.418526E-14
5158.3  8.428594E-14
5161.2  7.967397E-14
5164.1  7.089303E-14
5167.  6.220146E-14
5169.9  6.050882E-14
5172.8  6.302277E-14
5175.7  7.037794E-14
5178.6  7.195598E-14
5181.5  6.654770E-14
5184.4  6.508952E-14
5187.3  7.168784E-14
5190.2  7.622693E-14
5193.1  7.714571E-14
5196.  7.941436E-14
5198.9  8.097597E-14
5201.8  8.077482E-14
5204.7  7.623323E-14
5207.6  7.529193E-14
5210.5  7.905498E-14
5213.4  8.267397E-14
5216.3  8.473746E-14
5219.2  8.578719E-14
5222.1  8.401414E-14
5225.  7.995531E-14
5227.9  7.817045E-14
5230.8  7.983550E-14
5233.7  8.310162E-14
5236.6  8.716069E-14
5239.5  8.875139E-14
5242.4  8.756017E-14
5245.3  8.660118E-14
5248.2  8.626804E-14
5251.1  8.613070E-14
5254.  8.687430E-14
5256.9  8.722644E-14
5259.8  8.515742E-14
5262.7  7.777947E-14
5265.6  7.095855E-14
5268.5  6.979427E-14
5271.4  7.237064E-14
5274.3  7.917152E-14
5277.2  8.539253E-14
5280.1  8.672941E-14
5283.  8.657247E-14
5285.9  8.950917E-14
5288.8  9.214884E-14
5291.7  9.116545E-14
5294.6  8.799779E-14
5297.5  8.446124E-14
5300.4  8.490918E-14
5303.3  8.752391E-14
5306.2  9.176635E-14
5309.1  9.345614E-14
5312.  9.318188E-14
5314.9  9.080022E-14
5317.8  8.864078E-14
5320.7  8.613587E-14
5323.6  8.188686E-14
5326.5  7.792247E-14
5329.4  7.817659E-14
5332.3  8.530167E-14
5335.2  8.951140E-14
5338.1  8.887483E-14
5341.  8.682129E-14
5343.9  8.655185E-14
5346.8  8.604306E-14
5349.7  8.694072E-14
5352.6  8.905901E-14
5355.5  9.088337E-14
5358.4  9.161666E-14
5361.3  9.042695E-14
5364.2  8.737084E-14
5367.1  8.491343E-14
5370.  8.272927E-14
5372.9  8.461077E-14
5375.8  8.963499E-14
5378.7  8.971320E-14
5381.6  9.013465E-14
5384.5  9.093708E-14
5387.4  8.915433E-14
5390.3  8.708879E-14
5393.2  8.497501E-14
5396.1  8.219188E-14
5399.  8.299931E-14
5401.9  8.345546E-14
5404.8  7.997251E-14
5407.7  8.042636E-14
5410.6  8.356392E-14
5413.5  8.633137E-14
5416.4  8.911171E-14
5419.3  8.971587E-14
5422.2  8.721870E-14
5425.1  8.598945E-14
5428.  8.610952E-14
5430.9  8.426041E-14
5433.8  8.427088E-14
5436.7  8.709423E-14
5439.6  8.881577E-14
5442.5  8.707314E-14
5445.4  8.473689E-14
5448.3  8.570617E-14
5451.2  8.859481E-14
5454.1  8.799478E-14
5457.  8.770986E-14
5459.9  8.874344E-14
5462.8  8.777960E-14
5465.7  8.771761E-14
5468.6  8.832441E-14
5471.5  8.782978E-14
5474.4  8.565459E-14
5477.3  8.513092E-14
5480.2  8.600836E-14
5483.1  8.784491E-14
5486.  8.912315E-14
5488.9  8.950201E-14
5491.8  8.910215E-14
5494.7  8.844875E-14
5497.6  8.772875E-14
5500.5  8.720854E-14
5503.4  8.662651E-14
5506.3  8.702540E-14
5509.2  8.721671E-14
5512.1  8.566488E-14
5515.  8.637695E-14
5517.9  8.900192E-14
5520.8  8.939773E-14
5523.7  8.755394E-14
5526.6  8.580895E-14
5529.5  8.508671E-14
5532.4  8.716582E-14
5535.3  8.893652E-14
5538.2  8.888443E-14
5541.1  8.910804E-14
5544.  8.935195E-14
5546.9  8.916750E-14
5549.8  8.910637E-14
5552.7  8.912632E-14
5555.6  8.827547E-14
5558.5  8.776808E-14
5561.4  8.740573E-14
5564.3  8.797899E-14
5567.2  8.672564E-14
5570.1  8.560310E-14
5573.  8.489495E-14
5575.9  8.622694E-14
5578.8  8.779677E-14
5581.7  8.694908E-14
5584.6  8.291186E-14
5587.5  7.886966E-14
5590.4  7.973038E-14
5593.3  8.272289E-14
5596.2  8.368602E-14
5599.1  8.403051E-14
5602.  8.498602E-14
5604.9  8.727635E-14
5607.8  8.994343E-14
5610.7  8.974112E-14
5613.6  8.622207E-14
5616.5  8.398813E-14
5619.4  8.568717E-14
5622.3  8.657040E-14
5625.2  8.692409E-14
5628.1  8.875861E-14
5631.  8.935643E-14
5633.9  8.883307E-14
5636.8  8.710541E-14
5639.7  8.551666E-14
5642.6  8.661582E-14
5645.5  8.783342E-14
5648.4  8.776096E-14
5651.3  8.737373E-14
5654.2  8.700418E-14
5657.1  8.479575E-14
5660.  8.368665E-14
5662.9  8.537872E-14
5665.8  8.740553E-14
5668.7  8.812349E-14
5671.6  8.837489E-14
5674.5  8.938294E-14
5677.4  8.948866E-14
5680.3  8.728172E-14
5683.2  8.645755E-14
5686.1  8.656636E-14
5689.  8.679197E-14
5691.9  8.740269E-14
5694.8  8.923777E-14
5697.7  8.813534E-14
5700.6  8.606776E-14
5703.5  8.541007E-14
5706.4  8.415459E-14
5709.3  8.286443E-14
5712.2  8.422423E-14
5715.1  8.692653E-14
5718.  8.950103E-14
5720.9  9.086435E-14
5723.8  9.110768E-14
5726.7  9.067551E-14
5729.6  8.971397E-14
5732.5  8.990971E-14
5735.4  9.078139E-14
5738.3  9.108841E-14
5741.2  9.196755E-14
5744.1  9.203730E-14
5747.  9.021760E-14
5749.9  8.906979E-14
5752.8  8.789967E-14
5755.7  8.760088E-14
5758.6  8.960976E-14
5761.5  9.699670E-14
5764.4  9.389647E-14
5767.3  9.079478E-14
5770.2  9.104454E-14
5773.1  9.057124E-14
5776.  8.974082E-14
5778.9  8.768379E-14
5781.8  8.478706E-14
5784.7  8.460118E-14
5787.6  8.715588E-14
5790.5  8.807831E-14
5793.4  8.822745E-14
5796.3  8.941575E-14
5799.2  8.974576E-14
5802.1  8.981501E-14
5805.  8.952114E-14
5807.9  8.963468E-14
5810.8  9.020599E-14
5813.7  9.038968E-14
5816.6  9.059681E-14
5819.5  9.141508E-14
5822.4  9.216876E-14
5825.3  9.199726E-14
5828.2  9.167195E-14
5831.1  9.172960E-14
5834.  9.141368E-14
5836.9  9.113314E-14
5839.8  9.126705E-14
5842.7  9.082940E-14
5845.6  9.012651E-14
5848.5  8.916565E-14
5851.4  8.802797E-14
5854.3  8.628515E-14
5857.2  8.517921E-14
5860.1  8.529788E-14
5863.  8.611562E-14
5865.9  8.736937E-14
5868.8  8.868649E-14
5871.7  9.007886E-14
5874.6  9.107584E-14
5877.5  9.042664E-14
5880.4  8.808968E-14
5883.3  8.452223E-14
5886.2  7.956400E-14
5889.1  7.505972E-14
5892.  7.398391E-14
5894.9  7.589979E-14
5897.8  7.843951E-14
5900.7  8.081264E-14
5903.6  8.160862E-14
5906.5  8.158471E-14
5909.4  8.293065E-14
5912.3  8.488918E-14
5915.2  8.549025E-14
5918.1  8.619392E-14
5921.  8.746434E-14
5923.9  8.878645E-14
5926.8  8.869924E-14
5929.7  8.844984E-14
5932.6  8.845824E-14
5935.5  8.882530E-14
5938.4  8.914596E-14
5941.3  8.881346E-14
5944.2  8.838037E-14
5947.1  8.798015E-14
5950.  8.734608E-14
5952.9  8.737369E-14
5955.8  8.753828E-14
5958.7  8.774856E-14
5961.6  8.824114E-14
5964.5  8.836683E-14
5967.4  8.815306E-14
5970.3  8.808056E-14
5973.2  8.753003E-14
5976.1  8.714986E-14
5979.  8.676054E-14
5981.9  8.630886E-14
5984.8  8.621111E-14
5987.7  8.688288E-14
5990.6  8.757212E-14
5993.5  8.755022E-14
5996.4  8.711499E-14
5999.3  8.689433E-14
6002.2  8.679906E-14
6005.1  8.612385E-14
6008.  8.585969E-14
6010.9  8.605074E-14
6013.8  8.583352E-14
6016.7  8.532158E-14
6019.6  8.504507E-14
6022.5  8.552779E-14
6025.4  8.664869E-14
6028.3  8.771740E-14
6031.2  8.808392E-14
6034.1  8.780258E-14
6037.  8.686239E-14
6039.9  8.664610E-14
6042.8  8.715607E-14
6045.7  8.755311E-14
6048.6  8.766504E-14
6051.5  8.726702E-14
6054.4  8.669989E-14
6057.3  8.621505E-14
6060.2  8.644797E-14
6063.1  8.636946E-14
6066.  8.634033E-14
6068.9  8.711703E-14
6071.8  8.782566E-14
6074.7  8.733223E-14
6077.6  8.620681E-14
6080.5  8.618607E-14
6083.4  8.574437E-14
6086.3  8.553654E-14
6089.2  8.534626E-14
6092.1  8.449209E-14
6095.  8.441067E-14
6097.9  8.439330E-14
6100.8  8.334564E-14
6103.7  8.412277E-14
6106.6  8.485188E-14
6109.5  8.490542E-14
6112.4  8.495903E-14
6115.3  8.469675E-14
6118.2  8.339294E-14
6121.1  8.282298E-14
6124.  8.319913E-14
6126.9  8.332254E-14
6129.8  8.370287E-14
6132.7  8.231367E-14
6135.6  8.136981E-14
6138.5  8.281093E-14
6141.4  8.388661E-14
6144.3  8.408199E-14
6147.2  8.348275E-14
6150.1  8.270802E-14
6153.  8.221837E-14
6155.9  8.142563E-14
6158.8  7.952788E-14
6161.7  7.866944E-14
6164.6  7.931797E-14
6167.5  7.997253E-14
6170.4  8.131061E-14
6173.3  8.274748E-14
6176.2  8.361349E-14
6179.1  8.411628E-14
6182.  8.417915E-14
6184.9  8.412037E-14
6187.8  8.311597E-14
6190.7  8.334838E-14
6193.6  8.431420E-14
6196.5  8.480993E-14
6199.4  8.494392E-14
6202.3  8.486630E-14
6205.2  8.460229E-14
6208.1  8.377473E-14
6211.  8.365831E-14
6213.9  8.341627E-14
6216.8  8.296350E-14
6219.7  8.305961E-14
6222.6  8.358981E-14
6225.5  8.291482E-14
6228.4  8.115389E-14
6231.3  8.051589E-14
6234.2  8.119791E-14
6237.1  8.186447E-14
6240.  8.209682E-14
6242.9  8.161135E-14
6245.8  8.159127E-14
6248.7  8.112291E-14
6251.6  8.062479E-14
6254.5  8.141679E-14
6257.4  8.194840E-14
6260.3  8.256418E-14
6263.2  8.346496E-14
6266.1  8.397163E-14
6269.  8.426059E-14
6271.9  8.452898E-14
6274.8  8.404554E-14
6277.7  8.310086E-14
6280.6  8.230945E-14
6283.5  8.256534E-14
6286.4  8.361034E-14
6289.3  8.359746E-14
6292.2  8.355701E-14
6295.1  8.221569E-14
6298.  8.149922E-14
6300.9  8.127966E-14
6303.8  8.276618E-14
6306.7  8.289086E-14
6309.6  8.184100E-14
6312.5  8.027835E-14
6315.4  7.975708E-14
6318.3  7.990701E-14
6321.2  8.084728E-14
6324.1  8.249142E-14
6327.  8.289909E-14
6329.9  8.288933E-14
6332.8  8.290935E-14
6335.7  8.185930E-14
6338.6  8.217152E-14
6341.5  8.308552E-14
6344.4  8.311880E-14
6347.3  8.246011E-14
6350.2  8.175151E-14
6353.1  8.123183E-14
6356.  8.081386E-14
6358.9  7.995466E-14
6361.8  7.922736E-14
6364.7  7.979191E-14
6367.6  8.177294E-14
6370.5  8.322897E-14
6373.4  8.336727E-14
6376.3  8.231772E-14
6379.2  8.175167E-14
6382.1  8.194821E-14
6385.  8.205153E-14
6387.9  8.160458E-14
6390.8  8.055480E-14
6393.7  8.004243E-14
6396.6  8.004693E-14
6399.5  7.984064E-14
6402.4  8.022706E-14
6405.3  8.009408E-14
6408.2  7.932201E-14
6411.1  7.900803E-14
6414.  7.952729E-14
6416.9  7.953920E-14
6419.8  7.920520E-14
6422.7  7.978762E-14
6425.6  8.060332E-14
6428.5  8.097926E-14
6431.4  8.070297E-14
6434.3  8.078594E-14
6437.2  8.058982E-14
6440.1  8.027354E-14
6443.  8.063686E-14
6445.9  8.137147E-14
6448.8  8.094927E-14
6451.7  7.976601E-14
6454.6  7.970070E-14
6457.5  8.000805E-14
6460.4  7.973396E-14
6463.3  7.944739E-14
6466.2  8.019831E-14
6469.1  8.069830E-14
6472.  8.051181E-14
6474.9  8.053601E-14
6477.8  8.060878E-14
6480.7  8.109126E-14
6483.6  8.134618E-14
6486.5  8.098962E-14
6489.4  8.029192E-14
6492.3  7.941875E-14
6495.2  7.870930E-14
6498.1  7.871516E-14
6501.  7.951628E-14
6503.9  8.074935E-14
6506.8  8.187368E-14
6509.7  8.230732E-14
6512.6  8.211171E-14
6515.5  8.163542E-14
6518.4  8.130145E-14
6521.3  8.140515E-14
6524.2  8.157627E-14
6527.1  8.150810E-14
6530.  8.136150E-14
6532.9  8.122105E-14
6535.8  8.102643E-14
6538.7  8.070186E-14
6541.6  8.012805E-14
6544.5  7.940323E-14
6547.4  7.875830E-14
6550.3  7.788831E-14
6553.2  7.637577E-14
6556.1  7.426135E-14
6559.  7.190272E-14
6561.9  7.050031E-14
6564.8  7.089367E-14
6567.7  7.259406E-14
6570.6  7.487236E-14
6573.5  7.686695E-14
6576.4  7.815261E-14
6579.3  7.891485E-14
6582.2  7.929345E-14
6585.1  7.940772E-14
6588.  7.940977E-14
6590.9  7.943657E-14
6593.8  7.951970E-14
6596.7  7.964657E-14
6599.6  7.985792E-14
6602.5  8.013506E-14
6605.4  8.021981E-14
6608.3  8.006179E-14
6611.2  8.009392E-14
6614.1  8.045248E-14
6617.  8.087414E-14
6619.9  8.109096E-14
6622.8  8.083923E-14
6625.7  8.028390E-14
6628.6  7.980872E-14
6631.5  7.953279E-14
6634.4  7.946053E-14
6637.3  7.940267E-14
6640.2  7.922557E-14
6643.1  7.923081E-14
6646.  7.958155E-14
6648.9  8.004424E-14
6651.8  8.035351E-14
6654.7  8.021283E-14
6657.6  7.971058E-14
6660.5  7.929674E-14
6663.4  7.914906E-14
6666.3  7.926757E-14
6669.2  7.952290E-14
6672.1  7.973877E-14
6675.  7.992183E-14
6677.9  8.010469E-14
6680.8  8.027309E-14
6683.7  8.035899E-14
6686.6  8.013062E-14
6689.5  7.956639E-14
6692.4  7.899738E-14
6695.3  7.861637E-14
6698.2  7.844944E-14
6701.1  7.844685E-14
6704.  7.850428E-14
6706.9  7.839041E-14
6709.8  7.789470E-14
6712.7  7.738280E-14
6715.6  7.726247E-14
6718.5  7.739293E-14
6721.4  7.757433E-14
6724.3  7.770209E-14
6727.2  7.772422E-14
6730.1  7.769297E-14
6733.  7.767981E-14
6735.9  7.778049E-14
6738.8  7.788376E-14
6741.7  7.773779E-14
6744.6  7.743015E-14
6747.5  7.719487E-14
6750.4  7.715422E-14
6753.3  7.735490E-14
6756.2  7.762769E-14
6759.1  7.780678E-14
6762.  7.791178E-14
6764.9  7.796337E-14
6767.8  7.794010E-14
6770.7  7.786891E-14
6773.6  7.783720E-14
6776.5  7.783274E-14
6779.4  7.776058E-14
6782.3  7.767017E-14
6785.2  7.767213E-14
6788.1  7.775002E-14
6791.  7.784317E-14
6793.9  7.791347E-14
6796.8  7.791584E-14
6799.7  7.772033E-14
6802.6  7.735107E-14
6805.5  7.721170E-14
6808.4  7.742574E-14
6811.3  7.767083E-14
6814.2  7.778862E-14
6817.1  7.776497E-14
6820.  7.771304E-14
6822.9  7.781993E-14
6825.8  7.784253E-14
6828.7  7.745559E-14
6831.6  7.695164E-14
6834.5  7.665396E-14
6837.4  7.631335E-14
6840.3  7.585008E-14
6843.2  7.584883E-14
6846.1  7.645046E-14
6849.  7.699871E-14
6851.9  7.728364E-14
6854.8  7.755908E-14
6857.7  7.789109E-14
6860.6  7.826492E-14
6863.5  7.809829E-14
6866.4  7.676698E-14
6869.3  7.521777E-14
6872.2  7.457541E-14
6875.1  7.484006E-14
6878.  7.571450E-14
6880.9  7.669318E-14
6883.8  7.724608E-14
6886.7  7.686659E-14
6889.6  7.582751E-14
6892.5  7.531463E-14
6895.4  7.553234E-14
6898.3  7.594548E-14
6901.2  7.628033E-14
6904.1  7.637718E-14
6907.  7.632468E-14
6909.9  7.628093E-14
6912.8  7.616476E-14
6915.7  7.594508E-14
6918.6  7.588780E-14
6921.5  7.610587E-14
6924.4  7.635704E-14
6927.3  7.647252E-14
6930.2  7.642207E-14
6933.1  7.613068E-14
6936.  7.550180E-14
6938.9  7.480803E-14
6941.8  7.447584E-14
6944.7  7.440144E-14
6947.6  7.434577E-14
6950.5  7.444746E-14
6953.4  7.482479E-14
6956.3  7.534635E-14
6959.2  7.581163E-14
6962.1  7.590283E-14
6965.  7.557714E-14
6967.9  7.522597E-14
6970.8  7.495579E-14
6973.7  7.459148E-14
6976.6  7.426140E-14
6979.5  7.422542E-14
6982.4  7.446458E-14
6985.3  7.483954E-14
6988.2  7.509028E-14
6991.1  7.502211E-14
6994.  7.486564E-14
6996.9  7.478983E-14
6999.8  7.460396E-14
7002.7  7.426100E-14
7005.6  7.398554E-14
7008.5  7.381559E-14
7011.4  7.359320E-14
7014.3  7.336325E-14
7017.2  7.328525E-14
7020.1  7.339513E-14
7023.  7.366809E-14
7025.9  7.397362E-14
7028.8  7.419656E-14
7031.7  7.447317E-14
7034.6  7.489644E-14
7037.5  7.532829E-14
7040.4  7.563795E-14
7043.3  7.572527E-14
7046.2  7.563484E-14
7049.1  7.559176E-14
7052.  7.558787E-14
7054.9  7.544973E-14
7057.8  7.515315E-14
7060.7  7.474837E-14
7063.6  7.435825E-14
7066.5  7.410476E-14
7069.4  7.396043E-14
7072.3  7.387889E-14
7075.2  7.388959E-14
7078.1  7.395006E-14
7081.  7.386705E-14
7083.9  7.358479E-14
7086.8  7.323130E-14
7089.7  7.292872E-14
7092.6  7.278375E-14
7095.5  7.282541E-14
7098.4  7.302162E-14
7101.3  7.322713E-14
7104.2  7.328799E-14
7107.1  7.325012E-14
7110.  7.318643E-14
7112.9  7.307651E-14
7115.8  7.292895E-14
7118.7  7.283566E-14
7121.6  7.280981E-14
7124.5  7.274150E-14
7127.4  7.261973E-14
7130.3  7.252082E-14
7133.2  7.247873E-14
7136.1  7.250272E-14
7139.  7.246744E-14
7141.9  7.223791E-14
7144.8  7.195520E-14
7147.7  7.179724E-14
7150.6  7.181434E-14
7153.5  7.200425E-14
7156.4  7.229657E-14
7159.3  7.257552E-14
7162.2  7.266202E-14
7165.1  7.257709E-14
7168.  7.255825E-14
7170.9  7.256327E-14
7173.8  7.238501E-14
7176.7  7.190461E-14
7179.6  7.108919E-14
7182.5  7.019899E-14
7185.4  6.955599E-14
7188.3  6.946512E-14
7191.2  6.996132E-14
7194.1  7.035332E-14
7197.  7.022976E-14
7199.9  6.982922E-14
7202.8  6.941844E-14
7205.7  6.926146E-14
7208.6  6.948881E-14
7211.5  7.010270E-14
7214.4  7.069325E-14
7217.3  7.073505E-14
7220.2  7.050756E-14
7223.1  7.046528E-14
7226.  7.065115E-14
7228.9  7.098921E-14
7231.8  7.121090E-14
7234.7  7.119925E-14
7237.6  7.123948E-14
7240.5  7.141194E-14
7243.4  7.150143E-14
7246.3  7.145547E-14
7249.2  7.135248E-14
7252.1  7.119761E-14
7255.  7.097653E-14
7257.9  7.081759E-14
7260.8  7.085618E-14
7263.7  7.111043E-14
7266.6  7.148443E-14
7269.5  7.156144E-14
7272.4  7.112940E-14
7275.3  7.050111E-14
7278.2  7.000240E-14
7281.1  6.996650E-14
7284.  7.017640E-14
7286.9  6.988285E-14
7289.8  6.930555E-14
7292.7  6.917793E-14
7295.6  6.949086E-14
7298.5  6.996060E-14
7301.4  7.018674E-14
7304.3  6.990952E-14
7307.2  6.966329E-14
7310.1  6.982696E-14
7313.  7.005258E-14
7315.9  7.012191E-14
7318.8  7.010329E-14
7321.7  7.002772E-14
7324.6  6.989733E-14
7327.5  6.981579E-14
7330.4  6.992445E-14
7333.3  7.019019E-14
7336.2  7.049205E-14
7339.1  7.054632E-14
7342.  7.014712E-14
7344.9  6.962083E-14
7347.8  6.928492E-14
7350.7  6.915839E-14
7353.6  6.918431E-14
7356.5  6.920599E-14
7359.4  6.914743E-14
7362.3  6.903304E-14
7365.2  6.901632E-14
7368.1  6.932877E-14
7371.  6.978923E-14
7373.9  7.004333E-14
7376.8  6.993242E-14
7379.7  6.942138E-14
7382.6  6.873622E-14
7385.5  6.813134E-14
7388.4  6.772468E-14
7391.3  6.756883E-14
7394.2  6.761862E-14
7397.1  6.778599E-14
7400.  6.796329E-14
7402.9  6.802675E-14
7405.8  6.785761E-14
7408.7  6.754277E-14
7411.6  6.727551E-14
7414.5  6.712782E-14
7417.4  6.712343E-14
7420.3  6.727025E-14
7423.2  6.754979E-14
7426.1  6.793874E-14
7429.  6.835253E-14
7431.9  6.857318E-14
7434.8  6.853150E-14
7437.7  6.838980E-14
7440.6  6.824256E-14
7443.5  6.811182E-14
7446.4  6.806925E-14
7449.3  6.818951E-14
7452.2  6.844182E-14
7455.1  6.874364E-14
7458.  6.890741E-14
7460.9  6.880882E-14
7463.8  6.869170E-14
7466.7  6.873212E-14
7469.6  6.877115E-14
7472.5  6.873790E-14
7475.4  6.875112E-14
7478.3  6.877373E-14
7481.2  6.861552E-14
7484.1  6.828620E-14
7487.  6.792390E-14
7489.9  6.760809E-14
7492.8  6.738854E-14
7495.7  6.731053E-14
7498.6  6.737373E-14
7501.5  6.740293E-14
7504.4  6.728046E-14
7507.3  6.711842E-14
7510.2  6.705591E-14
7513.1  6.727078E-14
7516.  6.765918E-14
7518.9  6.777595E-14
7521.8  6.760654E-14
7524.7  6.744472E-14
7527.6  6.747640E-14
7530.5  6.780745E-14
7533.4  6.820149E-14
7536.3  6.836492E-14
7539.2  6.831016E-14
7542.1  6.812059E-14
7545.  6.792647E-14
7547.9  6.778015E-14
7550.8  6.751433E-14
7553.7  6.715043E-14
7556.6  6.697586E-14
7559.5  6.701506E-14
7562.4  6.708023E-14
7565.3  6.710709E-14
7568.2  6.709271E-14
7571.1  6.705726E-14
7574.  6.703189E-14
7576.9  6.701300E-14
7579.8  6.699239E-14
7582.7  6.697126E-14
7585.6  6.695026E-14
7588.5  6.692926E-14
7591.4  6.690827E-14
7594.3  6.688728E-14
7597.2  6.686629E-14
7600.1  6.684530E-14
7603.  6.682431E-14
7605.9  6.680332E-14
7608.8  6.678233E-14
7611.7  6.676135E-14
7614.6  6.674036E-14
7617.5  6.671937E-14
7620.4  6.669838E-14
7623.3  6.667738E-14
7626.2  6.665640E-14
7629.1  6.663540E-14
7632.  6.660883E-14
7634.9  6.658855E-14
7637.8  6.661596E-14
7640.7  6.657180E-14
7643.6  6.624220E-14
7646.5  6.579206E-14
7649.4  6.549928E-14
7652.3  6.511179E-14
7655.2  6.437282E-14
7658.1  6.355751E-14
7661.  6.301522E-14
7663.9  6.311262E-14
7666.8  6.388257E-14
7669.7  6.474327E-14
7672.6  6.537049E-14
7675.5  6.580022E-14
7678.4  6.601971E-14
7681.3  6.601158E-14
7684.2  6.584690E-14
7687.1  6.563403E-14
7690.  6.536005E-14
7692.9  6.501815E-14
7695.8  6.489991E-14
7698.7  6.517681E-14
7701.6  6.551679E-14
7704.5  6.562260E-14
7707.4  6.535170E-14
7710.3  6.484331E-14
7713.2  6.462030E-14
7716.1  6.473990E-14
7719.  6.486200E-14
7721.9  6.494030E-14
7724.8  6.505905E-14
7727.7  6.523063E-14
7730.6  6.543546E-14
7733.5  6.554205E-14
7736.4  6.543682E-14
7739.3  6.512103E-14
7742.2  6.468667E-14
7745.1  6.436658E-14
7748.  6.433271E-14
7750.9  6.466641E-14
7753.8  6.517657E-14
7756.7  6.542249E-14
7759.6  6.542512E-14
7762.5  6.547073E-14
7765.4  6.554428E-14
7768.3  6.554120E-14
7771.2  6.547929E-14
7774.1  6.537736E-14
7777.  6.510827E-14
7779.9  6.468160E-14
7782.8  6.452236E-14
7785.7  6.475679E-14
7788.6  6.498111E-14
7791.5  6.497868E-14
7794.4  6.473583E-14
7797.3  6.440673E-14
7800.2  6.425938E-14
7803.1  6.429685E-14
7806.  6.440845E-14
7808.9  6.456290E-14
7811.8  6.474014E-14
7814.7  6.495622E-14
7817.6  6.518270E-14
7820.5  6.525100E-14
7823.4  6.504698E-14
7826.3  6.455422E-14
7829.2  6.392349E-14
7832.1  6.348509E-14
7835.  6.336633E-14
7837.9  6.352888E-14
7840.8  6.381074E-14
7843.7  6.400098E-14
7846.6  6.417011E-14
7849.5  6.443006E-14
7852.4  6.458390E-14
7855.3  6.449598E-14
7858.2  6.439870E-14
7861.1  6.441373E-14
7864.  6.436239E-14
7866.9  6.416168E-14
7869.8  6.384194E-14
7872.7  6.358151E-14
7875.6  6.367885E-14
7878.5  6.397062E-14
7881.4  6.407373E-14
7884.3  6.402314E-14
7887.2  6.396880E-14
7890.1  6.385037E-14
7893.  6.363678E-14
7895.9  6.353107E-14
7898.8  6.362983E-14
7901.7  6.375269E-14
7904.6  6.373142E-14
7907.5  6.342867E-14
7910.4  6.293909E-14
7913.3  6.257170E-14
7916.2  6.240423E-14
7919.1  6.236636E-14
7922.  6.232198E-14
7924.9  6.212461E-14
7927.8  6.177718E-14
7930.7  6.133819E-14
7933.6  6.088362E-14
7936.5  6.050756E-14
7939.4  6.031499E-14
7942.3  6.036853E-14
7945.2  6.066716E-14
7948.1  6.113886E-14
7951.  6.164570E-14
7953.9  6.209280E-14
7956.8  6.242944E-14
7959.7  6.260391E-14
7962.6  6.259132E-14
7965.5  6.258865E-14
7968.4  6.276488E-14
7971.3  6.282866E-14
7974.2  6.258860E-14
7977.1  6.237024E-14
7980.  6.234624E-14
7982.9  6.233059E-14
7985.8  6.224632E-14
7988.7  6.216220E-14
7991.6  6.200637E-14
7994.5  6.162501E-14
7997.4  6.124238E-14
8000.3  6.121054E-14
8003.2  6.154085E-14
8006.1  6.209683E-14
8009.  6.254321E-14
8011.9  6.263052E-14
8014.8  6.254921E-14
8017.7  6.244178E-14
8020.6  6.221418E-14
8023.5  6.192387E-14
8026.4  6.181838E-14
8029.3  6.191513E-14
8032.2  6.205222E-14
8035.1  6.204180E-14
8038.  6.171292E-14
8040.9  6.122382E-14
8043.8  6.082954E-14
8046.7  6.057801E-14
8049.6  6.048964E-14
8052.5  6.067330E-14
8055.4  6.112170E-14
8058.3  6.160689E-14
8061.2  6.189121E-14
8064.1  6.173050E-14
8067.  6.125832E-14
8069.9  6.095576E-14
8072.8  6.088596E-14
8075.7  6.086682E-14
8078.6  6.071918E-14
8081.5  6.030348E-14
8084.4  5.984941E-14
8087.3  5.960694E-14
8090.2  5.947383E-14
8093.1  5.938745E-14
8096.  5.952409E-14
8098.9  5.991519E-14
8101.8  6.034985E-14
8104.7  6.070293E-14
8107.6  6.095345E-14
8110.5  6.106209E-14
8113.4  6.099550E-14
8116.3  6.088362E-14
8119.2  6.089651E-14
8122.1  6.102685E-14
8125.  6.119636E-14
8127.9  6.120172E-14
8130.8  6.095156E-14
8133.7  6.073743E-14
8136.6  6.075549E-14
8139.5  6.097693E-14
8142.4  6.125327E-14
8145.3  6.129071E-14
8148.2  6.110319E-14
8151.1  6.093646E-14
8154.  6.079471E-14
8156.9  6.059307E-14
8159.8  6.025856E-14
8162.7  5.978924E-14
8165.6  5.968122E-14
8168.5  6.022408E-14
8171.4  6.081978E-14
8174.3  6.092870E-14
8177.2  6.025400E-14
8180.1  5.910176E-14
8183.  5.861557E-14
8185.9  5.877661E-14
8188.8  5.860187E-14
8191.7  5.807482E-14
8194.6  5.764064E-14
8197.5  5.756131E-14
8200.4  5.797808E-14
8203.3  5.855827E-14
8206.2  5.894489E-14
8209.1  5.909212E-14
8212.  5.909427E-14
8214.9  5.932447E-14
8217.8  5.978697E-14
8220.7  5.992766E-14
8223.6  5.948392E-14
8226.5  5.843594E-14
8229.4  5.756044E-14
8232.3  5.799223E-14
8235.2  5.917377E-14
8238.1  6.000583E-14
8241.  6.029487E-14
8243.9  6.011449E-14
8246.8  5.978163E-14
8249.7  5.957876E-14
8252.6  5.948181E-14
8255.5  5.945899E-14
8258.4  5.949090E-14
8261.3  5.957046E-14
8264.2  5.973292E-14
8267.1  5.982275E-14
8270.  5.958536E-14
8272.9  5.917700E-14
8275.8  5.889488E-14
8278.7  5.882375E-14
8281.6  5.893259E-14
8284.5  5.882737E-14
8287.4  5.832344E-14
8290.3  5.804457E-14
8293.2  5.831743E-14
8296.1  5.884620E-14
8299.  5.920560E-14
8301.9  5.879982E-14
8304.8  5.795252E-14
8307.7  5.764650E-14
8310.6  5.785616E-14
8313.5  5.810221E-14
8316.4  5.812553E-14
8319.3  5.778743E-14
8322.2  5.739247E-14
8325.1  5.720676E-14
8328.  5.702782E-14
8330.9  5.672527E-14
8333.8  5.639448E-14
8336.7  5.613575E-14
8339.6  5.604628E-14
8342.5  5.617906E-14
8345.4  5.654297E-14
8348.3  5.691700E-14
8351.2  5.699727E-14
8354.1  5.683990E-14
8357.  5.662985E-14
8359.9  5.657279E-14
8362.8  5.677983E-14
8365.7  5.696955E-14
8368.6  5.695330E-14
8371.5  5.688355E-14
8374.4  5.685454E-14
8377.3  5.689811E-14
8380.2  5.680069E-14
8383.1  5.610010E-14
8386.  5.525110E-14
8388.9  5.516952E-14
8391.8  5.566242E-14
8394.7  5.616090E-14
8397.6  5.642802E-14
8400.5  5.638100E-14
8403.4  5.637597E-14
8406.3  5.662252E-14
8409.2  5.672980E-14
8412.1  5.649986E-14
8415.  5.609198E-14
8417.9  5.571619E-14
8420.8  5.564005E-14
8423.7  5.579668E-14
8426.6  5.589421E-14
8429.5  5.587792E-14
8432.4  5.579489E-14
8435.3  5.559506E-14
8438.2  5.527926E-14
8441.1  5.521432E-14
8444.  5.558410E-14
8446.9  5.587400E-14
8449.8  5.580678E-14
8452.7  5.567350E-14
8455.6  5.556858E-14
8458.5  5.534970E-14
8461.4  5.504065E-14
8464.3  5.476463E-14
8467.2  5.464346E-14
8470.1  5.477076E-14
8473.  5.506301E-14
8475.9  5.536767E-14
8478.8  5.548261E-14
8481.7  5.529022E-14
8484.6  5.501180E-14
8487.5  5.472084E-14
8490.4  5.408165E-14
8493.3  5.305958E-14
8496.2  5.198859E-14
8499.1  5.129891E-14
8502.  5.146703E-14
8504.9  5.227340E-14
8507.8  5.313431E-14
8510.7  5.369404E-14
8513.6  5.376320E-14
8516.5  5.374343E-14
8519.4  5.398987E-14
8522.3  5.413805E-14
8525.2  5.388344E-14
8528.1  5.330116E-14
8531.  5.229207E-14
8533.9  5.048782E-14
8536.8  4.810659E-14
8539.7  4.583920E-14
8542.6  4.466802E-14
8545.5  4.557967E-14
8548.4  4.785939E-14
8551.3  5.019399E-14
8554.2  5.209196E-14
8557.1  5.335331E-14
8560.  5.417283E-14
8562.9  5.477829E-14
8565.8  5.516940E-14
8568.7  5.532360E-14
8571.6  5.516467E-14
8574.5  5.475685E-14
8577.4  5.431616E-14
8580.3  5.396877E-14
8583.2  5.376714E-14
8586.1  5.376920E-14
8589.  5.399486E-14
8591.9  5.423584E-14
8594.8  5.428162E-14
8597.7  5.423122E-14
8600.6  5.417049E-14
8603.5  5.394990E-14
8606.4  5.359038E-14
8609.3  5.344426E-14
8612.2  5.362389E-14
8615.1  5.395224E-14
8618.  5.428919E-14
8620.9  5.452007E-14
8623.8  5.466917E-14
8626.7  5.482191E-14
8629.6  5.500409E-14
8632.5  5.518729E-14
8635.4  5.506224E-14
8638.3  5.446200E-14
8641.2  5.386942E-14
8644.1  5.353905E-14
8647.  5.313142E-14
8649.9  5.238796E-14
8652.8  5.120717E-14
8655.7  4.962318E-14
8658.6  4.778583E-14
8661.5  4.646010E-14
8664.4  4.658738E-14
8667.3  4.786574E-14
8670.2  4.955363E-14
8673.1  5.111050E-14
8676.  5.216156E-14
8678.9  5.289568E-14
8681.8  5.345436E-14
8684.7  5.356808E-14
8687.6  5.331483E-14
8690.5  5.329240E-14
8693.4  5.358932E-14
8696.3  5.380647E-14
8699.2  5.396195E-14
8702.1  5.428214E-14
8705.  5.456238E-14
8707.9  5.451232E-14
8710.8  5.422424E-14
8713.7  5.388597E-14
8716.6  5.372454E-14
8719.5  5.382821E-14
8722.4  5.391624E-14
8725.3  5.377446E-14
8728.2  5.334478E-14
8731.1  5.275417E-14
8734.  5.232105E-14
8736.9  5.218329E-14
8739.8  5.233887E-14
8742.7  5.268881E-14
8745.6  5.308944E-14
8748.5  5.350136E-14
8751.4  5.391262E-14
8754.3  5.436582E-14
8757.2  5.481017E-14
8760.1  5.483689E-14
8763.  5.436095E-14
8765.9  5.395211E-14
8768.8  5.380980E-14
8771.7  5.366152E-14
8774.6  5.347345E-14
8777.5  5.335699E-14
8780.4  5.332704E-14
8783.3  5.335730E-14
8786.2  5.321754E-14
8789.1  5.272012E-14
8792.  5.229787E-14
8794.9  5.226779E-14
8797.8  5.219584E-14
8800.7  5.177878E-14
8803.6  5.106509E-14
8806.5  5.040023E-14
8809.4  5.053425E-14
8812.3  5.136602E-14
8815.2  5.209682E-14
8818.1  5.239409E-14
8821.  5.220384E-14
8823.9  5.188114E-14
8826.8  5.186337E-14
8829.7  5.208209E-14
8832.6  5.234466E-14
8835.5  5.237348E-14
8838.4  5.210318E-14
8841.3  5.202425E-14
8844.2  5.233855E-14
8847.1  5.276142E-14
8850.  5.315300E-14
8852.9  5.350392E-14
8855.8  5.375808E-14
8858.7  5.385730E-14
8861.6  5.379336E-14
8864.5  5.359085E-14
8867.4  5.332952E-14
8870.3  5.309031E-14
8873.2  5.286995E-14
8876.1  5.269035E-14
8879.  5.269183E-14
8881.9  5.287900E-14
8884.8  5.303528E-14
8887.7  5.303744E-14
8890.6  5.287528E-14
8893.5  5.259206E-14
8896.4  5.226873E-14
8899.3  5.209099E-14
8902.2  5.223167E-14
8905.1  5.243588E-14
8908.  5.240725E-14
8910.9  5.221554E-14
8913.8  5.197990E-14
8916.7  5.180985E-14
8919.6  5.171186E-14
8922.5  5.146753E-14
8925.4  5.108210E-14
8928.3  5.081662E-14
8931.2  5.084512E-14
8934.1  5.126951E-14
8937.  5.179369E-14
8939.9  5.198059E-14
8942.8  5.192423E-14
8945.7  5.186190E-14
8948.6  5.190186E-14
8951.5  5.208264E-14
8954.4  5.225870E-14
8957.3  5.231817E-14
8960.2  5.228387E-14
8963.1  5.217104E-14
8966.  5.196127E-14
8968.9  5.180761E-14
8971.8  5.198357E-14
8974.7  5.234270E-14
8977.6  5.253439E-14
8980.5  5.240859E-14
8983.4  5.193094E-14
8986.3  5.119845E-14
8989.2  5.042374E-14
8992.1  5.012589E-14
8995.  5.049176E-14
8997.9  5.087970E-14
9000.8  5.092503E-14
9003.7  5.072668E-14
9006.6  5.060061E-14
9009.5  5.107217E-14
9012.4  5.194234E-14
9015.3  5.259922E-14
9018.2  5.288603E-14
9021.1  5.284057E-14
9024.  5.258653E-14
9026.9  5.229441E-14
9029.8  5.213736E-14
9032.7  5.219185E-14
9035.6  5.231426E-14
9038.5  5.235043E-14
9041.4  5.216317E-14
9044.3  5.180622E-14
9047.2  5.152444E-14
9050.1  5.146431E-14
9053.  5.168988E-14
9055.9  5.187826E-14
9058.8  5.161168E-14
9061.7  5.103903E-14
9064.6  5.045105E-14
9067.5  5.006462E-14
9070.4  4.996679E-14
9073.3  4.985312E-14
9076.2  4.959062E-14
9079.1  4.945368E-14
9082.  4.952704E-14
9084.9  4.967031E-14
9087.8  4.978353E-14
9090.7  4.979521E-14
9093.6  4.969489E-14
9096.5  4.952118E-14
9099.4  4.935234E-14
9102.3  4.927967E-14
9105.2  4.945529E-14
9108.1  4.991424E-14
9111.  5.030206E-14
9113.9  5.039815E-14
9116.8  5.033894E-14
9119.7  5.026590E-14
9122.6  5.032651E-14
9125.5  5.041814E-14
9128.4  5.023470E-14
9131.3  4.982117E-14
9134.2  4.940413E-14
9137.1  4.921345E-14
9140.  4.941267E-14
9142.9  4.988127E-14
9145.8  5.036395E-14
9148.7  5.031605E-14
9151.6  4.957823E-14
9154.5  4.892282E-14
9157.4  4.884081E-14
9160.3  4.936502E-14
9163.2  5.000562E-14
9166.1  4.978517E-14
9169.  4.890698E-14
9171.9  4.825229E-14
9174.8  4.802491E-14
9177.7  4.816191E-14
9180.6  4.856753E-14
9183.5  4.906541E-14
9186.4  4.934200E-14
9189.3  4.921381E-14
9192.2  4.884035E-14
9195.1  4.844264E-14
9198.  4.828915E-14
9200.9  4.838352E-14
9203.8  4.844241E-14
9206.7  4.834083E-14
9209.6  4.806681E-14
9212.5  4.780089E-14
9215.4  4.777975E-14
9218.3  4.792656E-14
9221.2  4.810509E-14
9224.1  4.833405E-14
9227.  4.863178E-14
9229.9  4.899839E-14
9232.8  4.935572E-14
9235.7  4.946887E-14
9238.6  4.931796E-14
9241.5  4.913509E-14
9244.4  4.903568E-14
9247.3  4.905008E-14
9250.2  4.900376E-14
9253.1  4.866476E-14
9256.  4.816504E-14
9258.9  4.774687E-14
9261.8  4.768018E-14
9264.7  4.808061E-14
9267.6  4.857814E-14
9270.5  4.886136E-14
9273.4  4.888162E-14
9276.3  4.865028E-14
9279.2  4.823757E-14
9282.1  4.786455E-14
9285.  4.784515E-14
9287.9  4.815192E-14
9290.8  4.856484E-14
9293.7  4.893234E-14
9296.6  4.913941E-14
9299.5  4.909241E-14
9302.4  4.881560E-14
9305.3  4.876376E-14
9308.2  4.908936E-14
9311.1  4.908490E-14
9314.  4.854595E-14
9316.9  4.807300E-14
9319.8  4.796571E-14
9322.7  4.822357E-14
9325.6  4.878258E-14
9328.5  4.950409E-14
9331.4  4.982893E-14
9334.3  4.921894E-14
9337.2  4.801593E-14
9340.1  4.684474E-14
9343.  4.656854E-14
9345.9  4.759175E-14
9348.8  4.921354E-14
9351.7  5.047343E-14
9354.6  5.006672E-14
9357.5  4.840758E-14
9360.4  4.775531E-14
9363.3  4.826541E-14
9366.2  4.874292E-14
9369.1  4.866607E-14
9372.  4.783485E-14
9374.9  4.688371E-14
9377.8  4.650725E-14
9380.7  4.625201E-14
9383.6  4.582952E-14
9386.5  4.606129E-14
9389.4  4.713260E-14
9392.3  4.794652E-14
9395.2  4.803160E-14
9398.1  4.770719E-14
9401.  4.713425E-14
9403.9  4.639390E-14
9406.8  4.573641E-14
9409.7  4.543380E-14
9412.6  4.533399E-14
9415.5  4.521977E-14
9418.4  4.544123E-14
9421.3  4.615686E-14
9424.2  4.655013E-14
9427.1  4.625669E-14
9430.  4.599885E-14
9432.9  4.622994E-14
9435.8  4.709726E-14
9438.7  4.789696E-14
9441.6  4.716984E-14
9444.5  4.616636E-14
9447.4  4.728490E-14
9450.3  4.897814E-14
9453.2  4.888690E-14
9456.1  4.757291E-14
9459.  4.615889E-14
9461.9  4.578883E-14
9464.8  4.686740E-14
9467.7  4.790494E-14
9470.6  4.817652E-14
9473.5  4.837287E-14
9476.4  4.851130E-14
9479.3  4.801731E-14
9482.2  4.732546E-14
9485.1  4.732907E-14
9488.  4.796666E-14
9490.9  4.878435E-14
9493.8  4.873783E-14
9496.7  4.721311E-14
9499.6  4.594585E-14
9502.5  4.629728E-14
9505.4  4.793462E-14
9508.3  4.988543E-14
9511.2  5.025151E-14
9514.1  4.886175E-14
9517.  4.745439E-14
9519.9  4.669653E-14
9522.8  4.653498E-14
9525.7  4.684951E-14
9528.6  4.739136E-14
9531.5  4.781406E-14
9534.4  4.782952E-14
9537.3  4.739493E-14
9540.2  4.668358E-14
9543.1  4.630628E-14
9546.  4.656018E-14
9548.9  4.712424E-14
9551.8  4.755563E-14
9554.7  4.725486E-14
9557.6  4.661486E-14
9560.5  4.674542E-14
9563.4  4.735503E-14
9566.3  4.757683E-14
9569.2  4.751816E-14
9572.1  4.748839E-14
9575.  4.745940E-14
9577.9  4.734349E-14
9580.8  4.690407E-14
9583.7  4.616358E-14
9586.6  4.576057E-14
9589.5  4.580803E-14
9592.4  4.562552E-14
9595.3  4.537636E-14
9598.2  4.590686E-14
9601.1  4.670262E-14
9604.  4.666385E-14
9606.9  4.618944E-14
9609.8  4.603314E-14
9612.7  4.594911E-14
9615.6  4.566584E-14
9618.5  4.551979E-14
9621.4  4.567869E-14
9624.3  4.575862E-14
9627.2  4.573040E-14
9630.1  4.621073E-14
9633.  4.683426E-14
9635.9  4.633735E-14
9638.8  4.514170E-14
9641.7  4.456650E-14
9644.6  4.465159E-14
9647.5  4.497666E-14
9650.4  4.527324E-14
9653.3  4.532432E-14
9656.2  4.513647E-14
9659.1  4.479626E-14
9662.  4.442189E-14
9664.9  4.419311E-14
9667.8  4.438792E-14
9670.7  4.488797E-14
9673.6  4.516424E-14
9676.5  4.511057E-14
9679.4  4.490400E-14
9682.3  4.469144E-14
9685.2  4.460370E-14
9688.1  4.455641E-14
9691.  4.444624E-14
9693.9  4.445014E-14
9696.8  4.465190E-14
9699.7  4.471948E-14
9702.6  4.455686E-14
9705.5  4.457066E-14
9708.4  4.486890E-14
9711.3  4.520502E-14
9714.2  4.540135E-14
9717.1  4.532950E-14
9720.  4.510431E-14
9722.9  4.494714E-14
9725.8  4.483570E-14
9728.7  4.469075E-14
9731.6  4.452801E-14
9734.5  4.436567E-14
9737.4  4.419450E-14
9740.3  4.401943E-14
9743.2  4.385715E-14
9746.1  4.377836E-14
9749.  4.394188E-14
9751.9  4.420463E-14
9754.8  4.419542E-14
9757.7  4.389375E-14
9760.6  4.346894E-14
9763.5  4.326975E-14
9766.4  4.359586E-14
9769.3  4.400162E-14
9772.2  4.406350E-14
9775.1  4.408872E-14
9778.  4.427957E-14
9780.9  4.441093E-14
9783.8  4.437152E-14
9786.7  4.421536E-14
9789.6  4.404558E-14
9792.5  4.402348E-14
9795.4  4.405336E-14
9798.3  4.390285E-14
9801.2  4.368441E-14
9804.1  4.360142E-14
9807.  4.366703E-14
9809.9  4.380482E-14
9812.8  4.365094E-14
9815.7  4.310552E-14
9818.6  4.288825E-14
9821.5  4.327328E-14
9824.4  4.371914E-14
9827.3  4.388553E-14
9830.2  4.363499E-14
9833.1  4.325250E-14
9836.  4.328587E-14
9838.9  4.362232E-14
9841.8  4.388596E-14
9844.7  4.381330E-14
9847.6  4.328682E-14
9850.5  4.275093E-14
9853.4  4.258910E-14
9856.3  4.273348E-14
9859.2  4.299257E-14
9862.1  4.298880E-14
9865.  4.272948E-14
9867.9  4.271757E-14
9870.8  4.295813E-14
9873.7  4.309983E-14
9876.6  4.315118E-14
9879.5  4.325969E-14
9882.4  4.339609E-14
9885.3  4.349827E-14
9888.2  4.353617E-14
9891.1  4.351469E-14
9894.  4.357878E-14
9896.9  4.373385E-14
9899.8  4.366500E-14
9902.7  4.327064E-14
9905.6  4.272767E-14
9908.5  4.229619E-14
9911.4  4.228900E-14
9914.3  4.259874E-14
9917.2  4.290026E-14
9920.1  4.296864E-14
9923.  4.268823E-14
9925.9  4.242836E-14
9928.8  4.252122E-14
9931.7  4.268450E-14
9934.6  4.277267E-14
9937.5  4.318546E-14
9940.4  4.388034E-14
9943.3  4.412407E-14
9946.2  4.384877E-14
9949.1  4.360024E-14
9952.  4.351397E-14
9954.9  4.350568E-14
9957.8  4.344106E-14
9960.7  4.318930E-14
9963.6  4.312175E-14
9966.5  4.349524E-14
9969.4  4.351321E-14
9972.3  4.272490E-14
9975.2  4.190665E-14
9978.1  4.159428E-14
9981.  4.180404E-14
9983.9  4.233505E-14
9986.8  4.275318E-14
9989.7  4.283793E-14
9992.6  4.254882E-14
9995.5  4.215124E-14
9998.4  4.200838E-14
10001.3  4.205497E-14
10004.2  4.213401E-14
10007.1  4.228382E-14
10010.  4.249663E-14
10012.9  4.260701E-14
10015.8  4.247882E-14
10018.7  4.202696E-14
10021.6  4.138159E-14
10024.5  4.090763E-14
10027.4  4.081151E-14
10030.3  4.114286E-14
10033.2  4.181622E-14
10036.1  4.266121E-14
10039.  4.311538E-14
10041.9  4.275988E-14
10044.8  4.259811E-14
10047.7  4.342591E-14
10050.6  4.457544E-14
10053.5  4.531286E-14
10056.4  4.503081E-14
10059.3  4.379136E-14
10062.2  4.255542E-14
10065.1  4.185590E-14
10068.  4.182255E-14
10070.9  4.208335E-14
10073.8  4.202125E-14
10076.7  4.139164E-14
10079.6  4.021845E-14
10082.5  3.932286E-14
10085.4  3.937775E-14
10088.3  3.991224E-14
10091.2  4.035565E-14
10094.1  4.014751E-14
10097.  3.950047E-14
10099.9  3.986432E-14
10102.8  4.123584E-14
10105.7  4.225945E-14
10108.6  4.252493E-14
10111.5  4.217447E-14
10114.4  4.169221E-14
10117.3  4.162778E-14
10120.2  4.168217E-14
10123.1  4.146390E-14
10126.  4.108189E-14
10128.9  4.069465E-14
10131.8  4.044681E-14
10134.7  4.041071E-14
10137.6  4.052489E-14
10140.5  4.069809E-14
10143.4  4.080776E-14
10146.3  4.090507E-14
10149.2  4.114720E-14
10152.1  4.142473E-14
10155.  4.153747E-14
10157.9  4.141925E-14
10160.8  4.107439E-14
10163.7  4.056982E-14
10166.6  4.006942E-14
10169.5  3.999075E-14
10172.4  4.043185E-14
10175.3  4.087779E-14
10178.2  4.105441E-14
10181.1  4.098102E-14
10184.  4.088039E-14
10186.9  4.113607E-14
10189.8  4.136988E-14
10192.7  4.094300E-14
10195.6  4.011889E-14
10198.5  3.940273E-14
10201.4  3.914985E-14
10204.3  3.952616E-14
10207.2  4.023082E-14
10210.1  4.085374E-14
10213.  4.086213E-14
10215.9  4.033229E-14
10218.8  4.019851E-14
10221.7  4.051988E-14
10224.6  4.061820E-14
10227.5  4.057514E-14
10230.4  4.079213E-14
10233.3  4.108967E-14
10236.2  4.114973E-14
10239.1  4.069895E-14
10242.  3.971829E-14
10244.9  3.902219E-14
10247.8  3.922896E-14
10250.7  4.036122E-14
10253.6  4.187475E-14
10256.5  4.243752E-14
10259.4  4.187902E-14
10262.3  4.109927E-14
10265.2  4.087132E-14
10268.1  4.183757E-14
10271.  4.262002E-14
10273.9  4.148192E-14
10276.8  4.003009E-14
10279.7  4.003830E-14
10282.6  4.061464E-14
10285.5  4.093098E-14
10288.4  4.128744E-14
10291.3  4.161846E-14
10294.2  4.118363E-14
10297.1  4.015696E-14
10300.  3.966663E-14
10302.9  3.970796E-14
10305.8  3.954478E-14
10308.7  3.943557E-14
10311.6  3.988986E-14
10314.5  4.020103E-14
10317.4  3.961437E-14
10320.3  3.832589E-14
10323.2  3.690459E-14
10326.1  3.660309E-14
10329.  3.781583E-14
10331.9  3.922387E-14
10334.8  4.008010E-14
10337.7  4.040998E-14
10340.6  4.033305E-14
10343.5  4.011818E-14
10346.4  3.972091E-14
10349.3  3.899324E-14
10352.2  3.848202E-14
10355.1  3.874030E-14
10358.  3.945137E-14
10360.9  4.013017E-14
10363.8  4.031267E-14
10366.7  3.980525E-14
10369.6  3.893695E-14
10372.5  3.818662E-14
10375.4  3.817904E-14
10378.3  3.885328E-14
10381.2  3.954300E-14
10384.1  4.017944E-14
10387.  4.095242E-14
10389.9  4.155932E-14
10392.8  4.161262E-14
10395.7  4.061651E-14
10398.6  3.856676E-14
10401.5  3.716518E-14
10404.4  3.764439E-14
10407.3  3.994147E-14
10410.2  4.273782E-14
10413.1  4.281371E-14
10416.  4.050523E-14
10418.9  3.963225E-14
10421.8  3.954669E-14
10424.7  3.728770E-14
10427.6  3.440374E-14
10430.5  3.360170E-14
10433.4  3.486238E-14
10436.3  3.732304E-14
10439.2  3.901069E-14
10442.1  3.896096E-14
10445.  3.979054E-14
10447.9  4.193439E-14
10450.8  4.134996E-14
10453.7  3.880867E-14
10456.6  4.024512E-14
10459.5  4.407805E-14
10462.4  4.428803E-14
10465.3  4.075809E-14
10468.2  3.584059E-14
10471.1  3.344346E-14
10474.  3.635990E-14
10476.9  3.926762E-14
10479.8  3.804704E-14
10482.7  3.627787E-14
10485.6  3.633152E-14
10488.5  3.722327E-14
10491.4  3.857180E-14
10494.3  4.073389E-14
10497.2  4.238444E-14
10500.1  4.112336E-14
10503.  3.891803E-14
10505.9  3.936246E-14
10508.8  4.005401E-14
10511.7  3.793595E-14
10514.6  3.680188E-14
10517.5  3.939821E-14
10520.4  4.087355E-14
10523.3  3.901019E-14
10526.2  3.857943E-14
10529.1  4.109380E-14
10532.  4.365058E-14
10534.9  4.445439E-14
10537.8  4.251654E-14
10540.7  3.960900E-14
10543.6  3.877933E-14
10546.5  3.959280E-14
10549.4  4.049552E-14
10552.3  4.038497E-14
10555.2  3.875625E-14
10558.1  3.731498E-14
10561.  3.712679E-14
10563.9  3.704729E-14
10566.8  3.636425E-14
10569.7  3.500929E-14
10572.6  3.391119E-14
10575.5  3.493644E-14
10578.4  3.750507E-14
10581.3  3.964523E-14
10584.2  4.069704E-14
10587.1  4.055134E-14
10590.  3.975437E-14
10592.9  3.879236E-14
10595.8  3.634676E-14
10598.7  3.225741E-14
10601.6  2.965649E-14
10604.5  3.075157E-14
10607.4  3.634652E-14
10610.3  4.324834E-14
10613.2  4.409176E-14
10616.1  3.954563E-14
10619.  3.559481E-14
10621.9  3.277931E-14
10624.8  2.978860E-14
10627.7  2.894853E-14
10630.6  3.221591E-14
10633.5  3.694678E-14
10636.4  4.028561E-14
10639.3  4.066724E-14
10642.2  3.853148E-14
10645.1  3.828467E-14
10648.  3.986013E-14
10650.9  3.745085E-14
10653.8  3.210649E-14
10656.7  2.954455E-14
10659.6  3.057018E-14
10662.5  3.367848E-14
10665.4  3.540740E-14
10668.3  3.285888E-14
10671.2  3.051824E-14
10674.1  3.218692E-14
10677.  3.489491E-14
10679.9  3.596657E-14
10682.8  3.442895E-14
10685.7  3.106691E-14
10688.6  2.904944E-14
10691.5  2.959709E-14
10694.4  3.214029E-14
10697.3  3.537651E-14
10700.2  3.768335E-14
10703.1  3.781295E-14
10706.  3.534613E-14
10708.9  3.391952E-14
10711.8  3.644574E-14
10714.7  3.988730E-14
10717.6  4.174754E-14
10720.5  4.312410E-14
10723.4  4.287135E-14
10726.3  3.593079E-14
10729.2  2.533495E-14
10732.1  2.129253E-14
10735.  2.472872E-14
10737.9  3.117909E-14
10740.8  3.646611E-14
10743.7  3.721632E-14
10746.6  3.936066E-14
10749.5  4.778071E-14
10752.4  5.200566E-14
10755.3  4.570395E-14
10758.2  3.869311E-14
10761.1  3.592638E-14
10764.  3.227543E-14
10766.9  2.774966E-14
10769.8  2.735412E-14
10772.7  3.146428E-14
10775.6  3.765996E-14
10778.5  4.268540E-14
10781.4  4.341029E-14
10784.3  4.334683E-14
10787.2  4.603738E-14
10790.1  4.422625E-14
10793.  3.422072E-14
10795.9  2.791391E-14
10798.8  3.036309E-14
10801.7  3.144326E-14
10804.6  2.817256E-14
10807.5  2.617072E-14
10810.4  2.747369E-14
10813.3  3.173530E-14
10816.2  3.670165E-14
10819.1  3.933218E-14
10822.  3.778310E-14
10824.9  3.178938E-14
10827.8  2.690827E-14
10830.7  2.755093E-14
10833.6  3.108194E-14
10836.5  3.403334E-14
10839.4  3.240177E-14
10842.3  2.689100E-14
10845.2  2.501027E-14
10848.1  2.703860E-14
10851.  2.715822E-14
10853.9  2.636845E-14
10856.8  2.859938E-14
10859.7  3.135174E-14
10862.6  3.103611E-14
10865.5  2.821695E-14
10868.4  2.516970E-14
10871.3  2.879647E-14
10874.2  4.045923E-14
10877.1  4.695902E-14
10880.  4.363731E-14
10882.9  3.989758E-14
10885.8  3.923262E-14
10888.7  3.988578E-14
10891.6  4.007295E-14
10894.5  3.761877E-14
10897.4  3.639208E-14
10900.3  4.118764E-14
10903.2  4.161696E-14
10906.1  2.996560E-14
10909.  2.744208E-14
10911.9  4.464522E-14
10914.8  5.430087E-14
10917.7  4.353096E-14
10920.6  2.692196E-14
10923.5  1.395332E-14
10926.4  8.901695E-15
10929.3  1.003454E-14
10932.2  1.094183E-14
10935.1  1.068925E-14
10938.  1.055166E-14
10940.9  1.050355E-14
10943.8  1.045254E-14
10946.7  1.040073E-14
10949.6  1.034893E-14
10952.5  1.029713E-14
10955.4  1.024532E-14
10958.3  1.019351E-14
10961.2  1.014211E-14
10964.1  1.014116E-14
10967.  1.005474E-14
10969.9  9.543815E-15
10972.8  9.922656E-15
10975.7  1.292246E-14
10978.6  1.560495E-14
10981.5  1.480069E-14
10984.4  1.423233E-14
10987.3  1.687817E-14
10990.2  1.920313E-14
10993.1  1.882973E-14
10996.  1.683253E-14
10998.9  1.449122E-14
