3050.  5.953953E-14
3052.9  6.427158E-14
3055.8  4.594808E-14
3058.7  2.533210E-14
3061.6  5.100743E-14
3064.5  5.555479E-14
3067.4  5.143331E-14
3070.3  3.912662E-14
3073.2  4.955095E-14
3076.1  4.878081E-14
3079.  6.035215E-14
3081.9  7.042445E-14
3084.8  7.872762E-14
3087.7  5.670616E-14
3090.6  5.061227E-14
3093.5  5.224751E-14
3096.4  5.564851E-14
3099.3  5.630146E-14
3102.2  6.023399E-14
3105.1  5.863390E-14
3108.  7.439751E-14
3110.9  8.697418E-14
3113.8  7.207915E-14
3116.7  7.099090E-14
3119.6  5.833569E-14
3122.5  7.258423E-14
3125.4  7.207153E-14
3128.3  6.631586E-14
3131.2  7.184642E-14
3134.1  7.673939E-14
3137.  7.276825E-14
3139.9  7.018809E-14
3142.8  7.487449E-14
3145.7  6.941819E-14
3148.6  7.324080E-14
3151.5  7.622492E-14
3154.4  6.520553E-14
3157.3  6.850718E-14
3160.2  7.143433E-14
3163.1  8.024976E-14
3166.  8.567593E-14
3168.9  8.818626E-14
3171.8  8.714088E-14
3174.7  9.175684E-14
3177.6  8.640912E-14
3180.5  7.673316E-14
3183.4  7.731055E-14
3186.3  7.559666E-14
3189.2  7.420787E-14
3192.1  8.271542E-14
3195.  8.592952E-14
3197.9  9.305886E-14
3200.8  8.911312E-14
3203.7  7.843932E-14
3206.6  7.544777E-14
3209.5  7.179791E-14
3212.4  7.705967E-14
3215.3  7.834418E-14
3218.2  7.310419E-14
3221.1  7.039357E-14
3224.  6.615035E-14
3226.9  6.472392E-14
3229.8  6.828300E-14
3232.7  7.080004E-14
3235.6  7.980748E-14
3238.5  8.189902E-14
3241.4  8.507995E-14
3244.3  9.627761E-14
3247.2  1.004149E-13
3250.1  1.084386E-13
3253.  1.165350E-13
3255.9  1.227395E-13
3258.8  1.219494E-13
3261.7  1.219006E-13
3264.6  1.196404E-13
3267.5  1.149475E-13
3270.4  1.105389E-13
3273.3  1.064144E-13
3276.2  1.102309E-13
3279.1  1.187553E-13
3282.  1.211417E-13
3284.9  1.325919E-13
3287.8  1.414809E-13
3290.7  1.408477E-13
3293.6  1.372391E-13
3296.5  1.320218E-13
3299.4  1.203001E-13
3302.3  1.174082E-13
3305.2  1.166182E-13
3308.1  1.137746E-13
3311.  1.177692E-13
3313.9  1.173089E-13
3316.8  1.182404E-13
3319.7  1.204002E-13
3322.6  1.198520E-13
3325.5  1.158939E-13
3328.4  1.122866E-13
3331.3  1.107999E-13
3334.2  1.139624E-13
3337.1  1.183075E-13
3340.  1.190794E-13
3342.9  1.217379E-13
3345.8  1.208322E-13
3348.7  1.179891E-13
3351.6  1.080922E-13
3354.5  9.482188E-14
3357.4  8.766942E-14
3360.3  8.688205E-14
3363.2  8.906661E-14
3366.1  9.147700E-14
3369.  9.676994E-14
3371.9  1.044494E-13
3374.8  1.096667E-13
3377.7  1.123266E-13
3380.6  1.159747E-13
3383.5  1.152660E-13
3386.4  1.166115E-13
3389.3  1.239412E-13
3392.2  1.312189E-13
3395.1  1.406651E-13
3398.  1.380210E-13
3400.9  1.265961E-13
3403.8  1.176918E-13
3406.7  1.150659E-13
3409.6  1.196046E-13
3412.5  1.284183E-13
3415.4  1.355125E-13
3418.3  1.342231E-13
3421.2  1.333188E-13
3424.1  1.328309E-13
3427.  1.251146E-13
3429.9  1.134160E-13
3432.8  1.014779E-13
3435.7  9.321785E-14
3438.6  9.142886E-14
3441.5  1.029919E-13
3444.4  1.182718E-13
3447.3  1.211792E-13
3450.2  1.233007E-13
3453.1  1.216889E-13
3456.  1.183664E-13
3458.9  1.207823E-13
3461.8  1.248244E-13
3464.7  1.246358E-13
3467.6  1.195603E-13
3470.5  1.116868E-13
3473.4  1.107869E-13
3476.3  1.177186E-13
3479.2  1.175048E-13
3482.1  1.151753E-13
3485.  1.164210E-13
3487.9  1.199272E-13
3490.8  1.250181E-13
3493.7  1.348963E-13
3496.6  1.525273E-13
3499.5  1.592017E-13
3502.4  1.533119E-13
3505.3  1.451059E-13
3508.2  1.382689E-13
3511.1  1.409621E-13
3514.  1.392070E-13
3516.9  1.303048E-13
3519.8  1.222887E-13
3522.7  1.247773E-13
3525.6  1.395579E-13
3528.5  1.534444E-13
3531.4  1.595490E-13
3534.3  1.619392E-13
3537.2  1.606669E-13
3540.1  1.571450E-13
3543.  1.523579E-13
3545.9  1.476987E-13
3548.8  1.393010E-13
3551.7  1.301996E-13
3554.6  1.269081E-13
3557.5  1.221005E-13
3560.4  1.151185E-13
3563.3  1.036616E-13
3566.2  9.827022E-14
3569.1  1.039986E-13
3572.  1.018265E-13
3574.9  8.795945E-14
3577.8  7.875774E-14
3580.7  7.683921E-14
3583.6  9.056266E-14
3586.5  1.198893E-13
3589.4  1.433153E-13
3592.3  1.632255E-13
3595.2  1.725664E-13
3598.1  1.615556E-13
3601.  1.469153E-13
3603.9  1.381080E-13
3606.8  1.342027E-13
3609.7  1.402952E-13
3612.6  1.459953E-13
3615.5  1.489213E-13
3618.4  1.616304E-13
3621.3  1.781974E-13
3624.2  1.865534E-13
3627.1  1.728155E-13
3630.  1.559193E-13
3632.9  1.665135E-13
3635.8  1.795665E-13
3638.7  1.805505E-13
3641.6  1.714607E-13
3644.5  1.646239E-13
3647.4  1.787670E-13
3650.3  2.051602E-13
3653.2  2.282477E-13
3656.1  2.385835E-13
3659.  2.365331E-13
3661.9  2.266663E-13
3664.8  2.213255E-13
3667.7  2.207712E-13
3670.6  2.174835E-13
3673.5  2.098448E-13
3676.4  1.973023E-13
3679.3  1.881138E-13
3682.2  1.897948E-13
3685.1  2.014207E-13
3688.  1.978121E-13
3690.9  2.028499E-13
3693.8  2.078880E-13
3696.7  2.129258E-13
3699.6  2.149392E-13
3702.5  1.919050E-13
3705.4  1.871926E-13
3708.3  2.025772E-13
3711.2  2.122669E-13
3714.1  1.936577E-13
3717.  1.609073E-13
3719.9  1.483929E-13
3722.8  1.562463E-13
3725.7  1.568206E-13
3728.6  1.382839E-13
3731.5  1.169263E-13
3734.4  1.136515E-13
3737.3  1.263234E-13
3740.2  1.287055E-13
3743.1  1.197366E-13
3746.  1.224412E-13
3748.9  1.432722E-13
3751.8  1.635561E-13
3754.7  1.609562E-13
3757.6  1.493449E-13
3760.5  1.490757E-13
3763.4  1.589885E-13
3766.3  1.759982E-13
3769.2  1.956771E-13
3772.1  2.096091E-13
3775.  2.126210E-13
3777.9  2.107505E-13
3780.8  2.026455E-13
3783.7  1.794875E-13
3786.6  1.538306E-13
3789.5  1.438528E-13
3792.4  1.453686E-13
3795.3  1.464837E-13
3798.2  1.575460E-13
3801.1  1.702627E-13
3804.  1.712620E-13
3806.9  1.619397E-13
3809.8  1.474370E-13
3812.7  1.226938E-13
3815.6  1.040930E-13
3818.5  8.879147E-14
3821.4  8.314169E-14
3824.3  8.306915E-14
3827.2  8.645981E-14
3830.1  8.810578E-14
3833.  9.198817E-14
3835.9  9.822973E-14
3838.8  1.052510E-13
3841.7  1.159715E-13
3844.6  1.214139E-13
3847.5  1.130335E-13
3850.4  1.066346E-13
3853.3  1.019442E-13
3856.2  9.982064E-14
3859.1  1.029025E-13
3862.  1.118747E-13
3864.9  1.123370E-13
3867.8  1.111010E-13
3870.7  1.174091E-13
3873.6  1.265351E-13
3876.5  1.270807E-13
3879.4  1.334128E-13
3882.3  1.492118E-13
3885.2  1.648113E-13
3888.1  1.893436E-13
3891.  2.057240E-13
3893.9  2.125876E-13
3896.8  2.066450E-13
3899.7  2.038715E-13
3902.6  2.058205E-13
3905.5  2.133272E-13
3908.4  2.297909E-13
3911.3  2.323633E-13
3914.2  2.186059E-13
3917.1  1.946611E-13
3920.  1.686973E-13
3922.9  1.442882E-13
3925.8  1.130175E-13
3928.7  8.466142E-14
3931.6  7.892032E-14
3934.5  9.956636E-14
3937.4  1.321940E-13
3940.3  1.643639E-13
3943.2  1.944393E-13
3946.1  2.181794E-13
3949.  2.336423E-13
3951.9  2.367784E-13
3954.8  2.236236E-13
3957.7  1.889659E-13
3960.6  1.445987E-13
3963.5  1.111983E-13
3966.4  1.027003E-13
3969.3  1.322722E-13
3972.2  1.871225E-13
3975.1  2.428026E-13
3978.  2.842811E-13
3980.9  3.053826E-13
3983.8  3.195734E-13
3986.7  3.325504E-13
3989.6  3.372585E-13
3992.5  3.381745E-13
3995.4  3.407736E-13
3998.3  3.470278E-13
4001.2  3.487595E-13
4004.1  3.473789E-13
4007.  3.549909E-13
4009.9  3.647457E-13
4012.8  3.711743E-13
4015.7  3.728168E-13
4018.6  3.707223E-13
4021.5  3.727453E-13
4024.4  3.671863E-13
4027.3  3.527183E-13
4030.2  3.341349E-13
4033.1  3.374041E-13
4036.  3.506246E-13
4038.9  3.439858E-13
4041.8  3.197449E-13
4044.7  3.132899E-13
4047.6  3.298599E-13
4050.5  3.313690E-13
4053.4  3.219831E-13
4056.3  3.144466E-13
4059.2  3.106918E-13
4062.1  3.062845E-13
4065.  3.180293E-13
4067.9  3.264387E-13
4070.8  3.234974E-13
4073.7  3.257285E-13
4076.6  3.354453E-13
4079.5  3.559540E-13
4082.4  3.722546E-13
4085.3  3.850019E-13
4088.2  3.894133E-13
4091.1  3.765734E-13
4094.  3.501409E-13
4096.9  3.305609E-13
4099.8  3.255947E-13
4102.7  3.445812E-13
4105.6  3.586339E-13
4108.5  3.614861E-13
4111.4  3.658471E-13
4114.3  3.651657E-13
4117.2  3.537953E-13
4120.1  3.496774E-13
4123.  3.460745E-13
4125.9  3.345890E-13
4128.8  3.265029E-13
4131.7  3.297655E-13
4134.6  3.423071E-13
4137.5  3.390099E-13
4140.4  3.219430E-13
4143.3  3.137513E-13
4146.2  3.205664E-13
4149.1  3.226940E-13
4152.  3.256559E-13
4154.9  3.373599E-13
4157.8  3.502763E-13
4160.7  3.570657E-13
4163.6  3.502574E-13
4166.5  3.406774E-13
4169.4  3.331159E-13
4172.3  3.233383E-13
4175.2  3.271452E-13
4178.1  3.364363E-13
4181.  3.477023E-13
4183.9  3.539203E-13
4186.8  3.516485E-13
4189.7  3.458188E-13
4192.6  3.297526E-13
4195.5  3.199379E-13
4198.4  3.279010E-13
4201.3  3.484777E-13
4204.2  3.721178E-13
4207.1  3.818908E-13
4210.  3.774776E-13
4212.9  3.801794E-13
4215.8  3.906074E-13
4218.7  3.840480E-13
4221.6  3.476313E-13
4224.5  3.275710E-13
4227.4  3.548878E-13
4230.3  3.821270E-13
4233.2  3.834707E-13
4236.1  3.906844E-13
4239.  4.048007E-13
4241.9  4.073763E-13
4244.8  3.918762E-13
4247.7  3.729451E-13
4250.6  3.710913E-13
4253.5  3.754037E-13
4256.4  3.766147E-13
4259.3  3.872110E-13
4262.2  4.019202E-13
4265.1  3.864515E-13
4268.  3.516047E-13
4270.9  3.385455E-13
4273.8  3.598486E-13
4276.7  3.789141E-13
4279.6  3.772583E-13
4282.5  3.702039E-13
4285.4  3.529349E-13
4288.3  3.399226E-13
4291.2  3.319738E-13
4294.1  3.118812E-13
4297.  2.802953E-13
4299.9  2.634690E-13
4302.8  2.577181E-13
4305.7  2.671047E-13
4308.6  3.094837E-13
4311.5  3.809259E-13
4314.4  4.440896E-13
4317.3  4.517932E-13
4320.2  4.147730E-13
4323.1  3.939485E-13
4326.  4.249915E-13
4328.9  4.599529E-13
4331.8  4.602325E-13
4334.7  4.337800E-13
4337.6  4.139104E-13
4340.5  4.309524E-13
4343.4  4.583851E-13
4346.3  4.546998E-13
4349.2  4.419728E-13
4352.1  4.433781E-13
4355.  4.631302E-13
4357.9  4.762881E-13
4360.8  4.895112E-13
4363.7  4.872505E-13
4366.6  4.650378E-13
4369.5  4.460674E-13
4372.4  4.275492E-13
4375.3  4.163962E-13
4378.2  3.967178E-13
4381.1  3.665869E-13
4384.  3.693882E-13
4386.9  3.960972E-13
4389.8  4.170244E-13
4392.7  4.317684E-13
4395.6  4.406431E-13
4398.5  4.300549E-13
4401.4  4.167771E-13
4404.3  4.196520E-13
4407.2  4.463742E-13
4410.1  4.702328E-13
4413.  4.717410E-13
4415.9  4.762497E-13
4418.8  4.849494E-13
4421.7  4.844200E-13
4424.6  4.843809E-13
4427.5  4.820655E-13
4430.4  4.747446E-13
4433.3  4.745720E-13
4436.2  4.889643E-13
4439.1  5.010370E-13
4442.  5.055910E-13
4444.9  5.124383E-13
4447.8  5.042682E-13
4450.7  4.807660E-13
4453.6  4.577772E-13
4456.5  4.463507E-13
4459.4  4.542778E-13
4462.3  4.744233E-13
4465.2  4.988873E-13
4468.1  5.322458E-13
4471.  5.595321E-13
4473.9  5.615722E-13
4476.8  5.419303E-13
4479.7  5.321828E-13
4482.6  5.331751E-13
4485.5  5.299615E-13
4488.4  5.214386E-13
4491.3  5.175489E-13
4494.2  5.255362E-13
4497.1  5.495223E-13
4500.  5.775814E-13
4502.9  5.888877E-13
4505.8  5.863597E-13
4508.7  5.768677E-13
4511.6  5.616965E-13
4514.5  5.508870E-13
4517.4  5.446285E-13
4520.3  5.361051E-13
4523.2  5.128340E-13
4526.1  4.936720E-13
4529.  4.959084E-13
4531.9  5.086455E-13
4534.8  5.294041E-13
4537.7  5.406777E-13
4540.6  5.388032E-13
4543.5  5.345443E-13
4546.4  5.312864E-13
4549.3  5.318610E-13
4552.2  5.417361E-13
4555.1  5.638213E-13
4558.  5.718039E-13
4560.9  5.632436E-13
4563.8  5.631831E-13
4566.7  5.768079E-13
4569.6  5.803290E-13
4572.5  5.736543E-13
4575.4  5.576541E-13
4578.3  5.270819E-13
4581.2  5.235186E-13
4584.1  5.423051E-13
4587.  5.636818E-13
4589.9  5.624947E-13
4592.8  5.486909E-13
4595.7  5.488167E-13
4598.6  5.522777E-13
4601.5  5.596082E-13
4604.4  5.715528E-13
4607.3  5.875122E-13
4610.2  5.919401E-13
4613.1  5.929544E-13
4616.  5.938277E-13
4618.9  5.961337E-13
4621.8  6.055157E-13
4624.7  6.055038E-13
4627.6  6.040413E-13
4630.5  5.949955E-13
4633.4  5.773863E-13
4636.3  5.626087E-13
4639.2  5.608476E-13
4642.1  5.530367E-13
4645.  5.397664E-13
4647.9  5.471018E-13
4650.8  5.656579E-13
4653.7  5.724640E-13
4656.6  5.774510E-13
4659.5  5.794674E-13
4662.4  5.469056E-13
4665.3  5.246104E-13
4668.2  5.335425E-13
4671.1  5.527823E-13
4674.  5.640326E-13
4676.9  5.642324E-13
4679.8  5.565045E-13
4682.7  5.606703E-13
4685.6  5.707310E-13
4688.5  5.739470E-13
4691.4  5.756427E-13
4694.3  5.688594E-13
4697.2  5.461119E-13
4700.1  5.327751E-13
4703.  5.331633E-13
4705.9  5.365101E-13
4708.8  5.462777E-13
4711.7  5.634395E-13
4714.6  5.868695E-13
4717.5  6.062120E-13
4720.4  6.059489E-13
4723.3  5.858851E-13
4726.2  5.634244E-13
4729.1  5.571311E-13
4732.  5.654633E-13
4734.9  5.729031E-13
4737.8  5.849501E-13
4740.7  5.995999E-13
4743.6  6.080163E-13
4746.5  6.011504E-13
4749.4  5.898000E-13
4752.3  5.797482E-13
4755.2  5.802479E-13
4758.1  5.850322E-13
4761.  5.691928E-13
4763.9  5.609311E-13
4766.8  5.788677E-13
4769.7  6.058633E-13
4772.6  6.246017E-13
4775.5  6.300512E-13
4778.4  6.176839E-13
4781.3  6.013065E-13
4784.2  5.918882E-13
4787.1  5.947090E-13
4790.  6.044950E-13
4792.9  6.181616E-13
4795.8  6.138813E-13
4798.7  6.051376E-13
4801.6  6.077298E-13
4804.5  6.060995E-13
4807.4  6.051269E-13
4810.3  6.173470E-13
4813.2  6.298959E-13
4816.1  6.350617E-13
4819.  6.201812E-13
4821.9  5.972901E-13
4824.8  5.907701E-13
4827.7  5.897079E-13
4830.6  5.894078E-13
4833.5  5.929385E-13
4836.4  5.941673E-13
4839.3  5.881828E-13
4842.2  5.938839E-13
4845.1  6.102811E-13
4848.  6.111657E-13
4850.9  5.911950E-13
4853.8  5.632290E-13
4856.7  5.309912E-13
4859.6  5.086798E-13
4862.5  5.243150E-13
4865.4  5.489453E-13
4868.3  5.454873E-13
4871.2  5.443936E-13
4874.1  5.646187E-13
4877.  5.861009E-13
4879.9  5.875630E-13
4882.8  5.722255E-13
4885.7  5.540323E-13
4888.6  5.540200E-13
4891.5  5.866916E-13
4894.4  6.185493E-13
4897.3  6.195722E-13
4900.2  6.101536E-13
4903.1  6.083114E-13
4906.  5.985114E-13
4908.9  5.830574E-13
4911.8  5.867600E-13
4914.7  5.789833E-13
4917.6  5.396995E-13
4920.5  5.307917E-13
4923.4  5.646914E-13
4926.3  5.996624E-13
4929.2  6.058217E-13
4932.1  5.916521E-13
4935.  5.774235E-13
4937.9  5.798161E-13
4940.8  6.020848E-13
4943.7  6.186800E-13
4946.6  6.248258E-13
4949.5  6.242978E-13
4952.4  6.091419E-13
4955.3  5.918155E-13
4958.2  5.997850E-13
4961.1  6.108808E-13
4964.  6.039701E-13
4966.9  6.025709E-13
4969.8  6.079171E-13
4972.7  6.034864E-13
4975.6  5.847514E-13
4978.5  5.677947E-13
4981.4  5.558557E-13
4984.3  5.648654E-13
4987.2  5.797608E-13
4990.1  5.858704E-13
4993.  5.894624E-13
4995.9  5.833901E-13
4998.8  5.660910E-13
5001.7  5.559290E-13
5004.6  5.528153E-13
5007.5  5.539278E-13
5010.4  5.487347E-13
5013.3  5.503386E-13
5016.2  5.650815E-13
5019.1  5.663764E-13
5022.  5.676173E-13
5024.9  5.764757E-13
5027.8  5.930647E-13
5030.7  6.071510E-13
5033.6  5.948307E-13
5036.5  5.652177E-13
5039.4  5.550127E-13
5042.3  5.795204E-13
5045.2  5.972543E-13
5048.1  5.893254E-13
5051.  5.921466E-13
5053.9  6.093088E-13
5056.8  6.278756E-13
5059.7  6.258731E-13
5062.6  6.041265E-13
5065.5  5.902149E-13
5068.4  5.897737E-13
5071.3  5.933789E-13
5074.2  5.854282E-13
5077.1  5.685984E-13
5080.  5.635582E-13
5082.9  5.842304E-13
5085.8  6.088420E-13
5088.7  6.212405E-13
5091.6  6.175788E-13
5094.5  5.974670E-13
5097.4  5.874806E-13
5100.3  5.873701E-13
5103.2  5.878707E-13
5106.1  5.812874E-13
5109.  5.848834E-13
5111.9  5.994105E-13
5114.8  6.089356E-13
5117.7  6.017250E-13
5120.6  5.728501E-13
5123.5  5.525991E-13
5126.4  5.549885E-13
5129.3  5.631340E-13
5132.2  5.673498E-13
5135.1  5.646317E-13
5138.  5.567134E-13
5140.9  5.538605E-13
5143.8  5.532944E-13
5146.7  5.490866E-13
5149.6  5.491197E-13
5152.5  5.598514E-13
5155.4  5.804988E-13
5158.3  5.831977E-13
5161.2  5.428969E-13
5164.1  4.854586E-13
5167.  4.497995E-13
5169.9  4.508693E-13
5172.8  4.871875E-13
5175.7  5.283678E-13
5178.6  5.143634E-13
5181.5  4.806089E-13
5184.4  4.983903E-13
5187.3  5.403669E-13
5190.2  5.467401E-13
5193.1  5.477992E-13
5196.  5.652527E-13
5198.9  5.776649E-13
5201.8  5.651875E-13
5204.7  5.416083E-13
5207.6  5.441694E-13
5210.5  5.745604E-13
5213.4  5.946114E-13
5216.3  5.987763E-13
5219.2  5.902693E-13
5222.1  5.657461E-13
5225.  5.448155E-13
5227.9  5.579314E-13
5230.8  5.819844E-13
5233.7  6.024785E-13
5236.6  6.212959E-13
5239.5  6.301573E-13
5242.4  6.254861E-13
5245.3  6.056972E-13
5248.2  5.830281E-13
5251.1  5.858967E-13
5254.  6.044066E-13
5256.9  6.133087E-13
5259.8  5.870787E-13
5262.7  5.370775E-13
5265.6  5.035875E-13
5268.5  5.083044E-13
5271.4  5.431031E-13
5274.3  5.784519E-13
5277.2  6.070785E-13
5280.1  6.123644E-13
5283.  6.151557E-13
5285.9  6.394621E-13
5288.8  6.544945E-13
5291.7  6.404767E-13
5294.6  6.119532E-13
5297.5  5.970762E-13
5300.4  6.165045E-13
5303.3  6.407275E-13
5306.2  6.589813E-13
5309.1  6.638994E-13
5312.  6.587457E-13
5314.9  6.475800E-13
5317.8  6.305944E-13
5320.7  6.124704E-13
5323.6  5.863903E-13
5326.5  5.634051E-13
5329.4  5.827111E-13
5332.3  6.184628E-13
5335.2  6.307647E-13
5338.1  6.269063E-13
5341.  6.258477E-13
5343.9  6.275353E-13
5346.8  6.207701E-13
5349.7  6.266209E-13
5352.6  6.510516E-13
5355.5  6.692892E-13
5358.4  6.704072E-13
5361.3  6.491369E-13
5364.2  6.249487E-13
5367.1  6.042204E-13
5370.  6.001384E-13
5372.9  6.262535E-13
5375.8  6.466993E-13
5378.7  6.376876E-13
5381.6  6.355570E-13
5384.5  6.395516E-13
5387.4  6.250558E-13
5390.3  6.017272E-13
5393.2  5.888190E-13
5396.1  5.904036E-13
5399.  5.932570E-13
5401.9  5.834791E-13
5404.8  5.674424E-13
5407.7  5.734400E-13
5410.6  6.010210E-13
5413.5  6.328171E-13
5416.4  6.412606E-13
5419.3  6.290055E-13
5422.2  6.274012E-13
5425.1  6.275570E-13
5428.  6.126906E-13
5430.9  6.041429E-13
5433.8  6.144907E-13
5436.7  6.398223E-13
5439.6  6.594061E-13
5442.5  6.491816E-13
5445.4  6.364082E-13
5448.3  6.440464E-13
5451.2  6.468032E-13
5454.1  6.392809E-13
5457.  6.386134E-13
5459.9  6.366482E-13
5462.8  6.413562E-13
5465.7  6.508742E-13
5468.6  6.476720E-13
5471.5  6.360199E-13
5474.4  6.185889E-13
5477.3  6.111310E-13
5480.2  6.187405E-13
5483.1  6.302903E-13
5486.  6.389853E-13
5488.9  6.384161E-13
5491.8  6.347556E-13
5494.7  6.408518E-13
5497.6  6.489894E-13
5500.5  6.428807E-13
5503.4  6.359348E-13
5506.3  6.291537E-13
5509.2  6.219942E-13
5512.1  6.129284E-13
5515.  6.200441E-13
5517.9  6.390062E-13
5520.8  6.499453E-13
5523.7  6.395593E-13
5526.6  6.252257E-13
5529.5  6.255029E-13
5532.4  6.309614E-13
5535.3  6.341488E-13
5538.2  6.418919E-13
5541.1  6.499740E-13
5544.  6.564382E-13
5546.9  6.714020E-13
5549.8  6.806366E-13
5552.7  6.758594E-13
5555.6  6.698060E-13
5558.5  6.641995E-13
5561.4  6.423371E-13
5564.3  6.300470E-13
5567.2  6.303997E-13
5570.1  6.315866E-13
5573.  6.266156E-13
5575.9  6.341355E-13
5578.8  6.377137E-13
5581.7  6.261921E-13
5584.6  6.042466E-13
5587.5  5.855952E-13
5590.4  6.017963E-13
5593.3  6.233070E-13
5596.2  6.316646E-13
5599.1  6.219404E-13
5602.  6.295087E-13
5604.9  6.538752E-13
5607.8  6.677495E-13
5610.7  6.651204E-13
5613.6  6.463814E-13
5616.5  6.314661E-13
5619.4  6.351345E-13
5622.3  6.337890E-13
5625.2  6.397143E-13
5628.1  6.576777E-13
5631.  6.626891E-13
5633.9  6.500954E-13
5636.8  6.371534E-13
5639.7  6.332911E-13
5642.6  6.311466E-13
5645.5  6.330731E-13
5648.4  6.420657E-13
5651.3  6.392196E-13
5654.2  6.216002E-13
5657.1  6.123588E-13
5660.  6.162354E-13
5662.9  6.268912E-13
5665.8  6.363170E-13
5668.7  6.453094E-13
5671.6  6.560016E-13
5674.5  6.629813E-13
5677.4  6.581432E-13
5680.3  6.469718E-13
5683.2  6.399680E-13
5686.1  6.432574E-13
5689.  6.506926E-13
5691.9  6.568017E-13
5694.8  6.508864E-13
5697.7  6.320986E-13
5700.6  6.153972E-13
5703.5  6.069489E-13
5706.4  5.959452E-13
5709.3  6.019705E-13
5712.2  6.269861E-13
5715.1  6.486959E-13
5718.  6.615262E-13
5720.9  6.690112E-13
5723.8  6.667825E-13
5726.7  6.610772E-13
5729.6  6.581284E-13
5732.5  6.565530E-13
5735.4  6.633259E-13
5738.3  6.667575E-13
5741.2  6.752337E-13
5744.1  6.749324E-13
5747.  6.586810E-13
5749.9  6.460033E-13
5752.8  6.461312E-13
5755.7  6.492360E-13
5758.6  6.479615E-13
5761.5  6.515218E-13
5764.4  6.646592E-13
5767.3  6.740452E-13
5770.2  6.735244E-13
5773.1  6.617565E-13
5776.  6.478149E-13
5778.9  6.267341E-13
5781.8  6.086364E-13
5784.7  6.190765E-13
5787.6  6.408771E-13
5790.5  6.532190E-13
5793.4  6.581404E-13
5796.3  6.557823E-13
5799.2  6.574582E-13
5802.1  6.580042E-13
5805.  6.580716E-13
5807.9  6.593425E-13
5810.8  6.594288E-13
5813.7  6.561169E-13
5816.6  6.584549E-13
5819.5  6.654725E-13
5822.4  6.678860E-13
5825.3  6.658551E-13
5828.2  6.652517E-13
5831.1  6.673789E-13
5834.  6.671352E-13
5836.9  6.653586E-13
5839.8  6.648614E-13
5842.7  6.621810E-13
5845.6  6.542486E-13
5848.5  6.474514E-13
5851.4  6.415805E-13
5854.3  6.364095E-13
5857.2  6.370941E-13
5860.1  6.425449E-13
5863.  6.471428E-13
5865.9  6.499075E-13
5868.8  6.545094E-13
5871.7  6.589571E-13
5874.6  6.599723E-13
5877.5  6.509663E-13
5880.4  6.335496E-13
5883.3  6.135562E-13
5886.2  5.890417E-13
5889.1  5.736662E-13
5892.  5.764449E-13
5894.9  5.919197E-13
5897.8  6.150291E-13
5900.7  6.354448E-13
5903.6  6.419204E-13
5906.5  6.385883E-13
5909.4  6.390249E-13
5912.3  6.463998E-13
5915.2  6.534111E-13
5918.1  6.576757E-13
5921.  6.587394E-13
5923.9  6.568609E-13
5926.8  6.530217E-13
5929.7  6.520800E-13
5932.6  6.536282E-13
5935.5  6.531118E-13
5938.4  6.512073E-13
5941.3  6.511831E-13
5944.2  6.503772E-13
5947.1  6.457775E-13
5950.  6.410557E-13
5952.9  6.418111E-13
5955.8  6.480849E-13
5958.7  6.560030E-13
5961.6  6.595598E-13
5964.5  6.598591E-13
5967.4  6.603803E-13
5970.3  6.598070E-13
5973.2  6.561540E-13
5976.1  6.539320E-13
5979.  6.526825E-13
5981.9  6.493310E-13
5984.8  6.484520E-13
5987.7  6.491411E-13
5990.6  6.494092E-13
5993.5  6.461186E-13
5996.4  6.424638E-13
5999.3  6.399541E-13
6002.2  6.368014E-13
6005.1  6.335958E-13
6008.  6.330694E-13
6010.9  6.326808E-13
6013.8  6.323805E-13
6016.7  6.328078E-13
6019.6  6.339782E-13
6022.5  6.399934E-13
6025.4  6.485813E-13
6028.3  6.567730E-13
6031.2  6.623498E-13
6034.1  6.623352E-13
6037.  6.615900E-13
6039.9  6.644846E-13
6042.8  6.636186E-13
6045.7  6.615852E-13
6048.6  6.571562E-13
6051.5  6.523135E-13
6054.4  6.523109E-13
6057.3  6.513759E-13
6060.2  6.498639E-13
6063.1  6.503827E-13
6066.  6.537787E-13
6068.9  6.547832E-13
6071.8  6.531361E-13
6074.7  6.474596E-13
6077.6  6.444136E-13
6080.5  6.414431E-13
6083.4  6.392780E-13
6086.3  6.384570E-13
6089.2  6.352974E-13
6092.1  6.350417E-13
6095.  6.354555E-13
6097.9  6.302206E-13
6100.8  6.272435E-13
6103.7  6.310453E-13
6106.6  6.355873E-13
6109.5  6.373033E-13
6112.4  6.337801E-13
6115.3  6.295465E-13
6118.2  6.278014E-13
6121.1  6.271965E-13
6124.  6.256018E-13
6126.9  6.216242E-13
6129.8  6.152751E-13
6132.7  6.108092E-13
6135.6  6.132526E-13
6138.5  6.203628E-13
6141.4  6.268036E-13
6144.3  6.287507E-13
6147.2  6.251907E-13
6150.1  6.197343E-13
6153.  6.116807E-13
6155.9  6.023748E-13
6158.8  5.972786E-13
6161.7  6.006723E-13
6164.6  6.041852E-13
6167.5  6.089461E-13
6170.4  6.165970E-13
6173.3  6.219224E-13
6176.2  6.273588E-13
6179.1  6.313105E-13
6182.  6.287811E-13
6184.9  6.214724E-13
6187.8  6.188058E-13
6190.7  6.222913E-13
6193.6  6.269043E-13
6196.5  6.299982E-13
6199.4  6.325324E-13
6202.3  6.339460E-13
6205.2  6.313127E-13
6208.1  6.234159E-13
6211.  6.172938E-13
6213.9  6.149005E-13
6216.8  6.170079E-13
6219.7  6.176359E-13
6222.6  6.149223E-13
6225.5  6.120366E-13
6228.4  6.131690E-13
6231.3  6.160521E-13
6234.2  6.138507E-13
6237.1  6.083795E-13
6240.  6.051635E-13
6242.9  6.047098E-13
6245.8  6.037974E-13
6248.7  5.975572E-13
6251.6  5.919405E-13
6254.5  5.942814E-13
6257.4  6.041298E-13
6260.3  6.151377E-13
6263.2  6.216040E-13
6266.1  6.241892E-13
6269.  6.271573E-13
6271.9  6.265223E-13
6274.8  6.228756E-13
6277.7  6.233605E-13
6280.6  6.243250E-13
6283.5  6.259626E-13
6286.4  6.280540E-13
6289.3  6.258112E-13
6292.2  6.194182E-13
6295.1  6.147737E-13
6298.  6.136596E-13
6300.9  6.176323E-13
6303.8  6.196428E-13
6306.7  6.159393E-13
6309.6  6.115447E-13
6312.5  6.060595E-13
6315.4  6.069865E-13
6318.3  6.126566E-13
6321.2  6.200589E-13
6324.1  6.233516E-13
6327.  6.210533E-13
6329.9  6.166504E-13
6332.8  6.136621E-13
6335.7  6.165058E-13
6338.6  6.202541E-13
6341.5  6.215297E-13
6344.4  6.237326E-13
6347.3  6.247745E-13
6350.2  6.200765E-13
6353.1  6.120165E-13
6356.  6.058292E-13
6358.9  6.021405E-13
6361.8  6.068835E-13
6364.7  6.165307E-13
6367.6  6.263695E-13
6370.5  6.306422E-13
6373.4  6.314701E-13
6376.3  6.277645E-13
6379.2  6.242300E-13
6382.1  6.250152E-13
6385.  6.251335E-13
6387.9  6.213988E-13
6390.8  6.171679E-13
6393.7  6.144760E-13
6396.6  6.119270E-13
6399.5  6.122938E-13
6402.4  6.142491E-13
6405.3  6.113276E-13
6408.2  6.105138E-13
6411.1  6.118918E-13
6414.  6.135983E-13
6416.9  6.120275E-13
6419.8  6.117706E-13
6422.7  6.152428E-13
6425.6  6.152867E-13
6428.5  6.119983E-13
6431.4  6.119614E-13
6434.3  6.141827E-13
6437.2  6.145466E-13
6440.1  6.158564E-13
6443.  6.167957E-13
6445.9  6.120334E-13
6448.8  6.060893E-13
6451.7  6.040073E-13
6454.6  6.085769E-13
6457.5  6.131298E-13
6460.4  6.140064E-13
6463.3  6.122516E-13
6466.2  6.127154E-13
6469.1  6.134295E-13
6472.  6.159322E-13
6474.9  6.165853E-13
6477.8  6.166038E-13
6480.7  6.149202E-13
6483.6  6.038474E-13
6486.5  5.968303E-13
6489.4  5.894596E-13
6492.3  5.855196E-13
6495.2  5.872487E-13
6498.1  5.945114E-13
6501.  6.045456E-13
6503.9  6.123725E-13
6506.8  6.162021E-13
6509.7  6.164801E-13
6512.6  6.149744E-13
6515.5  6.138927E-13
6518.4  6.134321E-13
6521.3  6.133057E-13
6524.2  6.136231E-13
6527.1  6.142810E-13
6530.  6.148492E-13
6532.9  6.148863E-13
6535.8  6.140211E-13
6538.7  6.119455E-13
6541.6  6.084431E-13
6544.5  6.033343E-13
6547.4  5.966262E-13
6550.3  5.876097E-13
6553.2  5.759072E-13
6556.1  5.646021E-13
6559.  5.574684E-13
6561.9  5.580177E-13
6564.8  5.670537E-13
6567.7  5.785400E-13
6570.6  5.878159E-13
6573.5  5.943563E-13
6576.4  5.983966E-13
6579.3  6.011903E-13
6582.2  6.028815E-13
6585.1  6.027425E-13
6588.  6.015125E-13
6590.9  6.004952E-13
6593.8  6.009082E-13
6596.7  6.034495E-13
6599.6  6.063706E-13
6602.5  6.081106E-13
6605.4  6.094404E-13
6608.3  6.110119E-13
6611.2  6.128856E-13
6614.1  6.145310E-13
6617.  6.145906E-13
6619.9  6.128480E-13
6622.8  6.101050E-13
6625.7  6.068720E-13
6628.6  6.035794E-13
6631.5  6.010011E-13
6634.4  5.998727E-13
6637.3  6.004847E-13
6640.2  6.027891E-13
6643.1  6.064250E-13
6646.  6.104894E-13
6648.9  6.131200E-13
6651.8  6.134230E-13
6654.7  6.119862E-13
6657.6  6.098548E-13
6660.5  6.083980E-13
6663.4  6.083232E-13
6666.3  6.097812E-13
6669.2  6.118864E-13
6672.1  6.134772E-13
6675.  6.149332E-13
6677.9  6.166990E-13
6680.8  6.181957E-13
6683.7  6.185603E-13
6686.6  6.162738E-13
6689.5  6.113558E-13
6692.4  6.064162E-13
6695.3  6.026533E-13
6698.2  5.996368E-13
6701.1  5.973782E-13
6704.  5.960586E-13
6706.9  5.954351E-13
6709.8  5.951675E-13
6712.7  5.954779E-13
6715.6  5.966332E-13
6718.5  5.984725E-13
6721.4  6.007326E-13
6724.3  6.032270E-13
6727.2  6.053997E-13
6730.1  6.060247E-13
6733.  6.048696E-13
6735.9  6.028996E-13
6738.8  6.008350E-13
6741.7  5.991876E-13
6744.6  5.985410E-13
6747.5  5.993089E-13
6750.4  6.014506E-13
6753.3  6.045001E-13
6756.2  6.068246E-13
6759.1  6.071366E-13
6762.  6.056801E-13
6764.9  6.034577E-13
6767.8  6.026079E-13
6770.7  6.037315E-13
6773.6  6.052925E-13
6776.5  6.061152E-13
6779.4  6.053698E-13
6782.3  6.036965E-13
6785.2  6.024900E-13
6788.1  6.019136E-13
6791.  6.016804E-13
6793.9  6.011776E-13
6796.8  6.000392E-13
6799.7  5.993026E-13
6802.6  5.995519E-13
6805.5  5.998523E-13
6808.4  5.999141E-13
6811.3  6.004840E-13
6814.2  6.017039E-13
6817.1  6.032090E-13
6820.  6.040798E-13
6822.9  6.031861E-13
6825.8  6.006194E-13
6828.7  5.970686E-13
6831.6  5.930834E-13
6834.5  5.894290E-13
6837.4  5.879406E-13
6840.3  5.893873E-13
6843.2  5.917321E-13
6846.1  5.932936E-13
6849.  5.933807E-13
6851.9  5.922240E-13
6854.8  5.911126E-13
6857.7  5.900302E-13
6860.6  5.882767E-13
6863.5  5.849972E-13
6866.4  5.797864E-13
6869.3  5.777794E-13
6872.2  5.835537E-13
6875.1  5.932338E-13
6878.  6.019230E-13
6880.9  6.060785E-13
6883.8  6.045832E-13
6886.7  6.006959E-13
6889.6  5.971870E-13
6892.5  5.957335E-13
6895.4  5.965890E-13
6898.3  5.987068E-13
6901.2  6.006939E-13
6904.1  6.011622E-13
6907.  5.998946E-13
6909.9  5.973101E-13
6912.8  5.947029E-13
6915.7  5.931123E-13
6918.6  5.919900E-13
6921.5  5.909287E-13
6924.4  5.901975E-13
6927.3  5.899257E-13
6930.2  5.901395E-13
6933.1  5.903797E-13
6936.  5.898514E-13
6938.9  5.883419E-13
6941.8  5.860519E-13
6944.7  5.840673E-13
6947.6  5.835463E-13
6950.5  5.844591E-13
6953.4  5.862702E-13
6956.3  5.878961E-13
6959.2  5.883731E-13
6962.1  5.873159E-13
6965.  5.847249E-13
6967.9  5.810448E-13
6970.8  5.771365E-13
6973.7  5.740881E-13
6976.6  5.728427E-13
6979.5  5.740306E-13
6982.4  5.764957E-13
6985.3  5.784994E-13
6988.2  5.796474E-13
6991.1  5.798476E-13
6994.  5.786801E-13
6996.9  5.761599E-13
6999.8  5.732077E-13
7002.7  5.705692E-13
7005.6  5.685377E-13
7008.5  5.671943E-13
7011.4  5.663119E-13
7014.3  5.662327E-13
7017.2  5.676415E-13
7020.1  5.694003E-13
7023.  5.699388E-13
7025.9  5.704021E-13
7028.8  5.723086E-13
7031.7  5.756497E-13
7034.6  5.799358E-13
7037.5  5.841531E-13
7040.4  5.872322E-13
7043.3  5.881975E-13
7046.2  5.870689E-13
7049.1  5.850618E-13
7052.  5.827570E-13
7054.9  5.802179E-13
7057.8  5.781390E-13
7060.7  5.772860E-13
7063.6  5.771651E-13
7066.5  5.769412E-13
7069.4  5.763398E-13
7072.3  5.751255E-13
7075.2  5.726958E-13
7078.1  5.692253E-13
7081.  5.664027E-13
7083.9  5.651564E-13
7086.8  5.652450E-13
7089.7  5.663598E-13
7092.6  5.681128E-13
7095.5  5.695722E-13
7098.4  5.696940E-13
7101.3  5.687601E-13
7104.2  5.674878E-13
7107.1  5.660365E-13
7110.  5.645190E-13
7112.9  5.630634E-13
7115.8  5.619236E-13
7118.7  5.618233E-13
7121.6  5.626153E-13
7124.5  5.627326E-13
7127.4  5.623380E-13
7130.3  5.632504E-13
7133.2  5.647079E-13
7136.1  5.646465E-13
7139.  5.634234E-13
7141.9  5.622131E-13
7144.8  5.615715E-13
7147.7  5.617875E-13
7150.6  5.626795E-13
7153.5  5.637162E-13
7156.4  5.638509E-13
7159.3  5.625000E-13
7162.2  5.598598E-13
7165.1  5.566490E-13
7168.  5.541366E-13
7170.9  5.520422E-13
7173.8  5.491045E-13
7176.7  5.458448E-13
7179.6  5.434102E-13
7182.5  5.417454E-13
7185.4  5.406608E-13
7188.3  5.410278E-13
7191.2  5.431579E-13
7194.1  5.454950E-13
7197.  5.469752E-13
7199.9  5.476292E-13
7202.8  5.481826E-13
7205.7  5.502578E-13
7208.6  5.530328E-13
7211.5  5.539649E-13
7214.4  5.530961E-13
7217.3  5.516554E-13
7220.2  5.505377E-13
7223.1  5.503670E-13
7226.  5.504153E-13
7228.9  5.500403E-13
7231.8  5.497776E-13
7234.7  5.502355E-13
7237.6  5.521519E-13
7240.5  5.549485E-13
7243.4  5.563023E-13
7246.3  5.556571E-13
7249.2  5.539701E-13
7252.1  5.521731E-13
7255.  5.511504E-13
7257.9  5.510781E-13
7260.8  5.517126E-13
7263.7  5.524109E-13
7266.6  5.524917E-13
7269.5  5.514136E-13
7272.4  5.492788E-13
7275.3  5.477286E-13
7278.2  5.469657E-13
7281.1  5.448409E-13
7284.  5.413174E-13
7286.9  5.381636E-13
7289.8  5.372207E-13
7292.7  5.401171E-13
7295.6  5.442695E-13
7298.5  5.460024E-13
7301.4  5.456125E-13
7304.3  5.444131E-13
7307.2  5.438300E-13
7310.1  5.446972E-13
7313.  5.459444E-13
7315.9  5.468305E-13
7318.8  5.474844E-13
7321.7  5.479909E-13
7324.6  5.483720E-13
7327.5  5.492162E-13
7330.4  5.513488E-13
7333.3  5.537272E-13
7336.2  5.546914E-13
7339.1  5.539223E-13
7342.  5.516479E-13
7344.9  5.485694E-13
7347.8  5.455470E-13
7350.7  5.434095E-13
7353.6  5.425619E-13
7356.5  5.426143E-13
7359.4  5.433877E-13
7362.3  5.450089E-13
7365.2  5.471497E-13
7368.1  5.492122E-13
7371.  5.501241E-13
7373.9  5.488388E-13
7376.8  5.459056E-13
7379.7  5.424335E-13
7382.6  5.392161E-13
7385.5  5.370327E-13
7388.4  5.369082E-13
7391.3  5.388487E-13
7394.2  5.409747E-13
7397.1  5.419552E-13
7400.  5.414045E-13
7402.9  5.395405E-13
7405.8  5.371910E-13
7408.7  5.348626E-13
7411.6  5.328789E-13
7414.5  5.324622E-13
7417.4  5.346369E-13
7420.3  5.381982E-13
7423.2  5.415779E-13
7426.1  5.438580E-13
7429.  5.446124E-13
7431.9  5.443626E-13
7434.8  5.436856E-13
7437.7  5.429880E-13
7440.6  5.427112E-13
7443.5  5.432505E-13
7446.4  5.443616E-13
7449.3  5.454357E-13
7452.2  5.462217E-13
7455.1  5.466494E-13
7458.  5.469452E-13
7460.9  5.473296E-13
7463.8  5.476048E-13
7466.7  5.475734E-13
7469.6  5.471512E-13
7472.5  5.464269E-13
7475.4  5.457338E-13
7478.3  5.453015E-13
7481.2  5.453091E-13
7484.1  5.449594E-13
7487.  5.429358E-13
7489.9  5.402258E-13
7492.8  5.385952E-13
7495.7  5.384481E-13
7498.6  5.395424E-13
7501.5  5.402095E-13
7504.4  5.394107E-13
7507.3  5.387810E-13
7510.2  5.393340E-13
7513.1  5.405704E-13
7516.  5.417549E-13
7518.9  5.418388E-13
7521.8  5.411286E-13
7524.7  5.409225E-13
7527.6  5.416659E-13
7530.5  5.433012E-13
7533.4  5.451911E-13
7536.3  5.465277E-13
7539.2  5.466692E-13
7542.1  5.454274E-13
7545.  5.438488E-13
7547.9  5.426927E-13
7550.8  5.417219E-13
7553.7  5.409149E-13
7556.6  5.405349E-13
7559.5  5.406744E-13
7562.4  5.413199E-13
7565.3  5.419630E-13
7568.2  5.419188E-13
7571.1  5.414584E-13
7574.  5.411263E-13
7576.9  5.410006E-13
7579.8  5.410669E-13
7582.7  5.413109E-13
7585.6  5.416459E-13
7588.5  5.418702E-13
7591.4  5.419169E-13
7594.3  5.419355E-13
7597.2  5.419848E-13
7600.1  5.420354E-13
7603.  5.420831E-13
7605.9  5.421308E-13
7608.8  5.421786E-13
7611.7  5.422263E-13
7614.6  5.422741E-13
7617.5  5.423218E-13
7620.4  5.424055E-13
7623.3  5.425040E-13
7626.2  5.421424E-13
7629.1  5.419462E-13
7632.  5.445243E-13
7634.9  5.495081E-13
7637.8  5.534502E-13
7640.7  5.545251E-13
7643.6  5.521461E-13
7646.5  5.468186E-13
7649.4  5.398120E-13
7652.3  5.324477E-13
7655.2  5.261319E-13
7658.1  5.224450E-13
7661.  5.224192E-13
7663.9  5.261122E-13
7666.8  5.323087E-13
7669.7  5.379685E-13
7672.6  5.413341E-13
7675.5  5.423834E-13
7678.4  5.416817E-13
7681.3  5.403104E-13
7684.2  5.385697E-13
7687.1  5.364078E-13
7690.  5.343769E-13
7692.9  5.330512E-13
7695.8  5.328128E-13
7698.7  5.335075E-13
7701.6  5.335964E-13
7704.5  5.319611E-13
7707.4  5.284520E-13
7710.3  5.243458E-13
7713.2  5.227223E-13
7716.1  5.239994E-13
7719.  5.263255E-13
7721.9  5.285209E-13
7724.8  5.297680E-13
7727.7  5.307874E-13
7730.6  5.325319E-13
7733.5  5.333907E-13
7736.4  5.319586E-13
7739.3  5.291600E-13
7742.2  5.262557E-13
7745.1  5.245093E-13
7748.  5.246966E-13
7750.9  5.268678E-13
7753.8  5.299452E-13
7756.7  5.318743E-13
7759.6  5.325969E-13
7762.5  5.332370E-13
7765.4  5.340634E-13
7768.3  5.350191E-13
7771.2  5.356723E-13
7774.1  5.356016E-13
7777.  5.349373E-13
7779.9  5.338851E-13
7782.8  5.325764E-13
7785.7  5.312021E-13
7788.6  5.300505E-13
7791.5  5.290544E-13
7794.4  5.277791E-13
7797.3  5.264192E-13
7800.2  5.255505E-13
7803.1  5.256305E-13
7806.  5.269413E-13
7808.9  5.289647E-13
7811.8  5.309982E-13
7814.7  5.330422E-13
7817.6  5.347565E-13
7820.5  5.344074E-13
7823.4  5.314670E-13
7826.3  5.275792E-13
7829.2  5.244492E-13
7832.1  5.237695E-13
7835.  5.248645E-13
7837.9  5.253011E-13
7840.8  5.248012E-13
7843.7  5.240940E-13
7846.6  5.236874E-13
7849.5  5.239521E-13
7852.4  5.245521E-13
7855.3  5.250192E-13
7858.2  5.250733E-13
7861.1  5.244488E-13
7864.  5.228778E-13
7866.9  5.205153E-13
7869.8  5.179773E-13
7872.7  5.160366E-13
7875.6  5.154873E-13
7878.5  5.161569E-13
7881.4  5.173078E-13
7884.3  5.178078E-13
7887.2  5.167095E-13
7890.1  5.148118E-13
7893.  5.131592E-13
7895.9  5.122667E-13
7898.8  5.120403E-13
7901.7  5.110594E-13
7904.6  5.087795E-13
7907.5  5.060698E-13
7910.4  5.038099E-13
7913.3  5.028263E-13
7916.2  5.030335E-13
7919.1  5.037344E-13
7922.  5.037446E-13
7924.9  5.019863E-13
7927.8  4.991581E-13
7930.7  4.963494E-13
7933.6  4.940799E-13
7936.5  4.927589E-13
7939.4  4.926085E-13
7942.3  4.936606E-13
7945.2  4.957717E-13
7948.1  4.985281E-13
7951.  5.012907E-13
7953.9  5.036637E-13
7956.8  5.054574E-13
7959.7  5.066353E-13
7962.6  5.072583E-13
7965.5  5.073434E-13
7968.4  5.069173E-13
7971.3  5.057728E-13
7974.2  5.040883E-13
7977.1  5.033618E-13
7980.  5.040385E-13
7982.9  5.044914E-13
7985.8  5.037656E-13
7988.7  5.017545E-13
7991.6  4.993393E-13
7994.5  4.981147E-13
7997.4  4.984238E-13
8000.3  4.999058E-13
8003.2  5.020135E-13
8006.1  5.041002E-13
8009.  5.059616E-13
8011.9  5.072668E-13
8014.8  5.068010E-13
8017.7  5.042628E-13
8020.6  5.010766E-13
8023.5  4.988932E-13
8026.4  4.995162E-13
8029.3  5.023677E-13
8032.2  5.049819E-13
8035.1  5.052517E-13
8038.  5.016840E-13
8040.9  4.969509E-13
8043.8  4.946660E-13
8046.7  4.949706E-13
8049.6  4.970216E-13
8052.5  4.994418E-13
8055.4  5.009729E-13
8058.3  5.012324E-13
8061.2  5.000621E-13
8064.1  4.974379E-13
8067.  4.943104E-13
8069.9  4.924165E-13
8072.8  4.917215E-13
8075.7  4.911508E-13
8078.6  4.899219E-13
8081.5  4.875570E-13
8084.4  4.850967E-13
8087.3  4.836845E-13
8090.2  4.830480E-13
8093.1  4.829852E-13
8096.  4.841248E-13
8098.9  4.862944E-13
8101.8  4.880281E-13
8104.7  4.887238E-13
8107.6  4.887178E-13
8110.5  4.884672E-13
8113.4  4.885147E-13
8116.3  4.888052E-13
8119.2  4.890040E-13
8122.1  4.891122E-13
8125.  4.890978E-13
8127.9  4.881680E-13
8130.8  4.860904E-13
8133.7  4.844858E-13
8136.6  4.843576E-13
8139.5  4.853363E-13
8142.4  4.866338E-13
8145.3  4.870065E-13
8148.2  4.862571E-13
8151.1  4.850782E-13
8154.  4.835274E-13
8156.9  4.815206E-13
8159.8  4.803475E-13
8162.7  4.812667E-13
8165.6  4.840426E-13
8168.5  4.876106E-13
8171.4  4.892575E-13
8174.3  4.876669E-13
8177.2  4.847064E-13
8180.1  4.819699E-13
8183.  4.805614E-13
8185.9  4.797866E-13
8188.8  4.773851E-13
8191.7  4.744794E-13
8194.6  4.737042E-13
8197.5  4.752738E-13
8200.4  4.783861E-13
8203.3  4.810609E-13
8206.2  4.816790E-13
8209.1  4.809855E-13
8212.  4.800071E-13
8214.9  4.798403E-13
8217.8  4.801009E-13
8220.7  4.780672E-13
8223.6  4.738209E-13
8226.5  4.698005E-13
8229.4  4.695656E-13
8232.3  4.767546E-13
8235.2  4.863985E-13
8238.1  4.912300E-13
8241.  4.919564E-13
8243.9  4.909517E-13
8246.8  4.890977E-13
8249.7  4.871938E-13
8252.6  4.854012E-13
8255.5  4.842009E-13
8258.4  4.849459E-13
8261.3  4.868177E-13
8264.2  4.868639E-13
8267.1  4.844198E-13
8270.  4.804040E-13
8272.9  4.767946E-13
8275.8  4.757116E-13
8278.7  4.768664E-13
8281.6  4.790345E-13
8284.5  4.799291E-13
8287.4  4.783517E-13
8290.3  4.770367E-13
8293.2  4.773557E-13
8296.1  4.774350E-13
8299.  4.764260E-13
8301.9  4.745936E-13
8304.8  4.729906E-13
8307.7  4.732551E-13
8310.6  4.740678E-13
8313.5  4.729981E-13
8316.4  4.703108E-13
8319.3  4.671380E-13
8322.2  4.651643E-13
8325.1  4.652563E-13
8328.  4.649056E-13
8330.9  4.629201E-13
8333.8  4.616388E-13
8336.7  4.621372E-13
8339.6  4.637148E-13
8342.5  4.656051E-13
8345.4  4.669272E-13
8348.3  4.675177E-13
8351.2  4.676869E-13
8354.1  4.672847E-13
8357.  4.662407E-13
8359.9  4.659507E-13
8362.8  4.673901E-13
8365.7  4.692256E-13
8368.6  4.699949E-13
8371.5  4.685559E-13
8374.4  4.650275E-13
8377.3  4.613795E-13
8380.2  4.588248E-13
8383.1  4.577030E-13
8386.  4.581973E-13
8388.9  4.602174E-13
8391.8  4.627180E-13
8394.7  4.644692E-13
8397.6  4.653695E-13
8400.5  4.656956E-13
8403.4  4.661736E-13
8406.3  4.669863E-13
8409.2  4.665328E-13
8412.1  4.643191E-13
8415.  4.618059E-13
8417.9  4.600540E-13
8420.8  4.596810E-13
8423.7  4.600830E-13
8426.6  4.598859E-13
8429.5  4.587554E-13
8432.4  4.569455E-13
8435.3  4.558337E-13
8438.2  4.566729E-13
8441.1  4.587052E-13
8444.  4.609159E-13
8446.9  4.626942E-13
8449.8  4.636297E-13
8452.7  4.638412E-13
8455.6  4.630522E-13
8458.5  4.603951E-13
8461.4  4.569735E-13
8464.3  4.551810E-13
8467.2  4.554390E-13
8470.1  4.571150E-13
8473.  4.589162E-13
8475.9  4.595575E-13
8478.8  4.598493E-13
8481.7  4.601737E-13
8484.6  4.581433E-13
8487.5  4.523983E-13
8490.4  4.436893E-13
8493.3  4.346829E-13
8496.2  4.302547E-13
8499.1  4.317919E-13
8502.  4.376175E-13
8504.9  4.441137E-13
8507.8  4.470288E-13
8510.7  4.468949E-13
8513.6  4.459575E-13
8516.5  4.462816E-13
8519.4  4.487560E-13
8522.3  4.502488E-13
8525.2  4.475711E-13
8528.1  4.388647E-13
8531.  4.239906E-13
8533.9  4.048232E-13
8536.8  3.868716E-13
8539.7  3.782612E-13
8542.6  3.819853E-13
8545.5  3.971002E-13
8548.4  4.169370E-13
8551.3  4.333241E-13
8554.2  4.445928E-13
8557.1  4.513389E-13
8560.  4.556295E-13
8562.9  4.592627E-13
8565.8  4.616486E-13
8568.7  4.624970E-13
8571.6  4.622444E-13
8574.5  4.611009E-13
8577.4  4.591201E-13
8580.3  4.567664E-13
8583.2  4.547240E-13
8586.1  4.535932E-13
8589.  4.537755E-13
8591.9  4.550681E-13
8594.8  4.569177E-13
8597.7  4.583574E-13
8600.6  4.585209E-13
8603.5  4.568575E-13
8606.4  4.537798E-13
8609.3  4.512111E-13
8612.2  4.504736E-13
8615.1  4.520108E-13
8618.  4.553005E-13
8620.9  4.590533E-13
8623.8  4.623515E-13
8626.7  4.645460E-13
8629.6  4.656928E-13
8632.5  4.660045E-13
8635.4  4.649448E-13
8638.3  4.620791E-13
8641.2  4.576203E-13
8644.1  4.517577E-13
8647.  4.447862E-13
8649.9  4.358846E-13
8652.8  4.225283E-13
8655.7  4.074487E-13
8658.6  3.972862E-13
8661.5  3.959081E-13
8664.4  4.048366E-13
8667.3  4.183689E-13
8670.2  4.290913E-13
8673.1  4.361441E-13
8676.  4.403072E-13
8678.9  4.425481E-13
8681.8  4.439954E-13
8684.7  4.450565E-13
8687.6  4.464277E-13
8690.5  4.493170E-13
8693.4  4.531955E-13
8696.3  4.559918E-13
8699.2  4.572458E-13
8702.1  4.574980E-13
8705.  4.571695E-13
8707.9  4.567004E-13
8710.8  4.565788E-13
8713.7  4.570398E-13
8716.6  4.575760E-13
8719.5  4.575195E-13
8722.4  4.560587E-13
8725.3  4.532177E-13
8728.2  4.503899E-13
8731.1  4.483828E-13
8734.  4.473106E-13
8736.9  4.470839E-13
8739.8  4.474177E-13
8742.7  4.484843E-13
8745.6  4.505374E-13
8748.5  4.535272E-13
8751.4  4.570472E-13
8754.3  4.594404E-13
8757.2  4.595448E-13
8760.1  4.580380E-13
8763.  4.558871E-13
8765.9  4.541542E-13
8768.8  4.534066E-13
8771.7  4.535111E-13
8774.6  4.540378E-13
8777.5  4.543566E-13
8780.4  4.539779E-13
8783.3  4.525936E-13
8786.2  4.505839E-13
8789.1  4.484692E-13
8792.  4.461931E-13
8794.9  4.436238E-13
8797.8  4.404788E-13
8800.7  4.371261E-13
8803.6  4.351811E-13
8806.5  4.357175E-13
8809.4  4.391709E-13
8812.3  4.437319E-13
8815.2  4.458299E-13
8818.1  4.457556E-13
8821.  4.457716E-13
8823.9  4.463362E-13
8826.8  4.473033E-13
8829.7  4.479414E-13
8832.6  4.476793E-13
8835.5  4.472411E-13
8838.4  4.472548E-13
8841.3  4.476652E-13
8844.2  4.486575E-13
8847.1  4.507817E-13
8850.  4.538346E-13
8852.9  4.569825E-13
8855.8  4.590536E-13
8858.7  4.588467E-13
8861.6  4.567518E-13
8864.5  4.538203E-13
8867.4  4.505500E-13
8870.3  4.474223E-13
8873.2  4.451740E-13
8876.1  4.443175E-13
8879.  4.449070E-13
8881.9  4.466438E-13
8884.8  4.487906E-13
8887.7  4.508494E-13
8890.6  4.526659E-13
8893.5  4.537736E-13
8896.4  4.536212E-13
8899.3  4.520738E-13
8902.2  4.493069E-13
8905.1  4.465393E-13
8908.  4.448568E-13
8910.9  4.433760E-13
8913.8  4.412430E-13
8916.7  4.385590E-13
8919.6  4.358794E-13
8922.5  4.344642E-13
8925.4  4.348442E-13
8928.3  4.366686E-13
8931.2  4.387516E-13
8934.1  4.393960E-13
8937.  4.384984E-13
8939.9  4.368116E-13
8942.8  4.353573E-13
8945.7  4.350063E-13
8948.6  4.353290E-13
8951.5  4.356095E-13
8954.4  4.351699E-13
8957.3  4.337280E-13
8960.2  4.317286E-13
8963.1  4.300932E-13
8966.  4.302745E-13
8968.9  4.321886E-13
8971.8  4.344172E-13
8974.7  4.360620E-13
8977.6  4.365796E-13
8980.5  4.350345E-13
8983.4  4.309786E-13
8986.3  4.266427E-13
8989.2  4.243699E-13
8992.1  4.253873E-13
8995.  4.288594E-13
8997.9  4.293479E-13
9000.8  4.256264E-13
9003.7  4.230995E-13
9006.6  4.245657E-13
9009.5  4.302888E-13
9012.4  4.381648E-13
9015.3  4.446426E-13
9018.2  4.484433E-13
9021.1  4.494867E-13
9024.  4.486236E-13
9026.9  4.470900E-13
9029.8  4.461700E-13
9032.7  4.463254E-13
9035.6  4.458713E-13
9038.5  4.439883E-13
9041.4  4.416166E-13
9044.3  4.393785E-13
9047.2  4.376018E-13
9050.1  4.359402E-13
9053.  4.335809E-13
9055.9  4.309014E-13
9058.8  4.286688E-13
9061.7  4.262551E-13
9064.6  4.230524E-13
9067.5  4.201215E-13
9070.4  4.184157E-13
9073.3  4.179826E-13
9076.2  4.183687E-13
9079.1  4.183056E-13
9082.  4.174956E-13
9084.9  4.168501E-13
9087.8  4.167950E-13
9090.7  4.174393E-13
9093.6  4.179445E-13
9096.5  4.171956E-13
9099.4  4.165687E-13
9102.3  4.176673E-13
9105.2  4.192541E-13
9108.1  4.200338E-13
9111.  4.201532E-13
9113.9  4.199527E-13
9116.8  4.198898E-13
9119.7  4.203077E-13
9122.6  4.215573E-13
9125.5  4.219933E-13
9128.4  4.184637E-13
9131.3  4.128870E-13
9134.2  4.094963E-13
9137.1  4.097535E-13
9140.  4.134606E-13
9142.9  4.160385E-13
9145.8  4.136615E-13
9148.7  4.086318E-13
9151.6  4.040100E-13
9154.5  4.027846E-13
9157.4  4.054436E-13
9160.3  4.087575E-13
9163.2  4.098707E-13
9166.1  4.064903E-13
9169.  4.007332E-13
9171.9  3.971770E-13
9174.8  3.971396E-13
9177.7  4.002532E-13
9180.6  4.038212E-13
9183.5  4.051455E-13
9186.4  4.043878E-13
9189.3  4.024510E-13
9192.2  4.008930E-13
9195.1  4.005338E-13
9198.  4.008084E-13
9200.9  4.006124E-13
9203.8  3.983292E-13
9206.7  3.947516E-13
9209.6  3.922287E-13
9212.5  3.918197E-13
9215.4  3.938326E-13
9218.3  3.976970E-13
9221.2  4.023968E-13
9224.1  4.066331E-13
9227.  4.095040E-13
9229.9  4.115343E-13
9232.8  4.128106E-13
9235.7  4.122161E-13
9238.6  4.097852E-13
9241.5  4.068661E-13
9244.4  4.041596E-13
9247.3  4.018836E-13
9250.2  4.001084E-13
9253.1  3.987753E-13
9256.  3.981673E-13
9258.9  3.984991E-13
9261.8  3.994178E-13
9264.7  4.003665E-13
9267.6  4.005125E-13
9270.5  3.994477E-13
9273.4  3.976026E-13
9276.3  3.956881E-13
9279.2  3.946234E-13
9282.1  3.947635E-13
9285.  3.959757E-13
9287.9  3.968047E-13
9290.8  3.953555E-13
9293.7  3.926158E-13
9296.6  3.903785E-13
9299.5  3.890582E-13
9302.4  3.886171E-13
9305.3  3.886103E-13
9308.2  3.882049E-13
9311.1  3.856841E-13
9314.  3.815658E-13
9316.9  3.796911E-13
9319.8  3.812379E-13
9322.7  3.847587E-13
9325.6  3.886240E-13
9328.5  3.911587E-13
9331.4  3.902298E-13
9334.3  3.845557E-13
9337.2  3.777887E-13
9340.1  3.742618E-13
9343.  3.767290E-13
9345.9  3.848609E-13
9348.8  3.914238E-13
9351.7  3.921152E-13
9354.6  3.882119E-13
9357.5  3.834839E-13
9360.4  3.845778E-13
9363.3  3.883993E-13
9366.2  3.857213E-13
9369.1  3.799504E-13
9372.  3.787345E-13
9374.9  3.800975E-13
9377.8  3.807237E-13
9380.7  3.826289E-13
9383.6  3.872535E-13
9386.5  3.931343E-13
9389.4  3.979918E-13
9392.3  3.984242E-13
9395.2  3.936062E-13
9398.1  3.857833E-13
9401.  3.777024E-13
9403.9  3.723732E-13
9406.8  3.692520E-13
9409.7  3.661656E-13
9412.6  3.649724E-13
9415.5  3.676211E-13
9418.4  3.710091E-13
9421.3  3.720163E-13
9424.2  3.695052E-13
9427.1  3.651053E-13
9430.  3.665410E-13
9432.9  3.734556E-13
9435.8  3.739109E-13
9438.7  3.682647E-13
9441.6  3.665600E-13
9444.5  3.711482E-13
9447.4  3.803073E-13
9450.3  3.863157E-13
9453.2  3.816824E-13
9456.1  3.738792E-13
9459.  3.714115E-13
9461.9  3.748673E-13
9464.8  3.821227E-13
9467.7  3.866460E-13
9470.6  3.855819E-13
9473.5  3.824331E-13
9476.4  3.796452E-13
9479.3  3.783608E-13
9482.2  3.802765E-13
9485.1  3.868263E-13
9488.  3.917077E-13
9490.9  3.875807E-13
9493.8  3.785888E-13
9496.7  3.714176E-13
9499.6  3.721661E-13
9502.5  3.825404E-13
9505.4  3.935871E-13
9508.3  3.981278E-13
9511.2  3.934798E-13
9514.1  3.825050E-13
9517.  3.738089E-13
9519.9  3.715235E-13
9522.8  3.761851E-13
9525.7  3.843681E-13
9528.6  3.909934E-13
9531.5  3.944119E-13
9534.4  3.943942E-13
9537.3  3.917486E-13
9540.2  3.880395E-13
9543.1  3.857104E-13
9546.  3.858386E-13
9548.9  3.868379E-13
9551.8  3.875068E-13
9554.7  3.872530E-13
9557.6  3.864602E-13
9560.5  3.863267E-13
9563.4  3.867863E-13
9566.3  3.871812E-13
9569.2  3.886347E-13
9572.1  3.919512E-13
9575.  3.933029E-13
9577.9  3.899002E-13
9580.8  3.848475E-13
9583.7  3.807275E-13
9586.6  3.774360E-13
9589.5  3.758066E-13
9592.4  3.779266E-13
9595.3  3.826451E-13
9598.2  3.863332E-13
9601.1  3.875887E-13
9604.  3.863494E-13
9606.9  3.841415E-13
9609.8  3.827508E-13
9612.7  3.810022E-13
9615.6  3.777538E-13
9618.5  3.738619E-13
9621.4  3.708311E-13
9624.3  3.715372E-13
9627.2  3.757962E-13
9630.1  3.788211E-13
9633.  3.787620E-13
9635.9  3.765752E-13
9638.8  3.742601E-13
9641.7  3.743470E-13
9644.6  3.759662E-13
9647.5  3.770678E-13
9650.4  3.774377E-13
9653.3  3.771862E-13
9656.2  3.759391E-13
9659.1  3.738774E-13
9662.  3.724552E-13
9664.9  3.725901E-13
9667.8  3.742430E-13
9670.7  3.765211E-13
9673.6  3.776696E-13
9676.5  3.776033E-13
9679.4  3.773628E-13
9682.3  3.773599E-13
9685.2  3.777115E-13
9688.1  3.780786E-13
9691.  3.780223E-13
9693.9  3.772517E-13
9696.8  3.758441E-13
9699.7  3.747272E-13
9702.6  3.746873E-13
9705.5  3.761984E-13
9708.4  3.785445E-13
9711.3  3.796589E-13
9714.2  3.790173E-13
9717.1  3.772785E-13
9720.  3.754328E-13
9722.9  3.745270E-13
9725.8  3.738849E-13
9728.7  3.725379E-13
9731.6  3.708134E-13
9734.5  3.693334E-13
9737.4  3.690597E-13
9740.3  3.702787E-13
9743.2  3.717654E-13
9746.1  3.728715E-13
9749.  3.739297E-13
9751.9  3.745749E-13
9754.8  3.739448E-13
9757.7  3.728749E-13
9760.6  3.728943E-13
9763.5  3.741694E-13
9766.4  3.761838E-13
9769.3  3.771241E-13
9772.2  3.755955E-13
9775.1  3.725715E-13
9778.  3.694515E-13
9780.9  3.678214E-13
9783.8  3.681720E-13
9786.7  3.692678E-13
9789.6  3.702948E-13
9792.5  3.709263E-13
9795.4  3.711424E-13
9798.3  3.711773E-13
9801.2  3.718082E-13
9804.1  3.737518E-13
9807.  3.760181E-13
9809.9  3.774368E-13
9812.8  3.778858E-13
9815.7  3.774903E-13
9818.6  3.765861E-13
9821.5  3.755600E-13
9824.4  3.747155E-13
9827.3  3.742800E-13
9830.2  3.744341E-13
9833.1  3.745550E-13
9836.  3.735761E-13
9838.9  3.721744E-13
9841.8  3.716083E-13
9844.7  3.717827E-13
9847.6  3.722488E-13
9850.5  3.725814E-13
9853.4  3.725097E-13
9856.3  3.723599E-13
9859.2  3.722663E-13
9862.1  3.718682E-13
9865.  3.711209E-13
9867.9  3.703822E-13
9870.8  3.696682E-13
9873.7  3.687185E-13
9876.6  3.683885E-13
9879.5  3.697794E-13
9882.4  3.715739E-13
9885.3  3.720537E-13
9888.2  3.711329E-13
9891.1  3.692649E-13
9894.  3.675758E-13
9896.9  3.668459E-13
9899.8  3.668167E-13
9902.7  3.672911E-13
9905.6  3.683122E-13
9908.5  3.692058E-13
9911.4  3.687756E-13
9914.3  3.678130E-13
9917.2  3.680107E-13
9920.1  3.689944E-13
9923.  3.698391E-13
9925.9  3.705697E-13
9928.8  3.713272E-13
9931.7  3.721826E-13
9934.6  3.730776E-13
9937.5  3.735907E-13
9940.4  3.736031E-13
9943.3  3.734882E-13
9946.2  3.733303E-13
9949.1  3.729396E-13
9952.  3.723909E-13
9954.9  3.718890E-13
9957.8  3.713527E-13
9960.7  3.706525E-13
9963.6  3.698553E-13
9966.5  3.691639E-13
9969.4  3.693989E-13
9972.3  3.707326E-13
9975.2  3.714142E-13
9978.1  3.707383E-13
9981.  3.699683E-13
9983.9  3.696817E-13
9986.8  3.697390E-13
9989.7  3.698162E-13
9992.6  3.694342E-13
9995.5  3.688357E-13
9998.4  3.684947E-13
10001.3  3.683644E-13
10004.2  3.681775E-13
10007.1  3.671483E-13
10010.  3.648835E-13
10012.9  3.622461E-13
10015.8  3.601296E-13
10018.7  3.591608E-13
10021.6  3.597258E-13
10024.5  3.619546E-13
10027.4  3.649419E-13
10030.3  3.671172E-13
10033.2  3.688658E-13
10036.1  3.714070E-13
10039.  3.752300E-13
10041.9  3.803046E-13
10044.8  3.853639E-13
10047.7  3.889318E-13
10050.6  3.897494E-13
10053.5  3.874052E-13
10056.4  3.830978E-13
10059.3  3.777752E-13
10062.2  3.717336E-13
10065.1  3.659922E-13
10068.  3.620172E-13
10070.9  3.596035E-13
10073.8  3.576929E-13
10076.7  3.560310E-13
10079.6  3.546502E-13
10082.5  3.539635E-13
10085.4  3.542564E-13
10088.3  3.547979E-13
10091.2  3.552822E-13
10094.1  3.568759E-13
10097.  3.593890E-13
10099.9  3.603807E-13
10102.8  3.601050E-13
10105.7  3.613407E-13
10108.6  3.635135E-13
10111.5  3.642759E-13
10114.4  3.641747E-13
10117.3  3.645430E-13
10120.2  3.647997E-13
10123.1  3.642354E-13
10126.  3.631408E-13
10128.9  3.619349E-13
10131.8  3.610768E-13
10134.7  3.607783E-13
10137.6  3.607379E-13
10140.5  3.610089E-13
10143.4  3.620579E-13
10146.3  3.632800E-13
10149.2  3.634970E-13
10152.1  3.623742E-13
10155.  3.600907E-13
10157.9  3.582422E-13
10160.8  3.582241E-13
10163.7  3.583991E-13
10166.6  3.575010E-13
10169.5  3.568932E-13
10172.4  3.573279E-13
10175.3  3.580932E-13
10178.2  3.588144E-13
10181.1  3.596326E-13
10184.  3.596243E-13
10186.9  3.572205E-13
10189.8  3.540137E-13
10192.7  3.527638E-13
10195.6  3.529652E-13
10198.5  3.532832E-13
10201.4  3.532530E-13
10204.3  3.527653E-13
10207.2  3.527529E-13
10210.1  3.535184E-13
10213.  3.536115E-13
10215.9  3.529445E-13
10218.8  3.533944E-13
10221.7  3.546589E-13
10224.6  3.547362E-13
10227.5  3.534719E-13
10230.4  3.516571E-13
10233.3  3.500618E-13
10236.2  3.493435E-13
10239.1  3.490900E-13
10242.  3.488478E-13
10244.9  3.490602E-13
10247.8  3.499605E-13
10250.7  3.511637E-13
10253.6  3.523045E-13
10256.5  3.531286E-13
10259.4  3.533864E-13
10262.3  3.528264E-13
10265.2  3.520848E-13
10268.1  3.522324E-13
10271.  3.525249E-13
10273.9  3.517831E-13
10276.8  3.506629E-13
10279.7  3.500496E-13
10282.6  3.500150E-13
10285.5  3.505043E-13
10288.4  3.514790E-13
10291.3  3.525137E-13
10294.2  3.526362E-13
10297.1  3.515015E-13
10300.  3.495190E-13
10302.9  3.469125E-13
10305.8  3.438340E-13
10308.7  3.417247E-13
10311.6  3.421882E-13
10314.5  3.449434E-13
10317.4  3.488642E-13
10320.3  3.518008E-13
10323.2  3.521233E-13
10326.1  3.498391E-13
10329.  3.464359E-13
10331.9  3.461203E-13
10334.8  3.484232E-13
10337.7  3.467975E-13
10340.6  3.428413E-13
10343.5  3.439559E-13
10346.4  3.471412E-13
10349.3  3.455424E-13
10352.2  3.431144E-13
10355.1  3.452303E-13
10358.  3.483994E-13
10360.9  3.488087E-13
10363.8  3.456465E-13
10366.7  3.406109E-13
10369.6  3.407123E-13
10372.5  3.464651E-13
10375.4  3.489519E-13
10378.3  3.476009E-13
10381.2  3.487419E-13
10384.1  3.501753E-13
10387.  3.462122E-13
10389.9  3.394040E-13
10392.8  3.343562E-13
10395.7  3.322436E-13
10398.6  3.328950E-13
10401.5  3.331882E-13
10404.4  3.317461E-13
10407.3  3.327560E-13
10410.2  3.371296E-13
10413.1  3.405487E-13
10416.  3.414338E-13
10418.9  3.407320E-13
10421.8  3.395244E-13
10424.7  3.390597E-13
10427.6  3.397441E-13
10430.5  3.414549E-13
10433.4  3.443851E-13
10436.3  3.480576E-13
10439.2  3.481767E-13
10442.1  3.435026E-13
10445.  3.422974E-13
10447.9  3.475129E-13
10450.8  3.524536E-13
10453.7  3.529269E-13
10456.6  3.473767E-13
10459.5  3.392400E-13
10462.4  3.350824E-13
10465.3  3.359570E-13
10468.2  3.401015E-13
10471.1  3.427409E-13
10474.  3.397572E-13
10476.9  3.341187E-13
10479.8  3.296902E-13
10482.7  3.296180E-13
10485.6  3.337847E-13
10488.5  3.354814E-13
10491.4  3.338474E-13
10494.3  3.356219E-13
10497.2  3.398189E-13
10500.1  3.401451E-13
10503.  3.380515E-13
10505.9  3.379857E-13
10508.8  3.394170E-13
10511.7  3.406286E-13
10514.6  3.409199E-13
10517.5  3.399574E-13
10520.4  3.382868E-13
10523.3  3.365784E-13
10526.2  3.354513E-13
10529.1  3.349071E-13
10532.  3.342576E-13
10534.9  3.324356E-13
10537.8  3.280809E-13
10540.7  3.236193E-13
10543.6  3.230245E-13
10546.5  3.250138E-13
10549.4  3.267361E-13
10552.3  3.276178E-13
10555.2  3.272644E-13
10558.1  3.238514E-13
10561.  3.176549E-13
10563.9  3.138319E-13
10566.8  3.146063E-13
10569.7  3.174069E-13
10572.6  3.205576E-13
10575.5  3.231646E-13
10578.4  3.254704E-13
10581.3  3.283514E-13
10584.2  3.315242E-13
10587.1  3.341454E-13
10590.  3.319354E-13
10592.9  3.226547E-13
10595.8  3.154645E-13
10598.7  3.171190E-13
10601.6  3.247509E-13
10604.5  3.332011E-13
10607.4  3.343464E-13
10610.3  3.281074E-13
10613.2  3.233147E-13
10616.1  3.226850E-13
10619.  3.247170E-13
10621.9  3.292777E-13
10624.8  3.359200E-13
10627.7  3.395908E-13
10630.6  3.357834E-13
10633.5  3.264147E-13
10636.4  3.154507E-13
10639.3  3.086363E-13
10642.2  3.098020E-13
10645.1  3.192908E-13
10648.  3.324485E-13
10650.9  3.390454E-13
10653.8  3.381179E-13
10656.7  3.357455E-13
10659.6  3.334384E-13
10662.5  3.308203E-13
10665.4  3.269256E-13
10668.3  3.209746E-13
10671.2  3.154479E-13
10674.1  3.124212E-13
10677.  3.099154E-13
10679.9  3.081423E-13
10682.8  3.131826E-13
10685.7  3.245678E-13
10688.6  3.335892E-13
10691.5  3.344105E-13
10694.4  3.237999E-13
10697.3  3.092955E-13
10700.2  3.031779E-13
10703.1  3.049582E-13
10706.  3.094897E-13
10708.9  3.097532E-13
10711.8  3.017393E-13
10714.7  2.958314E-13
10717.6  2.981495E-13
10720.5  2.994740E-13
10723.4  2.980397E-13
10726.3  3.048697E-13
10729.2  3.176288E-13
10732.1  3.217252E-13
10735.  3.195442E-13
10737.9  3.226800E-13
10740.8  3.253163E-13
10743.7  3.178939E-13
10746.6  3.137269E-13
10749.5  3.238136E-13
10752.4  3.269289E-13
10755.3  3.095291E-13
10758.2  2.879543E-13
10761.1  2.750048E-13
10764.  2.748672E-13
10766.9  2.850836E-13
10769.8  2.954669E-13
10772.7  3.028750E-13
10775.6  3.089640E-13
10778.5  3.145437E-13
10781.4  3.201594E-13
10784.3  3.199733E-13
10787.2  3.097590E-13
10790.1  3.003809E-13
10793.  3.008360E-13
10795.9  3.086272E-13
10798.8  3.182968E-13
10801.7  3.201802E-13
10804.6  3.139571E-13
10807.5  3.112447E-13
10810.4  3.137338E-13
10813.3  3.156285E-13
10816.2  3.186959E-13
10819.1  3.267666E-13
10822.  3.314258E-13
10824.9  3.236085E-13
10827.8  3.067917E-13
10830.7  2.879547E-13
10833.6  2.758215E-13
10836.5  2.774846E-13
10839.4  2.980608E-13
10842.3  3.276185E-13
10845.2  3.359648E-13
10848.1  3.249190E-13
10851.  3.230990E-13
10853.9  3.293516E-13
10856.8  3.285319E-13
10859.7  3.252867E-13
10862.6  3.276598E-13
10865.5  3.269593E-13
10868.4  3.158407E-13
10871.3  3.048545E-13
10874.2  2.987986E-13
10877.1  2.819354E-13
10880.  2.563431E-13
10882.9  2.528152E-13
10885.8  2.703161E-13
10888.7  2.787788E-13
10891.6  2.728400E-13
10894.5  2.609889E-13
10897.4  2.530247E-13
10900.3  2.575655E-13
10903.2  2.635942E-13
10906.1  2.593683E-13
10909.  2.499980E-13
10911.9  2.428266E-13
10914.8  2.433441E-13
10917.7  2.572342E-13
10920.6  2.991021E-13
10923.5  3.290635E-13
10926.4  2.435075E-13
10929.3  1.254619E-13
10932.2  1.693444E-13
10935.1  2.875448E-13
10938.  2.991395E-13
10940.9  2.500043E-13
10943.8  2.246120E-13
10946.7  2.154570E-13
10949.6  2.091756E-13
10952.5  2.024558E-13
10955.4  1.933449E-13
10958.3  1.864036E-13
10961.2  1.821968E-13
10964.1  1.761863E-13
10967.  1.687475E-13
10969.9  1.635342E-13
10972.8  1.618543E-13
10975.7  1.637145E-13
10978.6  1.678498E-13
10981.5  1.723295E-13
10984.4  1.757634E-13
10987.3  1.763774E-13
10990.2  1.690867E-13
10993.1  1.548796E-13
10996.  1.480401E-13
10998.9  1.521642E-13
