3050.  5.037416E-13
3052.9  5.171922E-13
3055.8  4.725137E-13
3058.7  5.085428E-13
3061.6  4.751706E-13
3064.5  4.362778E-13
3067.4  4.898699E-13
3070.3  4.859104E-13
3073.2  4.824120E-13
3076.1  5.187087E-13
3079.  5.235184E-13
3081.9  5.159936E-13
3084.8  5.050078E-13
3087.7  4.802947E-13
3090.6  4.606235E-13
3093.5  4.287132E-13
3096.4  4.173017E-13
3099.3  4.470793E-13
3102.2  4.707252E-13
3105.1  5.071507E-13
3108.  5.342108E-13
3110.9  5.664878E-13
3113.8  5.321892E-13
3116.7  4.950990E-13
3119.6  4.910417E-13
3122.5  4.955550E-13
3125.4  4.984420E-13
3128.3  5.152123E-13
3131.2  5.093601E-13
3134.1  5.324011E-13
3137.  5.269081E-13
3139.9  5.061749E-13
3142.8  4.836660E-13
3145.7  4.820718E-13
3148.6  4.935585E-13
3151.5  4.889055E-13
3154.4  4.562117E-13
3157.3  4.398725E-13
3160.2  4.611461E-13
3163.1  4.979215E-13
3166.  5.264657E-13
3168.9  5.315540E-13
3171.8  5.386121E-13
3174.7  5.087755E-13
3177.6  4.773638E-13
3180.5  4.691200E-13
3183.4  4.920725E-13
3186.3  4.933399E-13
3189.2  4.958271E-13
3192.1  5.147697E-13
3195.  5.371881E-13
3197.9  5.571617E-13
3200.8  5.601845E-13
3203.7  5.425787E-13
3206.6  5.036170E-13
3209.5  4.861347E-13
3212.4  4.999650E-13
3215.3  5.193277E-13
3218.2  5.175449E-13
3221.1  4.954244E-13
3224.  4.613571E-13
3226.9  4.613249E-13
3229.8  4.788787E-13
3232.7  4.938830E-13
3235.6  5.179925E-13
3238.5  5.286967E-13
3241.4  5.475953E-13
3244.3  5.540886E-13
3247.2  5.615763E-13
3250.1  5.851415E-13
3253.  6.246085E-13
3255.9  6.477825E-13
3258.8  6.389455E-13
3261.7  6.328368E-13
3264.6  6.309499E-13
3267.5  6.180735E-13
3270.4  5.998022E-13
3273.3  5.938494E-13
3276.2  5.955183E-13
3279.1  5.939003E-13
3282.  6.168103E-13
3284.9  6.350375E-13
3287.8  6.608212E-13
3290.7  6.733129E-13
3293.6  6.844774E-13
3296.5  6.673733E-13
3299.4  6.453816E-13
3302.3  6.285771E-13
3305.2  6.217756E-13
3308.1  6.293951E-13
3311.  6.289441E-13
3313.9  6.305853E-13
3316.8  6.201040E-13
3319.7  6.154381E-13
3322.6  6.142149E-13
3325.5  6.136309E-13
3328.4  6.135703E-13
3331.3  5.988858E-13
3334.2  6.015185E-13
3337.1  6.071879E-13
3340.  6.213828E-13
3342.9  6.208666E-13
3345.8  6.171973E-13
3348.7  6.142400E-13
3351.6  5.965687E-13
3354.5  5.669347E-13
3357.4  5.434690E-13
3360.3  5.581442E-13
3363.2  5.593564E-13
3366.1  5.555380E-13
3369.  5.704554E-13
3371.9  5.870477E-13
3374.8  5.918978E-13
3377.7  5.977720E-13
3380.6  6.065070E-13
3383.5  6.163151E-13
3386.4  6.293391E-13
3389.3  6.224629E-13
3392.2  6.370553E-13
3395.1  6.623029E-13
3398.  6.569916E-13
3400.9  6.307449E-13
3403.8  6.156716E-13
3406.7  6.130543E-13
3409.6  6.181670E-13
3412.5  6.290634E-13
3415.4  6.372107E-13
3418.3  6.465839E-13
3421.2  6.485814E-13
3424.1  6.470954E-13
3427.  6.728468E-13
3429.9  6.885892E-13
3432.8  6.399696E-13
3435.7  6.015908E-13
3438.6  6.322339E-13
3441.5  6.838932E-13
3444.4  5.997075E-13
3447.3  6.253748E-13
3450.2  6.222224E-13
3453.1  6.122045E-13
3456.  5.972703E-13
3458.9  6.022389E-13
3461.8  6.149124E-13
3464.7  6.253665E-13
3467.6  6.154303E-13
3470.5  5.974796E-13
3473.4  5.894668E-13
3476.3  5.964610E-13
3479.2  6.072231E-13
3482.1  6.049085E-13
3485.  6.007649E-13
3487.9  5.910778E-13
3490.8  5.955503E-13
3493.7  6.116275E-13
3496.6  6.485508E-13
3499.5  6.708134E-13
3502.4  6.658704E-13
3505.3  6.530627E-13
3508.2  6.439350E-13
3511.1  6.455432E-13
3514.  6.497205E-13
3516.9  6.405452E-13
3519.8  6.075796E-13
3522.7  6.023069E-13
3525.6  6.383243E-13
3528.5  6.696737E-13
3531.4  6.874468E-13
3534.3  7.009182E-13
3537.2  7.156627E-13
3540.1  7.210102E-13
3543.  7.204041E-13
3545.9  7.198426E-13
3548.8  7.104523E-13
3551.7  7.023871E-13
3554.6  6.872631E-13
3557.5  6.827104E-13
3560.4  6.573401E-13
3563.3  6.113769E-13
3566.2  5.867855E-13
3569.1  5.908349E-13
3572.  5.990111E-13
3574.9  5.911788E-13
3577.8  5.590111E-13
3580.7  5.387898E-13
3583.6  5.556844E-13
3586.5  6.063687E-13
3589.4  6.675943E-13
3592.3  7.085564E-13
3595.2  7.154268E-13
3598.1  6.942188E-13
3601.  6.584545E-13
3603.9  6.276156E-13
3606.8  6.130848E-13
3609.7  6.174447E-13
3612.6  6.231371E-13
3615.5  6.196172E-13
3618.4  6.374264E-13
3621.3  6.751404E-13
3624.2  6.958008E-13
3627.1  6.789919E-13
3630.  6.534615E-13
3632.9  6.688726E-13
3635.8  6.992364E-13
3638.7  7.026278E-13
3641.6  6.818341E-13
3644.5  6.689821E-13
3647.4  6.982504E-13
3650.3  7.442862E-13
3653.2  7.773539E-13
3656.1  7.912742E-13
3659.  7.851168E-13
3661.9  7.802326E-13
3664.8  7.653672E-13
3667.7  7.624038E-13
3670.6  7.646242E-13
3673.5  7.447367E-13
3676.4  7.212040E-13
3679.3  7.083480E-13
3682.2  7.099869E-13
3685.1  7.045824E-13
3688.  6.991784E-13
3690.9  6.937744E-13
3693.8  6.883699E-13
3696.7  7.502756E-13
3699.6  7.694066E-13
3702.5  7.265809E-13
3705.4  7.151669E-13
3708.3  7.530601E-13
3711.2  7.916188E-13
3714.1  7.796065E-13
3717.  7.294429E-13
3719.9  6.973758E-13
3722.8  7.227288E-13
3725.7  7.327969E-13
3728.6  6.951752E-13
3731.5  6.410995E-13
3734.4  6.332441E-13
3737.3  6.759484E-13
3740.2  6.849530E-13
3743.1  6.431332E-13
3746.  6.169515E-13
3748.9  6.516775E-13
3751.8  7.224983E-13
3754.7  7.505448E-13
3757.6  7.328547E-13
3760.5  7.282460E-13
3763.4  7.300895E-13
3766.3  7.226081E-13
3769.2  7.362191E-13
3772.1  7.864916E-13
3775.  8.415181E-13
3777.9  8.749497E-13
3780.8  8.769525E-13
3783.7  8.409348E-13
3786.6  7.835030E-13
3789.5  7.289635E-13
3792.4  6.814582E-13
3795.3  6.615483E-13
3798.2  7.129262E-13
3801.1  7.918748E-13
3804.  8.330481E-13
3806.9  8.391996E-13
3809.8  8.182337E-13
3812.7  7.589110E-13
3815.6  7.107453E-13
3818.5  6.832724E-13
3821.4  6.478072E-13
3824.3  5.907860E-13
3827.2  5.487062E-13
3830.1  5.126587E-13
3833.  4.977721E-13
3835.9  5.311600E-13
3838.8  6.090484E-13
3841.7  7.109043E-13
3844.6  7.775500E-13
3847.5  8.069193E-13
3850.4  8.111402E-13
3853.3  7.888848E-13
3856.2  7.707466E-13
3859.1  7.767095E-13
3862.  8.160338E-13
3864.9  8.244085E-13
3867.8  7.928637E-13
3870.7  7.714673E-13
3873.6  7.740496E-13
3876.5  7.628415E-13
3879.4  7.281255E-13
3882.3  6.908644E-13
3885.2  6.639504E-13
3888.1  6.846290E-13
3891.  7.523923E-13
3893.9  8.138213E-13
3896.8  8.469387E-13
3899.7  8.570846E-13
3902.6  8.553127E-13
3905.5  8.805671E-13
3908.4  9.271355E-13
3911.3  9.342245E-13
3914.2  9.079992E-13
3917.1  8.616568E-13
3920.  8.044034E-13
3922.9  7.226451E-13
3925.8  5.822307E-13
3928.7  4.278531E-13
3931.6  3.592000E-13
3934.5  4.281798E-13
3937.4  5.775046E-13
3940.3  7.059188E-13
3943.2  8.024583E-13
3946.1  8.764173E-13
3949.  9.120921E-13
3951.9  9.158144E-13
3954.8  8.897060E-13
3957.7  8.067619E-13
3960.6  6.641848E-13
3963.5  5.105295E-13
3966.4  4.329716E-13
3969.3  4.969973E-13
3972.2  6.620943E-13
3975.1  8.237137E-13
3978.  9.363440E-13
3980.9  9.937462E-13
3983.8  1.026542E-12
3986.7  1.058015E-12
3989.6  1.085064E-12
3992.5  1.096455E-12
3995.4  1.093172E-12
3998.3  1.103366E-12
4001.2  1.111191E-12
4004.1  1.107500E-12
4007.  1.121584E-12
4009.9  1.128681E-12
4012.8  1.138512E-12
4015.7  1.150480E-12
4018.6  1.150769E-12
4021.5  1.147405E-12
4024.4  1.138656E-12
4027.3  1.108496E-12
4030.2  1.076089E-12
4033.1  1.092934E-12
4036.  1.123604E-12
4038.9  1.116880E-12
4041.8  1.076941E-12
4044.7  1.055906E-12
4047.6  1.079245E-12
4050.5  1.074069E-12
4053.4  1.044481E-12
4056.3  1.027181E-12
4059.2  1.022173E-12
4062.1  1.014060E-12
4065.  1.028964E-12
4067.9  1.039515E-12
4070.8  1.019735E-12
4073.7  9.925243E-13
4076.6  9.901511E-13
4079.5  1.016216E-12
4082.4  1.031118E-12
4085.3  1.036550E-12
4088.2  1.041226E-12
4091.1  1.015999E-12
4094.  9.488189E-13
4096.9  8.681691E-13
4099.8  8.290339E-13
4102.7  8.887487E-13
4105.6  9.718436E-13
4108.5  1.025755E-12
4111.4  1.068483E-12
4114.3  1.093219E-12
4117.2  1.086578E-12
4120.1  1.082836E-12
4123.  1.070424E-12
4125.9  1.055321E-12
4128.8  1.048401E-12
4131.7  1.060709E-12
4134.6  1.101956E-12
4137.5  1.132005E-12
4140.4  1.109484E-12
4143.3  1.094332E-12
4146.2  1.098563E-12
4149.1  1.093238E-12
4152.  1.079743E-12
4154.9  1.088417E-12
4157.8  1.124553E-12
4160.7  1.156267E-12
4163.6  1.154456E-12
4166.5  1.123416E-12
4169.4  1.075215E-12
4172.3  1.050267E-12
4175.2  1.069363E-12
4178.1  1.095005E-12
4181.  1.105639E-12
4183.9  1.109266E-12
4186.8  1.120008E-12
4189.7  1.142455E-12
4192.6  1.128831E-12
4195.5  1.091998E-12
4198.4  1.083112E-12
4201.3  1.105204E-12
4204.2  1.140920E-12
4207.1  1.174608E-12
4210.  1.178936E-12
4212.9  1.161153E-12
4215.8  1.147544E-12
4218.7  1.135533E-12
4221.6  1.081421E-12
4224.5  1.031231E-12
4227.4  1.058109E-12
4230.3  1.099176E-12
4233.2  1.086977E-12
4236.1  1.066180E-12
4239.  1.072140E-12
4241.9  1.074236E-12
4244.8  1.057352E-12
4247.7  1.061266E-12
4250.6  1.088017E-12
4253.5  1.094681E-12
4256.4  1.077830E-12
4259.3  1.076553E-12
4262.2  1.106144E-12
4265.1  1.103768E-12
4268.  1.056166E-12
4270.9  1.017115E-12
4273.8  1.032488E-12
4276.7  1.060849E-12
4279.6  1.057724E-12
4282.5  1.035809E-12
4285.4  9.999352E-13
4288.3  9.741648E-13
4291.2  9.647855E-13
4294.1  9.357450E-13
4297.  8.654545E-13
4299.9  8.202442E-13
4302.8  8.094802E-13
4305.7  8.173300E-13
4308.6  8.583455E-13
4311.5  9.472941E-13
4314.4  1.047589E-12
4317.3  1.092301E-12
4320.2  1.059480E-12
4323.1  1.007333E-12
4326.  1.027820E-12
4328.9  1.064037E-12
4331.8  1.042676E-12
4334.7  9.552177E-13
4337.6  8.582535E-13
4340.5  8.609469E-13
4343.4  9.492951E-13
4346.3  1.024780E-12
4349.2  1.042216E-12
4352.1  1.061203E-12
4355.  1.108444E-12
4357.9  1.137227E-12
4360.8  1.160208E-12
4363.7  1.158198E-12
4366.6  1.142164E-12
4369.5  1.115752E-12
4372.4  1.094352E-12
4375.3  1.081950E-12
4378.2  1.062069E-12
4381.1  1.008783E-12
4384.  9.965065E-13
4386.9  1.041858E-12
4389.8  1.069482E-12
4392.7  1.082894E-12
4395.6  1.090290E-12
4398.5  1.082928E-12
4401.4  1.071167E-12
4404.3  1.077902E-12
4407.2  1.103675E-12
4410.1  1.126104E-12
4413.  1.115742E-12
4415.9  1.108666E-12
4418.8  1.123114E-12
4421.7  1.137576E-12
4424.6  1.145994E-12
4427.5  1.145121E-12
4430.4  1.131143E-12
4433.3  1.127847E-12
4436.2  1.144299E-12
4439.1  1.149377E-12
4442.  1.140523E-12
4444.9  1.147987E-12
4447.8  1.150771E-12
4450.7  1.124551E-12
4453.6  1.079227E-12
4456.5  1.056218E-12
4459.4  1.075010E-12
4462.3  1.115560E-12
4465.2  1.164395E-12
4468.1  1.221246E-12
4471.  1.251892E-12
4473.9  1.235341E-12
4476.8  1.182351E-12
4479.7  1.148643E-12
4482.6  1.147698E-12
4485.5  1.147381E-12
4488.4  1.137715E-12
4491.3  1.143159E-12
4494.2  1.157825E-12
4497.1  1.174494E-12
4500.  1.202425E-12
4502.9  1.228727E-12
4505.8  1.237033E-12
4508.7  1.232752E-12
4511.6  1.219948E-12
4514.5  1.205480E-12
4517.4  1.192838E-12
4520.3  1.178468E-12
4523.2  1.148819E-12
4526.1  1.113562E-12
4529.  1.086817E-12
4531.9  1.088089E-12
4534.8  1.125169E-12
4537.7  1.154485E-12
4540.6  1.163663E-12
4543.5  1.148995E-12
4546.4  1.129337E-12
4549.3  1.126621E-12
4552.2  1.141246E-12
4555.1  1.169237E-12
4558.  1.192501E-12
4560.9  1.192320E-12
4563.8  1.181870E-12
4566.7  1.189709E-12
4569.6  1.200255E-12
4572.5  1.194211E-12
4575.4  1.186884E-12
4578.3  1.158210E-12
4581.2  1.135054E-12
4584.1  1.139638E-12
4587.  1.161584E-12
4589.9  1.160545E-12
4592.8  1.144776E-12
4595.7  1.143564E-12
4598.6  1.137864E-12
4601.5  1.144983E-12
4604.4  1.160797E-12
4607.3  1.178815E-12
4610.2  1.177683E-12
4613.1  1.171987E-12
4616.  1.163391E-12
4618.9  1.171097E-12
4621.8  1.180666E-12
4624.7  1.179184E-12
4627.6  1.173345E-12
4630.5  1.171307E-12
4633.4  1.171823E-12
4636.3  1.165325E-12
4639.2  1.159773E-12
4642.1  1.150798E-12
4645.  1.135548E-12
4647.9  1.131858E-12
4650.8  1.146117E-12
4653.7  1.147160E-12
4656.6  1.161867E-12
4659.5  1.169531E-12
4662.4  1.126591E-12
4665.3  1.088676E-12
4668.2  1.091819E-12
4671.1  1.124132E-12
4674.  1.142263E-12
4676.9  1.139744E-12
4679.8  1.137339E-12
4682.7  1.145407E-12
4685.6  1.160661E-12
4688.5  1.165074E-12
4691.4  1.170901E-12
4694.3  1.165215E-12
4697.2  1.131738E-12
4700.1  1.093295E-12
4703.  1.083244E-12
4705.9  1.100327E-12
4708.8  1.121165E-12
4711.7  1.149365E-12
4714.6  1.170891E-12
4717.5  1.178413E-12
4720.4  1.170380E-12
4723.3  1.161679E-12
4726.2  1.144487E-12
4729.1  1.122905E-12
4732.  1.126984E-12
4734.9  1.137415E-12
4737.8  1.149657E-12
4740.7  1.156979E-12
4743.6  1.157019E-12
4746.5  1.160041E-12
4749.4  1.149879E-12
4752.3  1.137540E-12
4755.2  1.134124E-12
4758.1  1.136674E-12
4761.  1.126746E-12
4763.9  1.118744E-12
4766.8  1.128040E-12
4769.7  1.152558E-12
4772.6  1.170171E-12
4775.5  1.191971E-12
4778.4  1.195040E-12
4781.3  1.177029E-12
4784.2  1.150697E-12
4787.1  1.139247E-12
4790.  1.146358E-12
4792.9  1.171289E-12
4795.8  1.181154E-12
4798.7  1.175823E-12
4801.6  1.164586E-12
4804.5  1.147824E-12
4807.4  1.138365E-12
4810.3  1.149177E-12
4813.2  1.162968E-12
4816.1  1.172594E-12
4819.  1.170507E-12
4821.9  1.151980E-12
4824.8  1.143055E-12
4827.7  1.140046E-12
4830.6  1.134879E-12
4833.5  1.131493E-12
4836.4  1.118529E-12
4839.3  1.109026E-12
4842.2  1.112628E-12
4845.1  1.116678E-12
4848.  1.103426E-12
4850.9  1.058195E-12
4853.8  9.885630E-13
4856.7  8.943985E-13
4859.6  8.128897E-13
4862.5  8.311377E-13
4865.4  9.223304E-13
4868.3  9.799832E-13
4871.2  1.004530E-12
4874.1  1.041099E-12
4877.  1.071596E-12
4879.9  1.080576E-12
4882.8  1.068977E-12
4885.7  1.055811E-12
4888.6  1.048845E-12
4891.5  1.068072E-12
4894.4  1.111441E-12
4897.3  1.130641E-12
4900.2  1.124009E-12
4903.1  1.109931E-12
4906.  1.099307E-12
4908.9  1.080089E-12
4911.8  1.084388E-12
4914.7  1.078291E-12
4917.6  1.043659E-12
4920.5  1.030495E-12
4923.4  1.061208E-12
4926.3  1.101369E-12
4929.2  1.111451E-12
4932.1  1.089881E-12
4935.  1.074242E-12
4937.9  1.077937E-12
4940.8  1.102394E-12
4943.7  1.115650E-12
4946.6  1.122534E-12
4949.5  1.122951E-12
4952.4  1.107220E-12
4955.3  1.087331E-12
4958.2  1.087095E-12
4961.1  1.113711E-12
4964.  1.120102E-12
4966.9  1.112905E-12
4969.8  1.110212E-12
4972.7  1.121853E-12
4975.6  1.122558E-12
4978.5  1.089773E-12
4981.4  1.047183E-12
4984.3  1.046445E-12
4987.2  1.078035E-12
4990.1  1.088012E-12
4993.  1.095828E-12
4995.9  1.096187E-12
4998.8  1.071128E-12
5001.7  1.044410E-12
5004.6  1.027212E-12
5007.5  1.029926E-12
5010.4  1.033999E-12
5013.3  1.030192E-12
5016.2  1.038517E-12
5019.1  1.045241E-12
5022.  1.057092E-12
5024.9  1.069589E-12
5027.8  1.076069E-12
5030.7  1.092827E-12
5033.6  1.080185E-12
5036.5  1.039149E-12
5039.4  1.017914E-12
5042.3  1.040218E-12
5045.2  1.075131E-12
5048.1  1.077562E-12
5051.  1.081576E-12
5053.9  1.098488E-12
5056.8  1.112954E-12
5059.7  1.110549E-12
5062.6  1.097315E-12
5065.5  1.084550E-12
5068.4  1.082492E-12
5071.3  1.081904E-12
5074.2  1.075251E-12
5077.1  1.058573E-12
5080.  1.040485E-12
5082.9  1.054449E-12
5085.8  1.089837E-12
5088.7  1.111540E-12
5091.6  1.113202E-12
5094.5  1.094532E-12
5097.4  1.070414E-12
5100.3  1.065168E-12
5103.2  1.078000E-12
5106.1  1.075390E-12
5109.  1.078554E-12
5111.9  1.097078E-12
5114.8  1.109128E-12
5117.7  1.108640E-12
5120.6  1.087831E-12
5123.5  1.062374E-12
5126.4  1.049404E-12
5129.3  1.049572E-12
5132.2  1.056623E-12
5135.1  1.047619E-12
5138.  1.023445E-12
5140.9  1.018686E-12
5143.8  1.029035E-12
5146.7  1.030816E-12
5149.6  1.035023E-12
5152.5  1.040359E-12
5155.4  1.053122E-12
5158.3  1.060732E-12
5161.2  1.030832E-12
5164.1  9.724829E-13
5167.  9.156367E-13
5169.9  9.061159E-13
5172.8  9.464528E-13
5175.7  1.013701E-12
5178.6  1.027178E-12
5181.5  9.762315E-13
5184.4  9.557687E-13
5187.3  9.944707E-13
5190.2  1.009529E-12
5193.1  1.008726E-12
5196.  1.021823E-12
5198.9  1.037568E-12
5201.8  1.033699E-12
5204.7  1.015874E-12
5207.6  1.013529E-12
5210.5  1.030168E-12
5213.4  1.030492E-12
5216.3  1.027774E-12
5219.2  1.037021E-12
5222.1  1.031352E-12
5225.  9.969330E-13
5227.9  9.975636E-13
5230.8  1.013048E-12
5233.7  1.020859E-12
5236.6  1.042065E-12
5239.5  1.057246E-12
5242.4  1.062138E-12
5245.3  1.067377E-12
5248.2  1.055565E-12
5251.1  1.042926E-12
5254.  1.049071E-12
5256.9  1.058150E-12
5259.8  1.032125E-12
5262.7  9.779233E-13
5265.6  9.497317E-13
5268.5  9.534446E-13
5271.4  9.742064E-13
5274.3  1.001066E-12
5277.2  1.021803E-12
5280.1  1.029777E-12
5283.  1.039656E-12
5285.9  1.067000E-12
5288.8  1.087704E-12
5291.7  1.081376E-12
5294.6  1.062180E-12
5297.5  1.041391E-12
5300.4  1.045720E-12
5303.3  1.064014E-12
5306.2  1.072733E-12
5309.1  1.075473E-12
5312.  1.073689E-12
5314.9  1.060974E-12
5317.8  1.052666E-12
5320.7  1.041932E-12
5323.6  1.014650E-12
5326.5  9.906085E-13
5329.4  1.001280E-12
5332.3  1.030814E-12
5335.2  1.037072E-12
5338.1  1.027685E-12
5341.  1.016910E-12
5343.9  1.026295E-12
5346.8  1.034501E-12
5349.7  1.047925E-12
5352.6  1.065659E-12
5355.5  1.077206E-12
5358.4  1.072205E-12
5361.3  1.045290E-12
5364.2  1.022580E-12
5367.1  1.015608E-12
5370.  1.011362E-12
5372.9  1.023973E-12
5375.8  1.043392E-12
5378.7  1.044895E-12
5381.6  1.035955E-12
5384.5  1.041995E-12
5387.4  1.033978E-12
5390.3  1.021525E-12
5393.2  1.009196E-12
5396.1  1.009723E-12
5399.  1.013339E-12
5401.9  1.000208E-12
5404.8  9.814079E-13
5407.7  9.916852E-13
5410.6  1.004232E-12
5413.5  1.016617E-12
5416.4  1.019255E-12
5419.3  1.017042E-12
5422.2  1.012973E-12
5425.1  1.016184E-12
5428.  1.015049E-12
5430.9  1.007976E-12
5433.8  1.010682E-12
5436.7  1.027688E-12
5439.6  1.048445E-12
5442.5  1.040619E-12
5445.4  1.020815E-12
5448.3  1.023415E-12
5451.2  1.032520E-12
5454.1  1.024767E-12
5457.  1.025392E-12
5459.9  1.021841E-12
5462.8  1.007473E-12
5465.7  1.011088E-12
5468.6  1.019914E-12
5471.5  1.020820E-12
5474.4  1.006144E-12
5477.3  9.922041E-13
5480.2  1.003042E-12
5483.1  1.019295E-12
5486.  1.028653E-12
5488.9  1.026020E-12
5491.8  1.026133E-12
5494.7  1.025738E-12
5497.6  1.021358E-12
5500.5  1.013487E-12
5503.4  1.009190E-12
5506.3  1.009094E-12
5509.2  1.007794E-12
5512.1  1.011970E-12
5515.  1.020205E-12
5517.9  1.034246E-12
5520.8  1.036465E-12
5523.7  1.021978E-12
5526.6  9.971286E-13
5529.5  9.924177E-13
5532.4  1.003338E-12
5535.3  1.012965E-12
5538.2  1.018251E-12
5541.1  1.016830E-12
5544.  1.017373E-12
5546.9  1.027767E-12
5549.8  1.036281E-12
5552.7  1.030746E-12
5555.6  1.023024E-12
5558.5  1.019972E-12
5561.4  1.001753E-12
5564.3  9.886092E-13
5567.2  9.850641E-13
5570.1  9.872630E-13
5573.  9.891712E-13
5575.9  9.948145E-13
5578.8  9.981089E-13
5581.7  9.921697E-13
5584.6  9.782047E-13
5587.5  9.551129E-13
5590.4  9.570890E-13
5593.3  9.746328E-13
5596.2  9.782648E-13
5599.1  9.710645E-13
5602.  9.696189E-13
5604.9  9.983917E-13
5607.8  1.018601E-12
5610.7  1.013878E-12
5613.6  9.924452E-13
5616.5  9.808497E-13
5619.4  9.918352E-13
5622.3  9.909226E-13
5625.2  9.921623E-13
5628.1  1.007018E-12
5631.  1.010631E-12
5633.9  9.974263E-13
5636.8  9.910495E-13
5639.7  9.879488E-13
5642.6  9.912479E-13
5645.5  9.961652E-13
5648.4  9.948977E-13
5651.3  9.873686E-13
5654.2  9.714215E-13
5657.1  9.580558E-13
5660.  9.570439E-13
5662.9  9.716071E-13
5665.8  9.758818E-13
5668.7  9.846340E-13
5671.6  9.949894E-13
5674.5  9.954834E-13
5677.4  9.927743E-13
5680.3  9.838769E-13
5683.2  9.696980E-13
5686.1  9.684186E-13
5689.  9.756980E-13
5691.9  9.898226E-13
5694.8  9.957085E-13
5697.7  9.889682E-13
5700.6  9.773671E-13
5703.5  9.656673E-13
5706.4  9.510890E-13
5709.3  9.435204E-13
5712.2  9.582200E-13
5715.1  9.803294E-13
5718.  9.899383E-13
5720.9  9.991561E-13
5723.8  1.009738E-12
5726.7  1.010855E-12
5729.6  1.007524E-12
5732.5  1.008977E-12
5735.4  1.010984E-12
5738.3  1.001783E-12
5741.2  9.982210E-13
5744.1  9.957608E-13
5747.  9.890310E-13
5749.9  9.813177E-13
5752.8  9.744980E-13
5755.7  9.768235E-13
5758.6  9.821462E-13
5761.5  9.804581E-13
5764.4  9.855270E-13
5767.3  9.946805E-13
5770.2  9.942094E-13
5773.1  9.875980E-13
5776.  9.784519E-13
5778.9  9.649708E-13
5781.8  9.568514E-13
5784.7  9.643336E-13
5787.6  9.751142E-13
5790.5  9.800702E-13
5793.4  9.818609E-13
5796.3  9.713080E-13
5799.2  9.726341E-13
5802.1  9.720588E-13
5805.  9.822828E-13
5807.9  9.699659E-13
5810.8  9.696698E-13
5813.7  9.653519E-13
5816.6  9.668345E-13
5819.5  9.718465E-13
5822.4  9.718220E-13
5825.3  9.691865E-13
5828.2  9.666677E-13
5831.1  9.665937E-13
5834.  9.667198E-13
5836.9  9.657235E-13
5839.8  9.645694E-13
5842.7  9.628667E-13
5845.6  9.598084E-13
5848.5  9.554025E-13
5851.4  9.505774E-13
5854.3  9.431084E-13
5857.2  9.367729E-13
5860.1  9.376880E-13
5863.  9.423861E-13
5865.9  9.479304E-13
5868.8  9.549726E-13
5871.7  9.668824E-13
5874.6  1.005085E-12
5877.5  9.998820E-13
5880.4  9.587915E-13
5883.3  9.297915E-13
5886.2  9.127651E-13
5889.1  9.016497E-13
5892.  8.938490E-13
5894.9  9.021989E-13
5897.8  9.280217E-13
5900.7  9.366139E-13
5903.6  9.375735E-13
5906.5  9.393554E-13
5909.4  9.549610E-13
5912.3  9.480750E-13
5915.2  9.500594E-13
5918.1  9.505103E-13
5921.  9.575776E-13
5923.9  9.403391E-13
5926.8  9.343797E-13
5929.7  9.327571E-13
5932.6  9.349108E-13
5935.5  9.391784E-13
5938.4  9.421350E-13
5941.3  9.414058E-13
5944.2  9.359442E-13
5947.1  9.288692E-13
5950.  9.280262E-13
5952.9  9.307759E-13
5955.8  9.322041E-13
5958.7  9.363098E-13
5961.6  9.397537E-13
5964.5  9.392900E-13
5967.4  9.390433E-13
5970.3  9.384054E-13
5973.2  9.364230E-13
5976.1  9.332103E-13
5979.  9.279177E-13
5981.9  9.190535E-13
5984.8  9.132725E-13
5987.7  9.149774E-13
5990.6  9.172500E-13
5993.5  9.174892E-13
5996.4  9.165080E-13
5999.3  9.151062E-13
6002.2  9.117418E-13
6005.1  9.080134E-13
6008.  9.050485E-13
6010.9  9.034669E-13
6013.8  9.013418E-13
6016.7  8.991181E-13
6019.6  9.008302E-13
6022.5  9.093214E-13
6025.4  9.182507E-13
6028.3  9.252895E-13
6031.2  9.300464E-13
6034.1  9.321061E-13
6037.  9.344707E-13
6039.9  9.313911E-13
6042.8  9.260395E-13
6045.7  9.206593E-13
6048.6  9.163297E-13
6051.5  9.084399E-13
6054.4  9.086243E-13
6057.3  9.154417E-13
6060.2  9.152082E-13
6063.1  9.115256E-13
6066.  9.149259E-13
6068.9  9.174585E-13
6071.8  9.117831E-13
6074.7  9.041573E-13
6077.6  9.026118E-13
6080.5  9.032187E-13
6083.4  9.020423E-13
6086.3  9.014833E-13
6089.2  9.013257E-13
6092.1  9.037921E-13
6095.  9.030074E-13
6097.9  8.923702E-13
6100.8  8.877058E-13
6103.7  8.946562E-13
6106.6  8.975374E-13
6109.5  8.976795E-13
6112.4  8.957383E-13
6115.3  8.911605E-13
6118.2  8.856285E-13
6121.1  8.822577E-13
6124.  8.843460E-13
6126.9  8.845552E-13
6129.8  8.781304E-13
6132.7  8.687800E-13
6135.6  8.650949E-13
6138.5  8.703966E-13
6141.4  8.783681E-13
6144.3  8.783398E-13
6147.2  8.716302E-13
6150.1  8.676042E-13
6153.  8.623306E-13
6155.9  8.555899E-13
6158.8  8.474303E-13
6161.7  8.492101E-13
6164.6  8.561981E-13
6167.5  8.618191E-13
6170.4  8.679615E-13
6173.3  8.720459E-13
6176.2  8.756081E-13
6179.1  8.785379E-13
6182.  8.757525E-13
6184.9  8.668493E-13
6187.8  8.625501E-13
6190.7  8.672993E-13
6193.6  8.729529E-13
6196.5  8.745062E-13
6199.4  8.764234E-13
6202.3  8.799674E-13
6205.2  8.820878E-13
6208.1  8.776956E-13
6211.  8.709262E-13
6213.9  8.654386E-13
6216.8  8.648724E-13
6219.7  8.644934E-13
6222.6  8.602739E-13
6225.5  8.513715E-13
6228.4  8.484707E-13
6231.3  8.530909E-13
6234.2  8.505667E-13
6237.1  8.452220E-13
6240.  8.429147E-13
6242.9  8.416614E-13
6245.8  8.418588E-13
6248.7  8.396430E-13
6251.6  8.386353E-13
6254.5  8.429241E-13
6257.4  8.509116E-13
6260.3  8.584105E-13
6263.2  8.637400E-13
6266.1  8.619691E-13
6269.  8.589227E-13
6271.9  8.612150E-13
6274.8  8.606604E-13
6277.7  8.580500E-13
6280.6  8.604682E-13
6283.5  8.639209E-13
6286.4  8.599602E-13
6289.3  8.523319E-13
6292.2  8.473778E-13
6295.1  8.431258E-13
6298.  8.401884E-13
6300.9  8.450774E-13
6303.8  8.493671E-13
6306.7  8.485933E-13
6309.6  8.440335E-13
6312.5  8.353227E-13
6315.4  8.346777E-13
6318.3  8.410012E-13
6321.2  8.471531E-13
6324.1  8.485868E-13
6327.  8.470103E-13
6329.9  8.416355E-13
6332.8  8.339696E-13
6335.7  8.311949E-13
6338.6  8.343535E-13
6341.5  8.349200E-13
6344.4  8.404106E-13
6347.3  8.473238E-13
6350.2  8.469769E-13
6353.1  8.400603E-13
6356.  8.323712E-13
6358.9  8.309732E-13
6361.8  8.363583E-13
6364.7  8.430201E-13
6367.6  8.486702E-13
6370.5  8.492919E-13
6373.4  8.479000E-13
6376.3  8.448676E-13
6379.2  8.465897E-13
6382.1  8.465020E-13
6385.  8.434299E-13
6387.9  8.409404E-13
6390.8  8.381281E-13
6393.7  8.350844E-13
6396.6  8.317805E-13
6399.5  8.283374E-13
6402.4  8.322618E-13
6405.3  8.287193E-13
6408.2  8.206377E-13
6411.1  8.200777E-13
6414.  8.253376E-13
6416.9  8.242830E-13
6419.8  8.215889E-13
6422.7  8.246834E-13
6425.6  8.279141E-13
6428.5  8.235583E-13
6431.4  8.182978E-13
6434.3  8.209941E-13
6437.2  8.242542E-13
6440.1  8.218273E-13
6443.  8.225412E-13
6445.9  8.256880E-13
6448.8  8.216687E-13
6451.7  8.181261E-13
6454.6  8.179110E-13
6457.5  8.171351E-13
6460.4  8.159450E-13
6463.3  8.132093E-13
6466.2  8.102021E-13
6469.1  8.155925E-13
6472.  8.211822E-13
6474.9  8.245312E-13
6477.8  8.234939E-13
6480.7  8.212148E-13
6483.6  8.008952E-13
6486.5  7.942211E-13
6489.4  7.893986E-13
6492.3  7.890060E-13
6495.2  7.934097E-13
6498.1  7.999180E-13
6501.  8.056612E-13
6503.9  8.078380E-13
6506.8  8.068375E-13
6509.7  8.050690E-13
6512.6  8.030549E-13
6515.5  8.007492E-13
6518.4  7.990058E-13
6521.3  7.984198E-13
6524.2  7.984107E-13
6527.1  7.980452E-13
6530.  7.960739E-13
6532.9  7.917972E-13
6535.8  7.855238E-13
6538.7  7.772320E-13
6541.6  7.667475E-13
6544.5  7.524050E-13
6547.4  7.321053E-13
6550.3  7.081447E-13
6553.2  6.850749E-13
6556.1  6.690535E-13
6559.  6.653685E-13
6561.9  6.751982E-13
6564.8  6.964730E-13
6567.7  7.220185E-13
6570.6  7.453044E-13
6573.5  7.626512E-13
6576.4  7.730618E-13
6579.3  7.787515E-13
6582.2  7.815853E-13
6585.1  7.829492E-13
6588.  7.845058E-13
6590.9  7.875893E-13
6593.8  7.909026E-13
6596.7  7.927124E-13
6599.6  7.937264E-13
6602.5  7.948733E-13
6605.4  7.964156E-13
6608.3  7.983721E-13
6611.2  8.005248E-13
6614.1  8.017409E-13
6617.  7.997261E-13
6619.9  7.948836E-13
6622.8  7.898767E-13
6625.7  7.858904E-13
6628.6  7.832816E-13
6631.5  7.827456E-13
6634.4  7.846003E-13
6637.3  7.877372E-13
6640.2  7.906388E-13
6643.1  7.915710E-13
6646.  7.897272E-13
6648.9  7.863305E-13
6651.8  7.826452E-13
6654.7  7.796293E-13
6657.6  7.779076E-13
6660.5  7.775842E-13
6663.4  7.788495E-13
6666.3  7.818225E-13
6669.2  7.845627E-13
6672.1  7.848467E-13
6675.  7.840112E-13
6677.9  7.837013E-13
6680.8  7.830282E-13
6683.7  7.812559E-13
6686.6  7.787991E-13
6689.5  7.758635E-13
6692.4  7.722118E-13
6695.3  7.682460E-13
6698.2  7.649716E-13
6701.1  7.628942E-13
6704.  7.621207E-13
6706.9  7.625029E-13
6709.8  7.637015E-13
6712.7  7.651018E-13
6715.6  7.661897E-13
6718.5  7.672004E-13
6721.4  7.684465E-13
6724.3  7.701422E-13
6727.2  7.720449E-13
6730.1  7.731503E-13
6733.  7.727724E-13
6735.9  7.705282E-13
6738.8  7.679533E-13
6741.7  7.678435E-13
6744.6  7.696513E-13
6747.5  7.712975E-13
6750.4  7.717889E-13
6753.3  7.706541E-13
6756.2  7.686544E-13
6759.1  7.666153E-13
6762.  7.643570E-13
6764.9  7.619629E-13
6767.8  7.602127E-13
6770.7  7.593353E-13
6773.6  7.588558E-13
6776.5  7.583560E-13
6779.4  7.575226E-13
6782.3  7.562650E-13
6785.2  7.546809E-13
6788.1  7.539588E-13
6791.  7.552063E-13
6793.9  7.571659E-13
6796.8  7.582659E-13
6799.7  7.573444E-13
6802.6  7.546227E-13
6805.5  7.534808E-13
6808.4  7.551031E-13
6811.3  7.571472E-13
6814.2  7.579986E-13
6817.1  7.566798E-13
6820.  7.542793E-13
6822.9  7.530749E-13
6825.8  7.518397E-13
6828.7  7.485307E-13
6831.6  7.442408E-13
6834.5  7.407084E-13
6837.4  7.398118E-13
6840.3  7.419674E-13
6843.2  7.437394E-13
6846.1  7.432271E-13
6849.  7.418314E-13
6851.9  7.396523E-13
6854.8  7.354029E-13
6857.7  7.304296E-13
6860.6  7.276417E-13
6863.5  7.267586E-13
6866.4  7.263809E-13
6869.3  7.291988E-13
6872.2  7.372461E-13
6875.1  7.453361E-13
6878.  7.489372E-13
6880.9  7.485668E-13
6883.8  7.457562E-13
6886.7  7.430187E-13
6889.6  7.418387E-13
6892.5  7.420695E-13
6895.4  7.433593E-13
6898.3  7.451792E-13
6901.2  7.459952E-13
6904.1  7.442092E-13
6907.  7.412322E-13
6909.9  7.391484E-13
6912.8  7.387414E-13
6915.7  7.399130E-13
6918.6  7.403213E-13
6921.5  7.388852E-13
6924.4  7.378925E-13
6927.3  7.379646E-13
6930.2  7.373799E-13
6933.1  7.355360E-13
6936.  7.327353E-13
6938.9  7.295737E-13
6941.8  7.268164E-13
6944.7  7.257531E-13
6947.6  7.272735E-13
6950.5  7.289907E-13
6953.4  7.287442E-13
6956.3  7.280048E-13
6959.2  7.278670E-13
6962.1  7.275385E-13
6965.  7.266297E-13
6967.9  7.254333E-13
6970.8  7.237825E-13
6973.7  7.210727E-13
6976.6  7.185175E-13
6979.5  7.181438E-13
6982.4  7.192071E-13
6985.3  7.199925E-13
6988.2  7.193082E-13
6991.1  7.166068E-13
6994.  7.135412E-13
6996.9  7.114351E-13
6999.8  7.096452E-13
7002.7  7.079674E-13
7005.6  7.071115E-13
7008.5  7.071572E-13
7011.4  7.076091E-13
7014.3  7.080589E-13
7017.2  7.081704E-13
7020.1  7.085371E-13
7023.  7.100015E-13
7025.9  7.120639E-13
7028.8  7.139871E-13
7031.7  7.157721E-13
7034.6  7.173876E-13
7037.5  7.184318E-13
7040.4  7.186983E-13
7043.3  7.184905E-13
7046.2  7.174196E-13
7049.1  7.141239E-13
7052.  7.100782E-13
7054.9  7.086701E-13
7057.8  7.094507E-13
7060.7  7.102423E-13
7063.6  7.108606E-13
7066.5  7.114071E-13
7069.4  7.105383E-13
7072.3  7.074572E-13
7075.2  7.035360E-13
7078.1  7.000227E-13
7081.  6.972322E-13
7083.9  6.956692E-13
7086.8  6.961447E-13
7089.7  6.977954E-13
7092.6  6.984755E-13
7095.5  6.979857E-13
7098.4  6.971586E-13
7101.3  6.965224E-13
7104.2  6.964266E-13
7107.1  6.963298E-13
7110.  6.956910E-13
7112.9  6.948001E-13
7115.8  6.939022E-13
7118.7  6.929349E-13
7121.6  6.918623E-13
7124.5  6.906346E-13
7127.4  6.894895E-13
7130.3  6.889469E-13
7133.2  6.887038E-13
7136.1  6.880327E-13
7139.  6.871868E-13
7141.9  6.867180E-13
7144.8  6.866511E-13
7147.7  6.869060E-13
7150.6  6.875689E-13
7153.5  6.884910E-13
7156.4  6.889860E-13
7159.3  6.885713E-13
7162.2  6.871619E-13
7165.1  6.850005E-13
7168.  6.825976E-13
7170.9  6.806455E-13
7173.8  6.798980E-13
7176.7  6.791254E-13
7179.6  6.766230E-13
7182.5  6.741568E-13
7185.4  6.737700E-13
7188.3  6.748046E-13
7191.2  6.759995E-13
7194.1  6.754467E-13
7197.  6.726333E-13
7199.9  6.697903E-13
7202.8  6.682225E-13
7205.7  6.679637E-13
7208.6  6.685856E-13
7211.5  6.692597E-13
7214.4  6.693934E-13
7217.3  6.686605E-13
7220.2  6.677302E-13
7223.1  6.674537E-13
7226.  6.679033E-13
7228.9  6.688727E-13
7231.8  6.696741E-13
7234.7  6.700692E-13
7237.6  6.709620E-13
7240.5  6.725617E-13
7243.4  6.740945E-13
7246.3  6.751767E-13
7249.2  6.757803E-13
7252.1  6.755836E-13
7255.  6.742285E-13
7257.9  6.728648E-13
7260.8  6.727276E-13
7263.7  6.724980E-13
7266.6  6.707673E-13
7269.5  6.677425E-13
7272.4  6.639017E-13
7275.3  6.598177E-13
7278.2  6.562386E-13
7281.1  6.540653E-13
7284.  6.534018E-13
7286.9  6.535099E-13
7289.8  6.547616E-13
7292.7  6.579992E-13
7295.6  6.618218E-13
7298.5  6.642607E-13
7301.4  6.647558E-13
7304.3  6.635052E-13
7307.2  6.622398E-13
7310.1  6.621928E-13
7313.  6.625520E-13
7315.9  6.626578E-13
7318.8  6.623875E-13
7321.7  6.617178E-13
7324.6  6.606999E-13
7327.5  6.603563E-13
7330.4  6.621818E-13
7333.3  6.647925E-13
7336.2  6.658489E-13
7339.1  6.654439E-13
7342.  6.642721E-13
7344.9  6.626978E-13
7347.8  6.609811E-13
7350.7  6.587656E-13
7353.6  6.563374E-13
7356.5  6.553593E-13
7359.4  6.559700E-13
7362.3  6.564532E-13
7365.2  6.562712E-13
7368.1  6.557569E-13
7371.  6.543794E-13
7373.9  6.514752E-13
7376.8  6.473207E-13
7379.7  6.427236E-13
7382.6  6.396871E-13
7385.5  6.396500E-13
7388.4  6.418589E-13
7391.3  6.448845E-13
7394.2  6.465942E-13
7397.1  6.460816E-13
7400.  6.442422E-13
7402.9  6.418416E-13
7405.8  6.395267E-13
7408.7  6.376989E-13
7411.6  6.365452E-13
7414.5  6.362657E-13
7417.4  6.369742E-13
7420.3  6.388941E-13
7423.2  6.418780E-13
7426.1  6.446635E-13
7429.  6.460994E-13
7431.9  6.455135E-13
7434.8  6.432632E-13
7437.7  6.411200E-13
7440.6  6.399957E-13
7443.5  6.398695E-13
7446.4  6.404660E-13
7449.3  6.413068E-13
7452.2  6.415509E-13
7455.1  6.405075E-13
7458.  6.392370E-13
7460.9  6.389177E-13
7463.8  6.394923E-13
7466.7  6.404853E-13
7469.6  6.408061E-13
7472.5  6.399389E-13
7475.4  6.383969E-13
7478.3  6.369619E-13
7481.2  6.366621E-13
7484.1  6.372040E-13
7487.  6.374137E-13
7489.9  6.369989E-13
7492.8  6.360482E-13
7495.7  6.346225E-13
7498.6  6.328628E-13
7501.5  6.307668E-13
7504.4  6.286660E-13
7507.3  6.280008E-13
7510.2  6.291995E-13
7513.1  6.307318E-13
7516.  6.316200E-13
7518.9  6.316565E-13
7521.8  6.310340E-13
7524.7  6.302920E-13
7527.6  6.299740E-13
7530.5  6.304990E-13
7533.4  6.314043E-13
7536.3  6.320180E-13
7539.2  6.322569E-13
7542.1  6.321047E-13
7545.  6.313599E-13
7547.9  6.300716E-13
7550.8  6.287687E-13
7553.7  6.277087E-13
7556.6  6.267082E-13
7559.5  6.259183E-13
7562.4  6.257428E-13
7565.3  6.258458E-13
7568.2  6.255689E-13
7571.1  6.250184E-13
7574.  6.245131E-13
7576.9  6.240437E-13
7579.8  6.235665E-13
7582.7  6.230880E-13
7585.6  6.226094E-13
7588.5  6.221307E-13
7591.4  6.216521E-13
7594.3  6.211735E-13
7597.2  6.206949E-13
7600.1  6.202163E-13
7603.  6.197378E-13
7605.9  6.192592E-13
7608.8  6.187807E-13
7611.7  6.183022E-13
7614.6  6.178236E-13
7617.5  6.173451E-13
7620.4  6.168666E-13
7623.3  6.163880E-13
7626.2  6.159095E-13
7629.1  6.154310E-13
7632.  6.149525E-13
7634.9  6.144740E-13
7637.8  6.139955E-13
7640.7  6.135170E-13
7643.6  6.130386E-13
7646.5  6.125601E-13
7649.4  6.120817E-13
7652.3  6.116032E-13
7655.2  6.111247E-13
7658.1  6.106463E-13
7661.  6.101679E-13
7663.9  6.096891E-13
7666.8  6.092103E-13
7669.7  6.087294E-13
7672.6  6.082514E-13
7675.5  6.077957E-13
7678.4  6.072620E-13
7681.3  6.064898E-13
7684.2  6.053508E-13
7687.1  6.037996E-13
7690.  6.023057E-13
7692.9  6.013966E-13
7695.8  6.012676E-13
7698.7  6.017614E-13
7701.6  6.017030E-13
7704.5  6.007185E-13
7707.4  6.004123E-13
7710.3  6.012009E-13
7713.2  6.017787E-13
7716.1  6.019336E-13
7719.  6.023055E-13
7721.9  6.027458E-13
7724.8  6.027666E-13
7727.7  6.023326E-13
7730.6  6.015354E-13
7733.5  6.000390E-13
7736.4  5.978063E-13
7739.3  5.960608E-13
7742.2  5.956693E-13
7745.1  5.963787E-13
7748.  5.976954E-13
7750.9  5.988928E-13
7753.8  5.995214E-13
7756.7  5.995261E-13
7759.6  5.985321E-13
7762.5  5.961274E-13
7765.4  5.933419E-13
7768.3  5.915749E-13
7771.2  5.911442E-13
7774.1  5.918834E-13
7777.  5.930077E-13
7779.9  5.937282E-13
7782.8  5.936154E-13
7785.7  5.926966E-13
7788.6  5.917146E-13
7791.5  5.909726E-13
7794.4  5.902422E-13
7797.3  5.897010E-13
7800.2  5.897207E-13
7803.1  5.905150E-13
7806.  5.921042E-13
7808.9  5.941639E-13
7811.8  5.960707E-13
7814.7  5.961138E-13
7817.6  5.934395E-13
7820.5  5.898965E-13
7823.4  5.871219E-13
7826.3  5.858463E-13
7829.2  5.859425E-13
7832.1  5.862062E-13
7835.  5.862358E-13
7837.9  5.862774E-13
7840.8  5.861879E-13
7843.7  5.857428E-13
7846.6  5.852840E-13
7849.5  5.851984E-13
7852.4  5.849896E-13
7855.3  5.844090E-13
7858.2  5.847335E-13
7861.1  5.862729E-13
7864.  5.870384E-13
7866.9  5.863137E-13
7869.8  5.851728E-13
7872.7  5.842516E-13
7875.6  5.838326E-13
7878.5  5.839503E-13
7881.4  5.844190E-13
7884.3  5.848205E-13
7887.2  5.847477E-13
7890.1  5.841564E-13
7893.  5.832637E-13
7895.9  5.830845E-13
7898.8  5.838448E-13
7901.7  5.836707E-13
7904.6  5.818423E-13
7907.5  5.795430E-13
7910.4  5.773336E-13
7913.3  5.751858E-13
7916.2  5.732531E-13
7919.1  5.717112E-13
7922.  5.699880E-13
7924.9  5.674346E-13
7927.8  5.648255E-13
7930.7  5.630365E-13
7933.6  5.617222E-13
7936.5  5.608042E-13
7939.4  5.614259E-13
7942.3  5.637008E-13
7945.2  5.659548E-13
7948.1  5.675881E-13
7951.  5.692300E-13
7953.9  5.705741E-13
7956.8  5.708012E-13
7959.7  5.707857E-13
7962.6  5.718389E-13
7965.5  5.728265E-13
7968.4  5.724353E-13
7971.3  5.717440E-13
7974.2  5.715506E-13
7977.1  5.705617E-13
7980.  5.686392E-13
7982.9  5.681280E-13
7985.8  5.692341E-13
7988.7  5.696421E-13
7991.6  5.686150E-13
7994.5  5.665482E-13
7997.4  5.647032E-13
8000.3  5.645859E-13
8003.2  5.656444E-13
8006.1  5.667381E-13
8009.  5.670978E-13
8011.9  5.664398E-13
8014.8  5.661372E-13
8017.7  5.666540E-13
8020.6  5.660210E-13
8023.5  5.638917E-13
8026.4  5.621462E-13
8029.3  5.614074E-13
8032.2  5.613110E-13
8035.1  5.610902E-13
8038.  5.598539E-13
8040.9  5.580230E-13
8043.8  5.564907E-13
8046.7  5.562906E-13
8049.6  5.579428E-13
8052.5  5.601129E-13
8055.4  5.615989E-13
8058.3  5.621589E-13
8061.2  5.618302E-13
8064.1  5.610401E-13
8067.  5.599647E-13
8069.9  5.585107E-13
8072.8  5.566608E-13
8075.7  5.544479E-13
8078.6  5.523268E-13
8081.5  5.508288E-13
8084.4  5.498039E-13
8087.3  5.490508E-13
8090.2  5.488365E-13
8093.1  5.494484E-13
8096.  5.512336E-13
8098.9  5.539123E-13
8101.8  5.562622E-13
8104.7  5.574090E-13
8107.6  5.568783E-13
8110.5  5.554234E-13
8113.4  5.545922E-13
8116.3  5.542068E-13
8119.2  5.534598E-13
8122.1  5.531303E-13
8125.  5.539253E-13
8127.9  5.542958E-13
8130.8  5.532389E-13
8133.7  5.524420E-13
8136.6  5.526326E-13
8139.5  5.523881E-13
8142.4  5.510980E-13
8145.3  5.490836E-13
8148.2  5.470790E-13
8151.1  5.461196E-13
8154.  5.460772E-13
8156.9  5.462667E-13
8159.8  5.464401E-13
8162.7  5.464871E-13
8165.6  5.467221E-13
8168.5  5.471864E-13
8171.4  5.468104E-13
8174.3  5.447786E-13
8177.2  5.407645E-13
8180.1  5.358826E-13
8183.  5.332018E-13
8185.9  5.326371E-13
8188.8  5.314846E-13
8191.7  5.297905E-13
8194.6  5.288748E-13
8197.5  5.294649E-13
8200.4  5.317998E-13
8203.3  5.338951E-13
8206.2  5.340341E-13
8209.1  5.333280E-13
8212.  5.327856E-13
8214.9  5.324146E-13
8217.8  5.318909E-13
8220.7  5.304164E-13
8223.6  5.279409E-13
8226.5  5.249162E-13
8229.4  5.241502E-13
8232.3  5.293439E-13
8235.2  5.361649E-13
8238.1  5.382874E-13
8241.  5.378232E-13
8243.9  5.379257E-13
8246.8  5.374270E-13
8249.7  5.355542E-13
8252.6  5.334588E-13
8255.5  5.319611E-13
8258.4  5.312886E-13
8261.3  5.312252E-13
8264.2  5.310962E-13
8267.1  5.305012E-13
8270.  5.293005E-13
8272.9  5.279668E-13
8275.8  5.271783E-13
8278.7  5.274964E-13
8281.6  5.290344E-13
8284.5  5.297420E-13
8287.4  5.284824E-13
8290.3  5.280056E-13
8293.2  5.294651E-13
8296.1  5.304769E-13
8299.  5.299143E-13
8301.9  5.281462E-13
8304.8  5.260298E-13
8307.7  5.247902E-13
8310.6  5.244486E-13
8313.5  5.243965E-13
8316.4  5.234706E-13
8319.3  5.207911E-13
8322.2  5.182267E-13
8325.1  5.172388E-13
8328.  5.159911E-13
8330.9  5.136704E-13
8333.8  5.121788E-13
8336.7  5.124374E-13
8339.6  5.140697E-13
8342.5  5.160885E-13
8345.4  5.170034E-13
8348.3  5.168589E-13
8351.2  5.165488E-13
8354.1  5.164370E-13
8357.  5.167033E-13
8359.9  5.175386E-13
8362.8  5.188341E-13
8365.7  5.196567E-13
8368.6  5.192747E-13
8371.5  5.175721E-13
8374.4  5.150442E-13
8377.3  5.130694E-13
8380.2  5.118509E-13
8383.1  5.103629E-13
8386.  5.093143E-13
8388.9  5.102274E-13
8391.8  5.117271E-13
8394.7  5.117407E-13
8397.6  5.109401E-13
8400.5  5.103869E-13
8403.4  5.101501E-13
8406.3  5.100294E-13
8409.2  5.092596E-13
8412.1  5.076514E-13
8415.  5.061599E-13
8417.9  5.048627E-13
8420.8  5.028333E-13
8423.7  5.006891E-13
8426.6  4.999477E-13
8429.5  4.998131E-13
8432.4  4.987758E-13
8435.3  4.976654E-13
8438.2  4.975674E-13
8441.1  4.980133E-13
8444.  4.984244E-13
8446.9  4.985857E-13
8449.8  4.983045E-13
8452.7  4.974385E-13
8455.6  4.960704E-13
8458.5  4.945233E-13
8461.4  4.930739E-13
8464.3  4.919235E-13
8467.2  4.914005E-13
8470.1  4.917591E-13
8473.  4.926076E-13
8475.9  4.933002E-13
8478.8  4.933366E-13
8481.7  4.921173E-13
8484.6  4.883057E-13
8487.5  4.819655E-13
8490.4  4.759725E-13
8493.3  4.720720E-13
8496.2  4.701666E-13
8499.1  4.703747E-13
8502.  4.728634E-13
8504.9  4.763106E-13
8507.8  4.788225E-13
8510.7  4.799464E-13
8513.6  4.798924E-13
8516.5  4.804735E-13
8519.4  4.825027E-13
8522.3  4.819641E-13
8525.2  4.757746E-13
8528.1  4.640277E-13
8531.  4.488355E-13
8533.9  4.347566E-13
8536.8  4.253913E-13
8539.7  4.228729E-13
8542.6  4.275773E-13
8545.5  4.383581E-13
8548.4  4.513987E-13
8551.3  4.624113E-13
8554.2  4.708700E-13
8557.1  4.774613E-13
8560.  4.833834E-13
8562.9  4.893480E-13
8565.8  4.941821E-13
8568.7  4.969242E-13
8571.6  4.971716E-13
8574.5  4.952845E-13
8577.4  4.924504E-13
8580.3  4.895472E-13
8583.2  4.871787E-13
8586.1  4.854529E-13
8589.  4.842010E-13
8591.9  4.837900E-13
8594.8  4.843985E-13
8597.7  4.848832E-13
8600.6  4.843173E-13
8603.5  4.828843E-13
8606.4  4.811671E-13
8609.3  4.802622E-13
8612.2  4.806635E-13
8615.1  4.819986E-13
8618.  4.842531E-13
8620.9  4.875936E-13
8623.8  4.911441E-13
8626.7  4.936426E-13
8629.6  4.944784E-13
8632.5  4.934286E-13
8635.4  4.909170E-13
8638.3  4.874731E-13
8641.2  4.836686E-13
8644.1  4.790794E-13
8647.  4.711453E-13
8649.9  4.595342E-13
8652.8  4.468168E-13
8655.7  4.362201E-13
8658.6  4.311823E-13
8661.5  4.327908E-13
8664.4  4.403148E-13
8667.3  4.501261E-13
8670.2  4.580747E-13
8673.1  4.633561E-13
8676.  4.663399E-13
8678.9  4.683116E-13
8681.8  4.704624E-13
8684.7  4.729623E-13
8687.6  4.758049E-13
8690.5  4.788410E-13
8693.4  4.815076E-13
8696.3  4.829303E-13
8699.2  4.833439E-13
8702.1  4.836253E-13
8705.  4.838004E-13
8707.9  4.836279E-13
8710.8  4.833495E-13
8713.7  4.831184E-13
8716.6  4.824158E-13
8719.5  4.808477E-13
8722.4  4.785776E-13
8725.3  4.757798E-13
8728.2  4.725373E-13
8731.1  4.692763E-13
8734.  4.667183E-13
8736.9  4.653313E-13
8739.8  4.653212E-13
8742.7  4.666806E-13
8745.6  4.691501E-13
8748.5  4.717841E-13
8751.4  4.735898E-13
8754.3  4.740554E-13
8757.2  4.731859E-13
8760.1  4.719908E-13
8763.  4.713453E-13
8765.9  4.716338E-13
8768.8  4.726506E-13
8771.7  4.734762E-13
8774.6  4.738763E-13
8777.5  4.741510E-13
8780.4  4.741336E-13
8783.3  4.735256E-13
8786.2  4.723745E-13
8789.1  4.708575E-13
8792.  4.693760E-13
8794.9  4.681345E-13
8797.8  4.663772E-13
8800.7  4.640065E-13
8803.6  4.625355E-13
8806.5  4.624131E-13
8809.4  4.625529E-13
8812.3  4.627952E-13
8815.2  4.637254E-13
8818.1  4.648162E-13
8821.  4.651165E-13
8823.9  4.650237E-13
8826.8  4.652794E-13
8829.7  4.659147E-13
8832.6  4.668115E-13
8835.5  4.678889E-13
8838.4  4.689064E-13
8841.3  4.692386E-13
8844.2  4.689393E-13
8847.1  4.690609E-13
8850.  4.698942E-13
8852.9  4.710754E-13
8855.8  4.712352E-13
8858.7  4.686277E-13
8861.6  4.642788E-13
8864.5  4.601730E-13
8867.4  4.571044E-13
8870.3  4.554113E-13
8873.2  4.545044E-13
8876.1  4.540914E-13
8879.  4.553683E-13
8881.9  4.584536E-13
8884.8  4.616538E-13
8887.7  4.638398E-13
8890.6  4.645407E-13
8893.5  4.639516E-13
8896.4  4.627691E-13
8899.3  4.613273E-13
8902.2  4.597647E-13
8905.1  4.579942E-13
8908.  4.558696E-13
8910.9  4.530817E-13
8913.8  4.498330E-13
8916.7  4.479085E-13
8919.6  4.481175E-13
8922.5  4.492357E-13
8925.4  4.504826E-13
8928.3  4.516581E-13
8931.2  4.528196E-13
8934.1  4.543193E-13
8937.  4.553619E-13
8939.9  4.548299E-13
8942.8  4.541445E-13
8945.7  4.549503E-13
8948.6  4.559536E-13
8951.5  4.558466E-13
8954.4  4.550159E-13
8957.3  4.538495E-13
8960.2  4.523674E-13
8963.1  4.510766E-13
8966.  4.510227E-13
8968.9  4.523972E-13
8971.8  4.546275E-13
8974.7  4.568778E-13
8977.6  4.582256E-13
8980.5  4.575751E-13
8983.4  4.542797E-13
8986.3  4.500319E-13
8989.2  4.466495E-13
8992.1  4.446510E-13
8995.  4.435829E-13
8997.9  4.409387E-13
9000.8  4.364543E-13
9003.7  4.333005E-13
9006.6  4.335240E-13
9009.5  4.379638E-13
9012.4  4.451408E-13
9015.3  4.521626E-13
9018.2  4.566468E-13
9021.1  4.570349E-13
9024.  4.547441E-13
9026.9  4.520037E-13
9029.8  4.510433E-13
9032.7  4.524461E-13
9035.6  4.522789E-13
9038.5  4.491153E-13
9041.4  4.463833E-13
9044.3  4.453267E-13
9047.2  4.449393E-13
9050.1  4.441077E-13
9053.  4.416216E-13
9055.9  4.382331E-13
9058.8  4.354552E-13
9061.7  4.332923E-13
9064.6  4.314923E-13
9067.5  4.307546E-13
9070.4  4.312196E-13
9073.3  4.311345E-13
9076.2  4.296923E-13
9079.1  4.280186E-13
9082.  4.271734E-13
9084.9  4.281650E-13
9087.8  4.300453E-13
9090.7  4.304379E-13
9093.6  4.298273E-13
9096.5  4.299025E-13
9099.4  4.303003E-13
9102.3  4.303261E-13
9105.2  4.306582E-13
9108.1  4.317780E-13
9111.  4.328362E-13
9113.9  4.333836E-13
9116.8  4.340597E-13
9119.7  4.350738E-13
9122.6  4.361224E-13
9125.5  4.366200E-13
9128.4  4.357217E-13
9131.3  4.346211E-13
9134.2  4.353300E-13
9137.1  4.372646E-13
9140.  4.389737E-13
9142.9  4.390762E-13
9145.8  4.368081E-13
9148.7  4.333101E-13
9151.6  4.301970E-13
9154.5  4.295283E-13
9157.4  4.315475E-13
9160.3  4.338086E-13
9163.2  4.347299E-13
9166.1  4.336622E-13
9169.  4.314932E-13
9171.9  4.300175E-13
9174.8  4.298380E-13
9177.7  4.308932E-13
9180.6  4.322241E-13
9183.5  4.327389E-13
9186.4  4.317820E-13
9189.3  4.294516E-13
9192.2  4.276638E-13
9195.1  4.270411E-13
9198.  4.257572E-13
9200.9  4.232167E-13
9203.8  4.201277E-13
9206.7  4.172322E-13
9209.6  4.153106E-13
9212.5  4.143712E-13
9215.4  4.140664E-13
9218.3  4.141792E-13
9221.2  4.146100E-13
9224.1  4.160532E-13
9227.  4.187034E-13
9229.9  4.210653E-13
9232.8  4.219814E-13
9235.7  4.211640E-13
9238.6  4.189503E-13
9241.5  4.164064E-13
9244.4  4.141119E-13
9247.3  4.122142E-13
9250.2  4.110909E-13
9253.1  4.110925E-13
9256.  4.119049E-13
9258.9  4.130596E-13
9261.8  4.146154E-13
9264.7  4.165437E-13
9267.6  4.182888E-13
9270.5  4.194551E-13
9273.4  4.200781E-13
9276.3  4.201757E-13
9279.2  4.195691E-13
9282.1  4.190813E-13
9285.  4.203698E-13
9287.9  4.215795E-13
9290.8  4.194059E-13
9293.7  4.158288E-13
9296.6  4.140131E-13
9299.5  4.130875E-13
9302.4  4.118949E-13
9305.3  4.111568E-13
9308.2  4.113484E-13
9311.1  4.123420E-13
9314.  4.133603E-13
9316.9  4.122566E-13
9319.8  4.109607E-13
9322.7  4.152065E-13
9325.6  4.222645E-13
9328.5  4.249727E-13
9331.4  4.228609E-13
9334.3  4.181742E-13
9337.2  4.138843E-13
9340.1  4.126886E-13
9343.  4.150749E-13
9345.9  4.199254E-13
9348.8  4.234559E-13
9351.7  4.232248E-13
9354.6  4.192350E-13
9357.5  4.140259E-13
9360.4  4.128766E-13
9363.3  4.142798E-13
9366.2  4.124274E-13
9369.1  4.086015E-13
9372.  4.065594E-13
9374.9  4.059586E-13
9377.8  4.057720E-13
9380.7  4.063282E-13
9383.6  4.078866E-13
9386.5  4.105743E-13
9389.4  4.135402E-13
9392.3  4.143718E-13
9395.2  4.114001E-13
9398.1  4.038493E-13
9401.  3.940596E-13
9403.9  3.865565E-13
9406.8  3.823083E-13
9409.7  3.804385E-13
9412.6  3.810949E-13
9415.5  3.841285E-13
9418.4  3.869642E-13
9421.3  3.878828E-13
9424.2  3.893882E-13
9427.1  3.929417E-13
9430.  3.970201E-13
9432.9  4.002481E-13
9435.8  4.014151E-13
9438.7  4.012742E-13
9441.6  4.021483E-13
9444.5  4.043895E-13
9447.4  4.072929E-13
9450.3  4.077513E-13
9453.2  4.031008E-13
9456.1  3.988919E-13
9459.  4.001861E-13
9461.9  4.041054E-13
9464.8  4.073558E-13
9467.7  4.077695E-13
9470.6  4.052160E-13
9473.5  4.027096E-13
9476.4  4.021033E-13
9479.3  4.039697E-13
9482.2  4.070907E-13
9485.1  4.091995E-13
9488.  4.092454E-13
9490.9  4.070209E-13
9493.8  4.040441E-13
9496.7  4.020928E-13
9499.6  4.023202E-13
9502.5  4.045016E-13
9505.4  4.052769E-13
9508.3  4.027982E-13
9511.2  3.980954E-13
9514.1  3.931012E-13
9517.  3.904607E-13
9519.9  3.915551E-13
9522.8  3.965559E-13
9525.7  4.024924E-13
9528.6  4.054553E-13
9531.5  4.045052E-13
9534.4  4.002425E-13
9537.3  3.959718E-13
9540.2  3.942167E-13
9543.1  3.932858E-13
9546.  3.923277E-13
9548.9  3.930620E-13
9551.8  3.948100E-13
9554.7  3.939962E-13
9557.6  3.917253E-13
9560.5  3.923611E-13
9563.4  3.950939E-13
9566.3  3.969607E-13
9569.2  3.983321E-13
9572.1  4.000801E-13
9575.  4.006214E-13
9577.9  3.989318E-13
9580.8  3.969351E-13
9583.7  3.958411E-13
9586.6  3.946035E-13
9589.5  3.932818E-13
9592.4  3.935128E-13
9595.3  3.948608E-13
9598.2  3.953408E-13
9601.1  3.942957E-13
9604.  3.918224E-13
9606.9  3.899546E-13
9609.8  3.906876E-13
9612.7  3.909141E-13
9615.6  3.879387E-13
9618.5  3.845537E-13
9621.4  3.829896E-13
9624.3  3.826500E-13
9627.2  3.832769E-13
9630.1  3.853058E-13
9633.  3.878436E-13
9635.9  3.888597E-13
9638.8  3.887717E-13
9641.7  3.893281E-13
9644.6  3.900559E-13
9647.5  3.898498E-13
9650.4  3.885388E-13
9653.3  3.863417E-13
9656.2  3.842334E-13
9659.1  3.829659E-13
9662.  3.822680E-13
9664.9  3.820843E-13
9667.8  3.828805E-13
9670.7  3.844356E-13
9673.6  3.859346E-13
9676.5  3.865066E-13
9679.4  3.853269E-13
9682.3  3.837682E-13
9685.2  3.838332E-13
9688.1  3.842542E-13
9691.  3.834570E-13
9693.9  3.829322E-13
9696.8  3.836178E-13
9699.7  3.833181E-13
9702.6  3.815031E-13
9705.5  3.812550E-13
9708.4  3.829927E-13
9711.3  3.838848E-13
9714.2  3.834840E-13
9717.1  3.830143E-13
9720.  3.823802E-13
9722.9  3.810428E-13
9725.8  3.793887E-13
9728.7  3.779249E-13
9731.6  3.759806E-13
9734.5  3.734263E-13
9737.4  3.727622E-13
9740.3  3.749284E-13
9743.2  3.772005E-13
9746.1  3.780972E-13
9749.  3.780347E-13
9751.9  3.773527E-13
9754.8  3.764058E-13
9757.7  3.759442E-13
9760.6  3.767066E-13
9763.5  3.782836E-13
9766.4  3.797972E-13
9769.3  3.796269E-13
9772.2  3.769771E-13
9775.1  3.746808E-13
9778.  3.745084E-13
9780.9  3.746342E-13
9783.8  3.740394E-13
9786.7  3.731350E-13
9789.6  3.722297E-13
9792.5  3.716718E-13
9795.4  3.713974E-13
9798.3  3.710578E-13
9801.2  3.718110E-13
9804.1  3.748646E-13
9807.  3.779553E-13
9809.9  3.787334E-13
9812.8  3.776646E-13
9815.7  3.758516E-13
9818.6  3.751987E-13
9821.5  3.759088E-13
9824.4  3.750006E-13
9827.3  3.721510E-13
9830.2  3.698700E-13
9833.1  3.689888E-13
9836.  3.692512E-13
9838.9  3.699608E-13
9841.8  3.702341E-13
9844.7  3.695368E-13
9847.6  3.678116E-13
9850.5  3.665600E-13
9853.4  3.669361E-13
9856.3  3.684391E-13
9859.2  3.701104E-13
9862.1  3.703811E-13
9865.  3.691183E-13
9867.9  3.679631E-13
9870.8  3.674839E-13
9873.7  3.674769E-13
9876.6  3.670832E-13
9879.5  3.652794E-13
9882.4  3.630943E-13
9885.3  3.618941E-13
9888.2  3.614122E-13
9891.1  3.611563E-13
9894.  3.608216E-13
9896.9  3.603403E-13
9899.8  3.602134E-13
9902.7  3.605975E-13
9905.6  3.611875E-13
9908.5  3.616470E-13
9911.4  3.615756E-13
9914.3  3.617756E-13
9917.2  3.635030E-13
9920.1  3.658517E-13
9923.  3.673795E-13
9925.9  3.678330E-13
9928.8  3.673581E-13
9931.7  3.668041E-13
9934.6  3.665005E-13
9937.5  3.650054E-13
9940.4  3.624822E-13
9943.3  3.616915E-13
9946.2  3.626817E-13
9949.1  3.630318E-13
9952.  3.621739E-13
9954.9  3.605944E-13
9957.8  3.592829E-13
9960.7  3.592529E-13
9963.6  3.596080E-13
9966.5  3.593613E-13
9969.4  3.591612E-13
9972.3  3.596244E-13
9975.2  3.609788E-13
9978.1  3.626489E-13
9981.  3.625740E-13
9983.9  3.610237E-13
9986.8  3.607517E-13
9989.7  3.617323E-13
9992.6  3.622486E-13
9995.5  3.609589E-13
9998.4  3.570172E-13
10001.3  3.529018E-13
10004.2  3.512466E-13
10007.1  3.508979E-13
10010.  3.504942E-13
10012.9  3.498932E-13
10015.8  3.491990E-13
10018.7  3.488746E-13
10021.6  3.495131E-13
10024.5  3.518744E-13
10027.4  3.548795E-13
10030.3  3.561870E-13
10033.2  3.561232E-13
10036.1  3.561923E-13
10039.  3.567499E-13
10041.9  3.577715E-13
10044.8  3.588267E-13
10047.7  3.594791E-13
10050.6  3.597691E-13
10053.5  3.596627E-13
10056.4  3.589428E-13
10059.3  3.572906E-13
10062.2  3.542558E-13
10065.1  3.499560E-13
10068.  3.450296E-13
10070.9  3.400635E-13
10073.8  3.356299E-13
10076.7  3.328859E-13
10079.6  3.328013E-13
10082.5  3.349111E-13
10085.4  3.381962E-13
10088.3  3.409004E-13
10091.2  3.422192E-13
10094.1  3.440143E-13
10097.  3.465902E-13
10099.9  3.475180E-13
10102.8  3.470361E-13
10105.7  3.477607E-13
10108.6  3.496161E-13
10111.5  3.510814E-13
10114.4  3.509433E-13
10117.3  3.484533E-13
10120.2  3.454427E-13
10123.1  3.439323E-13
10126.  3.440402E-13
10128.9  3.452502E-13
10131.8  3.460473E-13
10134.7  3.459827E-13
10137.6  3.465690E-13
10140.5  3.485571E-13
10143.4  3.519856E-13
10146.3  3.549271E-13
10149.2  3.543839E-13
10152.1  3.514200E-13
10155.  3.487067E-13
10157.9  3.476487E-13
10160.8  3.488095E-13
10163.7  3.501696E-13
10166.6  3.501575E-13
10169.5  3.502626E-13
10172.4  3.509894E-13
10175.3  3.505764E-13
10178.2  3.485360E-13
10181.1  3.458606E-13
10184.  3.432333E-13
10186.9  3.411209E-13
10189.8  3.396854E-13
10192.7  3.388314E-13
10195.6  3.385283E-13
10198.5  3.386166E-13
10201.4  3.375312E-13
10204.3  3.347900E-13
10207.2  3.344730E-13
10210.1  3.383126E-13
10213.  3.424093E-13
10215.9  3.441218E-13
10218.8  3.428338E-13
10221.7  3.391995E-13
10224.6  3.349494E-13
10227.5  3.326197E-13
10230.4  3.346748E-13
10233.3  3.376403E-13
10236.2  3.370551E-13
10239.1  3.357334E-13
10242.  3.367984E-13
10244.9  3.390619E-13
10247.8  3.411626E-13
10250.7  3.422668E-13
10253.6  3.420553E-13
10256.5  3.409629E-13
10259.4  3.400332E-13
10262.3  3.409153E-13
10265.2  3.418453E-13
10268.1  3.394100E-13
10271.  3.350059E-13
10273.9  3.316142E-13
10276.8  3.318188E-13
10279.7  3.364840E-13
10282.6  3.392890E-13
10285.5  3.363441E-13
10288.4  3.331351E-13
10291.3  3.323794E-13
10294.2  3.310340E-13
10297.1  3.285481E-13
10300.  3.268024E-13
10302.9  3.260384E-13
10305.8  3.256349E-13
10308.7  3.246953E-13
10311.6  3.224692E-13
10314.5  3.215305E-13
10317.4  3.242523E-13
10320.3  3.279158E-13
10323.2  3.299890E-13
10326.1  3.307772E-13
10329.  3.311018E-13
10331.9  3.328523E-13
10334.8  3.348610E-13
10337.7  3.318820E-13
10340.6  3.263600E-13
10343.5  3.259979E-13
10346.4  3.297273E-13
10349.3  3.327499E-13
10352.2  3.317562E-13
10355.1  3.253108E-13
10358.  3.210847E-13
10360.9  3.247769E-13
10363.8  3.293588E-13
10366.7  3.304627E-13
10369.6  3.321115E-13
10372.5  3.354146E-13
10375.4  3.376913E-13
10378.3  3.374218E-13
10381.2  3.339226E-13
10384.1  3.289388E-13
10387.  3.253418E-13
10389.9  3.235276E-13
10392.8  3.228472E-13
10395.7  3.213312E-13
10398.6  3.177634E-13
10401.5  3.143404E-13
10404.4  3.138506E-13
10407.3  3.201781E-13
10410.2  3.314591E-13
10413.1  3.375206E-13
10416.  3.343614E-13
10418.9  3.238067E-13
10421.8  3.128298E-13
10424.7  3.109244E-13
10427.6  3.141838E-13
10430.5  3.146348E-13
10433.4  3.158658E-13
10436.3  3.217127E-13
10439.2  3.261313E-13
10442.1  3.254893E-13
10445.  3.255558E-13
10447.9  3.286672E-13
10450.8  3.305767E-13
10453.7  3.296108E-13
10456.6  3.267307E-13
10459.5  3.230529E-13
10462.4  3.198483E-13
10465.3  3.184226E-13
10468.2  3.196048E-13
10471.1  3.204110E-13
10474.  3.179688E-13
10476.9  3.151919E-13
10479.8  3.145079E-13
10482.7  3.143841E-13
10485.6  3.133228E-13
10488.5  3.093840E-13
10491.4  3.060976E-13
10494.3  3.141874E-13
10497.2  3.279240E-13
10500.1  3.302379E-13
10503.  3.229082E-13
10505.9  3.160366E-13
10508.8  3.144552E-13
10511.7  3.203929E-13
10514.6  3.289686E-13
10517.5  3.352665E-13
10520.4  3.416911E-13
10523.3  3.469331E-13
10526.2  3.392694E-13
10529.1  3.207590E-13
10532.  3.126057E-13
10534.9  3.151302E-13
10537.8  3.114989E-13
10540.7  3.036754E-13
10543.6  3.020341E-13
10546.5  3.051250E-13
10549.4  3.085132E-13
10552.3  3.098338E-13
10555.2  3.089497E-13
10558.1  3.149576E-13
10561.  3.303998E-13
10563.9  3.398481E-13
10566.8  3.365599E-13
10569.7  3.279889E-13
10572.6  3.193566E-13
10575.5  3.138541E-13
10578.4  3.115523E-13
10581.3  3.101392E-13
10584.2  3.077264E-13
10587.1  3.029132E-13
10590.  2.943199E-13
10592.9  2.827041E-13
10595.8  2.770916E-13
10598.7  2.829904E-13
10601.6  2.943783E-13
10604.5  3.054887E-13
10607.4  3.123289E-13
10610.3  3.149713E-13
10613.2  3.187794E-13
10616.1  3.203454E-13
10619.  3.108688E-13
10621.9  3.006000E-13
10624.8  3.046381E-13
10627.7  3.098656E-13
10630.6  3.010040E-13
10633.5  2.866007E-13
10636.4  2.770045E-13
10639.3  2.781530E-13
10642.2  2.898265E-13
10645.1  3.008374E-13
10648.  3.042744E-13
10650.9  2.983600E-13
10653.8  2.917081E-13
10656.7  3.003971E-13
10659.6  3.139767E-13
10662.5  3.119809E-13
10665.4  3.007256E-13
10668.3  2.926743E-13
10671.2  2.919919E-13
10674.1  2.986109E-13
10677.  3.009754E-13
10679.9  2.946210E-13
10682.8  2.936630E-13
10685.7  3.019701E-13
10688.6  3.086854E-13
10691.5  3.115677E-13
10694.4  3.153471E-13
10697.3  3.175561E-13
10700.2  3.129483E-13
10703.1  3.097955E-13
10706.  3.172938E-13
10708.9  3.215561E-13
10711.8  3.102135E-13
10714.7  2.928612E-13
10717.6  2.793491E-13
10720.5  2.727486E-13
10723.4  2.776883E-13
10726.3  3.030417E-13
10729.2  3.349678E-13
10732.1  3.384057E-13
10735.  3.253492E-13
10737.9  3.329942E-13
10740.8  3.460943E-13
10743.7  3.357884E-13
10746.6  3.091916E-13
10749.5  2.811710E-13
10752.4  2.660806E-13
10755.3  2.714850E-13
10758.2  2.868120E-13
10761.1  3.016823E-13
10764.  3.085041E-13
10766.9  3.097317E-13
10769.8  3.198627E-13
10772.7  3.311556E-13
10775.6  3.226480E-13
10778.5  3.012751E-13
10781.4  2.840296E-13
10784.3  2.728655E-13
10787.2  2.664620E-13
10790.1  2.613599E-13
10793.  2.594487E-13
10795.9  2.844385E-13
10798.8  3.386488E-13
10801.7  3.834854E-13
10804.6  3.971930E-13
10807.5  3.787739E-13
10810.4  3.458865E-13
10813.3  3.303222E-13
10816.2  3.260814E-13
10819.1  3.110024E-13
10822.  2.958406E-13
10824.9  2.955071E-13
10827.8  2.943877E-13
10830.7  2.821516E-13
10833.6  2.857669E-13
10836.5  3.137589E-13
10839.4  3.289777E-13
10842.3  3.193528E-13
10845.2  3.080619E-13
10848.1  3.038978E-13
10851.  3.049530E-13
10853.9  3.063331E-13
10856.8  3.010008E-13
10859.7  3.021591E-13
10862.6  3.235581E-13
10865.5  3.352286E-13
10868.4  3.126718E-13
10871.3  2.829971E-13
10874.2  2.689862E-13
10877.1  2.712661E-13
10880.  2.801476E-13
10882.9  2.704779E-13
10885.8  2.432472E-13
10888.7  2.223511E-13
10891.6  2.311459E-13
10894.5  2.891135E-13
10897.4  3.454548E-13
10900.3  3.358733E-13
10903.2  2.851004E-13
10906.1  2.373903E-13
10909.  2.293665E-13
10911.9  2.735469E-13
10914.8  3.220129E-13
10917.7  3.381991E-13
10920.6  3.143517E-13
10923.5  2.628805E-13
10926.4  2.151432E-13
10929.3  2.035357E-13
10932.2  2.567890E-13
10935.1  3.161333E-13
10938.  2.987079E-13
10940.9  2.526037E-13
10943.8  2.417877E-13
10946.7  2.244800E-13
10949.6  1.738586E-13
10952.5  1.518595E-13
10955.4  1.839857E-13
10958.3  2.191744E-13
10961.2  2.321548E-13
10964.1  2.296755E-13
10967.  2.195864E-13
10969.9  2.121669E-13
10972.8  2.113729E-13
10975.7  2.167337E-13
10978.6  2.136954E-13
10981.5  1.897580E-13
10984.4  1.669758E-13
10987.3  1.658574E-13
10990.2  1.849312E-13
10993.1  2.107189E-13
10996.  2.069612E-13
10998.9  1.715192E-13
