3050.  1.213979E-13
3052.9  1.299904E-13
3055.8  1.898166E-13
3058.7  2.104845E-13
3061.6  1.679242E-13
3064.5  9.886949E-14
3067.4  1.400927E-13
3070.3  7.723025E-14
3073.2  1.318605E-13
3076.1  1.312891E-13
3079.  1.614521E-13
3081.9  1.527384E-13
3084.8  1.115293E-13
3087.7  1.195507E-13
3090.6  9.603032E-14
3093.5  9.569876E-14
3096.4  9.123014E-14
3099.3  1.153390E-13
3102.2  1.452243E-13
3105.1  1.798217E-13
3108.  2.016824E-13
3110.9  1.772043E-13
3113.8  1.447388E-13
3116.7  1.409037E-13
3119.6  1.494998E-13
3122.5  1.630915E-13
3125.4  1.382892E-13
3128.3  1.438856E-13
3131.2  1.541057E-13
3134.1  1.615116E-13
3137.  1.657273E-13
3139.9  1.514598E-13
3142.8  1.628746E-13
3145.7  1.579147E-13
3148.6  1.501381E-13
3151.5  1.429912E-13
3154.4  1.374240E-13
3157.3  1.293132E-13
3160.2  1.360522E-13
3163.1  1.650469E-13
3166.  1.769978E-13
3168.9  2.004978E-13
3171.8  1.943826E-13
3174.7  2.004234E-13
3177.6  1.796212E-13
3180.5  1.731970E-13
3183.4  1.703612E-13
3186.3  1.614340E-13
3189.2  1.649324E-13
3192.1  1.688152E-13
3195.  1.868096E-13
3197.9  2.089508E-13
3200.8  2.166493E-13
3203.7  1.897885E-13
3206.6  1.700309E-13
3209.5  1.646129E-13
3212.4  1.661999E-13
3215.3  1.667770E-13
3218.2  1.637728E-13
3221.1  1.558616E-13
3224.  1.370530E-13
3226.9  1.451949E-13
3229.8  1.567925E-13
3232.7  1.609180E-13
3235.6  1.650215E-13
3238.5  1.789275E-13
3241.4  1.977339E-13
3244.3  1.973967E-13
3247.2  2.059363E-13
3250.1  2.322771E-13
3253.  2.740959E-13
3255.9  2.670623E-13
3258.8  2.398717E-13
3261.7  2.505403E-13
3264.6  2.602674E-13
3267.5  2.560329E-13
3270.4  2.616432E-13
3273.3  2.430686E-13
3276.2  2.255377E-13
3279.1  2.312250E-13
3282.  2.470985E-13
3284.9  2.712100E-13
3287.8  2.971111E-13
3290.7  3.254644E-13
3293.6  3.227212E-13
3296.5  3.042092E-13
3299.4  2.728825E-13
3302.3  2.621298E-13
3305.2  2.594452E-13
3308.1  2.538134E-13
3311.  2.441227E-13
3313.9  2.579372E-13
3316.8  2.558603E-13
3319.7  2.549418E-13
3322.6  2.582957E-13
3325.5  2.548499E-13
3328.4  2.494034E-13
3331.3  2.439956E-13
3334.2  2.455514E-13
3337.1  2.389475E-13
3340.  2.598629E-13
3342.9  2.609662E-13
3345.8  2.788185E-13
3348.7  2.723334E-13
3351.6  2.498285E-13
3354.5  2.169554E-13
3357.4  1.968319E-13
3360.3  2.052065E-13
3363.2  1.871530E-13
3366.1  1.864535E-13
3369.  2.141253E-13
3371.9  2.356627E-13
3374.8  2.373895E-13
3377.7  2.430411E-13
3380.6  2.517294E-13
3383.5  2.533476E-13
3386.4  2.538572E-13
3389.3  2.583182E-13
3392.2  2.825277E-13
3395.1  3.197881E-13
3398.  3.249178E-13
3400.9  2.806544E-13
3403.8  2.622303E-13
3406.7  2.531496E-13
3409.6  2.577322E-13
3412.5  2.778475E-13
3415.4  2.916579E-13
3418.3  3.034491E-13
3421.2  3.177202E-13
3424.1  3.096156E-13
3427.  2.986272E-13
3429.9  2.817218E-13
3432.8  2.503529E-13
3435.7  2.101494E-13
3438.6  1.985546E-13
3441.5  2.235362E-13
3444.4  2.645760E-13
3447.3  2.910928E-13
3450.2  2.859580E-13
3453.1  2.788055E-13
3456.  2.641015E-13
3458.9  2.650568E-13
3461.8  2.819734E-13
3464.7  2.843231E-13
3467.6  2.795175E-13
3470.5  2.613440E-13
3473.4  2.516558E-13
3476.3  2.538499E-13
3479.2  2.580409E-13
3482.1  2.624343E-13
3485.  2.636361E-13
3487.9  2.565405E-13
3490.8  2.581024E-13
3493.7  2.954654E-13
3496.6  3.338544E-13
3499.5  3.483643E-13
3502.4  3.456862E-13
3505.3  3.271623E-13
3508.2  3.101988E-13
3511.1  3.073784E-13
3514.  3.200337E-13
3516.9  2.929356E-13
3519.8  2.622811E-13
3522.7  2.701872E-13
3525.6  2.976739E-13
3528.5  3.211522E-13
3531.4  3.380108E-13
3534.3  3.516713E-13
3537.2  3.547573E-13
3540.1  3.376014E-13
3543.  3.305485E-13
3545.9  3.257547E-13
3548.8  3.114987E-13
3551.7  2.847625E-13
3554.6  2.750597E-13
3557.5  2.629295E-13
3560.4  2.443232E-13
3563.3  2.230731E-13
3566.2  2.233796E-13
3569.1  2.105937E-13
3572.  2.213464E-13
3574.9  2.003256E-13
3577.8  1.776171E-13
3580.7  1.690012E-13
3583.6  1.858027E-13
3586.5  2.485371E-13
3589.4  3.071310E-13
3592.3  3.574380E-13
3595.2  3.900781E-13
3598.1  3.730335E-13
3601.  3.299226E-13
3603.9  2.993506E-13
3606.8  2.909543E-13
3609.7  3.108797E-13
3612.6  3.228446E-13
3615.5  3.265524E-13
3618.4  3.559302E-13
3621.3  4.091246E-13
3624.2  4.357984E-13
3627.1  4.072984E-13
3630.  3.672783E-13
3632.9  3.882452E-13
3635.8  4.387165E-13
3638.7  4.451550E-13
3641.6  4.095136E-13
3644.5  3.805096E-13
3647.4  3.990122E-13
3650.3  4.770114E-13
3653.2  5.248576E-13
3656.1  5.512174E-13
3659.  5.513489E-13
3661.9  5.286617E-13
3664.8  5.102640E-13
3667.7  5.060771E-13
3670.6  5.139697E-13
3673.5  5.011434E-13
3676.4  4.610967E-13
3679.3  4.466904E-13
3682.2  4.454174E-13
3685.1  4.483945E-13
3688.  4.716723E-13
3690.9  4.627972E-13
3693.8  4.539213E-13
3696.7  4.450461E-13
3699.6  5.136845E-13
3702.5  4.512319E-13
3705.4  4.221480E-13
3708.3  4.654126E-13
3711.2  5.077598E-13
3714.1  4.744693E-13
3717.  3.877777E-13
3719.9  3.571522E-13
3722.8  3.875396E-13
3725.7  3.830701E-13
3728.6  3.303064E-13
3731.5  2.737425E-13
3734.4  2.654558E-13
3737.3  3.052502E-13
3740.2  3.169555E-13
3743.1  2.881198E-13
3746.  2.855035E-13
3748.9  3.368332E-13
3751.8  3.926173E-13
3754.7  3.857496E-13
3757.6  3.485492E-13
3760.5  3.376773E-13
3763.4  3.551438E-13
3766.3  3.992630E-13
3769.2  4.449387E-13
3772.1  4.732952E-13
3775.  4.823601E-13
3777.9  4.791321E-13
3780.8  4.650497E-13
3783.7  4.065540E-13
3786.6  3.474544E-13
3789.5  3.285212E-13
3792.4  3.225648E-13
3795.3  3.228746E-13
3798.2  3.407763E-13
3801.1  3.693293E-13
3804.  3.715308E-13
3806.9  3.556213E-13
3809.8  3.262622E-13
3812.7  2.809942E-13
3815.6  2.386338E-13
3818.5  2.087966E-13
3821.4  1.944018E-13
3824.3  1.893868E-13
3827.2  1.998555E-13
3830.1  2.066094E-13
3833.  2.063760E-13
3835.9  2.132430E-13
3838.8  2.289686E-13
3841.7  2.540982E-13
3844.6  2.577672E-13
3847.5  2.484351E-13
3850.4  2.391296E-13
3853.3  2.256065E-13
3856.2  2.151979E-13
3859.1  2.235490E-13
3862.  2.416581E-13
3864.9  2.386554E-13
3867.8  2.351229E-13
3870.7  2.492626E-13
3873.6  2.698279E-13
3876.5  2.749037E-13
3879.4  2.856530E-13
3882.3  3.289964E-13
3885.2  3.718735E-13
3888.1  4.327639E-13
3891.  4.914731E-13
3893.9  4.966538E-13
3896.8  4.899520E-13
3899.7  4.882168E-13
3902.6  4.924473E-13
3905.5  5.179292E-13
3908.4  5.520062E-13
3911.3  5.565081E-13
3914.2  5.260673E-13
3917.1  4.665046E-13
3920.  3.981615E-13
3922.9  3.519291E-13
3925.8  2.755395E-13
3928.7  1.923926E-13
3931.6  1.643461E-13
3934.5  2.068122E-13
3937.4  2.894634E-13
3940.3  3.676804E-13
3943.2  4.472112E-13
3946.1  5.243208E-13
3949.  5.679157E-13
3951.9  5.797873E-13
3954.8  5.512618E-13
3957.7  4.688500E-13
3960.6  3.582793E-13
3963.5  2.558727E-13
3966.4  2.240349E-13
3969.3  2.846919E-13
3972.2  4.153073E-13
3975.1  5.660602E-13
3978.  6.603886E-13
3980.9  7.053826E-13
3983.8  7.530026E-13
3986.7  7.991755E-13
3989.6  8.165218E-13
3992.5  8.102733E-13
3995.4  8.228069E-13
3998.3  8.565877E-13
4001.2  8.708553E-13
4004.1  8.502427E-13
4007.  8.588268E-13
4009.9  8.982639E-13
4012.8  9.256109E-13
4015.7  9.312348E-13
4018.6  9.256630E-13
4021.5  9.023464E-13
4024.4  8.810256E-13
4027.3  8.494804E-13
4030.2  8.028603E-13
4033.1  8.232663E-13
4036.  8.786634E-13
4038.9  8.597322E-13
4041.8  7.774210E-13
4044.7  7.531110E-13
4047.6  8.076633E-13
4050.5  8.290116E-13
4053.4  8.000023E-13
4056.3  7.662936E-13
4059.2  7.451364E-13
4062.1  7.359678E-13
4065.  7.533894E-13
4067.9  7.807315E-13
4070.8  7.784180E-13
4073.7  7.736978E-13
4076.6  7.916322E-13
4079.5  8.540880E-13
4082.4  9.088172E-13
4085.3  9.457007E-13
4088.2  9.460498E-13
4091.1  9.086748E-13
4094.  8.434167E-13
4096.9  7.948503E-13
4099.8  7.869724E-13
4102.7  8.091200E-13
4105.6  8.364550E-13
4108.5  8.372143E-13
4111.4  8.435097E-13
4114.3  8.484688E-13
4117.2  8.261154E-13
4120.1  8.265771E-13
4123.  8.286671E-13
4125.9  8.110053E-13
4128.8  7.719469E-13
4131.7  7.676459E-13
4134.6  7.972197E-13
4137.5  7.943453E-13
4140.4  7.496922E-13
4143.3  7.295403E-13
4146.2  7.358706E-13
4149.1  7.325288E-13
4152.  7.303612E-13
4154.9  7.537570E-13
4157.8  8.043297E-13
4160.7  8.185540E-13
4163.6  7.816204E-13
4166.5  7.505635E-13
4169.4  7.523941E-13
4172.3  7.425761E-13
4175.2  7.562050E-13
4178.1  7.789497E-13
4181.  8.054599E-13
4183.9  8.275490E-13
4186.8  8.229462E-13
4189.7  8.236533E-13
4192.6  8.066728E-13
4195.5  7.795568E-13
4198.4  7.793059E-13
4201.3  8.112491E-13
4204.2  8.711038E-13
4207.1  8.995374E-13
4210.  8.730726E-13
4212.9  8.714532E-13
4215.8  9.404788E-13
4218.7  9.690320E-13
4221.6  8.797705E-13
4224.5  8.086124E-13
4227.4  8.804809E-13
4230.3  9.542670E-13
4233.2  9.612052E-13
4236.1  9.760815E-13
4239.  1.020574E-12
4241.9  1.037301E-12
4244.8  9.830701E-13
4247.7  9.155900E-13
4250.6  9.013257E-13
4253.5  9.199123E-13
4256.4  9.289235E-13
4259.3  9.525493E-13
4262.2  1.010491E-12
4265.1  9.970476E-13
4268.  8.906721E-13
4270.9  8.322553E-13
4273.8  8.842249E-13
4276.7  9.458394E-13
4279.6  9.568678E-13
4282.5  9.317392E-13
4285.4  8.811998E-13
4288.3  8.406245E-13
4291.2  8.470874E-13
4294.1  8.425535E-13
4297.  7.604768E-13
4299.9  6.941422E-13
4302.8  6.743847E-13
4305.7  6.636567E-13
4308.6  7.414169E-13
4311.5  9.344050E-13
4314.4  1.138432E-12
4317.3  1.184015E-12
4320.2  1.069788E-12
4323.1  9.777499E-13
4326.  1.056298E-12
4328.9  1.157016E-12
4331.8  1.179248E-12
4334.7  1.107173E-12
4337.6  1.038857E-12
4340.5  1.085336E-12
4343.4  1.164152E-12
4346.3  1.170726E-12
4349.2  1.107208E-12
4352.1  1.091738E-12
4355.  1.137302E-12
4357.9  1.179854E-12
4360.8  1.216687E-12
4363.7  1.221055E-12
4366.6  1.166150E-12
4369.5  1.106135E-12
4372.4  1.067372E-12
4375.3  1.070257E-12
4378.2  1.029622E-12
4381.1  9.307628E-13
4384.  9.258137E-13
4386.9  9.988493E-13
4389.8  1.059575E-12
4392.7  1.123516E-12
4395.6  1.158789E-12
4398.5  1.132252E-12
4401.4  1.071640E-12
4404.3  1.041241E-12
4407.2  1.098854E-12
4410.1  1.169740E-12
4413.  1.177323E-12
4415.9  1.192700E-12
4418.8  1.218191E-12
4421.7  1.211253E-12
4424.6  1.207443E-12
4427.5  1.183147E-12
4430.4  1.161582E-12
4433.3  1.164080E-12
4436.2  1.209046E-12
4439.1  1.233414E-12
4442.  1.262936E-12
4444.9  1.314690E-12
4447.8  1.307249E-12
4450.7  1.238564E-12
4453.6  1.164461E-12
4456.5  1.116406E-12
4459.4  1.115282E-12
4462.3  1.181346E-12
4465.2  1.278613E-12
4468.1  1.369776E-12
4471.  1.450565E-12
4473.9  1.457370E-12
4476.8  1.396022E-12
4479.7  1.357522E-12
4482.6  1.384676E-12
4485.5  1.385538E-12
4488.4  1.325732E-12
4491.3  1.288712E-12
4494.2  1.301860E-12
4497.1  1.364514E-12
4500.  1.437388E-12
4502.9  1.495034E-12
4505.8  1.507929E-12
4508.7  1.467594E-12
4511.6  1.406888E-12
4514.5  1.395839E-12
4517.4  1.406113E-12
4520.3  1.378904E-12
4523.2  1.309555E-12
4526.1  1.253369E-12
4529.  1.248341E-12
4531.9  1.278383E-12
4534.8  1.328594E-12
4537.7  1.331091E-12
4540.6  1.310403E-12
4543.5  1.314734E-12
4546.4  1.322124E-12
4549.3  1.330887E-12
4552.2  1.355627E-12
4555.1  1.409558E-12
4558.  1.444449E-12
4560.9  1.433002E-12
4563.8  1.414280E-12
4566.7  1.434709E-12
4569.6  1.479555E-12
4572.5  1.481932E-12
4575.4  1.453445E-12
4578.3  1.400825E-12
4581.2  1.369011E-12
4584.1  1.390906E-12
4587.  1.436474E-12
4589.9  1.437959E-12
4592.8  1.396059E-12
4595.7  1.385911E-12
4598.6  1.397220E-12
4601.5  1.421697E-12
4604.4  1.481716E-12
4607.3  1.560397E-12
4610.2  1.594926E-12
4613.1  1.594731E-12
4616.  1.593802E-12
4618.9  1.583892E-12
4621.8  1.572650E-12
4624.7  1.556189E-12
4627.6  1.542216E-12
4630.5  1.522707E-12
4633.4  1.470181E-12
4636.3  1.438080E-12
4639.2  1.419169E-12
4642.1  1.376453E-12
4645.  1.334340E-12
4647.9  1.358963E-12
4650.8  1.438128E-12
4653.7  1.461938E-12
4656.6  1.488590E-12
4659.5  1.487948E-12
4662.4  1.397515E-12
4665.3  1.311991E-12
4668.2  1.347743E-12
4671.1  1.419543E-12
4674.  1.448029E-12
4676.9  1.441101E-12
4679.8  1.423408E-12
4682.7  1.452084E-12
4685.6  1.475799E-12
4688.5  1.451132E-12
4691.4  1.439712E-12
4694.3  1.439744E-12
4697.2  1.388290E-12
4700.1  1.343063E-12
4703.  1.330844E-12
4705.9  1.333562E-12
4708.8  1.359887E-12
4711.7  1.396808E-12
4714.6  1.463249E-12
4717.5  1.500242E-12
4720.4  1.503088E-12
4723.3  1.484694E-12
4726.2  1.421961E-12
4729.1  1.382380E-12
4732.  1.443321E-12
4734.9  1.489435E-12
4737.8  1.512358E-12
4740.7  1.527428E-12
4743.6  1.527722E-12
4746.5  1.523508E-12
4749.4  1.517338E-12
4752.3  1.487887E-12
4755.2  1.495145E-12
4758.1  1.517866E-12
4761.  1.480728E-12
4763.9  1.427651E-12
4766.8  1.462390E-12
4769.7  1.544880E-12
4772.6  1.614831E-12
4775.5  1.661931E-12
4778.4  1.650289E-12
4781.3  1.599076E-12
4784.2  1.549898E-12
4787.1  1.517923E-12
4790.  1.546975E-12
4792.9  1.597209E-12
4795.8  1.599458E-12
4798.7  1.584441E-12
4801.6  1.604396E-12
4804.5  1.584565E-12
4807.4  1.585958E-12
4810.3  1.614882E-12
4813.2  1.605963E-12
4816.1  1.627143E-12
4819.  1.637812E-12
4821.9  1.586913E-12
4824.8  1.545218E-12
4827.7  1.548454E-12
4830.6  1.553585E-12
4833.5  1.559145E-12
4836.4  1.542585E-12
4839.3  1.511328E-12
4842.2  1.524853E-12
4845.1  1.544957E-12
4848.  1.528648E-12
4850.9  1.507359E-12
4853.8  1.469453E-12
4856.7  1.387000E-12
4859.6  1.322187E-12
4862.5  1.354224E-12
4865.4  1.428159E-12
4868.3  1.421895E-12
4871.2  1.404488E-12
4874.1  1.452331E-12
4877.  1.517121E-12
4879.9  1.541290E-12
4882.8  1.500240E-12
4885.7  1.440892E-12
4888.6  1.437182E-12
4891.5  1.518852E-12
4894.4  1.602428E-12
4897.3  1.618271E-12
4900.2  1.603605E-12
4903.1  1.598655E-12
4906.  1.577245E-12
4908.9  1.532986E-12
4911.8  1.531992E-12
4914.7  1.527032E-12
4917.6  1.443521E-12
4920.5  1.417067E-12
4923.4  1.488662E-12
4926.3  1.576362E-12
4929.2  1.606817E-12
4932.1  1.560874E-12
4935.  1.504761E-12
4937.9  1.508432E-12
4940.8  1.586721E-12
4943.7  1.655424E-12
4946.6  1.676709E-12
4949.5  1.660457E-12
4952.4  1.604954E-12
4955.3  1.554539E-12
4958.2  1.568196E-12
4961.1  1.590671E-12
4964.  1.579893E-12
4966.9  1.591027E-12
4969.8  1.639063E-12
4972.7  1.671059E-12
4975.6  1.628488E-12
4978.5  1.537896E-12
4981.4  1.474917E-12
4984.3  1.487668E-12
4987.2  1.558376E-12
4990.1  1.588863E-12
4993.  1.581293E-12
4995.9  1.561758E-12
4998.8  1.506379E-12
5001.7  1.468482E-12
5004.6  1.455225E-12
5007.5  1.466662E-12
5010.4  1.438687E-12
5013.3  1.424358E-12
5016.2  1.442647E-12
5019.1  1.456267E-12
5022.  1.466736E-12
5024.9  1.500898E-12
5027.8  1.547133E-12
5030.7  1.605218E-12
5033.6  1.593852E-12
5036.5  1.493384E-12
5039.4  1.440850E-12
5042.3  1.510039E-12
5045.2  1.567500E-12
5048.1  1.535256E-12
5051.  1.549687E-12
5053.9  1.619974E-12
5056.8  1.663181E-12
5059.7  1.670968E-12
5062.6  1.617472E-12
5065.5  1.554842E-12
5068.4  1.556167E-12
5071.3  1.559847E-12
5074.2  1.524341E-12
5077.1  1.463468E-12
5080.  1.446092E-12
5082.9  1.506611E-12
5085.8  1.571188E-12
5088.7  1.619239E-12
5091.6  1.634407E-12
5094.5  1.592146E-12
5097.4  1.539290E-12
5100.3  1.531341E-12
5103.2  1.527777E-12
5106.1  1.502610E-12
5109.  1.506990E-12
5111.9  1.560323E-12
5114.8  1.588004E-12
5117.7  1.583288E-12
5120.6  1.518646E-12
5123.5  1.454299E-12
5126.4  1.438306E-12
5129.3  1.472123E-12
5132.2  1.507083E-12
5135.1  1.503590E-12
5138.  1.451056E-12
5140.9  1.425649E-12
5143.8  1.426616E-12
5146.7  1.434164E-12
5149.6  1.451020E-12
5152.5  1.478129E-12
5155.4  1.534167E-12
5158.3  1.547351E-12
5161.2  1.451493E-12
5164.1  1.305712E-12
5167.  1.207445E-12
5169.9  1.220435E-12
5172.8  1.313759E-12
5175.7  1.445838E-12
5178.6  1.418239E-12
5181.5  1.302168E-12
5184.4  1.315492E-12
5187.3  1.439787E-12
5190.2  1.457581E-12
5193.1  1.444847E-12
5196.  1.474394E-12
5198.9  1.508084E-12
5201.8  1.491631E-12
5204.7  1.444251E-12
5207.6  1.442092E-12
5210.5  1.508630E-12
5213.4  1.529301E-12
5216.3  1.530004E-12
5219.2  1.541372E-12
5222.1  1.502209E-12
5225.  1.441481E-12
5227.9  1.492197E-12
5230.8  1.564213E-12
5233.7  1.594124E-12
5236.6  1.649103E-12
5239.5  1.691537E-12
5242.4  1.672932E-12
5245.3  1.611932E-12
5248.2  1.542210E-12
5251.1  1.532486E-12
5254.  1.586520E-12
5256.9  1.621976E-12
5259.8  1.547074E-12
5262.7  1.400048E-12
5265.6  1.321018E-12
5268.5  1.329401E-12
5271.4  1.412092E-12
5274.3  1.523003E-12
5277.2  1.596382E-12
5280.1  1.609804E-12
5283.  1.624202E-12
5285.9  1.691797E-12
5288.8  1.709495E-12
5291.7  1.662260E-12
5294.6  1.597866E-12
5297.5  1.567412E-12
5300.4  1.612046E-12
5303.3  1.690553E-12
5306.2  1.753147E-12
5309.1  1.783661E-12
5312.  1.785155E-12
5314.9  1.744134E-12
5317.8  1.686091E-12
5320.7  1.631163E-12
5323.6  1.550940E-12
5326.5  1.481774E-12
5329.4  1.523621E-12
5332.3  1.610855E-12
5335.2  1.646088E-12
5338.1  1.629796E-12
5341.  1.612181E-12
5343.9  1.641205E-12
5346.8  1.642961E-12
5349.7  1.669210E-12
5352.6  1.740036E-12
5355.5  1.788468E-12
5358.4  1.788848E-12
5361.3  1.743002E-12
5364.2  1.694052E-12
5367.1  1.654558E-12
5370.  1.645347E-12
5372.9  1.708670E-12
5375.8  1.748434E-12
5378.7  1.734379E-12
5381.6  1.721249E-12
5384.5  1.711127E-12
5387.4  1.658821E-12
5390.3  1.629197E-12
5393.2  1.599803E-12
5396.1  1.572107E-12
5399.  1.593957E-12
5401.9  1.595033E-12
5404.8  1.540556E-12
5407.7  1.560487E-12
5410.6  1.634450E-12
5413.5  1.698430E-12
5416.4  1.711035E-12
5419.3  1.676132E-12
5422.2  1.649408E-12
5425.1  1.667337E-12
5428.  1.644659E-12
5430.9  1.595728E-12
5433.8  1.596140E-12
5436.7  1.677909E-12
5439.6  1.745321E-12
5442.5  1.735253E-12
5445.4  1.692607E-12
5448.3  1.709428E-12
5451.2  1.710970E-12
5454.1  1.695071E-12
5457.  1.754162E-12
5459.9  1.757258E-12
5462.8  1.723821E-12
5465.7  1.720220E-12
5468.6  1.712521E-12
5471.5  1.658306E-12
5474.4  1.610650E-12
5477.3  1.594591E-12
5480.2  1.606952E-12
5483.1  1.651099E-12
5486.  1.676026E-12
5488.9  1.677529E-12
5491.8  1.683477E-12
5494.7  1.694709E-12
5497.6  1.694585E-12
5500.5  1.677933E-12
5503.4  1.667395E-12
5506.3  1.674220E-12
5509.2  1.673442E-12
5512.1  1.658463E-12
5515.  1.667689E-12
5517.9  1.717303E-12
5520.8  1.742880E-12
5523.7  1.717212E-12
5526.6  1.672605E-12
5529.5  1.664519E-12
5532.4  1.669710E-12
5535.3  1.690679E-12
5538.2  1.715964E-12
5541.1  1.716385E-12
5544.  1.711085E-12
5546.9  1.745854E-12
5549.8  1.773461E-12
5552.7  1.752316E-12
5555.6  1.739967E-12
5558.5  1.736889E-12
5561.4  1.709430E-12
5564.3  1.712426E-12
5567.2  1.717777E-12
5570.1  1.721121E-12
5573.  1.726558E-12
5575.9  1.733015E-12
5578.8  1.727379E-12
5581.7  1.704853E-12
5584.6  1.634300E-12
5587.5  1.566924E-12
5590.4  1.576590E-12
5593.3  1.615240E-12
5596.2  1.634745E-12
5599.1  1.632174E-12
5602.  1.662651E-12
5604.9  1.733290E-12
5607.8  1.776681E-12
5610.7  1.753486E-12
5613.6  1.689724E-12
5616.5  1.641913E-12
5619.4  1.651144E-12
5622.3  1.660774E-12
5625.2  1.690360E-12
5628.1  1.750652E-12
5631.  1.785379E-12
5633.9  1.761181E-12
5636.8  1.704516E-12
5639.7  1.674748E-12
5642.6  1.670568E-12
5645.5  1.693655E-12
5648.4  1.705498E-12
5651.3  1.691432E-12
5654.2  1.660566E-12
5657.1  1.616197E-12
5660.  1.620256E-12
5662.9  1.657690E-12
5665.8  1.682414E-12
5668.7  1.708768E-12
5671.6  1.748017E-12
5674.5  1.789725E-12
5677.4  1.794238E-12
5680.3  1.743706E-12
5683.2  1.703569E-12
5686.1  1.689727E-12
5689.  1.714899E-12
5691.9  1.752654E-12
5694.8  1.748479E-12
5697.7  1.695440E-12
5700.6  1.652766E-12
5703.5  1.630668E-12
5706.4  1.586437E-12
5709.3  1.566941E-12
5712.2  1.635653E-12
5715.1  1.727833E-12
5718.  1.772370E-12
5720.9  1.791788E-12
5723.8  1.800756E-12
5726.7  1.766786E-12
5729.6  1.761909E-12
5732.5  1.786925E-12
5735.4  1.808121E-12
5738.3  1.780160E-12
5741.2  1.771466E-12
5744.1  1.761841E-12
5747.  1.739254E-12
5749.9  1.703758E-12
5752.8  1.689611E-12
5755.7  1.710160E-12
5758.6  1.721862E-12
5761.5  1.726857E-12
5764.4  1.781754E-12
5767.3  1.828342E-12
5770.2  1.811665E-12
5773.1  1.778239E-12
5776.  1.750468E-12
5778.9  1.695433E-12
5781.8  1.643361E-12
5784.7  1.668562E-12
5787.6  1.723161E-12
5790.5  1.742885E-12
5793.4  1.763755E-12
5796.3  1.776488E-12
5799.2  1.783636E-12
5802.1  1.783638E-12
5805.  1.773111E-12
5807.9  1.767515E-12
5810.8  1.769057E-12
5813.7  1.771666E-12
5816.6  1.783190E-12
5819.5  1.799978E-12
5822.4  1.815118E-12
5825.3  1.825692E-12
5828.2  1.820719E-12
5831.1  1.810141E-12
5834.  1.803827E-12
5836.9  1.808497E-12
5839.8  1.813994E-12
5842.7  1.807631E-12
5845.6  1.784049E-12
5848.5  1.756294E-12
5851.4  1.731954E-12
5854.3  1.714887E-12
5857.2  1.709987E-12
5860.1  1.716856E-12
5863.  1.727028E-12
5865.9  1.744850E-12
5868.8  1.771775E-12
5871.7  1.798392E-12
5874.6  1.814680E-12
5877.5  1.796780E-12
5880.4  1.750017E-12
5883.3  1.694085E-12
5886.2  1.615802E-12
5889.1  1.553141E-12
5892.  1.542547E-12
5894.9  1.574275E-12
5897.8  1.629976E-12
5900.7  1.684844E-12
5903.6  1.708032E-12
5906.5  1.704713E-12
5909.4  1.710006E-12
5912.3  1.726297E-12
5915.2  1.735358E-12
5918.1  1.740167E-12
5921.  1.741976E-12
5923.9  1.747244E-12
5926.8  1.753955E-12
5929.7  1.763586E-12
5932.6  1.778110E-12
5935.5  1.789765E-12
5938.4  1.789232E-12
5941.3  1.782182E-12
5944.2  1.776939E-12
5947.1  1.771261E-12
5950.  1.769877E-12
5952.9  1.773003E-12
5955.8  1.771604E-12
5958.7  1.773143E-12
5961.6  1.773702E-12
5964.5  1.780847E-12
5967.4  1.792801E-12
5970.3  1.793258E-12
5973.2  1.780565E-12
5976.1  1.773565E-12
5979.  1.768026E-12
5981.9  1.751975E-12
5984.8  1.746409E-12
5987.7  1.755624E-12
5990.6  1.763288E-12
5993.5  1.765203E-12
5996.4  1.760948E-12
5999.3  1.757823E-12
6002.2  1.745117E-12
6005.1  1.730389E-12
6008.  1.727659E-12
6010.9  1.724626E-12
6013.8  1.724819E-12
6016.7  1.724598E-12
6019.6  1.723678E-12
6022.5  1.738976E-12
6025.4  1.762308E-12
6028.3  1.780541E-12
6031.2  1.779838E-12
6034.1  1.770169E-12
6037.  1.775375E-12
6039.9  1.786073E-12
6042.8  1.797121E-12
6045.7  1.794212E-12
6048.6  1.779729E-12
6051.5  1.772774E-12
6054.4  1.763505E-12
6057.3  1.764037E-12
6060.2  1.761740E-12
6063.1  1.764278E-12
6066.  1.783111E-12
6068.9  1.805855E-12
6071.8  1.794645E-12
6074.7  1.766221E-12
6077.6  1.748415E-12
6080.5  1.741944E-12
6083.4  1.728146E-12
6086.3  1.717421E-12
6089.2  1.707627E-12
6092.1  1.704595E-12
6095.  1.698311E-12
6097.9  1.696889E-12
6100.8  1.705286E-12
6103.7  1.719612E-12
6106.6  1.719784E-12
6109.5  1.720265E-12
6112.4  1.716254E-12
6115.3  1.712467E-12
6118.2  1.703075E-12
6121.1  1.695868E-12
6124.  1.697849E-12
6126.9  1.697321E-12
6129.8  1.688512E-12
6132.7  1.647918E-12
6135.6  1.639125E-12
6138.5  1.674634E-12
6141.4  1.697012E-12
6144.3  1.704268E-12
6147.2  1.700519E-12
6150.1  1.693979E-12
6153.  1.679515E-12
6155.9  1.651801E-12
6158.8  1.623843E-12
6161.7  1.626662E-12
6164.6  1.634226E-12
6167.5  1.640518E-12
6170.4  1.663264E-12
6173.3  1.682333E-12
6176.2  1.702172E-12
6179.1  1.707261E-12
6182.  1.701849E-12
6184.9  1.688218E-12
6187.8  1.688398E-12
6190.7  1.704074E-12
6193.6  1.705400E-12
6196.5  1.698431E-12
6199.4  1.707439E-12
6202.3  1.712171E-12
6205.2  1.697620E-12
6208.1  1.675349E-12
6211.  1.657782E-12
6213.9  1.649181E-12
6216.8  1.654963E-12
6219.7  1.670047E-12
6222.6  1.670255E-12
6225.5  1.650059E-12
6228.4  1.637220E-12
6231.3  1.646279E-12
6234.2  1.647001E-12
6237.1  1.628268E-12
6240.  1.614502E-12
6242.9  1.624740E-12
6245.8  1.637115E-12
6248.7  1.627008E-12
6251.6  1.618704E-12
6254.5  1.625091E-12
6257.4  1.651905E-12
6260.3  1.673191E-12
6263.2  1.674842E-12
6266.1  1.692111E-12
6269.  1.709866E-12
6271.9  1.709777E-12
6274.8  1.697194E-12
6277.7  1.676558E-12
6280.6  1.673399E-12
6283.5  1.688933E-12
6286.4  1.696494E-12
6289.3  1.692308E-12
6292.2  1.676876E-12
6295.1  1.652390E-12
6298.  1.632290E-12
6300.9  1.634636E-12
6303.8  1.662185E-12
6306.7  1.680099E-12
6309.6  1.667874E-12
6312.5  1.646171E-12
6315.4  1.644594E-12
6318.3  1.659845E-12
6321.2  1.671707E-12
6324.1  1.676282E-12
6327.  1.682035E-12
6329.9  1.679225E-12
6332.8  1.654337E-12
6335.7  1.644203E-12
6338.6  1.653888E-12
6341.5  1.657898E-12
6344.4  1.676435E-12
6347.3  1.685358E-12
6350.2  1.671218E-12
6353.1  1.649594E-12
6356.  1.631202E-12
6358.9  1.616004E-12
6361.8  1.623133E-12
6364.7  1.643383E-12
6367.6  1.667105E-12
6370.5  1.697188E-12
6373.4  1.713490E-12
6376.3  1.700850E-12
6379.2  1.693127E-12
6382.1  1.691696E-12
6385.  1.688521E-12
6387.9  1.678571E-12
6390.8  1.661578E-12
6393.7  1.660054E-12
6396.6  1.658383E-12
6399.5  1.662861E-12
6402.4  1.672427E-12
6405.3  1.660664E-12
6408.2  1.638485E-12
6411.1  1.632872E-12
6414.  1.650744E-12
6416.9  1.657946E-12
6419.8  1.648254E-12
6422.7  1.655674E-12
6425.6  1.669972E-12
6428.5  1.663940E-12
6431.4  1.665769E-12
6434.3  1.686718E-12
6437.2  1.684912E-12
6440.1  1.676583E-12
6443.  1.679282E-12
6445.9  1.665238E-12
6448.8  1.631218E-12
6451.7  1.610411E-12
6454.6  1.627118E-12
6457.5  1.647953E-12
6460.4  1.665962E-12
6463.3  1.672414E-12
6466.2  1.687935E-12
6469.1  1.701385E-12
6472.  1.698262E-12
6474.9  1.696460E-12
6477.8  1.704060E-12
6480.7  1.707177E-12
6483.6  1.674650E-12
6486.5  1.657045E-12
6489.4  1.635888E-12
6492.3  1.612648E-12
6495.2  1.594428E-12
6498.1  1.596340E-12
6501.  1.619031E-12
6503.9  1.649811E-12
6506.8  1.676895E-12
6509.7  1.690133E-12
6512.6  1.690906E-12
6515.5  1.685871E-12
6518.4  1.680870E-12
6521.3  1.680190E-12
6524.2  1.681357E-12
6527.1  1.681584E-12
6530.  1.680649E-12
6532.9  1.678810E-12
6535.8  1.677313E-12
6538.7  1.675726E-12
6541.6  1.671877E-12
6544.5  1.663614E-12
6547.4  1.649045E-12
6550.3  1.629046E-12
6553.2  1.606066E-12
6556.1  1.579007E-12
6559.  1.548780E-12
6561.9  1.528416E-12
6564.8  1.528653E-12
6567.7  1.550893E-12
6570.6  1.587609E-12
6573.5  1.616976E-12
6576.4  1.631115E-12
6579.3  1.640323E-12
6582.2  1.647266E-12
6585.1  1.649718E-12
6588.  1.647959E-12
6590.9  1.643238E-12
6593.8  1.640633E-12
6596.7  1.644742E-12
6599.6  1.652272E-12
6602.5  1.659102E-12
6605.4  1.663328E-12
6608.3  1.665404E-12
6611.2  1.670691E-12
6614.1  1.680208E-12
6617.  1.689085E-12
6619.9  1.692985E-12
6622.8  1.688311E-12
6625.7  1.677465E-12
6628.6  1.666138E-12
6631.5  1.657953E-12
6634.4  1.655115E-12
6637.3  1.656415E-12
6640.2  1.659733E-12
6643.1  1.663589E-12
6646.  1.667204E-12
6648.9  1.671924E-12
6651.8  1.676952E-12
6654.7  1.678186E-12
6657.6  1.674446E-12
6660.5  1.667200E-12
6663.4  1.660402E-12
6666.3  1.659028E-12
6669.2  1.662686E-12
6672.1  1.668682E-12
6675.  1.673917E-12
6677.9  1.676191E-12
6680.8  1.678533E-12
6683.7  1.682600E-12
6686.6  1.684498E-12
6689.5  1.681560E-12
6692.4  1.673481E-12
6695.3  1.662200E-12
6698.2  1.651724E-12
6701.1  1.645580E-12
6704.  1.646437E-12
6706.9  1.649763E-12
6709.8  1.648787E-12
6712.7  1.644017E-12
6715.6  1.638216E-12
6718.5  1.635051E-12
6721.4  1.636859E-12
6724.3  1.641374E-12
6727.2  1.646028E-12
6730.1  1.648993E-12
6733.  1.648636E-12
6735.9  1.643758E-12
6738.8  1.636164E-12
6741.7  1.629770E-12
6744.6  1.626579E-12
6747.5  1.627340E-12
6750.4  1.632353E-12
6753.3  1.640916E-12
6756.2  1.649774E-12
6759.1  1.655745E-12
6762.  1.657193E-12
6764.9  1.654533E-12
6767.8  1.651569E-12
6770.7  1.650997E-12
6773.6  1.653807E-12
6776.5  1.657793E-12
6779.4  1.658119E-12
6782.3  1.655839E-12
6785.2  1.654853E-12
6788.1  1.655814E-12
6791.  1.658015E-12
6793.9  1.658471E-12
6796.8  1.654868E-12
6799.7  1.649045E-12
6802.6  1.643450E-12
6805.5  1.640562E-12
6808.4  1.641201E-12
6811.3  1.643362E-12
6814.2  1.646630E-12
6817.1  1.652226E-12
6820.  1.657586E-12
6822.9  1.658369E-12
6825.8  1.655504E-12
6828.7  1.651613E-12
6831.6  1.645738E-12
6834.5  1.637034E-12
6837.4  1.626986E-12
6840.3  1.618197E-12
6843.2  1.615912E-12
6846.1  1.620759E-12
6849.  1.625481E-12
6851.9  1.627293E-12
6854.8  1.627878E-12
6857.7  1.631067E-12
6860.6  1.642026E-12
6863.5  1.649780E-12
6866.4  1.639725E-12
6869.3  1.620639E-12
6872.2  1.606497E-12
6875.1  1.607024E-12
6878.  1.624850E-12
6880.9  1.644710E-12
6883.8  1.654713E-12
6886.7  1.653203E-12
6889.6  1.643194E-12
6892.5  1.632942E-12
6895.4  1.628020E-12
6898.3  1.631187E-12
6901.2  1.638227E-12
6904.1  1.641910E-12
6907.  1.642352E-12
6909.9  1.641638E-12
6912.8  1.639378E-12
6915.7  1.635637E-12
6918.6  1.632800E-12
6921.5  1.631431E-12
6924.4  1.627866E-12
6927.3  1.621065E-12
6930.2  1.613664E-12
6933.1  1.607012E-12
6936.  1.601577E-12
6938.9  1.596013E-12
6941.8  1.588303E-12
6944.7  1.581619E-12
6947.6  1.580020E-12
6950.5  1.582645E-12
6953.4  1.587591E-12
6956.3  1.593617E-12
6959.2  1.599211E-12
6962.1  1.602594E-12
6965.  1.602633E-12
6967.9  1.599517E-12
6970.8  1.592152E-12
6973.7  1.578067E-12
6976.6  1.563821E-12
6979.5  1.560196E-12
6982.4  1.566266E-12
6985.3  1.576391E-12
6988.2  1.586312E-12
6991.1  1.592328E-12
6994.  1.592993E-12
6996.9  1.588215E-12
6999.8  1.578948E-12
7002.7  1.568244E-12
7005.6  1.562177E-12
7008.5  1.561267E-12
7011.4  1.560057E-12
7014.3  1.557190E-12
7017.2  1.554039E-12
7020.1  1.551659E-12
7023.  1.551120E-12
7025.9  1.554626E-12
7028.8  1.563268E-12
7031.7  1.571604E-12
7034.6  1.575980E-12
7037.5  1.581697E-12
7040.4  1.590694E-12
7043.3  1.597242E-12
7046.2  1.599381E-12
7049.1  1.599763E-12
7052.  1.598603E-12
7054.9  1.594629E-12
7057.8  1.588818E-12
7060.7  1.583006E-12
7063.6  1.577899E-12
7066.5  1.573789E-12
7069.4  1.570526E-12
7072.3  1.568017E-12
7075.2  1.567843E-12
7078.1  1.568982E-12
7081.  1.564209E-12
7083.9  1.553544E-12
7086.8  1.546891E-12
7089.7  1.546798E-12
7092.6  1.549695E-12
7095.5  1.552807E-12
7098.4  1.553664E-12
7101.3  1.552256E-12
7104.2  1.549537E-12
7107.1  1.544731E-12
7110.  1.537853E-12
7112.9  1.533005E-12
7115.8  1.532038E-12
7118.7  1.530358E-12
7121.6  1.526454E-12
7124.5  1.523910E-12
7127.4  1.524013E-12
7130.3  1.525938E-12
7133.2  1.528844E-12
7136.1  1.531737E-12
7139.  1.532816E-12
7141.9  1.530590E-12
7144.8  1.525639E-12
7147.7  1.519819E-12
7150.6  1.518223E-12
7153.5  1.523209E-12
7156.4  1.529169E-12
7159.3  1.532161E-12
7162.2  1.531973E-12
7165.1  1.530006E-12
7168.  1.529616E-12
7170.9  1.529499E-12
7173.8  1.525373E-12
7176.7  1.517703E-12
7179.6  1.508853E-12
7182.5  1.496874E-12
7185.4  1.480982E-12
7188.3  1.471005E-12
7191.2  1.473503E-12
7194.1  1.481932E-12
7197.  1.489450E-12
7199.9  1.490797E-12
7202.8  1.486274E-12
7205.7  1.482814E-12
7208.6  1.484741E-12
7211.5  1.494189E-12
7214.4  1.504189E-12
7217.3  1.504752E-12
7220.2  1.500371E-12
7223.1  1.498918E-12
7226.  1.503279E-12
7228.9  1.513134E-12
7231.8  1.519496E-12
7234.7  1.518416E-12
7237.6  1.519234E-12
7240.5  1.524615E-12
7243.4  1.527505E-12
7246.3  1.527017E-12
7249.2  1.527215E-12
7252.1  1.526077E-12
7255.  1.519322E-12
7257.9  1.512083E-12
7260.8  1.511007E-12
7263.7  1.513597E-12
7266.6  1.515965E-12
7269.5  1.517180E-12
7272.4  1.515594E-12
7275.3  1.506378E-12
7278.2  1.492237E-12
7281.1  1.487963E-12
7284.  1.491651E-12
7286.9  1.485697E-12
7289.8  1.473470E-12
7292.7  1.469254E-12
7295.6  1.475067E-12
7298.5  1.487688E-12
7301.4  1.496366E-12
7304.3  1.492517E-12
7307.2  1.485231E-12
7310.1  1.482751E-12
7313.  1.483814E-12
7315.9  1.487186E-12
7318.8  1.492310E-12
7321.7  1.497680E-12
7324.6  1.501297E-12
7327.5  1.502932E-12
7330.4  1.503482E-12
7333.3  1.505464E-12
7336.2  1.511212E-12
7339.1  1.516592E-12
7342.  1.516619E-12
7344.9  1.509524E-12
7347.8  1.496496E-12
7350.7  1.485499E-12
7353.6  1.480874E-12
7356.5  1.478391E-12
7359.4  1.477189E-12
7362.3  1.480698E-12
7365.2  1.487834E-12
7368.1  1.494420E-12
7371.  1.499859E-12
7373.9  1.504922E-12
7376.8  1.506265E-12
7379.7  1.500763E-12
7382.6  1.490298E-12
7385.5  1.478568E-12
7388.4  1.471938E-12
7391.3  1.473157E-12
7394.2  1.476796E-12
7397.1  1.479753E-12
7400.  1.482848E-12
7402.9  1.484951E-12
7405.8  1.484012E-12
7408.7  1.478072E-12
7411.6  1.465959E-12
7414.5  1.454262E-12
7417.4  1.450820E-12
7420.3  1.456002E-12
7423.2  1.467381E-12
7426.1  1.479468E-12
7429.  1.487985E-12
7431.9  1.493019E-12
7434.8  1.495605E-12
7437.7  1.498082E-12
7440.6  1.499456E-12
7443.5  1.495248E-12
7446.4  1.489281E-12
7449.3  1.489497E-12
7452.2  1.493217E-12
7455.1  1.494558E-12
7458.  1.492729E-12
7460.9  1.488726E-12
7463.8  1.486818E-12
7466.7  1.489390E-12
7469.6  1.492440E-12
7472.5  1.493138E-12
7475.4  1.491207E-12
7478.3  1.488039E-12
7481.2  1.486970E-12
7484.1  1.487144E-12
7487.  1.485169E-12
7489.9  1.480549E-12
7492.8  1.474293E-12
7495.7  1.470756E-12
7498.6  1.473629E-12
7501.5  1.479859E-12
7504.4  1.485455E-12
7507.3  1.486690E-12
7510.2  1.483653E-12
7513.1  1.483900E-12
7516.  1.488973E-12
7518.9  1.493087E-12
7521.8  1.493441E-12
7524.7  1.489272E-12
7527.6  1.485942E-12
7530.5  1.490694E-12
7533.4  1.499235E-12
7536.3  1.504749E-12
7539.2  1.506564E-12
7542.1  1.505207E-12
7545.  1.501780E-12
7547.9  1.497256E-12
7550.8  1.491516E-12
7553.7  1.485095E-12
7556.6  1.479041E-12
7559.5  1.475916E-12
7562.4  1.479388E-12
7565.3  1.486234E-12
7568.2  1.490053E-12
7571.1  1.491275E-12
7574.  1.492332E-12
7576.9  1.493266E-12
7579.8  1.493921E-12
7582.7  1.494416E-12
7585.6  1.494828E-12
7588.5  1.495222E-12
7591.4  1.495629E-12
7594.3  1.496039E-12
7597.2  1.496446E-12
7600.1  1.496854E-12
7603.  1.497261E-12
7605.9  1.497668E-12
7608.8  1.498076E-12
7611.7  1.498483E-12
7614.6  1.498890E-12
7617.5  1.499297E-12
7620.4  1.499705E-12
7623.3  1.500112E-12
7626.2  1.500636E-12
7629.1  1.501108E-12
7632.  1.500164E-12
7634.9  1.500545E-12
7637.8  1.509544E-12
7640.7  1.521174E-12
7643.6  1.521615E-12
7646.5  1.510308E-12
7649.4  1.492577E-12
7652.3  1.473215E-12
7655.2  1.456651E-12
7658.1  1.442685E-12
7661.  1.431993E-12
7663.9  1.430889E-12
7666.8  1.441809E-12
7669.7  1.460482E-12
7672.6  1.480195E-12
7675.5  1.491960E-12
7678.4  1.494188E-12
7681.3  1.491232E-12
7684.2  1.486034E-12
7687.1  1.480918E-12
7690.  1.476055E-12
7692.9  1.471009E-12
7695.8  1.467216E-12
7698.7  1.465611E-12
7701.6  1.465513E-12
7704.5  1.465034E-12
7707.4  1.460014E-12
7710.3  1.450359E-12
7713.2  1.441279E-12
7716.1  1.436495E-12
7719.  1.438300E-12
7721.9  1.444310E-12
7724.8  1.449696E-12
7727.7  1.455623E-12
7730.6  1.464266E-12
7733.5  1.472098E-12
7736.4  1.475274E-12
7739.3  1.471856E-12
7742.2  1.462488E-12
7745.1  1.452349E-12
7748.  1.446516E-12
7750.9  1.449224E-12
7753.8  1.459265E-12
7756.7  1.470316E-12
7759.6  1.478649E-12
7762.5  1.482492E-12
7765.4  1.482253E-12
7768.3  1.479652E-12
7771.2  1.477137E-12
7774.1  1.476621E-12
7777.  1.477311E-12
7779.9  1.477705E-12
7782.8  1.475648E-12
7785.7  1.470778E-12
7788.6  1.465948E-12
7791.5  1.462390E-12
7794.4  1.459473E-12
7797.3  1.457446E-12
7800.2  1.456912E-12
7803.1  1.458235E-12
7806.  1.461505E-12
7808.9  1.464865E-12
7811.8  1.466662E-12
7814.7  1.469332E-12
7817.6  1.474203E-12
7820.5  1.477839E-12
7823.4  1.477321E-12
7826.3  1.471127E-12
7829.2  1.460803E-12
7832.1  1.451310E-12
7835.  1.445874E-12
7837.9  1.445996E-12
7840.8  1.449648E-12
7843.7  1.453124E-12
7846.6  1.453597E-12
7849.5  1.449684E-12
7852.4  1.446257E-12
7855.3  1.447095E-12
7858.2  1.448146E-12
7861.1  1.446328E-12
7864.  1.442205E-12
7866.9  1.436374E-12
7869.8  1.429408E-12
7872.7  1.422742E-12
7875.6  1.418235E-12
7878.5  1.416071E-12
7881.4  1.415370E-12
7884.3  1.414096E-12
7887.2  1.410255E-12
7890.1  1.404036E-12
7893.  1.396569E-12
7895.9  1.390092E-12
7898.8  1.386245E-12
7901.7  1.385292E-12
7904.6  1.385213E-12
7907.5  1.380679E-12
7910.4  1.371947E-12
7913.3  1.364361E-12
7916.2  1.360920E-12
7919.1  1.362916E-12
7922.  1.365836E-12
7924.9  1.363828E-12
7927.8  1.358750E-12
7930.7  1.353715E-12
7933.6  1.348934E-12
7936.5  1.344334E-12
7939.4  1.339005E-12
7942.3  1.334309E-12
7945.2  1.335679E-12
7948.1  1.343657E-12
7951.  1.353676E-12
7953.9  1.362444E-12
7956.8  1.367707E-12
7959.7  1.370167E-12
7962.6  1.371923E-12
7965.5  1.374597E-12
7968.4  1.378954E-12
7971.3  1.382218E-12
7974.2  1.382163E-12
7977.1  1.380050E-12
7980.  1.377056E-12
7982.9  1.373598E-12
7985.8  1.370162E-12
7988.7  1.367276E-12
7991.6  1.364670E-12
7994.5  1.361513E-12
7997.4  1.359725E-12
8000.3  1.362034E-12
8003.2  1.367701E-12
8006.1  1.374753E-12
8009.  1.380992E-12
8011.9  1.384583E-12
8014.8  1.385398E-12
8017.7  1.383402E-12
8020.6  1.377531E-12
8023.5  1.370202E-12
8026.4  1.368166E-12
8029.3  1.372516E-12
8032.2  1.379648E-12
8035.1  1.384558E-12
8038.  1.382191E-12
8040.9  1.373681E-12
8043.8  1.362883E-12
8046.7  1.354702E-12
8049.6  1.353044E-12
8052.5  1.357872E-12
8055.4  1.366652E-12
8058.3  1.373382E-12
8061.2  1.373900E-12
8064.1  1.367249E-12
8067.  1.356209E-12
8069.9  1.346870E-12
8072.8  1.340825E-12
8075.7  1.336784E-12
8078.6  1.332042E-12
8081.5  1.323944E-12
8084.4  1.315456E-12
8087.3  1.309969E-12
8090.2  1.306413E-12
8093.1  1.303936E-12
8096.  1.303751E-12
8098.9  1.306262E-12
8101.8  1.310801E-12
8104.7  1.315528E-12
8107.6  1.317448E-12
8110.5  1.317012E-12
8113.4  1.316923E-12
8116.3  1.318442E-12
8119.2  1.321969E-12
8122.1  1.326712E-12
8125.  1.331220E-12
8127.9  1.332750E-12
8130.8  1.330033E-12
8133.7  1.326095E-12
8136.6  1.324003E-12
8139.5  1.326275E-12
8142.4  1.331968E-12
8145.3  1.335862E-12
8148.2  1.337383E-12
8151.1  1.339321E-12
8154.  1.341654E-12
8156.9  1.343299E-12
8159.8  1.341257E-12
8162.7  1.333628E-12
8165.6  1.328206E-12
8168.5  1.330919E-12
8171.4  1.336903E-12
8174.3  1.339930E-12
8177.2  1.332542E-12
8180.1  1.316229E-12
8183.  1.304830E-12
8185.9  1.301381E-12
8188.8  1.299966E-12
8191.7  1.297452E-12
8194.6  1.292162E-12
8197.5  1.289209E-12
8200.4  1.294501E-12
8203.3  1.304004E-12
8206.2  1.312438E-12
8209.1  1.317725E-12
8212.  1.319544E-12
8214.9  1.320840E-12
8217.8  1.323699E-12
8220.7  1.329392E-12
8223.6  1.332309E-12
8226.5  1.320115E-12
8229.4  1.303659E-12
8232.3  1.305454E-12
8235.2  1.321479E-12
8238.1  1.338334E-12
8241.  1.347493E-12
8243.9  1.344458E-12
8246.8  1.339022E-12
8249.7  1.338451E-12
8252.6  1.335983E-12
8255.5  1.329631E-12
8258.4  1.326242E-12
8261.3  1.328537E-12
8264.2  1.335519E-12
8267.1  1.340793E-12
8270.  1.335126E-12
8272.9  1.322653E-12
8275.8  1.312647E-12
8278.7  1.310552E-12
8281.6  1.318084E-12
8284.5  1.323629E-12
8287.4  1.318736E-12
8290.3  1.311100E-12
8293.2  1.307004E-12
8296.1  1.308236E-12
8299.  1.311661E-12
8301.9  1.307723E-12
8304.8  1.298006E-12
8307.7  1.292021E-12
8310.6  1.291429E-12
8313.5  1.294124E-12
8316.4  1.293549E-12
8319.3  1.284134E-12
8322.2  1.275373E-12
8325.1  1.274777E-12
8328.  1.273441E-12
8330.9  1.266230E-12
8333.8  1.258404E-12
8336.7  1.254627E-12
8339.6  1.258958E-12
8342.5  1.268219E-12
8345.4  1.273077E-12
8348.3  1.273830E-12
8351.2  1.275586E-12
8354.1  1.277012E-12
8357.  1.275678E-12
8359.9  1.273964E-12
8362.8  1.274302E-12
8365.7  1.276680E-12
8368.6  1.279749E-12
8371.5  1.279632E-12
8374.4  1.275088E-12
8377.3  1.269367E-12
8380.2  1.263240E-12
8383.1  1.255016E-12
8386.  1.248132E-12
8388.9  1.248205E-12
8391.8  1.254915E-12
8394.7  1.265252E-12
8397.6  1.273959E-12
8400.5  1.276838E-12
8403.4  1.276878E-12
8406.3  1.276786E-12
8409.2  1.275339E-12
8412.1  1.271855E-12
8415.  1.266466E-12
8417.9  1.260510E-12
8420.8  1.256472E-12
8423.7  1.255431E-12
8426.6  1.257400E-12
8429.5  1.258692E-12
8432.4  1.254977E-12
8435.3  1.248786E-12
8438.2  1.244310E-12
8441.1  1.244858E-12
8444.  1.251441E-12
8446.9  1.258898E-12
8449.8  1.263548E-12
8452.7  1.265947E-12
8455.6  1.266356E-12
8458.5  1.264816E-12
8461.4  1.261541E-12
8464.3  1.256780E-12
8467.2  1.252692E-12
8470.1  1.251865E-12
8473.  1.254748E-12
8475.9  1.260328E-12
8478.8  1.264504E-12
8481.7  1.263627E-12
8484.6  1.257898E-12
8487.5  1.247634E-12
8490.4  1.232541E-12
8493.3  1.212986E-12
8496.2  1.188812E-12
8499.1  1.169819E-12
8502.  1.172819E-12
8504.9  1.194929E-12
8507.8  1.222735E-12
8510.7  1.243423E-12
8513.6  1.247378E-12
8516.5  1.244889E-12
8519.4  1.246734E-12
8522.3  1.248145E-12
8525.2  1.242802E-12
8528.1  1.224795E-12
8531.  1.191355E-12
8533.9  1.145205E-12
8536.8  1.092359E-12
8539.7  1.040667E-12
8542.6  1.009682E-12
8545.5  1.021910E-12
8548.4  1.071365E-12
8551.3  1.139057E-12
8554.2  1.200325E-12
8557.1  1.235650E-12
8560.  1.252993E-12
8562.9  1.262748E-12
8565.8  1.267614E-12
8568.7  1.269590E-12
8571.6  1.268500E-12
8574.5  1.264305E-12
8577.4  1.257409E-12
8580.3  1.249597E-12
8583.2  1.243464E-12
8586.1  1.241165E-12
8589.  1.243995E-12
8591.9  1.249597E-12
8594.8  1.254834E-12
8597.7  1.258825E-12
8600.6  1.260853E-12
8603.5  1.259463E-12
8606.4  1.254655E-12
8609.3  1.248427E-12
8612.2  1.244121E-12
8615.1  1.246349E-12
8618.  1.254829E-12
8620.9  1.265549E-12
8623.8  1.275094E-12
8626.7  1.280681E-12
8629.6  1.282768E-12
8632.5  1.282847E-12
8635.4  1.281991E-12
8638.3  1.280085E-12
8641.2  1.273154E-12
8644.1  1.258777E-12
8647.  1.238694E-12
8649.9  1.213974E-12
8652.8  1.185314E-12
8655.7  1.151513E-12
8658.6  1.109678E-12
8661.5  1.074879E-12
8664.4  1.068756E-12
8667.3  1.091820E-12
8670.2  1.134679E-12
8673.1  1.177140E-12
8676.  1.202333E-12
8678.9  1.216229E-12
8681.8  1.225666E-12
8684.7  1.230742E-12
8687.6  1.233639E-12
8690.5  1.238809E-12
8693.4  1.246304E-12
8696.3  1.252191E-12
8699.2  1.255714E-12
8702.1  1.257906E-12
8705.  1.259714E-12
8707.9  1.261916E-12
8710.8  1.262378E-12
8713.7  1.259475E-12
8716.6  1.257088E-12
8719.5  1.257467E-12
8722.4  1.256828E-12
8725.3  1.252840E-12
8728.2  1.246018E-12
8731.1  1.238289E-12
8734.  1.233144E-12
8736.9  1.231184E-12
8739.8  1.231006E-12
8742.7  1.232937E-12
8745.6  1.237683E-12
8748.5  1.245650E-12
8751.4  1.256336E-12
8754.3  1.266177E-12
8757.2  1.271689E-12
8760.1  1.270395E-12
8763.  1.263398E-12
8765.9  1.258158E-12
8768.8  1.257032E-12
8771.7  1.255786E-12
8774.6  1.253728E-12
8777.5  1.252389E-12
8780.4  1.252593E-12
8783.3  1.254664E-12
8786.2  1.254071E-12
8789.1  1.246555E-12
8792.  1.236861E-12
8794.9  1.229881E-12
8797.8  1.225740E-12
8800.7  1.222910E-12
8803.6  1.216341E-12
8806.5  1.207790E-12
8809.4  1.208553E-12
8812.3  1.219010E-12
8815.2  1.230729E-12
8818.1  1.238409E-12
8821.  1.238847E-12
8823.9  1.235872E-12
8826.8  1.235121E-12
8829.7  1.235999E-12
8832.6  1.236785E-12
8835.5  1.235976E-12
8838.4  1.233421E-12
8841.3  1.232229E-12
8844.2  1.234771E-12
8847.1  1.241810E-12
8850.  1.252867E-12
8852.9  1.266361E-12
8855.8  1.277543E-12
8858.7  1.280527E-12
8861.6  1.275984E-12
8864.5  1.267380E-12
8867.4  1.257439E-12
8870.3  1.248558E-12
8873.2  1.241403E-12
8876.1  1.236462E-12
8879.  1.234822E-12
8881.9  1.236938E-12
8884.8  1.242610E-12
8887.7  1.249964E-12
8890.6  1.255621E-12
8893.5  1.257702E-12
8896.4  1.255652E-12
8899.3  1.250748E-12
8902.2  1.245113E-12
8905.1  1.240482E-12
8908.  1.237817E-12
8910.9  1.235536E-12
8913.8  1.231854E-12
8916.7  1.225578E-12
8919.6  1.217410E-12
8922.5  1.211456E-12
8925.4  1.209419E-12
8928.3  1.209871E-12
8931.2  1.211803E-12
8934.1  1.214361E-12
8937.  1.216921E-12
8939.9  1.219166E-12
8942.8  1.218632E-12
8945.7  1.213834E-12
8948.6  1.212507E-12
8951.5  1.219991E-12
8954.4  1.228664E-12
8957.3  1.232598E-12
8960.2  1.232367E-12
8963.1  1.228696E-12
8966.  1.221956E-12
8968.9  1.216756E-12
8971.8  1.220633E-12
8974.7  1.229387E-12
8977.6  1.233120E-12
8980.5  1.231309E-12
8983.4  1.226308E-12
8986.3  1.214412E-12
8989.2  1.195442E-12
8992.1  1.186177E-12
8995.  1.194888E-12
8997.9  1.206427E-12
9000.8  1.210653E-12
9003.7  1.205896E-12
9006.6  1.199944E-12
9009.5  1.209730E-12
9012.4  1.230641E-12
9015.3  1.245867E-12
9018.2  1.251858E-12
9021.1  1.250329E-12
9024.  1.243327E-12
9026.9  1.234350E-12
9029.8  1.230255E-12
9032.7  1.234028E-12
9035.6  1.238004E-12
9038.5  1.237117E-12
9041.4  1.231923E-12
9044.3  1.225342E-12
9047.2  1.222924E-12
9050.1  1.224308E-12
9053.  1.224999E-12
9055.9  1.224394E-12
9058.8  1.223177E-12
9061.7  1.216526E-12
9064.6  1.201268E-12
9067.5  1.187686E-12
9070.4  1.183776E-12
9073.3  1.184953E-12
9076.2  1.186372E-12
9079.1  1.184848E-12
9082.  1.179276E-12
9084.9  1.171245E-12
9087.8  1.164630E-12
9090.7  1.164488E-12
9093.6  1.169800E-12
9096.5  1.176560E-12
9099.4  1.179892E-12
9102.3  1.176509E-12
9105.2  1.173288E-12
9108.1  1.176361E-12
9111.  1.183473E-12
9113.9  1.190496E-12
9116.8  1.190437E-12
9119.7  1.183622E-12
9122.6  1.181031E-12
9125.5  1.182254E-12
9128.4  1.177812E-12
9131.3  1.166930E-12
9134.2  1.153265E-12
9137.1  1.142784E-12
9140.  1.140768E-12
9142.9  1.143219E-12
9145.8  1.144695E-12
9148.7  1.142630E-12
9151.6  1.136426E-12
9154.5  1.128768E-12
9157.4  1.123651E-12
9160.3  1.127262E-12
9163.2  1.134094E-12
9166.1  1.128113E-12
9169.  1.110240E-12
9171.9  1.091249E-12
9174.8  1.079333E-12
9177.7  1.080186E-12
9180.6  1.089075E-12
9183.5  1.098694E-12
9186.4  1.104762E-12
9189.3  1.104610E-12
9192.2  1.098208E-12
9195.1  1.088860E-12
9198.  1.084694E-12
9200.9  1.086201E-12
9203.8  1.085746E-12
9206.7  1.080636E-12
9209.6  1.071611E-12
9212.5  1.064111E-12
9215.4  1.064825E-12
9218.3  1.074234E-12
9221.2  1.089950E-12
9224.1  1.105872E-12
9227.  1.117050E-12
9229.9  1.124716E-12
9232.8  1.129479E-12
9235.7  1.129496E-12
9238.6  1.124941E-12
9241.5  1.118031E-12
9244.4  1.110883E-12
9247.3  1.105363E-12
9250.2  1.102104E-12
9253.1  1.100906E-12
9256.  1.099842E-12
9258.9  1.097230E-12
9261.8  1.096145E-12
9264.7  1.099030E-12
9267.6  1.103982E-12
9270.5  1.108217E-12
9273.4  1.107937E-12
9276.3  1.102676E-12
9279.2  1.096335E-12
9282.1  1.092655E-12
9285.  1.094719E-12
9287.9  1.102109E-12
9290.8  1.112286E-12
9293.7  1.117129E-12
9296.6  1.109719E-12
9299.5  1.103037E-12
9302.4  1.108637E-12
9305.3  1.116985E-12
9308.2  1.119921E-12
9311.1  1.118228E-12
9314.  1.112943E-12
9316.9  1.105284E-12
9319.8  1.098156E-12
9322.7  1.095119E-12
9325.6  1.098857E-12
9328.5  1.110732E-12
9331.4  1.121269E-12
9334.3  1.119184E-12
9337.2  1.107549E-12
9340.1  1.093417E-12
9343.  1.081764E-12
9345.9  1.079242E-12
9348.8  1.102031E-12
9351.7  1.140159E-12
9354.6  1.136258E-12
9357.5  1.094913E-12
9360.4  1.087818E-12
9363.3  1.111627E-12
9366.2  1.116939E-12
9369.1  1.102423E-12
9372.  1.084473E-12
9374.9  1.074121E-12
9377.8  1.078180E-12
9380.7  1.081798E-12
9383.6  1.074733E-12
9386.5  1.072973E-12
9389.4  1.083678E-12
9392.3  1.094783E-12
9395.2  1.097999E-12
9398.1  1.089451E-12
9401.  1.073256E-12
9403.9  1.059956E-12
9406.8  1.049570E-12
9409.7  1.037726E-12
9412.6  1.030781E-12
9415.5  1.035130E-12
9418.4  1.044943E-12
9421.3  1.052166E-12
9424.2  1.046493E-12
9427.1  1.028780E-12
9430.  1.023745E-12
9432.9  1.039304E-12
9435.8  1.061093E-12
9438.7  1.072311E-12
9441.6  1.053356E-12
9444.5  1.030638E-12
9447.4  1.050029E-12
9450.3  1.082617E-12
9453.2  1.083641E-12
9456.1  1.064678E-12
9459.  1.046645E-12
9461.9  1.045306E-12
9464.8  1.065475E-12
9467.7  1.084939E-12
9470.6  1.092082E-12
9473.5  1.095304E-12
9476.4  1.095312E-12
9479.3  1.085864E-12
9482.2  1.076721E-12
9485.1  1.084477E-12
9488.  1.103048E-12
9490.9  1.118441E-12
9493.8  1.116379E-12
9496.7  1.090909E-12
9499.6  1.069647E-12
9502.5  1.074588E-12
9505.4  1.102487E-12
9508.3  1.138244E-12
9511.2  1.150005E-12
9514.1  1.130963E-12
9517.  1.101842E-12
9519.9  1.079441E-12
9522.8  1.077168E-12
9525.7  1.087824E-12
9528.6  1.095749E-12
9531.5  1.101740E-12
9534.4  1.109095E-12
9537.3  1.113574E-12
9540.2  1.111610E-12
9543.1  1.101399E-12
9546.  1.087297E-12
9548.9  1.085961E-12
9551.8  1.096579E-12
9554.7  1.096155E-12
9557.6  1.087221E-12
9560.5  1.090615E-12
9563.4  1.098340E-12
9566.3  1.091966E-12
9569.2  1.084147E-12
9572.1  1.091098E-12
9575.  1.100556E-12
9577.9  1.099963E-12
9580.8  1.090689E-12
9583.7  1.077416E-12
9586.6  1.069599E-12
9589.5  1.070592E-12
9592.4  1.074213E-12
9595.3  1.079276E-12
9598.2  1.088910E-12
9601.1  1.096495E-12
9604.  1.091956E-12
9606.9  1.083437E-12
9609.8  1.082580E-12
9612.7  1.084244E-12
9615.6  1.081579E-12
9618.5  1.072642E-12
9621.4  1.059327E-12
9624.3  1.051348E-12
9627.2  1.053827E-12
9630.1  1.065041E-12
9633.  1.076308E-12
9635.9  1.072639E-12
9638.8  1.058862E-12
9641.7  1.050990E-12
9644.6  1.049560E-12
9647.5  1.049850E-12
9650.4  1.052074E-12
9653.3  1.056066E-12
9656.2  1.057733E-12
9659.1  1.054432E-12
9662.  1.047790E-12
9664.9  1.040712E-12
9667.8  1.037245E-12
9670.7  1.039366E-12
9673.6  1.047007E-12
9676.5  1.054152E-12
9679.4  1.051567E-12
9682.3  1.043827E-12
9685.2  1.040444E-12
9688.1  1.041559E-12
9691.  1.044843E-12
9693.9  1.048156E-12
9696.8  1.049492E-12
9699.7  1.047477E-12
9702.6  1.043541E-12
9705.5  1.044378E-12
9708.4  1.050351E-12
9711.3  1.053939E-12
9714.2  1.053813E-12
9717.1  1.053137E-12
9720.  1.051471E-12
9722.9  1.047273E-12
9725.8  1.042162E-12
9728.7  1.038237E-12
9731.6  1.035026E-12
9734.5  1.032276E-12
9737.4  1.032237E-12
9740.3  1.035583E-12
9743.2  1.039511E-12
9746.1  1.042323E-12
9749.  1.044012E-12
9751.9  1.044686E-12
9754.8  1.044845E-12
9757.7  1.043273E-12
9760.6  1.038237E-12
9763.5  1.033979E-12
9766.4  1.035384E-12
9769.3  1.040184E-12
9772.2  1.044563E-12
9775.1  1.044579E-12
9778.  1.038862E-12
9780.9  1.031918E-12
9783.8  1.027541E-12
9786.7  1.027798E-12
9789.6  1.031656E-12
9792.5  1.034993E-12
9795.4  1.037248E-12
9798.3  1.039940E-12
9801.2  1.042416E-12
9804.1  1.043578E-12
9807.  1.044193E-12
9809.9  1.045018E-12
9812.8  1.044903E-12
9815.7  1.043177E-12
9818.6  1.040659E-12
9821.5  1.038768E-12
9824.4  1.039956E-12
9827.3  1.043460E-12
9830.2  1.045120E-12
9833.1  1.044203E-12
9836.  1.042230E-12
9838.9  1.040273E-12
9841.8  1.039178E-12
9844.7  1.038242E-12
9847.6  1.036579E-12
9850.5  1.035003E-12
9853.4  1.033995E-12
9856.3  1.032259E-12
9859.2  1.029402E-12
9862.1  1.026937E-12
9865.  1.025443E-12
9867.9  1.024258E-12
9870.8  1.023942E-12
9873.7  1.025691E-12
9876.6  1.029458E-12
9879.5  1.034488E-12
9882.4  1.037023E-12
9885.3  1.033974E-12
9888.2  1.030996E-12
9891.1  1.032734E-12
9894.  1.034656E-12
9896.9  1.034238E-12
9899.8  1.035132E-12
9902.7  1.037867E-12
9905.6  1.038876E-12
9908.5  1.037066E-12
9911.4  1.033227E-12
9914.3  1.029641E-12
9917.2  1.029134E-12
9920.1  1.029647E-12
9923.  1.028141E-12
9925.9  1.025835E-12
9928.8  1.024722E-12
9931.7  1.027086E-12
9934.6  1.033099E-12
9937.5  1.037866E-12
9940.4  1.039142E-12
9943.3  1.038904E-12
9946.2  1.039559E-12
9949.1  1.044147E-12
9952.  1.049193E-12
9954.9  1.047888E-12
9957.8  1.043805E-12
9960.7  1.043366E-12
9963.6  1.046348E-12
9966.5  1.050436E-12
9969.4  1.050016E-12
9972.3  1.042780E-12
9975.2  1.036533E-12
9978.1  1.035607E-12
9981.  1.037245E-12
9983.9  1.039432E-12
9986.8  1.041007E-12
9989.7  1.040755E-12
9992.6  1.037716E-12
9995.5  1.035179E-12
9998.4  1.037291E-12
10001.3  1.039818E-12
10004.2  1.037713E-12
10007.1  1.031889E-12
10010.  1.025037E-12
10012.9  1.022943E-12
10015.8  1.026732E-12
10018.7  1.027835E-12
10021.6  1.024147E-12
10024.5  1.022022E-12
10027.4  1.021503E-12
10030.3  1.018239E-12
10033.2  1.018236E-12
10036.1  1.030464E-12
10039.  1.048867E-12
10041.9  1.064198E-12
10044.8  1.074427E-12
10047.7  1.079941E-12
10050.6  1.086302E-12
10053.5  1.094106E-12
10056.4  1.091566E-12
10059.3  1.075591E-12
10062.2  1.055086E-12
10065.1  1.035839E-12
10068.  1.020847E-12
10070.9  1.012080E-12
10073.8  1.009926E-12
10076.7  1.010166E-12
10079.6  1.007743E-12
10082.5  1.001195E-12
10085.4  9.916310E-13
10088.3  9.868428E-13
10091.2  9.904321E-13
10094.1  9.936021E-13
10097.  9.932782E-13
10099.9  9.959659E-13
10102.8  1.003134E-12
10105.7  1.011939E-12
10108.6  1.018988E-12
10111.5  1.020773E-12
10114.4  1.019286E-12
10117.3  1.018290E-12
10120.2  1.018950E-12
10123.1  1.020836E-12
10126.  1.018523E-12
10128.9  1.009584E-12
10131.8  1.001246E-12
10134.7  9.979272E-13
10137.6  9.982073E-13
10140.5  1.000711E-12
10143.4  1.003842E-12
10146.3  1.007524E-12
10149.2  1.012828E-12
10152.1  1.016211E-12
10155.  1.013231E-12
10157.9  1.007828E-12
10160.8  1.004824E-12
10163.7  1.001727E-12
10166.6  9.966486E-13
10169.5  9.927201E-13
10172.4  9.914940E-13
10175.3  9.903340E-13
10178.2  9.912357E-13
10181.1  1.002403E-12
10184.  1.016799E-12
10186.9  1.017162E-12
10189.8  1.006037E-12
10192.7  9.947434E-13
10195.6  9.877784E-13
10198.5  9.868354E-13
10201.4  9.875729E-13
10204.3  9.860363E-13
10207.2  9.851143E-13
10210.1  9.863178E-13
10213.  9.869942E-13
10215.9  9.863963E-13
10218.8  9.861096E-13
10221.7  9.872175E-13
10224.6  9.908130E-13
10227.5  9.920586E-13
10230.4  9.840248E-13
10233.3  9.770015E-13
10236.2  9.834763E-13
10239.1  9.945532E-13
10242.  9.993114E-13
10244.9  9.947172E-13
10247.8  9.827100E-13
10250.7  9.750756E-13
10253.6  9.773169E-13
10256.5  9.838579E-13
10259.4  9.919040E-13
10262.3  1.001441E-12
10265.2  1.007582E-12
10268.1  1.003749E-12
10271.  9.938937E-13
10273.9  9.853684E-13
10276.8  9.763753E-13
10279.7  9.657603E-13
10282.6  9.658739E-13
10285.5  9.814968E-13
10288.4  9.929920E-13
10291.3  9.929954E-13
10294.2  9.990783E-13
10297.1  1.009054E-12
10300.  9.998991E-13
10302.9  9.760050E-13
10305.8  9.586768E-13
10308.7  9.489855E-13
10311.6  9.408258E-13
10314.5  9.423304E-13
10317.4  9.598127E-13
10320.3  9.795653E-13
10323.2  9.879837E-13
10326.1  9.789328E-13
10329.  9.570171E-13
10331.9  9.459766E-13
10334.8  9.518458E-13
10337.7  9.580960E-13
10340.6  9.600288E-13
10343.5  9.610803E-13
10346.4  9.633861E-13
10349.3  9.687864E-13
10352.2  9.739881E-13
10355.1  9.753887E-13
10358.  9.770729E-13
10360.9  9.825332E-13
10363.8  9.897587E-13
10366.7  9.950865E-13
10369.6  9.928365E-13
10372.5  9.807239E-13
10375.4  9.597975E-13
10378.3  9.420135E-13
10381.2  9.479671E-13
10384.1  9.640145E-13
10387.  9.610105E-13
10389.9  9.486770E-13
10392.8  9.461449E-13
10395.7  9.496372E-13
10398.6  9.528852E-13
10401.5  9.551576E-13
10404.4  9.569771E-13
10407.3  9.621468E-13
10410.2  9.704559E-13
10413.1  9.753085E-13
10416.  9.741487E-13
10418.9  9.685750E-13
10421.8  9.586235E-13
10424.7  9.438572E-13
10427.6  9.313588E-13
10430.5  9.289687E-13
10433.4  9.276763E-13
10436.3  9.192566E-13
10439.2  9.167517E-13
10442.1  9.288983E-13
10445.  9.466324E-13
10447.9  9.631286E-13
10450.8  9.770082E-13
10453.7  9.874236E-13
10456.6  9.951909E-13
10459.5  9.957033E-13
10462.4  9.815868E-13
10465.3  9.598976E-13
10468.2  9.427139E-13
10471.1  9.304636E-13
10474.  9.213701E-13
10476.9  9.181992E-13
10479.8  9.229708E-13
10482.7  9.369259E-13
10485.6  9.554456E-13
10488.5  9.628985E-13
10491.4  9.572708E-13
10494.3  9.535361E-13
10497.2  9.551076E-13
10500.1  9.568765E-13
10503.  9.640371E-13
10505.9  9.839521E-13
10508.8  1.011537E-12
10511.7  1.037109E-12
10514.6  1.042363E-12
10517.5  1.019024E-12
10520.4  9.967627E-13
10523.3  9.925394E-13
10526.2  9.873554E-13
10529.1  9.728841E-13
10532.  9.571180E-13
10534.9  9.395437E-13
10537.8  9.126702E-13
10540.7  8.939314E-13
10543.6  9.094482E-13
10546.5  9.304275E-13
10549.4  9.186147E-13
10552.3  8.891798E-13
10555.2  8.655337E-13
10558.1  8.615056E-13
10561.  8.803053E-13
10563.9  9.027067E-13
10566.8  9.121098E-13
10569.7  8.980203E-13
10572.6  8.717477E-13
10575.5  8.637349E-13
10578.4  8.849177E-13
10581.3  9.322237E-13
10584.2  9.745323E-13
10587.1  9.762187E-13
10590.  9.424763E-13
10592.9  8.922541E-13
10595.8  8.538835E-13
10598.7  8.463815E-13
10601.6  8.593017E-13
10604.5  8.796996E-13
10607.4  8.952461E-13
10610.3  9.042566E-13
10613.2  9.177265E-13
10616.1  9.365246E-13
10619.  9.546617E-13
10621.9  9.703388E-13
10624.8  9.826469E-13
10627.7  9.792035E-13
10630.6  9.515609E-13
10633.5  9.227366E-13
10636.4  9.101673E-13
10639.3  8.944789E-13
10642.2  8.758001E-13
10645.1  8.997735E-13
10648.  9.593565E-13
10650.9  9.854160E-13
10653.8  9.657482E-13
10656.7  9.289675E-13
10659.6  8.991548E-13
10662.5  8.968387E-13
10665.4  8.913410E-13
10668.3  8.495891E-13
10671.2  8.266982E-13
10674.1  8.619876E-13
10677.  8.880221E-13
10679.9  8.707094E-13
10682.8  8.684440E-13
10685.7  8.955971E-13
10688.6  9.069678E-13
10691.5  8.847277E-13
10694.4  8.316375E-13
10697.3  7.782882E-13
10700.2  7.668381E-13
10703.1  7.829718E-13
10706.  7.966040E-13
10708.9  8.113975E-13
10711.8  8.322341E-13
10714.7  8.467826E-13
10717.6  8.479602E-13
10720.5  8.401454E-13
10723.4  8.350973E-13
10726.3  8.590546E-13
10729.2  8.909113E-13
10732.1  8.633963E-13
10735.  8.128199E-13
10737.9  8.294466E-13
10740.8  8.737699E-13
10743.7  8.717776E-13
10746.6  8.544418E-13
10749.5  8.620245E-13
10752.4  8.769014E-13
10755.3  8.833841E-13
10758.2  8.866155E-13
10761.1  8.888857E-13
10764.  8.895500E-13
10766.9  8.819524E-13
10769.8  8.507640E-13
10772.7  8.231325E-13
10775.6  8.493338E-13
10778.5  9.177597E-13
10781.4  9.904183E-13
10784.3  1.033275E-12
10787.2  1.023047E-12
10790.1  9.791687E-13
10793.  9.283960E-13
10795.9  8.915068E-13
10798.8  8.767104E-13
10801.7  8.650476E-13
10804.6  8.578176E-13
10807.5  8.850065E-13
10810.4  9.254480E-13
10813.3  9.224992E-13
10816.2  9.002671E-13
10819.1  9.138171E-13
10822.  9.246292E-13
10824.9  8.852421E-13
10827.8  8.534898E-13
10830.7  8.744658E-13
10833.6  8.848840E-13
10836.5  8.596552E-13
10839.4  8.835176E-13
10842.3  9.491301E-13
10845.2  9.181723E-13
10848.1  8.102462E-13
10851.  7.709372E-13
10853.9  7.958578E-13
10856.8  8.089299E-13
10859.7  7.983106E-13
10862.6  7.710801E-13
10865.5  7.467293E-13
10868.4  7.381802E-13
10871.3  7.003968E-13
10874.2  6.294484E-13
10877.1  6.389657E-13
10880.  7.504152E-13
10882.9  8.411558E-13
10885.8  8.661023E-13
10888.7  8.498454E-13
10891.6  8.373896E-13
10894.5  8.845554E-13
10897.4  9.208025E-13
10900.3  8.490177E-13
10903.2  7.281237E-13
10906.1  6.387037E-13
10909.  5.978466E-13
10911.9  6.035272E-13
10914.8  6.226142E-13
10917.7  6.332752E-13
10920.6  6.424526E-13
10923.5  6.527913E-13
10926.4  6.631310E-13
10929.3  6.734186E-13
10932.2  6.829357E-13
10935.1  6.945211E-13
10938.  7.105336E-13
10940.9  7.115621E-13
10943.8  6.808222E-13
10946.7  6.369098E-13
10949.6  6.002970E-13
10952.5  5.865481E-13
10955.4  5.832138E-13
10958.3  5.193586E-13
10961.2  4.057507E-13
10964.1  3.535855E-13
10967.  3.698859E-13
10969.9  3.866839E-13
10972.8  3.918383E-13
10975.7  3.960480E-13
10978.6  3.995848E-13
10981.5  4.027888E-13
10984.4  4.110759E-13
10987.3  4.266810E-13
10990.2  4.349170E-13
10993.1  4.356675E-13
10996.  4.662088E-13
10998.9  5.248650E-13
