3050.  -7.158901E-15
3052.9  -3.901374E-15
3055.8  3.116498E-14
3058.7  3.064072E-14
3061.6  2.869424E-15
3064.5  1.232928E-14
3067.4  4.655564E-15
3070.3  8.995276E-15
3073.2  1.612354E-14
3076.1  1.983201E-14
3079.  7.802937E-15
3081.9  2.492569E-14
3084.8  3.060898E-14
3087.7  1.452482E-14
3090.6  1.121709E-14
3093.5  2.634559E-14
3096.4  4.350753E-14
3099.3  4.741320E-14
3102.2  3.397079E-14
3105.1  2.461494E-14
3108.  6.728300E-15
3110.9  1.427059E-14
3113.8  2.489594E-14
3116.7  1.761425E-14
3119.6  1.313658E-14
3122.5  2.236523E-14
3125.4  2.328339E-14
3128.3  1.631093E-14
3131.2  2.255986E-14
3134.1  2.465899E-14
3137.  2.303919E-14
3139.9  2.418699E-14
3142.8  1.852702E-14
3145.7  2.510260E-14
3148.6  1.987197E-14
3151.5  2.114038E-14
3154.4  2.537607E-14
3157.3  2.053961E-14
3160.2  2.495265E-14
3163.1  2.380495E-14
3166.  2.302999E-14
3168.9  2.502214E-14
3171.8  1.862630E-14
3174.7  1.530305E-14
3177.6  1.829022E-14
3180.5  2.413871E-14
3183.4  2.291291E-14
3186.3  2.262426E-14
3189.2  1.749901E-14
3192.1  2.574357E-14
3195.  2.313236E-14
3197.9  2.312305E-14
3200.8  2.183849E-14
3203.7  1.909556E-14
3206.6  2.459600E-14
3209.5  2.095811E-14
3212.4  1.780479E-14
3215.3  2.168307E-14
3218.2  2.484155E-14
3221.1  1.915234E-14
3224.  2.081398E-14
3226.9  2.289482E-14
3229.8  2.541064E-14
3232.7  1.910325E-14
3235.6  1.965210E-14
3238.5  2.376870E-14
3241.4  2.202464E-14
3244.3  2.302150E-14
3247.2  2.628700E-14
3250.1  2.102895E-14
3253.  2.227019E-14
3255.9  2.550388E-14
3258.8  2.186494E-14
3261.7  2.286564E-14
3264.6  2.230196E-14
3267.5  2.633506E-14
3270.4  2.643214E-14
3273.3  2.554215E-14
3276.2  2.984846E-14
3279.1  2.650264E-14
3282.  2.769078E-14
3284.9  2.289928E-14
3287.8  2.125154E-14
3290.7  2.545526E-14
3293.6  2.103217E-14
3296.5  2.416819E-14
3299.4  2.385435E-14
3302.3  2.468551E-14
3305.2  2.113863E-14
3308.1  2.328432E-14
3311.  2.536259E-14
3313.9  2.151216E-14
3316.8  2.234154E-14
3319.7  2.185503E-14
3322.6  2.427904E-14
3325.5  2.387081E-14
3328.4  2.584764E-14
3331.3  2.451695E-14
3334.2  2.362404E-14
3337.1  2.129010E-14
3340.  2.190872E-14
3342.9  2.480925E-14
3345.8  2.399608E-14
3348.7  2.427971E-14
3351.6  2.696476E-14
3354.5  2.361323E-14
3357.4  2.243017E-14
3360.3  2.207956E-14
3363.2  2.203144E-14
3366.1  2.366043E-14
3369.  2.386167E-14
3371.9  2.336657E-14
3374.8  2.115335E-14
3377.7  2.305600E-14
3380.6  2.551517E-14
3383.5  2.087006E-14
3386.4  2.248167E-14
3389.3  2.770251E-14
3392.2  2.177356E-14
3395.1  2.252444E-14
3398.  2.366334E-14
3400.9  2.385607E-14
3403.8  2.686093E-14
3406.7  2.434668E-14
3409.6  2.310950E-14
3412.5  2.234226E-14
3415.4  2.367388E-14
3418.3  2.445148E-14
3421.2  2.394837E-14
3424.1  2.207363E-14
3427.  2.284964E-14
3429.9  2.140804E-14
3432.8  2.538802E-14
3435.7  2.835113E-14
3438.6  3.711721E-14
3441.5  3.150941E-14
3444.4  2.834559E-14
3447.3  2.579918E-14
3450.2  2.649115E-14
3453.1  2.385403E-14
3456.  2.338448E-14
3458.9  2.448422E-14
3461.8  2.719121E-14
3464.7  2.412279E-14
3467.6  2.599865E-14
3470.5  2.383791E-14
3473.4  2.420356E-14
3476.3  2.431884E-14
3479.2  2.339864E-14
3482.1  2.263193E-14
3485.  2.513689E-14
3487.9  2.613575E-14
3490.8  2.524063E-14
3493.7  2.236694E-14
3496.6  2.300126E-14
3499.5  2.490593E-14
3502.4  2.396466E-14
3505.3  2.543145E-14
3508.2  2.651841E-14
3511.1  2.625996E-14
3514.  2.463358E-14
3516.9  2.382881E-14
3519.8  2.556301E-14
3522.7  2.483292E-14
3525.6  2.359972E-14
3528.5  2.478195E-14
3531.4  2.616371E-14
3534.3  2.407252E-14
3537.2  2.296693E-14
3540.1  2.666395E-14
3543.  2.607764E-14
3545.9  2.644156E-14
3548.8  2.631127E-14
3551.7  2.551911E-14
3554.6  2.482687E-14
3557.5  2.728405E-14
3560.4  2.710710E-14
3563.3  2.677741E-14
3566.2  2.467648E-14
3569.1  2.366026E-14
3572.  2.577538E-14
3574.9  2.594925E-14
3577.8  2.867273E-14
3580.7  2.453591E-14
3583.6  2.315503E-14
3586.5  2.565913E-14
3589.4  2.574148E-14
3592.3  2.560310E-14
3595.2  2.637149E-14
3598.1  2.428470E-14
3601.  2.581074E-14
3603.9  2.811636E-14
3606.8  2.648598E-14
3609.7  2.588412E-14
3612.6  2.709606E-14
3615.5  2.553022E-14
3618.4  2.557631E-14
3621.3  2.458360E-14
3624.2  2.529027E-14
3627.1  2.951791E-14
3630.  2.719406E-14
3632.9  2.575665E-14
3635.8  2.647932E-14
3638.7  2.733586E-14
3641.6  2.666223E-14
3644.5  2.549480E-14
3647.4  2.849598E-14
3650.3  2.724234E-14
3653.2  2.537116E-14
3656.1  2.771058E-14
3659.  2.934615E-14
3661.9  2.858306E-14
3664.8  2.834360E-14
3667.7  2.653155E-14
3670.6  2.671659E-14
3673.5  2.850942E-14
3676.4  2.723123E-14
3679.3  2.675536E-14
3682.2  2.724117E-14
3685.1  2.772702E-14
3688.  2.821283E-14
3690.9  2.869863E-14
3693.8  2.918449E-14
3696.7  2.967029E-14
3699.6  2.774353E-14
3702.5  2.592396E-14
3705.4  2.725463E-14
3708.3  2.958638E-14
3711.2  2.974872E-14
3714.1  3.071823E-14
3717.  3.131572E-14
3719.9  2.945060E-14
3722.8  3.029769E-14
3725.7  3.188644E-14
3728.6  2.974725E-14
3731.5  2.791149E-14
3734.4  3.027194E-14
3737.3  3.344582E-14
3740.2  3.381732E-14
3743.1  3.226863E-14
3746.  2.990451E-14
3748.9  3.001448E-14
3751.8  3.323437E-14
3754.7  3.805568E-14
3757.6  3.905232E-14
3760.5  3.705480E-14
3763.4  3.374959E-14
3766.3  3.008282E-14
3769.2  3.103187E-14
3772.1  3.594601E-14
3775.  4.055980E-14
3777.9  4.577274E-14
3780.8  4.860959E-14
3783.7  4.573264E-14
3786.6  4.085613E-14
3789.5  3.603908E-14
3792.4  3.159062E-14
3795.3  2.944946E-14
3798.2  3.180981E-14
3801.1  3.788964E-14
3804.  4.470418E-14
3806.9  4.926402E-14
3809.8  5.197641E-14
3812.7  5.183824E-14
3815.6  5.343161E-14
3818.5  5.160547E-14
3821.4  4.716583E-14
3824.3  4.287448E-14
3827.2  3.591796E-14
3830.1  3.154418E-14
3833.  2.825408E-14
3835.9  3.080369E-14
3838.8  3.733519E-14
3841.7  4.614890E-14
3844.6  5.356277E-14
3847.5  5.719248E-14
3850.4  5.954992E-14
3853.3  6.314608E-14
3856.2  6.289864E-14
3859.1  6.148101E-14
3862.  6.207699E-14
3864.9  6.357449E-14
3867.8  6.186018E-14
3870.7  5.792171E-14
3873.6  5.614561E-14
3876.5  4.954170E-14
3879.4  4.337893E-14
3882.3  3.697275E-14
3885.2  3.192936E-14
3888.1  3.186974E-14
3891.  3.627500E-14
3893.9  4.328487E-14
3896.8  5.000585E-14
3899.7  5.599628E-14
3902.6  6.169878E-14
3905.5  6.447459E-14
3908.4  6.709100E-14
3911.3  6.834245E-14
3914.2  7.002890E-14
3917.1  7.046651E-14
3920.  7.230336E-14
3922.9  7.124836E-14
3925.8  6.440163E-14
3928.7  5.676742E-14
3931.6  5.074368E-14
3934.5  5.538941E-14
3937.4  6.494470E-14
3940.3  6.939317E-14
3943.2  7.042060E-14
3946.1  6.990753E-14
3949.  6.834780E-14
3951.9  6.389177E-14
3954.8  5.915256E-14
3957.7  5.341330E-14
3960.6  4.634501E-14
3963.5  3.758077E-14
3966.4  3.279167E-14
3969.3  3.392433E-14
3972.2  3.883376E-14
3975.1  4.694808E-14
3978.  5.358968E-14
3980.9  5.930492E-14
3983.8  6.430274E-14
3986.7  6.813105E-14
3989.6  7.203958E-14
3992.5  7.365766E-14
3995.4  7.402899E-14
3998.3  7.626631E-14
4001.2  7.849441E-14
4004.1  7.780641E-14
4007.  7.716938E-14
4009.9  7.927630E-14
4012.8  8.010296E-14
4015.7  7.998813E-14
4018.6  7.989160E-14
4021.5  7.942788E-14
4024.4  7.809300E-14
4027.3  7.828867E-14
4030.2  7.934440E-14
4033.1  7.887826E-14
4036.  7.773068E-14
4038.9  7.746580E-14
4041.8  7.638375E-14
4044.7  7.654967E-14
4047.6  7.637593E-14
4050.5  7.421161E-14
4053.4  7.152320E-14
4056.3  7.310237E-14
4059.2  7.320055E-14
4062.1  7.192907E-14
4065.  7.071284E-14
4067.9  6.841401E-14
4070.8  6.706039E-14
4073.7  6.535788E-14
4076.6  6.361848E-14
4079.5  6.183706E-14
4082.4  6.077369E-14
4085.3  5.722931E-14
4088.2  5.166313E-14
4091.1  4.653201E-14
4094.  4.019092E-14
4096.9  3.441977E-14
4099.8  3.128098E-14
4102.7  3.475379E-14
4105.6  4.137972E-14
4108.5  4.898730E-14
4111.4  5.412347E-14
4114.3  5.878823E-14
4117.2  6.046440E-14
4120.1  6.225970E-14
4123.  6.338142E-14
4125.9  6.571910E-14
4128.8  6.707849E-14
4131.7  7.050766E-14
4134.6  7.215359E-14
4137.5  7.248769E-14
4140.4  7.375751E-14
4143.3  7.423352E-14
4146.2  7.448953E-14
4149.1  7.357750E-14
4152.  7.319601E-14
4154.9  7.486334E-14
4157.8  7.467310E-14
4160.7  7.544307E-14
4163.6  7.536154E-14
4166.5  7.290487E-14
4169.4  7.258652E-14
4172.3  7.213787E-14
4175.2  7.318953E-14
4178.1  7.349172E-14
4181.  7.558004E-14
4183.9  7.633924E-14
4186.8  7.632686E-14
4189.7  7.551936E-14
4192.6  7.457361E-14
4195.5  7.520927E-14
4198.4  7.631082E-14
4201.3  7.560433E-14
4204.2  7.618960E-14
4207.1  7.745133E-14
4210.  7.626191E-14
4212.9  7.619222E-14
4215.8  7.655008E-14
4218.7  7.569060E-14
4221.6  7.447926E-14
4224.5  7.452380E-14
4227.4  7.554558E-14
4230.3  7.538463E-14
4233.2  7.584246E-14
4236.1  7.528131E-14
4239.  7.327092E-14
4241.9  7.235469E-14
4244.8  7.333488E-14
4247.7  7.414680E-14
4250.6  7.422277E-14
4253.5  7.539244E-14
4256.4  7.465514E-14
4259.3  7.426704E-14
4262.2  7.520633E-14
4265.1  7.382541E-14
4268.  7.161911E-14
4270.9  7.073758E-14
4273.8  7.177596E-14
4276.7  7.176872E-14
4279.6  7.105648E-14
4282.5  7.134048E-14
4285.4  7.176151E-14
4288.3  7.104919E-14
4291.2  6.965610E-14
4294.1  7.041971E-14
4297.  6.861517E-14
4299.9  6.778521E-14
4302.8  6.734825E-14
4305.7  6.656535E-14
4308.6  6.508749E-14
4311.5  6.304888E-14
4314.4  6.241985E-14
4317.3  6.287120E-14
4320.2  6.023541E-14
4323.1  5.591622E-14
4326.  5.315455E-14
4328.9  4.858950E-14
4331.8  4.308151E-14
4334.7  3.705465E-14
4337.6  3.181904E-14
4340.5  3.226357E-14
4343.4  3.919432E-14
4346.3  4.511337E-14
4349.2  5.022764E-14
4352.1  5.452757E-14
4355.  5.931958E-14
4357.9  6.253250E-14
4360.8  6.374089E-14
4363.7  6.508245E-14
4366.6  6.597952E-14
4369.5  6.736304E-14
4372.4  6.791538E-14
4375.3  6.808576E-14
4378.2  6.904934E-14
4381.1  6.798946E-14
4384.  6.830119E-14
4386.9  6.857805E-14
4389.8  6.854261E-14
4392.7  6.859238E-14
4395.6  6.965315E-14
4398.5  6.945082E-14
4401.4  6.973003E-14
4404.3  7.064238E-14
4407.2  7.075954E-14
4410.1  7.094112E-14
4413.  7.040410E-14
4415.9  6.998625E-14
4418.8  7.022947E-14
4421.7  7.038550E-14
4424.6  7.007797E-14
4427.5  6.940159E-14
4430.4  6.887297E-14
4433.3  6.869603E-14
4436.2  6.871977E-14
4439.1  6.890008E-14
4442.  6.846312E-14
4444.9  6.893333E-14
4447.8  7.005940E-14
4450.7  6.995978E-14
4453.6  6.905474E-14
4456.5  6.837438E-14
4459.4  6.844767E-14
4462.3  6.936589E-14
4465.2  7.118555E-14
4468.1  7.343262E-14
4471.  7.464773E-14
4473.9  7.274234E-14
4476.8  6.932131E-14
4479.7  6.742197E-14
4482.6  6.768078E-14
4485.5  6.892587E-14
4488.4  6.895503E-14
4491.3  6.915624E-14
4494.2  6.982657E-14
4497.1  7.068407E-14
4500.  7.117657E-14
4502.9  7.035406E-14
4505.8  7.059587E-14
4508.7  7.137617E-14
4511.6  7.101757E-14
4514.5  7.034998E-14
4517.4  6.977033E-14
4520.3  6.917271E-14
4523.2  6.880789E-14
4526.1  6.924063E-14
4529.  6.899022E-14
4531.9  6.839473E-14
4534.8  6.926426E-14
4537.7  6.967378E-14
4540.6  6.981610E-14
4543.5  6.968147E-14
4546.4  6.958143E-14
4549.3  6.840666E-14
4552.2  6.739195E-14
4555.1  6.743357E-14
4558.  6.814501E-14
4560.9  6.851071E-14
4563.8  6.901284E-14
4566.7  6.953944E-14
4569.6  6.917913E-14
4572.5  6.902106E-14
4575.4  6.946837E-14
4578.3  6.816895E-14
4581.2  6.682053E-14
4584.1  6.706129E-14
4587.  6.681086E-14
4589.9  6.693855E-14
4592.8  6.767235E-14
4595.7  6.907514E-14
4598.6  6.961064E-14
4601.5  6.958786E-14
4604.4  6.986420E-14
4607.3  6.903007E-14
4610.2  6.929695E-14
4613.1  6.705670E-14
4616.  6.647823E-14
4618.9  6.683452E-14
4621.8  6.912503E-14
4624.7  6.896573E-14
4627.6  6.794187E-14
4630.5  6.872837E-14
4633.4  6.827752E-14
4636.3  6.937201E-14
4639.2  6.948822E-14
4642.1  6.950132E-14
4645.  6.808811E-14
4647.9  6.674117E-14
4650.8  6.630972E-14
4653.7  6.685330E-14
4656.6  6.675976E-14
4659.5  6.688372E-14
4662.4  6.638800E-14
4665.3  6.640553E-14
4668.2  6.617624E-14
4671.1  6.642272E-14
4674.  6.682023E-14
4676.9  6.822304E-14
4679.8  6.882597E-14
4682.7  6.743261E-14
4685.6  6.846787E-14
4688.5  6.782489E-14
4691.4  6.816375E-14
4694.3  6.710712E-14
4697.2  6.671555E-14
4700.1  6.562832E-14
4703.  6.521270E-14
4705.9  6.579616E-14
4708.8  6.501580E-14
4711.7  6.581203E-14
4714.6  6.694219E-14
4717.5  6.626298E-14
4720.4  6.561468E-14
4723.3  6.523688E-14
4726.2  6.478576E-14
4729.1  6.380320E-14
4732.  6.394708E-14
4734.9  6.524223E-14
4737.8  6.564593E-14
4740.7  6.731483E-14
4743.6  6.653871E-14
4746.5  6.672030E-14
4749.4  6.583093E-14
4752.3  6.440437E-14
4755.2  6.414744E-14
4758.1  6.435773E-14
4761.  6.558543E-14
4763.9  6.532268E-14
4766.8  6.522511E-14
4769.7  6.429433E-14
4772.6  6.514950E-14
4775.5  6.598688E-14
4778.4  6.475257E-14
4781.3  6.578025E-14
4784.2  6.568498E-14
4787.1  6.525034E-14
4790.  6.497036E-14
4792.9  6.488609E-14
4795.8  6.420477E-14
4798.7  6.378931E-14
4801.6  6.237997E-14
4804.5  6.244954E-14
4807.4  6.264980E-14
4810.3  6.308869E-14
4813.2  6.307910E-14
4816.1  6.279228E-14
4819.  6.298010E-14
4821.9  6.200647E-14
4824.8  6.054418E-14
4827.7  5.934894E-14
4830.6  5.923044E-14
4833.5  5.749387E-14
4836.4  5.670053E-14
4839.3  5.542992E-14
4842.2  5.375902E-14
4845.1  5.236110E-14
4848.  4.834338E-14
4850.9  4.393092E-14
4853.8  3.924389E-14
4856.7  3.346384E-14
4859.6  2.940067E-14
4862.5  3.073619E-14
4865.4  3.600787E-14
4868.3  4.066443E-14
4871.2  4.478089E-14
4874.1  4.856665E-14
4877.  5.114516E-14
4879.9  5.321926E-14
4882.8  5.495756E-14
4885.7  5.527749E-14
4888.6  5.492114E-14
4891.5  5.587360E-14
4894.4  5.736420E-14
4897.3  5.847844E-14
4900.2  5.994490E-14
4903.1  6.039573E-14
4906.  6.118383E-14
4908.9  6.187315E-14
4911.8  6.082301E-14
4914.7  6.002088E-14
4917.6  6.040088E-14
4920.5  6.043470E-14
4923.4  6.062075E-14
4926.3  6.100234E-14
4929.2  6.206610E-14
4932.1  6.216432E-14
4935.  6.253024E-14
4937.9  6.216550E-14
4940.8  6.228725E-14
4943.7  6.179794E-14
4946.6  6.341594E-14
4949.5  6.287067E-14
4952.4  6.124495E-14
4955.3  6.077100E-14
4958.2  6.259072E-14
4961.1  6.306594E-14
4964.  6.291301E-14
4966.9  6.183456E-14
4969.8  6.237368E-14
4972.7  6.276554E-14
4975.6  6.152044E-14
4978.5  6.095186E-14
4981.4  6.028699E-14
4984.3  6.044749E-14
4987.2  6.154963E-14
4990.1  6.094113E-14
4993.  6.116274E-14
4995.9  6.140466E-14
4998.8  6.030636E-14
5001.7  5.969339E-14
5004.6  5.839455E-14
5007.5  5.983227E-14
5010.4  6.097262E-14
5013.3  5.982913E-14
5016.2  5.942022E-14
5019.1  5.928331E-14
5022.  5.973764E-14
5024.9  6.063238E-14
5027.8  6.053814E-14
5030.7  6.156246E-14
5033.6  6.131944E-14
5036.5  6.039627E-14
5039.4  5.946522E-14
5042.3  6.030446E-14
5045.2  6.090565E-14
5048.1  6.008853E-14
5051.  5.997346E-14
5053.9  6.041992E-14
5056.8  6.068105E-14
5059.7  6.150138E-14
5062.6  6.161411E-14
5065.5  6.139246E-14
5068.4  6.126268E-14
5071.3  6.128622E-14
5074.2  6.087388E-14
5077.1  5.998071E-14
5080.  5.929569E-14
5082.9  5.899728E-14
5085.8  6.021674E-14
5088.7  6.106498E-14
5091.6  6.051470E-14
5094.5  5.969881E-14
5097.4  5.957183E-14
5100.3  6.004756E-14
5103.2  5.944405E-14
5106.1  5.880844E-14
5109.  5.891595E-14
5111.9  5.975247E-14
5114.8  5.978264E-14
5117.7  5.885501E-14
5120.6  5.755314E-14
5123.5  5.749866E-14
5126.4  5.794865E-14
5129.3  5.826370E-14
5132.2  5.887033E-14
5135.1  5.920335E-14
5138.  5.908843E-14
5140.9  5.913199E-14
5143.8  5.912810E-14
5146.7  5.875112E-14
5149.6  5.801344E-14
5152.5  5.763237E-14
5155.4  5.785976E-14
5158.3  5.810604E-14
5161.2  5.803062E-14
5164.1  5.714000E-14
5167.  5.577805E-14
5169.9  5.593561E-14
5172.8  5.706557E-14
5175.7  5.900413E-14
5178.6  5.964355E-14
5181.5  5.924630E-14
5184.4  5.821934E-14
5187.3  5.839969E-14
5190.2  5.805855E-14
5193.1  5.752986E-14
5196.  5.753797E-14
5198.9  5.746974E-14
5201.8  5.697897E-14
5204.7  5.685207E-14
5207.6  5.780147E-14
5210.5  5.868090E-14
5213.4  5.855752E-14
5216.3  5.813289E-14
5219.2  5.836343E-14
5222.1  5.815996E-14
5225.  5.732959E-14
5227.9  5.777574E-14
5230.8  5.797445E-14
5233.7  5.760016E-14
5236.6  5.761966E-14
5239.5  5.881007E-14
5242.4  5.932691E-14
5245.3  5.946730E-14
5248.2  5.847716E-14
5251.1  5.797598E-14
5254.  5.754210E-14
5256.9  5.776429E-14
5259.8  5.782087E-14
5262.7  5.638248E-14
5265.6  5.563567E-14
5268.5  5.517691E-14
5271.4  5.532007E-14
5274.3  5.538444E-14
5277.2  5.603042E-14
5280.1  5.705246E-14
5283.  5.789696E-14
5285.9  5.817909E-14
5288.8  5.889207E-14
5291.7  5.881125E-14
5294.6  5.858398E-14
5297.5  5.855380E-14
5300.4  5.733660E-14
5303.3  5.787885E-14
5306.2  5.801991E-14
5309.1  5.754281E-14
5312.  5.700031E-14
5314.9  5.773255E-14
5317.8  5.873415E-14
5320.7  5.854906E-14
5323.6  5.773087E-14
5326.5  5.717398E-14
5329.4  5.718735E-14
5332.3  5.683195E-14
5335.2  5.682093E-14
5338.1  5.670259E-14
5341.  5.664321E-14
5343.9  5.806846E-14
5346.8  5.832089E-14
5349.7  5.751708E-14
5352.6  5.840222E-14
5355.5  5.873658E-14
5358.4  5.818120E-14
5361.3  5.659720E-14
5364.2  5.603930E-14
5367.1  5.564333E-14
5370.  5.540092E-14
5372.9  5.716228E-14
5375.8  5.676758E-14
5378.7  5.596862E-14
5381.6  5.581109E-14
5384.5  5.639815E-14
5387.4  5.624352E-14
5390.3  5.677653E-14
5393.2  5.726637E-14
5396.1  5.719391E-14
5399.  5.648825E-14
5401.9  5.607995E-14
5404.8  5.581516E-14
5407.7  5.603135E-14
5410.6  5.658681E-14
5413.5  5.602003E-14
5416.4  5.590255E-14
5419.3  5.543883E-14
5422.2  5.571713E-14
5425.1  5.550574E-14
5428.  5.558689E-14
5430.9  5.664680E-14
5433.8  5.692569E-14
5436.7  5.701709E-14
5439.6  5.748331E-14
5442.5  5.660250E-14
5445.4  5.556928E-14
5448.3  5.615164E-14
5451.2  5.586341E-14
5454.1  5.589898E-14
5457.  5.617595E-14
5459.9  5.643526E-14
5462.8  5.713811E-14
5465.7  5.681306E-14
5468.6  5.655834E-14
5471.5  5.749637E-14
5474.4  5.668658E-14
5477.3  5.551953E-14
5480.2  5.572626E-14
5483.1  5.541023E-14
5486.  5.498759E-14
5488.9  5.516599E-14
5491.8  5.641284E-14
5494.7  5.711971E-14
5497.6  5.708357E-14
5500.5  5.618459E-14
5503.4  5.520440E-14
5506.3  5.531090E-14
5509.2  5.493827E-14
5512.1  5.596959E-14
5515.  5.608089E-14
5517.9  5.577566E-14
5520.8  5.632270E-14
5523.7  5.567014E-14
5526.6  5.555784E-14
5529.5  5.515964E-14
5532.4  5.562888E-14
5535.3  5.551890E-14
5538.2  5.610368E-14
5541.1  5.593700E-14
5544.  5.543250E-14
5546.9  5.679016E-14
5549.8  5.743595E-14
5552.7  5.702641E-14
5555.6  5.636579E-14
5558.5  5.593784E-14
5561.4  5.464910E-14
5564.3  5.539590E-14
5567.2  5.502943E-14
5570.1  5.511322E-14
5573.  5.485187E-14
5575.9  5.501683E-14
5578.8  5.549520E-14
5581.7  5.500888E-14
5584.6  5.508025E-14
5587.5  5.430344E-14
5590.4  5.391129E-14
5593.3  5.510721E-14
5596.2  5.517594E-14
5599.1  5.433152E-14
5602.  5.467411E-14
5604.9  5.425524E-14
5607.8  5.340684E-14
5610.7  5.407656E-14
5613.6  5.409787E-14
5616.5  5.344688E-14
5619.4  5.391384E-14
5622.3  5.333110E-14
5625.2  5.368096E-14
5628.1  5.476362E-14
5631.  5.532302E-14
5633.9  5.564444E-14
5636.8  5.567210E-14
5639.7  5.576047E-14
5642.6  5.563392E-14
5645.5  5.577436E-14
5648.4  5.435864E-14
5651.3  5.395857E-14
5654.2  5.375184E-14
5657.1  5.384282E-14
5660.  5.381936E-14
5662.9  5.414890E-14
5665.8  5.433675E-14
5668.7  5.448056E-14
5671.6  5.433261E-14
5674.5  5.473382E-14
5677.4  5.423118E-14
5680.3  5.444859E-14
5683.2  5.368270E-14
5686.1  5.354494E-14
5689.  5.367605E-14
5691.9  5.356957E-14
5694.8  5.308075E-14
5697.7  5.365851E-14
5700.6  5.333598E-14
5703.5  5.270265E-14
5706.4  5.332771E-14
5709.3  5.428640E-14
5712.2  5.355915E-14
5715.1  5.373278E-14
5718.  5.381226E-14
5720.9  5.336827E-14
5723.8  5.324351E-14
5726.7  5.341258E-14
5729.6  5.306160E-14
5732.5  5.296511E-14
5735.4  5.310174E-14
5738.3  5.251499E-14
5741.2  5.273326E-14
5744.1  5.253135E-14
5747.  5.210607E-14
5749.9  5.205941E-14
5752.8  5.224129E-14
5755.7  5.256342E-14
5758.6  5.251015E-14
5761.5  5.233841E-14
5764.4  5.197704E-14
5767.3  5.156719E-14
5770.2  5.134070E-14
5773.1  5.083726E-14
5776.  5.051158E-14
5778.9  5.001690E-14
5781.8  4.978897E-14
5784.7  5.046233E-14
5787.6  5.125435E-14
5790.5  5.160728E-14
5793.4  5.182243E-14
5796.3  5.171184E-14
5799.2  5.134708E-14
5802.1  5.119638E-14
5805.  5.160088E-14
5807.9  5.170509E-14
5810.8  5.167199E-14
5813.7  5.146601E-14
5816.6  5.142777E-14
5819.5  5.154056E-14
5822.4  5.151439E-14
5825.3  5.136454E-14
5828.2  5.109000E-14
5831.1  5.112754E-14
5834.  5.129754E-14
5836.9  5.124224E-14
5839.8  5.121285E-14
5842.7  5.125016E-14
5845.6  5.120590E-14
5848.5  5.133339E-14
5851.4  5.108757E-14
5854.3  5.060793E-14
5857.2  5.024748E-14
5860.1  4.987524E-14
5863.  4.978404E-14
5865.9  5.006869E-14
5868.8  5.076396E-14
5871.7  5.155661E-14
5874.6  5.179704E-14
5877.5  5.124235E-14
5880.4  5.034756E-14
5883.3  4.931835E-14
5886.2  4.795288E-14
5889.1  4.676596E-14
5892.  4.688356E-14
5894.9  4.816732E-14
5897.8  4.878067E-14
5900.7  4.793811E-14
5903.6  4.720922E-14
5906.5  4.772089E-14
5909.4  4.883743E-14
5912.3  5.003528E-14
5915.2  5.064517E-14
5918.1  5.071752E-14
5921.  5.076729E-14
5923.9  5.071236E-14
5926.8  5.037948E-14
5929.7  5.034956E-14
5932.6  5.024180E-14
5935.5  5.006625E-14
5938.4  5.011151E-14
5941.3  4.965977E-14
5944.2  4.953714E-14
5947.1  4.939535E-14
5950.  4.949972E-14
5952.9  4.951903E-14
5955.8  4.947413E-14
5958.7  4.977763E-14
5961.6  4.991762E-14
5964.5  4.972840E-14
5967.4  4.978584E-14
5970.3  4.951738E-14
5973.2  4.960686E-14
5976.1  4.987500E-14
5979.  4.971612E-14
5981.9  4.926741E-14
5984.8  4.906240E-14
5987.7  4.931817E-14
5990.6  4.951083E-14
5993.5  4.937669E-14
5996.4  4.924448E-14
5999.3  4.905707E-14
6002.2  4.919544E-14
6005.1  4.895321E-14
6008.  4.859673E-14
6010.9  4.864562E-14
6013.8  4.859717E-14
6016.7  4.821766E-14
6019.6  4.841950E-14
6022.5  4.857932E-14
6025.4  4.868806E-14
6028.3  4.910638E-14
6031.2  4.868655E-14
6034.1  4.874753E-14
6037.  4.891288E-14
6039.9  4.851213E-14
6042.8  4.820150E-14
6045.7  4.793592E-14
6048.6  4.827847E-14
6051.5  4.833924E-14
6054.4  4.860032E-14
6057.3  4.887291E-14
6060.2  4.887635E-14
6063.1  4.856400E-14
6066.  4.757637E-14
6068.9  4.771320E-14
6071.8  4.850709E-14
6074.7  4.829761E-14
6077.6  4.813475E-14
6080.5  4.822283E-14
6083.4  4.820835E-14
6086.3  4.802396E-14
6089.2  4.819676E-14
6092.1  4.797565E-14
6095.  4.767166E-14
6097.9  4.731840E-14
6100.8  4.691972E-14
6103.7  4.684640E-14
6106.6  4.718125E-14
6109.5  4.730713E-14
6112.4  4.732279E-14
6115.3  4.736686E-14
6118.2  4.742755E-14
6121.1  4.719994E-14
6124.  4.736991E-14
6126.9  4.713490E-14
6129.8  4.739083E-14
6132.7  4.729754E-14
6135.6  4.686744E-14
6138.5  4.661267E-14
6141.4  4.639377E-14
6144.3  4.602022E-14
6147.2  4.605171E-14
6150.1  4.640330E-14
6153.  4.645971E-14
6155.9  4.576670E-14
6158.8  4.589118E-14
6161.7  4.599423E-14
6164.6  4.571733E-14
6167.5  4.576979E-14
6170.4  4.575341E-14
6173.3  4.616220E-14
6176.2  4.639620E-14
6179.1  4.637670E-14
6182.  4.640079E-14
6184.9  4.590477E-14
6187.8  4.594776E-14
6190.7  4.617032E-14
6193.6  4.621957E-14
6196.5  4.623591E-14
6199.4  4.615821E-14
6202.3  4.596627E-14
6205.2  4.606080E-14
6208.1  4.587687E-14
6211.  4.556057E-14
6213.9  4.578288E-14
6216.8  4.645732E-14
6219.7  4.648590E-14
6222.6  4.613431E-14
6225.5  4.604783E-14
6228.4  4.573992E-14
6231.3  4.557653E-14
6234.2  4.553621E-14
6237.1  4.511659E-14
6240.  4.444033E-14
6242.9  4.447083E-14
6245.8  4.499347E-14
6248.7  4.516303E-14
6251.6  4.517987E-14
6254.5  4.518085E-14
6257.4  4.516463E-14
6260.3  4.491099E-14
6263.2  4.515027E-14
6266.1  4.544039E-14
6269.  4.482356E-14
6271.9  4.442618E-14
6274.8  4.451657E-14
6277.7  4.440450E-14
6280.6  4.410300E-14
6283.5  4.424883E-14
6286.4  4.436625E-14
6289.3  4.501994E-14
6292.2  4.488436E-14
6295.1  4.433824E-14
6298.  4.487452E-14
6300.9  4.444711E-14
6303.8  4.430947E-14
6306.7  4.472877E-14
6309.6  4.477485E-14
6312.5  4.436840E-14
6315.4  4.408683E-14
6318.3  4.429673E-14
6321.2  4.424260E-14
6324.1  4.425567E-14
6327.  4.455870E-14
6329.9  4.447053E-14
6332.8  4.429622E-14
6335.7  4.435662E-14
6338.6  4.380517E-14
6341.5  4.327463E-14
6344.4  4.370650E-14
6347.3  4.394373E-14
6350.2  4.372324E-14
6353.1  4.358991E-14
6356.  4.385252E-14
6358.9  4.366100E-14
6361.8  4.401196E-14
6364.7  4.455496E-14
6367.6  4.400829E-14
6370.5  4.378042E-14
6373.4  4.363904E-14
6376.3  4.368140E-14
6379.2  4.349498E-14
6382.1  4.363747E-14
6385.  4.373303E-14
6387.9  4.330199E-14
6390.8  4.361529E-14
6393.7  4.371627E-14
6396.6  4.335113E-14
6399.5  4.331018E-14
6402.4  4.376098E-14
6405.3  4.390287E-14
6408.2  4.373243E-14
6411.1  4.328618E-14
6414.  4.320457E-14
6416.9  4.322454E-14
6419.8  4.330893E-14
6422.7  4.323541E-14
6425.6  4.288777E-14
6428.5  4.295729E-14
6431.4  4.268383E-14
6434.3  4.227331E-14
6437.2  4.247371E-14
6440.1  4.223152E-14
6443.  4.263092E-14
6445.9  4.224269E-14
6448.8  4.225219E-14
6451.7  4.209157E-14
6454.6  4.179920E-14
6457.5  4.184703E-14
6460.4  4.148265E-14
6463.3  4.158604E-14
6466.2  4.188897E-14
6469.1  4.209676E-14
6472.  4.231428E-14
6474.9  4.250093E-14
6477.8  4.246401E-14
6480.7  4.243604E-14
6483.6  4.197651E-14
6486.5  4.180872E-14
6489.4  4.163869E-14
6492.3  4.164672E-14
6495.2  4.183793E-14
6498.1  4.194824E-14
6501.  4.189944E-14
6503.9  4.179318E-14
6506.8  4.165331E-14
6509.7  4.146966E-14
6512.6  4.128871E-14
6515.5  4.115915E-14
6518.4  4.108163E-14
6521.3  4.101435E-14
6524.2  4.078589E-14
6527.1  4.030487E-14
6530.  3.973004E-14
6532.9  3.916510E-14
6535.8  3.859413E-14
6538.7  3.795042E-14
6541.6  3.711640E-14
6544.5  3.603973E-14
6547.4  3.472702E-14
6550.3  3.327904E-14
6553.2  3.185099E-14
6556.1  3.040058E-14
6559.  2.897244E-14
6561.9  2.826709E-14
6564.8  2.878711E-14
6567.7  3.026964E-14
6570.6  3.228158E-14
6573.5  3.426665E-14
6576.4  3.585232E-14
6579.3  3.694620E-14
6582.2  3.761123E-14
6585.1  3.803529E-14
6588.  3.839126E-14
6590.9  3.881594E-14
6593.8  3.928058E-14
6596.7  3.969717E-14
6599.6  4.000097E-14
6602.5  4.015927E-14
6605.4  4.022649E-14
6608.3  4.028270E-14
6611.2  4.043258E-14
6614.1  4.069632E-14
6617.  4.099159E-14
6619.9  4.118561E-14
6622.8  4.111061E-14
6625.7  4.091164E-14
6628.6  4.087756E-14
6631.5  4.095804E-14
6634.4  4.100826E-14
6637.3  4.101140E-14
6640.2  4.098056E-14
6643.1  4.098594E-14
6646.  4.104616E-14
6648.9  4.103260E-14
6651.8  4.089829E-14
6654.7  4.072289E-14
6657.6  4.058993E-14
6660.5  4.058089E-14
6663.4  4.069574E-14
6666.3  4.087807E-14
6669.2  4.102487E-14
6672.1  4.103749E-14
6675.  4.095780E-14
6677.9  4.086100E-14
6680.8  4.079969E-14
6683.7  4.079526E-14
6686.6  4.078467E-14
6689.5  4.074086E-14
6692.4  4.071826E-14
6695.3  4.070235E-14
6698.2  4.061297E-14
6701.1  4.045153E-14
6704.  4.026534E-14
6706.9  4.022187E-14
6709.8  4.048672E-14
6712.7  4.077721E-14
6715.6  4.078119E-14
6718.5  4.061087E-14
6721.4  4.043198E-14
6724.3  4.036883E-14
6727.2  4.045574E-14
6730.1  4.055208E-14
6733.  4.056179E-14
6735.9  4.044706E-14
6738.8  4.029742E-14
6741.7  4.029704E-14
6744.6  4.036520E-14
6747.5  4.031700E-14
6750.4  4.022299E-14
6753.3  4.019979E-14
6756.2  4.022624E-14
6759.1  4.025698E-14
6762.  4.023122E-14
6764.9  4.013009E-14
6767.8  4.003179E-14
6770.7  3.997593E-14
6773.6  3.993325E-14
6776.5  3.993710E-14
6779.4  4.007390E-14
6782.3  4.019311E-14
6785.2  4.005286E-14
6788.1  3.983549E-14
6791.  3.980833E-14
6793.9  3.988438E-14
6796.8  3.992467E-14
6799.7  3.984072E-14
6802.6  3.963095E-14
6805.5  3.951119E-14
6808.4  3.953744E-14
6811.3  3.949530E-14
6814.2  3.936483E-14
6817.1  3.930378E-14
6820.  3.932427E-14
6822.9  3.935950E-14
6825.8  3.940302E-14
6828.7  3.945926E-14
6831.6  3.944987E-14
6834.5  3.932335E-14
6837.4  3.922405E-14
6840.3  3.923191E-14
6843.2  3.917709E-14
6846.1  3.899927E-14
6849.  3.884543E-14
6851.9  3.876035E-14
6854.8  3.868158E-14
6857.7  3.855508E-14
6860.6  3.835211E-14
6863.5  3.791086E-14
6866.4  3.710520E-14
6869.3  3.664571E-14
6872.2  3.719147E-14
6875.1  3.824126E-14
6878.  3.916350E-14
6880.9  3.952238E-14
6883.8  3.920899E-14
6886.7  3.870291E-14
6889.6  3.837224E-14
6892.5  3.840174E-14
6895.4  3.867081E-14
6898.3  3.881979E-14
6901.2  3.880683E-14
6904.1  3.874019E-14
6907.  3.869827E-14
6909.9  3.873369E-14
6912.8  3.871469E-14
6915.7  3.855098E-14
6918.6  3.840610E-14
6921.5  3.839065E-14
6924.4  3.847523E-14
6927.3  3.855395E-14
6930.2  3.841210E-14
6933.1  3.811303E-14
6936.  3.795247E-14
6938.9  3.792703E-14
6941.8  3.788688E-14
6944.7  3.787013E-14
6947.6  3.794519E-14
6950.5  3.802854E-14
6953.4  3.804266E-14
6956.3  3.802716E-14
6959.2  3.802830E-14
6962.1  3.808839E-14
6965.  3.817806E-14
6967.9  3.815579E-14
6970.8  3.801020E-14
6973.7  3.784847E-14
6976.6  3.774757E-14
6979.5  3.776186E-14
6982.4  3.778224E-14
6985.3  3.766721E-14
6988.2  3.752427E-14
6991.1  3.748196E-14
6994.  3.752377E-14
6996.9  3.759651E-14
6999.8  3.758714E-14
7002.7  3.747797E-14
7005.6  3.742015E-14
7008.5  3.747734E-14
7011.4  3.762205E-14
7014.3  3.774696E-14
7017.2  3.770144E-14
7020.1  3.753390E-14
7023.  3.737521E-14
7025.9  3.730921E-14
7028.8  3.737793E-14
7031.7  3.750482E-14
7034.6  3.759082E-14
7037.5  3.754374E-14
7040.4  3.734412E-14
7043.3  3.710480E-14
7046.2  3.690506E-14
7049.1  3.676545E-14
7052.  3.673268E-14
7054.9  3.685819E-14
7057.8  3.706656E-14
7060.7  3.722930E-14
7063.6  3.727836E-14
7066.5  3.718738E-14
7069.4  3.700277E-14
7072.3  3.680460E-14
7075.2  3.672309E-14
7078.1  3.679889E-14
7081.  3.688212E-14
7083.9  3.688220E-14
7086.8  3.679022E-14
7089.7  3.670410E-14
7092.6  3.681560E-14
7095.5  3.697267E-14
7098.4  3.687299E-14
7101.3  3.663670E-14
7104.2  3.648872E-14
7107.1  3.642125E-14
7110.  3.638560E-14
7112.9  3.632507E-14
7115.8  3.623005E-14
7118.7  3.622546E-14
7121.6  3.634480E-14
7124.5  3.647387E-14
7127.4  3.655947E-14
7130.3  3.660934E-14
7133.2  3.659647E-14
7136.1  3.648727E-14
7139.  3.634592E-14
7141.9  3.626227E-14
7144.8  3.626525E-14
7147.7  3.634769E-14
7150.6  3.643251E-14
7153.5  3.645140E-14
7156.4  3.640185E-14
7159.3  3.627662E-14
7162.2  3.604715E-14
7165.1  3.575843E-14
7168.  3.552071E-14
7170.9  3.540285E-14
7173.8  3.543820E-14
7176.7  3.549952E-14
7179.6  3.541885E-14
7182.5  3.526356E-14
7185.4  3.515448E-14
7188.3  3.516332E-14
7191.2  3.530794E-14
7194.1  3.546416E-14
7197.  3.555519E-14
7199.9  3.561501E-14
7202.8  3.570605E-14
7205.7  3.592588E-14
7208.6  3.620896E-14
7211.5  3.637548E-14
7214.4  3.633876E-14
7217.3  3.607606E-14
7220.2  3.571418E-14
7223.1  3.540587E-14
7226.  3.511823E-14
7228.9  3.483165E-14
7231.8  3.469435E-14
7234.7  3.477124E-14
7237.6  3.493685E-14
7240.5  3.511367E-14
7243.4  3.531167E-14
7246.3  3.545233E-14
7249.2  3.539843E-14
7252.1  3.521506E-14
7255.  3.506597E-14
7257.9  3.499348E-14
7260.8  3.499298E-14
7263.7  3.507458E-14
7266.6  3.520565E-14
7269.5  3.518238E-14
7272.4  3.494467E-14
7275.3  3.480934E-14
7278.2  3.491415E-14
7281.1  3.512229E-14
7284.  3.522162E-14
7286.9  3.491881E-14
7289.8  3.446129E-14
7292.7  3.438443E-14
7295.6  3.449925E-14
7298.5  3.441201E-14
7301.4  3.422086E-14
7304.3  3.410280E-14
7307.2  3.414744E-14
7310.1  3.436424E-14
7313.  3.455695E-14
7315.9  3.463119E-14
7318.8  3.470765E-14
7321.7  3.478837E-14
7324.6  3.474849E-14
7327.5  3.464529E-14
7330.4  3.463863E-14
7333.3  3.473580E-14
7336.2  3.487461E-14
7339.1  3.497825E-14
7342.  3.497332E-14
7344.9  3.482251E-14
7347.8  3.453900E-14
7350.7  3.423155E-14
7353.6  3.400539E-14
7356.5  3.393737E-14
7359.4  3.401945E-14
7362.3  3.413618E-14
7365.2  3.426720E-14
7368.1  3.446809E-14
7371.  3.459913E-14
7373.9  3.446903E-14
7376.8  3.426924E-14
7379.7  3.423939E-14
7382.6  3.424034E-14
7385.5  3.412661E-14
7388.4  3.393940E-14
7391.3  3.374367E-14
7394.2  3.363852E-14
7397.1  3.362454E-14
7400.  3.354978E-14
7402.9  3.344906E-14
7405.8  3.351117E-14
7408.7  3.362707E-14
7411.6  3.356017E-14
7414.5  3.338504E-14
7417.4  3.325664E-14
7420.3  3.317447E-14
7423.2  3.311781E-14
7426.1  3.309393E-14
7429.  3.310018E-14
7431.9  3.311862E-14
7434.8  3.313696E-14
7437.7  3.315257E-14
7440.6  3.317018E-14
7443.5  3.320010E-14
7446.4  3.324411E-14
7449.3  3.329816E-14
7452.2  3.332541E-14
7455.1  3.328773E-14
7458.  3.323322E-14
7460.9  3.321031E-14
7463.8  3.316158E-14
7466.7  3.306752E-14
7469.6  3.305278E-14
7472.5  3.314405E-14
7475.4  3.319077E-14
7478.3  3.315218E-14
7481.2  3.310754E-14
7484.1  3.307435E-14
7487.  3.303124E-14
7489.9  3.304571E-14
7492.8  3.319334E-14
7495.7  3.330105E-14
7498.6  3.319889E-14
7501.5  3.304509E-14
7504.4  3.298357E-14
7507.3  3.295192E-14
7510.2  3.292197E-14
7513.1  3.295738E-14
7516.  3.303905E-14
7518.9  3.305708E-14
7521.8  3.298690E-14
7524.7  3.286680E-14
7527.6  3.275034E-14
7530.5  3.269399E-14
7533.4  3.267680E-14
7536.3  3.266024E-14
7539.2  3.267154E-14
7542.1  3.272221E-14
7545.  3.273880E-14
7547.9  3.268365E-14
7550.8  3.260968E-14
7553.7  3.254327E-14
7556.6  3.246149E-14
7559.5  3.241621E-14
7562.4  3.251578E-14
7565.3  3.267072E-14
7568.2  3.270435E-14
7571.1  3.265505E-14
7574.  3.261950E-14
7576.9  3.259524E-14
7579.8  3.256841E-14
7582.7  3.254113E-14
7585.6  3.251383E-14
7588.5  3.248655E-14
7591.4  3.245926E-14
7594.3  3.243198E-14
7597.2  3.240469E-14
7600.1  3.237740E-14
7603.  3.235011E-14
7605.9  3.232282E-14
7608.8  3.229554E-14
7611.7  3.226825E-14
7614.6  3.224097E-14
7617.5  3.221368E-14
7620.4  3.218639E-14
7623.3  3.215910E-14
7626.2  3.213182E-14
7629.1  3.210453E-14
7632.  3.207724E-14
7634.9  3.204995E-14
7637.8  3.202267E-14
7640.7  3.199542E-14
7643.6  3.196865E-14
7646.5  3.193980E-14
7649.4  3.190384E-14
7652.3  3.189633E-14
7655.2  3.193208E-14
7658.1  3.183683E-14
7661.  3.153364E-14
7663.9  3.131343E-14
7666.8  3.133132E-14
7669.7  3.143925E-14
7672.6  3.152011E-14
7675.5  3.149741E-14
7678.4  3.139074E-14
7681.3  3.129810E-14
7684.2  3.123547E-14
7687.1  3.118064E-14
7690.  3.110258E-14
7692.9  3.097885E-14
7695.8  3.085174E-14
7698.7  3.077186E-14
7701.6  3.079302E-14
7704.5  3.089813E-14
7707.4  3.091375E-14
7710.3  3.081598E-14
7713.2  3.078973E-14
7716.1  3.088326E-14
7719.  3.103469E-14
7721.9  3.116493E-14
7724.8  3.118903E-14
7727.7  3.115338E-14
7730.6  3.113554E-14
7733.5  3.106696E-14
7736.4  3.090076E-14
7739.3  3.078452E-14
7742.2  3.079032E-14
7745.1  3.075658E-14
7748.  3.064265E-14
7750.9  3.060583E-14
7753.8  3.066338E-14
7756.7  3.071311E-14
7759.6  3.065360E-14
7762.5  3.039391E-14
7765.4  3.005718E-14
7768.3  2.982872E-14
7771.2  2.959946E-14
7774.1  2.929399E-14
7777.  2.933107E-14
7779.9  2.989768E-14
7782.8  3.042803E-14
7785.7  3.062387E-14
7788.6  3.073546E-14
7791.5  3.081252E-14
7794.4  3.070199E-14
7797.3  3.046863E-14
7800.2  3.029417E-14
7803.1  3.027113E-14
7806.  3.042998E-14
7808.9  3.062296E-14
7811.8  3.068667E-14
7814.7  3.063657E-14
7817.6  3.052694E-14
7820.5  3.043851E-14
7823.4  3.039991E-14
7826.3  3.031443E-14
7829.2  3.019620E-14
7832.1  3.019209E-14
7835.  3.031309E-14
7837.9  3.047594E-14
7840.8  3.055997E-14
7843.7  3.044944E-14
7846.6  3.024538E-14
7849.5  3.009800E-14
7852.4  3.005221E-14
7855.3  3.009816E-14
7858.2  3.010070E-14
7861.1  2.999696E-14
7864.  2.991174E-14
7866.9  2.990905E-14
7869.8  2.996318E-14
7872.7  3.004162E-14
7875.6  3.009945E-14
7878.5  3.013042E-14
7881.4  3.015143E-14
7884.3  3.007959E-14
7887.2  2.984197E-14
7890.1  2.962106E-14
7893.  2.958126E-14
7895.9  2.962784E-14
7898.8  2.966689E-14
7901.7  2.967147E-14
7904.6  2.966364E-14
7907.5  2.975459E-14
7910.4  2.990390E-14
7913.3  2.992458E-14
7916.2  2.985404E-14
7919.1  2.985189E-14
7922.  2.983238E-14
7924.9  2.965986E-14
7927.8  2.948349E-14
7930.7  2.945934E-14
7933.6  2.952497E-14
7936.5  2.958941E-14
7939.4  2.954704E-14
7942.3  2.940770E-14
7945.2  2.939179E-14
7948.1  2.952094E-14
7951.  2.960397E-14
7953.9  2.958728E-14
7956.8  2.950386E-14
7959.7  2.943030E-14
7962.6  2.945143E-14
7965.5  2.951490E-14
7968.4  2.954420E-14
7971.3  2.953739E-14
7974.2  2.950581E-14
7977.1  2.947118E-14
7980.  2.944436E-14
7982.9  2.940766E-14
7985.8  2.935941E-14
7988.7  2.931730E-14
7991.6  2.928938E-14
7994.5  2.927473E-14
7997.4  2.927919E-14
8000.3  2.930810E-14
8003.2  2.929194E-14
8006.1  2.917278E-14
8009.  2.907644E-14
8011.9  2.910720E-14
8014.8  2.919851E-14
8017.7  2.927220E-14
8020.6  2.924583E-14
8023.5  2.915238E-14
8026.4  2.920416E-14
8029.3  2.931632E-14
8032.2  2.915890E-14
8035.1  2.888114E-14
8038.  2.884892E-14
8040.9  2.890843E-14
8043.8  2.880332E-14
8046.7  2.878914E-14
8049.6  2.905956E-14
8052.5  2.918922E-14
8055.4  2.896089E-14
8058.3  2.879898E-14
8061.2  2.889064E-14
8064.1  2.902638E-14
8067.  2.910848E-14
8069.9  2.913856E-14
8072.8  2.905625E-14
8075.7  2.879406E-14
8078.6  2.844837E-14
8081.5  2.816818E-14
8084.4  2.808291E-14
8087.3  2.824072E-14
8090.2  2.838064E-14
8093.1  2.832670E-14
8096.  2.825374E-14
8098.9  2.827088E-14
8101.8  2.834958E-14
8104.7  2.842240E-14
8107.6  2.836800E-14
8110.5  2.824768E-14
8113.4  2.823670E-14
8116.3  2.828606E-14
8119.2  2.826835E-14
8122.1  2.818045E-14
8125.  2.805317E-14
8127.9  2.790632E-14
8130.8  2.778675E-14
8133.7  2.783906E-14
8136.6  2.805591E-14
8139.5  2.813802E-14
8142.4  2.798746E-14
8145.3  2.775224E-14
8148.2  2.756862E-14
8151.1  2.755921E-14
8154.  2.769487E-14
8156.9  2.786732E-14
8159.8  2.794004E-14
8162.7  2.782095E-14
8165.6  2.772723E-14
8168.5  2.782971E-14
8171.4  2.795762E-14
8174.3  2.796055E-14
8177.2  2.777333E-14
8180.1  2.748809E-14
8183.  2.743620E-14
8185.9  2.751594E-14
8188.8  2.727017E-14
8191.7  2.687034E-14
8194.6  2.677118E-14
8197.5  2.697547E-14
8200.4  2.732804E-14
8203.3  2.769193E-14
8206.2  2.791609E-14
8209.1  2.780497E-14
8212.  2.733234E-14
8214.9  2.684579E-14
8217.8  2.653552E-14
8220.7  2.631588E-14
8223.6  2.614087E-14
8226.5  2.596740E-14
8229.4  2.604338E-14
8232.3  2.674087E-14
8235.2  2.757893E-14
8238.1  2.787074E-14
8241.  2.778134E-14
8243.9  2.762280E-14
8246.8  2.742189E-14
8249.7  2.721116E-14
8252.6  2.707302E-14
8255.5  2.703964E-14
8258.4  2.707323E-14
8261.3  2.713142E-14
8264.2  2.717801E-14
8267.1  2.716094E-14
8270.  2.702917E-14
8272.9  2.686381E-14
8275.8  2.678796E-14
8278.7  2.679835E-14
8281.6  2.685541E-14
8284.5  2.694884E-14
8287.4  2.703834E-14
8290.3  2.697583E-14
8293.2  2.675139E-14
8296.1  2.662834E-14
8299.  2.668020E-14
8301.9  2.673777E-14
8304.8  2.677405E-14
8307.7  2.686200E-14
8310.6  2.691405E-14
8313.5  2.679770E-14
8316.4  2.668209E-14
8319.3  2.675626E-14
8322.2  2.681623E-14
8325.1  2.668252E-14
8328.  2.648371E-14
8330.9  2.632250E-14
8333.8  2.617785E-14
8336.7  2.608998E-14
8339.6  2.618431E-14
8342.5  2.638706E-14
8345.4  2.647145E-14
8348.3  2.641583E-14
8351.2  2.630742E-14
8354.1  2.625212E-14
8357.  2.633690E-14
8359.9  2.645325E-14
8362.8  2.648967E-14
8365.7  2.650599E-14
8368.6  2.653428E-14
8371.5  2.649099E-14
8374.4  2.637411E-14
8377.3  2.631387E-14
8380.2  2.629201E-14
8383.1  2.615600E-14
8386.  2.593887E-14
8388.9  2.577100E-14
8391.8  2.574353E-14
8394.7  2.590347E-14
8397.6  2.607572E-14
8400.5  2.608986E-14
8403.4  2.603960E-14
8406.3  2.601378E-14
8409.2  2.599940E-14
8412.1  2.595805E-14
8415.  2.579318E-14
8417.9  2.556807E-14
8420.8  2.551834E-14
8423.7  2.561495E-14
8426.6  2.566042E-14
8429.5  2.562848E-14
8432.4  2.555976E-14
8435.3  2.540852E-14
8438.2  2.515751E-14
8441.1  2.502084E-14
8444.  2.512189E-14
8446.9  2.519694E-14
8449.8  2.514135E-14
8452.7  2.522825E-14
8455.6  2.546225E-14
8458.5  2.552914E-14
8461.4  2.539111E-14
8464.3  2.520492E-14
8467.2  2.507880E-14
8470.1  2.509030E-14
8473.  2.522204E-14
8475.9  2.540868E-14
8478.8  2.552131E-14
8481.7  2.548179E-14
8484.6  2.543701E-14
8487.5  2.545163E-14
8490.4  2.536732E-14
8493.3  2.511718E-14
8496.2  2.475523E-14
8499.1  2.440096E-14
8502.  2.422145E-14
8504.9  2.428023E-14
8507.8  2.456310E-14
8510.7  2.496816E-14
8513.6  2.536289E-14
8516.5  2.563908E-14
8519.4  2.574423E-14
8522.3  2.582127E-14
8525.2  2.592000E-14
8528.1  2.579997E-14
8531.  2.537107E-14
8533.9  2.479230E-14
8536.8  2.413958E-14
8539.7  2.341085E-14
8542.6  2.280811E-14
8545.5  2.261063E-14
8548.4  2.291864E-14
8551.3  2.369829E-14
8554.2  2.455739E-14
8557.1  2.512361E-14
8560.  2.552637E-14
8562.9  2.588270E-14
8565.8  2.605459E-14
8568.7  2.602552E-14
8571.6  2.598603E-14
8574.5  2.595748E-14
8577.4  2.578399E-14
8580.3  2.546800E-14
8583.2  2.510461E-14
8586.1  2.478359E-14
8589.  2.457922E-14
8591.9  2.427359E-14
8594.8  2.370248E-14
8597.7  2.337061E-14
8600.6  2.362970E-14
8603.5  2.410237E-14
8606.4  2.448961E-14
8609.3  2.475524E-14
8612.2  2.490840E-14
8615.1  2.502747E-14
8618.  2.517191E-14
8620.9  2.536835E-14
8623.8  2.566309E-14
8626.7  2.608345E-14
8629.6  2.639605E-14
8632.5  2.636445E-14
8635.4  2.615838E-14
8638.3  2.595598E-14
8641.2  2.568701E-14
8644.1  2.532051E-14
8647.  2.494473E-14
8649.9  2.457026E-14
8652.8  2.412662E-14
8655.7  2.352664E-14
8658.6  2.267014E-14
8661.5  2.188151E-14
8664.4  2.165642E-14
8667.3  2.192866E-14
8670.2  2.244054E-14
8673.1  2.307375E-14
8676.  2.371809E-14
8678.9  2.423189E-14
8681.8  2.457659E-14
8684.7  2.493847E-14
8687.6  2.538148E-14
8690.5  2.576100E-14
8693.4  2.600769E-14
8696.3  2.612041E-14
8699.2  2.614275E-14
8702.1  2.614672E-14
8705.  2.616329E-14
8707.9  2.619742E-14
8710.8  2.620174E-14
8713.7  2.612901E-14
8716.6  2.598556E-14
8719.5  2.580227E-14
8722.4  2.565554E-14
8725.3  2.556184E-14
8728.2  2.545266E-14
8731.1  2.519188E-14
8734.  2.456762E-14
8736.9  2.376703E-14
8739.8  2.322806E-14
8742.7  2.286575E-14
8745.6  2.242500E-14
8748.5  2.207855E-14
8751.4  2.205735E-14
8754.3  2.247343E-14
8757.2  2.327081E-14
8760.1  2.396696E-14
8763.  2.430111E-14
8765.9  2.449743E-14
8768.8  2.473655E-14
8771.7  2.514491E-14
8774.6  2.560325E-14
8777.5  2.580134E-14
8780.4  2.585795E-14
8783.3  2.605978E-14
8786.2  2.624071E-14
8789.1  2.618039E-14
8792.  2.609180E-14
8794.9  2.615023E-14
8797.8  2.617982E-14
8800.7  2.604416E-14
8803.6  2.572124E-14
8806.5  2.534429E-14
8809.4  2.525737E-14
8812.3  2.546058E-14
8815.2  2.566638E-14
8818.1  2.574356E-14
8821.  2.565255E-14
8823.9  2.542468E-14
8826.8  2.513532E-14
8829.7  2.496413E-14
8832.6  2.499413E-14
8835.5  2.482611E-14
8838.4  2.429062E-14
8841.3  2.392112E-14
8844.2  2.386405E-14
8847.1  2.363411E-14
8850.  2.312427E-14
8852.9  2.257617E-14
8855.8  2.206244E-14
8858.7  2.158057E-14
8861.6  2.124857E-14
8864.5  2.119498E-14
8867.4  2.145040E-14
8870.3  2.197293E-14
8873.2  2.256022E-14
8876.1  2.305965E-14
8879.  2.352782E-14
8881.9  2.398979E-14
8884.8  2.439863E-14
8887.7  2.470305E-14
8890.6  2.483796E-14
8893.5  2.487082E-14
8896.4  2.494919E-14
8899.3  2.507230E-14
8902.2  2.517894E-14
8905.1  2.522204E-14
8908.  2.517857E-14
8910.9  2.513301E-14
8913.8  2.516044E-14
8916.7  2.528255E-14
8919.6  2.542252E-14
8922.5  2.530487E-14
8925.4  2.497240E-14
8928.3  2.486428E-14
8931.2  2.498580E-14
8934.1  2.502333E-14
8937.  2.505687E-14
8939.9  2.530092E-14
8942.8  2.550273E-14
8945.7  2.537389E-14
8948.6  2.510989E-14
8951.5  2.494329E-14
8954.4  2.496917E-14
8957.3  2.514359E-14
8960.2  2.513042E-14
8963.1  2.487277E-14
8966.  2.471474E-14
8968.9  2.473289E-14
8971.8  2.478190E-14
8974.7  2.479799E-14
8977.6  2.475205E-14
8980.5  2.449681E-14
8983.4  2.392520E-14
8986.3  2.330178E-14
8989.2  2.291688E-14
8992.1  2.294882E-14
8995.  2.328976E-14
8997.9  2.319074E-14
9000.8  2.242441E-14
9003.7  2.159918E-14
9006.6  2.104389E-14
9009.5  2.082660E-14
9012.4  2.081383E-14
9015.3  2.074372E-14
9018.2  2.073681E-14
9021.1  2.101715E-14
9024.  2.156252E-14
9026.9  2.226347E-14
9029.8  2.289024E-14
9032.7  2.328220E-14
9035.6  2.351003E-14
9038.5  2.365994E-14
9041.4  2.380501E-14
9044.3  2.396663E-14
9047.2  2.410422E-14
9050.1  2.415789E-14
9053.  2.406607E-14
9055.9  2.386518E-14
9058.8  2.364073E-14
9061.7  2.352173E-14
9064.6  2.360493E-14
9067.5  2.382466E-14
9070.4  2.406803E-14
9073.3  2.417939E-14
9076.2  2.410354E-14
9079.1  2.398945E-14
9082.  2.389387E-14
9084.9  2.374894E-14
9087.8  2.358267E-14
9090.7  2.348351E-14
9093.6  2.346824E-14
9096.5  2.352239E-14
9099.4  2.363807E-14
9102.3  2.380964E-14
9105.2  2.414011E-14
9108.1  2.462783E-14
9111.  2.485198E-14
9113.9  2.462136E-14
9116.8  2.428286E-14
9119.7  2.409331E-14
9122.6  2.418027E-14
9125.5  2.437013E-14
9128.4  2.423375E-14
9131.3  2.392853E-14
9134.2  2.388110E-14
9137.1  2.418401E-14
9140.  2.475730E-14
9142.9  2.513802E-14
9145.8  2.494353E-14
9148.7  2.433752E-14
9151.6  2.364647E-14
9154.5  2.339281E-14
9157.4  2.373712E-14
9160.3  2.428171E-14
9163.2  2.466520E-14
9166.1  2.459144E-14
9169.  2.411859E-14
9171.9  2.354019E-14
9174.8  2.310623E-14
9177.7  2.300736E-14
9180.6  2.321899E-14
9183.5  2.360620E-14
9186.4  2.392119E-14
9189.3  2.395497E-14
9192.2  2.362085E-14
9195.1  2.304273E-14
9198.  2.267584E-14
9200.9  2.258617E-14
9203.8  2.241080E-14
9206.7  2.205829E-14
9209.6  2.160674E-14
9212.5  2.112387E-14
9215.4  2.067804E-14
9218.3  2.020205E-14
9221.2  1.963809E-14
9224.1  1.914081E-14
9227.  1.885221E-14
9229.9  1.877468E-14
9232.8  1.891256E-14
9235.7  1.930396E-14
9238.6  1.989100E-14
9241.5  2.051593E-14
9244.4  2.106983E-14
9247.3  2.148843E-14
9250.2  2.176447E-14
9253.1  2.193100E-14
9256.  2.195546E-14
9258.9  2.183112E-14
9261.8  2.180370E-14
9264.7  2.203968E-14
9267.6  2.232004E-14
9270.5  2.246477E-14
9273.4  2.245416E-14
9276.3  2.235239E-14
9279.2  2.232631E-14
9282.1  2.246724E-14
9285.  2.279450E-14
9287.9  2.311817E-14
9290.8  2.316817E-14
9293.7  2.297585E-14
9296.6  2.269230E-14
9299.5  2.255866E-14
9302.4  2.272548E-14
9305.3  2.296073E-14
9308.2  2.302185E-14
9311.1  2.275320E-14
9314.  2.220466E-14
9316.9  2.171526E-14
9319.8  2.151540E-14
9322.7  2.170626E-14
9325.6  2.216338E-14
9328.5  2.262564E-14
9331.4  2.286698E-14
9334.3  2.274552E-14
9337.2  2.246636E-14
9340.1  2.231377E-14
9343.  2.258397E-14
9345.9  2.328616E-14
9348.8  2.369027E-14
9351.7  2.344835E-14
9354.6  2.290648E-14
9357.5  2.249442E-14
9360.4  2.275467E-14
9363.3  2.326999E-14
9366.2  2.302847E-14
9369.1  2.239318E-14
9372.  2.220171E-14
9374.9  2.244784E-14
9377.8  2.289570E-14
9380.7  2.319150E-14
9383.6  2.312683E-14
9386.5  2.308877E-14
9389.4  2.321634E-14
9392.3  2.305812E-14
9395.2  2.255976E-14
9398.1  2.213664E-14
9401.  2.190656E-14
9403.9  2.178188E-14
9406.8  2.166909E-14
9409.7  2.147783E-14
9412.6  2.132023E-14
9415.5  2.134147E-14
9418.4  2.157019E-14
9421.3  2.194480E-14
9424.2  2.218611E-14
9427.1  2.213979E-14
9430.  2.194932E-14
9432.9  2.177108E-14
9435.8  2.178370E-14
9438.7  2.187832E-14
9441.6  2.167640E-14
9444.5  2.157943E-14
9447.4  2.229190E-14
9450.3  2.315285E-14
9453.2  2.324006E-14
9456.1  2.275653E-14
9459.  2.213361E-14
9461.9  2.176112E-14
9464.8  2.185966E-14
9467.7  2.224816E-14
9470.6  2.261421E-14
9473.5  2.250032E-14
9476.4  2.196416E-14
9479.3  2.152577E-14
9482.2  2.154277E-14
9485.1  2.222803E-14
9488.  2.280501E-14
9490.9  2.232868E-14
9493.8  2.125053E-14
9496.7  2.032779E-14
9499.6  2.019862E-14
9502.5  2.107507E-14
9505.4  2.211920E-14
9508.3  2.267503E-14
9511.2  2.258205E-14
9514.1  2.191730E-14
9517.  2.101650E-14
9519.9  2.025284E-14
9522.8  1.996404E-14
9525.7  2.007433E-14
9528.6  2.030319E-14
9531.5  2.032757E-14
9534.4  1.991237E-14
9537.3  1.929830E-14
9540.2  1.872853E-14
9543.1  1.813014E-14
9546.  1.755736E-14
9548.9  1.731644E-14
9551.8  1.752865E-14
9554.7  1.809520E-14
9557.6  1.886258E-14
9560.5  1.964589E-14
9563.4  2.024631E-14
9566.3  2.050307E-14
9569.2  2.072834E-14
9572.1  2.124500E-14
9575.  2.148301E-14
9577.9  2.105828E-14
9580.8  2.074808E-14
9583.7  2.096913E-14
9586.6  2.115095E-14
9589.5  2.107883E-14
9592.4  2.103260E-14
9595.3  2.113564E-14
9598.2  2.140762E-14
9601.1  2.166839E-14
9604.  2.165550E-14
9606.9  2.142431E-14
9609.8  2.114398E-14
9612.7  2.103191E-14
9615.6  2.120001E-14
9618.5  2.128733E-14
9621.4  2.110402E-14
9624.3  2.100572E-14
9627.2  2.116709E-14
9630.1  2.146106E-14
9633.  2.176891E-14
9635.9  2.198742E-14
9638.8  2.199024E-14
9641.7  2.166706E-14
9644.6  2.138377E-14
9647.5  2.157782E-14
9650.4  2.185894E-14
9653.3  2.178898E-14
9656.2  2.155563E-14
9659.1  2.137132E-14
9662.  2.132415E-14
9664.9  2.140104E-14
9667.8  2.138008E-14
9670.7  2.131542E-14
9673.6  2.157216E-14
9676.5  2.198716E-14
9679.4  2.208312E-14
9682.3  2.189476E-14
9685.2  2.165787E-14
9688.1  2.142509E-14
9691.  2.122745E-14
9693.9  2.116699E-14
9696.8  2.129643E-14
9699.7  2.155884E-14
9702.6  2.182547E-14
9705.5  2.183923E-14
9708.4  2.163581E-14
9711.3  2.161939E-14
9714.2  2.174650E-14
9717.1  2.166422E-14
9720.  2.138593E-14
9722.9  2.108262E-14
9725.8  2.102475E-14
9728.7  2.139592E-14
9731.6  2.169098E-14
9734.5  2.150454E-14
9737.4  2.119646E-14
9740.3  2.103766E-14
9743.2  2.093723E-14
9746.1  2.090631E-14
9749.  2.109973E-14
9751.9  2.138264E-14
9754.8  2.141160E-14
9757.7  2.116448E-14
9760.6  2.079434E-14
9763.5  2.062756E-14
9766.4  2.094492E-14
9769.3  2.139178E-14
9772.2  2.157226E-14
9775.1  2.143900E-14
9778.  2.109128E-14
9780.9  2.087142E-14
9783.8  2.094807E-14
9786.7  2.121066E-14
9789.6  2.141674E-14
9792.5  2.120668E-14
9795.4  2.073121E-14
9798.3  2.042842E-14
9801.2  2.037347E-14
9804.1  2.049186E-14
9807.  2.066473E-14
9809.9  2.076273E-14
9812.8  2.069095E-14
9815.7  2.046511E-14
9818.6  2.036077E-14
9821.5  2.050323E-14
9824.4  2.074132E-14
9827.3  2.091823E-14
9830.2  2.087526E-14
9833.1  2.068661E-14
9836.  2.056930E-14
9838.9  2.064648E-14
9841.8  2.095968E-14
9844.7  2.103928E-14
9847.6  2.049393E-14
9850.5  1.997180E-14
9853.4  2.000947E-14
9856.3  2.033309E-14
9859.2  2.068330E-14
9862.1  2.097645E-14
9865.  2.104292E-14
9867.9  2.060483E-14
9870.8  2.002635E-14
9873.7  2.010767E-14
9876.6  2.057304E-14
9879.5  2.070404E-14
9882.4  2.055460E-14
9885.3  2.036403E-14
9888.2  2.012726E-14
9891.1  1.986877E-14
9894.  1.979255E-14
9896.9  1.996490E-14
9899.8  2.013913E-14
9902.7  2.022493E-14
9905.6  2.037749E-14
9908.5  2.053289E-14
9911.4  2.047005E-14
9914.3  2.025755E-14
9917.2  2.009033E-14
9920.1  2.028733E-14
9923.  2.105028E-14
9925.9  2.149906E-14
9928.8  2.093441E-14
9931.7  2.014992E-14
9934.6  1.979667E-14
9937.5  1.974938E-14
9940.4  1.992520E-14
9943.3  2.035600E-14
9946.2  2.078373E-14
9949.1  2.071858E-14
9952.  2.030483E-14
9954.9  2.003418E-14
9957.8  2.001217E-14
9960.7  2.018075E-14
9963.6  2.014964E-14
9966.5  1.966700E-14
9969.4  1.957756E-14
9972.3  2.029515E-14
9975.2  2.068380E-14
9978.1  2.026708E-14
9981.  1.982733E-14
9983.9  1.967924E-14
9986.8  1.967387E-14
9989.7  1.957885E-14
9992.6  1.908910E-14
9995.5  1.862972E-14
9998.4  1.882353E-14
10001.3  1.926292E-14
10004.2  1.940122E-14
10007.1  1.936857E-14
10010.  1.932249E-14
10012.9  1.920182E-14
10015.8  1.902055E-14
10018.7  1.894964E-14
10021.6  1.893232E-14
10024.5  1.865398E-14
10027.4  1.812194E-14
10030.3  1.754476E-14
10033.2  1.746191E-14
10036.1  1.842805E-14
10039.  1.939428E-14
10041.9  1.917209E-14
10044.8  1.860416E-14
10047.7  1.848278E-14
10050.6  1.805436E-14
10053.5  1.711982E-14
10056.4  1.690439E-14
10059.3  1.766481E-14
10062.2  1.835412E-14
10065.1  1.852702E-14
10068.  1.821981E-14
10070.9  1.778340E-14
10073.8  1.772699E-14
10076.7  1.782727E-14
10079.6  1.768946E-14
10082.5  1.754903E-14
10085.4  1.762412E-14
10088.3  1.756251E-14
10091.2  1.725711E-14
10094.1  1.731511E-14
10097.  1.791069E-14
10099.9  1.858226E-14
10102.8  1.888741E-14
10105.7  1.837269E-14
10108.6  1.770507E-14
10111.5  1.811844E-14
10114.4  1.903642E-14
10117.3  1.935646E-14
10120.2  1.909468E-14
10123.1  1.856043E-14
10126.  1.827431E-14
10128.9  1.853114E-14
10131.8  1.887315E-14
10134.7  1.901439E-14
10137.6  1.906345E-14
10140.5  1.908521E-14
10143.4  1.909163E-14
10146.3  1.919652E-14
10149.2  1.957524E-14
10152.1  1.962856E-14
10155.  1.862224E-14
10157.9  1.762766E-14
10160.8  1.777373E-14
10163.7  1.816988E-14
10166.6  1.797097E-14
10169.5  1.729104E-14
10172.4  1.654190E-14
10175.3  1.662446E-14
10178.2  1.764968E-14
10181.1  1.874003E-14
10184.  1.941780E-14
10186.9  1.955601E-14
10189.8  1.892075E-14
10192.7  1.739293E-14
10195.6  1.615408E-14
10198.5  1.640029E-14
10201.4  1.746664E-14
10204.3  1.844280E-14
10207.2  1.881174E-14
10210.1  1.846392E-14
10213.  1.809952E-14
10215.9  1.817912E-14
10218.8  1.877396E-14
10221.7  1.952315E-14
10224.6  1.972762E-14
10227.5  1.926957E-14
10230.4  1.838386E-14
10233.3  1.779747E-14
10236.2  1.819375E-14
10239.1  1.904673E-14
10242.  1.962401E-14
10244.9  1.938202E-14
10247.8  1.826483E-14
10250.7  1.729038E-14
10253.6  1.704347E-14
10256.5  1.737710E-14
10259.4  1.778839E-14
10262.3  1.744907E-14
10265.2  1.659615E-14
10268.1  1.606336E-14
10271.  1.643327E-14
10273.9  1.798261E-14
10276.8  1.958740E-14
10279.7  2.008614E-14
10282.6  1.940266E-14
10285.5  1.811897E-14
10288.4  1.823053E-14
10291.3  2.013170E-14
10294.2  2.134695E-14
10297.1  2.092157E-14
10300.  1.949814E-14
10302.9  1.828966E-14
10305.8  1.884365E-14
10308.7  2.019094E-14
10311.6  2.047018E-14
10314.5  1.977959E-14
10317.4  1.870881E-14
10320.3  1.742909E-14
10323.2  1.637554E-14
10326.1  1.681967E-14
10329.  1.907832E-14
10331.9  2.168860E-14
10334.8  2.358192E-14
10337.7  2.436834E-14
10340.6  2.359535E-14
10343.5  2.088638E-14
10346.4  1.783788E-14
10349.3  1.667629E-14
10352.2  1.676285E-14
10355.1  1.676588E-14
10358.  1.623761E-14
10360.9  1.534045E-14
10363.8  1.622445E-14
10366.7  1.938339E-14
10369.6  2.140994E-14
10372.5  2.086072E-14
10375.4  1.907254E-14
10378.3  1.719505E-14
10381.2  1.631443E-14
10384.1  1.590933E-14
10387.  1.465605E-14
10389.9  1.366860E-14
10392.8  1.442314E-14
10395.7  1.562878E-14
10398.6  1.597443E-14
10401.5  1.607482E-14
10404.4  1.657624E-14
10407.3  1.796603E-14
10410.2  1.963741E-14
10413.1  1.917341E-14
10416.  1.698441E-14
10418.9  1.607873E-14
10421.8  1.687150E-14
10424.7  1.831567E-14
10427.6  1.896569E-14
10430.5  1.756572E-14
10433.4  1.655033E-14
10436.3  1.806898E-14
10439.2  1.882044E-14
10442.1  1.685798E-14
10445.  1.585309E-14
10447.9  1.714436E-14
10450.8  1.734175E-14
10453.7  1.678237E-14
10456.6  1.991494E-14
10459.5  2.407828E-14
10462.4  2.252549E-14
10465.3  1.761867E-14
10468.2  1.492555E-14
10471.1  1.533841E-14
10474.  1.813650E-14
10476.9  2.066107E-14
10479.8  2.072565E-14
10482.7  1.877509E-14
10485.6  1.606600E-14
10488.5  1.497274E-14
10491.4  1.570997E-14
10494.3  1.570298E-14
10497.2  1.469160E-14
10500.1  1.411490E-14
10503.  1.376917E-14
10505.9  1.290040E-14
10508.8  1.291191E-14
10511.7  1.517835E-14
10514.6  1.776164E-14
10517.5  1.885953E-14
10520.4  1.914658E-14
10523.3  1.920402E-14
10526.2  1.895156E-14
10529.1  1.843440E-14
10532.  1.767877E-14
10534.9  1.733322E-14
10537.8  1.853133E-14
10540.7  2.023788E-14
10543.6  2.051980E-14
10546.5  1.906822E-14
10549.4  1.646552E-14
10552.3  1.614610E-14
10555.2  2.023360E-14
10558.1  2.409667E-14
10561.  2.391507E-14
10563.9  1.934904E-14
10566.8  1.247893E-14
10569.7  8.683179E-15
10572.6  9.704246E-15
10575.5  1.373225E-14
10578.4  1.765387E-14
10581.3  1.784850E-14
10584.2  1.615456E-14
10587.1  1.613345E-14
10590.  1.837295E-14
10592.9  2.218479E-14
10595.8  2.378792E-14
10598.7  2.144770E-14
10601.6  2.028824E-14
10604.5  2.247003E-14
10607.4  2.471726E-14
10610.3  2.432692E-14
10613.2  1.881145E-14
10616.1  1.262142E-14
10619.  1.445083E-14
10621.9  1.900913E-14
10624.8  1.660319E-14
10627.7  1.236260E-14
10630.6  1.297535E-14
10633.5  1.429134E-14
10636.4  1.247575E-14
10639.3  8.201745E-15
10642.2  4.045764E-15
10645.1  6.096072E-15
10648.  1.409893E-14
10650.9  2.021118E-14
10653.8  2.123342E-14
10656.7  1.755821E-14
10659.6  1.303452E-14
10662.5  1.268652E-14
10665.4  1.762929E-14
10668.3  2.639886E-14
10671.2  2.901838E-14
10674.1  1.988057E-14
10677.  1.353436E-14
10679.9  1.811247E-14
10682.8  2.423237E-14
10685.7  2.600799E-14
10688.6  2.250810E-14
10691.5  1.656358E-14
10694.4  1.457718E-14
10697.3  1.490812E-14
10700.2  1.203786E-14
10703.1  7.880305E-15
10706.  5.957494E-15
10708.9  3.964323E-15
10711.8  1.765739E-16
10714.7  -5.150064E-16
10717.6  4.068068E-15
10720.5  8.501326E-15
10723.4  9.507799E-15
10726.3  7.181057E-15
10729.2  4.450857E-15
10732.1  7.188926E-15
10735.  1.215229E-14
10737.9  1.124333E-14
10740.8  8.259525E-15
10743.7  1.011474E-14
10746.6  1.457247E-14
10749.5  1.796452E-14
10752.4  1.962894E-14
10755.3  1.885146E-14
10758.2  1.366602E-14
10761.1  5.148547E-15
10764.  -5.949664E-16
10766.9  -2.121362E-15
10769.8  -3.377116E-15
10772.7  -3.140175E-15
10775.6  2.878805E-15
10778.5  9.946878E-15
10781.4  1.097135E-14
10784.3  1.374988E-14
10787.2  2.592575E-14
10790.1  3.538668E-14
10793.  3.275932E-14
10795.9  2.598404E-14
10798.8  1.914386E-14
10801.7  4.921953E-15
10804.6  -1.078347E-14
10807.5  -6.135042E-15
10810.4  1.305523E-14
10813.3  2.159013E-14
10816.2  1.815453E-14
10819.1  1.210017E-14
10822.  6.809882E-15
10824.9  4.255368E-15
10827.8  3.969917E-15
10830.7  5.103937E-15
10833.6  9.596971E-15
10836.5  1.584049E-14
10839.4  1.354331E-14
10842.3  3.689009E-15
10845.2  3.383050E-15
10848.1  1.182920E-14
10851.  1.307976E-14
10853.9  1.326362E-14
10856.8  2.766375E-14
10859.7  4.094755E-14
10862.6  3.317545E-14
10865.5  1.515403E-14
10868.4  1.540623E-15
10871.3  -1.210647E-15
10874.2  6.846528E-15
10877.1  1.058089E-14
10880.  6.552839E-15
10882.9  1.165895E-14
10885.8  2.502436E-14
10888.7  2.970667E-14
10891.6  2.401362E-14
10894.5  1.484342E-14
10897.4  5.431878E-15
10900.3  -1.975456E-15
10903.2  -4.078250E-15
10906.1  3.127338E-16
10909.  3.165768E-15
10911.9  3.107608E-16
10914.8  4.877391E-15
10917.7  1.358413E-14
10920.6  -8.559132E-15
10923.5  -5.375919E-14
10926.4  -7.068453E-14
10929.3  -4.676600E-14
10932.2  4.734998E-15
10935.1  5.085030E-14
10938.  5.557428E-14
10940.9  3.745761E-14
10943.8  2.536207E-14
10946.7  1.939702E-14
10949.6  1.637483E-14
10952.5  1.437996E-14
10955.4  1.089656E-14
10958.3  3.001886E-15
10961.2  -4.572903E-15
10964.1  3.073550E-15
10967.  1.791445E-14
10969.9  1.566648E-14
10972.8  5.405129E-15
10975.7  8.969888E-15
10978.6  1.939124E-14
10981.5  2.374751E-14
10984.4  1.830500E-14
10987.3  5.127574E-15
10990.2  3.377042E-15
10993.1  1.907212E-14
10996.  2.571527E-14
10998.9  1.576240E-14
