3050.  1.358061E-13
3052.9  1.329152E-13
3055.8  1.347781E-13
3058.7  1.261676E-13
3061.6  1.318215E-13
3064.5  1.421563E-13
3067.4  1.358966E-13
3070.3  1.359525E-13
3073.2  1.364463E-13
3076.1  1.390787E-13
3079.  1.350516E-13
3081.9  1.301881E-13
3084.8  1.372188E-13
3087.7  1.411633E-13
3090.6  1.387616E-13
3093.5  1.356944E-13
3096.4  1.358736E-13
3099.3  1.304725E-13
3102.2  1.328779E-13
3105.1  1.351615E-13
3108.  1.306627E-13
3110.9  1.348668E-13
3113.8  1.386846E-13
3116.7  1.393785E-13
3119.6  1.351936E-13
3122.5  1.383659E-13
3125.4  1.345442E-13
3128.3  1.388595E-13
3131.2  1.396369E-13
3134.1  1.374907E-13
3137.  1.426281E-13
3139.9  1.405486E-13
3142.8  1.417892E-13
3145.7  1.429012E-13
3148.6  1.432799E-13
3151.5  1.397269E-13
3154.4  1.366479E-13
3157.3  1.361406E-13
3160.2  1.344324E-13
3163.1  1.425498E-13
3166.  1.470128E-13
3168.9  1.447419E-13
3171.8  1.479815E-13
3174.7  1.442501E-13
3177.6  1.404335E-13
3180.5  1.358345E-13
3183.4  1.351257E-13
3186.3  1.374735E-13
3189.2  1.377369E-13
3192.1  1.373981E-13
3195.  1.359370E-13
3197.9  1.384942E-13
3200.8  1.456687E-13
3203.7  1.444163E-13
3206.6  1.393851E-13
3209.5  1.370027E-13
3212.4  1.347678E-13
3215.3  1.368734E-13
3218.2  1.366738E-13
3221.1  1.346033E-13
3224.  1.338551E-13
3226.9  1.327034E-13
3229.8  1.320257E-13
3232.7  1.323283E-13
3235.6  1.360404E-13
3238.5  1.398850E-13
3241.4  1.410174E-13
3244.3  1.406171E-13
3247.2  1.432964E-13
3250.1  1.450391E-13
3253.  1.484785E-13
3255.9  1.498342E-13
3258.8  1.499959E-13
3261.7  1.474915E-13
3264.6  1.457240E-13
3267.5  1.442105E-13
3270.4  1.422606E-13
3273.3  1.415072E-13
3276.2  1.397916E-13
3279.1  1.406811E-13
3282.  1.442313E-13
3284.9  1.455312E-13
3287.8  1.479212E-13
3290.7  1.522942E-13
3293.6  1.578240E-13
3296.5  1.579241E-13
3299.4  1.524610E-13
3302.3  1.510988E-13
3305.2  1.514479E-13
3308.1  1.489231E-13
3311.  1.482459E-13
3313.9  1.487699E-13
3316.8  1.492592E-13
3319.7  1.462851E-13
3322.6  1.442800E-13
3325.5  1.452779E-13
3328.4  1.445202E-13
3331.3  1.442250E-13
3334.2  1.452044E-13
3337.1  1.415007E-13
3340.  1.408446E-13
3342.9  1.445135E-13
3345.8  1.443044E-13
3348.7  1.467450E-13
3351.6  1.451165E-13
3354.5  1.457577E-13
3357.4  1.446147E-13
3360.3  1.420991E-13
3363.2  1.395620E-13
3366.1  1.395228E-13
3369.  1.369033E-13
3371.9  1.385257E-13
3374.8  1.404956E-13
3377.7  1.411529E-13
3380.6  1.412015E-13
3383.5  1.441611E-13
3386.4  1.443724E-13
3389.3  1.431338E-13
3392.2  1.416478E-13
3395.1  1.460432E-13
3398.  1.466378E-13
3400.9  1.432782E-13
3403.8  1.403067E-13
3406.7  1.401112E-13
3409.6  1.401003E-13
3412.5  1.416182E-13
3415.4  1.435130E-13
3418.3  1.472448E-13
3421.2  1.476659E-13
3424.1  1.467234E-13
3427.  1.472201E-13
3429.9  1.477326E-13
3432.8  1.448185E-13
3435.7  1.437288E-13
3438.6  1.385027E-13
3441.5  1.356238E-13
3444.4  1.384952E-13
3447.3  1.401130E-13
3450.2  1.392736E-13
3453.1  1.389426E-13
3456.  1.396308E-13
3458.9  1.391585E-13
3461.8  1.412611E-13
3464.7  1.451729E-13
3467.6  1.455173E-13
3470.5  1.432425E-13
3473.4  1.402095E-13
3476.3  1.406052E-13
3479.2  1.423576E-13
3482.1  1.433506E-13
3485.  1.430069E-13
3487.9  1.410641E-13
3490.8  1.380258E-13
3493.7  1.356509E-13
3496.6  1.389689E-13
3499.5  1.425277E-13
3502.4  1.448881E-13
3505.3  1.469908E-13
3508.2  1.485272E-13
3511.1  1.478696E-13
3514.  1.446614E-13
3516.9  1.421937E-13
3519.8  1.441894E-13
3522.7  1.429878E-13
3525.6  1.453694E-13
3528.5  1.456381E-13
3531.4  1.496032E-13
3534.3  1.500293E-13
3537.2  1.521876E-13
3540.1  1.502535E-13
3543.  1.511965E-13
3545.9  1.538467E-13
3548.8  1.569711E-13
3551.7  1.542138E-13
3554.6  1.509918E-13
3557.5  1.508960E-13
3560.4  1.490590E-13
3563.3  1.458104E-13
3566.2  1.426639E-13
3569.1  1.421506E-13
3572.  1.422470E-13
3574.9  1.452506E-13
3577.8  1.439452E-13
3580.7  1.416287E-13
3583.6  1.419890E-13
3586.5  1.428701E-13
3589.4  1.439834E-13
3592.3  1.465298E-13
3595.2  1.474903E-13
3598.1  1.447755E-13
3601.  1.417246E-13
3603.9  1.419084E-13
3606.8  1.436636E-13
3609.7  1.460445E-13
3612.6  1.467542E-13
3615.5  1.443454E-13
3618.4  1.428097E-13
3621.3  1.453891E-13
3624.2  1.492579E-13
3627.1  1.513556E-13
3630.  1.500179E-13
3632.9  1.489671E-13
3635.8  1.529557E-13
3638.7  1.544191E-13
3641.6  1.536608E-13
3644.5  1.539423E-13
3647.4  1.524357E-13
3650.3  1.516940E-13
3653.2  1.543390E-13
3656.1  1.584837E-13
3659.  1.597359E-13
3661.9  1.614738E-13
3664.8  1.626500E-13
3667.7  1.589973E-13
3670.6  1.562971E-13
3673.5  1.561693E-13
3676.4  1.560415E-13
3679.3  1.559138E-13
3682.2  1.557860E-13
3685.1  1.556582E-13
3688.  1.555305E-13
3690.9  1.554027E-13
3693.8  1.552749E-13
3696.7  1.551471E-13
3699.6  1.588582E-13
3702.5  1.573093E-13
3705.4  1.572033E-13
3708.3  1.583721E-13
3711.2  1.607141E-13
3714.1  1.628176E-13
3717.  1.648860E-13
3719.9  1.632880E-13
3722.8  1.609857E-13
3725.7  1.623790E-13
3728.6  1.636156E-13
3731.5  1.594574E-13
3734.4  1.570994E-13
3737.3  1.654230E-13
3740.2  1.736579E-13
3743.1  1.695575E-13
3746.  1.586293E-13
3748.9  1.532942E-13
3751.8  1.626743E-13
3754.7  1.814311E-13
3757.6  1.947697E-13
3760.5  1.938513E-13
3763.4  1.851398E-13
3766.3  1.724696E-13
3769.2  1.623284E-13
3772.1  1.674493E-13
3775.  1.928442E-13
3777.9  2.188095E-13
3780.8  2.356101E-13
3783.7  2.368683E-13
3786.6  2.253604E-13
3789.5  2.055807E-13
3792.4  1.835077E-13
3795.3  1.642800E-13
3798.2  1.613046E-13
3801.1  1.802216E-13
3804.  2.091401E-13
3806.9  2.363880E-13
3809.8  2.563354E-13
3812.7  2.620882E-13
3815.6  2.578051E-13
3818.5  2.542738E-13
3821.4  2.427002E-13
3824.3  2.221980E-13
3827.2  2.011577E-13
3830.1  1.769332E-13
3833.  1.543371E-13
3835.9  1.504330E-13
3838.8  1.703534E-13
3841.7  2.025442E-13
3844.6  2.351201E-13
3847.5  2.622406E-13
3850.4  2.773488E-13
3853.3  2.856796E-13
3856.2  2.933965E-13
3859.1  2.978619E-13
3862.  3.077649E-13
3864.9  3.099247E-13
3867.8  3.042722E-13
3870.7  2.936596E-13
3873.6  2.760264E-13
3876.5  2.590484E-13
3879.4  2.390502E-13
3882.3  2.145485E-13
3885.2  1.862015E-13
3888.1  1.648651E-13
3891.  1.684736E-13
3893.9  1.957084E-13
3896.8  2.260374E-13
3899.7  2.525135E-13
3902.6  2.742302E-13
3905.5  2.934853E-13
3908.4  3.095766E-13
3911.3  3.209691E-13
3914.2  3.326819E-13
3917.1  3.411251E-13
3920.  3.462122E-13
3922.9  3.463964E-13
3925.8  3.372280E-13
3928.7  3.163945E-13
3931.6  2.918300E-13
3934.5  2.897973E-13
3937.4  3.142243E-13
3940.3  3.367499E-13
3943.2  3.416837E-13
3946.1  3.339490E-13
3949.  3.208312E-13
3951.9  3.088542E-13
3954.8  2.977116E-13
3957.7  2.779279E-13
3960.6  2.485480E-13
3963.5  2.123293E-13
3966.4  1.800524E-13
3969.3  1.665242E-13
3972.2  1.823899E-13
3975.1  2.184915E-13
3978.  2.546754E-13
3980.9  2.854444E-13
3983.8  3.133851E-13
3986.7  3.318887E-13
3989.6  3.422126E-13
3992.5  3.483201E-13
3995.4  3.511547E-13
3998.3  3.552389E-13
4001.2  3.618724E-13
4004.1  3.660446E-13
4007.  3.657619E-13
4009.9  3.754850E-13
4012.8  3.785531E-13
4015.7  3.772919E-13
4018.6  3.805720E-13
4021.5  3.868583E-13
4024.4  3.791645E-13
4027.3  3.733393E-13
4030.2  3.654331E-13
4033.1  3.667015E-13
4036.  3.763897E-13
4038.9  3.793365E-13
4041.8  3.716820E-13
4044.7  3.627598E-13
4047.6  3.582540E-13
4050.5  3.598970E-13
4053.4  3.595621E-13
4056.3  3.540835E-13
4059.2  3.499033E-13
4062.1  3.412941E-13
4065.  3.293582E-13
4067.9  3.230105E-13
4070.8  3.201129E-13
4073.7  3.122919E-13
4076.6  2.998113E-13
4079.5  2.959241E-13
4082.4  2.956088E-13
4085.3  2.868831E-13
4088.2  2.736936E-13
4091.1  2.602579E-13
4094.  2.324106E-13
4096.9  2.007812E-13
4099.8  1.750398E-13
4102.7  1.684076E-13
4105.6  1.859888E-13
4108.5  2.174856E-13
4111.4  2.442075E-13
4114.3  2.648654E-13
4117.2  2.807874E-13
4120.1  2.893250E-13
4123.  2.991843E-13
4125.9  3.064843E-13
4128.8  3.068726E-13
4131.7  3.119833E-13
4134.6  3.213754E-13
4137.5  3.299774E-13
4140.4  3.366938E-13
4143.3  3.417624E-13
4146.2  3.458186E-13
4149.1  3.477340E-13
4152.  3.446542E-13
4154.9  3.394478E-13
4157.8  3.424010E-13
4160.7  3.487851E-13
4163.6  3.509815E-13
4166.5  3.484999E-13
4169.4  3.442537E-13
4172.3  3.421643E-13
4175.2  3.441768E-13
4178.1  3.455376E-13
4181.  3.467741E-13
4183.9  3.480680E-13
4186.8  3.506852E-13
4189.7  3.561574E-13
4192.6  3.572886E-13
4195.5  3.544823E-13
4198.4  3.455873E-13
4201.3  3.441513E-13
4204.2  3.535247E-13
4207.1  3.619715E-13
4210.  3.644723E-13
4212.9  3.630774E-13
4215.8  3.588065E-13
4218.7  3.558685E-13
4221.6  3.524143E-13
4224.5  3.450473E-13
4227.4  3.415400E-13
4230.3  3.483110E-13
4233.2  3.525946E-13
4236.1  3.481791E-13
4239.  3.419584E-13
4241.9  3.345779E-13
4244.8  3.296339E-13
4247.7  3.248330E-13
4250.6  3.260267E-13
4253.5  3.302660E-13
4256.4  3.347918E-13
4259.3  3.331282E-13
4262.2  3.310796E-13
4265.1  3.362219E-13
4268.  3.390148E-13
4270.9  3.301493E-13
4273.8  3.264559E-13
4276.7  3.332357E-13
4279.6  3.373045E-13
4282.5  3.335803E-13
4285.4  3.294709E-13
4288.3  3.277987E-13
4291.2  3.311233E-13
4294.1  3.410399E-13
4297.  3.393030E-13
4299.9  3.333234E-13
4302.8  3.290036E-13
4305.7  3.165843E-13
4308.6  3.113869E-13
4311.5  3.087123E-13
4314.4  3.051760E-13
4317.3  2.993665E-13
4320.2  2.915428E-13
4323.1  2.772663E-13
4326.  2.638357E-13
4328.9  2.507220E-13
4331.8  2.324175E-13
4334.7  2.041068E-13
4337.6  1.756272E-13
4340.5  1.616218E-13
4343.4  1.695143E-13
4346.3  1.962574E-13
4349.2  2.243557E-13
4352.1  2.477979E-13
4355.  2.693940E-13
4357.9  2.852972E-13
4360.8  2.967475E-13
4363.7  3.039022E-13
4366.6  3.062414E-13
4369.5  3.034290E-13
4372.4  3.054934E-13
4375.3  3.108630E-13
4378.2  3.181466E-13
4381.1  3.204723E-13
4384.  3.136866E-13
4386.9  3.121861E-13
4389.8  3.181068E-13
4392.7  3.182131E-13
4395.6  3.174880E-13
4398.5  3.204502E-13
4401.4  3.230035E-13
4404.3  3.274928E-13
4407.2  3.318171E-13
4410.1  3.331603E-13
4413.  3.280454E-13
4415.9  3.241005E-13
4418.8  3.237176E-13
4421.7  3.263087E-13
4424.6  3.298096E-13
4427.5  3.301048E-13
4430.4  3.271453E-13
4433.3  3.238316E-13
4436.2  3.232033E-13
4439.1  3.245653E-13
4442.  3.237267E-13
4444.9  3.209380E-13
4447.8  3.178820E-13
4450.7  3.142036E-13
4453.6  3.127707E-13
4456.5  3.103486E-13
4459.4  3.077361E-13
4462.3  3.099348E-13
4465.2  3.177164E-13
4468.1  3.293293E-13
4471.  3.318071E-13
4473.9  3.235117E-13
4476.8  3.144705E-13
4479.7  3.106351E-13
4482.6  3.079748E-13
4485.5  3.073626E-13
4488.4  3.062702E-13
4491.3  3.045919E-13
4494.2  3.079451E-13
4497.1  3.120297E-13
4500.  3.104709E-13
4502.9  3.087893E-13
4505.8  3.136918E-13
4508.7  3.161139E-13
4511.6  3.161218E-13
4514.5  3.151997E-13
4517.4  3.084562E-13
4520.3  3.041886E-13
4523.2  3.018190E-13
4526.1  3.028739E-13
4529.  3.024124E-13
4531.9  3.032834E-13
4534.8  3.054502E-13
4537.7  3.038986E-13
4540.6  3.016319E-13
4543.5  2.951076E-13
4546.4  2.943491E-13
4549.3  2.962414E-13
4552.2  2.934991E-13
4555.1  2.923661E-13
4558.  2.958629E-13
4560.9  2.986620E-13
4563.8  2.999400E-13
4566.7  3.059074E-13
4569.6  3.133042E-13
4572.5  3.116304E-13
4575.4  3.126217E-13
4578.3  3.112897E-13
4581.2  3.057974E-13
4584.1  3.012736E-13
4587.  2.996373E-13
4589.9  3.063135E-13
4592.8  3.089468E-13
4595.7  3.101233E-13
4598.6  3.080141E-13
4601.5  3.052642E-13
4604.4  3.034441E-13
4607.3  3.086597E-13
4610.2  3.127769E-13
4613.1  3.091773E-13
4616.  3.050427E-13
4618.9  3.004972E-13
4621.8  2.996917E-13
4624.7  3.022590E-13
4627.6  3.002685E-13
4630.5  2.953003E-13
4633.4  2.928493E-13
4636.3  2.926203E-13
4639.2  2.928730E-13
4642.1  2.888402E-13
4645.  2.858420E-13
4647.9  2.893558E-13
4650.8  2.943448E-13
4653.7  2.952610E-13
4656.6  2.972487E-13
4659.5  3.025384E-13
4662.4  3.007747E-13
4665.3  2.969517E-13
4668.2  2.910033E-13
4671.1  2.867293E-13
4674.  2.873345E-13
4676.9  2.895658E-13
4679.8  2.900252E-13
4682.7  2.948456E-13
4685.6  3.023969E-13
4688.5  3.014005E-13
4691.4  2.976841E-13
4694.3  2.948680E-13
4697.2  2.891267E-13
4700.1  2.807793E-13
4703.  2.733290E-13
4705.9  2.727333E-13
4708.8  2.778851E-13
4711.7  2.832833E-13
4714.6  2.865177E-13
4717.5  2.838487E-13
4720.4  2.835383E-13
4723.3  2.875539E-13
4726.2  2.880455E-13
4729.1  2.831451E-13
4732.  2.801266E-13
4734.9  2.790365E-13
4737.8  2.834756E-13
4740.7  2.865113E-13
4743.6  2.846066E-13
4746.5  2.830244E-13
4749.4  2.813664E-13
4752.3  2.828924E-13
4755.2  2.854703E-13
4758.1  2.874872E-13
4761.  2.850297E-13
4763.9  2.815183E-13
4766.8  2.828130E-13
4769.7  2.877184E-13
4772.6  2.901341E-13
4775.5  2.903671E-13
4778.4  2.872884E-13
4781.3  2.853028E-13
4784.2  2.829087E-13
4787.1  2.831497E-13
4790.  2.838910E-13
4792.9  2.843029E-13
4795.8  2.842744E-13
4798.7  2.860495E-13
4801.6  2.821105E-13
4804.5  2.756636E-13
4807.4  2.750898E-13
4810.3  2.757794E-13
4813.2  2.747063E-13
4816.1  2.741825E-13
4819.  2.732337E-13
4821.9  2.701236E-13
4824.8  2.633936E-13
4827.7  2.564412E-13
4830.6  2.544268E-13
4833.5  2.518697E-13
4836.4  2.495561E-13
4839.3  2.454638E-13
4842.2  2.379942E-13
4845.1  2.295036E-13
4848.  2.204324E-13
4850.9  2.110092E-13
4853.8  1.943805E-13
4856.7  1.688717E-13
4859.6  1.441565E-13
4862.5  1.337207E-13
4865.4  1.445967E-13
4868.3  1.654369E-13
4871.2  1.856596E-13
4874.1  2.010403E-13
4877.  2.134823E-13
4879.9  2.249062E-13
4882.8  2.334966E-13
4885.7  2.350275E-13
4888.6  2.342931E-13
4891.5  2.372632E-13
4894.4  2.437335E-13
4897.3  2.528147E-13
4900.2  2.544326E-13
4903.1  2.541281E-13
4906.  2.566455E-13
4908.9  2.590558E-13
4911.8  2.594796E-13
4914.7  2.585503E-13
4917.6  2.577691E-13
4920.5  2.537298E-13
4923.4  2.530585E-13
4926.3  2.547379E-13
4929.2  2.557729E-13
4932.1  2.547798E-13
4935.  2.527331E-13
4937.9  2.543090E-13
4940.8  2.578313E-13
4943.7  2.601585E-13
4946.6  2.659112E-13
4949.5  2.651168E-13
4952.4  2.601770E-13
4955.3  2.594165E-13
4958.2  2.592034E-13
4961.1  2.601913E-13
4964.  2.628823E-13
4966.9  2.643044E-13
4969.8  2.674585E-13
4972.7  2.682346E-13
4975.6  2.673276E-13
4978.5  2.619635E-13
4981.4  2.563842E-13
4984.3  2.509628E-13
4987.2  2.507613E-13
4990.1  2.542658E-13
4993.  2.565128E-13
4995.9  2.573796E-13
4998.8  2.541868E-13
5001.7  2.512025E-13
5004.6  2.484368E-13
5007.5  2.465090E-13
5010.4  2.460658E-13
5013.3  2.476996E-13
5016.2  2.469301E-13
5019.1  2.429782E-13
5022.  2.448309E-13
5024.9  2.511972E-13
5027.8  2.533937E-13
5030.7  2.518728E-13
5033.6  2.512818E-13
5036.5  2.513124E-13
5039.4  2.500682E-13
5042.3  2.474806E-13
5045.2  2.469732E-13
5048.1  2.489760E-13
5051.  2.490857E-13
5053.9  2.485808E-13
5056.8  2.504832E-13
5059.7  2.531824E-13
5062.6  2.537699E-13
5065.5  2.509372E-13
5068.4  2.481376E-13
5071.3  2.470562E-13
5074.2  2.440497E-13
5077.1  2.414388E-13
5080.  2.410438E-13
5082.9  2.401315E-13
5085.8  2.441426E-13
5088.7  2.493273E-13
5091.6  2.487544E-13
5094.5  2.476299E-13
5097.4  2.471566E-13
5100.3  2.439521E-13
5103.2  2.444867E-13
5106.1  2.470171E-13
5109.  2.469377E-13
5111.9  2.450438E-13
5114.8  2.433937E-13
5117.7  2.437090E-13
5120.6  2.435902E-13
5123.5  2.400804E-13
5126.4  2.387999E-13
5129.3  2.387169E-13
5132.2  2.358875E-13
5135.1  2.344448E-13
5138.  2.340095E-13
5140.9  2.336700E-13
5143.8  2.356679E-13
5146.7  2.372981E-13
5149.6  2.395498E-13
5152.5  2.392375E-13
5155.4  2.399633E-13
5158.3  2.423924E-13
5161.2  2.409548E-13
5164.1  2.383366E-13
5167.  2.314111E-13
5169.9  2.239532E-13
5172.8  2.261920E-13
5175.7  2.324000E-13
5178.6  2.344802E-13
5181.5  2.349521E-13
5184.4  2.335800E-13
5187.3  2.309855E-13
5190.2  2.286235E-13
5193.1  2.275679E-13
5196.  2.276759E-13
5198.9  2.284413E-13
5201.8  2.283039E-13
5204.7  2.280126E-13
5207.6  2.272455E-13
5210.5  2.279267E-13
5213.4  2.309891E-13
5216.3  2.305142E-13
5219.2  2.311739E-13
5222.1  2.340499E-13
5225.  2.338723E-13
5227.9  2.313406E-13
5230.8  2.294602E-13
5233.7  2.282738E-13
5236.6  2.263985E-13
5239.5  2.281761E-13
5242.4  2.286735E-13
5245.3  2.290449E-13
5248.2  2.289152E-13
5251.1  2.316701E-13
5254.  2.350351E-13
5256.9  2.336690E-13
5259.8  2.291353E-13
5262.7  2.230660E-13
5265.6  2.193212E-13
5268.5  2.178475E-13
5271.4  2.156172E-13
5274.3  2.163153E-13
5277.2  2.202561E-13
5280.1  2.236690E-13
5283.  2.243050E-13
5285.9  2.255325E-13
5288.8  2.275909E-13
5291.7  2.324191E-13
5294.6  2.342060E-13
5297.5  2.332663E-13
5300.4  2.306602E-13
5303.3  2.275226E-13
5306.2  2.278832E-13
5309.1  2.279640E-13
5312.  2.269109E-13
5314.9  2.247036E-13
5317.8  2.237116E-13
5320.7  2.250936E-13
5323.6  2.248832E-13
5326.5  2.205274E-13
5329.4  2.188120E-13
5332.3  2.206066E-13
5335.2  2.228480E-13
5338.1  2.210565E-13
5341.  2.197304E-13
5343.9  2.231985E-13
5346.8  2.228452E-13
5349.7  2.215665E-13
5352.6  2.247823E-13
5355.5  2.280839E-13
5358.4  2.272610E-13
5361.3  2.250036E-13
5364.2  2.214661E-13
5367.1  2.201474E-13
5370.  2.212633E-13
5372.9  2.223062E-13
5375.8  2.239236E-13
5378.7  2.254513E-13
5381.6  2.240899E-13
5384.5  2.230486E-13
5387.4  2.204184E-13
5390.3  2.190756E-13
5393.2  2.166779E-13
5396.1  2.161717E-13
5399.  2.164844E-13
5401.9  2.158374E-13
5404.8  2.121372E-13
5407.7  2.112876E-13
5410.6  2.138204E-13
5413.5  2.169315E-13
5416.4  2.187234E-13
5419.3  2.169427E-13
5422.2  2.153788E-13
5425.1  2.163871E-13
5428.  2.179985E-13
5430.9  2.169167E-13
5433.8  2.130445E-13
5436.7  2.132701E-13
5439.6  2.154548E-13
5442.5  2.163793E-13
5445.4  2.158728E-13
5448.3  2.151136E-13
5451.2  2.160335E-13
5454.1  2.191733E-13
5457.  2.179600E-13
5459.9  2.167967E-13
5462.8  2.163484E-13
5465.7  2.136066E-13
5468.6  2.131198E-13
5471.5  2.125485E-13
5474.4  2.089305E-13
5477.3  2.064460E-13
5480.2  2.065309E-13
5483.1  2.106894E-13
5486.  2.140238E-13
5488.9  2.140596E-13
5491.8  2.142698E-13
5494.7  2.120096E-13
5497.6  2.089909E-13
5500.5  2.068850E-13
5503.4  2.086201E-13
5506.3  2.107389E-13
5509.2  2.108112E-13
5512.1  2.105791E-13
5515.  2.106094E-13
5517.9  2.111706E-13
5520.8  2.105060E-13
5523.7  2.093939E-13
5526.6  2.071400E-13
5529.5  2.052397E-13
5532.4  2.059826E-13
5535.3  2.080065E-13
5538.2  2.089911E-13
5541.1  2.093310E-13
5544.  2.087284E-13
5546.9  2.090757E-13
5549.8  2.098522E-13
5552.7  2.114077E-13
5555.6  2.125872E-13
5558.5  2.122311E-13
5561.4  2.096683E-13
5564.3  2.079340E-13
5567.2  2.036754E-13
5570.1  2.044780E-13
5573.  2.070922E-13
5575.9  2.064757E-13
5578.8  2.044927E-13
5581.7  2.046149E-13
5584.6  2.023186E-13
5587.5  1.985320E-13
5590.4  1.981531E-13
5593.3  1.995588E-13
5596.2  2.001446E-13
5599.1  2.017267E-13
5602.  2.024340E-13
5604.9  2.031546E-13
5607.8  2.039511E-13
5610.7  2.045447E-13
5613.6  2.034806E-13
5616.5  2.005543E-13
5619.4  2.004946E-13
5622.3  2.023526E-13
5625.2  2.022493E-13
5628.1  2.016385E-13
5631.  2.016647E-13
5633.9  2.002912E-13
5636.8  1.988533E-13
5639.7  1.972844E-13
5642.6  1.973780E-13
5645.5  2.000446E-13
5648.4  2.015097E-13
5651.3  2.019895E-13
5654.2  2.014057E-13
5657.1  1.999132E-13
5660.  1.979141E-13
5662.9  1.964014E-13
5665.8  1.970624E-13
5668.7  1.998698E-13
5671.6  2.022470E-13
5674.5  2.031541E-13
5677.4  2.016356E-13
5680.3  2.013907E-13
5683.2  2.006549E-13
5686.1  1.994085E-13
5689.  1.984862E-13
5691.9  1.971848E-13
5694.8  1.969218E-13
5697.7  1.972140E-13
5700.6  1.960313E-13
5703.5  1.935897E-13
5706.4  1.935521E-13
5709.3  1.937815E-13
5712.2  1.925466E-13
5715.1  1.913117E-13
5718.  1.930264E-13
5720.9  1.944511E-13
5723.8  1.952131E-13
5726.7  1.958748E-13
5729.6  1.957786E-13
5732.5  1.959876E-13
5735.4  1.956480E-13
5738.3  1.935398E-13
5741.2  1.937688E-13
5744.1  1.946095E-13
5747.  1.941483E-13
5749.9  1.940985E-13
5752.8  1.950143E-13
5755.7  1.956231E-13
5758.6  1.943126E-13
5761.5  1.920029E-13
5764.4  1.910955E-13
5767.3  1.940797E-13
5770.2  1.962366E-13
5773.1  1.941873E-13
5776.  1.919763E-13
5778.9  1.901473E-13
5781.8  1.892761E-13
5784.7  1.900337E-13
5787.6  1.908141E-13
5790.5  1.922760E-13
5793.4  1.931296E-13
5796.3  1.817707E-13
5799.2  1.810486E-13
5802.1  1.796215E-13
5805.  1.797219E-13
5807.9  1.817795E-13
5810.8  1.840919E-13
5813.7  1.859384E-13
5816.6  1.877515E-13
5819.5  1.887790E-13
5822.4  1.891835E-13
5825.3  1.888940E-13
5828.2  1.883907E-13
5831.1  1.878532E-13
5834.  1.869917E-13
5836.9  1.867923E-13
5839.8  1.876131E-13
5842.7  1.885110E-13
5845.6  1.887041E-13
5848.5  1.875589E-13
5851.4  1.855836E-13
5854.3  1.840685E-13
5857.2  1.825048E-13
5860.1  1.812662E-13
5863.  1.816772E-13
5865.9  1.833561E-13
5868.8  1.867198E-13
5871.7  1.903796E-13
5874.6  1.925694E-13
5877.5  1.913192E-13
5880.4  1.871699E-13
5883.3  1.832476E-13
5886.2  1.801070E-13
5889.1  1.769694E-13
5892.  1.741843E-13
5894.9  1.740728E-13
5897.8  1.749731E-13
5900.7  1.766521E-13
5903.6  1.784139E-13
5906.5  1.805236E-13
5909.4  1.826895E-13
5912.3  1.850633E-13
5915.2  1.848948E-13
5918.1  1.825801E-13
5921.  1.812661E-13
5923.9  1.803989E-13
5926.8  1.790513E-13
5929.7  1.781142E-13
5932.6  1.770102E-13
5935.5  1.764692E-13
5938.4  1.773124E-13
5941.3  1.778295E-13
5944.2  1.770040E-13
5947.1  1.764624E-13
5950.  1.764886E-13
5952.9  1.771230E-13
5955.8  1.783827E-13
5958.7  1.786379E-13
5961.6  1.783552E-13
5964.5  1.781512E-13
5967.4  1.784718E-13
5970.3  1.786677E-13
5973.2  1.787321E-13
5976.1  1.791585E-13
5979.  1.790532E-13
5981.9  1.782527E-13
5984.8  1.767042E-13
5987.7  1.751803E-13
5990.6  1.748811E-13
5993.5  1.749000E-13
5996.4  1.748345E-13
5999.3  1.739191E-13
6002.2  1.721384E-13
6005.1  1.707591E-13
6008.  1.702285E-13
6010.9  1.700884E-13
6013.8  1.699813E-13
6016.7  1.698249E-13
6019.6  1.695961E-13
6022.5  1.693086E-13
6025.4  1.708561E-13
6028.3  1.732282E-13
6031.2  1.746538E-13
6034.1  1.743812E-13
6037.  1.744603E-13
6039.9  1.748649E-13
6042.8  1.744337E-13
6045.7  1.725632E-13
6048.6  1.723846E-13
6051.5  1.734086E-13
6054.4  1.726855E-13
6057.3  1.716637E-13
6060.2  1.711892E-13
6063.1  1.711741E-13
6066.  1.710712E-13
6068.9  1.725476E-13
6071.8  1.728325E-13
6074.7  1.716585E-13
6077.6  1.715545E-13
6080.5  1.711290E-13
6083.4  1.699893E-13
6086.3  1.693011E-13
6089.2  1.694358E-13
6092.1  1.698000E-13
6095.  1.701971E-13
6097.9  1.700186E-13
6100.8  1.703803E-13
6103.7  1.699818E-13
6106.6  1.691989E-13
6109.5  1.676014E-13
6112.4  1.656358E-13
6115.3  1.659423E-13
6118.2  1.670531E-13
6121.1  1.686845E-13
6124.  1.692868E-13
6126.9  1.690205E-13
6129.8  1.683142E-13
6132.7  1.667459E-13
6135.6  1.647778E-13
6138.5  1.634909E-13
6141.4  1.626836E-13
6144.3  1.621383E-13
6147.2  1.615807E-13
6150.1  1.604317E-13
6153.  1.592858E-13
6155.9  1.591375E-13
6158.8  1.605328E-13
6161.7  1.624250E-13
6164.6  1.637191E-13
6167.5  1.643083E-13
6170.4  1.641182E-13
6173.3  1.632307E-13
6176.2  1.629577E-13
6179.1  1.637887E-13
6182.  1.649013E-13
6184.9  1.638957E-13
6187.8  1.620492E-13
6190.7  1.620935E-13
6193.6  1.621259E-13
6196.5  1.615041E-13
6199.4  1.597797E-13
6202.3  1.594809E-13
6205.2  1.594344E-13
6208.1  1.592195E-13
6211.  1.586837E-13
6213.9  1.582114E-13
6216.8  1.573230E-13
6219.7  1.574044E-13
6222.6  1.587624E-13
6225.5  1.585339E-13
6228.4  1.569343E-13
6231.3  1.568760E-13
6234.2  1.565662E-13
6237.1  1.561763E-13
6240.  1.553861E-13
6242.9  1.547389E-13
6245.8  1.538524E-13
6248.7  1.535509E-13
6251.6  1.547747E-13
6254.5  1.558492E-13
6257.4  1.568854E-13
6260.3  1.577666E-13
6263.2  1.582830E-13
6266.1  1.595982E-13
6269.  1.598882E-13
6271.9  1.598902E-13
6274.8  1.596664E-13
6277.7  1.580354E-13
6280.6  1.558065E-13
6283.5  1.543010E-13
6286.4  1.540304E-13
6289.3  1.542470E-13
6292.2  1.544815E-13
6295.1  1.543169E-13
6298.  1.538511E-13
6300.9  1.533244E-13
6303.8  1.529319E-13
6306.7  1.535489E-13
6309.6  1.540083E-13
6312.5  1.535266E-13
6315.4  1.523749E-13
6318.3  1.517815E-13
6321.2  1.512036E-13
6324.1  1.505021E-13
6327.  1.503035E-13
6329.9  1.510385E-13
6332.8  1.520602E-13
6335.7  1.527509E-13
6338.6  1.523103E-13
6341.5  1.520680E-13
6344.4  1.521671E-13
6347.3  1.514395E-13
6350.2  1.503606E-13
6353.1  1.494745E-13
6356.  1.496147E-13
6358.9  1.503531E-13
6361.8  1.505563E-13
6364.7  1.509446E-13
6367.6  1.527849E-13
6370.5  1.541150E-13
6373.4  1.545325E-13
6376.3  1.535030E-13
6379.2  1.527904E-13
6382.1  1.515009E-13
6385.  1.499229E-13
6387.9  1.487918E-13
6390.8  1.485743E-13
6393.7  1.486650E-13
6396.6  1.487198E-13
6399.5  1.501940E-13
6402.4  1.507351E-13
6405.3  1.493381E-13
6408.2  1.486546E-13
6411.1  1.482059E-13
6414.  1.472754E-13
6416.9  1.462999E-13
6419.8  1.467191E-13
6422.7  1.473601E-13
6425.6  1.475839E-13
6428.5  1.476594E-13
6431.4  1.474829E-13
6434.3  1.465530E-13
6437.2  1.468977E-13
6440.1  1.485705E-13
6443.  1.493995E-13
6445.9  1.497447E-13
6448.8  1.494322E-13
6451.7  1.476865E-13
6454.6  1.461563E-13
6457.5  1.457240E-13
6460.4  1.452618E-13
6463.3  1.456218E-13
6466.2  1.466804E-13
6469.1  1.475233E-13
6472.  1.473665E-13
6474.9  1.467348E-13
6477.8  1.466615E-13
6480.7  1.463453E-13
6483.6  1.443199E-13
6486.5  1.439820E-13
6489.4  1.431621E-13
6492.3  1.421710E-13
6495.2  1.412837E-13
6498.1  1.406449E-13
6501.  1.404574E-13
6503.9  1.409349E-13
6506.8  1.417758E-13
6509.7  1.424126E-13
6512.6  1.423450E-13
6515.5  1.412653E-13
6518.4  1.401589E-13
6521.3  1.398790E-13
6524.2  1.391206E-13
6527.1  1.371927E-13
6530.  1.358520E-13
6532.9  1.357041E-13
6535.8  1.352407E-13
6538.7  1.337656E-13
6541.6  1.314285E-13
6544.5  1.285050E-13
6547.4  1.254029E-13
6550.3  1.218734E-13
6553.2  1.174770E-13
6556.1  1.124093E-13
6559.  1.070973E-13
6561.9  1.017164E-13
6564.8  9.698021E-14
6567.7  9.519673E-14
6570.6  9.745515E-14
6573.5  1.025199E-13
6576.4  1.088647E-13
6579.3  1.148129E-13
6582.2  1.195916E-13
6585.1  1.232533E-13
6588.  1.260809E-13
6590.9  1.285017E-13
6593.8  1.304353E-13
6596.7  1.317423E-13
6599.6  1.328626E-13
6602.5  1.341408E-13
6605.4  1.353382E-13
6608.3  1.362489E-13
6611.2  1.368198E-13
6614.1  1.372278E-13
6617.  1.379996E-13
6619.9  1.389573E-13
6622.8  1.393570E-13
6625.7  1.391915E-13
6628.6  1.388304E-13
6631.5  1.384998E-13
6634.4  1.383506E-13
6637.3  1.383237E-13
6640.2  1.382726E-13
6643.1  1.379494E-13
6646.  1.372578E-13
6648.9  1.364579E-13
6651.8  1.358175E-13
6654.7  1.355633E-13
6657.6  1.357448E-13
6660.5  1.362243E-13
6663.4  1.368449E-13
6666.3  1.374483E-13
6669.2  1.378431E-13
6672.1  1.378862E-13
6675.  1.379055E-13
6677.9  1.381540E-13
6680.8  1.379996E-13
6683.7  1.370906E-13
6686.6  1.360628E-13
6689.5  1.353912E-13
6692.4  1.351919E-13
6695.3  1.353098E-13
6698.2  1.353113E-13
6701.1  1.349633E-13
6704.  1.341985E-13
6706.9  1.335215E-13
6709.8  1.335745E-13
6712.7  1.340448E-13
6715.6  1.344389E-13
6718.5  1.346989E-13
6721.4  1.348481E-13
6724.3  1.350294E-13
6727.2  1.352383E-13
6730.1  1.351202E-13
6733.  1.346788E-13
6735.9  1.343585E-13
6738.8  1.342114E-13
6741.7  1.340114E-13
6744.6  1.338354E-13
6747.5  1.338588E-13
6750.4  1.341369E-13
6753.3  1.346256E-13
6756.2  1.348891E-13
6759.1  1.346337E-13
6762.  1.343279E-13
6764.9  1.341719E-13
6767.8  1.335651E-13
6770.7  1.325512E-13
6773.6  1.320813E-13
6776.5  1.320848E-13
6779.4  1.316909E-13
6782.3  1.308426E-13
6785.2  1.298982E-13
6788.1  1.293020E-13
6791.  1.294366E-13
6793.9  1.300621E-13
6796.8  1.308270E-13
6799.7  1.316721E-13
6802.6  1.323890E-13
6805.5  1.323284E-13
6808.4  1.314723E-13
6811.3  1.307507E-13
6814.2  1.304632E-13
6817.1  1.303153E-13
6820.  1.301103E-13
6822.9  1.296970E-13
6825.8  1.294100E-13
6828.7  1.296699E-13
6831.6  1.302845E-13
6834.5  1.308777E-13
6837.4  1.308689E-13
6840.3  1.300362E-13
6843.2  1.291585E-13
6846.1  1.287143E-13
6849.  1.284960E-13
6851.9  1.285611E-13
6854.8  1.291839E-13
6857.7  1.303717E-13
6860.6  1.319224E-13
6863.5  1.329692E-13
6866.4  1.325383E-13
6869.3  1.298485E-13
6872.2  1.249504E-13
6875.1  1.212465E-13
6878.  1.212172E-13
6880.9  1.232005E-13
6883.8  1.254085E-13
6886.7  1.265789E-13
6889.6  1.263858E-13
6892.5  1.257561E-13
6895.4  1.253308E-13
6898.3  1.254932E-13
6901.2  1.258863E-13
6904.1  1.258255E-13
6907.  1.252914E-13
6909.9  1.245041E-13
6912.8  1.238000E-13
6915.7  1.234841E-13
6918.6  1.236741E-13
6921.5  1.242373E-13
6924.4  1.246075E-13
6927.3  1.245113E-13
6930.2  1.241120E-13
6933.1  1.235845E-13
6936.  1.231133E-13
6938.9  1.227682E-13
6941.8  1.225404E-13
6944.7  1.222788E-13
6947.6  1.218463E-13
6950.5  1.215778E-13
6953.4  1.217483E-13
6956.3  1.220892E-13
6959.2  1.223219E-13
6962.1  1.222784E-13
6965.  1.219872E-13
6967.9  1.217940E-13
6970.8  1.217146E-13
6973.7  1.214447E-13
6976.6  1.210675E-13
6979.5  1.208592E-13
6982.4  1.208686E-13
6985.3  1.210389E-13
6988.2  1.210640E-13
6991.1  1.207218E-13
6994.  1.204201E-13
6996.9  1.204573E-13
6999.8  1.206172E-13
7002.7  1.207124E-13
7005.6  1.206883E-13
7008.5  1.203846E-13
7011.4  1.195297E-13
7014.3  1.185485E-13
7017.2  1.182740E-13
7020.1  1.186350E-13
7023.  1.191931E-13
7025.9  1.199918E-13
7028.8  1.210609E-13
7031.7  1.219475E-13
7034.6  1.222631E-13
7037.5  1.219318E-13
7040.4  1.211173E-13
7043.3  1.203645E-13
7046.2  1.198636E-13
7049.1  1.193193E-13
7052.  1.188404E-13
7054.9  1.187924E-13
7057.8  1.191126E-13
7060.7  1.195421E-13
7063.6  1.198926E-13
7066.5  1.200131E-13
7069.4  1.198795E-13
7072.3  1.195005E-13
7075.2  1.188134E-13
7078.1  1.178999E-13
7081.  1.171054E-13
7083.9  1.166658E-13
7086.8  1.166450E-13
7089.7  1.169666E-13
7092.6  1.174383E-13
7095.5  1.178210E-13
7098.4  1.178918E-13
7101.3  1.177663E-13
7104.2  1.176589E-13
7107.1  1.176079E-13
7110.  1.175921E-13
7112.9  1.174809E-13
7115.8  1.172089E-13
7118.7  1.169031E-13
7121.6  1.166472E-13
7124.5  1.164484E-13
7127.4  1.162533E-13
7130.3  1.159634E-13
7133.2  1.154950E-13
7136.1  1.147952E-13
7139.  1.142000E-13
7141.9  1.141067E-13
7144.8  1.142913E-13
7147.7  1.144531E-13
7150.6  1.145837E-13
7153.5  1.147730E-13
7156.4  1.153643E-13
7159.3  1.162759E-13
7162.2  1.166718E-13
7165.1  1.163431E-13
7168.  1.157742E-13
7170.9  1.151098E-13
7173.8  1.142881E-13
7176.7  1.136238E-13
7179.6  1.134736E-13
7182.5  1.133597E-13
7185.4  1.127632E-13
7188.3  1.120134E-13
7191.2  1.114833E-13
7194.1  1.113803E-13
7197.  1.115298E-13
7199.9  1.109835E-13
7202.8  1.097642E-13
7205.7  1.090823E-13
7208.6  1.091870E-13
7211.5  1.096298E-13
7214.4  1.101527E-13
7217.3  1.105660E-13
7220.2  1.110005E-13
7223.1  1.116108E-13
7226.  1.120694E-13
7228.9  1.120696E-13
7231.8  1.115680E-13
7234.7  1.107296E-13
7237.6  1.100800E-13
7240.5  1.098394E-13
7243.4  1.097810E-13
7246.3  1.097369E-13
7249.2  1.095939E-13
7252.1  1.093241E-13
7255.  1.089694E-13
7257.9  1.087209E-13
7260.8  1.087621E-13
7263.7  1.089161E-13
7266.6  1.089832E-13
7269.5  1.090229E-13
7272.4  1.090307E-13
7275.3  1.087785E-13
7278.2  1.082444E-13
7281.1  1.077206E-13
7284.  1.072987E-13
7286.9  1.068889E-13
7289.8  1.065066E-13
7292.7  1.062104E-13
7295.6  1.063357E-13
7298.5  1.071888E-13
7301.4  1.082422E-13
7304.3  1.088888E-13
7307.2  1.090270E-13
7310.1  1.087307E-13
7313.  1.083276E-13
7315.9  1.080266E-13
7318.8  1.077250E-13
7321.7  1.075306E-13
7324.6  1.077706E-13
7327.5  1.082947E-13
7330.4  1.086621E-13
7333.3  1.088342E-13
7336.2  1.089290E-13
7339.1  1.089577E-13
7342.  1.089076E-13
7344.9  1.086625E-13
7347.8  1.081978E-13
7350.7  1.077836E-13
7353.6  1.076117E-13
7356.5  1.077159E-13
7359.4  1.078939E-13
7362.3  1.076625E-13
7365.2  1.070943E-13
7368.1  1.066599E-13
7371.  1.065292E-13
7373.9  1.067031E-13
7376.8  1.068776E-13
7379.7  1.067243E-13
7382.6  1.063148E-13
7385.5  1.058306E-13
7388.4  1.055592E-13
7391.3  1.056076E-13
7394.2  1.056522E-13
7397.1  1.055706E-13
7400.  1.055516E-13
7402.9  1.055684E-13
7405.8  1.054446E-13
7408.7  1.051549E-13
7411.6  1.047540E-13
7414.5  1.045569E-13
7417.4  1.048510E-13
7420.3  1.051718E-13
7423.2  1.050872E-13
7426.1  1.048780E-13
7429.  1.048069E-13
7431.9  1.049267E-13
7434.8  1.051579E-13
7437.7  1.052216E-13
7440.6  1.050005E-13
7443.5  1.045565E-13
7446.4  1.039234E-13
7449.3  1.031411E-13
7452.2  1.024897E-13
7455.1  1.022700E-13
7458.  1.023988E-13
7460.9  1.026893E-13
7463.8  1.029486E-13
7466.7  1.030840E-13
7469.6  1.033297E-13
7472.5  1.037022E-13
7475.4  1.037826E-13
7478.3  1.035698E-13
7481.2  1.035203E-13
7484.1  1.035205E-13
7487.  1.031204E-13
7489.9  1.025275E-13
7492.8  1.021601E-13
7495.7  1.019837E-13
7498.6  1.018509E-13
7501.5  1.016615E-13
7504.4  1.013239E-13
7507.3  1.007825E-13
7510.2  1.000616E-13
7513.1  9.925132E-14
7516.  9.868346E-14
7518.9  9.898815E-14
7521.8  9.987556E-14
7524.7  1.003844E-13
7527.6  1.006747E-13
7530.5  1.013448E-13
7533.4  1.019334E-13
7536.3  1.018684E-13
7539.2  1.014576E-13
7542.1  1.011137E-13
7545.  1.011280E-13
7547.9  1.015121E-13
7550.8  1.016940E-13
7553.7  1.014343E-13
7556.6  1.009827E-13
7559.5  1.005444E-13
7562.4  1.002943E-13
7565.3  1.001941E-13
7568.2  1.000843E-13
7571.1  9.995059E-14
7574.  9.982021E-14
7576.9  9.969121E-14
7579.8  9.956221E-14
7582.7  9.943322E-14
7585.6  9.930423E-14
7588.5  9.917524E-14
7591.4  9.904625E-14
7594.3  9.891725E-14
7597.2  9.878825E-14
7600.1  9.865924E-14
7603.  9.853025E-14
7605.9  9.840126E-14
7608.8  9.827227E-14
7611.7  9.814327E-14
7614.6  9.801429E-14
7617.5  9.788530E-14
7620.4  9.775629E-14
7623.3  9.762728E-14
7626.2  9.749829E-14
7629.1  9.736930E-14
7632.  9.724031E-14
7634.9  9.711131E-14
7637.8  9.698232E-14
7640.7  9.685332E-14
7643.6  9.672433E-14
7646.5  9.659533E-14
7649.4  9.646633E-14
7652.3  9.633733E-14
7655.2  9.620834E-14
7658.1  9.607935E-14
7661.  9.595035E-14
7663.9  9.582290E-14
7666.8  9.569501E-14
7669.7  9.555125E-14
7672.6  9.541953E-14
7675.5  9.537634E-14
7678.4  9.541742E-14
7681.3  9.548142E-14
7684.2  9.546494E-14
7687.1  9.527114E-14
7690.  9.494645E-14
7692.9  9.460496E-14
7695.8  9.453084E-14
7698.7  9.485513E-14
7701.6  9.507929E-14
7704.5  9.496747E-14
7707.4  9.501842E-14
7710.3  9.529502E-14
7713.2  9.520775E-14
7716.1  9.493148E-14
7719.  9.524299E-14
7721.9  9.583859E-14
7724.8  9.592778E-14
7727.7  9.560897E-14
7730.6  9.522756E-14
7733.5  9.480899E-14
7736.4  9.435585E-14
7739.3  9.392720E-14
7742.2  9.357923E-14
7745.1  9.336221E-14
7748.  9.331994E-14
7750.9  9.349275E-14
7753.8  9.381338E-14
7756.7  9.412637E-14
7759.6  9.426450E-14
7762.5  9.408227E-14
7765.4  9.365092E-14
7768.3  9.313174E-14
7771.2  9.267360E-14
7774.1  9.236941E-14
7777.  9.202937E-14
7779.9  9.159066E-14
7782.8  9.144080E-14
7785.7  9.175778E-14
7788.6  9.235099E-14
7791.5  9.295884E-14
7794.4  9.327098E-14
7797.3  9.316921E-14
7800.2  9.269233E-14
7803.1  9.220128E-14
7806.  9.212527E-14
7808.9  9.225435E-14
7811.8  9.227294E-14
7814.7  9.224442E-14
7817.6  9.225690E-14
7820.5  9.236022E-14
7823.4  9.250230E-14
7826.3  9.242079E-14
7829.2  9.208164E-14
7832.1  9.172213E-14
7835.  9.146520E-14
7837.9  9.136222E-14
7840.8  9.119145E-14
7843.7  9.065649E-14
7846.6  9.024132E-14
7849.5  9.048316E-14
7852.4  9.095165E-14
7855.3  9.119672E-14
7858.2  9.132928E-14
7861.1  9.138363E-14
7864.  9.114226E-14
7866.9  9.060296E-14
7869.8  9.002042E-14
7872.7  8.961020E-14
7875.6  8.953630E-14
7878.5  8.973250E-14
7881.4  9.000626E-14
7884.3  9.010750E-14
7887.2  8.985579E-14
7890.1  8.976548E-14
7893.  9.019510E-14
7895.9  9.030056E-14
7898.8  8.962397E-14
7901.7  8.890678E-14
7904.6  8.857997E-14
7907.5  8.855457E-14
7910.4  8.862561E-14
7913.3  8.843584E-14
7916.2  8.821399E-14
7919.1  8.849657E-14
7922.  8.894978E-14
7924.9  8.900908E-14
7927.8  8.877615E-14
7930.7  8.847237E-14
7933.6  8.815020E-14
7936.5  8.786645E-14
7939.4  8.771612E-14
7942.3  8.767988E-14
7945.2  8.753543E-14
7948.1  8.733837E-14
7951.  8.743300E-14
7953.9  8.782614E-14
7956.8  8.831544E-14
7959.7  8.858453E-14
7962.6  8.834281E-14
7965.5  8.800488E-14
7968.4  8.803287E-14
7971.3  8.813799E-14
7974.2  8.805313E-14
7977.1  8.789869E-14
7980.  8.780201E-14
7982.9  8.789053E-14
7985.8  8.810567E-14
7988.7  8.814742E-14
7991.6  8.800408E-14
7994.5  8.789176E-14
7997.4  8.761815E-14
8000.3  8.688030E-14
8003.2  8.621162E-14
8006.1  8.620525E-14
8009.  8.646219E-14
8011.9  8.654821E-14
8014.8  8.652461E-14
8017.7  8.647143E-14
8020.6  8.645194E-14
8023.5  8.645886E-14
8026.4  8.637675E-14
8029.3  8.615367E-14
8032.2  8.578143E-14
8035.1  8.545600E-14
8038.  8.545389E-14
8040.9  8.543232E-14
8043.8  8.497896E-14
8046.7  8.470768E-14
8049.6  8.511222E-14
8052.5  8.543418E-14
8055.4  8.521672E-14
8058.3  8.504565E-14
8061.2  8.516128E-14
8064.1  8.523030E-14
8067.  8.517169E-14
8069.9  8.511003E-14
8072.8  8.510673E-14
8075.7  8.519330E-14
8078.6  8.522529E-14
8081.5  8.503221E-14
8084.4  8.475604E-14
8087.3  8.456974E-14
8090.2  8.444990E-14
8093.1  8.436237E-14
8096.  8.432946E-14
8098.9  8.429774E-14
8101.8  8.406332E-14
8104.7  8.374711E-14
8107.6  8.381932E-14
8110.5  8.418423E-14
8113.4  8.439285E-14
8116.3  8.448529E-14
8119.2  8.466865E-14
8122.1  8.492083E-14
8125.  8.515858E-14
8127.9  8.528301E-14
8130.8  8.518531E-14
8133.7  8.469325E-14
8136.6  8.388905E-14
8139.5  8.331741E-14
8142.4  8.318282E-14
8145.3  8.326133E-14
8148.2  8.338522E-14
8151.1  8.341654E-14
8154.  8.335401E-14
8156.9  8.326736E-14
8159.8  8.299503E-14
8162.7  8.239845E-14
8165.6  8.175075E-14
8168.5  8.133029E-14
8171.4  8.123373E-14
8174.3  8.136129E-14
8177.2  8.123898E-14
8180.1  8.073738E-14
8183.  8.020052E-14
8185.9  7.989756E-14
8188.8  8.003946E-14
8191.7  8.030230E-14
8194.6  8.012999E-14
8197.5  7.974270E-14
8200.4  7.957137E-14
8203.3  7.971487E-14
8206.2  8.015686E-14
8209.1  8.068083E-14
8212.  8.113159E-14
8214.9  8.160332E-14
8217.8  8.209451E-14
8220.7  8.250623E-14
8223.6  8.246809E-14
8226.5  8.138772E-14
8229.4  7.961757E-14
8232.3  7.803122E-14
8235.2  7.734031E-14
8238.1  7.798172E-14
8241.  7.902743E-14
8243.9  7.947162E-14
8246.8  7.958361E-14
8249.7  7.964216E-14
8252.6  7.944760E-14
8255.5  7.905293E-14
8258.4  7.888240E-14
8261.3  7.913794E-14
8264.2  7.979570E-14
8267.1  8.046051E-14
8270.  8.053675E-14
8272.9  7.996502E-14
8275.8  7.897183E-14
8278.7  7.808017E-14
8281.6  7.775368E-14
8284.5  7.772736E-14
8287.4  7.771319E-14
8290.3  7.774360E-14
8293.2  7.789453E-14
8296.1  7.833218E-14
8299.  7.898317E-14
8301.9  7.948629E-14
8304.8  7.968548E-14
8307.7  7.958301E-14
8310.6  7.929515E-14
8313.5  7.899044E-14
8316.4  7.855741E-14
8319.3  7.787336E-14
8322.2  7.716343E-14
8325.1  7.667824E-14
8328.  7.661795E-14
8330.9  7.692892E-14
8333.8  7.703482E-14
8336.7  7.676703E-14
8339.6  7.654985E-14
8342.5  7.650731E-14
8345.4  7.652163E-14
8348.3  7.660331E-14
8351.2  7.679834E-14
8354.1  7.707433E-14
8357.  7.736546E-14
8359.9  7.750881E-14
8362.8  7.740720E-14
8365.7  7.732997E-14
8368.6  7.735899E-14
8371.5  7.697491E-14
8374.4  7.615624E-14
8377.3  7.566412E-14
8380.2  7.565928E-14
8383.1  7.574816E-14
8386.  7.573097E-14
8388.9  7.552070E-14
8391.8  7.519145E-14
8394.7  7.489439E-14
8397.6  7.481381E-14
8400.5  7.504374E-14
8403.4  7.527526E-14
8406.3  7.528451E-14
8409.2  7.524303E-14
8412.1  7.524116E-14
8415.  7.520068E-14
8417.9  7.508136E-14
8420.8  7.486037E-14
8423.7  7.468393E-14
8426.6  7.478487E-14
8429.5  7.504540E-14
8432.4  7.520940E-14
8435.3  7.504324E-14
8438.2  7.443179E-14
8441.1  7.372296E-14
8444.  7.326607E-14
8446.9  7.320136E-14
8449.8  7.343141E-14
8452.7  7.341364E-14
8455.6  7.312406E-14
8458.5  7.319281E-14
8461.4  7.361508E-14
8464.3  7.394966E-14
8467.2  7.395617E-14
8470.1  7.352897E-14
8473.  7.298376E-14
8475.9  7.272126E-14
8478.8  7.285114E-14
8481.7  7.333636E-14
8484.6  7.394318E-14
8487.5  7.435625E-14
8490.4  7.415857E-14
8493.3  7.333516E-14
8496.2  7.244655E-14
8499.1  7.157886E-14
8502.  7.040259E-14
8504.9  6.949854E-14
8507.8  6.977297E-14
8510.7  7.086081E-14
8513.6  7.201158E-14
8516.5  7.276748E-14
8519.4  7.293586E-14
8522.3  7.319573E-14
8525.2  7.388629E-14
8528.1  7.423579E-14
8531.  7.388268E-14
8533.9  7.316574E-14
8536.8  7.217846E-14
8539.7  7.082562E-14
8542.6  6.929333E-14
8545.5  6.790671E-14
8548.4  6.717009E-14
8551.3  6.751100E-14
8554.2  6.856104E-14
8557.1  6.979596E-14
8560.  7.100473E-14
8562.9  7.205397E-14
8565.8  7.295382E-14
8568.7  7.366502E-14
8571.6  7.402176E-14
8574.5  7.396525E-14
8577.4  7.353426E-14
8580.3  7.296581E-14
8583.2  7.260173E-14
8586.1  7.247089E-14
8589.  7.244260E-14
8591.9  7.237183E-14
8594.8  7.210460E-14
8597.7  7.144074E-14
8600.6  7.036298E-14
8603.5  6.928215E-14
8606.4  6.864127E-14
8609.3  6.889496E-14
8612.2  6.989518E-14
8615.1  7.075347E-14
8618.  7.139967E-14
8620.9  7.236380E-14
8623.8  7.344628E-14
8626.7  7.417827E-14
8629.6  7.464924E-14
8632.5  7.504460E-14
8635.4  7.517476E-14
8638.3  7.489566E-14
8641.2  7.433955E-14
8644.1  7.368753E-14
8647.  7.320700E-14
8649.9  7.281285E-14
8652.8  7.191331E-14
8655.7  7.055551E-14
8658.6  6.934274E-14
8661.5  6.804126E-14
8664.4  6.610630E-14
8667.3  6.416405E-14
8670.2  6.311427E-14
8673.1  6.338167E-14
8676.  6.499421E-14
8678.9  6.702760E-14
8681.8  6.872768E-14
8684.7  7.016200E-14
8687.6  7.128452E-14
8690.5  7.180758E-14
8693.4  7.188815E-14
8696.3  7.205896E-14
8699.2  7.242548E-14
8702.1  7.283011E-14
8705.  7.334672E-14
8707.9  7.405675E-14
8710.8  7.456457E-14
8713.7  7.453154E-14
8716.6  7.430155E-14
8719.5  7.415698E-14
8722.4  7.399443E-14
8725.3  7.363691E-14
8728.2  7.278494E-14
8731.1  7.153527E-14
8734.  7.040141E-14
8736.9  6.956981E-14
8739.8  6.900193E-14
8742.7  6.842887E-14
8745.6  6.752911E-14
8748.5  6.652321E-14
8751.4  6.571343E-14
8754.3  6.488718E-14
8757.2  6.404283E-14
8760.1  6.406028E-14
8763.  6.521206E-14
8765.9  6.653358E-14
8768.8  6.758895E-14
8771.7  6.864620E-14
8774.6  6.956838E-14
8777.5  6.998136E-14
8780.4  7.012457E-14
8783.3  7.046214E-14
8786.2  7.092203E-14
8789.1  7.129417E-14
8792.  7.141617E-14
8794.9  7.126155E-14
8797.8  7.129352E-14
8800.7  7.170483E-14
8803.6  7.200902E-14
8806.5  7.199921E-14
8809.4  7.187220E-14
8812.3  7.173323E-14
8815.2  7.162867E-14
8818.1  7.152602E-14
8821.  7.134455E-14
8823.9  7.114258E-14
8826.8  7.099424E-14
8829.7  7.072298E-14
8832.6  7.021416E-14
8835.5  6.980831E-14
8838.4  6.964779E-14
8841.3  6.926656E-14
8844.2  6.855167E-14
8847.1  6.794780E-14
8850.  6.760981E-14
8852.9  6.742188E-14
8855.8  6.715035E-14
8858.7  6.652152E-14
8861.6  6.518143E-14
8864.5  6.295112E-14
8867.4  6.084541E-14
8870.3  5.989903E-14
8873.2  6.003254E-14
8876.1  6.095532E-14
8879.  6.233656E-14
8881.9  6.384694E-14
8884.8  6.530308E-14
8887.7  6.644607E-14
8890.6  6.694194E-14
8893.5  6.703842E-14
8896.4  6.733108E-14
8899.3  6.792752E-14
8902.2  6.870105E-14
8905.1  6.935844E-14
8908.  6.963383E-14
8910.9  6.967305E-14
8913.8  6.966474E-14
8916.7  6.969050E-14
8919.6  6.979103E-14
8922.5  6.992873E-14
8925.4  7.005964E-14
8928.3  7.015084E-14
8931.2  7.018333E-14
8934.1  7.014093E-14
8937.  7.023705E-14
8939.9  7.072895E-14
8942.8  7.118773E-14
8945.7  7.111774E-14
8948.6  7.073067E-14
8951.5  7.034340E-14
8954.4  7.018361E-14
8957.3  7.032838E-14
8960.2  7.056318E-14
8963.1  7.063063E-14
8966.  7.024593E-14
8968.9  6.950283E-14
8971.8  6.880793E-14
8974.7  6.832366E-14
8977.6  6.804740E-14
8980.5  6.787433E-14
8983.4  6.761810E-14
8986.3  6.671743E-14
8989.2  6.489862E-14
8992.1  6.308687E-14
8995.  6.207444E-14
8997.9  6.206589E-14
9000.8  6.268593E-14
9003.7  6.268089E-14
9006.6  6.198862E-14
9009.5  6.173753E-14
9012.4  6.156191E-14
9015.3  6.036156E-14
9018.2  5.863769E-14
9021.1  5.737164E-14
9024.  5.674303E-14
9026.9  5.673886E-14
9029.8  5.728297E-14
9032.7  5.829180E-14
9035.6  5.991517E-14
9038.5  6.188120E-14
9041.4  6.316595E-14
9044.3  6.374367E-14
9047.2  6.465712E-14
9050.1  6.593676E-14
9053.  6.696893E-14
9055.9  6.765990E-14
9058.8  6.808830E-14
9061.7  6.781971E-14
9064.6  6.659021E-14
9067.5  6.545367E-14
9070.4  6.519929E-14
9073.3  6.523681E-14
9076.2  6.511158E-14
9079.1  6.481148E-14
9082.  6.449005E-14
9084.9  6.455558E-14
9087.8  6.485749E-14
9090.7  6.483675E-14
9093.6  6.466596E-14
9096.5  6.479957E-14
9099.4  6.510669E-14
9102.3  6.533616E-14
9105.2  6.541163E-14
9108.1  6.537368E-14
9111.  6.567414E-14
9113.9  6.635188E-14
9116.8  6.640063E-14
9119.7  6.578214E-14
9122.6  6.585317E-14
9125.5  6.648493E-14
9128.4  6.638936E-14
9131.3  6.548025E-14
9134.2  6.428786E-14
9137.1  6.355727E-14
9140.  6.393653E-14
9142.9  6.503191E-14
9145.8  6.621009E-14
9148.7  6.700518E-14
9151.6  6.707060E-14
9154.5  6.623976E-14
9157.4  6.490918E-14
9160.3  6.424744E-14
9163.2  6.448009E-14
9166.1  6.491787E-14
9169.  6.519201E-14
9171.9  6.512981E-14
9174.8  6.468751E-14
9177.7  6.395639E-14
9180.6  6.336889E-14
9183.5  6.329009E-14
9186.4  6.347512E-14
9189.3  6.365311E-14
9192.2  6.373715E-14
9195.1  6.372392E-14
9198.  6.376940E-14
9200.9  6.383823E-14
9203.8  6.368686E-14
9206.7  6.321809E-14
9209.6  6.244399E-14
9212.5  6.135255E-14
9215.4  5.996734E-14
9218.3  5.855915E-14
9221.2  5.739913E-14
9224.1  5.650578E-14
9227.  5.578724E-14
9229.9  5.494185E-14
9232.8  5.392566E-14
9235.7  5.320161E-14
9238.6  5.305675E-14
9241.5  5.356104E-14
9244.4  5.447540E-14
9247.3  5.531933E-14
9250.2  5.621719E-14
9253.1  5.751748E-14
9256.  5.886740E-14
9258.9  5.980945E-14
9261.8  6.028195E-14
9264.7  6.041392E-14
9267.6  6.071796E-14
9270.5  6.144838E-14
9273.4  6.224438E-14
9276.3  6.276322E-14
9279.2  6.271998E-14
9282.1  6.225070E-14
9285.  6.184667E-14
9287.9  6.173519E-14
9290.8  6.196467E-14
9293.7  6.239359E-14
9296.6  6.279143E-14
9299.5  6.285378E-14
9302.4  6.242950E-14
9305.3  6.191037E-14
9308.2  6.165961E-14
9311.1  6.185520E-14
9314.  6.227282E-14
9316.9  6.210518E-14
9319.8  6.123332E-14
9322.7  6.015057E-14
9325.6  5.962188E-14
9328.5  6.045784E-14
9331.4  6.175540E-14
9334.3  6.212773E-14
9337.2  6.144472E-14
9340.1  6.002410E-14
9343.  5.858636E-14
9345.9  5.783925E-14
9348.8  5.833889E-14
9351.7  5.968770E-14
9354.6  5.985795E-14
9357.5  5.878353E-14
9360.4  5.853580E-14
9363.3  5.921266E-14
9366.2  5.968771E-14
9369.1  5.960021E-14
9372.  5.890860E-14
9374.9  5.770457E-14
9377.8  5.625538E-14
9380.7  5.517335E-14
9383.6  5.493630E-14
9386.5  5.549423E-14
9389.4  5.665819E-14
9392.3  5.816354E-14
9395.2  5.959216E-14
9398.1  6.041301E-14
9401.  6.047183E-14
9403.9  5.994645E-14
9406.8  5.899568E-14
9409.7  5.782000E-14
9412.6  5.707436E-14
9415.5  5.732928E-14
9418.4  5.837189E-14
9421.3  5.964847E-14
9424.2  5.997754E-14
9427.1  5.898956E-14
9430.  5.814962E-14
9432.9  5.814170E-14
9435.8  5.853337E-14
9438.7  5.873443E-14
9441.6  5.798676E-14
9444.5  5.699634E-14
9447.4  5.711219E-14
9450.3  5.816150E-14
9453.2  5.942423E-14
9456.1  5.986279E-14
9459.  5.886488E-14
9461.9  5.763130E-14
9464.8  5.718494E-14
9467.7  5.760178E-14
9470.6  5.849895E-14
9473.5  5.889397E-14
9476.4  5.834162E-14
9479.3  5.694533E-14
9482.2  5.557773E-14
9485.1  5.544418E-14
9488.  5.656865E-14
9490.9  5.836804E-14
9493.8  5.940241E-14
9496.7  5.853226E-14
9499.6  5.649480E-14
9502.5  5.446976E-14
9505.4  5.396927E-14
9508.3  5.544277E-14
9511.2  5.755211E-14
9514.1  5.905941E-14
9517.  5.897066E-14
9519.9  5.739995E-14
9522.8  5.527089E-14
9525.7  5.350366E-14
9528.6  5.285713E-14
9531.5  5.291926E-14
9534.4  5.298409E-14
9537.3  5.283288E-14
9540.2  5.233183E-14
9543.1  5.141309E-14
9546.  5.016373E-14
9548.9  4.882920E-14
9551.8  4.779572E-14
9554.7  4.756497E-14
9557.6  4.817925E-14
9560.5  4.932446E-14
9563.4  5.053424E-14
9566.3  5.133393E-14
9569.2  5.185857E-14
9572.1  5.241339E-14
9575.  5.310888E-14
9577.9  5.394405E-14
9580.8  5.469162E-14
9583.7  5.507401E-14
9586.6  5.474115E-14
9589.5  5.381901E-14
9592.4  5.306183E-14
9595.3  5.275820E-14
9598.2  5.278319E-14
9601.1  5.308677E-14
9604.  5.361744E-14
9606.9  5.425225E-14
9609.8  5.485829E-14
9612.7  5.541686E-14
9615.6  5.588806E-14
9618.5  5.605758E-14
9621.4  5.578186E-14
9624.3  5.499283E-14
9627.2  5.409540E-14
9630.1  5.420994E-14
9633.  5.526066E-14
9635.9  5.607082E-14
9638.8  5.621772E-14
9641.7  5.574561E-14
9644.6  5.521951E-14
9647.5  5.530947E-14
9650.4  5.573809E-14
9653.3  5.606835E-14
9656.2  5.625579E-14
9659.1  5.626664E-14
9662.  5.596253E-14
9664.9  5.545534E-14
9667.8  5.524724E-14
9670.7  5.548403E-14
9673.6  5.592508E-14
9676.5  5.634356E-14
9679.4  5.652903E-14
9682.3  5.648391E-14
9685.2  5.632322E-14
9688.1  5.613309E-14
9691.  5.599634E-14
9693.9  5.601222E-14
9696.8  5.619821E-14
9699.7  5.637111E-14
9702.6  5.638575E-14
9705.5  5.614159E-14
9708.4  5.593105E-14
9711.3  5.654031E-14
9714.2  5.762929E-14
9717.1  5.807099E-14
9720.  5.777932E-14
9722.9  5.716173E-14
9725.8  5.656232E-14
9728.7  5.626792E-14
9731.6  5.626336E-14
9734.5  5.638403E-14
9737.4  5.618207E-14
9740.3  5.554930E-14
9743.2  5.516938E-14
9746.1  5.530157E-14
9749.  5.560702E-14
9751.9  5.580897E-14
9754.8  5.567019E-14
9757.7  5.538298E-14
9760.6  5.535686E-14
9763.5  5.542850E-14
9766.4  5.532652E-14
9769.3  5.549222E-14
9772.2  5.620475E-14
9775.1  5.657751E-14
9778.  5.617068E-14
9780.9  5.592963E-14
9783.8  5.616435E-14
9786.7  5.612017E-14
9789.6  5.571132E-14
9792.5  5.543957E-14
9795.4  5.539115E-14
9798.3  5.543423E-14
9801.2  5.536814E-14
9804.1  5.501031E-14
9807.  5.457822E-14
9809.9  5.432963E-14
9812.8  5.424388E-14
9815.7  5.428458E-14
9818.6  5.449660E-14
9821.5  5.480444E-14
9824.4  5.495394E-14
9827.3  5.485528E-14
9830.2  5.458049E-14
9833.1  5.437380E-14
9836.  5.455682E-14
9838.9  5.495590E-14
9841.8  5.520330E-14
9844.7  5.489364E-14
9847.6  5.384391E-14
9850.5  5.297759E-14
9853.4  5.296784E-14
9856.3  5.321944E-14
9859.2  5.326422E-14
9862.1  5.301606E-14
9865.  5.272486E-14
9867.9  5.310282E-14
9870.8  5.385961E-14
9873.7  5.400529E-14
9876.6  5.358743E-14
9879.5  5.311274E-14
9882.4  5.313208E-14
9885.3  5.398486E-14
9888.2  5.470479E-14
9891.1  5.445385E-14
9894.  5.356141E-14
9896.9  5.258552E-14
9899.8  5.236666E-14
9902.7  5.293718E-14
9905.6  5.317038E-14
9908.5  5.288446E-14
9911.4  5.267592E-14
9914.3  5.271145E-14
9917.2  5.295280E-14
9920.1  5.323472E-14
9923.  5.335996E-14
9925.9  5.335475E-14
9928.8  5.327549E-14
9931.7  5.308519E-14
9934.6  5.278239E-14
9937.5  5.242761E-14
9940.4  5.213667E-14
9943.3  5.209111E-14
9946.2  5.234801E-14
9949.1  5.284396E-14
9952.  5.337473E-14
9954.9  5.366836E-14
9957.8  5.370385E-14
9960.7  5.356264E-14
9963.6  5.317600E-14
9966.5  5.253561E-14
9969.4  5.197515E-14
9972.3  5.171673E-14
9975.2  5.158638E-14
9978.1  5.144562E-14
9981.  5.121883E-14
9983.9  5.109964E-14
9986.8  5.161972E-14
9989.7  5.228965E-14
9992.6  5.200823E-14
9995.5  5.134686E-14
9998.4  5.140814E-14
10001.3  5.172554E-14
10004.2  5.161542E-14
10007.1  5.127824E-14
10010.  5.094457E-14
10012.9  5.064270E-14
10015.8  5.028496E-14
10018.7  4.947745E-14
10021.6  4.848179E-14
10024.5  4.836349E-14
10027.4  4.900212E-14
10030.3  4.942346E-14
10033.2  4.943641E-14
10036.1  4.919967E-14
10039.  4.868806E-14
10041.9  4.790516E-14
10044.8  4.701458E-14
10047.7  4.621129E-14
10050.6  4.574091E-14
10053.5  4.562609E-14
10056.4  4.540203E-14
10059.3  4.499723E-14
10062.2  4.489267E-14
10065.1  4.521970E-14
10068.  4.583367E-14
10070.9  4.640021E-14
10073.8  4.652773E-14
10076.7  4.634332E-14
10079.6  4.615815E-14
10082.5  4.624488E-14
10085.4  4.675355E-14
10088.3  4.744925E-14
10091.2  4.804532E-14
10094.1  4.824727E-14
10097.  4.810341E-14
10099.9  4.819522E-14
10102.8  4.860559E-14
10105.7  4.894860E-14
10108.6  4.909213E-14
10111.5  4.904161E-14
10114.4  4.906073E-14
10117.3  4.944166E-14
10120.2  4.973812E-14
10123.1  4.956166E-14
10126.  4.952838E-14
10128.9  5.007119E-14
10131.8  5.082243E-14
10134.7  5.147853E-14
10137.6  5.196526E-14
10140.5  5.205281E-14
10143.4  5.136847E-14
10146.3  5.026344E-14
10149.2  4.952145E-14
10152.1  4.925553E-14
10155.  4.927772E-14
10157.9  4.933672E-14
10160.8  4.921882E-14
10163.7  4.925029E-14
10166.6  4.953690E-14
10169.5  4.916420E-14
10172.4  4.794229E-14
10175.3  4.713190E-14
10178.2  4.729349E-14
10181.1  4.816171E-14
10184.  4.908786E-14
10186.9  4.912334E-14
10189.8  4.893098E-14
10192.7  4.977334E-14
10195.6  5.088678E-14
10198.5  5.116034E-14
10201.4  5.084150E-14
10204.3  5.031096E-14
10207.2  4.965087E-14
10210.1  4.886872E-14
10213.  4.767625E-14
10215.9  4.642604E-14
10218.8  4.639973E-14
10221.7  4.730031E-14
10224.6  4.759059E-14
10227.5  4.707847E-14
10230.4  4.626861E-14
10233.3  4.629156E-14
10236.2  4.810560E-14
10239.1  5.014116E-14
10242.  5.080948E-14
10244.9  5.050817E-14
10247.8  4.978621E-14
10250.7  4.893713E-14
10253.6  4.835444E-14
10256.5  4.846811E-14
10259.4  4.921870E-14
10262.3  5.016417E-14
10265.2  5.034568E-14
10268.1  4.868899E-14
10271.  4.632550E-14
10273.9  4.503974E-14
10276.8  4.534446E-14
10279.7  4.709937E-14
10282.6  4.880597E-14
10285.5  4.940017E-14
10288.4  4.965383E-14
10291.3  5.002431E-14
10294.2  5.032787E-14
10297.1  5.007220E-14
10300.  4.833777E-14
10302.9  4.618236E-14
10305.8  4.578307E-14
10308.7  4.722266E-14
10311.6  4.957848E-14
10314.5  5.061462E-14
10317.4  4.861961E-14
10320.3  4.623908E-14
10323.2  4.569127E-14
10326.1  4.560043E-14
10329.  4.521757E-14
10331.9  4.546621E-14
10334.8  4.638945E-14
10337.7  4.704322E-14
10340.6  4.736133E-14
10343.5  4.788810E-14
10346.4  4.841166E-14
10349.3  4.847830E-14
10352.2  4.818610E-14
10355.1  4.783001E-14
10358.  4.844765E-14
10360.9  5.029037E-14
10363.8  5.046389E-14
10366.7  4.765769E-14
10369.6  4.431711E-14
10372.5  4.243531E-14
10375.4  4.329342E-14
10378.3  4.588686E-14
10381.2  4.721123E-14
10384.1  4.740853E-14
10387.  4.818700E-14
10389.9  4.832723E-14
10392.8  4.630268E-14
10395.7  4.447151E-14
10398.6  4.486570E-14
10401.5  4.535752E-14
10404.4  4.453996E-14
10407.3  4.384459E-14
10410.2  4.380107E-14
10413.1  4.344591E-14
10416.  4.278563E-14
10418.9  4.267639E-14
10421.8  4.287166E-14
10424.7  4.258418E-14
10427.6  4.196390E-14
10430.5  4.146833E-14
10433.4  4.173789E-14
10436.3  4.302659E-14
10439.2  4.330805E-14
10442.1  4.183806E-14
10445.  4.247250E-14
10447.9  4.584931E-14
10450.8  4.647502E-14
10453.7  4.410139E-14
10456.6  4.412257E-14
10459.5  4.610256E-14
10462.4  4.611203E-14
10465.3  4.458421E-14
10468.2  4.347425E-14
10471.1  4.285355E-14
10474.  4.249405E-14
10476.9  4.261283E-14
10479.8  4.339387E-14
10482.7  4.517396E-14
10485.6  4.744383E-14
10488.5  4.810281E-14
10491.4  4.671633E-14
10494.3  4.486566E-14
10497.2  4.348707E-14
10500.1  4.296713E-14
10503.  4.330008E-14
10505.9  4.419361E-14
10508.8  4.352138E-14
10511.7  3.972083E-14
10514.6  3.761436E-14
10517.5  4.080239E-14
10520.4  4.486467E-14
10523.3  4.700461E-14
10526.2  4.972938E-14
10529.1  5.314217E-14
10532.  5.409984E-14
10534.9  5.232009E-14
10537.8  4.979470E-14
10540.7  4.706644E-14
10543.6  4.406313E-14
10546.5  4.136093E-14
10549.4  3.959958E-14
10552.3  3.960934E-14
10555.2  4.151723E-14
10558.1  4.268170E-14
10561.  4.181416E-14
10563.9  4.161526E-14
10566.8  4.323767E-14
10569.7  4.560141E-14
10572.6  4.632092E-14
10575.5  4.150880E-14
10578.4  3.588721E-14
10581.3  3.849952E-14
10584.2  4.458345E-14
10587.1  4.557098E-14
10590.  4.316201E-14
10592.9  4.086200E-14
10595.8  4.072946E-14
10598.7  4.289568E-14
10601.6  4.168561E-14
10604.5  3.635220E-14
10607.4  3.520976E-14
10610.3  4.027202E-14
10613.2  4.697788E-14
10616.1  5.159186E-14
10619.  5.106758E-14
10621.9  4.703108E-14
10624.8  4.309942E-14
10627.7  4.188008E-14
10630.6  4.444063E-14
10633.5  4.485731E-14
10636.4  3.974031E-14
10639.3  3.699462E-14
10642.2  4.051000E-14
10645.1  4.512526E-14
10648.  4.778625E-14
10650.9  4.817565E-14
10653.8  4.608135E-14
10656.7  4.167875E-14
10659.6  3.753551E-14
10662.5  3.683727E-14
10665.4  3.760924E-14
10668.3  3.698959E-14
10671.2  3.712975E-14
10674.1  3.937194E-14
10677.  3.904862E-14
10679.9  3.484934E-14
10682.8  3.373276E-14
10685.7  3.725176E-14
10688.6  3.959407E-14
10691.5  3.854229E-14
10694.4  3.436380E-14
10697.3  3.316983E-14
10700.2  4.301030E-14
10703.1  5.422410E-14
10706.  5.399984E-14
10708.9  4.641962E-14
10711.8  3.867955E-14
10714.7  3.717329E-14
10717.6  4.340318E-14
10720.5  4.656801E-14
10723.4  4.264543E-14
10726.3  3.930023E-14
10729.2  3.861315E-14
10732.1  3.744924E-14
10735.  3.728794E-14
10737.9  4.162753E-14
10740.8  4.628819E-14
10743.7  4.550848E-14
10746.6  4.404048E-14
10749.5  4.656371E-14
10752.4  4.597376E-14
10755.3  3.859852E-14
10758.2  3.340654E-14
10761.1  3.495784E-14
10764.  3.927461E-14
10766.9  4.367097E-14
10769.8  4.716216E-14
10772.7  4.631439E-14
10775.6  3.698321E-14
10778.5  2.486455E-14
10781.4  1.879186E-14
10784.3  2.053536E-14
10787.2  2.852821E-14
10790.1  3.411372E-14
10793.  3.228049E-14
10795.9  3.383571E-14
10798.8  4.265641E-14
10801.7  4.694553E-14
10804.6  4.359619E-14
10807.5  3.954623E-14
10810.4  3.969148E-14
10813.3  4.766336E-14
10816.2  5.653122E-14
10819.1  5.546878E-14
10822.  5.235124E-14
10824.9  5.703689E-14
10827.8  5.733748E-14
10830.7  4.402878E-14
10833.6  2.858220E-14
10836.5  2.108779E-14
10839.4  2.579114E-14
10842.3  3.911663E-14
10845.2  4.587462E-14
10848.1  4.842807E-14
10851.  6.386933E-14
10853.9  8.315033E-14
10856.8  8.610212E-14
10859.7  7.446481E-14
10862.6  5.762209E-14
10865.5  4.876114E-14
10868.4  5.596418E-14
10871.3  6.483547E-14
10874.2  6.340864E-14
10877.1  5.147920E-14
10880.  3.537483E-14
10882.9  3.145960E-14
10885.8  3.884958E-14
10888.7  3.984443E-14
10891.6  3.513637E-14
10894.5  3.519226E-14
10897.4  3.852911E-14
10900.3  4.013614E-14
10903.2  3.717041E-14
10906.1  2.884640E-14
10909.  2.092719E-14
10911.9  1.853278E-14
10914.8  2.299781E-14
10917.7  3.162549E-14
10920.6  3.583270E-14
10923.5  3.211128E-14
10926.4  2.213754E-14
10929.3  1.434092E-14
10932.2  2.081063E-14
10935.1  3.286631E-14
10938.  3.496034E-14
10940.9  2.925849E-14
10943.8  2.226627E-14
10946.7  1.973374E-14
10949.6  2.394102E-14
10952.5  2.585280E-14
10955.4  2.097013E-14
10958.3  1.490022E-14
10961.2  1.262156E-14
10964.1  1.860631E-14
10967.  2.827542E-14
10969.9  3.060793E-14
10972.8  2.669722E-14
10975.7  2.300765E-14
10978.6  2.402748E-14
10981.5  3.183904E-14
10984.4  3.740208E-14
10987.3  3.329319E-14
10990.2  2.352911E-14
10993.1  1.441522E-14
10996.  1.520644E-14
10998.9  2.559674E-14
