3050.  2.757896E-13
3052.9  2.903993E-13
3055.8  2.610068E-13
3058.7  2.612038E-13
3061.6  2.658373E-13
3064.5  2.573375E-13
3067.4  2.764855E-13
3070.3  2.661476E-13
3073.2  2.751979E-13
3076.1  2.699992E-13
3079.  2.703414E-13
3081.9  2.733535E-13
3084.8  2.740021E-13
3087.7  2.646298E-13
3090.6  2.432075E-13
3093.5  2.382053E-13
3096.4  2.273748E-13
3099.3  2.422491E-13
3102.2  2.569653E-13
3105.1  2.622915E-13
3108.  2.776245E-13
3110.9  2.630566E-13
3113.8  2.528270E-13
3116.7  2.471143E-13
3119.6  2.544204E-13
3122.5  2.495173E-13
3125.4  2.550363E-13
3128.3  2.620119E-13
3131.2  2.603865E-13
3134.1  2.598462E-13
3137.  2.681967E-13
3139.9  2.688661E-13
3142.8  2.562858E-13
3145.7  2.538190E-13
3148.6  2.567215E-13
3151.5  2.513858E-13
3154.4  2.403065E-13
3157.3  2.352268E-13
3160.2  2.409773E-13
3163.1  2.539853E-13
3166.  2.689912E-13
3168.9  2.712679E-13
3171.8  2.663351E-13
3174.7  2.538570E-13
3177.6  2.344619E-13
3180.5  2.312405E-13
3183.4  2.412152E-13
3186.3  2.506723E-13
3189.2  2.412963E-13
3192.1  2.403810E-13
3195.  2.572753E-13
3197.9  2.654743E-13
3200.8  2.677135E-13
3203.7  2.543491E-13
3206.6  2.427814E-13
3209.5  2.350217E-13
3212.4  2.461555E-13
3215.3  2.502841E-13
3218.2  2.488098E-13
3221.1  2.344262E-13
3224.  2.276413E-13
3226.9  2.269222E-13
3229.8  2.315179E-13
3232.7  2.336319E-13
3235.6  2.421753E-13
3238.5  2.532928E-13
3241.4  2.605338E-13
3244.3  2.579853E-13
3247.2  2.508700E-13
3250.1  2.667748E-13
3253.  2.778318E-13
3255.9  2.812633E-13
3258.8  2.833562E-13
3261.7  2.825720E-13
3264.6  2.754317E-13
3267.5  2.694255E-13
3270.4  2.608191E-13
3273.3  2.647242E-13
3276.2  2.620691E-13
3279.1  2.662610E-13
3282.  2.699483E-13
3284.9  2.829193E-13
3287.8  2.925230E-13
3290.7  2.932621E-13
3293.6  2.956533E-13
3296.5  2.954133E-13
3299.4  2.866597E-13
3302.3  2.813572E-13
3305.2  2.822686E-13
3308.1  2.831021E-13
3311.  2.820012E-13
3313.9  2.837154E-13
3316.8  2.785324E-13
3319.7  2.720517E-13
3322.6  2.761896E-13
3325.5  2.826982E-13
3328.4  2.779163E-13
3331.3  2.720325E-13
3334.2  2.723487E-13
3337.1  2.725861E-13
3340.  2.749020E-13
3342.9  2.744403E-13
3345.8  2.689724E-13
3348.7  2.755594E-13
3351.6  2.780339E-13
3354.5  2.719544E-13
3357.4  2.617692E-13
3360.3  2.619390E-13
3363.2  2.610428E-13
3366.1  2.556796E-13
3369.  2.626298E-13
3371.9  2.702471E-13
3374.8  2.679878E-13
3377.7  2.646637E-13
3380.6  2.738767E-13
3383.5  2.817795E-13
3386.4  2.797246E-13
3389.3  2.802390E-13
3392.2  2.890211E-13
3395.1  2.944024E-13
3398.  2.917826E-13
3400.9  2.804114E-13
3403.8  2.729395E-13
3406.7  2.782187E-13
3409.6  2.831275E-13
3412.5  2.847200E-13
3415.4  2.875039E-13
3418.3  2.883087E-13
3421.2  2.884710E-13
3424.1  2.921126E-13
3427.  2.955062E-13
3429.9  2.917331E-13
3432.8  2.862632E-13
3435.7  2.722640E-13
3438.6  2.632934E-13
3441.5  2.745678E-13
3444.4  2.842846E-13
3447.3  2.860084E-13
3450.2  2.832395E-13
3453.1  2.815392E-13
3456.  2.787637E-13
3458.9  2.784980E-13
3461.8  2.860459E-13
3464.7  2.906843E-13
3467.6  2.888725E-13
3470.5  2.783065E-13
3473.4  2.744293E-13
3476.3  2.788264E-13
3479.2  2.802058E-13
3482.1  2.837020E-13
3485.  2.832880E-13
3487.9  2.741172E-13
3490.8  2.681074E-13
3493.7  2.745681E-13
3496.6  2.878841E-13
3499.5  2.965791E-13
3502.4  2.938017E-13
3505.3  2.868666E-13
3508.2  2.875581E-13
3511.1  2.922917E-13
3514.  2.956382E-13
3516.9  2.891800E-13
3519.8  2.837542E-13
3522.7  2.824824E-13
3525.6  2.902485E-13
3528.5  3.039119E-13
3531.4  3.084623E-13
3534.3  3.143879E-13
3537.2  3.203623E-13
3540.1  3.202390E-13
3543.  3.224214E-13
3545.9  3.234840E-13
3548.8  3.158926E-13
3551.7  3.117334E-13
3554.6  3.134592E-13
3557.5  3.137203E-13
3560.4  3.061869E-13
3563.3  2.924511E-13
3566.2  2.827458E-13
3569.1  2.813695E-13
3572.  2.853807E-13
3574.9  2.866384E-13
3577.8  2.780299E-13
3580.7  2.668246E-13
3583.6  2.692317E-13
3586.5  2.801931E-13
3589.4  2.945301E-13
3592.3  3.101735E-13
3595.2  3.143615E-13
3598.1  3.046868E-13
3601.  2.937555E-13
3603.9  2.936149E-13
3606.8  2.867211E-13
3609.7  2.891861E-13
3612.6  2.959549E-13
3615.5  2.911761E-13
3618.4  2.962417E-13
3621.3  3.059107E-13
3624.2  3.146039E-13
3627.1  3.064580E-13
3630.  3.027114E-13
3632.9  3.077305E-13
3635.8  3.147365E-13
3638.7  3.139665E-13
3641.6  3.075764E-13
3644.5  3.093934E-13
3647.4  3.185411E-13
3650.3  3.286164E-13
3653.2  3.362915E-13
3656.1  3.425403E-13
3659.  3.408200E-13
3661.9  3.361464E-13
3664.8  3.328525E-13
3667.7  3.358440E-13
3670.6  3.346117E-13
3673.5  3.278766E-13
3676.4  3.157496E-13
3679.3  3.071187E-13
3682.2  3.082170E-13
3685.1  3.096793E-13
3688.  3.064366E-13
3690.9  3.031939E-13
3693.8  2.999509E-13
3696.7  3.320931E-13
3699.6  3.318650E-13
3702.5  3.165232E-13
3705.4  3.187672E-13
3708.3  3.305015E-13
3711.2  3.497661E-13
3714.1  3.635343E-13
3717.  3.538456E-13
3719.9  3.382860E-13
3722.8  3.433931E-13
3725.7  3.532761E-13
3728.6  3.467177E-13
3731.5  3.264975E-13
3734.4  3.250142E-13
3737.3  3.477411E-13
3740.2  3.563204E-13
3743.1  3.373427E-13
3746.  3.162830E-13
3748.9  3.199598E-13
3751.8  3.515122E-13
3754.7  3.782388E-13
3757.6  3.787457E-13
3760.5  3.750525E-13
3763.4  3.700519E-13
3766.3  3.501206E-13
3769.2  3.414880E-13
3772.1  3.725125E-13
3775.  4.165740E-13
3777.9  4.451161E-13
3780.8  4.498338E-13
3783.7  4.369769E-13
3786.6  4.082807E-13
3789.5  3.740856E-13
3792.4  3.390425E-13
3795.3  3.242114E-13
3798.2  3.485937E-13
3801.1  3.964862E-13
3804.  4.320022E-13
3806.9  4.471280E-13
3809.8  4.513221E-13
3812.7  4.413913E-13
3815.6  4.358715E-13
3818.5  4.232643E-13
3821.4  4.003030E-13
3824.3  3.630879E-13
3827.2  3.307454E-13
3830.1  3.009279E-13
3833.  2.779047E-13
3835.9  2.936303E-13
3838.8  3.456795E-13
3841.7  4.051165E-13
3844.6  4.440540E-13
3847.5  4.646321E-13
3850.4  4.786557E-13
3853.3  4.833544E-13
3856.2  4.799439E-13
3859.1  4.813126E-13
3862.  4.988326E-13
3864.9  4.992154E-13
3867.8  4.908373E-13
3870.7  4.760659E-13
3873.6  4.639174E-13
3876.5  4.494817E-13
3879.4  4.240187E-13
3882.3  3.831109E-13
3885.2  3.396048E-13
3888.1  3.321534E-13
3891.  3.677107E-13
3893.9  4.112997E-13
3896.8  4.390497E-13
3899.7  4.636781E-13
3902.6  4.830727E-13
3905.5  5.052632E-13
3908.4  5.240652E-13
3911.3  5.247910E-13
3914.2  5.145341E-13
3917.1  5.007444E-13
3920.  4.815891E-13
3922.9  4.462645E-13
3925.8  3.785371E-13
3928.7  2.955237E-13
3931.6  2.486393E-13
3934.5  2.833819E-13
3937.4  3.783049E-13
3940.3  4.530340E-13
3943.2  4.857513E-13
3946.1  4.996799E-13
3949.  5.062629E-13
3951.9  5.010063E-13
3954.8  4.809223E-13
3957.7  4.467950E-13
3960.6  3.902542E-13
3963.5  3.171693E-13
3966.4  2.615960E-13
3969.3  2.765732E-13
3972.2  3.525129E-13
3975.1  4.364114E-13
3978.  4.908812E-13
3980.9  5.166339E-13
3983.8  5.333723E-13
3986.7  5.518328E-13
3989.6  5.676844E-13
3992.5  5.773048E-13
3995.4  5.770312E-13
3998.3  5.795972E-13
4001.2  5.811783E-13
4004.1  5.810852E-13
4007.  5.914851E-13
4009.9  6.051397E-13
4012.8  6.067462E-13
4015.7  6.097242E-13
4018.6  6.113087E-13
4021.5  6.058718E-13
4024.4  5.980830E-13
4027.3  5.846814E-13
4030.2  5.732471E-13
4033.1  5.799980E-13
4036.  5.925010E-13
4038.9  5.945226E-13
4041.8  5.856546E-13
4044.7  5.778894E-13
4047.6  5.842906E-13
4050.5  5.820337E-13
4053.4  5.618442E-13
4056.3  5.499983E-13
4059.2  5.373744E-13
4062.1  5.326871E-13
4065.  5.394195E-13
4067.9  5.440092E-13
4070.8  5.327174E-13
4073.7  5.134239E-13
4076.6  5.033327E-13
4079.5  5.093002E-13
4082.4  5.088819E-13
4085.3  5.140275E-13
4088.2  5.128474E-13
4091.1  4.945273E-13
4094.  4.514850E-13
4096.9  3.967636E-13
4099.8  3.630370E-13
4102.7  3.804351E-13
4105.6  4.336070E-13
4108.5  4.742986E-13
4111.4  4.969791E-13
4114.3  5.140565E-13
4117.2  5.290536E-13
4120.1  5.348158E-13
4123.  5.327363E-13
4125.9  5.299807E-13
4128.8  5.324589E-13
4131.7  5.404135E-13
4134.6  5.524888E-13
4137.5  5.671457E-13
4140.4  5.727460E-13
4143.3  5.655379E-13
4146.2  5.647373E-13
4149.1  5.635232E-13
4152.  5.595266E-13
4154.9  5.648993E-13
4157.8  5.721649E-13
4160.7  5.790101E-13
4163.6  5.823067E-13
4166.5  5.710475E-13
4169.4  5.512163E-13
4172.3  5.358973E-13
4175.2  5.403627E-13
4178.1  5.523229E-13
4181.  5.501712E-13
4183.9  5.498097E-13
4186.8  5.602514E-13
4189.7  5.784358E-13
4192.6  5.826962E-13
4195.5  5.642189E-13
4198.4  5.494104E-13
4201.3  5.519959E-13
4204.2  5.639687E-13
4207.1  5.734585E-13
4210.  5.795015E-13
4212.9  5.834562E-13
4215.8  5.777276E-13
4218.7  5.716201E-13
4221.6  5.546164E-13
4224.5  5.355462E-13
4227.4  5.471608E-13
4230.3  5.656158E-13
4233.2  5.649692E-13
4236.1  5.679698E-13
4239.  5.782715E-13
4241.9  5.796615E-13
4244.8  5.686166E-13
4247.7  5.618564E-13
4250.6  5.614514E-13
4253.5  5.639287E-13
4256.4  5.633710E-13
4259.3  5.632721E-13
4262.2  5.762374E-13
4265.1  5.704410E-13
4268.  5.530876E-13
4270.9  5.349942E-13
4273.8  5.365572E-13
4276.7  5.458151E-13
4279.6  5.513564E-13
4282.5  5.490386E-13
4285.4  5.366107E-13
4288.3  5.199851E-13
4291.2  5.205005E-13
4294.1  5.124643E-13
4297.  4.864167E-13
4299.9  4.721903E-13
4302.8  4.797787E-13
4305.7  4.880312E-13
4308.6  5.011957E-13
4311.5  5.201533E-13
4314.4  5.261886E-13
4317.3  5.281447E-13
4320.2  5.144112E-13
4323.1  4.979602E-13
4326.  4.935667E-13
4328.9  4.951775E-13
4331.8  4.726576E-13
4334.7  4.208970E-13
4337.6  3.663002E-13
4340.5  3.608537E-13
4343.4  4.156727E-13
4346.3  4.736780E-13
4349.2  4.981704E-13
4352.1  5.109405E-13
4355.  5.395307E-13
4357.9  5.586464E-13
4360.8  5.703750E-13
4363.7  5.697459E-13
4366.6  5.616902E-13
4369.5  5.574158E-13
4372.4  5.563809E-13
4375.3  5.511962E-13
4378.2  5.481264E-13
4381.1  5.296192E-13
4384.  5.153448E-13
4386.9  5.281543E-13
4389.8  5.487824E-13
4392.7  5.519684E-13
4395.6  5.447567E-13
4398.5  5.412472E-13
4401.4  5.436714E-13
4404.3  5.472005E-13
4407.2  5.510076E-13
4410.1  5.577466E-13
4413.  5.557122E-13
4415.9  5.513678E-13
4418.8  5.558508E-13
4421.7  5.599949E-13
4424.6  5.609650E-13
4427.5  5.625132E-13
4430.4  5.570398E-13
4433.3  5.533204E-13
4436.2  5.616562E-13
4439.1  5.620887E-13
4442.  5.529122E-13
4444.9  5.570338E-13
4447.8  5.642415E-13
4450.7  5.555252E-13
4453.6  5.393448E-13
4456.5  5.302164E-13
4459.4  5.319028E-13
4462.3  5.377594E-13
4465.2  5.505541E-13
4468.1  5.737751E-13
4471.  5.883089E-13
4473.9  5.828160E-13
4476.8  5.631620E-13
4479.7  5.519762E-13
4482.6  5.571364E-13
4485.5  5.630315E-13
4488.4  5.574005E-13
4491.3  5.509171E-13
4494.2  5.549763E-13
4497.1  5.633734E-13
4500.  5.678870E-13
4502.9  5.695727E-13
4505.8  5.716797E-13
4508.7  5.743859E-13
4511.6  5.689434E-13
4514.5  5.648269E-13
4517.4  5.620072E-13
4520.3  5.587359E-13
4523.2  5.474319E-13
4526.1  5.372808E-13
4529.  5.307076E-13
4531.9  5.332429E-13
4534.8  5.472712E-13
4537.7  5.620405E-13
4540.6  5.638544E-13
4543.5  5.492170E-13
4546.4  5.370734E-13
4549.3  5.258079E-13
4552.2  5.282258E-13
4555.1  5.413406E-13
4558.  5.528060E-13
4560.9  5.532181E-13
4563.8  5.491540E-13
4566.7  5.510633E-13
4569.6  5.621469E-13
4572.5  5.618284E-13
4575.4  5.566644E-13
4578.3  5.464905E-13
4581.2  5.346824E-13
4584.1  5.340811E-13
4587.  5.475361E-13
4589.9  5.556934E-13
4592.8  5.579452E-13
4595.7  5.613273E-13
4598.6  5.548512E-13
4601.5  5.520544E-13
4604.4  5.573256E-13
4607.3  5.639346E-13
4610.2  5.606785E-13
4613.1  5.490742E-13
4616.  5.478876E-13
4618.9  5.503670E-13
4621.8  5.630632E-13
4624.7  5.712968E-13
4627.6  5.624124E-13
4630.5  5.533899E-13
4633.4  5.515301E-13
4636.3  5.468445E-13
4639.2  5.412380E-13
4642.1  5.458422E-13
4645.  5.438219E-13
4647.9  5.389229E-13
4650.8  5.458059E-13
4653.7  5.458913E-13
4656.6  5.457895E-13
4659.5  5.516685E-13
4662.4  5.442787E-13
4665.3  5.312257E-13
4668.2  5.237226E-13
4671.1  5.333934E-13
4674.  5.444764E-13
4676.9  5.511979E-13
4679.8  5.490906E-13
4682.7  5.471344E-13
4685.6  5.513228E-13
4688.5  5.540133E-13
4691.4  5.536840E-13
4694.3  5.457294E-13
4697.2  5.369268E-13
4700.1  5.193636E-13
4703.  5.007219E-13
4705.9  4.976222E-13
4708.8  5.103474E-13
4711.7  5.248571E-13
4714.6  5.321320E-13
4717.5  5.319179E-13
4720.4  5.291493E-13
4723.3  5.348913E-13
4726.2  5.318234E-13
4729.1  5.211436E-13
4732.  5.217017E-13
4734.9  5.241203E-13
4737.8  5.326397E-13
4740.7  5.408884E-13
4743.6  5.392237E-13
4746.5  5.379356E-13
4749.4  5.395019E-13
4752.3  5.349787E-13
4755.2  5.297747E-13
4758.1  5.294133E-13
4761.  5.204188E-13
4763.9  5.102365E-13
4766.8  5.136981E-13
4769.7  5.255238E-13
4772.6  5.343140E-13
4775.5  5.411664E-13
4778.4  5.380019E-13
4781.3  5.303521E-13
4784.2  5.237691E-13
4787.1  5.252399E-13
4790.  5.324477E-13
4792.9  5.392249E-13
4795.8  5.374270E-13
4798.7  5.273115E-13
4801.6  5.252070E-13
4804.5  5.330857E-13
4807.4  5.368086E-13
4810.3  5.418874E-13
4813.2  5.450693E-13
4816.1  5.440082E-13
4819.  5.345296E-13
4821.9  5.204114E-13
4824.8  5.165550E-13
4827.7  5.168135E-13
4830.6  5.122488E-13
4833.5  5.093886E-13
4836.4  5.064859E-13
4839.3  4.962546E-13
4842.2  4.844134E-13
4845.1  4.780038E-13
4848.  4.702538E-13
4850.9  4.551147E-13
4853.8  4.245960E-13
4856.7  3.779336E-13
4859.6  3.342066E-13
4862.5  3.357175E-13
4865.4  3.840942E-13
4868.3  4.214092E-13
4871.2  4.340573E-13
4874.1  4.451301E-13
4877.  4.576781E-13
4879.9  4.700110E-13
4882.8  4.743761E-13
4885.7  4.736260E-13
4888.6  4.773226E-13
4891.5  4.876413E-13
4894.4  5.047009E-13
4897.3  5.127613E-13
4900.2  5.101052E-13
4903.1  5.031540E-13
4906.  5.015452E-13
4908.9  5.021742E-13
4911.8  4.998697E-13
4914.7  5.000344E-13
4917.6  4.866207E-13
4920.5  4.741901E-13
4923.4  4.801642E-13
4926.3  4.970041E-13
4929.2  5.069951E-13
4932.1  4.998938E-13
4935.  4.873146E-13
4937.9  4.867488E-13
4940.8  4.966144E-13
4943.7  5.051986E-13
4946.6  5.057754E-13
4949.5  5.076276E-13
4952.4  5.033875E-13
4955.3  4.960203E-13
4958.2  4.938904E-13
4961.1  5.062540E-13
4964.  5.064966E-13
4966.9  5.010606E-13
4969.8  5.054815E-13
4972.7  5.082764E-13
4975.6  5.032799E-13
4978.5  4.926694E-13
4981.4  4.791571E-13
4984.3  4.745795E-13
4987.2  4.840028E-13
4990.1  4.865112E-13
4993.  4.868263E-13
4995.9  4.923515E-13
4998.8  4.892155E-13
5001.7  4.790105E-13
5004.6  4.752215E-13
5007.5  4.703894E-13
5010.4  4.647569E-13
5013.3  4.632057E-13
5016.2  4.663853E-13
5019.1  4.674126E-13
5022.  4.731303E-13
5024.9  4.773471E-13
5027.8  4.793013E-13
5030.7  4.843388E-13
5033.6  4.873851E-13
5036.5  4.775286E-13
5039.4  4.691264E-13
5042.3  4.761412E-13
5045.2  4.895034E-13
5048.1  4.873240E-13
5051.  4.813236E-13
5053.9  4.860692E-13
5056.8  4.961791E-13
5059.7  5.050888E-13
5062.6  5.028187E-13
5065.5  4.937335E-13
5068.4  4.891966E-13
5071.3  4.852991E-13
5074.2  4.807963E-13
5077.1  4.770127E-13
5080.  4.721236E-13
5082.9  4.770628E-13
5085.8  4.874781E-13
5088.7  4.886756E-13
5091.6  4.860834E-13
5094.5  4.822665E-13
5097.4  4.766667E-13
5100.3  4.735056E-13
5103.2  4.797791E-13
5106.1  4.800576E-13
5109.  4.783053E-13
5111.9  4.813756E-13
5114.8  4.845071E-13
5117.7  4.840616E-13
5120.6  4.804947E-13
5123.5  4.756580E-13
5126.4  4.730881E-13
5129.3  4.716417E-13
5132.2  4.679909E-13
5135.1  4.581882E-13
5138.  4.396162E-13
5140.9  4.399820E-13
5143.8  4.593478E-13
5146.7  4.706388E-13
5149.6  4.721872E-13
5152.5  4.721915E-13
5155.4  4.795701E-13
5158.3  4.848171E-13
5161.2  4.785483E-13
5164.1  4.621377E-13
5167.  4.433213E-13
5169.9  4.421136E-13
5172.8  4.555952E-13
5175.7  4.754260E-13
5178.6  4.764363E-13
5181.5  4.582559E-13
5184.4  4.475082E-13
5187.3  4.532892E-13
5190.2  4.500824E-13
5193.1  4.397908E-13
5196.  4.405807E-13
5198.9  4.523565E-13
5201.8  4.541654E-13
5204.7  4.455408E-13
5207.6  4.474667E-13
5210.5  4.566511E-13
5213.4  4.578573E-13
5216.3  4.596873E-13
5219.2  4.668223E-13
5222.1  4.650700E-13
5225.  4.467309E-13
5227.9  4.402227E-13
5230.8  4.514121E-13
5233.7  4.577819E-13
5236.6  4.617858E-13
5239.5  4.647459E-13
5242.4  4.655706E-13
5245.3  4.623617E-13
5248.2  4.641275E-13
5251.1  4.651378E-13
5254.  4.619986E-13
5256.9  4.647342E-13
5259.8  4.580091E-13
5262.7  4.403147E-13
5265.6  4.256056E-13
5268.5  4.254582E-13
5271.4  4.306070E-13
5274.3  4.369125E-13
5277.2  4.451182E-13
5280.1  4.546950E-13
5283.  4.522787E-13
5285.9  4.590266E-13
5288.8  4.651510E-13
5291.7  4.648161E-13
5294.6  4.614735E-13
5297.5  4.578300E-13
5300.4  4.545029E-13
5303.3  4.569291E-13
5306.2  4.629603E-13
5309.1  4.641389E-13
5312.  4.605115E-13
5314.9  4.507833E-13
5317.8  4.463040E-13
5320.7  4.476149E-13
5323.6  4.451229E-13
5326.5  4.402890E-13
5329.4  4.434104E-13
5332.3  4.545447E-13
5335.2  4.555661E-13
5338.1  4.522129E-13
5341.  4.508773E-13
5343.9  4.527650E-13
5346.8  4.485007E-13
5349.7  4.511265E-13
5352.6  4.566197E-13
5355.5  4.595029E-13
5358.4  4.601731E-13
5361.3  4.539640E-13
5364.2  4.450716E-13
5367.1  4.416695E-13
5370.  4.385999E-13
5372.9  4.469121E-13
5375.8  4.589444E-13
5378.7  4.552052E-13
5381.6  4.473415E-13
5384.5  4.543961E-13
5387.4  4.550928E-13
5390.3  4.516604E-13
5393.2  4.472254E-13
5396.1  4.446944E-13
5399.  4.441151E-13
5401.9  4.426415E-13
5404.8  4.320057E-13
5407.7  4.316455E-13
5410.6  4.348083E-13
5413.5  4.395887E-13
5416.4  4.460276E-13
5419.3  4.501396E-13
5422.2  4.469618E-13
5425.1  4.418089E-13
5428.  4.405880E-13
5430.9  4.423362E-13
5433.8  4.446219E-13
5436.7  4.492699E-13
5439.6  4.463285E-13
5442.5  4.394438E-13
5445.4  4.362534E-13
5448.3  4.397457E-13
5451.2  4.460560E-13
5454.1  4.423568E-13
5457.  4.415341E-13
5459.9  4.454118E-13
5462.8  4.398897E-13
5465.7  4.381718E-13
5468.6  4.418009E-13
5471.5  4.399416E-13
5474.4  4.324145E-13
5477.3  4.288959E-13
5480.2  4.346094E-13
5483.1  4.403084E-13
5486.  4.409423E-13
5488.9  4.401611E-13
5491.8  4.369958E-13
5494.7  4.360200E-13
5497.6  4.355142E-13
5500.5  4.348857E-13
5503.4  4.319110E-13
5506.3  4.302490E-13
5509.2  4.300419E-13
5512.1  4.287846E-13
5515.  4.308620E-13
5517.9  4.381401E-13
5520.8  4.410526E-13
5523.7  4.342908E-13
5526.6  4.246553E-13
5529.5  4.233046E-13
5532.4  4.282075E-13
5535.3  4.296728E-13
5538.2  4.302785E-13
5541.1  4.308643E-13
5544.  4.294415E-13
5546.9  4.291391E-13
5549.8  4.328808E-13
5552.7  4.356271E-13
5555.6  4.317021E-13
5558.5  4.335480E-13
5561.4  4.314932E-13
5564.3  4.344363E-13
5567.2  4.330114E-13
5570.1  4.284503E-13
5573.  4.276548E-13
5575.9  4.292111E-13
5578.8  4.332224E-13
5581.7  4.338858E-13
5584.6  4.284092E-13
5587.5  4.192056E-13
5590.4  4.182125E-13
5593.3  4.219571E-13
5596.2  4.185510E-13
5599.1  4.119182E-13
5602.  4.108413E-13
5604.9  4.184821E-13
5607.8  4.272536E-13
5610.7  4.283565E-13
5613.6  4.206976E-13
5616.5  4.165696E-13
5619.4  4.208710E-13
5622.3  4.232172E-13
5625.2  4.270591E-13
5628.1  4.328462E-13
5631.  4.333400E-13
5633.9  4.285783E-13
5636.8  4.239183E-13
5639.7  4.199535E-13
5642.6  4.199637E-13
5645.5  4.241601E-13
5648.4  4.233137E-13
5651.3  4.202656E-13
5654.2  4.164690E-13
5657.1  4.099210E-13
5660.  4.083159E-13
5662.9  4.128623E-13
5665.8  4.154717E-13
5668.7  4.172204E-13
5671.6  4.196401E-13
5674.5  4.231209E-13
5677.4  4.238853E-13
5680.3  4.193621E-13
5683.2  4.139482E-13
5686.1  4.128330E-13
5689.  4.145424E-13
5691.9  4.178383E-13
5694.8  4.198751E-13
5697.7  4.169790E-13
5700.6  4.153259E-13
5703.5  4.117450E-13
5706.4  4.058300E-13
5709.3  4.041144E-13
5712.2  4.072338E-13
5715.1  4.131068E-13
5718.  4.171918E-13
5720.9  4.213743E-13
5723.8  4.249879E-13
5726.7  4.247366E-13
5729.6  4.223338E-13
5732.5  4.186267E-13
5735.4  4.190834E-13
5738.3  4.195961E-13
5741.2  4.227458E-13
5744.1  4.237084E-13
5747.  4.179937E-13
5749.9  4.130282E-13
5752.8  4.101091E-13
5755.7  4.110761E-13
5758.6  4.136821E-13
5761.5  4.160295E-13
5764.4  4.213756E-13
5767.3  4.250212E-13
5770.2  4.250306E-13
5773.1  4.218998E-13
5776.  4.176317E-13
5778.9  4.100251E-13
5781.8  4.030282E-13
5784.7  4.038338E-13
5787.6  4.086934E-13
5790.5  4.106512E-13
5793.4  4.113753E-13
5796.3  4.216816E-13
5799.2  4.227652E-13
5802.1  4.215727E-13
5805.  4.199977E-13
5807.9  4.177194E-13
5810.8  4.141976E-13
5813.7  4.131296E-13
5816.6  4.156553E-13
5819.5  4.167023E-13
5822.4  4.155583E-13
5825.3  4.128239E-13
5828.2  4.111705E-13
5831.1  4.123890E-13
5834.  4.114074E-13
5836.9  4.104441E-13
5839.8  4.104082E-13
5842.7  4.092201E-13
5845.6  4.077439E-13
5848.5  4.064511E-13
5851.4  4.029827E-13
5854.3  3.998083E-13
5857.2  3.975183E-13
5860.1  3.973328E-13
5863.  3.991871E-13
5865.9  4.004254E-13
5868.8  4.034314E-13
5871.7  4.111505E-13
5874.6  4.183910E-13
5877.5  4.163628E-13
5880.4  4.070665E-13
5883.3  3.989734E-13
5886.2  3.915375E-13
5889.1  3.852681E-13
5892.  3.841677E-13
5894.9  3.868761E-13
5897.8  3.922401E-13
5900.7  3.963572E-13
5903.6  3.958168E-13
5906.5  3.942123E-13
5909.4  3.947885E-13
5912.3  3.960660E-13
5915.2  3.962106E-13
5918.1  3.991525E-13
5921.  4.037000E-13
5923.9  4.055037E-13
5926.8  4.040202E-13
5929.7  4.020314E-13
5932.6  4.000874E-13
5935.5  3.984702E-13
5938.4  3.987657E-13
5941.3  3.986731E-13
5944.2  3.992036E-13
5947.1  3.993872E-13
5950.  3.979026E-13
5952.9  3.974607E-13
5955.8  3.990441E-13
5958.7  3.995651E-13
5961.6  3.976598E-13
5964.5  3.958064E-13
5967.4  3.944180E-13
5970.3  3.929489E-13
5973.2  3.916549E-13
5976.1  3.919585E-13
5979.  3.907215E-13
5981.9  3.891325E-13
5984.8  3.875890E-13
5987.7  3.886174E-13
5990.6  3.912389E-13
5993.5  3.937976E-13
5996.4  3.936868E-13
5999.3  3.926547E-13
6002.2  3.921899E-13
6005.1  3.912902E-13
6008.  3.891346E-13
6010.9  3.901857E-13
6013.8  3.907187E-13
6016.7  3.879923E-13
6019.6  3.852438E-13
6022.5  3.862214E-13
6025.4  3.884584E-13
6028.3  3.904218E-13
6031.2  3.916046E-13
6034.1  3.910802E-13
6037.  3.900828E-13
6039.9  3.868311E-13
6042.8  3.860425E-13
6045.7  3.849099E-13
6048.6  3.849310E-13
6051.5  3.852178E-13
6054.4  3.845605E-13
6057.3  3.813014E-13
6060.2  3.800151E-13
6063.1  3.794613E-13
6066.  3.796028E-13
6068.9  3.832322E-13
6071.8  3.845800E-13
6074.7  3.837713E-13
6077.6  3.820980E-13
6080.5  3.804185E-13
6083.4  3.804247E-13
6086.3  3.811403E-13
6089.2  3.809799E-13
6092.1  3.807944E-13
6095.  3.801342E-13
6097.9  3.788107E-13
6100.8  3.763360E-13
6103.7  3.748741E-13
6106.6  3.756402E-13
6109.5  3.757396E-13
6112.4  3.741800E-13
6115.3  3.747410E-13
6118.2  3.751381E-13
6121.1  3.738145E-13
6124.  3.727343E-13
6126.9  3.710181E-13
6129.8  3.694075E-13
6132.7  3.660267E-13
6135.6  3.634804E-13
6138.5  3.646379E-13
6141.4  3.672916E-13
6144.3  3.693728E-13
6147.2  3.679472E-13
6150.1  3.660821E-13
6153.  3.638905E-13
6155.9  3.634328E-13
6158.8  3.608113E-13
6161.7  3.578092E-13
6164.6  3.574063E-13
6167.5  3.571046E-13
6170.4  3.590264E-13
6173.3  3.641719E-13
6176.2  3.684806E-13
6179.1  3.687876E-13
6182.  3.692493E-13
6184.9  3.701286E-13
6187.8  3.696409E-13
6190.7  3.694650E-13
6193.6  3.697384E-13
6196.5  3.686348E-13
6199.4  3.680050E-13
6202.3  3.681367E-13
6205.2  3.696285E-13
6208.1  3.696972E-13
6211.  3.689722E-13
6213.9  3.663095E-13
6216.8  3.672282E-13
6219.7  3.674678E-13
6222.6  3.668342E-13
6225.5  3.648955E-13
6228.4  3.611969E-13
6231.3  3.611741E-13
6234.2  3.583002E-13
6237.1  3.573103E-13
6240.  3.589951E-13
6242.9  3.591543E-13
6245.8  3.561280E-13
6248.7  3.537131E-13
6251.6  3.558447E-13
6254.5  3.608805E-13
6257.4  3.630642E-13
6260.3  3.628032E-13
6263.2  3.638748E-13
6266.1  3.671028E-13
6269.  3.668741E-13
6271.9  3.641878E-13
6274.8  3.610780E-13
6277.7  3.581063E-13
6280.6  3.558713E-13
6283.5  3.562448E-13
6286.4  3.569496E-13
6289.3  3.581298E-13
6292.2  3.588209E-13
6295.1  3.574293E-13
6298.  3.548919E-13
6300.9  3.547257E-13
6303.8  3.559064E-13
6306.7  3.560887E-13
6309.6  3.550267E-13
6312.5  3.506881E-13
6315.4  3.489359E-13
6318.3  3.501655E-13
6321.2  3.522463E-13
6324.1  3.534241E-13
6327.  3.530271E-13
6329.9  3.542232E-13
6332.8  3.554212E-13
6335.7  3.550946E-13
6338.6  3.558472E-13
6341.5  3.562674E-13
6344.4  3.554328E-13
6347.3  3.543406E-13
6350.2  3.526381E-13
6353.1  3.523824E-13
6356.  3.516394E-13
6358.9  3.484389E-13
6361.8  3.466664E-13
6364.7  3.461822E-13
6367.6  3.484801E-13
6370.5  3.521371E-13
6373.4  3.535229E-13
6376.3  3.507423E-13
6379.2  3.506658E-13
6382.1  3.529763E-13
6385.  3.531704E-13
6387.9  3.506116E-13
6390.8  3.488788E-13
6393.7  3.472423E-13
6396.6  3.471611E-13
6399.5  3.480032E-13
6402.4  3.485502E-13
6405.3  3.472698E-13
6408.2  3.431580E-13
6411.1  3.406277E-13
6414.  3.417155E-13
6416.9  3.421346E-13
6419.8  3.413280E-13
6422.7  3.391118E-13
6425.6  3.394083E-13
6428.5  3.406522E-13
6431.4  3.398031E-13
6434.3  3.386584E-13
6437.2  3.379357E-13
6440.1  3.377949E-13
6443.  3.392332E-13
6445.9  3.396514E-13
6448.8  3.378218E-13
6451.7  3.369429E-13
6454.6  3.375093E-13
6457.5  3.357911E-13
6460.4  3.343488E-13
6463.3  3.364981E-13
6466.2  3.388356E-13
6469.1  3.386425E-13
6472.  3.368225E-13
6474.9  3.350737E-13
6477.8  3.367527E-13
6480.7  3.380602E-13
6483.6  3.402084E-13
6486.5  3.364617E-13
6489.4  3.320504E-13
6492.3  3.286406E-13
6495.2  3.277890E-13
6498.1  3.308902E-13
6501.  3.364050E-13
6503.9  3.402000E-13
6506.8  3.408927E-13
6509.7  3.389411E-13
6512.6  3.358147E-13
6515.5  3.333266E-13
6518.4  3.320520E-13
6521.3  3.319440E-13
6524.2  3.317912E-13
6527.1  3.308996E-13
6530.  3.307547E-13
6532.9  3.315511E-13
6535.8  3.311968E-13
6538.7  3.285594E-13
6541.6  3.234645E-13
6544.5  3.167726E-13
6547.4  3.100734E-13
6550.3  3.017446E-13
6553.2  2.895532E-13
6556.1  2.749993E-13
6559.  2.612902E-13
6561.9  2.547783E-13
6564.8  2.595882E-13
6567.7  2.728609E-13
6570.6  2.900048E-13
6573.5  3.050904E-13
6576.4  3.151138E-13
6579.3  3.210611E-13
6582.2  3.242064E-13
6585.1  3.260855E-13
6588.  3.275047E-13
6590.9  3.287403E-13
6593.8  3.298610E-13
6596.7  3.307455E-13
6599.6  3.311108E-13
6602.5  3.307446E-13
6605.4  3.296858E-13
6608.3  3.282980E-13
6611.2  3.275761E-13
6614.1  3.277190E-13
6617.  3.277624E-13
6619.9  3.277176E-13
6622.8  3.283848E-13
6625.7  3.293897E-13
6628.6  3.298516E-13
6631.5  3.297900E-13
6634.4  3.295077E-13
6637.3  3.292648E-13
6640.2  3.291928E-13
6643.1  3.287883E-13
6646.  3.278779E-13
6648.9  3.272694E-13
6651.8  3.272460E-13
6654.7  3.272706E-13
6657.6  3.270497E-13
6660.5  3.264652E-13
6663.4  3.261678E-13
6666.3  3.271414E-13
6669.2  3.287464E-13
6672.1  3.298126E-13
6675.  3.294909E-13
6677.9  3.275189E-13
6680.8  3.257257E-13
6683.7  3.254015E-13
6686.6  3.256250E-13
6689.5  3.255237E-13
6692.4  3.245242E-13
6695.3  3.228173E-13
6698.2  3.214027E-13
6701.1  3.209756E-13
6704.  3.219457E-13
6706.9  3.230908E-13
6709.8  3.227348E-13
6712.7  3.214083E-13
6715.6  3.201234E-13
6718.5  3.191973E-13
6721.4  3.187439E-13
6724.3  3.184406E-13
6727.2  3.181162E-13
6730.1  3.180917E-13
6733.  3.181753E-13
6735.9  3.175723E-13
6738.8  3.164006E-13
6741.7  3.154192E-13
6744.6  3.150232E-13
6747.5  3.153722E-13
6750.4  3.162654E-13
6753.3  3.173205E-13
6756.2  3.179319E-13
6759.1  3.177485E-13
6762.  3.172794E-13
6764.9  3.170600E-13
6767.8  3.175149E-13
6770.7  3.184243E-13
6773.6  3.186653E-13
6776.5  3.182233E-13
6779.4  3.179728E-13
6782.3  3.181705E-13
6785.2  3.187295E-13
6788.1  3.187125E-13
6791.  3.171863E-13
6793.9  3.149464E-13
6796.8  3.130248E-13
6799.7  3.119474E-13
6802.6  3.117724E-13
6805.5  3.115164E-13
6808.4  3.108924E-13
6811.3  3.108166E-13
6814.2  3.114334E-13
6817.1  3.121750E-13
6820.  3.128019E-13
6822.9  3.132596E-13
6825.8  3.131107E-13
6828.7  3.119809E-13
6831.6  3.109036E-13
6834.5  3.108103E-13
6837.4  3.105183E-13
6840.3  3.094716E-13
6843.2  3.095846E-13
6846.1  3.115337E-13
6849.  3.135722E-13
6851.9  3.155862E-13
6854.8  3.191575E-13
6857.7  3.230340E-13
6860.6  3.245233E-13
6863.5  3.204247E-13
6866.4  3.086119E-13
6869.3  2.968399E-13
6872.2  2.933468E-13
6875.1  2.964418E-13
6878.  3.023756E-13
6880.9  3.066697E-13
6883.8  3.068940E-13
6886.7  3.051083E-13
6889.6  3.031976E-13
6892.5  3.025416E-13
6895.4  3.032007E-13
6898.3  3.040778E-13
6901.2  3.046389E-13
6904.1  3.046557E-13
6907.  3.041378E-13
6909.9  3.033020E-13
6912.8  3.028497E-13
6915.7  3.032065E-13
6918.6  3.035887E-13
6921.5  3.034799E-13
6924.4  3.031992E-13
6927.3  3.029840E-13
6930.2  3.029285E-13
6933.1  3.031053E-13
6936.  3.035613E-13
6938.9  3.038556E-13
6941.8  3.033615E-13
6944.7  3.028299E-13
6947.6  3.031769E-13
6950.5  3.030791E-13
6953.4  3.014884E-13
6956.3  3.000711E-13
6959.2  2.999318E-13
6962.1  3.001470E-13
6965.  3.002206E-13
6967.9  3.004793E-13
6970.8  3.005746E-13
6973.7  2.995886E-13
6976.6  2.980978E-13
6979.5  2.974645E-13
6982.4  2.974873E-13
6985.3  2.974714E-13
6988.2  2.978891E-13
6991.1  2.990303E-13
6994.  2.994940E-13
6996.9  2.983074E-13
6999.8  2.959696E-13
7002.7  2.934519E-13
7005.6  2.923403E-13
7008.5  2.928717E-13
7011.4  2.937387E-13
7014.3  2.946566E-13
7017.2  2.959740E-13
7020.1  2.970109E-13
7023.  2.968911E-13
7025.9  2.960121E-13
7028.8  2.950733E-13
7031.7  2.944337E-13
7034.6  2.943206E-13
7037.5  2.947520E-13
7040.4  2.954682E-13
7043.3  2.958281E-13
7046.2  2.955224E-13
7049.1  2.946224E-13
7052.  2.937142E-13
7054.9  2.937124E-13
7057.8  2.941110E-13
7060.7  2.938450E-13
7063.6  2.924217E-13
7066.5  2.898765E-13
7069.4  2.884190E-13
7072.3  2.895171E-13
7075.2  2.908261E-13
7078.1  2.907836E-13
7081.  2.902796E-13
7083.9  2.899170E-13
7086.8  2.899523E-13
7089.7  2.899938E-13
7092.6  2.890299E-13
7095.5  2.877737E-13
7098.4  2.876728E-13
7101.3  2.879734E-13
7104.2  2.874161E-13
7107.1  2.858423E-13
7110.  2.836030E-13
7112.9  2.821443E-13
7115.8  2.823056E-13
7118.7  2.831864E-13
7121.6  2.840014E-13
7124.5  2.842877E-13
7127.4  2.841547E-13
7130.3  2.842887E-13
7133.2  2.848062E-13
7136.1  2.854875E-13
7139.  2.857999E-13
7141.9  2.852580E-13
7144.8  2.844832E-13
7147.7  2.842679E-13
7150.6  2.851837E-13
7153.5  2.871218E-13
7156.4  2.883145E-13
7159.3  2.879003E-13
7162.2  2.867706E-13
7165.1  2.855011E-13
7168.  2.842995E-13
7170.9  2.833426E-13
7173.8  2.826733E-13
7176.7  2.822103E-13
7179.6  2.817947E-13
7182.5  2.802805E-13
7185.4  2.769741E-13
7188.3  2.749111E-13
7191.2  2.758704E-13
7194.1  2.762080E-13
7197.  2.738768E-13
7199.9  2.704708E-13
7202.8  2.676823E-13
7205.7  2.672678E-13
7208.6  2.691698E-13
7211.5  2.718910E-13
7214.4  2.741660E-13
7217.3  2.749977E-13
7220.2  2.753910E-13
7223.1  2.766153E-13
7226.  2.776462E-13
7228.9  2.774505E-13
7231.8  2.759831E-13
7234.7  2.739352E-13
7237.6  2.735412E-13
7240.5  2.749076E-13
7243.4  2.750699E-13
7246.3  2.740929E-13
7249.2  2.744561E-13
7252.1  2.762655E-13
7255.  2.784686E-13
7257.9  2.799438E-13
7260.8  2.797957E-13
7263.7  2.793560E-13
7266.6  2.797390E-13
7269.5  2.790623E-13
7272.4  2.765091E-13
7275.3  2.744236E-13
7278.2  2.740285E-13
7281.1  2.748140E-13
7284.  2.755807E-13
7286.9  2.744070E-13
7289.8  2.723294E-13
7292.7  2.719818E-13
7295.6  2.725153E-13
7298.5  2.720685E-13
7301.4  2.706358E-13
7304.3  2.687228E-13
7307.2  2.672993E-13
7310.1  2.670365E-13
7313.  2.675889E-13
7315.9  2.684202E-13
7318.8  2.688108E-13
7321.7  2.687107E-13
7324.6  2.688517E-13
7327.5  2.691904E-13
7330.4  2.692102E-13
7333.3  2.691466E-13
7336.2  2.694471E-13
7339.1  2.701376E-13
7342.  2.710149E-13
7344.9  2.712733E-13
7347.8  2.704125E-13
7350.7  2.690121E-13
7353.6  2.677460E-13
7356.5  2.672739E-13
7359.4  2.676055E-13
7362.3  2.679505E-13
7365.2  2.679699E-13
7368.1  2.676632E-13
7371.  2.672760E-13
7373.9  2.671425E-13
7376.8  2.667821E-13
7379.7  2.656665E-13
7382.6  2.642796E-13
7385.5  2.631545E-13
7388.4  2.623365E-13
7391.3  2.618641E-13
7394.2  2.618682E-13
7397.1  2.621866E-13
7400.  2.623502E-13
7402.9  2.619657E-13
7405.8  2.607298E-13
7408.7  2.592887E-13
7411.6  2.586994E-13
7414.5  2.589114E-13
7417.4  2.594833E-13
7420.3  2.599801E-13
7423.2  2.601248E-13
7426.1  2.603848E-13
7429.  2.610190E-13
7431.9  2.615672E-13
7434.8  2.617461E-13
7437.7  2.615899E-13
7440.6  2.611246E-13
7443.5  2.603786E-13
7446.4  2.597034E-13
7449.3  2.595730E-13
7452.2  2.600307E-13
7455.1  2.608835E-13
7458.  2.615927E-13
7460.9  2.616864E-13
7463.8  2.612717E-13
7466.7  2.606427E-13
7469.6  2.603505E-13
7472.5  2.605068E-13
7475.4  2.603880E-13
7478.3  2.599159E-13
7481.2  2.597428E-13
7484.1  2.596450E-13
7487.  2.589013E-13
7489.9  2.578172E-13
7492.8  2.570481E-13
7495.7  2.567296E-13
7498.6  2.567977E-13
7501.5  2.568547E-13
7504.4  2.566276E-13
7507.3  2.564204E-13
7510.2  2.564560E-13
7513.1  2.567884E-13
7516.  2.570568E-13
7518.9  2.563700E-13
7521.8  2.550569E-13
7524.7  2.543147E-13
7527.6  2.541499E-13
7530.5  2.540517E-13
7533.4  2.538434E-13
7536.3  2.534865E-13
7539.2  2.533752E-13
7542.1  2.537920E-13
7545.  2.544347E-13
7547.9  2.548990E-13
7550.8  2.546472E-13
7553.7  2.537590E-13
7556.6  2.531676E-13
7559.5  2.530588E-13
7562.4  2.529794E-13
7565.3  2.529052E-13
7568.2  2.529842E-13
7571.1  2.529858E-13
7574.  2.526437E-13
7576.9  2.521368E-13
7579.8  2.516780E-13
7582.7  2.512414E-13
7585.6  2.507966E-13
7588.5  2.503513E-13
7591.4  2.499060E-13
7594.3  2.494607E-13
7597.2  2.490154E-13
7600.1  2.485700E-13
7603.  2.481247E-13
7605.9  2.476793E-13
7608.8  2.472340E-13
7611.7  2.467887E-13
7614.6  2.463434E-13
7617.5  2.458981E-13
7620.4  2.454527E-13
7623.3  2.450074E-13
7626.2  2.445620E-13
7629.1  2.441167E-13
7632.  2.436714E-13
7634.9  2.432261E-13
7637.8  2.427808E-13
7640.7  2.423355E-13
7643.6  2.418902E-13
7646.5  2.414449E-13
7649.4  2.409995E-13
7652.3  2.405657E-13
7655.2  2.401589E-13
7658.1  2.395617E-13
7661.  2.388895E-13
7663.9  2.394078E-13
7666.8  2.414900E-13
7669.7  2.437589E-13
7672.6  2.452755E-13
7675.5  2.456734E-13
7678.4  2.453147E-13
7681.3  2.451428E-13
7684.2  2.449686E-13
7687.1  2.441532E-13
7690.  2.429337E-13
7692.9  2.417601E-13
7695.8  2.409027E-13
7698.7  2.405294E-13
7701.6  2.406493E-13
7704.5  2.410190E-13
7707.4  2.408980E-13
7710.3  2.402861E-13
7713.2  2.402118E-13
7716.1  2.408065E-13
7719.  2.414978E-13
7721.9  2.417355E-13
7724.8  2.410419E-13
7727.7  2.403665E-13
7730.6  2.408287E-13
7733.5  2.415388E-13
7736.4  2.414524E-13
7739.3  2.403345E-13
7742.2  2.385245E-13
7745.1  2.374906E-13
7748.  2.379074E-13
7750.9  2.391130E-13
7753.8  2.404846E-13
7756.7  2.414796E-13
7759.6  2.414598E-13
7762.5  2.399231E-13
7765.4  2.371362E-13
7768.3  2.338055E-13
7771.2  2.312730E-13
7774.1  2.306491E-13
7777.  2.317392E-13
7779.9  2.338301E-13
7782.8  2.355527E-13
7785.7  2.362364E-13
7788.6  2.365644E-13
7791.5  2.368525E-13
7794.4  2.369744E-13
7797.3  2.370458E-13
7800.2  2.372926E-13
7803.1  2.372626E-13
7806.  2.363860E-13
7808.9  2.353035E-13
7811.8  2.348431E-13
7814.7  2.353851E-13
7817.6  2.368033E-13
7820.5  2.377695E-13
7823.4  2.374902E-13
7826.3  2.364059E-13
7829.2  2.349802E-13
7832.1  2.336587E-13
7835.  2.326997E-13
7837.9  2.321418E-13
7840.8  2.321267E-13
7843.7  2.327603E-13
7846.6  2.335431E-13
7849.5  2.339210E-13
7852.4  2.340942E-13
7855.3  2.342739E-13
7858.2  2.341177E-13
7861.1  2.336294E-13
7864.  2.337071E-13
7866.9  2.342430E-13
7869.8  2.336823E-13
7872.7  2.323344E-13
7875.6  2.319886E-13
7878.5  2.326857E-13
7881.4  2.335807E-13
7884.3  2.343344E-13
7887.2  2.347346E-13
7890.1  2.343961E-13
7893.  2.332247E-13
7895.9  2.321886E-13
7898.8  2.318542E-13
7901.7  2.314774E-13
7904.6  2.308133E-13
7907.5  2.304605E-13
7910.4  2.305129E-13
7913.3  2.306395E-13
7916.2  2.305230E-13
7919.1  2.298809E-13
7922.  2.289119E-13
7924.9  2.279800E-13
7927.8  2.273181E-13
7930.7  2.269730E-13
7933.6  2.262457E-13
7936.5  2.248102E-13
7939.4  2.234897E-13
7942.3  2.230583E-13
7945.2  2.241385E-13
7948.1  2.262752E-13
7951.  2.279034E-13
7953.9  2.284631E-13
7956.8  2.281030E-13
7959.7  2.276052E-13
7962.6  2.278991E-13
7965.5  2.282638E-13
7968.4  2.278235E-13
7971.3  2.271342E-13
7974.2  2.267863E-13
7977.1  2.269488E-13
7980.  2.274362E-13
7982.9  2.273744E-13
7985.8  2.266711E-13
7988.7  2.263030E-13
7991.6  2.259426E-13
7994.5  2.243361E-13
7997.4  2.227683E-13
8000.3  2.233574E-13
8003.2  2.246926E-13
8006.1  2.247839E-13
8009.  2.242658E-13
8011.9  2.239649E-13
8014.8  2.239298E-13
8017.7  2.240193E-13
8020.6  2.236347E-13
8023.5  2.228811E-13
8026.4  2.228951E-13
8029.3  2.235613E-13
8032.2  2.237594E-13
8035.1  2.233656E-13
8038.  2.227691E-13
8040.9  2.220977E-13
8043.8  2.214679E-13
8046.7  2.213988E-13
8049.6  2.221674E-13
8052.5  2.229990E-13
8055.4  2.232680E-13
8058.3  2.230015E-13
8061.2  2.223923E-13
8064.1  2.218144E-13
8067.  2.215207E-13
8069.9  2.216400E-13
8072.8  2.217066E-13
8075.7  2.209555E-13
8078.6  2.200240E-13
8081.5  2.198758E-13
8084.4  2.197031E-13
8087.3  2.187042E-13
8090.2  2.177839E-13
8093.1  2.176644E-13
8096.  2.180923E-13
8098.9  2.187049E-13
8101.8  2.189576E-13
8104.7  2.190364E-13
8107.6  2.199782E-13
8110.5  2.212412E-13
8113.4  2.213493E-13
8116.3  2.205432E-13
8119.2  2.197151E-13
8122.1  2.192464E-13
8125.  2.192750E-13
8127.9  2.191123E-13
8130.8  2.184150E-13
8133.7  2.184139E-13
8136.6  2.195505E-13
8139.5  2.205970E-13
8142.4  2.209529E-13
8145.3  2.207607E-13
8148.2  2.203976E-13
8151.1  2.204590E-13
8154.  2.202629E-13
8156.9  2.187095E-13
8159.8  2.164804E-13
8162.7  2.146592E-13
8165.6  2.138176E-13
8168.5  2.139906E-13
8171.4  2.136427E-13
8174.3  2.120925E-13
8177.2  2.108370E-13
8180.1  2.105883E-13
8183.  2.109394E-13
8185.9  2.112656E-13
8188.8  2.108238E-13
8191.7  2.091529E-13
8194.6  2.061390E-13
8197.5  2.040510E-13
8200.4  2.052828E-13
8203.3  2.082273E-13
8206.2  2.108090E-13
8209.1  2.126148E-13
8212.  2.135613E-13
8214.9  2.141633E-13
8217.8  2.142610E-13
8220.7  2.127011E-13
8223.6  2.087712E-13
8226.5  2.019922E-13
8229.4  1.962239E-13
8232.3  1.972737E-13
8235.2  2.025291E-13
8238.1  2.066747E-13
8241.  2.092418E-13
8243.9  2.107243E-13
8246.8  2.112231E-13
8249.7  2.109156E-13
8252.6  2.094676E-13
8255.5  2.075420E-13
8258.4  2.075027E-13
8261.3  2.095527E-13
8264.2  2.117065E-13
8267.1  2.123665E-13
8270.  2.103134E-13
8272.9  2.073995E-13
8275.8  2.064612E-13
8278.7  2.068517E-13
8281.6  2.071959E-13
8284.5  2.072223E-13
8287.4  2.069083E-13
8290.3  2.067316E-13
8293.2  2.069256E-13
8296.1  2.071015E-13
8299.  2.070840E-13
8301.9  2.069438E-13
8304.8  2.067549E-13
8307.7  2.066292E-13
8310.6  2.061843E-13
8313.5  2.049202E-13
8316.4  2.035110E-13
8319.3  2.027909E-13
8322.2  2.026532E-13
8325.1  2.027416E-13
8328.  2.024181E-13
8330.9  2.014681E-13
8333.8  2.006182E-13
8336.7  2.004143E-13
8339.6  2.011132E-13
8342.5  2.023402E-13
8345.4  2.031907E-13
8348.3  2.034558E-13
8351.2  2.033278E-13
8354.1  2.028313E-13
8357.  2.020297E-13
8359.9  2.013513E-13
8362.8  2.011306E-13
8365.7  2.010897E-13
8368.6  2.010404E-13
8371.5  2.012495E-13
8374.4  2.016520E-13
8377.3  2.017318E-13
8380.2  2.011472E-13
8383.1  1.997094E-13
8386.  1.981016E-13
8388.9  1.974488E-13
8391.8  1.975078E-13
8394.7  1.975854E-13
8397.6  1.978665E-13
8400.5  1.985338E-13
8403.4  1.990050E-13
8406.3  1.989330E-13
8409.2  1.988057E-13
8412.1  1.988599E-13
8415.  1.988305E-13
8417.9  1.985600E-13
8420.8  1.979664E-13
8423.7  1.972478E-13
8426.6  1.968109E-13
8429.5  1.960334E-13
8432.4  1.940901E-13
8435.3  1.924403E-13
8438.2  1.925543E-13
8441.1  1.929117E-13
8444.  1.923912E-13
8446.9  1.926014E-13
8449.8  1.940200E-13
8452.7  1.946816E-13
8455.6  1.939914E-13
8458.5  1.930334E-13
8461.4  1.920997E-13
8464.3  1.909616E-13
8467.2  1.901007E-13
8470.1  1.901711E-13
8473.  1.909428E-13
8475.9  1.919161E-13
8478.8  1.928523E-13
8481.7  1.934672E-13
8484.6  1.933435E-13
8487.5  1.920893E-13
8490.4  1.892614E-13
8493.3  1.852806E-13
8496.2  1.815222E-13
8499.1  1.794926E-13
8502.  1.806695E-13
8504.9  1.838431E-13
8507.8  1.864765E-13
8510.7  1.881483E-13
8513.6  1.891723E-13
8516.5  1.898946E-13
8519.4  1.905723E-13
8522.3  1.906797E-13
8525.2  1.899039E-13
8528.1  1.889656E-13
8531.  1.871499E-13
8533.9  1.815306E-13
8536.8  1.725998E-13
8539.7  1.638105E-13
8542.6  1.590413E-13
8545.5  1.618537E-13
8548.4  1.694968E-13
8551.3  1.770234E-13
8554.2  1.828991E-13
8557.1  1.867008E-13
8560.  1.892958E-13
8562.9  1.914801E-13
8565.8  1.926717E-13
8568.7  1.928363E-13
8571.6  1.929042E-13
8574.5  1.931611E-13
8577.4  1.932231E-13
8580.3  1.929461E-13
8583.2  1.923260E-13
8586.1  1.913267E-13
8589.  1.899555E-13
8591.9  1.882715E-13
8594.8  1.864420E-13
8597.7  1.850844E-13
8600.6  1.845813E-13
8603.5  1.844693E-13
8606.4  1.844015E-13
8609.3  1.843684E-13
8612.2  1.846190E-13
8615.1  1.857037E-13
8618.  1.876336E-13
8620.9  1.900050E-13
8623.8  1.922123E-13
8626.7  1.936248E-13
8629.6  1.944680E-13
8632.5  1.951337E-13
8635.4  1.952936E-13
8638.3  1.946560E-13
8641.2  1.933675E-13
8644.1  1.916037E-13
8647.  1.896583E-13
8649.9  1.870720E-13
8652.8  1.825148E-13
8655.7  1.756820E-13
8658.6  1.670503E-13
8661.5  1.604644E-13
8664.4  1.608377E-13
8667.3  1.661837E-13
8670.2  1.723241E-13
8673.1  1.772973E-13
8676.  1.800673E-13
8678.9  1.815948E-13
8681.8  1.828620E-13
8684.7  1.837781E-13
8687.6  1.845343E-13
8690.5  1.857181E-13
8693.4  1.872584E-13
8696.3  1.884534E-13
8699.2  1.894708E-13
8702.1  1.909429E-13
8705.  1.917534E-13
8707.9  1.905616E-13
8710.8  1.889827E-13
8713.7  1.887484E-13
8716.6  1.892980E-13
8719.5  1.897581E-13
8722.4  1.891623E-13
8725.3  1.873695E-13
8728.2  1.857723E-13
8731.1  1.846731E-13
8734.  1.831827E-13
8736.9  1.811864E-13
8739.8  1.790389E-13
8742.7  1.771550E-13
8745.6  1.759614E-13
8748.5  1.753691E-13
8751.4  1.752430E-13
8754.3  1.762834E-13
8757.2  1.786823E-13
8760.1  1.808533E-13
8763.  1.819499E-13
8765.9  1.827929E-13
8768.8  1.837306E-13
8771.7  1.845718E-13
8774.6  1.849494E-13
8777.5  1.843272E-13
8780.4  1.836172E-13
8783.3  1.842105E-13
8786.2  1.852028E-13
8789.1  1.853084E-13
8792.  1.850911E-13
8794.9  1.851044E-13
8797.8  1.847939E-13
8800.7  1.839354E-13
8803.6  1.830500E-13
8806.5  1.826406E-13
8809.4  1.832043E-13
8812.3  1.843139E-13
8815.2  1.847944E-13
8818.1  1.845075E-13
8821.  1.838811E-13
8823.9  1.832022E-13
8826.8  1.827165E-13
8829.7  1.825010E-13
8832.6  1.825323E-13
8835.5  1.826486E-13
8838.4  1.827263E-13
8841.3  1.828346E-13
8844.2  1.829003E-13
8847.1  1.826234E-13
8850.  1.818788E-13
8852.9  1.807756E-13
8855.8  1.788423E-13
8858.7  1.754096E-13
8861.6  1.717589E-13
8864.5  1.696381E-13
8867.4  1.688264E-13
8870.3  1.687313E-13
8873.2  1.693210E-13
8876.1  1.705557E-13
8879.  1.724000E-13
8881.9  1.747042E-13
8884.8  1.771358E-13
8887.7  1.793414E-13
8890.6  1.810057E-13
8893.5  1.817266E-13
8896.4  1.811276E-13
8899.3  1.797738E-13
8902.2  1.785697E-13
8905.1  1.775681E-13
8908.  1.766775E-13
8910.9  1.763628E-13
8913.8  1.768191E-13
8916.7  1.774716E-13
8919.6  1.776584E-13
8922.5  1.765925E-13
8925.4  1.747016E-13
8928.3  1.738420E-13
8931.2  1.744400E-13
8934.1  1.758184E-13
8937.  1.774106E-13
8939.9  1.786909E-13
8942.8  1.792836E-13
8945.7  1.790797E-13
8948.6  1.787890E-13
8951.5  1.790798E-13
8954.4  1.800430E-13
8957.3  1.812920E-13
8960.2  1.815949E-13
8963.1  1.805762E-13
8966.  1.790177E-13
8968.9  1.779137E-13
8971.8  1.782833E-13
8974.7  1.801498E-13
8977.6  1.828720E-13
8980.5  1.835306E-13
8983.4  1.794757E-13
8986.3  1.736839E-13
8989.2  1.697615E-13
8992.1  1.693188E-13
8995.  1.720604E-13
8997.9  1.738202E-13
9000.8  1.725046E-13
9003.7  1.696434E-13
9006.6  1.665338E-13
9009.5  1.642953E-13
9012.4  1.630473E-13
9015.3  1.622107E-13
9018.2  1.618949E-13
9021.1  1.623726E-13
9024.  1.634252E-13
9026.9  1.648388E-13
9029.8  1.671326E-13
9032.7  1.702575E-13
9035.6  1.723929E-13
9038.5  1.729226E-13
9041.4  1.734204E-13
9044.3  1.744585E-13
9047.2  1.755393E-13
9050.1  1.761915E-13
9053.  1.759371E-13
9055.9  1.748931E-13
9058.8  1.734629E-13
9061.7  1.716600E-13
9064.6  1.695591E-13
9067.5  1.680592E-13
9070.4  1.676448E-13
9073.3  1.672646E-13
9076.2  1.663583E-13
9079.1  1.655342E-13
9082.  1.651391E-13
9084.9  1.652099E-13
9087.8  1.656461E-13
9090.7  1.661785E-13
9093.6  1.669898E-13
9096.5  1.683871E-13
9099.4  1.692548E-13
9102.3  1.685190E-13
9105.2  1.675844E-13
9108.1  1.677090E-13
9111.  1.680604E-13
9113.9  1.681669E-13
9116.8  1.686485E-13
9119.7  1.697842E-13
9122.6  1.716407E-13
9125.5  1.727620E-13
9128.4  1.704963E-13
9131.3  1.670126E-13
9134.2  1.665867E-13
9137.1  1.693791E-13
9140.  1.738390E-13
9142.9  1.768272E-13
9145.8  1.758309E-13
9148.7  1.716964E-13
9151.6  1.665222E-13
9154.5  1.639926E-13
9157.4  1.655960E-13
9160.3  1.693866E-13
9163.2  1.729068E-13
9166.1  1.734525E-13
9169.  1.708077E-13
9171.9  1.664683E-13
9174.8  1.627413E-13
9177.7  1.618192E-13
9180.6  1.632075E-13
9183.5  1.655024E-13
9186.4  1.667031E-13
9189.3  1.657753E-13
9192.2  1.645425E-13
9195.1  1.642351E-13
9198.  1.647092E-13
9200.9  1.653590E-13
9203.8  1.650696E-13
9206.7  1.635772E-13
9209.6  1.612549E-13
9212.5  1.588161E-13
9215.4  1.570302E-13
9218.3  1.558235E-13
9221.2  1.548465E-13
9224.1  1.535286E-13
9227.  1.517185E-13
9229.9  1.506295E-13
9232.8  1.509766E-13
9235.7  1.523142E-13
9238.6  1.542236E-13
9241.5  1.563939E-13
9244.4  1.582162E-13
9247.3  1.589763E-13
9250.2  1.589043E-13
9253.1  1.587029E-13
9256.  1.586455E-13
9258.9  1.589341E-13
9261.8  1.603375E-13
9264.7  1.630990E-13
9267.6  1.657156E-13
9270.5  1.669936E-13
9273.4  1.667300E-13
9276.3  1.654093E-13
9279.2  1.643246E-13
9282.1  1.642241E-13
9285.  1.653077E-13
9287.9  1.667588E-13
9290.8  1.673122E-13
9293.7  1.667813E-13
9296.6  1.655148E-13
9299.5  1.646526E-13
9302.4  1.651179E-13
9305.3  1.664042E-13
9308.2  1.677951E-13
9311.1  1.687612E-13
9314.  1.685867E-13
9316.9  1.660676E-13
9319.8  1.629629E-13
9322.7  1.635722E-13
9325.6  1.675035E-13
9328.5  1.716875E-13
9331.4  1.720744E-13
9334.3  1.654896E-13
9337.2  1.570883E-13
9340.1  1.528285E-13
9343.  1.532816E-13
9345.9  1.572933E-13
9348.8  1.616704E-13
9351.7  1.635299E-13
9354.6  1.605794E-13
9357.5  1.559998E-13
9360.4  1.590030E-13
9363.3  1.658203E-13
9366.2  1.647158E-13
9369.1  1.576225E-13
9372.  1.515342E-13
9374.9  1.466006E-13
9377.8  1.420505E-13
9380.7  1.400366E-13
9383.6  1.419822E-13
9386.5  1.469768E-13
9389.4  1.533281E-13
9392.3  1.586402E-13
9395.2  1.610356E-13
9398.1  1.593511E-13
9401.  1.553210E-13
9403.9  1.527715E-13
9406.8  1.518409E-13
9409.7  1.509859E-13
9412.6  1.517057E-13
9415.5  1.553641E-13
9418.4  1.585435E-13
9421.3  1.583421E-13
9424.2  1.556411E-13
9427.1  1.527554E-13
9430.  1.548978E-13
9432.9  1.607190E-13
9435.8  1.595710E-13
9438.7  1.519810E-13
9441.6  1.473816E-13
9444.5  1.487558E-13
9447.4  1.555076E-13
9450.3  1.614362E-13
9453.2  1.599784E-13
9456.1  1.555855E-13
9459.  1.537930E-13
9461.9  1.553967E-13
9464.8  1.594065E-13
9467.7  1.616076E-13
9470.6  1.601224E-13
9473.5  1.571352E-13
9476.4  1.543676E-13
9479.3  1.528377E-13
9482.2  1.544004E-13
9485.1  1.607755E-13
9488.  1.669613E-13
9490.9  1.665957E-13
9493.8  1.593516E-13
9496.7  1.480125E-13
9499.6  1.417879E-13
9502.5  1.461633E-13
9505.4  1.547553E-13
9508.3  1.616365E-13
9511.2  1.634649E-13
9514.1  1.596994E-13
9517.  1.530065E-13
9519.9  1.471982E-13
9522.8  1.464100E-13
9525.7  1.490763E-13
9528.6  1.512980E-13
9531.5  1.529547E-13
9534.4  1.544291E-13
9537.3  1.538857E-13
9540.2  1.503182E-13
9543.1  1.452312E-13
9546.  1.406504E-13
9548.9  1.391530E-13
9551.8  1.408644E-13
9554.7  1.429685E-13
9557.6  1.440690E-13
9560.5  1.439147E-13
9563.4  1.435713E-13
9566.3  1.446347E-13
9569.2  1.476442E-13
9572.1  1.523085E-13
9575.  1.557258E-13
9577.9  1.557742E-13
9580.8  1.547811E-13
9583.7  1.540711E-13
9586.6  1.515212E-13
9589.5  1.476677E-13
9592.4  1.465755E-13
9595.3  1.486575E-13
9598.2  1.514768E-13
9601.1  1.527755E-13
9604.  1.506393E-13
9606.9  1.482856E-13
9609.8  1.496664E-13
9612.7  1.516875E-13
9615.6  1.509887E-13
9618.5  1.482685E-13
9621.4  1.450962E-13
9624.3  1.442136E-13
9627.2  1.463261E-13
9630.1  1.489865E-13
9633.  1.502312E-13
9635.9  1.486026E-13
9638.8  1.457672E-13
9641.7  1.451123E-13
9644.6  1.462058E-13
9647.5  1.472892E-13
9650.4  1.484402E-13
9653.3  1.496693E-13
9656.2  1.488406E-13
9659.1  1.453306E-13
9662.  1.430190E-13
9664.9  1.437112E-13
9667.8  1.451556E-13
9670.7  1.464202E-13
9673.6  1.480774E-13
9676.5  1.491771E-13
9679.4  1.480122E-13
9682.3  1.462772E-13
9685.2  1.466423E-13
9688.1  1.473299E-13
9691.  1.461928E-13
9693.9  1.450103E-13
9696.8  1.452839E-13
9699.7  1.460783E-13
9702.6  1.467224E-13
9705.5  1.473589E-13
9708.4  1.478322E-13
9711.3  1.476481E-13
9714.2  1.472265E-13
9717.1  1.475929E-13
9720.  1.484439E-13
9722.9  1.489003E-13
9725.8  1.488839E-13
9728.7  1.484876E-13
9731.6  1.472272E-13
9734.5  1.450144E-13
9737.4  1.431376E-13
9740.3  1.425673E-13
9743.2  1.434328E-13
9746.1  1.450575E-13
9749.  1.457825E-13
9751.9  1.451123E-13
9754.8  1.435920E-13
9757.7  1.420702E-13
9760.6  1.414953E-13
9763.5  1.419876E-13
9766.4  1.432388E-13
9769.3  1.446330E-13
9772.2  1.455277E-13
9775.1  1.453737E-13
9778.  1.442911E-13
9780.9  1.439272E-13
9783.8  1.447175E-13
9786.7  1.451255E-13
9789.6  1.446201E-13
9792.5  1.436237E-13
9795.4  1.424572E-13
9798.3  1.414310E-13
9801.2  1.409704E-13
9804.1  1.413809E-13
9807.  1.423319E-13
9809.9  1.432816E-13
9812.8  1.435634E-13
9815.7  1.428270E-13
9818.6  1.414292E-13
9821.5  1.400897E-13
9824.4  1.400298E-13
9827.3  1.412172E-13
9830.2  1.422471E-13
9833.1  1.427659E-13
9836.  1.431001E-13
9838.9  1.431110E-13
9841.8  1.425866E-13
9844.7  1.414151E-13
9847.6  1.397282E-13
9850.5  1.388066E-13
9853.4  1.393825E-13
9856.3  1.400767E-13
9859.2  1.400441E-13
9862.1  1.397970E-13
9865.  1.396387E-13
9867.9  1.396555E-13
9870.8  1.397541E-13
9873.7  1.396407E-13
9876.6  1.397793E-13
9879.5  1.408249E-13
9882.4  1.417182E-13
9885.3  1.412252E-13
9888.2  1.396104E-13
9891.1  1.376164E-13
9894.  1.366611E-13
9896.9  1.373115E-13
9899.8  1.382185E-13
9902.7  1.384624E-13
9905.6  1.377790E-13
9908.5  1.368119E-13
9911.4  1.369804E-13
9914.3  1.379860E-13
9917.2  1.386808E-13
9920.1  1.389569E-13
9923.  1.390415E-13
9925.9  1.391592E-13
9928.8  1.395250E-13
9931.7  1.403056E-13
9934.6  1.413197E-13
9937.5  1.415748E-13
9940.4  1.408683E-13
9943.3  1.402067E-13
9946.2  1.401734E-13
9949.1  1.409567E-13
9952.  1.418972E-13
9954.9  1.418872E-13
9957.8  1.411521E-13
9960.7  1.403723E-13
9963.6  1.396981E-13
9966.5  1.391330E-13
9969.4  1.382624E-13
9972.3  1.370900E-13
9975.2  1.370429E-13
9978.1  1.383612E-13
9981.  1.391736E-13
9983.9  1.388355E-13
9986.8  1.380090E-13
9989.7  1.372914E-13
9992.6  1.372446E-13
9995.5  1.376075E-13
9998.4  1.377657E-13
10001.3  1.375440E-13
10004.2  1.368938E-13
10007.1  1.356141E-13
10010.  1.338605E-13
10012.9  1.327667E-13
10015.8  1.329419E-13
10018.7  1.339487E-13
10021.6  1.350472E-13
10024.5  1.351940E-13
10027.4  1.344591E-13
10030.3  1.337305E-13
10033.2  1.336942E-13
10036.1  1.347816E-13
10039.  1.359023E-13
10041.9  1.357520E-13
10044.8  1.342393E-13
10047.7  1.318740E-13
10050.6  1.303423E-13
10053.5  1.304917E-13
10056.4  1.311391E-13
10059.3  1.314065E-13
10062.2  1.309098E-13
10065.1  1.300227E-13
10068.  1.298214E-13
10070.9  1.298256E-13
10073.8  1.288553E-13
10076.7  1.275283E-13
10079.6  1.268479E-13
10082.5  1.263406E-13
10085.4  1.255833E-13
10088.3  1.254184E-13
10091.2  1.263286E-13
10094.1  1.278125E-13
10097.  1.291809E-13
10099.9  1.294953E-13
10102.8  1.289778E-13
10105.7  1.289211E-13
10108.6  1.297005E-13
10111.5  1.311163E-13
10114.4  1.322163E-13
10117.3  1.319872E-13
10120.2  1.310038E-13
10123.1  1.302018E-13
10126.  1.305370E-13
10128.9  1.321515E-13
10131.8  1.328967E-13
10134.7  1.321153E-13
10137.6  1.319386E-13
10140.5  1.331037E-13
10143.4  1.349462E-13
10146.3  1.361711E-13
10149.2  1.351458E-13
10152.1  1.329463E-13
10155.  1.316357E-13
10157.9  1.312870E-13
10160.8  1.314875E-13
10163.7  1.323093E-13
10166.6  1.334716E-13
10169.5  1.336712E-13
10172.4  1.323971E-13
10175.3  1.306718E-13
10178.2  1.293875E-13
10181.1  1.291768E-13
10184.  1.299970E-13
10186.9  1.312571E-13
10189.8  1.322060E-13
10192.7  1.321574E-13
10195.6  1.315883E-13
10198.5  1.312646E-13
10201.4  1.315139E-13
10204.3  1.323134E-13
10207.2  1.326228E-13
10210.1  1.320620E-13
10213.  1.320914E-13
10215.9  1.326086E-13
10218.8  1.311967E-13
10221.7  1.286405E-13
10224.6  1.282371E-13
10227.5  1.297676E-13
10230.4  1.312801E-13
10233.3  1.320715E-13
10236.2  1.319136E-13
10239.1  1.311891E-13
10242.  1.304561E-13
10244.9  1.301185E-13
10247.8  1.303414E-13
10250.7  1.308518E-13
10253.6  1.311704E-13
10256.5  1.304673E-13
10259.4  1.293097E-13
10262.3  1.296561E-13
10265.2  1.304728E-13
10268.1  1.292273E-13
10271.  1.273201E-13
10273.9  1.272154E-13
10276.8  1.296535E-13
10279.7  1.341192E-13
10282.6  1.364030E-13
10285.5  1.339670E-13
10288.4  1.299040E-13
10291.3  1.267995E-13
10294.2  1.257438E-13
10297.1  1.263035E-13
10300.  1.261329E-13
10302.9  1.256946E-13
10305.8  1.272602E-13
10308.7  1.282478E-13
10311.6  1.249384E-13
10314.5  1.203797E-13
10317.4  1.185381E-13
10320.3  1.192397E-13
10323.2  1.215945E-13
10326.1  1.248676E-13
10329.  1.275980E-13
10331.9  1.269235E-13
10334.8  1.238208E-13
10337.7  1.240546E-13
10340.6  1.265681E-13
10343.5  1.255534E-13
10346.4  1.215918E-13
10349.3  1.180035E-13
10352.2  1.174375E-13
10355.1  1.214347E-13
10358.  1.260152E-13
10360.9  1.277370E-13
10363.8  1.293163E-13
10366.7  1.316368E-13
10369.6  1.301014E-13
10372.5  1.249906E-13
10375.4  1.233405E-13
10378.3  1.252150E-13
10381.2  1.249730E-13
10384.1  1.234637E-13
10387.  1.243870E-13
10389.9  1.262277E-13
10392.8  1.263849E-13
10395.7  1.251422E-13
10398.6  1.234873E-13
10401.5  1.237512E-13
10404.4  1.259772E-13
10407.3  1.235490E-13
10410.2  1.165843E-13
10413.1  1.160682E-13
10416.  1.226009E-13
10418.9  1.271675E-13
10421.8  1.278133E-13
10424.7  1.265088E-13
10427.6  1.239976E-13
10430.5  1.209661E-13
10433.4  1.176860E-13
10436.3  1.146744E-13
10439.2  1.146173E-13
10442.1  1.185067E-13
10445.  1.225804E-13
10447.9  1.242860E-13
10450.8  1.237579E-13
10453.7  1.216563E-13
10456.6  1.190979E-13
10459.5  1.180095E-13
10462.4  1.204893E-13
10465.3  1.244787E-13
10468.2  1.264376E-13
10471.1  1.260748E-13
10474.  1.239985E-13
10476.9  1.194634E-13
10479.8  1.135287E-13
10482.7  1.131735E-13
10485.6  1.202344E-13
10488.5  1.263838E-13
10491.4  1.272068E-13
10494.3  1.234611E-13
10497.2  1.169900E-13
10500.1  1.105277E-13
10503.  1.080466E-13
10505.9  1.130252E-13
10508.8  1.193554E-13
10511.7  1.199237E-13
10514.6  1.192042E-13
10517.5  1.216149E-13
10520.4  1.242746E-13
10523.3  1.253465E-13
10526.2  1.263951E-13
10529.1  1.273440E-13
10532.  1.258203E-13
10534.9  1.229817E-13
10537.8  1.225531E-13
10540.7  1.251407E-13
10543.6  1.296345E-13
10546.5  1.306585E-13
10549.4  1.233643E-13
10552.3  1.160279E-13
10555.2  1.162020E-13
10558.1  1.181318E-13
10561.  1.172893E-13
10563.9  1.153199E-13
10566.8  1.139293E-13
10569.7  1.151952E-13
10572.6  1.179482E-13
10575.5  1.174487E-13
10578.4  1.171385E-13
10581.3  1.245364E-13
10584.2  1.315190E-13
10587.1  1.267747E-13
10590.  1.168745E-13
10592.9  1.108242E-13
10595.8  1.111986E-13
10598.7  1.168080E-13
10601.6  1.176968E-13
10604.5  1.112384E-13
10607.4  1.088902E-13
10610.3  1.128526E-13
10613.2  1.156128E-13
10616.1  1.147971E-13
10619.  1.109950E-13
10621.9  1.093525E-13
10624.8  1.157821E-13
10627.7  1.224304E-13
10630.6  1.209370E-13
10633.5  1.196745E-13
10636.4  1.246624E-13
10639.3  1.269827E-13
10642.2  1.228945E-13
10645.1  1.203182E-13
10648.  1.211627E-13
10650.9  1.201535E-13
10653.8  1.166837E-13
10656.7  1.132275E-13
10659.6  1.115015E-13
10662.5  1.126571E-13
10665.4  1.160839E-13
10668.3  1.201414E-13
10671.2  1.214019E-13
10674.1  1.174390E-13
10677.  1.092783E-13
10679.9  9.988906E-14
10682.8  9.433182E-14
10685.7  9.714014E-14
10688.6  1.126080E-13
10691.5  1.323004E-13
10694.4  1.380088E-13
10697.3  1.299851E-13
10700.2  1.183694E-13
10703.1  1.093911E-13
10706.  1.073057E-13
10708.9  1.111740E-13
10711.8  1.178053E-13
10714.7  1.235505E-13
10717.6  1.237353E-13
10720.5  1.094854E-13
10723.4  8.696031E-14
10726.3  8.525854E-14
10729.2  1.058893E-13
10732.1  1.243824E-13
10735.  1.331233E-13
10737.9  1.342725E-13
10740.8  1.290926E-13
10743.7  1.201354E-13
10746.6  1.117757E-13
10749.5  1.084486E-13
10752.4  1.164450E-13
10755.3  1.346537E-13
10758.2  1.425477E-13
10761.1  1.322935E-13
10764.  1.193243E-13
10766.9  1.124478E-13
10769.8  1.138328E-13
10772.7  1.159473E-13
10775.6  1.050069E-13
10778.5  9.190884E-14
10781.4  9.495414E-14
10784.3  1.092512E-13
10787.2  1.239281E-13
10790.1  1.271363E-13
10793.  1.142308E-13
10795.9  1.019728E-13
10798.8  1.027260E-13
10801.7  1.177825E-13
10804.6  1.382111E-13
10807.5  1.426928E-13
10810.4  1.325800E-13
10813.3  1.259261E-13
10816.2  1.269351E-13
10819.1  1.334585E-13
10822.  1.376661E-13
10824.9  1.327912E-13
10827.8  1.339964E-13
10830.7  1.510886E-13
10833.6  1.616641E-13
10836.5  1.546518E-13
10839.4  1.499298E-13
10842.3  1.522283E-13
10845.2  1.447278E-13
10848.1  1.270014E-13
10851.  1.114023E-13
10853.9  9.999776E-14
10856.8  9.018230E-14
10859.7  8.482983E-14
10862.6  8.708659E-14
10865.5  9.661881E-14
10868.4  1.101739E-13
10871.3  1.157874E-13
10874.2  1.083940E-13
10877.1  1.028038E-13
10880.  1.018506E-13
10882.9  8.701416E-14
10885.8  6.420407E-14
10888.7  6.145370E-14
10891.6  7.427862E-14
10894.5  8.118364E-14
10897.4  7.712661E-14
10900.3  6.496445E-14
10903.2  6.866227E-14
10906.1  1.061794E-13
10909.  1.505249E-13
10911.9  1.761587E-13
10914.8  1.767524E-13
10917.7  1.587265E-13
10920.6  1.527365E-13
10923.5  1.503696E-13
10926.4  9.621732E-14
10929.3  3.299989E-14
10932.2  6.099142E-14
10935.1  1.250589E-13
10938.  1.207020E-13
10940.9  7.885083E-14
10943.8  5.472063E-14
10946.7  5.488749E-14
10949.6  7.421682E-14
10952.5  8.660540E-14
10955.4  8.080994E-14
10958.3  8.131186E-14
10961.2  9.283866E-14
10964.1  9.582497E-14
10967.  8.804674E-14
10969.9  7.880168E-14
10972.8  7.343059E-14
10975.7  7.522487E-14
10978.6  7.674149E-14
10981.5  7.008925E-14
10984.4  6.740701E-14
10987.3  7.691330E-14
10990.2  8.170866E-14
10993.1  7.255081E-14
10996.  6.055862E-14
10998.9  5.265562E-14
