 -15.0  5.875  
 -14.9  5.793  
 -14.8  5.712  
 -14.7  5.632  
 -14.6  5.553  
 -14.5  5.474  
 -14.4  5.397  
 -14.3  5.320  
 -14.2  5.244  
 -14.1  5.169  
 -14.0  5.094  
 -13.9  5.019  
 -13.8  4.945  
 -13.7  4.872  
 -13.6  4.799  
 -13.5  4.726  
 -13.4  4.654  
 -13.3  4.582  
 -13.2  4.510  
 -13.1  4.438  
 -13.0  4.367  
 -12.9  4.296  
 -12.8  4.225  
 -12.7  4.155  
 -12.6  4.084  
 -12.5  4.014  
 -12.4  3.944  
 -12.3  3.874  
 -12.2  3.805  
 -12.1  3.736  
 -12.0  3.667  
 -11.9  3.598  
 -11.8  3.529  
 -11.7  3.461  
 -11.6  3.393  
 -11.5  3.325  
 -11.4  3.258  
 -11.3  3.191  
 -11.2  3.124  
 -11.1  3.058  
 -11.0  2.992  
 -10.9  2.926  
 -10.8  2.861  
 -10.7  2.796  
 -10.6  2.732  
 -10.5  2.668  
 -10.4  2.605  
 -10.3  2.542  
 -10.2  2.479  
 -10.1  2.418  
 -10.0  2.357  
  -9.9  2.296  
  -9.8  2.236  
  -9.7  2.177  
  -9.6  2.118  
  -9.5  2.061  
  -9.4  2.003  
  -9.3  1.947  
  -9.2  1.891  
  -9.1  1.836  
  -9.0  1.782  
  -8.9  1.729  
  -8.8  1.676  
  -8.7  1.625  
  -8.6  1.574  
  -8.5  1.524  
  -8.4  1.475  
  -8.3  1.427  
  -8.2  1.380  
  -8.1  1.333  
  -8.0  1.288  
  -7.9  1.244  
  -7.8  1.200  
  -7.7  1.158  
  -7.6  1.116  
  -7.5  1.076  
  -7.4  1.036  
  -7.3  0.997  
  -7.2  0.960  
  -7.1  0.923  
  -7.0  0.887  
  -6.9  0.853  
  -6.8  0.819  
  -6.7  0.786  
  -6.6  0.755  
  -6.5  0.724  
  -6.4  0.694  
  -6.3  0.665  
  -6.2  0.637  
  -6.1  0.610  
  -6.0  0.584  
  -5.9  0.559  
  -5.8  0.534  
  -5.7  0.511  
  -5.6  0.488  
  -5.5  0.467  
  -5.4  0.446  
  -5.3  0.426  
  -5.2  0.406  
  -5.1  0.388  
  -5.0  0.370  
  -4.9  0.353  
  -4.8  0.337  
  -4.7  0.321  
  -4.6  0.306  
  -4.5  0.292  
  -4.4  0.278  
  -4.3  0.265  
  -4.2  0.253  
  -4.1  0.241  
  -4.0  0.230  
  -3.9  0.219  
  -3.8  0.209  
  -3.7  0.199  
  -3.6  0.189  
  -3.5  0.180  
  -3.4  0.171  
  -3.3  0.163  
  -3.2  0.155  
  -3.1  0.145  
  -3.0  0.132  
  -2.9  0.123  
  -2.8  0.114  
  -2.7  0.106  
  -2.6  0.098  
  -2.5  0.090  
  -2.4  0.083  
  -2.3  0.076  
  -2.2  0.069  
  -2.1  0.062  
  -2.0  0.056  
  -1.9  0.051  
  -1.8  0.045  
  -1.7  0.040  
  -1.6  0.036  
  -1.5  0.031  
  -1.4  0.027  
  -1.3  0.023  
  -1.2  0.020  
  -1.1  0.017  
  -1.0  0.014  
  -0.9  0.011  
  -0.8  0.009  
  -0.7  0.007  
  -0.6  0.005  
  -0.5  0.003  
  -0.4  0.002  
  -0.3  0.001  
  -0.2  0.001  
  -0.1  0.000  
   0.0  0.000  
   0.1  0.000  
   0.2  0.001  
   0.3  0.001  
   0.4  0.002  
   0.5  0.003  
   0.6  0.005  
   0.7  0.006  
   0.8  0.008  
   0.9  0.010  
   1.0  0.013  
   1.1  0.015  
   1.2  0.018  
   1.3  0.021  
   1.4  0.024  
   1.5  0.027  
   1.6  0.031  
   1.7  0.035  
   1.8  0.039  
   1.9  0.043  
   2.0  0.047  
   2.0  0.047  
   2.1  0.052  
   2.2  0.057  
   2.3  0.062  
   2.4  0.068  
   2.5  0.074  
   2.6  0.080  
   2.7  0.086  
   2.8  0.092  
   2.9  0.099  
   3.0  0.106  
   3.1  0.113  
   3.2  0.120  
   3.3  0.127  
   3.4  0.135  
   3.5  0.142  
   3.6  0.150  
   3.7  0.158  
   3.8  0.166  
   3.9  0.174  
   4.0  0.183  
   4.1  0.192  
   4.2  0.200  
   4.3  0.209  
   4.4  0.218  
   4.5  0.227  
   4.6  0.237  
   4.7  0.246  
   4.8  0.256  
   4.9  0.265  
   5.0  0.275  
   5.1  0.285  
   5.2  0.295  
   5.3  0.305  
   5.4  0.315  
   5.5  0.326  
   5.6  0.336  
   5.7  0.347  
   5.8  0.358  
   5.9  0.368  
   6.0  0.379  
   6.1  0.390  
   6.2  0.401  
   6.3  0.413  
   6.4  0.424  
   6.5  0.435  
   6.6  0.447  
   6.7  0.458  
   6.8  0.470  
   6.9  0.482  
   7.0  0.493  
   7.1  0.505  
   7.2  0.517  
   7.3  0.529  
   7.4  0.541  
   7.5  0.553  
   7.6  0.565  
   7.7  0.578  
   7.8  0.590  
   7.9  0.602  
   8.0  0.615  
   8.1  0.627  
   8.2  0.640  
   8.3  0.652  
   8.4  0.665  
   8.5  0.677  
   8.6  0.690  
   8.7  0.703  
   8.8  0.716  
   8.9  0.728  
   9.0  0.741  
   9.1  0.754  
   9.2  0.767  
   9.3  0.780  
   9.4  0.793  
   9.5  0.806  
   9.6  0.819  
   9.7  0.832  
   9.8  0.845  
   9.9  0.858  
  10.0  0.871  
  10.1  0.885  
  10.2  0.898  
  10.3  0.911  
  10.4  0.924  
  10.5  0.937  
  10.6  0.951  
  10.7  0.964  
  10.8  0.977  
  10.9  0.990  
  11.0  1.004  
  11.1  1.017  
  11.2  1.030  
  11.3  1.044  
  11.4  1.057  
  11.5  1.070  
  11.6  1.083  
  11.7  1.097  
  11.8  1.110  
  11.9  1.123  
  12.0  1.137  
  12.1  1.150  
  12.2  1.163  
  12.3  1.176  
  12.4  1.190  
  12.5  1.203  
  12.6  1.216  
  12.7  1.229  
  12.8  1.243  
  12.9  1.256  
  13.0  1.269  
  13.1  1.282  
  13.2  1.295  
  13.3  1.308  
  13.4  1.322  
  13.5  1.335  
  13.6  1.348  
  13.7  1.361  
  13.8  1.374  
  13.9  1.387  
  14.0  1.400  
  14.1  1.413  
  14.2  1.426  
  14.3  1.439  
  14.4  1.452  
  14.5  1.465  
  14.6  1.477  
  14.7  1.490  
  14.8  1.503  
  14.9  1.516  
  15.0  1.529  
  15.1  1.541  
  15.2  1.554  
  15.3  1.567  
  15.4  1.579  
  15.5  1.592  
  15.6  1.604  
  15.7  1.617  
  15.8  1.629  
  15.9  1.642  
  16.0  1.654  
  16.1  1.666  
  16.2  1.679  
  16.3  1.691  
  16.4  1.703  
  16.5  1.716  
  16.6  1.728  
  16.7  1.740  
  16.8  1.752  
  16.9  1.764  
  17.0  1.776  
  17.1  1.788  
  17.2  1.800  
  17.3  1.812  
  17.4  1.824  
  17.5  1.836  
  17.6  1.847  
  17.7  1.859  
  17.8  1.871  
  17.9  1.883  
  18.0  1.894  
  18.1  1.906  
  18.2  1.917  
  18.3  1.929  
  18.4  1.940  
  18.5  1.951  
  18.6  1.963  
  18.7  1.974  
  18.8  1.985  
  18.9  1.997  
  19.0  2.008  
  19.1  2.019  
  19.2  2.030  
  19.3  2.041  
  19.4  2.052  
  19.5  2.063  
  19.6  2.074  
  19.7  2.085  
  19.8  2.095  
  19.9  2.106  
  20.0  2.117  
  20.1  2.127  
  20.2  2.138  
  20.3  2.149  
  20.4  2.159  
  20.5  2.170  
  20.6  2.180  
  20.7  2.190  
  20.8  2.201  
  20.9  2.211  
  21.0  2.221  
  21.1  2.231  
  21.2  2.241  
  21.3  2.251  
  21.4  2.261  
  21.5  2.271  
  21.6  2.281  
  21.7  2.291  
  21.8  2.301  
  21.9  2.311  
  22.0  2.321  
  22.1  2.330  
  22.2  2.340  
  22.3  2.349  
  22.4  2.359  
  22.5  2.368  
  22.6  2.378  
  22.7  2.387  
  22.8  2.397  
  22.9  2.406  
  23.0  2.415  
  23.1  2.424  
  23.2  2.433  
  23.3  2.442  
  23.4  2.452  
  23.5  2.461  
  23.6  2.469  
  23.7  2.478  
  23.8  2.487  
  23.9  2.496  
  24.0  2.505  
  24.1  2.513  
  24.2  2.522  
  24.3  2.531  
  24.4  2.539  
  24.5  2.548  
  24.6  2.556  
  24.7  2.565  
  24.8  2.573  
  24.9  2.581  
  25.0  2.590  
  25.1  2.598  
  25.2  2.606  
  25.3  2.614  
  25.4  2.622  
  25.5  2.630  
  25.6  2.638  
  25.7  2.646  
  25.8  2.654  
  25.9  2.662  
  26.0  2.670  
  26.1  2.678  
  26.2  2.685  
  26.3  2.693  
  26.4  2.701  
  26.5  2.708  
  26.6  2.716  
  26.7  2.723  
  26.8  2.731  
  26.9  2.738  
  27.0  2.746  
  27.1  2.753  
  27.2  2.760  
  27.3  2.767  
  27.4  2.775  
  27.5  2.782  
  27.6  2.789  
  27.7  2.796  
  27.8  2.803  
  27.9  2.810  
  28.0  2.817  
  28.1  2.824  
  28.2  2.831  
  28.3  2.838  
  28.4  2.844  
  28.5  2.851  
  28.6  2.858  
  28.7  2.864  
  28.8  2.871  
  28.9  2.878  
  29.0  2.884  
  29.1  2.891  
  29.2  2.897  
  29.3  2.903  
  29.4  2.910  
  29.5  2.916  
  29.6  2.922  
  29.7  2.929  
  29.8  2.935  
  29.9  2.941  
  30.0  2.947  
  30.1  2.953  
  30.2  2.959  
  30.3  2.965  
  30.4  2.971  
  30.5  2.977  
  30.6  2.983  
  30.7  2.989  
  30.8  2.995  
  30.9  3.001  
  31.0  3.007  
  31.1  3.012  
  31.2  3.018  
  31.3  3.024  
  31.4  3.029  
  31.5  3.035  
  31.6  3.040  
  31.7  3.046  
  31.8  3.051  
  31.9  3.057  
  32.0  3.062  
  32.1  3.068  
  32.2  3.073  
  32.3  3.078  
  32.4  3.084  
  32.5  3.089  
  32.6  3.094  
  32.7  3.099  
  32.8  3.105  
  32.9  3.110  
  33.0  3.115  
  33.1  3.120  
  33.2  3.125  
  33.3  3.130  
  33.4  3.135  
  33.5  3.140  
  33.6  3.145  
  33.7  3.150  
  33.8  3.154  
  33.9  3.159  
  34.0  3.164  
  34.1  3.169  
  34.2  3.173  
  34.3  3.178  
  34.4  3.183  
  34.5  3.188  
  34.6  3.192  
  34.7  3.197  
  34.8  3.201  
  34.9  3.206  
  35.0  3.210  
  35.1  3.215  
  35.2  3.219  
  35.3  3.224  
  35.4  3.228  
  35.5  3.232  
  35.6  3.237  
  35.7  3.241  
  35.8  3.245  
  35.9  3.250  
  36.0  3.254  
  36.1  3.258  
  36.2  3.262  
  36.3  3.266  
  36.4  3.271  
  36.5  3.275  
  36.6  3.279  
  36.7  3.283  
  36.8  3.287  
  36.9  3.291  
  37.0  3.295  
  37.1  3.299  
  37.2  3.303  
  37.3  3.307  
  37.4  3.311  
  37.5  3.315  
  37.6  3.318  
  37.7  3.322  
  37.8  3.326  
  37.9  3.330  
  38.0  3.334  
  38.1  3.337  
  38.2  3.341  
  38.3  3.345  
  38.4  3.349  
  38.5  3.352  
  38.6  3.356  
  38.7  3.359  
  38.8  3.363  
  38.9  3.367  
  39.0  3.370  
  39.1  3.374  
  39.2  3.377  
  39.3  3.381  
  39.4  3.384  
  39.5  3.388  
  39.6  3.391  
  39.7  3.395  
  39.8  3.398  
  39.9  3.402  
  40.0  3.405  
  40.1  3.408  
  40.2  3.412  
  40.3  3.415  
  40.4  3.418  
  40.5  3.422  
  40.6  3.425  
  40.7  3.428  
  40.8  3.431  
  40.9  3.435  
  41.0  3.438  
  41.1  3.441  
  41.2  3.444  
  41.3  3.447  
  41.4  3.451  
  41.5  3.454  
  41.6  3.457  
  41.7  3.460  
  41.8  3.463  
  41.9  3.466  
  42.0  3.469  
  42.1  3.472  
  42.2  3.475  
  42.3  3.479  
  42.4  3.482  
  42.5  3.485  
  42.6  3.488  
  42.7  3.491  
  42.8  3.494  
  42.9  3.497  
  43.0  3.499  
  43.1  3.502  
  43.2  3.505  
  43.3  3.508  
  43.4  3.511  
  43.5  3.514  
  43.6  3.517  
  43.7  3.520  
  43.8  3.523  
  43.9  3.526  
  44.0  3.529  
  44.1  3.531  
  44.2  3.534  
  44.3  3.537  
  44.4  3.540  
  44.5  3.543  
  44.6  3.546  
  44.7  3.548  
  44.8  3.551  
  44.9  3.554  
  45.0  3.557  
  45.1  3.560  
  45.2  3.563  
  45.3  3.565  
  45.4  3.568  
  45.5  3.571  
  45.6  3.574  
  45.7  3.576  
  45.8  3.579  
  45.9  3.582  
  46.0  3.585  
  46.1  3.587  
  46.2  3.590  
  46.3  3.593  
  46.4  3.596  
  46.5  3.598  
  46.6  3.601  
  46.7  3.604  
  46.8  3.607  
  46.9  3.609  
  47.0  3.612  
  47.1  3.615  
  47.2  3.618  
  47.3  3.620  
  47.4  3.623  
  47.5  3.626  
  47.6  3.629  
  47.7  3.632  
  47.8  3.634  
  47.9  3.637  
  48.0  3.640  
  48.1  3.643  
  48.2  3.645  
  48.3  3.648  
  48.4  3.651  
  48.5  3.654  
  48.6  3.657  
  48.7  3.659  
  48.8  3.662  
  48.9  3.665  
  49.0  3.668  
  49.1  3.671  
  49.2  3.674  
  49.3  3.677  
  49.4  3.679  
  49.5  3.682  
  49.6  3.685  
  49.7  3.688  
  49.8  3.691  
  49.9  3.694  
  50.0  3.697  
